0: 19,22,57,182,379,38,76,1235,134,69,25,1233,1238,1239,1237,72,14,62,17
1: 48,476,106,140,21,1210,1211,1209,1227,1229,5,35,1228,70,199,1203,1208,15,449,447,232,29
2: 103,413,135,3,83,74,338,1224,86,4,91,68,37,1241,1243
3: 262,465,168,6,26,61,1204,82,135,83,74,338,103,2,413,1224,86
4: 219,338,103,2,413,79,94,91,68,386,358,487,41,55
5: 1227,1229,35,1228,14,62,17,381,1207,21,1210,1211,30,1202,48,1,476,199,1203,1208,204
6: 465,168,369,234,185,64,262,26,61,1204,82,135,3,83,74
7: 91,68,37,1241,1243,1262,1260,1206,1242,1230,487,41,55,1205,10,51,1217,11,96,28,47,40,85,1212,1216,1218,16
8: 56,185,64,44,93,12,98,46,26,61,1204,82,33,9,66,83,74,1223,1244,1225,1248,1246,78
9: 33,66,44,93,12,98,46,173,56,8,67,1244,1248,78,23,42,95
10: 1205,51,37,1241,1243,1262,1260,1206,1242,1230,1232,1258,31,99,1234,1236,1231,7,63,49,85,1212,1216,1218,16,88,89
11: 1217,96,28,47,40,358,487,55,7,264,365,85,1212,1216,1218,419,1213,97,32,75,73,54,1215,1226
12: 93,98,46,80,179,463,384,216,44,173,56,8,33,9,66,67
13: 20,67,65,39,43,23,42,90,95,53,22,57,182,379
14: 38,76,1235,19,0,134,69,25,1233,1238,1239,1237,72,62,17,106,140,21,1210,1211,1209,1227,1229,5,35,1228
15: 60,84,70,48,1,476,24,50,416,449,447,225,81,220,433
16: 7,1205,10,51,63,49,85,1212,1216,1218,88,89,73,54,58,18,1215,1214,1226,45,59,60,84
17: 62,19,0,134,69,126,251,14,381,1207,21,1210,1211,1209,1227,1229,5,35,1228,30,1202
18: 73,54,58,1215,1214,1226,1217,85,1212,1216,1218,16,1213,97,45,59,124,361,129,355,27,164
19: 0,22,57,182,379,38,76,1235,134,69,25,1233,1238,1239,1237,72,14,62,17
20: 13,67,65,39,43,23,42,90,95,53,22,57,182,379
21: 1210,1211,1209,25,1233,1238,1239,1237,72,14,62,17,106,140,1227,1229,5,35,1228,70,1,476,199,1208
22: 78,23,42,90,95,13,20,1245,1247,92,1240,1222,1257,1259,1263,57,1232,1258,31,99,1234,1236,1231,38,76,1235,19,0
23: 42,90,95,33,9,66,67,65,78,13,20,1245,1247,92,1240,1222,1257,1259,1263,22,57
24: 50,416,45,59,60,84,70,355,27,164,15,290,225,220
25: 1233,1238,1239,1237,72,99,1234,1236,1231,38,76,1235,19,0,63,49,14,88,89,106,140,21,1210,1211,1209
26: 61,1204,82,77,234,185,64,44,465,168,6,56,8,3,83,74,1223,1244,1225,1248,1246
27: 355,164,73,54,58,18,1215,1214,1226,45,59,84,129,24,50,416,441,311,290,225
28: 1217,11,96,47,40,358,487,41,55,7,264,365,85,1212,1216,1218,419,1213,97,32,75,73,54,58,1215,1214,1226
29: 232,48,1,476,199,1203,1208,204,449,447
30: 1202,62,17,381,1207,352,1227,1229,5,35,1228,480,199,1203,1208,204
31: 1232,1258,99,1234,1236,1231,1261,1219,1250,1254,1220,1249,1253,1221,1255,1252,1251,1256,1245,1247,92,1240,1222,1257,1259,1263,22,1262,1260,1206,1242,1230,38,76,1235,1205,10,51,63,49,1233,1237,72
32: 1213,97,75,264,365,1217,11,96,28,47,40,85,1212,1216,1218,419,73,54,58,1215,1214,1226,104,124,361,129
33: 9,66,44,93,12,98,46,173,56,8,67,1223,1244,1225,1248,1246,78,23,42,90,95
34: 288,87,301,39,43,36,52
35: 1227,1229,5,1228,14,62,17,381,1207,21,1210,1211,30,1202,1,476,199,1203,1208,204
36: 52,87,301,34,39,43,53,130,284
37: 1241,1243,103,2,413,1224,86,1261,1219,1250,1254,1220,1249,1253,1221,1255,1252,1251,1256,91,68,1262,1260,1206,1242,1230,487,41,55,7,1205,10,51
38: 76,1235,1245,1247,92,1240,1222,1257,1259,1263,22,57,1232,1258,31,99,1234,1236,1231,19,0,63,49,25,1233,1238,1239,1237,72,14
39: 43,183,87,301,34,65,36,52,13,20,53,130
40: 1217,11,96,28,47,358,487,55,7,264,365,85,1212,1216,1218,419,1213,97,32,75,73,54,58,1215,1214,1226
41: 487,55,4,91,68,37,1241,1243,358,7,264,365,96,28,47,85
42: 23,90,95,33,9,66,67,65,78,13,20,1245,1247,92,1240,1222,1257,1259,1263,22,57
43: 39,183,87,301,34,65,36,52,13,20,53,130
44: 80,179,463,384,185,64,93,12,98,46,26,61,1204,82,56,8,33,9,66
45: 59,85,1212,1216,1218,16,88,89,73,54,58,18,1215,1214,1226,60,84,129,355,27,164,24,50,416
46: 93,12,98,179,463,384,216,44,173,56,8,33,9,66,67
47: 1217,11,96,28,40,358,487,41,55,7,264,365,85,1212,1216,1218,419,1213,97,32,75,73,54,58,1215,1214,1226
48: 1,476,106,140,1211,5,1228,70,199,1203,1208,15,449,447,232,29
49: 63,1262,1260,1206,1242,1230,1232,1258,31,99,1234,1236,1231,38,76,1235,1205,10,51,25,1233,1238,1239,1237,72,16,88,89,106,140
50: 24,416,45,59,60,84,70,355,27,164,15,290,225,81,220
51: 1205,10,37,1241,1243,1262,1260,1206,1242,1230,1232,1258,31,99,1234,1236,1231,7,63,49,85,1212,1216,1218,16,88,89
52: 36,301,39,43,53,130,284
53: 65,39,43,36,52,13,20,130,57,182,379,339
54: 73,58,18,1215,1214,1226,1217,11,28,47,40,85,1212,1216,1218,16,1213,97,32,75,45,59,124,361,129,355,27,164
55: 487,41,4,91,68,37,1241,1243,358,7,264,365,1217,11,96,28,47,40,85,1212,1216,1218
56: 8,185,64,44,93,12,98,46,26,61,1204,82,33,9,66,83,74,1223,1244,1225,1248,1246,78
57: 23,42,90,95,13,20,53,22,182,379,38,76,1235,19,0,134,69
58: 73,54,18,1215,1214,1226,1217,28,47,40,85,1212,1216,1218,16,1213,97,32,75,45,59,124,361,129,355,27,164
59: 45,85,1212,1216,16,88,89,73,54,58,18,1215,1214,1226,60,84,129,355,27,164,24,50,416
60: 84,16,88,89,106,140,45,59,70,355,164,24,50,416,15
61: 26,1204,82,234,185,64,44,465,168,6,56,8,3,83,74,1223,1225
62: 17,19,0,134,69,126,251,14,381,1207,21,1210,1211,1209,1227,1229,5,35,1228,30,1202
63: 49,1262,1260,1206,1242,1230,1232,1258,31,99,1234,1236,1231,38,76,1235,1205,10,51,25,1233,1238,1239,1237,72,16,88,89,106,140
64: 185,317,179,234,44,465,168,6,26,61,1204,82,56,8
65: 173,183,87,301,67,39,43,23,42,90,95,13,20,53
66: 33,9,44,93,12,98,46,173,56,8,67,1223,1244,1225,1248,1246,78,23,42,90,95
67: 93,12,98,46,173,183,33,9,66,65,78,23,42,90,95,13,20
68: 91,338,103,2,413,1224,86,4,37,1241,1243,358,487,41,55,7
69: 134,57,182,379,339,19,0,126,251,14,62,17,381,1207
70: 88,89,106,140,21,1210,1211,1209,60,84,48,1,476,24,50,416,15,449,447
71: 352,126,251,255,250,381,1207,480
72: 25,1233,1238,1239,1237,1232,1258,31,99,1234,1236,1231,38,76,1235,19,0,63,49,14,88,89,106,140,21,1210,1211,1209
73: 54,58,18,1215,1214,1226,1217,11,96,28,47,40,85,1212,1216,1218,16,1213,97,32,75,45,59,124,361,129,355,27,164
74: 83,465,168,6,26,61,1204,82,56,8,3,1223,1244,1225,1248,1246,103,2,413,1224,86,1261,1219,1250,1254,1220,1249,1253,1221,1255,1252,1251,1256
75: 1213,97,32,264,365,1217,11,96,28,47,40,85,1212,1216,1218,419,73,54,58,1215,1226,104,124,361,129
76: 38,1235,1245,1247,92,1240,1222,1257,1259,1263,22,57,1232,1258,31,99,1234,1236,1231,19,0,63,49,25,1233,1238,1239,1237,72,14
77: 234,296,317,369,185,262,465,168,26
78: 56,8,33,9,66,67,1223,1244,1225,1248,1246,23,42,90,95,1261,1219,1250,1254,1220,1249,1253,1221,1255,1252,1251,1256,1245,1247,92,1240,1222,1257,1259,1263,22
79: 94,163,219,338,4,229,386,358
80: 179,116,463,384,185,44,93,12
81: 220,50,416,15,449,447,225,433
82: 26,61,1204,234,185,64,44,465,168,6,56,8,3,83,74,1223
83: 74,465,168,6,26,61,1204,82,56,8,3,1223,1244,1225,1248,1246,103,2,413,1224,86,1261,1219,1250,1254,1220,1249,1253,1221,1255,1252,1251,1256
84: 60,16,88,89,106,140,45,59,70,355,27,164,24,50,416,15
85: 1212,1216,1218,487,41,55,7,1205,10,51,1217,11,96,28,47,40,16,1213,97,32,75,73,54,58,18,1215,1214,1226,45,59
86: 1224,3,83,74,1223,1244,1225,1248,1246,103,2,413,1261,1219,1250,1254,1220,1249,1253,1221,1255,1252,1251,1256,91,68,37,1241,1243,1262,1260,1206,1242,1230
87: 301,308,288,183,34,65,39,43,36
88: 89,1205,10,51,63,49,25,1233,1238,1239,1237,72,16,106,140,45,59,60,84,70
89: 88,1205,10,51,63,49,25,1233,1238,1239,1237,72,16,106,140,45,59,60,84,70
90: 23,42,95,33,66,67,65,78,13,20,1245,92,1222,22,57
91: 68,338,103,2,413,1224,86,4,37,1241,1243,358,487,41,55,7
92: 1245,1247,1240,1222,1257,1259,1263,1223,1244,1225,1248,1246,78,23,42,90,95,1261,1219,1250,1254,1220,1249,1253,1221,1255,1252,1251,1256,22,1262,1260,1206,1242,1230,1232,1258,31,99,1234,1236,1231,38,76,1235
93: 12,98,46,80,179,463,384,216,145,44,173,56,8,33,9,66,67
94: 79,163,219,338,4,229,386,358
95: 23,42,90,33,9,66,67,65,78,13,20,1245,1247,92,1240,1222,1257,1259,1263,22,57
96: 1217,11,28,47,40,358,487,41,55,7,264,365,85,1212,1216,1218,419,1213,32,75,73,1215,1226
97: 1213,32,75,264,365,1217,11,28,47,40,85,1212,1216,1218,419,73,54,58,18,1215,1214,1226,104,124,361,129
98: 93,12,46,179,463,384,216,145,44,173,56,8,33,9,66,67
99: 1232,1258,31,1234,1236,1231,1261,1220,1256,1245,1247,92,1240,1222,1257,1259,1263,22,1262,1260,1206,1230,38,76,1235,1205,10,51,63,49,25,1233,1238,1239,1237,72
100: 210,133,187,421,459,109,169
101: 306,263,420,247,246,395,281
102: 485,393,305,302,131,236
103: 2,413,135,3,83,74,338,1224,86,4,91,68,37,1241,1243
104: 419,1213,97,32,75,124,361
105: 263,420,142,119,166,189,143,443,306
106: 140,63,49,25,1233,1238,1239,1237,72,14,88,89,21,1210,1211,1209,60,84,70,48,1,476
107: 489,155,471,127,436,400,238,496,207
108: 387,362,227,349,202
109: 372,210,133,100,252,211,137
110: 460,439,391,380
111: 229,386,446,244
112: 367,187
113: 258,147,166,189,443,454,276,294
114: 248,157,272,478
115: 
116: 296,317,80,179
117: 241,298,412,292,437,195
118: 181,196,254
119: 425,299,403,166,189,263,105,142
120: 396,438,431,354,190,269
121: 458,280,238,207,360,261,331,201,385,275,218
122: 324,477,175,293,375,316
123: 184,247,246,281,230,439,461
124: 361,419,1213,97,32,75,73,54,58,18,1215,1214,1226,104,129,441,311
125: 482,212,486
126: 251,182,379,339,245,134,69,255,250,62,17,381,1207,352,71
127: 432,155,471,436,489,107
128: 208,415,451,428,248,327
129: 1213,97,32,75,73,54,58,18,1215,1214,1226,45,59,124,361,355,27,164,441,311,290
130: 39,43,36,52,53,284,182,379,339,245
131: 285,393,305,102,236,175
132: 367,221,192,389,161,314
133: 210,100,421,109,211
134: 69,57,182,379,339,19,0,126,251,14,62,17,381,1207
135: 191,262,465,168,6,267,427,3,219,338,103,2,413
136: 442,429,494
137: 495,109,252,211
138: 397,322,282
139: 277,442,494,200,170,323,398,445,186,149,464
140: 106,63,49,25,1233,1238,1239,1237,72,14,88,89,21,1210,1211,1209,60,84,70,48,1,476
141: 313,156,240,440,253,319,444
142: 263,420,105,119,166,143,306
143: 263,420,105,142,392,306
144: 332,235,328,473,270,406
145: 216,484,463,384,308,93,98,173,183
146: 154,366,376,176
147: 258,351,249,350,299,403,113
148: 395,281,461,233,374
149: 186,464,170,277,139,323,462,445,172,312
150: 418,256,326,321,448
151: 478
152: 452,158,483
153: 
154: 366,394,376,146
155: 471,460,432,455,380,127,107
156: 141,313,240,440,468,493,444
157: 335,451,248,114
158: 152,483,240,440,468
159: 370,469,279,426
160: 404,372,252,340
161: 314,389,132,346,378,223,333
162: 190,178,411,450,269,260
163: 267,427,219,79,94
164: 355,27,73,54,58,18,1215,1214,1226,45,59,60,84,129,24,50,416,441,311,290,225
165: 363,205,410,303,197
166: 189,403,119,113,263,420,105,142,443,276,294
167: 490,348,474,329
168: 465,6,369,77,234,185,64,262,26,61,1204,82,135,3,83,74
169: 459,210,100,224
170: 200,442,494,277,139,188,462,445,186,149
171: 410,303,197,429,203,423,278
172: 312,149,464,181,196,435,347,235,342,328,332
173: 463,384,216,145,308,93,12,98,46,183,33,9,66,67,65
174: 270,307,435,235,406,273,481
175: 236,305,477,285,131,122,324,375
176: 146,490
177: 291,377,409,483
178: 411,450,467,356,353,162
179: 80,116,463,384,185,64,44,93,12,98,46
180: 424,226,371,348
181: 196,118,172,312,254,328,332,475
182: 379,13,20,53,130,57,339,19,0,134,69,126,251
183: 216,145,308,288,173,87,301,67,65,39,43
184: 123,247,246,230,439,461
185: 64,296,317,80,179,77,234,44,465,168,6,26,61,1204,82,56,8
186: 149,464,200,170,277,139,323,462,445
187: 112,213,421,459,100
188: 200,170,462,445
189: 166,258,119,113,263,105,443,454,276,294
190: 353,356,120,396,411,450,162,269
191: 369,262,267,427,135
192: 389,297,221,132,367,314
193: 484
194: 331,422,357,198
195: 437,266,117,241,412,292,214
196: 181,118,172,312,254,328,332
197: 205,165,363,410,171,336,203,423
198: 422,194,357,256
199: 1203,1208,21,1210,1211,1209,1227,1229,5,35,1228,30,1202,48,1,476,204,449,447,232,29
200: 170,442,139,188,462,445,186
201: 385,364,360,121,275
202: 108,227,349,334,287,279
203: 423,197,171,336,278
204: 1227,1229,5,35,1228,30,1202,480,199,1203,1208,232,29
205: 472,165,363,197
206: 402,273,417,304,330,345,283
207: 238,496,489,107,280,400,360,121,458
208: 415,128
209: 
210: 133,100,421,459,109,169,211
211: 210,133,109,252,495,137
212: 240,486,125,482
213: 309,187,421
214: 412,292,497,195,300
215: 401,253
216: 145,484,463,384,308,93,12,98,46,173,183
217: 426,370,373,430,346
218: 275,121,261,331,385,422,243,325,357
219: 267,427,135,163,338,79,94,4
220: 81,24,50,416,15,449,447,225,433
221: 297,343,192,389,132
222: 405,310,283
223: 333,161,314,378
224: 459,169
225: 355,27,164,24,50,416,15,290,81,220
226: 424,180,371,348
227: 349,108,326,321,202,287
228: 373
229: 79,94,386,111,446,244
230: 399,247,246,184,123,439
231: 467,388,356
232: 29,48,1,476,199,1203,1208,204,449,447,433
233: 461,148,374,432
234: 77,296,317,369,185,64,262,465,168,6,26,61,1204,82
235: 342,328,172,312,307,435,347,144,332,174,270,406
236: 175,393,305,102,477,302,285,131,324,375
237: 
238: 496,207,489,107,280,400,121,458,261,268
239: 455,380,471,453
240: 486,158,212,440,141,156
241: 117,298,292,437,195
242: 271,351,249
243: 385,275,218,325
244: 446,229,386,358,111,264,365,419
245: 130,284,339,126,251,255,250
246: 247,466,101,306,281,230,184,123
247: 246,101,281,230,184,123
248: 451,128,157,315,327,114
249: 351,242,271,350,299,403,147
250: 255,339,245,126,251,381,1207,352,71
251: 126,182,379,339,245,134,69,255,250,62,17,381,1207,352,71
252: 372,160,109,211,495,137
253: 319,444,141,313,493,497,401,215
254: 118,181,196,332,473,475
255: 250,339,245,126,251,381,352,71
256: 357,198,150,418,326,321,349
257: 286,407,266,337,383,414,456
258: 147,299,403,189,113
259: 495
260: 162,269
261: 268,331,238,496,121,458,218,422
262: 369,77,234,191,465,168,6,267,427,135,3
263: 420,105,142,119,166,189,143,443,101,306
264: 365,386,358,487,41,55,446,244,1217,11,96,28,47,40,419,1213,97,32,75
265: 468,274,493
266: 437,195,257,286
267: 427,191,262,135,163,219,338
268: 261,331,238,496,458
269: 190,120,396,162,260
270: 174,307,435,347,235,342,328,144,406,481
271: 242,351,249
272: 315,114,478
273: 481,174,304,206
274: 483,468,265
275: 218,121,331,201,385,422,243,325,357
276: 454,294,166,189,113,443
277: 139,442,494,170,323,398,445,186,149,464
278: 171,203,423
279: 426,202,334,159,370,469
280: 400,238,496,207,360,121,458
281: 395,101,247,246,123,148
282: 310,322,397,138
283: 345,206,402,222
284: 36,52,130,339,245
285: 131,393,305,236,175,335
286: 257,407,266,337,383,414,456
287: 326,227,349,202,320
288: 308,183,87,301,34
289: 295,394,499,376
290: 129,355,27,164,24,50,416,441,311,225
291: 177,377,409,474,470
292: 412,298,117,241,497,437,195,214
293: 375,122,324,316
294: 454,276,166,189,113,443
295: 345,341,289,499
296: 317,116,369,77,234,185
297: 221,343,192
298: 482,319,117,241,412,292,497
299: 403,351,249,258,147,119
300: 497,401,214
301: 87,308,288,183,34,65,39,43,36,52
302: 477,485,102,236
303: 410,165,171,429
304: 273,481,206,402,330
305: 393,102,285,131,236,175
306: 101,143,263,420,105,142,443,246
307: 435,347,235,342,174,270
308: 484,216,145,288,173,183,87,301
309: 213,457,421,372
310: 405,390,222,322,282
311: 441,124,361,129,355,27,164,290
312: 172,149,464,181,196,235,342,328,332
313: 141,156,440,468,493,253,319,444
314: 161,192,389,132,367,223,333
315: 327,248,272
316: 122,324,293,375
317: 296,116,369,77,234,185,64
318: 
319: 253,444,141,313,298,412,497,401
320: 326,287
321: 326,256,150,418,227,349
322: 310,282,397,138
323: 398,494,277,139,186,149
324: 122,477,236,175,293,375,316
325: 275,218,243,357
326: 321,256,150,418,227,349,320,287
327: 315,428,128,248,350
328: 235,342,172,312,181,196,435,144,332,270
329: 167,474
330: 304,206,341
331: 261,268,121,458,275,218,422,194
332: 144,172,312,181,196,254,235,342,328,473,475,406
333: 223,161,314,378
334: 362,202,279,426,469
335: 451,285,415,157
336: 197,492,203,423
337: 257,286,407,340,383,414
338: 267,427,135,3,219,103,2,413,79,94,4,91,68
339: 53,130,284,182,379,245,134,69,126,251,255,250
340: 160,337
341: 330,345,295
342: 235,328,172,312,307,435,347,332,270
343: 297,221
344: 438,431
345: 283,206,402,341,295
346: 217,430,161,378
347: 307,435,172,235,342,270
348: 226,180,371,167,490,491,409,474
349: 227,256,108,387,326,321,202,287
350: 327,351,249,147
351: 249,242,271,350,299,147
352: 71,126,251,255,250,381,1207,30,1202,480
353: 190,356,396,178,411,450
354: 431,438,120,396
355: 27,164,73,54,58,18,1215,1214,1226,45,59,60,84,129,24,50,416,441,311,290,225
356: 231,467,353,190,178,411,450
357: 275,218,422,194,325,198,256
358: 79,94,4,91,68,386,487,41,55,446,244,264,365,1217,11,96,28,47,40
359: 452
360: 280,400,207,364,121,458,201,385
361: 124,419,1213,97,32,75,73,54,58,18,1215,1214,1226,104,129,441,311
362: 108,387,334
363: 165,205,410,197
364: 360,201
365: 264,386,358,487,41,55,446,244,1217,11,96,28,47,40,419,1213,97,32,75
366: 154,394,499,376,146
367: 132,112,192,389,314
368: 431
369: 296,317,77,234,191,262,465,168,6
370: 159,469,279,426,373,217
371: 226,180,348,491,409
372: 309,404,160,109,252
373: 426,370,228,217,430
374: 148,233
375: 293,236,175,122,324,316
376: 289,394,499,154,366,146
377: 291,177,491,409,470
378: 346,161,223,333
379: 182,13,20,53,130,57,339,19,0,134,69,126,251
380: 455,460,110,155,471,239
381: 1207,134,69,126,251,255,250,62,17,352,71,1227,1229,5,35,1228,30,1202,480
382: 473,475
383: 414,257,286,407,337,456
384: 463,484,80,179,216,145,44,93,12,98,46,173
385: 201,360,121,275,218,243
386: 79,94,4,229,358,111,446,244,264,365
387: 108,362,349
388: 231
389: 192,221,132,367,161,314
390: 310
391: 439,460,110
392: 143,466,399
393: 305,102,285,131,236
394: 499,289,154,366,376
395: 281,101,148
396: 120,438,354,353,190,269
397: 138,322,282
398: 323,277,139,464
399: 392,466,230
400: 280,107,238,496,207,360,458
401: 215,253,319,444,497,300
402: 206,481,417,304,345,283
403: 299,249,258,147,119,166
404: 372,160
405: 222,310
406: 235,144,332,473,174,270,481,417
407: 257,286,337,383,414,456
408: 
409: 491,371,348,291,177,377
410: 303,165,363,197,171,429
411: 178,450,467,356,353,190,162
412: 292,298,319,117,497,437,195,214
413: 103,2,135,3,83,74,338,1224,86,4,91,68,37,1241,1243
414: 383,257,286,407,337,456
415: 208,335,451,428,128
416: 24,50,45,59,60,84,70,355,27,164,15,290,225,81,220
417: 406,481,304,206,402
418: 150,256,326,321
419: 446,244,264,365,1217,11,96,28,47,40,1213,97,32,75,104,124,361
420: 263,105,142,166,143,101,306
421: 213,309,187,210,133,100
422: 261,331,275,218,194,357,198
423: 203,197,171,336,278
424: 226,180
425: 119
426: 279,334,159,370,469,373,217
427: 267,191,262,135,163,219,338
428: 415,128,327
429: 410,303,171,136
430: 373,217,346
431: 354,344,368,438,120
432: 233,155,471,127
433: 15,449,447,232,81,220
434: 775,807,1108
435: 307,347,172,235,342,328,174,270
436: 127,489,107
437: 266,195,117,241,412,292
438: 344,431,354,120,396
439: 391,230,184,123,110
440: 158,483,240,486,468,141,313,156
441: 311,124,361,129,355,27,164,290
442: 136,494,200,170,277,139
443: 166,189,113,263,105,454,276,294,306
444: 253,319,141,313,156,493,497,401
445: 462,200,170,277,139,188,186,149,464
446: 244,229,386,358,111,264,365,419
447: 449,70,48,1,476,199,1203,1208,15,232,29,81,220,433
448: 150
449: 447,70,48,1,476,199,1203,15,232,29,81,220,433
450: 178,411,356,353,190,162
451: 335,415,128,248,157
452: 359,152
453: 455,239
454: 276,294,189,113,443
455: 380,460,155,471,453,239
456: 257,286,407,383,414
457: 309
458: 121,280,400,238,496,207,360,261,268,331
459: 187,210,100,224,169
460: 110,391,455,380,155,471
461: 233,184,123,148
462: 445,200,170,188,186,149
463: 384,484,80,179,216,145,44,93,12,98,46,173
464: 186,149,277,139,398,445,172,312
465: 168,6,369,77,234,185,64,262,26,61,1204,82,135,3,83,74
466: 392,399,246
467: 231,356,178,411
468: 158,483,440,274,313,156,265
469: 159,370,334,279,426
470: 474,291,377
471: 155,460,432,455,380,127,239,107
472: 205
473: 475,382,254,144,332,406
474: 348,167,329,291,470
475: 473,382,181,254,332
476: 48,1,106,140,21,1210,1211,1209,1227,1229,5,35,1228,70,199,1203,1208,15,449,447,232,29
477: 302,485,236,175,122,324
478: 114,272,151
479: 
480: 381,1207,352,71,30,1202,204
481: 273,174,270,406,417,304,402
482: 125,212,298
483: 152,177,158,440,468,274
484: 193,463,384,216,145,308
485: 102,477,302
486: 240,212,440,125
487: 41,55,4,91,68,37,1241,1243,358,7,264,365,1217,11,96,28,47,40,85,1212,1216,1218
488: 
489: 107,127,436,238,496,207
490: 167,176,348
491: 409,371,348,377
492: 336
493: 313,156,265,253,444
494: 136,442,170,277,139,323
495: 137,252,211,259
496: 238,207,489,107,280,400,458,261,268
497: 298,253,319,444,412,292,401,214,300
498: 
499: 394,295,289,366,376
500: 955,1044,1125
501: 
502: 810,515,669,846,506,853,833,842
503: 851,1191,1069
504: 1023,971,827,1188,703,755,1163
505: 793,973,908,820,1070
506: 669,502,840,853,833,842,510,1030,534,845
507: 577,525,676,1064
508: 1159,551
509: 806,1133,828,731,964,962,537,1176,1016
510: 738,840,506,591,1030,534
511: 1125,578,535,622
512: 863
513: 874,1158,1044,1010,1052
514: 916,1164,831,860,572,668,566,541
515: 810,502,1094,846,842
516: 777,630,939,540,583
517: 980,958,768,886,1006,1085
518: 764,779,656,1098,1009
519: 1032,1011,963,1095,749
520: 686,688
521: 942,1029,687
522: 792,1108,858,888,989,892,600
523: 571,815,702,593,954,695
524: 1010,1052,879,1050
525: 577,1132,507
526: 612
527: 928,1113,615,1075,976,602
528: 678,1117,614,529,548,545,1101,584
529: 762,614,548,528,678,1117
530: 802,546,606,800
531: 1148,938
532: 989,880,1045,600
533: 951,1121,674
534: 1030,506,833,510,738,845,915
535: 1125,573,578,588,511,984,734
536: 761,561,1077
537: 1176,1016,509,806,828,731,636,962
538: 603,1021,1073
539: 766,737,978,555,1024,832,1054
540: 630,939,516,763,583
541: 566,514,1011,923
542: 1173,632,896,594,563,725
543: 995
544: 732,701,843,838,799
545: 1101,584,548,528,678,1117,1177
546: 606,802,585,530,1161,800
547: 1127,1120,653,854,894,614,768,548
548: 547,614,529,768,528,678,1117,545
549: 1004,953,814
550: 672,1193,941,872,929,1013,590,1032
551: 508,1159,825,628,767
552: 837,1006,662,1186,921
553: 776,1092
554: 988,1005,891,619,914,722,690
555: 1024,927,539,766,737
556: 581,1072,679,994,788
557: 570,1061,831,860,1185
558: 1137,1114,870,1140,698
559: 790,979
560: 1199,1096,651,983
561: 576,767,536,761
562: 579,747,650
563: 725,542,896,594,1126
564: 1056,1169
565: 763,583,697,758
566: 541,1032,572,514,1011,963,923
567: 1145,1100,649
568: 966,1063
569: 805,785
570: 557,1061,831
571: 523,815,867,954,695
572: 929,877,1164,590,1032,514,1011,566
573: 578,597,774,970,1125,588,535,734
574: 655,825,628
575: 808,971,922,1001,640,652,1188,1023
576: 767,932,561,1077,761
577: 525,1123,676,507
578: 573,597,1125,588,511,535,734
579: 747,1008,562
580: 682,1015,898,952,818
581: 696,663,1072,679,556
582: 613,647,1013
583: 763,540,516,697,565
584: 545,1101,528,678,1177,728
585: 1192,1042,1165,546,606,1161
586: 1076,821,605,1019,1034
587: 984,1136,966,935
588: 597,774,970,573,578,535,734
589: 850,729,862,1116,746,1035
590: 1032,550,929,877,1164,572,1011
591: 1054,510,738,1099,1025
592: 884
593: 523
594: 542,595,563,725
595: 890,594
596: 852,759,965
597: 819,813,774,970,573,578,588
598: 1146,924,1033
599: 906,1098,1053,702
600: 522,792,532,743
601: 794,714,866,823
602: 527,928,1113,976,724
603: 538,726,1021,1073
604: 1196,1104,873
605: 586,821,1019,1034,757
606: 546,1192,802,585,530,1161
607: 1160
608: 864
609: 866,823,925,773
610: 673,897,1179,1168
611: 625,1017
612: 526
613: 582,647,710,1067
614: 547,529,768,548,528,678,1117
615: 905,527,928,1113
616: 755,1163,1133,731
617: 1122,1195,814
618: 1002,829,1120
619: 891,914,554,988,722,690
620: 925,788
621: 848,903,940
622: 511,733,781
623: 1020
624: 1093,672,1193,941,909
625: 1144,611
626: 1094,1038,665,927,669
627: 694,948,1000,913,1014,1066
628: 825,1159,574,551
629: 1183,1103
630: 939,1049,777,540,516
631: 848,1128,1198
632: 710,801,1173,542
633: 849,869,666,987,1001
634: 952,818
635: 646,1018
636: 828,731,537,1176,1078
637: 806,964
638: 764
639: 1068,826
640: 1001,808,971,575,708,742,750,652,1089,1188
641: 876,711,673,897
642: 1041,985,1015
643: 706,766,737
644: 884,949,760
645: 
646: 635,1018
647: 872,672,582,613,1013
648: 795,1028,811
649: 650,1055,1100,1174,567,1145
650: 1055,562,881,1100,1174,957,649
651: 560,1096,796,983
652: 1089,1188,1001,808,971,575,640,1023
653: 829,977,1120,854,894,1127,547
654: 826
655: 574,675,998,789
656: 518
657: 953,664,1004,721
658: 1179,1168
659: 830
660: 1180,934
661: 837
662: 837,552,824
663: 696,903,1162,967,581,1072
664: 917,657,953
665: 1124,1046,626,1094
666: 816,633,849,922,1001
667: 899,704,834,1088
668: 831,860,1185,916,514
669: 626,1112,810,502,840,506,853,842
670: 
671: 1194
672: 934,624,1193,872,647,550
673: 897,641,610,1179
674: 1121,1020,533,951
675: 974,655,789,791
676: 577,507,988,891,914
677: 689
678: 528,1117,614,529,548,545,1101,584
679: 581,556
680: 692,728
681: 730,911,904,1196
682: 721,995,580
683: 1071,739,699,1109,946,1152
684: 771,917
685: 716,735
686: 520,688
687: 521,942,979
688: 520,686,1065
689: 1143,677,907
690: 554,619,914,722,918,719
691: 820,793,709,889
692: 1090,902,728,680
693: 
694: 627,948,913,1014,1066
695: 523,571,815,954,760
696: 663,903,1162,967,581,1072
697: 758,1091,763,583,565
698: 870,558,1137,1029
699: 739,1110,772,1109,683,1071,946
700: 972,794
701: 791,843,544
702: 1053,956,867,906,599,523,815
703: 827,504,1000
704: 844,834,899,667
705: 1152,754
706: 643,539,766,737,978,832
707: 1049,1026,777
708: 742,1147,750,987,1001,640
709: 691,822,889,910
710: 1067,613,801,1173,632
711: 769,987,641,748
712: 752
713: 969,1160
714: 967,1072,601,866,823
715: 800,933
716: 685
717: 981,945
718: 
719: 722,690
720: 1066,1148
721: 1004,657,953,682
722: 1005,554,988,891,619,914,690,719
723: 1063,781
724: 602,1060
725: 563,542,896,594,1130,1126,1142
726: 538,603
727: 939
728: 584,1090,692,680
729: 589,847,1116,1178,746
730: 911,904,1196,681
731: 828,616,509,636,537,1176
732: 544,843,919,799
733: 781,622,1063
734: 984,573,578,588,535,1136
735: 685
736: 1079,912
737: 539,766,978,643,555,1024,706,832,1054
738: 510,591,1030,534,1099,1025
739: 699,741,1110,772,1109,683,1071
740: 1059
741: 992,1197,1110,839,772,739
742: 708,1147,750,987,748,640
743: 600,1157,947,782
744: 762
745: 887,850,862
746: 729,589,1116,1178,955,1035,1158,1044
747: 579,1181,562
748: 711,987,742,1147,897
749: 519,963,1095,1027,1080
750: 708,742,1147,640
751: 553,1092
752: 1175,712
753: 783,1194
754: 705,1048,865
755: 1163,1089,1188,1023,504,1133,616
756: 930,1021
757: 821,605,783
758: 697,1091,763,565
759: 596,1002
760: 954,695,644
761: 536,576,767,561,1077
762: 744,529
763: 583,540,697,758,565
764: 638,779,518
765: 996,895,1105,774,970,1005
766: 539,737,978,643,555,1024,706
767: 576,551,932,561,761
768: 854,894,1127,547,614,958,548,517
769: 1118,915,817,869,711
770: 1157
771: 902,684
772: 1110,839,1166,741,992,739,699
773: 609
774: 970,813,765,597,1005,573,588
775: 434,807,1108,888
776: 553,887,1047
777: 707,1049,1026,630,939,516
778: 838,807
779: 764,518,1098
780: 981,975
781: 733,622,723,1063
782: 743,947
783: 757,753,1194
784: 944,856,1017
785: 1048,865,569,805
786: 
787: 977,1012
788: 556,994,620
789: 998,655,675,900,791,1135,1189
790: 559
791: 675,789,1135,701
792: 522,888,989,892,880,600
793: 505,973,820,1070,691
794: 700,601
795: 810,846,833,842,648
796: 1096,651
797: 798
798: 1106,797
799: 919,544,732,838
800: 546,530,715,933
801: 1173,710,632,890
802: 546,606,530
803: 943,982
804: 993,1102,1199
805: 569,785
806: 509,1133,637,828,964,962,537,1016
807: 778,1062,775,434,1108
808: 971,575,922,1001,640,652,1089,1188,1023
809: 
810: 515,502,669,846,853,833,842,795
811: 648,1028,816
812: 1105,1092,895
813: 1083,996,819,597,774,970
814: 1195,549,617
815: 523,571,867,1053,702,954,695
816: 811,666
817: 1150,769,1118,885,876
818: 580,898,952,634
819: 1083,813,597
820: 505,793,691
821: 986,1076,586,605,757
822: 889,910,709,1131
823: 866,714,601,925,609
824: 662
825: 628,1159,574,551
826: 1068,654,639
827: 1023,504,703
828: 731,509,806,636,962,537,1176,1016,1078
829: 1002,618,977,1012,1120,653
830: 659,1156,986,878
831: 860,570,557,877,1164,916,514,668
832: 1054,706,539,737,978,937,1099
833: 853,842,810,502,506,795,534,845
834: 704,961,899,667,1190,1088
835: 1033,990,1038,927
836: 1016
837: 661,662,552
838: 544,778,919,799,1062
839: 1110,772,1166,741
840: 1112,669,506,510
841: 1170
842: 853,833,669,810,515,502,846,506,795
843: 701,544,732
844: 704
845: 506,853,833,1030,534,915
846: 810,515,502,842,795
847: 1116,1178,729,1158
848: 631,621,1128,1198,940,1162
849: 633,869,666,1001
850: 745,589,862
851: 503,1069
852: 1003,596,965
853: 833,842,669,810,502,506,1030,845
854: 894,1120,653,1127,547,958,768
855: 1039,991,1114
856: 1134,944,784
857: 1190,1107
858: 1062,1138,1108,888,522,892
859: 1084,867,1051
860: 831,557,1185,916,514,668
861: 1057,1107
862: 850,745,589,1035
863: 512,999
864: 608
865: 1048,754,785
866: 823,1072,714,601,925,609
867: 938,1084,859,702,1051,571,815
868: 1058,924
869: 915,769,633,849,987
870: 991,1161,1114,558,1137,698
871: 1087,1119,1132,1123
872: 647,672,1193,550,1013
873: 1111,1104,1196,604,1192,1042
874: 513,904,1010,1052,879
875: 
876: 1150,817,885,641
877: 1164,941,909,929,831,590,572
878: 830,1065
879: 1010,1052,874,904,524
880: 989,892,792,1045,532
881: 650,1055,1174,957
882: 1139
883: 1091
884: 1051,949,592,644
885: 1150,817,876
886: 958,517,980,1006,1036,1085
887: 745,776,1047,1083
888: 775,1108,858,522,792
889: 822,910,709,691,1131
890: 801,1173,1170,595
891: 619,914,676,554,988,722
892: 989,880,858,522,792,1045
893: 1157
894: 854,1120,653,1127,547,768
895: 996,1092,1047,1105,812,1083,765
896: 542,1027,563,725
897: 673,641,748,610,1179
898: 580,818
899: 667,704,834,961,1190,1088
900: 932,998,789,1135,1189
901: 
902: 1090,692,771
903: 621,1162,696,663
904: 911,874,730,1010,1052,879,681
905: 615,527,928,1113,1031,1075,976
906: 599,1098,1009,1053,702
907: 689,1143,1076
908: 973,505
909: 941,624,877
910: 822,889,709,1131
911: 904,730,1010,681
912: 736,924
913: 1000,627,694,948
914: 891,619,676,554,988,722,690
915: 534,845,769,1118,869
916: 514,1164,831,860,668
917: 684,664,1004,953
918: 1064,690
919: 799,732,838,1062,1138
920: 1153
921: 552,1197,1186,992
922: 666,1001,808,971,575
923: 1011,963,566,541,1043
924: 912,1146,598,868
925: 620,866,823,609
926: 1090
927: 835,1038,626,555,1024,1112
928: 527,1113,905,615,1031,1075,976,602
929: 941,550,877,1164,590,1032,572
930: 1021,756
931: 1167
932: 900,998,576,767,1189
933: 800,715
934: 672,1180,660,1193
935: 966,587
936: 
937: 832,1054,1099,1025
938: 531,956,1084,867
939: 630,1049,727,777,540,516
940: 1162,621,848,1128
941: 909,624,1193,550,929,877,1164
942: 521,1029,687
943: 803,982,1182
944: 1144,856,784
945: 717,1167
946: 699,1122,683,1071,1152
947: 743,782
948: 627,694,1000,913
949: 884,644
950: 1061,1065
951: 533,1121,674
952: 1015,580,818,634
953: 657,917,664,1004,549,721
954: 523,571,815,695,760
955: 1035,746,1044,500,1125
956: 938,702
957: 1174,881,650,1055,1172
958: 854,1127,768,517,980,886
959: 1074,1134
960: 1124
961: 834,1191,1069,899,1190,1088
962: 509,806,828,964,537,1176,1016
963: 1011,1032,519,566,749,923
964: 637,509,806,962
965: 1115,852,596
966: 935,587,568
967: 1162,696,663,1072,714
968: 1022,974
969: 1160,999,713
970: 774,813,765,597,1005,573,588
971: 808,575,922,1001,640,652,1089,1188,1023,504
972: 700
973: 908,505,793,1070
974: 968,675
975: 780,1132
976: 1031,1075,527,928,1113,602
977: 1012,787,829,653
978: 539,766,737,706,832,1054
979: 559,687,1187
980: 517,958,886,1006,1085
981: 780,717
982: 803,943,1182
983: 560,651
984: 734,535,1136,587
985: 1041,642,1015
986: 1156,830,1076,821
987: 869,633,711,748,708,742,1147
988: 554,676,1005,891,619,914,722
989: 892,880,522,792,1045,532
990: 1033,835
991: 1165,1039,855,1114,870
992: 741,1197,921,1110,772
993: 804,1102
994: 556,788,1146
995: 543,682
996: 895,1047,1105,1083,813,765
997: 1081,1045,1171,1082
998: 789,655,932,900,1135,1189
999: 863,969,1160
1000: 703,913,627,948
1001: 633,849,666,922,808,971,575,708,640,652
1002: 759,618,829
1003: 852
1004: 549,917,657,953,721
1005: 765,774,970,554,988,722
1006: 1036,1085,517,980,886,552,1197
1007: 
1008: 579
1009: 518,1098,906
1010: 1052,879,874,513,911,904,524
1011: 963,590,1032,572,519,566,541,923
1012: 977,787,829
1013: 872,647,550,582
1014: 627,694,1066
1015: 985,642,580,952
1016: 537,1176,509,806,828,962,836
1017: 784,611
1018: 635,646
1019: 1034,586,605
1020: 674,623
1021: 538,603,930,1073,756,1067
1022: 1048,968
1023: 504,808,971,575,827,652,1089,1188,755,1163
1024: 555,927,1112,539,766,737
1025: 1099,1054,591,738,937
1026: 707,1049,777
1027: 1095,896,749,1080
1028: 648,811
1029: 698,521,942
1030: 534,506,853,510,738,845
1031: 1075,976,928,1113
1032: 590,929,1164,572,519,1011,963,566
1033: 598,990,835
1034: 1019,586,605
1035: 955,589,862,746
1036: 1006,1085,886,1197
1037: 1129,1155
1038: 835,927,626,1094
1039: 855,1199,991,1114,1151
1040: 1060,1086
1041: 985,642
1042: 1165,873,1111,1192,1102,585
1043: 923
1044: 1158,746,955,500,513
1045: 989,892,880,997,532,1082
1046: 1124,665,1094
1047: 776,887,996,895,1083
1048: 865,754,785,1022
1049: 707,1026,777,630,939
1050: 524
1051: 1084,859,867,884
1052: 1010,879,874,513,904,524
1053: 702,1098,906,599,815
1054: 832,539,737,978,591,937,1099,1025
1055: 650,881,1100,1174,957,649
1056: 564,1169
1057: 861,1107
1058: 868
1059: 740
1060: 724,1182,1040
1061: 950,570,557
1062: 838,919,807,1138,858
1063: 723,733,781,568
1064: 507,1175,918
1065: 688,878,950
1066: 627,694,1014,720
1067: 710,1021,1073,613
1068: 826,639
1069: 1191,503,851,961
1070: 973,505,793
1071: 683,739,699,1109,946,1152
1072: 696,663,967,581,714,556,866
1073: 538,603,1021,1067
1074: 959
1075: 1031,976,905,527,928,1113
1076: 907,986,586,821
1077: 576,1189,536,761
1078: 828,636,1176
1079: 736
1080: 1095,1027,749
1081: 997
1082: 1171,1045,997
1083: 813,887,1047,996,895,819
1084: 859,938,867,1051
1085: 1006,1036,517,980,886
1086: 1040
1087: 1119,871,1184,1123
1088: 1190,834,961,1191,899,667,1107
1089: 652,1188,808,971,640,1023,755,1163
1090: 692,926,902,728
1091: 883,697,758
1092: 553,751,895,812
1093: 624
1094: 626,1038,665,1046,515
1095: 1027,519,749,1080
1096: 796,560,651
1097: 1195
1098: 779,518,1009,1053,906,599
1099: 1025,832,1054,591,738,937
1100: 650,1055,649,567,1145
1101: 545,584,528,678,1177
1102: 804,1042,1165,1199
1103: 1170,1183,629
1104: 1196,604,873,1111,1192
1105: 812,996,895,765
1106: 1185,798
1107: 1190,1088,857,861,1057
1108: 807,775,434,858,888,522
1109: 739,699,683,1071
1110: 839,772,1166,741,992,739,699
1111: 873,1104,1192,1042
1112: 927,1024,669,840
1113: 527,928,905,615,1031,1075,976,602
1114: 991,1039,855,870,558,1137
1115: 965
1116: 847,1178,729,589,746,1158
1117: 528,678,614,529,548,545
1118: 769,915,817
1119: 1087,871,1184,1123
1120: 618,829,653,854,894,1127,547
1121: 674,533,951
1122: 617,1195,946
1123: 1087,1119,871,577
1124: 960,665,1046
1125: 955,500,573,578,511,535
1126: 1142,563,725,1130
1127: 547,1120,653,854,894,958,768
1128: 1198,631,848,940
1129: 1037,1155
1130: 725,1126,1142
1131: 822,889,910,1156
1132: 975,871,525
1133: 755,616,509,806
1134: 856,959
1135: 998,789,900,791,1189
1136: 984,734,587
1137: 558,1114,870,1140,698
1138: 919,1062,858
1139: 882
1140: 1151,558,1137
1141: 1153
1142: 1126,725,1130
1143: 689,1156,907
1144: 944,625
1145: 567,1100,649
1146: 598,994,924
1147: 708,742,750,987,748
1148: 720,531
1149: 
1150: 817,885,876
1151: 1039,1140
1152: 683,1071,946,705
1153: 1141,920
1154: 
1155: 1037,1129
1156: 1131,1143,830,986
1157: 770,893,743
1158: 1044,847,1116,1178,746,513
1159: 508,825,628,551
1160: 969,607,999,713
1161: 1165,585,546,606,870
1162: 940,848,903,696,663,967
1163: 755,1089,1188,1023,504,616
1164: 877,941,929,831,590,1032,572,916,514
1165: 1042,1102,585,991,1161
1166: 1177,1110,839,772
1167: 931,945
1168: 610,1179,658
1169: 564,1056
1170: 841,890,1103
1171: 1082,997
1172: 1174,957
1173: 801,710,632,890,542
1174: 957,881,650,1055,649,1172
1175: 752,1064
1176: 537,1016,509,828,731,636,962,1078
1177: 545,1101,584,1166
1178: 847,1116,729,746,1158
1179: 673,897,610,1168,658
1180: 660,934
1181: 747
1182: 943,982,1060
1183: 1103,629
1184: 1087,1119,871
1185: 557,1106,860,668
1186: 552,1197,921
1187: 979
1188: 652,1089,808,971,575,640,1023,504,755,1163
1189: 998,789,932,900,1135,1077
1190: 1088,834,961,1191,899,1107,857
1191: 1069,503,961,1190,1088
1192: 1104,1196,873,1111,1042,585,606
1193: 624,934,672,941,872,550
1194: 671,753,783
1195: 1097,617,1122,814
1196: 604,730,1104,681,873,1192
1197: 1006,1036,1186,921,741,992
1198: 1128,631,848
1199: 804,1102,560,1039
1202: 30,62,17,381,1207,352,1227,1229,5,35,1228,480,199,1208,204
1203: 199,1208,1210,1211,1227,1229,5,35,1228,30,48,1,476,204,449,447,232,29
1204: 26,61,82,234,185,64,44,465,168,6,56,8,3,83,74,1223,1225,1248
1205: 10,51,37,1241,1243,1262,1260,1206,1242,1230,1232,1258,31,99,1234,1236,1231,7,63,49,85,1212,1216,1218,16,88,89
1206: 1262,1260,1242,1230,1224,86,1261,1219,1250,1254,1220,1249,1253,1221,1255,1252,1251,1256,1247,92,1240,1257,1259,1263,37,1241,1243,1232,1258,31,99,1234,1236,1231,7,1205,10,51,63,49
1207: 381,134,69,126,251,250,62,17,352,71,1227,1229,5,35,30,1202,480
1208: 199,1203,21,1210,1211,1209,1227,1229,5,35,1228,30,1202,48,1,476,204,447,232,29
1209: 21,1210,1211,25,1233,1238,1239,1237,72,14,62,17,106,140,1227,1229,1228,70,1,476,199,1208
1210: 21,1211,1209,25,1233,1237,72,14,62,17,106,140,1227,1229,5,35,1228,70,1,476,199,1203,1208
1211: 21,1210,1209,25,1233,1239,1237,72,14,62,17,106,140,1227,1229,5,35,1228,70,48,1,476,199,1203,1208
1212: 85,1216,1218,487,55,7,1205,10,51,1217,11,96,28,47,40,16,1213,97,32,75,73,54,58,18,1215,1214,1226,45,59
1213: 97,32,75,264,365,1217,11,96,28,47,40,85,1212,1216,1218,419,73,54,58,18,1215,1214,1226,104,124,361,129
1214: 73,54,58,18,1215,1226,1217,28,47,40,85,1212,1216,1218,16,1213,97,32,45,59,124,361,129,355,27,164
1215: 73,54,58,18,1214,1226,1217,11,96,28,47,40,85,1212,1216,1218,16,1213,97,32,75,45,59,124,361,129,355,27,164
1216: 85,1212,1218,487,55,7,1205,10,51,1217,11,96,28,47,40,16,1213,97,32,75,73,54,58,18,1215,1214,1226,45,59
1217: 11,96,28,47,40,358,487,55,7,264,365,85,1212,1216,1218,419,1213,97,32,75,73,54,58,18,1215,1214,1226
1218: 85,1212,1216,487,55,7,1205,10,51,1217,11,96,28,47,40,16,1213,97,32,75,73,54,58,18,1215,1214,1226,45
1219: 1261,1250,1254,1220,1249,1253,1221,1255,1252,1251,1256,83,74,1223,1244,1225,1248,1246,78,1224,86,1245,1247,92,1240,1222,1257,1259,1263,37,1241,1243,1262,1260,1206,1242,1230,1258,31,1231
1220: 1261,1219,1250,1254,1249,1253,1221,1255,1252,1251,1256,83,74,1223,1244,1225,1248,1246,78,1224,86,1245,1247,92,1240,1222,1257,1259,1263,37,1241,1262,1260,1206,1242,1230,1232,1258,31,99,1234,1231
1221: 1261,1219,1250,1254,1220,1249,1253,1255,1252,1251,1256,83,74,1223,1244,1225,1248,1246,78,1224,86,1245,1247,92,1240,1222,1257,1259,1263,37,1241,1243,1262,1260,1206,1242,1230,1232,1258,31,1234,1236,1231
1222: 1245,1247,92,1240,1257,1259,1263,1223,1244,1225,1248,1246,78,23,42,90,95,1261,1219,1254,1220,1249,1253,1221,1255,1256,22,1262,1260,1230,1232,1258,31,99,1234,1236,1231,38,76,1235
1223: 1244,1225,1248,1246,26,61,1204,82,56,8,33,66,83,74,78,1224,86,1261,1219,1250,1254,1220,1249,1253,1221,1255,1252,1251,1256,1245,1247,92,1240,1222,1257,1259,1263
1224: 86,3,83,74,1223,1225,1246,103,2,413,1261,1219,1250,1254,1220,1249,1253,1221,1255,1252,1251,1256,91,68,37,1241,1243,1262,1260,1206,1242,1230
1225: 1223,1244,1248,1246,26,61,1204,56,8,33,66,83,74,78,1224,86,1261,1219,1250,1254,1220,1249,1253,1221,1255,1252,1251,1256,1245,1247,92,1240,1222,1257,1259,1263
1226: 73,54,58,18,1215,1214,1217,11,96,28,47,40,85,1212,1216,1218,16,1213,97,32,75,45,59,124,361,129,355,27,164
1227: 1229,5,35,1228,14,62,17,381,1207,21,1210,1211,1209,30,1202,1,476,199,1203,1208,204
1228: 1227,1229,5,35,14,62,17,381,21,1210,1211,1209,30,1202,48,1,476,199,1203,1208,204
1229: 1227,5,35,1228,14,62,17,381,1207,21,1210,1211,1209,30,1202,1,476,199,1203,1208,204
1230: 1262,1260,1206,1242,1224,86,1261,1219,1250,1254,1220,1249,1253,1221,1255,1252,1251,1256,1245,1247,92,1240,1222,1257,1259,1263,37,1241,1243,1232,1258,31,99,1234,1236,1231,7,1205,10,51,63,49
1231: 1232,1258,31,99,1234,1236,1261,1219,1250,1254,1220,1249,1253,1221,1255,1252,1256,1245,1247,92,1240,1222,1257,1259,1263,22,1262,1260,1206,1242,1230,38,76,1235,1205,10,51,63,49,25,1233,1238,1239,1237,72
1232: 1258,31,99,1234,1236,1231,1261,1254,1220,1249,1253,1221,1255,1256,1245,1247,92,1240,1222,1257,1259,1263,22,1262,1260,1206,1242,1230,38,76,1235,1205,10,51,63,49,1233,1238,1239,1237,72
1233: 25,1238,1239,1237,72,1232,1258,31,99,1234,1236,1231,38,76,1235,19,0,63,49,14,88,89,106,140,21,1210,1211,1209
1234: 1232,1258,31,99,1236,1231,1261,1220,1221,1255,1256,1245,1247,92,1240,1222,1257,1259,1263,22,1262,1260,1206,1242,1230,38,76,1235,1205,10,51,63,49,25,1233,1238,1239,1237,72
1235: 38,76,1245,92,1240,1222,1257,1259,1263,22,57,1232,1258,31,99,1234,1236,1231,19,0,63,49,25,1233,1238,1239,1237,72,14
1236: 1232,1258,31,99,1234,1231,1261,1221,1256,1245,92,1240,1222,1257,1259,1263,22,1262,1260,1206,1242,1230,38,76,1235,1205,10,51,63,49,25,1233,1238,1239,1237,72
1237: 25,1233,1238,1239,72,1232,1258,31,99,1234,1236,1231,38,76,1235,19,0,63,49,14,88,89,106,140,21,1210,1211,1209
1238: 25,1233,1239,1237,72,1232,1258,99,1234,1236,1231,38,76,1235,19,0,63,49,14,88,89,106,140,21,1209
1239: 25,1233,1238,1237,72,1232,1258,99,1234,1236,1231,38,76,1235,19,0,63,49,14,88,89,106,140,21,1211,1209
1240: 1245,1247,92,1222,1257,1259,1263,1223,1244,1225,1248,1246,78,23,42,95,1261,1219,1250,1254,1220,1249,1253,1221,1255,1252,1251,1256,22,1262,1260,1206,1230,1232,1258,31,99,1234,1236,1231,38,76,1235
1241: 37,1243,103,2,413,1224,86,1261,1219,1250,1254,1220,1249,1253,1221,1255,1252,1251,1256,91,68,1262,1260,1206,1242,1230,487,41,55,7,1205,10,51
1242: 1262,1260,1206,1230,1224,86,1261,1219,1250,1254,1220,1249,1253,1221,1255,1252,1251,1256,92,1257,1259,1263,37,1241,1243,1232,1258,31,1234,1236,1231,7,1205,10,51,63,49
1243: 37,1241,103,2,413,1224,86,1261,1219,1250,1254,1249,1253,1221,1255,1252,1251,1256,91,68,1262,1260,1206,1242,1230,487,41,55,7,1205,10,51
1244: 1223,1225,1248,1246,26,56,8,33,9,66,83,74,78,86,1261,1219,1250,1254,1220,1249,1253,1221,1255,1252,1251,1256,1245,1247,92,1240,1222,1257,1259,1263
1245: 1247,92,1240,1222,1257,1259,1263,1223,1244,1225,1248,1246,78,23,42,90,95,1261,1219,1254,1220,1249,1253,1221,1255,1256,22,1262,1260,1230,1232,1258,31,99,1234,1236,1231,38,76,1235
1246: 1223,1244,1225,1248,26,56,8,33,66,83,74,78,1224,86,1261,1219,1250,1254,1220,1249,1253,1221,1255,1252,1251,1256,1245,1247,92,1240,1222,1257,1259,1263
1247: 1245,92,1240,1222,1257,1259,1263,1223,1244,1225,1248,1246,78,23,42,95,1261,1219,1250,1254,1220,1249,1253,1221,1255,1252,1251,1256,22,1262,1260,1206,1230,1232,1258,31,99,1234,1231,38,76
1248: 1223,1244,1225,1246,26,1204,56,8,33,9,66,83,74,78,86,1261,1219,1250,1254,1220,1249,1253,1221,1255,1252,1251,1256,1245,1247,92,1240,1222,1259,1263
1249: 1261,1219,1250,1254,1220,1253,1221,1255,1252,1251,1256,83,74,1223,1244,1225,1248,1246,78,1224,86,1245,1247,92,1240,1222,1257,1259,1263,37,1241,1243,1262,1260,1206,1242,1230,1232,1258,31,1231
1250: 1261,1219,1254,1220,1249,1253,1221,1255,1252,1251,1256,83,74,1223,1244,1225,1248,1246,78,1224,86,1247,92,1240,1257,1259,1263,37,1241,1243,1262,1260,1206,1242,1230,1258,31,1231
1251: 1261,1219,1250,1254,1220,1249,1253,1221,1255,1252,1256,83,74,1223,1244,1225,1248,1246,78,1224,86,1247,92,1240,1257,1259,1263,37,1241,1243,1262,1260,1206,1242,1230,1258,31
1252: 1261,1219,1250,1254,1220,1249,1253,1221,1255,1251,1256,83,74,1223,1244,1225,1248,1246,78,1224,86,1247,92,1240,1257,1259,1263,37,1241,1243,1262,1260,1206,1242,1230,1258,31,1231
1253: 1261,1219,1250,1254,1220,1249,1221,1255,1252,1251,1256,83,74,1223,1244,1225,1248,1246,78,1224,86,1245,1247,92,1240,1222,1257,1259,1263,37,1241,1243,1262,1260,1206,1242,1230,1232,1258,31,1231
1254: 1261,1219,1250,1220,1249,1253,1221,1255,1252,1251,1256,83,74,1223,1244,1225,1248,1246,78,1224,86,1245,1247,92,1240,1222,1257,1259,1263,37,1241,1243,1262,1260,1206,1242,1230,1232,1258,31,1231
1255: 1261,1219,1250,1254,1220,1249,1253,1221,1252,1251,1256,83,74,1223,1244,1225,1248,1246,78,1224,86,1245,1247,92,1240,1222,1257,1259,1263,37,1241,1243,1262,1260,1206,1242,1230,1232,1258,31,1234,1231
1256: 1261,1219,1250,1254,1220,1249,1253,1221,1255,1252,1251,83,74,1223,1244,1225,1248,1246,78,1224,86,1245,1247,92,1240,1222,1257,1259,1263,37,1241,1243,1262,1260,1206,1242,1230,1232,1258,31,99,1234,1236,1231
1257: 1245,1247,92,1240,1222,1259,1263,1223,1244,1225,1246,78,23,42,95,1261,1219,1250,1254,1220,1249,1253,1221,1255,1252,1251,1256,22,1262,1260,1206,1242,1230,1232,1258,31,99,1234,1236,1231,38,76,1235
1258: 1232,31,99,1234,1236,1231,1261,1219,1250,1254,1220,1249,1253,1221,1255,1252,1251,1256,1245,1247,92,1240,1222,1257,1259,1263,22,1262,1260,1206,1242,1230,38,76,1235,1205,10,51,63,49,1233,1238,1239,1237,72
1259: 1245,1247,92,1240,1222,1257,1263,1223,1244,1225,1248,1246,78,23,42,95,1261,1219,1250,1254,1220,1249,1253,1221,1255,1252,1251,1256,22,1262,1260,1206,1242,1230,1232,1258,31,99,1234,1236,1231,38,76,1235
1260: 1262,1206,1242,1230,1224,86,1261,1219,1250,1254,1220,1249,1253,1221,1255,1252,1251,1256,1245,1247,92,1240,1222,1257,1259,1263,37,1241,1243,1232,1258,31,99,1234,1236,1231,7,1205,10,51,63,49
1261: 1219,1250,1254,1220,1249,1253,1221,1255,1252,1251,1256,83,74,1223,1244,1225,1248,1246,78,1224,86,1245,1247,92,1240,1222,1257,1259,1263,37,1241,1243,1262,1260,1206,1242,1230,1232,1258,31,99,1234,1236,1231
1262: 1260,1206,1242,1230,1224,86,1261,1219,1250,1254,1220,1249,1253,1221,1255,1252,1251,1256,1245,1247,92,1240,1222,1257,1259,1263,37,1241,1243,1232,1258,31,99,1234,1236,1231,7,1205,10,51,63,49
1263: 1245,1247,92,1240,1222,1257,1259,1223,1244,1225,1248,1246,78,23,42,95,1261,1219,1250,1254,1220,1249,1253,1221,1255,1252,1251,1256,22,1262,1260,1206,1242,1230,1232,1258,31,99,1234,1236,1231,38,76,1235