1267: 1274,1273,1275,1224,1221,61,1270,1271,1277,1265,1266,1269,1272,1263,1220,1240,1245,262,1251,1222,1219,1254,1241,1243,1206,115,1231,1235,1252,1253,1250,1249,1238
854: 894,1120,1127,958
1261: 1256,1262,1260,1263,1245,145,488,1259,1251,1222,1219,1254,1258,1257,245,31,1252,1253,1250,1249,1232,1255,1264
785: 569
1135: 998,900
5: 1229,1202,1208,30,452,1227
6: 1225,1223,82,64,1204,179,296,151,1248,1244,1268,1279,1276,234,1224,1221,61,1270,1271,1277,1265,1266,1272
1266: 1270,1271,1277,1265,1269,1272,1225,6,1223,1248,1244,1268,1279,1276,234,1278,1246,1247,1224,1221,61,1263,1220,1240,1245,262,1274,1273,1267,1275,1251,1222,1219,1254
1268: 1248,1244,1279,1276,234,1204,179,463,1225,6,1223,1278,1246,1247,1224,1221,61,1270,1271,1277,1265,1266,1269,1272,1263,1220,1240,1245
9: 46,98,12,116,179,463,308
1263: 1220,1240,1245,1248,1244,1268,1279,1276,234,1278,1246,1247,193,484,1270,1271,1277,1265,1266,1269,1272,145,488,1274,1273,1267,1275,1251,1222,1219,1254,1261
11: 75,104,28,96,40,1217,32,1215,419
12: 93,98,116,9,46
1265: 1270,1271,1277,1266,1269,1272,1225,6,1223,1248,1244,1268,1279,1276,234,1278,1246,1247,1224,1221,61,1263,1220,1240,1245,262,1274,1273,1267,1275,1251,1222,1219,1254
1264: 1261,1256,1262,1260,1258,1257,245,31,255,345,1232,1255,99,1239,25,209,409,250
15: 220,225
1260: 1261,1256,1262,1245,145,488,1259,1251,1222,1219,1254,1258,1257,245,31,1252,1253,1250,1249,1238,1232,1255,1264
1223: 1225,6,64,1204,179,296,151,1248,1244,1268,1279,1276,234,1224,1221,61,1270,1271,1277,1265,1266,1269,1272
18: 1218,1212,1216,1214,1226,104,318,41,96,40,1217,1215,47,124,419,54,73,58,1213,311
1259: 193,484,288,145,488,347,1261,1256,1262,1260,1258,1257,245,31,255,345
781: 733,723,1063
21: 1209,409,250,352,204,480,1228,482,1210,1211,125
773: 609
1262: 1261,1256,1260,1245,145,488,1259,1251,1222,1219,1254,1258,1257,245,31,1252,1253,1250,1249,1238,1232,1255,1264
24: 457,60,441,433,232,27,290,50,225
25: 209,1232,1255,1264,99,1239,409,250,449,204,480
933: 
27: 124,59,441,311,24,457,290,50
28: 96,40,1217,32,1215,104,11,75,1218,1212,1216,419,1213
29: 1203,48
30: 71,35,1229,1202,1208,1227,5
31: 1258,1257,245,145,488,1259,347,1261,1256,1262,1260,255,345,1232,1255,1264
32: 28,96,40,1217,1215,104,11,75,1218,1212,1216,1226,419,1213
1269: 1270,1271,1277,1265,1266,1272,1225,1223,1248,1244,1268,1279,1276,234,1278,1246,1247,1224,1221,61,1263,1220,1240,1245,262,1274,1273,1267,1275,1251,1222,1219,1254
34: 52
35: 71,1229,1202,1208,30
729: 589,847
774: 573,588
783: 
763: 697,540
40: 28,96,1217,32,1215,104,11,75,1218,1212,1216,18,1214,1226,419,97,54,73,58,1213
41: 318,244,1242,1236,1234,1205,221,1218,18,1214,47,124,59,441
948: 627,694
941: 929,1193,550,877,1164,590
1093: 
939: 630,540,516
46: 9,93,98,12,116,179,463,308
47: 124,318,41,221,1218,1212,1216,18,1214,1226,59,441,73,311
48: 29,1203
955: 500
50: 27,24,457,60,290,225
756: 930,1021
52: 87,34
1153: 
54: 73,58,1213,40,1217,1215,1218,1212,1216,18,1214,1226,124,419,97,311,361
1086: 1040
1271: 1270,1277,1265,1266,1269,1272,1225,6,1223,1248,1244,1268,1279,1276,234,1278,1246,1247,1224,1221,61,1263,1220,1240,1245,262,1274,1273,1267,1275,1251,1222,1219
1030: 510,738
58: 54,73,1213,40,1217,1215,1218,1212,1216,18,1214,1226,124,419,97,311,361
59: 441,318,41,221,447,47,124,311,27,457
60: 24,457,441,433,232,290,50,225
61: 1224,1221,296,151,1225,6,1223,1268,1279,234,1270,1271,1277,1265,1266,1269,1272,191,262,1274,1273,1267,1275
1080: 1095,749,963
952: 634
64: 82,317,1204,296,151,1225,6,1223
934: 672,1180,660,1193
1071: 683,1109,946
906: 1053,1098
779: 1053,1098
775: 
1272: 1270,1271,1277,1265,1266,1269,1225,6,1223,1244,1268,1279,1276,234,1278,1246,1247,1224,1221,61,1263,1220,1240,1245,262,1274,1273,1267,1275,1251,1222,1219,1254
71: 35,1202
736: 912
73: 54,58,1213,96,40,1217,1215,1218,1212,1216,18,1214,1226,47,124,419,97,311,361
755: 504,1163,808,971,652,1188
75: 11,104,28,96,40,32,419
753: 
77: 
847: 729
79: 94
80: 
81: 
82: 64,317,1204,296,151,6
916: 860,831
911: 904,730,1010
776: 887
767: 576
87: 52
759: 1002
988: 554,676,891,619
90: 301,288,347,130
868: 
730: 911,904
93: 98,12,116,46
94: 79
919: 838,1138
96: 28,40,1217,32,1215,104,11,75,1218,1212,1216,18,1214,1226,419,73,1213
97: 419,40,1217,1215,1212,1216,1226,54,73,58,1213,361
98: 93,12,116,9,46
99: 1239,1252,1253,1250,1249,1238,1232,1255,1264,1233,1230,25,209,447,449,204,480
1168: 610
1166: 839
1164: 877,929,941,831,590
1256: 1261,1262,1260,1245,145,488,1259,1251,1222,1219,1254,1258,1257,245,31,1252,1253,1250,1249,1232,1255,1264
104: 446,244,107,11,75,28,96,40,1217,32,1215,1218,1212,1216,18,1214,1226
105: 263,420,189,143
745: 887,850,1083
107: 244,229,111,1241,1243,1206,115,446,1242,104,318
108: 362,387,227,349
109: 252,421,372,210,137
1155: 1037
111: 163,191,262,229,1241,1243,1206,115,446,244,107,1242
112: 132
113: 258,147,189,443,454,276
114: 315,272,478
115: 1241,1243,1206,191,262,1274,1273,1267,1275,111,1231,1235,244,107,1242,1236,1234,1205
116: 93,98,12,317,9,46,1204,179,463
1003: 852
1238: 1252,1253,1250,1249,1274,1273,1267,1275,1251,1222,1219,1254,1262,1260,1231,1235,1232,1255,1236,1234,1205,1233,1230,99,1239
119: 189
120: 396,431,354,269
1127: 1120,854,894,958
122: 324,477,293,316
1209: 21,409,250,352,204,480,1228,482,1210,1211,125
124: 47,318,41,221,1218,1212,1216,18,1214,1226,59,441,54,73,58,1213,311,27
125: 1209,21,1228,1210,1211,1229,1202,1208,1227
1245: 1263,1220,1240,1248,1244,1268,1279,1276,234,1278,1246,1247,193,484,1270,1271,1277,1265,1266,1269,1272,145,488,1274,1273,1267,1275,1251,1222,1219,1254,1261,1256,1262,1260
1119: 1087,1184,1123
1109: 683,1071
1018: 536
130: 90,347,255,345,284
131: 285,393,305
132: 112,192,389
1090: 
1159: 508
1051: 1084
1084: 1051
137: 109,252,495
975: 
858: 1138,522,792
766: 737,706,539
141: 313,240,440,253
733: 781,1063
143: 263,420,105
144: 406,235,332,270,473
145: 488,1278,1246,1247,193,484,288,1263,1220,1240,1245,1259,1251,1222,1219,1254,1261,1256,1262,1260,1258,1257,245,31
1069: 1191,503,851
147: 258,113
148: 461,233,374
850: 745,589
150: 418
151: 296,82,64,1204,1225,6,1223,369,267,1224,1221,61
152: 158
1065: 
154: 366,394,376
155: 460,455
1257: 1258,245,31,145,488,1259,347,1261,1256,1262,1260,255,345,1232,1255,1264
1278: 1246,1247,179,463,308,1248,1244,1268,1279,1276,234,193,484,1270,1271,1277,1265,1266,1269,1272,1263,1220,1240,1245,145,488
158: 152,240,440
159: 370,469,279,426
1061: 570
161: 389,378
162: 178,411,450,269,260
163: 369,267,191,229,111
751: 1184
165: 410,303,363,197
804: 993,1102
167: 329
737: 766,706,539,832,1054
169: 210
1120: 618,854,894,1127
944: 1144,856
172: 196,181,435,235,342,332
754: 705
174: 270,307,435,235,406,273,481
1006: 1036,1085,886
176: 376
177: 291,274
178: 411,450,467,356,162
179: 317,116,9,46,1204,463,1225,6,1223,1248,1244,1268,1279,1276,234,1278,1246,1247
180: 424,226,371
181: 196,172,342,332
1046: 665,1094
747: 
184: 247,246,439
740: 1059
186: 323,462,445,277
1029: 698,521
188: 200,278,462,445
189: 119,258,113,263,105,443,454,276
989: 522,792,600,532,880
191: 369,267,1224,1221,61,163,262,229,111,1241,1243,1206,115
192: 389,297,132
193: 484,463,308,301,1278,1246,1247,288,1263,1220,1240,1245,145,488,1259
194: 198,422,357
1212: 1218,1216,18,1214,1226,104,318,28,96,40,1217,32,1215,47,124,419,97,54,73,58,1213,311
196: 172,181
197: 363,165,336,203,423
198: 194,422,357
724: 
200: 188,462,445
201: 360,385
1014: 627,694
203: 423,197,336,278
204: 480,99,1239,25,209,409,250,449,1209,21,433,232,482,1210,1211
1007: 
206: 402,273,417,304,330
1008: 
945: 717,981,1167
209: 25,1232,1255,1264,99,1239,409,250,449,204,480
210: 109,169
1279: 1248,1244,1268,1276,234,1204,179,463,1225,6,1223,1278,1246,1247,1224,1221,61,1270,1271,1277,1265,1266,1269,1272,1263,1220,1240,1245
212: 240,486
213: 309,421
214: 412
1274: 1273,1267,1275,1224,1221,61,1270,1271,1277,1265,1266,1269,1272,1263,1220,1240,1245,262,1251,1222,1219,1254,1241,1243,1206,115,1231,1235,1252,1253,1250,1249,1238
726: 538
1258: 1257,245,31,145,488,1259,347,1261,1256,1262,1260,255,345,1232,1255,1264
1255: 1232,1251,1222,1219,1254,1261,1256,1262,1260,1258,1257,245,31,1252,1253,1250,1249,1238,1264,1233,1230,99,1239,25,209
1059: 740
220: 433,232,482,1210,1211,225,15
221: 1242,1236,1234,1205,1233,1230,318,41,447,47,124,59,441
1251: 1222,1219,1254,1270,1271,1277,1265,1266,1269,1272,1263,1220,1240,1245,145,488,1274,1273,1267,1275,1261,1256,1262,1260,1231,1235,1252,1253,1250,1249,1238,1232,1255
1249: 1252,1253,1250,1238,1274,1273,1267,1275,1251,1222,1219,1254,1261,1256,1262,1260,1231,1235,1232,1255,1236,1234,1205,1233,1230,99,1239
1248: 1244,1268,1279,1276,234,179,463,1225,6,1223,1278,1246,1247,1270,1271,1277,1265,1266,1269,1263,1220,1245
225: 24,457,60,220,50,15
226: 424,180,371
227: 349,108,287
228: 
229: 163,191,111,446,244,107
1243: 1241,1206,115,191,262,1274,1273,1267,1275,111,1231,1235,244,107,1242,1236,1234,1205
231: 467,356
232: 433,447,449,204,480,482,24,457,60,220
233: 461,148,374
234: 1248,1244,1268,1279,1276,1204,179,463,1225,6,1223,1278,1246,1247,1224,1221,61,1270,1271,1277,1265,1266,1269,1272,1263,1220,1240,1245
235: 342,172,307,435,332,174,270,406,144
1234: 1236,1205,1241,1243,1206,115,1231,1235,1252,1253,1250,1249,1238,1242,1233,1230,318,41,221,447
1231: 1235,262,1274,1273,1267,1275,1251,1222,1219,1254,1241,1243,1206,115,1252,1253,1250,1249,1238,1242,1236,1234,1205,1233,1230
238: 496,489,268,261
239: 455
240: 486,158,212,440,141
792: 522,858,989,600,880
1229: 1202,1208,1228,35,125,1227,5
1227: 125,1229,1202,1208,30,5
244: 107,229,111,1241,1243,1206,115,446,1242,104,318,41
245: 1258,1257,31,145,488,1259,347,1261,1256,1262,1260,255,345,1232,1255,1264
246: 247,184
247: 246,184
1222: 1251,1219,1254,1270,1271,1277,1265,1266,1269,1272,1263,1220,1240,1245,145,488,1274,1273,1267,1275,1261,1256,1262,1260,1231,1235,1252,1253,1250,1249,1238,1232,1255
1221: 1224,61,296,151,1225,6,1223,1268,1279,1276,234,1270,1271,1277,1265,1266,1269,1272,191,262,1274,1273,1267,1275
250: 409,1264,25,209,352,204,480,1209,21,1228
749: 519,1095,963,1080
252: 109,372,137,495
253: 141,313,412,401
1213: 54,73,58,28,96,40,1217,32,1215,1218,1212,1216,18,1214,1226,124,419,97,311,361
255: 345,1259,347,130,1258,1257,245,31,284,1264
1208: 1229,1202,1228,35,125,30,1227,5
257: 286,414
258: 147,189,113
1204: 317,116,82,64,179,296,151,1225,6,1223,1268,1279,234
260: 162,269
261: 238,496,268
262: 1224,1221,61,1270,1271,1277,1265,1266,1269,1272,191,1274,1273,1267,1275,111,1241,1243,1206,115,1231,1235
263: 420,105,189,143,443
1239: 99,1252,1253,1250,1249,1238,1232,1255,1264,1233,1230,25,209,447,449,204,480
265: 274
1123: 1087,1119
267: 369,427,296,151,163,191
268: 238,496,261
269: 120,396,162,260
270: 174,307,435,235,342,406,144,481
1138: 919,858
272: 315,114,478
273: 481,174,304,206
274: 177,265
275: 385,325,357
276: 454,189,113,443
277: 186,323,398,445
278: 203,423,188
279: 426,334,159,370,469
1114: 870,558,1137
810: 626,1094,669
282: 322,397
1117: 529,528,678
284: 347,130,255,345
285: 131,393,305
286: 257,383,414
287: 227,349
288: 308,301,193,484,90,145,488,1259,347
1113: 527,905
290: 311,27,24,457,60,50
291: 470,177
1147: 708,742,987,610
293: 122,324,316
1102: 993,804,1042,1165
295: 341
296: 151,82,64,1204,1225,6,1223,369,267,1224,1221,61
297: 192,389
1078: 636,1176
1250: 1252,1253,1249,1238,1274,1273,1267,1275,1251,1222,1219,1254,1261,1256,1262,1260,1231,1235,1232,1255,1236,1234,1205,1233,1230,99,1239
1073: 538,1021
301: 308,193,484,288,90
1240: 1263,1220,1245,1244,1268,1279,1276,234,1278,1246,1247,193,484,1270,1271,1277,1265,1266,1269,1272,145,488,1274,1273,1267,1275,1251,1222,1219,1254
303: 410,165,429
304: 273,481,206,402,330
305: 393,285,131
1053: 779,956,1098,906
307: 435,235,342,174,270
308: 9,46,463,301,1278,1246,1247,193,484,288
309: 213,421,372
891: 619,676,554,988
311: 1218,1212,1216,18,1214,1226,47,124,59,441,54,73,58,1213,27,361,290
1036: 1006,1085,886
313: 141,440,253
1034: 1019,586,605
315: 114,272,478
316: 122,324,293
317: 116,82,64,1204,179
318: 41,244,107,1242,1236,1234,1205,221,1218,1212,1216,18,1214,1226,47,124,59,441
1021: 538,930,1073,756
1013: 872,550,582,613
1010: 1052,879,874,911,904
322: 282
323: 398,494,186,277
324: 122,477,293,316
325: 275,357
949: 644
1002: 759,618
1001: 666,808,971,708,742,640,652
329: 167
330: 304,206,341
983: 1096
332: 172,181,235,342,144
979: 687
334: 362,279,469
999: 
336: 197,492,203,423
974: 
981: 717,945
721: 657,953,682
340: 
341: 330,295
342: 235,172,181,307,435,332,270
343: 
864: 
345: 255,1259,347,130,1258,1257,245,31,284,1264
822: 
347: 288,90,1259,130,1258,1257,245,31,255,345,284
958: 854,894,1127,886,517
349: 227,387,108,287
350: 428
808: 971,1001,640,652,1188,755
352: 409,250,1207,1209,21,1228
1241: 1243,1206,115,191,262,1274,1273,1267,1275,111,1231,1235,244,107,1242,1236,1234,1205
354: 431,120,396
720: 
356: 231,467,178,411,450
357: 275,422,325,198,194
738: 510,591,1030,1099
359: 
360: 201,385
361: 419,97,54,73,58,1213,311
362: 108,387,334
363: 410,165,197
856: 1134,944
1098: 779,1053,906
366: 154,394,376
879: 1010,1052,874,904
900: 1135,998
369: 267,427,296,151,163,191
370: 159,469,279,426
371: 226,180,491
372: 309,404,421,109,252
923: 541,963
374: 148,233
921: 1186,741,992
376: 394,154,366,176
1145: 567,1100
378: 161
1026: 707
1157: 893
741: 992,921,839
905: 527,1113
383: 414,286
742: 708,1147,987,1001,640
385: 360,201,275
723: 1063,781
387: 362,108,349
893: 1157
389: 192,297,132,161
833: 795
391: 439,460
886: 517,958,1006,1036,1085
393: 305,285,131
394: 154,366,376
395: 148
396: 120,354,269
397: 282
398: 323,277
877: 1164,929,941,831,590
876: 885
401: 253
402: 206,481,417,304
872: 672,1193,550,1013
404: 372
405: 
406: 144,235,174,270,473,481,417
814: 1195,617
1225: 6,1223,64,1204,179,296,151,1248,1244,1268,1279,1276,234,1224,1221,61,1270,1271,1277,1265,1266,1269,1272
409: 250,1264,25,209,352,204,480,1209,21,1228
410: 303,165,363,429
411: 178,450,467,356,162
412: 253,214
971: 808,1001,640,652,1188,755,1163
414: 383,257,286
1230: 1233,1231,1235,1252,1253,1250,1249,1238,1232,1255,1236,1234,1205,99,1239,221,447,449
1028: 648
417: 406,481,304,206,402
418: 150
419: 97,11,75,28,96,40,1217,32,1215,1218,1212,1216,18,1214,1226,54,73,58,1213,361
420: 263,105,143
421: 213,309,372,109
422: 357,198,194
423: 203,197,336,278
424: 226,180
1276: 1248,1244,1268,1279,234,179,463,1225,6,1223,1278,1246,1247,1224,1221,1270,1271,1277,1265,1266,1269,1272,1263,1220,1240,1245
426: 279,159,370,469
427: 369,267
428: 350
429: 410,303
1242: 111,1241,1243,1206,115,1231,1235,244,107,1236,1234,1205,318,41,221
431: 354,120
1235: 1231,262,1274,1273,1267,1275,1251,1222,1219,1254,1241,1243,1206,115,1252,1253,1250,1249,1238,1242,1236,1234,1205,1233,1230
433: 232,447,449,204,480,482,24,457,60,220
1232: 1255,1251,1222,1219,1254,1261,1256,1262,1260,1258,1257,245,31,1252,1253,1250,1249,1238,1264,1233,1230,99,1239,25,209
435: 307,172,235,342,174,270
436: 489
880: 532,792,989,600
852: 1003
439: 391,184,460
440: 158,240,486,141,313
441: 59,318,41,221,447,47,124,311,27,24,457,60
1216: 1218,1212,18,1214,1226,104,318,28,96,40,1217,32,1215,47,124,419,97,54,73,58,1213,311
443: 189,113,263,454,276
1210: 1211,204,480,1209,21,1228,482,125,220
445: 462,186,188,200,277
446: 229,111,244,107,104
447: 1236,1234,1205,1233,1230,99,1239,221,449,59,441,433,232
1206: 1241,1243,115,191,262,1274,1273,1267,1275,111,1231,1235,244,107,1242,1236,1234,1205
449: 1233,1230,99,1239,25,209,447,204,480,433,232,482
450: 178,411,356,162
1205: 1236,1234,1241,1243,1206,115,1231,1235,1252,1253,1250,1249,1238,1242,1233,1230,318,41,221,447
452: 5
848: 1128
454: 276,189,113,443
455: 155,239
860: 916,831
457: 24,60,59,441,433,232,27,290,50,225
885: 876
1195: 1097,617,1122,814
460: 439,391,461,155
461: 233,148,460
462: 445,186,188,200
463: 116,9,46,179,308,1248,1244,1268,1279,1276,234,1278,1246,1247,193,484
1233: 1230,1231,1235,1252,1253,1250,1249,1238,1232,1255,1236,1234,1205,99,1239,221,447,449
1038: 835,927,626,1094
1188: 652,808,971,640,504,755,1163
467: 231,356,178,411
962: 509,537,1176,836
469: 159,370,334,279,426
470: 291
1180: 660,934
472: 
473: 406,144
1017: 
1172: 1174
930: 1021,756
477: 122,324
478: 315,114,272
479: 
480: 204,99,1239,25,209,409,250,449,1209,21,433,232,482,1210,1211
481: 273,174,270,406,417,304,402
482: 449,204,480,1209,21,433,232,1210,1211,220
898: 
484: 193,463,308,301,1278,1246,1247,288,1263,1220,1240,1245,145,488,1259
1203: 29,48
486: 240,212,440
973: 505
488: 145,1278,1246,1247,193,484,288,1263,1220,1240,1245,1259,1251,1222,1219,1254,1261,1256,1262,1260,1258,1257,245,31
489: 436,238,496
820: 
491: 371
492: 336
1085: 1006,1036,886,517
494: 323
495: 252,137
496: 238,489,268,261
1137: 558,1114,870,698
1228: 409,250,352,1207,1209,21,1210,1211,125,1229,1202,1208
1134: 856
500: 955
1054: 832,737,539,591,937,1099
1063: 723,733,781
503: 851,1191,1069
504: 755,1163,827,1188
505: 973
1122: 617,1195,946
1101: 545,528,678,584
508: 1159
509: 962,537,1176
510: 738,591,1030
1111: 873,1104,1192,1042
512: 
1103: 629
1100: 567,1145
1099: 832,1054,591,738,937
516: 630,939,540
517: 886,958,1085
1096: 983
519: 1095,749,963
520: 686
521: 1029,687
522: 792,858,989
523: 593,695
836: 962
1087: 1119,1184,1123
795: 833,648
527: 1113,905
528: 529,1117,678,545,1101,584
529: 1117,528
1215: 28,96,40,1217,32,104,11,1218,1212,1216,18,1214,1226,419,97,54,73,58,1213
531: 
532: 880,989,600
533: 951,674
1068: 639
832: 1054,706,737,539,937,1099
536: 1018
537: 1176,509,962,636
538: 726,1021,1073
539: 737,766,832,1054,591
540: 630,939,516,763
541: 923
542: 563,632,594
1247: 1278,1246,179,463,308,1248,1244,1268,1279,1276,234,193,484,1270,1271,1277,1265,1266,1269,1272,1263,1220,1240,1245,145,488
544: 843,838
545: 1101,528,678,584
1270: 1271,1277,1265,1266,1269,1272,1225,6,1223,1248,1244,1268,1279,1276,234,1278,1246,1247,1224,1221,61,1263,1220,1240,1245,262,1274,1273,1267,1275,1251,1222,1219,1254
838: 544,919
1050: 
1196: 1104,873,1192
550: 672,1193,872,929,941,1013,590
870: 1114,558,1137,698
1042: 1165,873,1111,1192,1102
1040: 1086
554: 988,891,619
1169: 564,1056
556: 
894: 854,1120,1127,958
558: 1137,1114,870,698
1031: 
839: 1166,741
1020: 674,623
831: 570,877,1164,916,860
563: 542,632,594
564: 1056,1169
946: 1122,683,1071
951: 533,674
567: 1145,1100
998: 1135,900
569: 785
570: 1061,831
890: 594
967: 1072,714
573: 588,774
992: 741,921
851: 503,1069
576: 767,1077
987: 711,708,742,1147
982: 1182
963: 519,749,923,1080
1052: 1010,879,874,904
956: 1053
582: 613,1013
953: 657,664,721
584: 528,678,545,1101
1219: 1251,1222,1254,1270,1271,1277,1265,1266,1269,1272,1263,1220,1240,1245,145,488,1274,1273,1267,1275,1261,1256,1262,1260,1231,1235,1252,1253,1250,1249,1238,1232,1255
586: 821,605,1019,1034
887: 745,776,1083
588: 573,774
589: 850,729
590: 550,929,941,877,1164
591: 539,1054,510,738,1099
592: 
593: 523
594: 890,542,563
937: 832,1054,1099
929: 941,550,877,1164,590
927: 835,1038,626
1253: 1252,1250,1249,1238,1274,1273,1267,1275,1251,1222,1219,1254,1261,1256,1262,1260,1231,1235,1232,1255,1236,1234,1205,1233,1230,99,1239
1254: 1251,1222,1219,1270,1277,1265,1266,1269,1272,1263,1220,1240,1245,145,488,1274,1273,1267,1275,1261,1256,1262,1260,1231,1235,1252,1253,1250,1249,1238,1232,1255
600: 792,989,532,880
601: 714
802: 
903: 
1174: 1172
605: 586,821,1019,1034
1149: 707
821: 586,605
912: 736
609: 773
610: 1147,1168
1037: 1155
904: 911,874,730,1010,1052,879
613: 582,1013
1105: 
899: 834
1019: 1034,586,605
617: 1122,1195,814
618: 1002,1120
619: 891,676,554,988
1184: 751,1087,1119
1202: 1229,1208,1228,71,35,125,30,1227,5
843: 544
623: 1020
1207: 352,1228
625: 1144
626: 1094,1038,665,927,669,810
627: 694,948,1014
866: 1072,714
629: 1103
630: 939,540,516
874: 904,1010,1052,879
632: 542,563
1277: 1270,1271,1265,1266,1269,1272,1225,6,1223,1248,1244,1268,1279,1276,234,1278,1246,1247,1224,1221,61,1263,1220,1240,1245,262,1274,1273,1267,1275,1251,1222,1219,1254
634: 952
1273: 1274,1267,1275,1224,1221,61,1270,1271,1277,1265,1266,1269,1272,1263,1220,1240,1245,262,1251,1222,1219,1254,1241,1243,1206,115,1231,1235,1252,1253,1250,1249,1238
636: 1078,537,1176
1252: 1253,1250,1249,1238,1274,1273,1267,1275,1251,1222,1219,1254,1261,1256,1262,1260,1231,1235,1232,1255,1236,1234,1205,1233,1230,99,1239
638: 
639: 1068
640: 1001,808,971,708,742,652,1188
1246: 1278,1247,179,463,308,1248,1244,1268,1279,1276,234,193,484,1270,1271,1277,1265,1266,1269,1272,1263,1220,1240,1245,145,488
642: 
1236: 1234,1205,1241,1243,1206,115,1231,1235,1252,1253,1250,1249,1238,1242,1233,1230,318,41,221,447
644: 949
645: 
1226: 1218,1212,1216,18,1214,104,318,96,40,1217,32,1215,47,124,419,97,54,73,58,1213,311
1224: 1221,61,296,151,1225,6,1223,1244,1268,1279,1276,234,1270,1271,1277,1265,1266,1269,1272,191,262,1274,1273,1267,1275
648: 795,1028
1220: 1263,1240,1245,1248,1244,1268,1279,1276,234,1278,1246,1247,193,484,1270,1271,1277,1265,1266,1269,1272,145,488,1274,1273,1267,1275,1251,1222,1219,1254
1218: 1212,1216,18,1214,1226,104,318,41,28,96,40,1217,32,1215,47,124,419,54,73,58,1213,311
1217: 28,96,40,32,1215,104,11,1218,1212,1216,18,1214,1226,419,97,54,73,58,1213
652: 1188,1001,808,971,640,755
1214: 1218,1212,1216,18,1226,104,318,41,96,40,1217,1215,47,124,419,54,73,58,1213,311
835: 1038,927
655: 
656: 
657: 953,664,721
834: 899
659: 
660: 1180,934
661: 
1193: 934,672,872,550,941
1191: 1069,503
664: 657,953
665: 1046,626,1094
666: 1001
1186: 921
993: 804,1102
669: 626,1094,810
1182: 982
671: 
672: 934,1193,872,550
1097: 1195
674: 1020,533,951
1171: 
676: 988,891,619
677: 689
678: 1117,528,545,1101,584
1167: 945
1165: 1042,1102
1163: 504,755,971,1188
682: 721
683: 1071,1109,946
684: 
873: 1111,1104,1196,1192,1042
686: 520
687: 521,979
1275: 1274,1273,1267,1224,1221,61,1270,1271,1277,1265,1266,1269,1272,1263,1220,1240,1245,262,1251,1222,1219,1254,1241,1243,1206,115,1231,1235,1252,1253,1250,1249,1238
689: 677
1176: 537,509,962,1078,636
1077: 576
1083: 745,887
1144: 944,625
694: 627,948,1014
695: 523
1095: 519,749,1080
697: 763,1091
698: 870,558,1137,1029
1128: 848
1115: 
1104: 1196,873,1111,1192
1094: 626,1038,665,1046,669,810
1091: 697
827: 504
705: 754
706: 737,766,832
707: 1026
708: 742,1147,987,1001,640
1056: 564,1169
1192: 1104,1196,873,1111,1042
711: 987
1211: 1210,204,480,1209,21,1228,482,125,220
713: 
714: 967,1072,601,866
1072: 967,714,866
1244: 1248,1268,1279,1276,234,179,463,1225,6,1223,1278,1246,1247,1224,1270,1271,1277,1265,1266,1269,1272,1263,1220,1240,1245
717: 981,945