0: 90,42,57,20,22,92,76,379,1235,99,38,69,19
1: 1208,21,1209,1211,1227,1229,1228,1210,30,1202,35,62,106,204,5,199,476,447,232,1203,48,29
2: 103,3,83,74,413,1224,86,1252,91,68,37,1206,1241,1243
3: 135,262,168,6,83,219,338,413,2,103
4: 163,219,338,413,79,94,91,111,358,386,487
5: 204,199,1227,1229,1228,1210,30,1202,35,62,352,1207,1208,1,480,232,1203,29
6: 465,234,26,185,64,262,168,82,61,1204,3,83,74
7: 51,68,37,1206,1241,1243,1230,1242,41,1205,10,49,47,55,28,85,1218,1216,16
8: 185,64,56,46,12,98,9,33,82,61,1204,66,74,1223,1244,1225,1248,1246,78
9: 46,12,98,33,384,93,173,56,8,66,95
10: 1205,49,1206,1241,1243,1230,1242,1258,1259,31,1231,1257,1232,7,51,63,1236,1234,85,1218,1216,16,89
11: 365,96,358,487,244,47,55,28,446,264,75,1213,1212,32,1215,40,1217
12: 46,98,9,33,384,93,173,56,8,66,95
13: 43,67,87,65,39,23,52,57,20,53
14: 1235,99,38,69,19,25,1233,1238,1239,1237,72,17,140,21,1209,1211,1227,1229,1228,1210
15: 70,84,88,106,24,50,60,476,447,225,220,81,416,433
16: 7,51,1205,10,49,63,1236,1234,85,1218,1216,89,73,1226,58,1214,45,84
17: 38,69,19,251,14,134,21,1209,1211,1227,1229,1228,1210,30,1202,35,62
18: 129,1213,1212,1215,1217,73,1226,58,1214,45,124,54,97,164,27,59,361,311,355
19: 69,0,379,182,38,251,14,17,134
20: 23,13,43,52,57,53,0,379,182
21: 1209,1211,25,1233,1239,1237,72,14,17,140,1227,1229,1228,1210,88,106,1208,1
22: 92,76,78,90,42,57,1245,1247,1222,1240,0,1258,1259,31,1231,1257,1232,1235,99,38
23: 67,87,65,95,13,43,90,42,57,20
24: 50,60,45,84,88,164,27,59,15,70,355,225,220,81,416
25: 1233,1238,1239,1237,72,1231,1232,1235,99,38,63,1236,1234,14,89,140,21,1209
26: 234,296,77,44,465,185,64,262,168,6,82,61,1204
27: 164,59,58,1214,45,84,129,18,24,50,311,355,225
28: 47,55,487,7,51,365,11,96,85,1218,1216,264,75,1213,1212,32,1215,40,1217,73,1226
29: 1208,1,204,5,199,480,232,1203,48,449
30: 1202,35,62,17,134,381,1227,1229,1228,352,1207,1208,1,204,5,199,480
31: 1258,1259,1231,1257,1232,1261,1219,1250,1254,1220,1249,1253,1221,1255,1260,1256,1262,1263,1251,1245,1247,1222,1240,22,92,76,1230,1242,1235,99,1205,10,49,63,1236,1234,1233,1237,72
32: 1213,1212,1215,40,1217,365,11,96,47,55,28,85,1218,1216,264,75,73,1226,58,1214,104,419,124,54,97,129
33: 46,12,98,9,384,93,173,56,8,66,95
34: 36,288,39,130
35: 30,1202,62,17,134,381,1227,1229,1228,1210,352,1207,1208,1,204,5,199,480
36: 34,288,39,52,130
37: 68,413,2,103,1224,86,1252,91,1206,1241,1243,487,41,7,51
38: 22,92,76,0,379,1235,99,69,19,25,1233,1238,1239,1237,72,14,17
39: 301,288,87,65,34,36,13,43,52,130
40: 1213,1212,32,1215,1217,365,11,96,47,55,28,85,1218,1216,264,75,73,1226,58,1214,419,124,54,97,129
41: 91,68,37,1206,1241,1243,487,7,51,365,96,47,55,85,1218
42: 90,66,95,23,78,57,1245,1247,1222,1240,22,92,76,0
43: 13,67,87,65,39,23,52,57,20,53
44: 317,179,80,384,234,26,185,64,56
45: 85,1218,1216,16,89,73,1226,58,1214,84,129,18,164,27,59,24,50,60
46: 12,98,9,33,384,93,173,56,8,66,95
47: 55,28,487,41,7,51,365,11,96,85,1218,1216,264,75,1213,1212,32,1215,40,1217,73,1226,58,1214
48: 232,1203,106,1208,1,199,476,447,29,433,449
49: 1205,10,1206,1241,1243,1230,1242,1258,1259,31,1231,1257,1232,7,51,63,1236,1234,85,16,89
50: 24,60,45,84,88,164,27,59,15,70,355,225,220,81,416
51: 7,68,37,1206,1241,1243,1230,1242,41,1205,10,49,47,55,28,85,1218,1216,16
52: 65,39,36,13,43,130,20,53
53: 13,43,52,130,20,379,182,245,339
54: 124,97,264,75,1213,1212,32,1215,40,1217,73,1226,58,1214,419,129,18,361,311
55: 47,28,487,41,7,51,365,11,96,85,1218,1216,264,75,1213,1212,32,1215,40,1217,73,1226,58,1214
56: 44,384,93,185,64,46,12,98,9,33,82,61,1204,8,66
57: 95,23,13,43,90,42,20,22,92,76,0,379
58: 73,1226,1214,47,55,85,1218,1216,16,1213,1212,32,1215,40,1217,45,124,54,97,129,18,164,27,59
59: 164,27,73,1226,58,1214,45,84,129,18,24,50,311,355,225
60: 24,50,45,84,88,164,15,70,355,225,220,81,416
61: 82,1204,234,26,185,64,56,6,8,83,74,1223,1225
62: 30,1202,35,17,134,71,381,1227,1229,1228,1210,352,1207,1208,1,204,5,199,480
63: 1236,1234,1230,1242,1258,1259,31,1231,1257,1232,1235,99,1205,10,49,25,1233,1238,1239,1237,72,16,89,140
64: 185,44,384,234,26,56,6,82,61,1204,8
65: 87,183,301,288,67,39,23,13,43,52
66: 56,46,12,98,9,33,8,95,1223,1244,1225,1248,1246,78,90,42
67: 173,183,301,87,65,95,23,13,43
68: 37,413,2,103,1224,86,1252,91,1206,1241,1243,487,41,7,51
69: 19,0,379,182,38,251,14,17,134
70: 15,84,88,106,24,50,60,476,447,225,220,81,416,433
71: 381,251,126,255,250,134,62,352,1207
72: 25,1233,1238,1239,1237,1258,1259,31,1231,1257,1232,1235,99,38,63,1236,1234,14,89,140,21,1209
73: 1226,58,1214,47,55,28,85,1218,1216,16,1213,1212,32,1215,40,1217,45,124,54,97,129,18,164,59
74: 6,82,61,1204,8,83,1223,1244,1225,1248,1246,2,103,1224,86,1252,1261,1219,1250,1254,1220,1249,1253,1221,1255,1260,1256,1262,1263,1251
75: 264,244,365,11,96,47,55,28,446,1213,1212,32,1215,40,1217,104,419,124,54,97
76: 22,92,78,90,42,57,1245,1247,1222,1240,0,1258,1259,31,1231,1257,1232,1235,99,38
77: 296,317,191,369,465,234,26
78: 8,66,95,1223,1244,1225,1248,1246,90,42,1261,1219,1250,1254,1220,1249,1253,1221,1255,1260,1256,1262,1263,1251,1245,1247,1222,1240,22,92,76
79: 94,163,219,338,229,4,111,358,386
80: 116,179,463,44,384,93
81: 220,416,24,50,60,15,70,476,447,225,433
82: 61,1204,234,26,185,64,56,6,8,83,74
83: 262,168,6,82,61,1204,3,74,413,2,103,1224,86,1252
84: 16,89,140,45,88,164,27,59,24,50,60,15,70
85: 1218,1216,41,7,51,1205,10,49,47,55,28,16,1213,1212,32,1215,40,1217,73,1226,58,1214,45
86: 1224,1252,83,74,1223,1244,1225,1248,1246,2,103,1261,1219,1250,1254,1220,1249,1253,1221,1255,1260,1256,1262,1263,1251,68,37,1206,1241,1243,1230,1242
87: 65,183,301,288,67,39,23,13,43
88: 89,140,21,1209,1211,84,106,24,50,60,15,70,476,447
89: 1205,10,49,63,1236,1234,25,1233,1238,1239,1237,72,16,140,45,84,88
90: 42,66,95,23,78,57,1245,1222,22,92,76,0
91: 219,338,413,2,103,4,68,37,358,386,487,41
92: 22,76,78,90,42,57,1245,1247,1222,1240,0,1258,1259,31,1231,1257,1232,1235,99,38
93: 80,463,484,216,145,384,173,56,46,12,98,9,33
94: 79,163,219,338,229,4,111,358,386
95: 46,12,98,9,33,67,66,23,78,90,42,57
96: 365,11,358,386,487,41,244,47,55,28,446,264,75,1213,1212,32,1215,40,1217
97: 124,54,264,75,1213,1212,32,1215,40,1217,73,1226,58,1214,104,419,129,18,361,311
98: 46,12,9,33,384,93,173,56,8,66,95
99: 1235,1245,1222,1240,22,92,76,0,1258,1259,31,1231,1257,1232,38,63,1236,1234,25,1233,1238,1239,1237,72,14
100: 459,187,421,133,210,169,211
101: 281,247,246,395
102: 485,305,302,477
103: 2,3,83,74,413,1224,86,1252,91,68,37,1206,1241,1243
104: 419,446,264,75,32,124,97,361
105: 263,420,306,119,142,166,189,143
106: 140,21,1209,1211,1227,1229,1228,1210,88,1208,1,15,70,476,447,232,1203,48
107: 127,432,155,436,489
108: 387,362,326,227,349,202
109: 133,372,210,252,160,211,137
110: 460,439,391,380
111: 229,79,94,4,358,386,244
112: 367,187
113: 258,147,189,443,454,276,294
114: 157,248,315,272,478,151
115: 229
116: 179,80,463
117: 195,241,412,292,298,437
118: 196,181,254
119: 142,166,299,403,189,263,105,443
120: 396,431,354,190,269
121: 458,238,280,261,268,385,275,218,422,331
122: 324,477,175,375,293,316
123: 184,247,246,281,230,439,461
124: 54,97,264,75,1213,1212,32,1215,40,1217,73,1226,58,1214,104,419,129,18,361,311
125: 212,482
126: 182,245,339,251,255,250,134,71,381
127: 432,107,155,436,489
128: 415,451,428,248
129: 18,1213,1212,32,1215,40,1217,73,1226,58,1214,45,124,54,97,164,27,59,361,311,355
130: 39,34,36,52,53,284
131: 285,393,305,335,175,236,375
132: 367,221,192,389,223,314
133: 421,213,309,459,100,210,109
134: 69,19,251,126,17,71,381,1227,1229,1228,1210,30,1202,35,62,352,1207
135: 191,369,465,427,262,168,267,3
136: 442,429,494,200,170
137: 495,109,252,160
138: 397,282,154,366
139: 277,442,494,200,170,323,398,445,186,149,464
140: 63,1236,1234,25,1233,1238,1239,1237,72,14,89,21,1209,1211,84,88,106
141: 313,240,440,156,482,253,444,493
142: 119,166,425,299,189,143,263,420,105,306
143: 142,166,263,420,105,306,392
144: 406,235,328,332,473,475,270
145: 484,216,193,463,308,93,173,183
146: 154,176,490
147: 258,351,249,350,403,113
148: 281,461,233,374
149: 186,200,170,277,139,462,445,464
150: 418,321,326
151: 114,478
152: 452,158,483
153: 438,353
154: 366,138,394,376,146
155: 460,455,380,127,432,107,471
156: 440,483,468,141,313
157: 248,415,451,315,114
158: 152,483,240,440
159: 370,469,279,426,217
160: 252,372,109,340,495,137
161: 223,389,346,314,378,333
162: 190,178,411,450,269,260
163: 267,219,338,229,79,94,4
164: 27,59,73,1226,58,1214,45,84,129,18,24,50,60,311,355,225
165: 363,408,205,410,303,197
166: 119,142,299,189,143,263,420,105,306,443
167: 348,490,329
168: 262,191,369,465,234,26,135,6,3,83
169: 459,100,210,224
170: 200,136,442,494,277,139,188,445,186,149
171: 278,197,429,203,423
172: 464,196,181,312,435,347,235,342,332
173: 463,484,216,145,308,93,183,46,12,98,9,33,67
174: 270,307,435,235,406,273,481
175: 236,305,302,477,285,131,122,324,375
176: 490,146
177: 291,377,474,483,274
178: 411,450,467,356,162,190
179: 116,317,80,44,384
180: 348,424,226,371
181: 254,312,196,118,172,332,475
182: 20,53,379,245,339,69,19,251,126
183: 484,216,145,308,173,301,67,87,65
184: 123,399,247,246,230,439,461
185: 64,44,384,234,26,56,6,82,61,1204,8
186: 149,200,170,277,139,323,462,445,464
187: 112,367,459,100
188: 200,170,462,445
189: 258,119,142,166,113,263,105,306,443,454,276,294
190: 162,353,120,396,178,411,450,269,260
191: 369,296,77,465,427,135,262,168
192: 389,297,221,132,367,314
193: 463,484,216,145,308
194: 422,331,357,198
195: 117,241,412,292,298,266,437,214
196: 464,118,172,181,254,312
197: 205,165,363,410,336,203,423,171
198: 422,331,194,357,256
199: 204,5,1227,1229,1228,1210,30,1202,35,62,352,1207,1208,1,480,232,1203,48,29
200: 170,136,442,139,188,462,445,186,149
201: 385,360,280,364,275
202: 108,227,349,334,287,279
203: 423,197,336,278,171
204: 5,199,1227,1229,1228,30,1202,35,62,352,1207,1208,1,480,232,1203,29
205: 472,165,363,197
206: 402,273,417,304,283,330,345
207: 400,489,238,496,360,280,458
208: 415,451
209: 
210: 133,459,100,109,169,211
211: 100,210,109
212: 240,486,125,482
213: 309,421,133
214: 195,412,292,497,437,300
215: 493,401
216: 484,145,193,463,308,93,173,183
217: 159,370,373,430,346
218: 275,458,121,261,385,422,331,325,357
219: 338,267,3,163,413,79,94,4,91
220: 81,416,24,50,60,15,70,476,447,225,433
221: 297,343,192,389,132
222: 405,402,283
223: 161,389,132,314,333
224: 459,169
225: 164,27,59,24,50,60,15,70,355,220,81,416,290
226: 424,180,348,371
227: 349,108,326,202,287
228: 373,430
229: 163,79,94,115,111
230: 399,466,247,246,184,123,439
231: 467,356
232: 1203,48,106,1208,1,204,5,199,476,447,29,433,449
233: 461,148,374
234: 26,296,77,44,465,185,64,262,168,6,82,61,1204
235: 342,172,307,435,347,328,332,174,270,406,144
236: 175,393,305,302,477,285,131,324,375
237: 337,257
238: 496,489,207,280,458,121,261,268
239: 453,455,380,471,400
240: 486,158,212,440,141
241: 117,195,298,266,437
242: 271,718,351
243: 325,275,357
244: 111,358,386,487,365,11,96,446,264,75
245: 339,53,284,182,251,126,255,250
246: 247,399,466,101,230,184,123
247: 246,399,466,281,101,230,184,123
248: 157,415,451,128,327,315,114
249: 351,350,299,403,258,147
250: 255,245,339,126,71,381
251: 379,182,245,339,69,19,126,17,134,71,381
252: 160,372,109,495,137
253: 444,319,141,313,493,412,497,401
254: 181,312,196,118,328,332,473,475
255: 250,245,339,126,71,381
256: 321,357,198,387,418,326,349
257: 286,407,237,266,337,383,414,456
258: 147,249,403,189,113
259: 
260: 162,190,269
261: 268,238,496,458,121,218,422,331
262: 168,191,369,465,234,26,135,6,3,83
263: 420,105,306,119,142,166,189,143,443
264: 75,244,365,11,96,47,55,28,446,1213,1212,32,1215,40,1217,104,419,124,54,97
265: 468,274,493
266: 195,241,437,257,286,407
267: 427,135,163,219,338
268: 261,238,496,458,121,331
269: 120,396,162,190,260
270: 174,307,435,347,235,342,328,406,144,481
271: 242,718
272: 315,114,478
273: 481,174,304,206
274: 483,177,468,265
275: 218,458,121,201,385,331,325,243,357
276: 454,294,189,113,443
277: 139,442,494,170,323,398,445,186,149,464
278: 171,203,423
279: 426,202,334,159,370,469
280: 360,400,207,238,458,121,201
281: 101,247,395,123,148
282: 310,322,397,138
283: 222,206,402,345
284: 130,245,339
285: 131,393,305,335,175,236
286: 257,407,266,383,414,456
287: 326,227,349,202
288: 488,301,87,65,39,34,36
289: 295,394,499,376
290: 311,355,225,441
291: 377,409,470,474,177
292: 412,298,444,319,117,195,497,437,214,300
293: 122,324,375,316
294: 454,276,189,113,443
295: 345,341,289,499
296: 77,317,191,369,465,234,26
297: 221,343,192,389
298: 412,292,444,319,117,195,241,497,437
299: 351,249,403,119,142,166
300: 412,292,497,401,214
301: 308,183,288,67,87,65,39
302: 102,485,305,477,175,236
303: 410,165,429
304: 273,481,206,402,330
305: 393,102,302,285,131,175,236
306: 263,420,105,142,166,189,143,443
307: 435,347,235,342,174,270
308: 193,484,216,145,173,183,301
309: 213,457,421,133,372
310: 405,390,322,282
311: 124,54,97,129,18,164,27,59,361,355,441,290
312: 181,254,464,196,172,342,332
313: 141,440,156,468,253,444,493
314: 192,389,132,367,161,223
315: 157,248,327,114,272
316: 122,324,293
317: 179,296,77,44
318: 
319: 253,444,482,412,292,298,497,401
320: 498
321: 256,150,418,326,349
322: 310,282,397
323: 398,494,277,139,186,464
324: 122,477,175,236,375,293,316
325: 243,275,218,422,357
326: 256,321,108,150,418,227,349,287
327: 428,248,315,350
328: 332,254,235,342,473,475,270,406,144
329: 167
330: 304,206,341
331: 422,458,121,261,268,275,218,194,357,198
332: 328,172,181,254,312,235,342,473,475,406,144
333: 161,223,378
334: 362,202,279,426,469
335: 393,285,131,451
336: 197,492,203,423
337: 237,257,407,340,383,414
338: 219,267,3,163,413,79,94,4,91
339: 245,53,284,182,251,126,255,250
340: 337,160
341: 330,345,295
342: 235,172,312,307,435,347,328,332,270
343: 297,221
344: 438,431
345: 206,402,283,341,295
346: 217,161,378
347: 307,435,172,235,342,270
348: 180,226,371,167
349: 227,256,321,108,387,326,202,287
350: 327,351,249,147
351: 249,242,350,299,403,147
352: 1207,134,71,381,30,1202,35,62,204,5,199,480
353: 153,438,356,396,411,190
354: 431,368,120,396
355: 129,18,164,27,59,24,50,60,311,225,441,290
356: 231,467,353,178,411,450
357: 275,218,422,331,194,325,243,198,256
358: 386,79,94,4,91,111,487,244,365,11,96
359: 452
360: 280,400,207,201,385
361: 104,419,124,54,97,129,18,311,441
362: 108,387,334
363: 165,205,410,197
364: 201
365: 11,96,358,386,487,41,244,47,55,28,446,264,75,1213,1212,32,1215,40,1217
366: 154,138,394,499,376
367: 132,112,192,389,187,314
368: 431,354
369: 191,296,77,465,427,135,262,168
370: 159,469,279,426,217
371: 226,180,348,491
372: 309,404,109,252,160
373: 228,217,430
374: 148,233
375: 131,175,236,122,324,293
376: 289,394,499,154,366
377: 291,409,470,474,177
378: 346,161,333
379: 57,20,53,0,182,38,69,19,251
380: 455,460,110,453,155,239,471
381: 71,251,126,255,250,134,30,1202,35,62,352,1207
382: 473,475
383: 414,337,257,286,407,456
384: 179,80,463,44,93,185,64,56,46,12,98,9,33
385: 201,360,121,275,218
386: 358,79,94,4,91,111,487,244,365,96
387: 108,256,362,349
388: 
389: 192,297,221,132,367,161,223,314
390: 310
391: 439,460,110
392: 143,399,466
393: 305,335,285,131,236
394: 499,289,154,366,376
395: 281,101,148
396: 120,354,353,190,269
397: 138,322,282
398: 323,277,139,464
399: 466,392,247,246,230,184
400: 207,239,471,360,280
401: 253,319,493,497,300
402: 206,481,417,222,304,283,345
403: 351,249,299,258,147,119
404: 372
405: 222,310
406: 144,235,328,332,473,174,270,481,417
407: 257,286,266,337,383,414,456
408: 165
409: 491,291,377
410: 303,165,363,197,429
411: 178,450,467,356,353,162,190
412: 292,298,253,444,319,117,195,497,214,300
413: 3,83,219,338,2,103,4,91,68,37
414: 383,337,257,286,407,456
415: 451,208,428,128,157,248
416: 220,81,24,50,60,15,70,476,447,225,433
417: 406,481,222,304,206,402,283
418: 150,256,321,326
419: 104,446,264,75,1213,1212,32,1215,40,1217,124,54,97,361
420: 263,105,306,142,166,143
421: 133,213,309,100
422: 331,121,261,218,194,325,357,198
423: 203,197,336,278,171
424: 226,180
425: 142
426: 279,334,159,370,469
427: 191,369,135,267
428: 415,128,327
429: 410,303,136,171
430: 228,373,217
431: 354,344,368,120
432: 127,107,155,436
433: 15,70,476,447,232,1203,48,220,81,416,449
434: 778,807,1062,775,1108
435: 307,347,172,235,342,174,270
436: 127,432,107,489
437: 117,195,241,292,298,266,214
438: 344,153,353
439: 391,230,184,123,110
440: 156,158,483,240,486,468,141,313
441: 361,311,355,290
442: 136,494,200,170,277,139
443: 119,166,189,113,263,306,454,276,294
444: 253,319,482,141,313,493,412,292,298,497
445: 462,200,170,277,139,188,186,149
446: 244,365,11,96,264,75,104,419
447: 476,88,106,1208,1,15,70,232,1203,48,220,81,416,433,449
448: 
449: 476,447,232,1203,48,29,433
450: 178,411,356,162,190
451: 415,208,335,128,157,248
452: 359,152
453: 455,380,239
454: 276,294,189,113,443
455: 380,460,453,155,239,471
456: 257,286,407,383,414
457: 309
458: 121,207,238,496,280,261,268,275,218,331
459: 100,187,133,210,224,169
460: 110,391,455,380,155
461: 233,184,123,148
462: 445,200,188,186,149
463: 116,193,80,484,216,145,384,93,173
464: 277,139,323,398,186,149,196,172,312
465: 296,77,191,369,234,26,135,262,168,6
466: 399,392,247,246,230
467: 231,356,178,411
468: 483,440,156,274,313,265
469: 159,370,334,279,426
470: 474,291,377
471: 455,380,155,239,400
472: 205
473: 475,254,328,332,382,406,144
474: 470,291,377,177
475: 473,181,254,328,332,382,144
476: 447,88,106,1208,1,15,70,232,1203,48,220,81,416,433,449
477: 102,485,302,175,236,122,324
478: 114,272,151
479: 
480: 30,1202,35,62,352,1207,204,5,199,29
481: 273,174,270,406,417,304,402
482: 212,125,141,444,319
483: 152,158,177,440,156,468,274
484: 216,145,193,463,308,93,173,183
485: 102,302,477
486: 240,212,440
487: 4,91,68,37,358,386,41,244,365,11,96,47,55,28
488: 288
489: 127,107,436,207,238,496
490: 176,146,167
491: 371,409
492: 336
493: 141,313,265,253,444,401
494: 136,442,170,277,139,323
495: 137,252,160
496: 238,489,207,458,261,268
497: 253,444,319,412,292,298,401,214,300
498: 320
499: 394,295,289,366,376
500: 1044,955,1125
501: 
502: 1112,669,810,842,840,853,833,1030,506,845
503: 851,1191,1069,1183
504: 1023,575,827,1188,755,1163
505: 793,973,908,820,1070
506: 1030,502,853,833,510,738,845,534,915
507: 525,712,577
508: 1159,551
509: 806,1133,731,962,537,1176,1016
510: 738,840,591,1030,506
511: 535,622,733,781
512: 863
513: 1044,874,1010,1052,879
514: 916,1164,831,860,572,668,566,541
515: 1046,626,1094,669,810,842,846
516: 1049,630,939,540,583
517: 980,958,768,886,1085
518: 779,638,764,1098
519: 1032,963,1011,1095,749
520: 686
521: 1029,942,687
522: 792,858,888,989
523: 571,815,702,593,954,695
524: 1010,1052,879,1050
525: 507,1132,712,577
526: 612
527: 1113,905,1075,615,928,712,602
528: 678,1117,614,529,762,548,545,1101,584
529: 762,548,528,678,1117,614
530: 546,606,585,802,1161,800,715
531: 1148,938
532: 989,880,1045,600,743,1082
533: 951,1121,674
534: 845,853,833,1030,506,915,1118
535: 573,578,588,734,984,511
536: 761,1077,1018
537: 1176,1016,509,806,636,828,962
538: 603,1021,1073
539: 766,555,1024,978,737,832,1054
540: 630,939,516,763,583
541: 566,514,1011,923,1043
542: 632,896,594,563
543: 995
544: 843,701,732,838
545: 1101,584,548,528,678,1117,614,1177
546: 606,530,585,1192,802,1161,800,715
547: 1127,1120,653,854,768
548: 529,768,528,678,1117,614,545
549: 684,917,1004
550: 672,1193,941,909,872,929,1013,590
551: 508,1159,825,628,767
552: 1186,921
553: 776,1047
554: 988,1005,891,619,722,914
555: 1024,927,766,737,539
556: 581,1072,788
557: 831,860,570,1185,916,668
558: 1137,1114,855,870,698,1140
559: 942,979
560: 1096,796,651,983
561: 576,767,761
562: 1181,650,1100
563: 725,801,542,594
564: 1056,777,1169
565: 763,583,697
566: 541,1032,514,963,1011,923
567: 1145,1100,649
568: 723,1063
569: 785,805
570: 1061,831,557
571: 523,815,867,593,954,695
572: 877,1164,831,860,590,916,514
573: 578,597,774,588,734,535
574: 655,825,628,675,998,789
575: 922,808,971,827,652,1188,504,1023
576: 767,932,561,1077,761
577: 525,507,676
578: 573,597,1125,588,734,535
579: 1008,881
580: 682,898,952,818
581: 1072,556
582: 613,647,1013
583: 763,540,516,697,565
584: 545,1101,528,678,614,1177,728
585: 546,606,530,1192,1161
586: 1076,821,605,757,1019,1034
587: 984,1136,935,966
588: 734,597,774,970,573,578,535
589: 850,729,862,746,1116,1035
590: 1032,550,929,877,1164,572,1011
591: 1054,510,738,1099
592: 
593: 523,571,704
594: 801,542,595,563,725
595: 890,594
596: 759,1002
597: 813,774,970,573,578,588,734
598: 994,788,1146,620,1033
599: 1098,779,1053,702,906
600: 888,792,532,743
601: 714,866,823
602: 527,1113,928,712,724
603: 726,538,930,1021
604: 1196,681,1104,873,1111,1192
605: 757,586,821,1019,1034
606: 546,530,585,1192,802,1161
607: 
608: 864
609: 925,866,823,773
610: 748,1147,750,897,673,1179,658,1168
611: 1144,625,784,1017
612: 526
613: 582,647,710,1173
614: 528,678,1117,529,548,545,1101,584
615: 905,527,1113,712
616: 755,1163,1089,1133,731
617: 1122,1195,814
618: 1002,829,1012,1120,653
619: 891,676,554,988,722,914,690
620: 994,788,598,670,1033
621: 848,631
622: 511,733,781
623: 1020
624: 1093,672,1193
625: 1144,611
626: 1094,1038,665,927,515,1112,669
627: 694,948,1000,913,1014
628: 825,1159,574,655,551,998
629: 1103
630: 939,1049,540,516
631: 848,621,1128,1198,940
632: 1173,710,801,542
633: 869,666,849,987,1001
634: 952,818
635: 646,1018,654
636: 828,731,537,1176,1016,1078
637: 806,964
638: 764,518
639: 1068
640: 1001,808,971,708,742,750,652,1188,1089
641: 876,711,897
642: 1041,1015,985
643: 766,706,737
644: 949
645: 
646: 635,1018
647: 582,613,1013
648: 846,795,1028
649: 1100,650,1055,1174,567,1145
650: 1055,562,1100,649,1174
651: 560,1096,796,983
652: 1188,1089,1001,808,971,575,640,755
653: 618,829,1012,1120,854,894,1127,547
654: 635
655: 574,628,675,998,789
656: 
657: 953,664,1004,721
658: 1179,897,610,673,1168
659: 830
660: 1180,934
661: 758
662: 837,824
663: 903,696,679
664: 657,953
665: 1124,1046,626,1094
666: 849,816,633,922,1001
667: 704,834,844,961,899,1088
668: 831,860,557,1185,916,514
669: 626,515,1112,810,842,840,502,853
670: 620
671: 1194,798
672: 934,624,1193,872,550
673: 897,610,748,1179,658
674: 1121,1020,533,951
675: 574,655,998,789,1135,1189
676: 577,988,891,619
677: 689,1143
678: 528,1117,614,529,548,545,1101,584
679: 663
680: 692,728,1097
681: 730,911,1196,604
682: 721,580
683: 1071,739,699,1109,946
684: 771,549,917
685: 716,735
686: 520,688
687: 942,521,979
688: 686,1065
689: 1143,677
690: 918,619,914,1064
691: 820
692: 1090,902,728,680
693: 
694: 627,948,1014
695: 523,571,815,954,760,875
696: 903,663,967,1162,1072
697: 1091,763,583,758,565
698: 870,558,1137,1029
699: 1110,739,772,1109,683,1071,946
700: 972,794
701: 843,791,1135,544
702: 1053,599,867,906,523,815
703: 1000,827,913
704: 593,834,844,961,667,899,1088
705: 754,1152,865,1048
706: 643,766,978,737,832
707: 1026,777,1049
708: 742,1147,750,987,1001,640
709: 822,889
710: 1021,1067,613,632,1173
711: 769,869,987,641
712: 615,527,525,507,602
713: 969
714: 967,1072,601,866,823
715: 800,546,530,1161,933
716: 803,685,1149
717: 981,945
718: 242,271
719: 722,914,1136
720: 1066,1148
721: 1004,657,953,682
722: 1005,554,988,891,619,914,719
723: 1063,781,568
724: 602,1060
725: 563,594
726: 603,538
727: 
728: 584,692,1177,680
729: 589,847,1158,746,1116
730: 681,911,904,1196
731: 616,509,636,828
732: 843,544,919,826
733: 781,622,511,1063
734: 588,597,774,970,573,578,535,984,1136
735: 1003,685
736: 912
737: 978,643,766,555,1024,706,539,832,1054
738: 510,591,1030,506,1099,1025
739: 1110,699,741,772,1109,683,1071
740: 1059
741: 992,839,772,1110,739
742: 708,1147,750,987,640
743: 600,532,947,782
744: 
745: 887,850,862
746: 1116,729,589,862,1158,955,1035
747: 1181
748: 610,1147,897,673,1179
749: 519,963,1095,1080
750: 708,742,1147,640,610
751: 1184,1092
752: 1175
753: 1194,783
754: 705,1152,865,1048
755: 1163,616,652,1188,1089,504,1023,1133
756: 930,1021,1067
757: 605,586,821,1019,1034
758: 1091,697,661
759: 596,1002
760: 875,695
761: 536,576,561,1077
762: 529,528,1117
763: 583,540,697,565
764: 638,518
765: 813,996,895,1105,1083,774,970,1005
766: 643,555,706,978,737,539
767: 576,932,551,561
768: 854,894,1127,547,958,548,517,886
769: 711,817,1150,876
770: 
771: 684
772: 741,992,839,1110,739,699,1109
773: 609
774: 970,765,813,597,1005,573,588,734
775: 1108,434
776: 553,1047,887
777: 1026,707,1049,564
778: 838,434,807
779: 518,1053,1098,599
780: 981,975
781: 733,622,511,723,1063
782: 743,947
783: 753,1194
784: 1144,944,856,611,1017
785: 569,805
786: 
787: 977
788: 556,994,598,620
789: 998,574,655,675,900,791,1135,1189
790: 1181
791: 789,1135,1189,843,701
792: 522,892,888,989,880,600
793: 505,973,908,820,1070
794: 972,700
795: 842,846,853,833,648
796: 1096,560,651
797: 798
798: 1106,671,797
799: 919,826,1068,1138
800: 715,546,530,1161,933
801: 632,1173,890,1170,594,563
802: 546,606,530
803: 716,982,1149
804: 993,1102,1199
805: 785,569
806: 509,1133,637,962,537
807: 1062,778,838,919,434,1138,1108,858
808: 971,849,922,1001,575,640,652,1188,1089
809: 
810: 842,515,669,846,502,853,833
811: 1028
812: 1087,1105,1123
813: 765,996,895,1083,597,774
814: 1195,617
815: 523,571,867,702,954,695
816: 666,849,922
817: 1150,915,1118,885,876,769
818: 580,898,634
819: 862,955,1125
820: 691,505,793
821: 986,1076,586,605,757
822: 889,709,910,1131
823: 866,714,601,609,925
824: 662,837
825: 628,1159,574,551
826: 732,1068,799
827: 882,575,504,1023,703
828: 636,731,537,1176,1078
829: 1012,1002,618,1120,653
830: 659,878
831: 860,557,570,877,1164,1185,572,916,514,668
832: 1054,706,978,737,539,937,1099
833: 853,810,842,502,795,506,845,534
834: 844,961,704,667,899,1088,1190
835: 990,1038,927
836: 1016
837: 662,824
838: 544,778,919,807,1062
839: 1166,741,772,1110
840: 1024,1112,669,502,510
841: 
842: 810,515,669,846,502,853,833,795
843: 701,791,544,732
844: 834,961,704,667,899,1088
845: 534,502,853,833,1030,506,915
846: 515,810,842,795,648
847: 1158,729,1116,1178
848: 631,621,1128,1198,940
849: 666,816,633,922,1001,808
850: 745,589,862
851: 503,1069
852: 965,1003,1154
853: 833,669,810,842,502,795,1030,506,845,534
854: 894,1120,653,1127,547,958,768
855: 1114,1039,991,870,558
856: 1134,944,784
857: 1191,1190,1107
858: 807,1062,1138,522
859: 1051,1084,867,954
860: 831,557,1185,572,916,514,668
861: 1057
862: 850,745,589,746,1035,819
863: 512,999
864: 1178,608
865: 705,754,1048
866: 823,1072,714,601,609,925
867: 1084,702,1051,859,571,815
868: 1058,924
869: 1118,633,711,987
870: 1114,855,558,1137,698
871: 1087,1119,1123
872: 672,1193,550,1013
873: 1111,1104,1196,604,1192,1042
874: 513,904,1010,1052,879
875: 760,695
876: 817,1150,885,769,641
877: 1164,941,909,929,831,590,572
878: 830,1065
879: 1010,1052,874,513,904,524
880: 989,892,792,1045,532
881: 579
882: 827
883: 1091,894
884: 1155,1051,949
885: 817,1150,876
886: 958,768,517,980,1006,1036,1085
887: 745,776,1083
888: 522,792,600
889: 822,709,910,1131
890: 1170,801,595
891: 619,676,554,988,722,914
892: 792,989,880,1045
893: 1157
894: 854,1120,653,883,1127,768
895: 996,1092,1047,1105,765,813
896: 542,1095,1027
897: 641,610,748,673,1179,658
898: 580,818
899: 1088,704,834,844,961,667,1190
900: 998,789,932,1135,1189
901: 
902: 1090,692
903: 663,696,1162
904: 911,874,730,1010,1052,879
905: 1075,615,527,1113,928
906: 1053,1098,599,702
907: 1156,986,1076
908: 973,505,793
909: 941,1193,929,877
910: 822,889,1131,1143
911: 904,730,681,1010
912: 736,1146,924
913: 1000,703,627,948
914: 554,988,891,619,722,690,719
915: 1118,1030,506,845,534,817
916: 514,1164,831,860,557,1185,572,668
917: 684,549,1004,953
918: 690,1064
919: 732,838,807,1062,1138,799
920: 1153
921: 1197,1186,552,992
922: 816,1139,666,849,1001,808,575
923: 963,1011,566,541,1043
924: 912,1146,1058,868
925: 609,866,823
926: 1090
927: 835,1038,626,555,1024,1112
928: 1031,905,1075,527,1113,976,602
929: 941,909,550,877,1164,590,1032
930: 603,1021,756
931: 
932: 576,767,900
933: 800,715
934: 672,1180,660,1193
935: 984,587,966
936: 
937: 832,1054,1099
938: 531,1148,956,1084
939: 630,1049,540,516
940: 848,631,1128,1198,1162
941: 909,1193,550,929,877,1164
942: 1029,521,559,687
943: 1031,976,982,1182
944: 1144,856,784
945: 717,1167
946: 699,1122,683,1071
947: 743,782
948: 627,694,1000,913
949: 884,644
950: 1061,1065
951: 533,1121,674
952: 580,634
953: 657,917,664,1004,721
954: 859,523,571,815,695
955: 1035,746,819,500,1044,1125
956: 938
957: 1174,1055,1172
958: 854,768,517,980,886
959: 1171,1074
960: 
961: 834,844,704,667,899,1088,1190
962: 509,806,964,537,1176,1016
963: 1011,1032,519,566,749,923
964: 637,962
965: 852,1003,1115
966: 935,587
967: 1162,696,1072,714
968: 1022,974
969: 1160,999,713
970: 774,765,597,1005,588,734
971: 808,1001,575,640,652,1188,1089,1023
972: 700,794
973: 908,505,793
974: 968
975: 780,1132
976: 1031,928,943
977: 1012,787
978: 737,766,1024,706,539,832,1054
979: 559,687
980: 517,958,886,1006,1036,1085
981: 780,717
982: 803,943,1182
983: 560,651,1151
984: 734,535,1136,935,587
985: 642,1041,1015
986: 1156,907,1076,821
987: 869,633,711,708,742,1147
988: 554,676,1005,891,619,722,914
989: 880,892,522,792,1045,532
990: 835
991: 1102,1042,1165,1039,1114,855
992: 741,1197,921,772
993: 804,1102
994: 788,1146,598,620
995: 543
996: 895,1092,1047,1083,765,813
997: 1171
998: 789,574,655,628,675,900,1135,1189
999: 863,1160,969
1000: 703,913,627,948
1001: 633,666,849,922,808,971,708,640,652
1002: 759,596,618,829
1003: 735,852,965
1004: 549,917,657,953,721
1005: 765,774,970,554,988,722
1006: 1036,1085,980,886,1197
1007: 
1008: 579
1009: 
1010: 1052,879,874,513,911,904,524
1011: 963,590,1032,519,566,541,923
1012: 829,618,977,653
1013: 647,872,550,582
1014: 627,694,1066
1015: 642,1041,985
1016: 537,1176,509,636,962,836
1017: 611,784
1018: 536,635,646
1019: 1034,586,605,757
1020: 674,623
1021: 603,538,930,1073,756,1067,710
1022: 968
1023: 504,971,575,827,1188,755,1163
1024: 555,927,1112,978,737,539,840
1025: 738,1099,1150
1026: 777,707,1049
1027: 1095,896
1028: 648,811
1029: 698,942,521
1030: 506,502,853,510,738,845,534,915
1031: 928,1075,1113,976,943
1032: 590,929,519,963,1011,566
1033: 1146,598,620
1034: 1019,586,605,757
1035: 955,589,862,746,1116
1036: 1006,1085,980,886,1197
1037: 1129,1155
1038: 835,927,626,1094
1039: 1102,1199,991,1114,855
1040: 1060,1086
1041: 642,1015,985
1042: 1165,873,1111,1192,1102,991
1043: 541,923
1044: 500,955,1125,513
1045: 892,989,880,532
1046: 1124,665,1094,515
1047: 1092,553,776,996,895
1048: 705,754,865
1049: 707,1026,777,630,939,516
1050: 524
1051: 859,1084,867,884
1052: 1010,879,874,513,904,524
1053: 779,1098,599,702,906
1054: 832,978,737,539,591,937,1099
1055: 650,1100,649,1174,957
1056: 564,1169
1057: 861
1058: 924,868
1059: 740
1060: 724,1182,1040
1061: 950,570
1062: 807,838,919,434,1138,858
1063: 723,733,781,568
1064: 690,918,1175
1065: 688,878,950
1066: 1014,720
1067: 1021,1073,756,710,1173
1068: 826,799,639
1069: 1191,503,851,1183
1070: 505,793
1071: 683,739,699,1109,946
1072: 696,967,1162,581,714,556,866
1073: 538,1021,1067
1074: 1082,959
1075: 905,1167,527,1113,1031,928
1076: 1156,907,986,586,821
1077: 576,536,761
1078: 636,828,1066,1176,1129
1079: 
1080: 1095,749
1081: 
1082: 532,1171,1074
1083: 887,996,765,813
1084: 938,867,1051,859
1085: 1006,1036,517,980,886,1197
1086: 1040
1087: 1119,871,1184,812,1123
1088: 899,704,834,844,961,667,1190
1089: 652,1188,808,971,640,755,1163,616
1090: 692,926,902
1091: 883,697,758
1092: 1047,996,895,1105
1093: 624
1094: 626,1038,665,1046,515
1095: 1027,519,896,749,1080
1096: 796,560,651
1097: 680,1195
1098: 599,779,518,1053,906
1099: 832,1054,591,738,937,1025
1100: 649,562,650,1055,1174,567,1145
1101: 545,584,528,678,614,1177
1102: 804,1042,1165,1199,1039,991
1103: 629
1104: 1196,604,873,1111,1192
1105: 1092,895,812,765
1106: 1185,798
1107: 1190,857
1108: 775,434,807
1109: 772,1110,739,699,683,1071
1110: 739,699,741,839,772,1109
1111: 873,1104,604,1192,1042
1112: 927,626,1024,669,840,502
1113: 527,905,1075,615,1031,928,602
1114: 855,1039,991,870,558,1137
1115: 965
1116: 746,729,589,847,1158,1035
1117: 528,678,614,529,762,548,545
1118: 915,534,817,869
1119: 1087,871,1184,1123
1120: 618,829,653,854,894,1127,547
1121: 674,533,951
1122: 617,1195,946
1123: 1087,1119,871,812
1124: 665,1046
1125: 955,819,500,1044,578
1126: 1142,1130
1127: 547,1120,653,854,894,768
1128: 1198,848,631,940
1129: 1037,1155
1130: 1142,1126
1131: 822,889,910
1132: 975,525
1133: 755,616,509,806
1134: 856
1135: 1189,675,998,789,900,791,701
1136: 734,984,719,587
1137: 558,1114,870,698,1140
1138: 919,807,1062,799,858
1139: 922
1140: 558,1137
1141: 1153
1142: 1126,1130
1143: 689,910,677
1144: 944,625,611,784
1145: 567,1100,649
1146: 994,912,598,924,1033
1147: 708,742,750,987,610,748
1148: 720,531,938
1149: 803,716
1150: 817,1025,885,876,769
1151: 983,1181
1152: 705,754
1153: 1141,920
1154: 852
1155: 1129,1037,884
1156: 907,986,1076
1157: 893
1158: 847,729,746,1116,1178
1159: 508,825,628,551
1160: 999,969
1161: 546,606,530,585,800,715
1162: 967,903,940,696,1072
1163: 755,616,1188,1089,504,1023
1164: 877,941,929,831,590,572,916,514
1165: 1042,1102,991
1166: 1177,839
1167: 945,1075
1168: 610,1179,658
1169: 564,1056
1170: 890,801
1171: 997,1082,959
1172: 1174,957
1173: 632,1067,710,613,801
1174: 957,650,1055,1100,649,1172
1175: 752,1064
1176: 537,1016,509,636,828,962,1078
1177: 545,1101,584,728,1166
1178: 864,847,1158
1179: 658,897,610,748,673,1168
1180: 660,934
1181: 1151,747,790,562
1182: 943,982,1060
1183: 503,1191,1069
1184: 1087,1119,871
1185: 1106,831,860,557,916,668
1186: 552,921
1187: 
1188: 652,1089,808,971,575,640,504,1023,755,1163
1189: 1135,675,998,789,900,791
1190: 834,961,1191,899,1088,857,1107
1191: 1069,503,1183,1190,857
1192: 1104,1196,604,873,1111,1042,546,606,585
1193: 624,934,672,941,909,872,550
1194: 753,783,671
1195: 1097,617,1122,814
1196: 604,730,681,1104,873,1192
1197: 1006,1036,1085,921,992
1198: 1128,848,631,940
1199: 804,1102,1039
1202: 30,35,62,17,134,381,1227,1229,352,1207,1208,1,204,5,199,480
1203: 232,48,106,1208,1,204,5,199,476,447,29,433,449
1204: 82,61,234,26,185,64,56,6,8,83,74,1223,1225,1248
1205: 10,49,1206,1241,1243,1230,1242,1258,31,1231,1257,7,51,63,1236,1234,85,1218,1216,16,89
1206: 1241,1243,2,103,1224,86,1252,1261,1219,1250,1254,1220,1249,1253,1221,1255,1260,1256,1262,1263,1251,68,37,1230,1242,41,7,51,1205,10,49
1207: 352,134,71,381,30,1202,35,62,204,5,199,480
1208: 1,21,1209,1211,1227,1229,1228,1210,30,1202,35,62,106,204,5,199,476,447,232,1203,48,29
1209: 21,1211,25,1233,1238,1239,1237,72,14,17,140,1227,1229,1228,1210,88,106,1208,1
1210: 1227,1229,1228,14,17,134,21,1209,1211,35,62,106,1208,1,5,199
1211: 21,1209,1237,14,17,140,1227,1229,1228,1210,88,106,1208,1
1212: 1213,32,1215,40,1217,365,11,96,47,55,28,85,1218,1216,264,75,73,1226,58,1214,419,124,54,97,129,18
1213: 1212,32,1215,40,1217,365,11,96,47,55,28,85,1218,1216,264,75,73,1226,58,1214,419,124,54,97,129,18
1214: 73,1226,58,47,55,85,1218,1216,16,1213,1212,32,1215,40,1217,45,124,54,97,129,18,164,27,59
1215: 1213,1212,32,40,1217,365,11,96,47,55,28,85,1218,1216,264,75,73,1226,58,1214,419,124,54,97,129,18
1216: 85,1218,7,51,1205,10,47,55,28,16,1213,1212,32,1215,40,1217,73,1226,58,1214,45
1217: 1213,1212,32,1215,40,365,11,96,47,55,28,85,1218,1216,264,75,73,1226,58,1214,419,124,54,97,129,18
1218: 85,1216,41,7,51,1205,10,47,55,28,16,1213,1212,32,1215,40,1217,73,1226,58,1214,45
1219: 1261,1250,1254,1220,1249,1253,1221,1255,1260,1256,1262,1263,1251,74,1223,1244,1225,1248,1246,78,1224,86,1252,1247,1222,1240,1206,1241,1243,1230,1242,1258,1259,31,1231,1257
1220: 1261,1219,1250,1254,1249,1253,1221,1255,1260,1256,1262,1263,1251,74,1223,1244,1225,1248,1246,78,1224,86,1252,1245,1247,1222,1240,1206,1230,1242,1258,1259,31,1231,1257,1232
1221: 1261,1219,1250,1254,1220,1249,1253,1255,1260,1256,1262,1263,1251,74,1223,1225,1246,78,1224,86,1252,1247,1222,1240,1206,1241,1243,1230,1242,1258,1259,31,1231,1257
1222: 1245,1247,1240,1223,1244,1225,1248,1246,78,90,42,1261,1219,1254,1220,1249,1253,1221,1255,1260,1256,1262,1263,22,92,76,1230,1258,1259,31,1231,1257,1232,1235,99
1223: 1244,1225,1248,1246,61,1204,8,66,74,78,1224,86,1252,1261,1219,1250,1254,1220,1249,1253,1221,1255,1260,1256,1262,1263,1251,1247,1222,1240
1224: 86,1252,83,74,1223,1225,1246,2,103,1261,1219,1250,1254,1220,1249,1253,1221,1255,1260,1256,1262,1263,1251,68,37,1206,1241,1243,1230,1242
1225: 1223,1244,1248,1246,61,1204,8,66,74,78,1224,86,1252,1261,1219,1250,1254,1220,1249,1253,1221,1255,1260,1256,1262,1263,1251,1247,1222,1240
1226: 73,58,1214,47,55,28,85,1218,1216,16,1213,1212,32,1215,40,1217,45,124,54,97,129,18,164,59
1227: 1229,1228,1210,14,17,134,21,1209,1211,30,1202,35,62,106,1208,1,204,5,199
1228: 1227,1229,1210,14,17,134,21,1209,1211,30,35,62,106,1208,1,204,5,199
1229: 1227,1228,1210,14,17,134,21,1209,1211,30,1202,35,62,106,1208,1,204,5,199
1230: 1242,1224,86,1252,1261,1219,1250,1254,1220,1249,1253,1221,1255,1260,1256,1262,1263,1251,1245,1247,1222,1240,1206,1241,1243,1258,1259,31,1231,1257,1232,7,51,1205,10,49,63,1236,1234
1231: 1258,1259,31,1257,1232,1261,1219,1254,1220,1249,1253,1221,1255,1260,1256,1262,1263,1245,1247,1222,1240,22,92,76,1230,1242,1235,99,1205,10,49,63,1236,1234,25,1233,1238,1239,1237,72
1232: 1258,1259,31,1231,1257,1261,1220,1260,1256,1262,1263,1245,1247,1222,1240,22,92,76,1230,1235,99,10,49,63,1236,1234,25,1233,1238,1239,1237,72
1233: 25,1238,1239,1237,72,1258,1259,31,1231,1257,1232,1235,99,38,63,1236,1234,14,89,140,21,1209
1234: 63,1236,1230,1242,1258,1259,31,1231,1257,1232,1235,99,1205,10,49,25,1233,1238,1239,1237,72,16,89,140
1235: 99,1245,1222,1240,22,92,76,0,1258,1259,31,1231,1257,1232,38,63,1236,1234,25,1233,1238,1239,1237,72,14
1236: 63,1234,1230,1258,1259,31,1231,1257,1232,1235,99,1205,10,49,25,1233,1238,1239,1237,72,16,89,140
1237: 25,1233,1238,1239,72,1258,1259,31,1231,1257,1232,1235,99,38,63,1236,1234,14,89,140,21,1209,1211
1238: 25,1233,1239,1237,72,1259,1231,1232,1235,99,38,63,1236,1234,14,89,140,1209
1239: 25,1233,1238,1237,72,1258,1231,1232,1235,99,38,63,1236,1234,14,89,140,21,1209
1240: 1245,1247,1222,1223,1244,1225,1246,78,42,1261,1219,1250,1254,1220,1249,1253,1221,1255,1260,1256,1262,1263,1251,22,92,76,1230,1258,1259,31,1231,1257,1232,1235,99
1241: 1206,1243,2,103,1224,86,1252,1261,1219,1250,1249,1253,1221,1255,1260,1256,1262,1251,68,37,1230,1242,41,7,51,1205,10,49
1242: 1230,1224,86,1252,1261,1219,1250,1254,1220,1249,1253,1221,1255,1260,1256,1262,1263,1251,1206,1241,1243,1258,1259,31,1231,1257,7,51,1205,10,49,63,1234
1243: 1206,1241,2,103,1224,86,1252,1219,1250,1253,1221,1255,1260,1256,1262,68,37,1230,1242,41,7,51,1205,10,49
1244: 1223,1225,1248,1246,8,66,74,78,86,1261,1219,1250,1254,1220,1249,1253,1255,1263,1251,1245,1247,1222,1240
1245: 1247,1222,1240,1244,1246,78,90,42,1261,1254,1220,1249,1253,1255,1260,1256,1262,1263,22,92,76,1230,1258,1259,31,1231,1257,1232,1235,99
1246: 1223,1244,1225,1248,8,66,74,78,1224,86,1252,1261,1219,1250,1254,1220,1249,1253,1221,1255,1260,1256,1262,1263,1251,1245,1247,1222,1240
1247: 1245,1222,1240,1223,1244,1225,1248,1246,78,42,1261,1219,1250,1254,1220,1249,1253,1221,1255,1260,1256,1262,1263,1251,22,92,76,1230,1258,1259,31,1231,1257,1232
1248: 1223,1244,1225,1246,1204,8,66,74,78,86,1219,1250,1254,1220,1249,1253,1263,1251,1247,1222
1249: 1261,1219,1250,1254,1220,1253,1221,1255,1260,1256,1262,1263,1251,74,1223,1244,1225,1248,1246,78,1224,86,1252,1245,1247,1222,1240,1206,1241,1230,1242,1258,1259,31,1231,1257
1250: 1261,1219,1254,1220,1249,1253,1221,1255,1260,1256,1262,1263,1251,74,1223,1244,1225,1248,1246,78,1224,86,1252,1247,1240,1206,1241,1243,1230,1242,1258,31,1257
1251: 1261,1219,1250,1254,1220,1249,1253,1221,1255,1260,1256,1262,1263,74,1223,1244,1225,1248,1246,78,1224,86,1252,1247,1240,1206,1241,1230,1242,1258,31,1257
1252: 1224,86,83,74,1223,1225,1246,2,103,1261,1219,1250,1254,1220,1249,1253,1221,1255,1260,1256,1262,1263,1251,68,37,1206,1241,1243,1230,1242
1253: 1261,1219,1250,1254,1220,1249,1221,1255,1260,1256,1262,1263,1251,74,1223,1244,1225,1248,1246,78,1224,86,1252,1245,1247,1222,1240,1206,1241,1243,1230,1242,1258,1259,31,1231,1257
1254: 1261,1219,1250,1220,1249,1253,1221,1255,1260,1256,1262,1263,1251,74,1223,1244,1225,1248,1246,78,1224,86,1252,1245,1247,1222,1240,1206,1230,1242,1258,1259,31,1231,1257
1255: 1261,1219,1250,1254,1220,1249,1253,1221,1260,1256,1262,1263,1251,74,1223,1244,1225,1246,78,1224,86,1252,1245,1247,1222,1240,1206,1241,1243,1230,1242,1258,1259,31,1231,1257
1256: 1261,1219,1250,1254,1220,1249,1253,1221,1255,1260,1262,1263,1251,74,1223,1225,1246,78,1224,86,1252,1245,1247,1222,1240,1206,1241,1243,1230,1242,1258,1259,31,1231,1257,1232
1257: 1258,1259,31,1231,1232,1261,1219,1250,1254,1220,1249,1253,1221,1255,1260,1256,1262,1263,1251,1245,1247,1222,1240,22,92,76,1230,1242,1235,99,1205,10,49,63,1236,1234,1233,1237,72
1258: 1259,31,1231,1257,1232,1261,1219,1250,1254,1220,1249,1253,1221,1255,1260,1256,1262,1263,1251,1245,1247,1222,1240,22,92,76,1230,1242,1235,99,1205,10,49,63,1236,1234,1233,1239,1237,72
1259: 1258,31,1231,1257,1232,1261,1219,1254,1220,1249,1253,1221,1255,1260,1256,1262,1263,1245,1247,1222,1240,22,92,76,1230,1242,1235,99,10,49,63,1236,1234,1233,1238,1237,72
1260: 1261,1219,1250,1254,1220,1249,1253,1221,1255,1256,1262,1263,1251,74,1223,1225,1246,78,1224,86,1252,1245,1247,1222,1240,1206,1241,1243,1230,1242,1258,1259,31,1231,1257,1232
1261: 1219,1250,1254,1220,1249,1253,1221,1255,1260,1256,1262,1263,1251,74,1223,1244,1225,1246,78,1224,86,1252,1245,1247,1222,1240,1206,1241,1230,1242,1258,1259,31,1231,1257,1232
1262: 1261,1219,1250,1254,1220,1249,1253,1221,1255,1260,1256,1263,1251,74,1223,1225,1246,78,1224,86,1252,1245,1247,1222,1240,1206,1241,1243,1230,1242,1258,1259,31,1231,1257,1232
1263: 1261,1219,1250,1254,1220,1249,1253,1221,1255,1260,1256,1262,1251,74,1223,1244,1225,1248,1246,78,1224,86,1252,1245,1247,1222,1240,1206,1230,1242,1258,1259,31,1231,1257,1232