1574: 1605,1869,2026
543: 
1068: 1632,1656,1630,1655,1659,1653,1654,1657,1658,1640,1638,1627,1619,1624
1141: 1100,461,1656,1746,1708,1720
1543: 1349,449
566: 
949: 1680,1686,1648,1664
1581: 919,1562
1445: 1530,596,1337,1690
1701: 1671,1700
977: 995
1519: 1564,1430,1499,1554,1450,1531,1479,1476
1373: 1467
1572: 1527
1394: 1379,1415,1365,1557,1419,1345,1317,1346,1426,323,1431
535: 
1939: 2021,502
1459: 1525,1526
1509: 1357,1345,1393,1428,1489
583: 455
1619: 1640,1638,1627,1644,1624,1646,1632,1068,1731,1521,1655,1659,1653,1657,1636,1645,1639
1376: 1395,1461,1501,1460
900: 
1520: 1495,1499,1571
1337: 1690,1585,1565,596,1445,1530
500: 
520: 
1393: 1346,1426,1316,323,1431,1588,1345,1317,1461,1509,1395
1602: 1532
1623: 1066,1618,1063,1065,1609,1083,1615,1731,1521,1053,1651,1662
562: 
509: 
1174: 1062,1928,1785,1009,478,700
822: 1487,410
947: 
563: 541
985: 952,1387,1456
1450: 1531,1479,1554,1519,1564,1430,1476
1434: 1512,918
1556: 1576
995: 977
551: 
1532: 1602
957: 538
1540: 1499,1571
1687: 1637,1668
961: 
495: 
1456: 1557,1419,1387,985,1379,1365
968: 
1718: 1765,1713,1733
929: 486
939: 
905: 
1461: 157,1588,1346,1393,1426,1316,323,1431,1395,1376,1501
552: 1558,1537
572: 1689
1506: 1478,994,903
560: 1927
504: 
1479: 1450,1531,1554,1519,1564
61: 1460
539: 
558: 
1527: 1572
1495: 1520,1499,1571,1554
1582: 1569,403
922: 579
589: 
1874: 1872,1918,1770,1839,1907,1830,1882,1884
1600: 1789
598: 1870,1863,507
1202: 1676,1650,1682,1684,1663
1781: 1827,1752,1779,1767,1836
587: 
515: 983
1571: 1540,1499,1495,1520,487,1387,1564
569: 966,1989,946,2025,2048,1992,2050
996: 933
1823: 1920,1940,1986,1904,1948,1864,1955,1887,1912,1848,1906,1919
1690: 1337,1585,1565,596,1445,1530
916: 568
1172: 1136,492,1635,1617
1605: 1574,1869,2026
591: 
926: 1323,1454
1487: 822
1513: 1548
532: 
944: 
582: 
1295: 
948: 
1349: 1543,449
1064: 1088,557
588: 
1253: 1278,1290
994: 1478,1506,157,1588
1518: 
1496: 1660,1326,1268
1869: 2026,1574,1605,2007,1069,1620
593: 
1426: 1346,1393,1316,323,1431,1394,1415,157,1588,1345,1317,1461,1395
544: 
908: 
1606: 1835,1853,1839,1851,1844,1877,1900,1871,1838
955: 
1346: 1393,1426,1316,323,1431,1379,1394,1415,1365,1345,1317,1461,1395
906: 
1635: 153,1617,492,1172,1136
581: 
498: 928,537
932: 
575: 590,2027,1998,1921,1974,1986,2033,1980,1948,1864,1955,524,2057
993: 
1646: 1640,1638,1627,1619,1644,1624,1655,1636,1645,1639
531: 507
1395: 1376,1346,1393,1426,1316,323,1431,1461,1501
1428: 1489,1509,1357,482
513: 
1278: 1253
1387: 487,1499,1571,985,1557,1419,1456
1316: 1346,1393,1426,323,1431,157,1588,1345,1317,1461,1395
1671: 1700,853,1677,1701
1458: 1397,1514,1474
506: 
975: 976
911: 1773,1809
555: 
597: 
979: 
988: 
963: 
1684: 1663,1326,1268,1202,1243,1161,1676,1650,1682
538: 957
951: 
1348: 1402
536: 
592: 565,954
1063: 1618,1065,1609,1083,1612,1067,1069,1620,1615,1623
1562: 919,1581
1569: 1582,403
986: 1547,1580
559: 
586: 1841,1870,1730,1834
903: 1478,1506
1589: 1732
596: 1565,1337,1690,1445,1530
1670: 1743,1719,1722,1745,1733,1713
557: 1088,1064
580: 434
537: 498
978: 
153: 1635,1617,492,1136
980: 
1974: 1921,1986,590,575,1920,1948,1864,1955
568: 916
157: 1588,994,1426,1316,323,1431,1461
965: 
1860: 1834,1804,1841,1870,1730
902: 
556: 
1503: 1404
1430: 1519,1564,1450,1531,1476
541: 563
594: 
166: 1015,599,924
1708: 1656,1746,1632,1630,1655,1659,1653,1654,1657,1658,1100,1141
507: 598,1863,1807,1970,1788,531
700: 1062,1174,1009
1528: 1592
519: 
550: 
1547: 1580,986,1536,1502
574: 404,1477,1341
940: 
1065: 1618,1063,1609,1083,1612,1067,1069,1620,1615,1731,1521,1066,1623
1837: 1783,1801,1699
923: 
1062: 1174,1928,1785,1009,478,700
1053: 1066,1623
901: 
501: 
1588: 157,994,1393,1426,1316,323,1431,1461
992: 
1290: 1253
534: 1978
967: 549
573: 
547: 
976: 975
919: 1581,1562
1415: 1379,1394,1365,1557,1419,1345,1317,1346,1426,323,1431
1565: 1585,596,1337,1690
590: 1963,1942,1987,2003,2027,1998,1921,1974,575
1625: 237,1868,1990,1933,1914,514,945
1514: 1474,1458,1397
962: 
927: 1633,1629,1820
1578: 1388
584: 
934: 
1531: 1450,1479,1554,1519,1564,1430,1476
953: 
1197: 1686,1664
973: 
517: 404
982: 
1357: 1509,1345,1317,1428,1489
924: 166,1015,1184
1891: 1793
1424: 1672
990: 
578: 
1341: 1477,404,574
1149: 984,1184,1811
1388: 1578
1502: 1536,1547,1580,448
914: 
1419: 1557,1456,1387,1379,1394,1415,1365
1693: 1707,1725,1698,1723,1720,1754,1703,1722,1745
1607: 232
925: 
1521: 1731,1618,1065,1066,1623,1627,1619,1644,1636,1645
1100: 1141,461,1656,1746,1708,1720
1489: 1428,1509,1357,1460,482
941: 
1659: 1630,1655,1653,1654,1657,1658,1632,1068,1656,1746,1708,1640,1638,1627,1619,1624,1639
912: 
950: 
943: 
1443: 1598,456,448
232: 1607
1742: 
1551: 445,1414
1404: 1503
579: 922
237: 1625,1868,1990,1933,1914,514,945
508: 
920: 
1379: 1394,1415,1365,1557,1419,1456,1476,1345,1317,1346,323,1431
599: 166,1015
1580: 1547,986,1536,1502
514: 945,237,1625,1633,1629
1476: 1519,1564,1430,1450,1531,1379,1365
971: 
972: 554
1557: 1419,1456,1387,1379,1394,1415,1365
1583: 1953,1825,1603,917
1585: 1565,1337,1690
1402: 1348
1576: 1556
1345: 1317,1379,1394,1415,1365,1346,1393,1426,1316,323,1431,1509,1357
1526: 1561,1525,1459,482
1512: 1434,918
512: 
942: 436
571: 
1478: 1506,994,903
1501: 1461,1395,1376,1460
1563: 
928: 498
1499: 1540,1571,1495,1520,487,1387,1519,1564
567: 
528: 
909: 
1467: 1373
524: 1921,1986,575,1948,1864,1955,1922,1919
998: 
853: 1677,1671,1700
585: 
523: 469
1525: 1459,1526,1561
915: 
1009: 1928,1785,1062,1174,700
533: 
959: 
913: 
530: 481
496: 
1088: 1064,557
522: 
958: 
553: 
1474: 1514,1458,1397
1365: 1379,1394,1415,1557,1419,1456,1476,1345,1317,1346,1431
1530: 1445,596,1337,1690
510: 402
542: 
960: 
984: 1149
952: 985
595: 
1561: 1526,1525
505: 
521: 1592
999: 442
1795: 1776,1960,1819
518: 418
1680: 949,1686,1648,1664
502: 2021,1939
956: 
1414: 1551,445
933: 996,1988,1791
904: 449
1015: 166,599,924
1066: 1623,1618,1065,1609,1083,1615,1731,1521,1053,1651,1662
549: 967
991: 1855,1984,1916
1268: 1326,1684,1663,1496,1660
1454: 1323,926,918
311: 1005
554: 972
497: 
1536: 1502,1547,1580,448
548: 1601,1590
526: 
989: 
1069: 1620,1869,2026,1612,1067,1618,1063,1065,1609,1083,1615
1601: 548,1590
545: 1772,1802
576: 
945: 514,237,1625,1633,1629
323: 1346,1393,1426,1316,1431,1379,1394,1415,157,1588,1345,1317,1461,1395
981: 1807,1970,1760,1797,1863,1788
946: 1989,2038,1997,569,966,1976,2031,2025,2048,2009,1992,2050
516: 
1637: 1687,1668
1161: 1676,1650,1682,1684,1663
570: 
1985: 2041,2018,2030,1966,2042,1950,2020,1999,2051,1931,2023
1592: 1528,521
918: 1323,1454,1434,1512
1184: 924,1149,1811
1714: 1695,1721,1694
1323: 1454,926,918
1686: 1648,1664,1197,1680,949,1676,1650,1682
1243: 1676,1650,1682,1684,1663
499: 
1460: 1376,1501,1489,61
1732: 1589
938: 
966: 569,946,1945,2025,2048,2009,1992,2050
1700: 1671,853,1677,1701
937: 
1477: 1341,404,574
921: 
1698: 1707,1693,1725,1723,1720,1754,1703,1722,1745
1326: 1268,1684,1663,1496,1660
540: 
997: 
503: 
917: 1603
1766: 1836,1752
1537: 1558,577,552
546: 
1067: 1612,1069,1620,1618,1063,1065,1609,1083
970: 
1603: 917,1583
1733: 1743,1670,1718,1765,1713
1668: 1687,1637
1719: 1763,1699,1670
1431: 1346,1393,1426,1316,323,1379,1394,1415,1365,157,1588,1345,1317,1461,1395
931: 
565: 592
529: 
1005: 311
561: 
1624: 1640,1638,1627,1619,1644,1646,1632,1068,1630,1655,1659,1653,1654,1657,1658,1636,1645,1639
964: 
2033: 1980,1931,575,2057,2039,1977,2059
1317: 1345,1379,1394,1415,1365,1346,1393,1426,1316,323,1431,1357
954: 592
1575: 1642,1641,1643
1590: 548,1601
1741: 
1558: 1537,577,552
1548: 1513
564: 
511: 
1788: 1863,1807,981,1970,507
969: 
527: 
1136: 1172,492,1651,1662,153,1635,1617
1554: 1495,1519,1564,1450,1531,1479
987: 475,480
935: 
1397: 1458,1514,1474
1083: 1618,1063,1065,1609,1612,1067,1069,1620,1615,1066,1623
974: 
907: 
1598: 1443,456,448
930: 
577: 1558,1537
983: 515
525: 1818,2004,1935,1978
1984: 991,1855,1973,2053,1916,409
1564: 1519,1430,1499,1571,1554,1450,1531,1479,1476
910: 
936: 
400: 
401: 
402: 510
403: 1569,1582
404: 574,1477,1341,517
405: 
406: 
407: 
408: 
409: 2006,1973,2053,1916,1855,1984
410: 822
411: 
412: 
413: 
414: 
415: 
416: 
417: 
418: 518
419: 
420: 
421: 
422: 
423: 
424: 
425: 
426: 
427: 
428: 
429: 
430: 
431: 
432: 
433: 
434: 580
435: 
436: 942
437: 
438: 468
439: 
440: 
441: 
442: 1772,1802,1729,1846,999
443: 
444: 1945,2035,1967,1936
445: 1551,1414
446: 
447: 
448: 1536,1502,1443,1598
449: 904,1543,1349
450: 
451: 
452: 1791
453: 
454: 
455: 583
456: 1443,1598
457: 
458: 
459: 
460: 
461: 1100,1141
462: 
463: 
464: 
465: 
466: 
467: 
468: 438
469: 523
470: 
471: 
472: 
473: 
474: 
475: 987
476: 
477: 
478: 1062,1174
479: 
480: 987
481: 530
482: 1428,1489,1526
483: 
484: 
485: 
486: 929
487: 1499,1571,1387
488: 
489: 
490: 
491: 
492: 1651,1662,1172,1136,153,1635,1617
493: 
494: 
1609: 1618,1063,1065,1083,1612,1067,1069,1620,1615,1066,1623
1699: 1763,1719,1783,1837
1676: 1202,1243,1161,1650,1682,1686,1648,1664,1684,1663
1612: 1067,1069,1620,1618,1063,1065,1609,1083
1721: 1695,1714,1694
1672: 1424
1615: 1069,1620,1618,1063,1065,1609,1083,1066,1623
1729: 1846,1772,1802,442
1617: 153,1635,492,1172,1136
1618: 1063,1065,1609,1083,1612,1067,1069,1620,1615,1731,1521,1066,1623
1620: 1069,1869,2026,1612,1067,1618,1063,1065,1609,1083,1615
1627: 1640,1638,1619,1644,1624,1646,1632,1068,1731,1521,1655,1659,1657,1636,1645,1639
1636: 1645,1731,1521,1640,1638,1627,1619,1644,1624,1646,1639
1629: 1633,514,945,927
1630: 1655,1659,1653,1654,1657,1658,1632,1068,1656,1746,1708,1640,1638,1624,1639
1631: 1634
1632: 1068,1656,1708,1630,1655,1659,1653,1654,1657,1658,1640,1638,1627,1619,1624
1633: 1629,514,945,927
1634: 1631
1638: 1640,1627,1619,1644,1624,1646,1632,1068,1630,1655,1659,1653,1654,1657,1658,1636,1645,1639
1639: 1630,1655,1659,1653,1654,1657,1658,1640,1638,1627,1619,1644,1624,1646,1636,1645
1640: 1638,1627,1619,1644,1624,1646,1632,1068,1630,1655,1659,1653,1654,1657,1658,1636,1645,1639
1641: 1643,1575,1642
1642: 1575,1641,1643
1643: 1641,1575,1642
1644: 1640,1638,1627,1619,1624,1646,1731,1521,1655,1636,1645,1639
1645: 1636,1731,1521,1640,1638,1627,1619,1644,1624,1646,1639
1685: 1692
1648: 1686,1664,1680,949,1676,1650
1696: 1679
1650: 1202,1243,1161,1676,1682,1686,1648,1664,1684,1663
1651: 1662,1066,1623,492,1136
1677: 853,1671,1700
1653: 1630,1655,1659,1654,1657,1658,1632,1068,1656,1746,1708,1640,1638,1619,1624,1639
1654: 1630,1655,1659,1653,1657,1658,1632,1068,1656,1746,1708,1640,1638,1624,1639
1655: 1630,1659,1653,1654,1657,1658,1632,1068,1656,1746,1708,1640,1638,1627,1619,1644,1624,1646,1639
1656: 1746,1708,1632,1068,1630,1655,1659,1653,1654,1657,1658,1100,1141
1657: 1630,1655,1659,1653,1654,1658,1632,1068,1656,1746,1708,1640,1638,1627,1619,1624,1639
1658: 1630,1655,1659,1653,1654,1657,1632,1068,1656,1746,1708,1640,1638,1624,1639
1660: 1496,1326,1268
1720: 1100,1141,1763,1703,1693,1725,1698,1723
1662: 1651,1066,1623,492,1136
1663: 1684,1326,1268,1202,1243,1161,1676,1650,1682
1664: 1686,1648,1197,1680,949,1676,1650,1682
1665: 1702
1679: 1696
1682: 1202,1243,1161,1676,1650,1686,1664,1684,1663
1689: 1817,572,1790
1688: 
1797: 1760,1863,1807,981,1970
1692: 1685
1694: 1695,1721,1714
1695: 1721,1714,1694
1697: 1787
1702: 1665
1703: 1720,1763,1707,1693,1725,1698,1723
1982: 2016,1961,2054,2037,2056,2038,1997,2055,2040,2024,1976,2031,1983,2019,1944,2011,2049
1767: 1752,1779,1781,1736,1751
1842: 1903,1859
1707: 1693,1725,1698,1723,1754,1703,1722,1745
1731: 1521,1618,1065,1066,1623,1627,1619,1644,1636,1645
1730: 1841,1870,586,1834,1804,1860
1926: 1951,1893,1899,1946
1713: 1718,1765,1743,1670,1733
1717: 1796,1769,1771,1810,1736,1751,1776
1722: 1745,1707,1693,1698,1723,1743,1670
1723: 1707,1693,1725,1698,1720,1754,1703,1722,1745
1725: 1707,1693,1698,1723,1720,1754,1703
1841: 1870,1730,586,1834,1804,1860
1728: 1792
1807: 981,1970,1760,1797,1863,507,1788
1772: 1802,545,1729,1846,442
1736: 1751,1769,1771,1779,1767,1717,1796
1737: 1888,1953,1825
1830: 1907,1882,1884,1872,1874,1839,1871,1838,1903
1765: 1718,1713,1733
1740: 1798,1778,1847
1743: 1670,1722,1745,1733,1713
1778: 1847,1740,1798
1745: 1722,1707,1693,1698,1723,1743,1670
1746: 1656,1708,1630,1655,1659,1653,1654,1657,1658,1100,1141
1796: 1717,1769,1771,1810,1736,1751,1776
1858: 1915,1934,1820,1859,1856
1918: 1893,1770,1872,1874
1750: 1875
1751: 1736,1769,1771,1779,1767,1717,1796
1752: 1779,1767,1781,1836,1766
1801: 1783,1837
1754: 1707,1693,1725,1698,1723
1937: 2023,2005,2058
1756: 1819,1859,1776,1960
1835: 1606,1853,1839,1900,1871,1838,1769,1810
1760: 1797,1807,981
1917: 1843,1906,1904,1920,1948,1864,1887,1912,1848,1922,1919,1890,1910,1905,1880
1763: 1720,1703,1699,1719
1825: 1953,1888,1737,1583
1768: 1832
1769: 1771,1810,1835,1717,1796,1736,1751
1770: 1918,1872,1874
1771: 1769,1810,1717,1796,1736,1751
1773: 1809,911
1775: 1898,1894
1776: 1960,1717,1796,1756,1819,1795
1779: 1752,1767,1781,1736,1751
1945: 2035,966,444,2025,2048,1979,1883
1783: 1837,1801,1699
1785: 1928,1062,1174,1009
2046: 1994,2044,2040,2024,2011,2029,2012,2049,2052,1902,2045,2032,2047,2036,2028,2002,2043
1787: 1697
1789: 1600
1790: 1817,1689
1791: 933,1988,452
1792: 1728
1793: 1891
1798: 1740,1778,1847
1809: 1773,911
1802: 1772,545,1729,1846,442
1803: 1876,1844,1877,1827
1804: 1834,1860,1841,1870,1730
1890: 1922,1919,1910,1920,1948,1864,1955,1843,1917,1906,1880
2017: 2015,1972,1983,2011,2029,2012,2049,2052,1902,2045,2032,2047,2036,1995,1987,2003
1867: 1913,1904,1887,1912,1848
1810: 1769,1771,1835,1717,1796
1811: 1184,1149
1844: 1877,1900,1905,1880,1851,1876,1803,1606,1853
1973: 2053,1916,2008,2006,409,1855,1984
1817: 1689,1790
1818: 525,1935,1978
1819: 1756,1859,1776,1960,1795
1820: 1915,1934,1858,927,1856
1938: 1879,1933,1914,1907,1903,1915,1934
1919: 1922,1890,1910,1920,1940,1823,1948,1864,1955,524,1843,1917,1906
1859: 1842,1858,1856,1756,1819
1827: 1876,1803,1781
1988: 933,1791
2042: 1950,2028,2002,2043,2018,2030,1966,2020,1999,1985,2041
1832: 1768
1880: 1887,1912,1848,1843,1917,1906,1890,1910,1905,1851,1844
1834: 1804,1860,1841,1870,1730,586
1836: 1766,1781,1752
1838: 1871,1839,1907,1830,1882,1884,1835,1606,1853,1903
1839: 1872,1874,1851,1907,1830,1882,1884,1871,1838,1835,1606,1853
1851: 1905,1880,1839,1844,1877,1900,1606,1853
1843: 1917,1906,1904,1920,1948,1887,1912,1848,1922,1919,1890,1910,1905,1880
1936: 1967,444
1846: 1729,1772,1802,442
1847: 1778,1740,1798
1848: 1887,1912,1867,1913,1904,1920,1940,1823,1843,1917,1906,1905,1880
1990: 1868,1951,1933,1914,237,1625
1853: 1835,1606,1839,1851,1844,1877,1900,1871,1838
1855: 991,1984,1973,2053,1916,409
1856: 1820,1858,1859
1920: 1940,1823,1921,1974,1986,1904,1948,1864,1955,1848,1843,1917,1906,1922,1919,1890,1910
1863: 1797,598,1807,981,1970,507,1788
1864: 1948,1955,1921,1974,1986,575,1920,1940,1823,524,1917,1906,1922,1919,1890,1910
1899: 1946,1893,1926,1951
1987: 2003,2015,1972,2017,1995,2018,2030,1966,2020,1999,590,2027,1998
1868: 1990,1951,1933,1914,237,1625
1870: 1841,1730,586,1834,1804,1860,598
1871: 1838,1839,1907,1830,1882,1884,1835,1606,1853,1903
1872: 1874,1918,1770,1839,1907,1830,1882,1884
2002: 2028,2043,2046,1994,2044,1902,2045,2047,2036,1995,2018,2030,1966,2042,1950
1875: 1750
1876: 1803,1844,1877,1900,1827
1877: 1844,1900,1905,1851,1876,1803,1606,1853
1879: 1938,1933,1914,1907,1884,1903,1915,1934
1882: 1907,1830,1884,1872,1874,1839,1871,1838,1903
1883: 1979,1945,2035,2025,2048,2009,2050,1886,1991
1884: 1907,1830,1882,1872,1874,1839,1871,1838,1879,1903
1886: 1991,2009,1992,2050,1979,1883,1941,1965
1887: 1912,1848,1867,1913,1904,1823,1843,1917,1906,1905,1880
1888: 1737,1953,1825
1951: 1926,1899,1946,1868,1990,1933,1914
1893: 1918,1899,1946,1926
1894: 1775
1895: 2014
1948: 1864,1955,1921,1974,1986,575,1920,1940,1823,524,1843,1917,1906,1922,1919,1890,1910
1970: 1807,981,1797,1863,507,1788
1898: 1775
1900: 1844,1877,1905,1851,1876,1835,1606,1853
1902: 2045,2032,2047,2036,2040,2024,2046,1994,2044,2011,2029,2012,2049,2052,2028,2002,2043,2015,2017,1995,2018,2030,1966
1903: 1907,1830,1882,1884,1871,1838,1879,1938,1915,1934,1842
1904: 1867,1913,1920,1940,1823,1887,1912,1848,1843,1917,1906
1905: 1887,1912,1848,1843,1917,1906,1880,1851,1844,1877,1900
1906: 1843,1917,1904,1920,1940,1823,1948,1864,1955,1887,1912,1848,1922,1919,1890,1910,1905,1880
1907: 1830,1882,1884,1872,1874,1839,1871,1838,1879,1938,1903
2032: 1902,2045,2047,2036,2040,2024,2046,1994,2044,2011,2029,2012,2049,2052,2028,2043,2015,1972,2017,1995,2030,1966
1910: 1922,1919,1890,1920,1948,1864,1843,1917,1906,1880
1980: 2033,1931,575,2057,2039,1977,2059
1912: 1887,1848,1867,1913,1904,1823,1843,1917,1906,1905,1880
1913: 1867,1904,1887,1912,1848
1914: 1933,1951,1868,1990,237,1625,1879,1938
1915: 1934,1879,1938,1903,1820,1858
1916: 1973,2053,2006,409,991,1855,1984
1921: 1974,1986,590,2027,1998,575,1920,1948,1864,1955,524
1922: 1919,1890,1910,1920,1940,1948,1864,1955,524,1843,1917,1906
2034: 1947
1989: 2038,1997,2055,569,946,1976,2031
1950: 2042,2028,2002,2043,2018,2030,1966,2020,1999,1985,2041
1927: 560
1928: 1785,1062,1174,1009
1972: 2015,2017,1983,2019,1944,2011,2029,2012,2049,2052,2032,2047,2036,1995,1963,1942,1987,2003
2058: 1931,2023,2005,1937,2008,2006
1931: 2051,1985,2041,2023,2005,2033,1980,2058
2031: 1976,1989,2038,1997,2055,2016,1982,1961,2054,2037,2056,946,1983,2019,1944,2009,1992,2050
1933: 1914,1951,1868,1990,237,1625,1879,1938
1934: 1915,1879,1938,1903,1820,1858
1935: 2057,2039,1977,2059,2008,2004,1818,525
1940: 1920,1823,1986,1904,1948,1864,1955,1848,1906,1922,1919
1941: 1965,1886,1991,1963,1942
1942: 1963,1972,1941,1965,590
1995: 2011,2029,2012,2049,2052,1902,2045,2032,2047,2036,2028,2002,2043,2015,1972,2017,2018,2030,1966,1987,2003,2020
1944: 1983,2019,2038,1997,2055,2016,1982,1961,2054,2037,2056,2040,2024,1976,2031,2011,2029,2012,2049,2052,2015,1972
1946: 1899,1893,1926,1951
1947: 2034
1953: 1825,1888,1737,1583
2025: 2048,569,966,946,1945,2035,2009,1992,2050,1979,1883
1955: 1948,1864,1921,1974,1986,575,1920,1940,1823,524,1906,1922,1919,1890
2012: 2011,2029,2049,2052,2016,1961,2037,2056,2040,2024,2046,1994,2044,1983,2019,1944,1902,2045,2032,2047,2036,2015,1972,2017,1995
1983: 2019,1944,2038,1997,2055,2016,1982,1961,2054,2037,2056,2040,2024,1976,2031,2011,2029,2012,2049,2052,2015,1972,2017
1960: 1776,1756,1819,1795
1961: 2016,1982,2054,2037,2056,2038,1997,2055,2040,2024,1976,2031,1983,2019,1944,2011,2029,2012,2049,2052
1997: 2038,2055,1989,2016,1982,1961,2054,2037,2056,946,1976,2031,1983,2019,1944
1963: 1942,1972,1941,590
1986: 1921,1974,575,1920,1940,1823,1948,1864,1955,524
1965: 1941,1886,1991,1942
1966: 2018,2030,1902,2045,2032,2047,2036,2028,2002,2043,1995,2042,1950,1987,2003,2020,1999,1985,2041
1967: 1936,444
1976: 2031,1989,2038,1997,2055,2016,1982,1961,2054,2037,2056,946,1983,2019,1944,2009,1992,2050
1977: 2039,2059,2033,1980,2057,2008,2004,1935
1978: 1818,525,534
1979: 1883,1945,2035,2025,2009,1886,1991
1991: 1886,2009,1992,2050,1979,1883,1941,1965
1992: 2009,2050,569,966,946,1976,2031,2025,2048,1886,1991
2020: 1999,1995,2018,2030,1966,2042,1950,1987,2003,1985,2041,2027,1998
1994: 2046,2044,2040,2024,2011,2029,2012,2049,2052,1902,2045,2032,2047,2036,2028,2002,2043
1998: 2027,1987,2003,2020,1999,590,1921,575
1999: 2020,2018,2030,1966,2042,1950,1987,2003,1985,2041,2027,1998
2055: 2038,1997,1989,2016,1982,1961,2054,2037,2056,1976,2031,1983,2019,1944
2030: 2018,1966,1902,2045,2032,2047,2036,2028,2002,2043,1995,2042,1950,1987,2003,2020,1999,1985,2041
2003: 1987,2015,1972,2017,1995,2018,2030,1966,2020,1999,590,2027,1998
2004: 2057,2039,1977,2059,1935,525
2005: 2023,2051,1931,2058,1937
2006: 2058,2008,1973,2053,1916,409
2007: 1869,2026
2008: 2058,2039,1977,2059,2006,1935,1973,2053
2009: 1992,2050,966,946,1976,2031,2025,2048,1979,1883,1886,1991
2026: 1869,1574,1605,2007,1069,1620
2011: 2029,2012,2049,2052,2016,1982,1961,2054,2037,2056,2040,2024,2046,1994,2044,1983,2019,1944,1902,2032,2047,2036,2015,1972,2017,1995
2056: 2016,1982,1961,2054,2037,2038,1997,2055,2040,2024,1976,2031,1983,2019,1944,2011,2012,2049
2014: 1895
2015: 1972,2017,1983,2019,1944,2011,2029,2012,2049,2052,1902,2045,2032,2047,2036,1995,1987,2003
2016: 1982,1961,2054,2037,2056,2038,1997,2055,2040,2024,1976,2031,1983,2019,1944,2011,2029,2012,2049,2052
2018: 2030,1966,1902,2045,2047,2036,2028,2002,2043,1995,2042,1950,1987,2003,2020,1999,1985,2041
2019: 1983,1944,2038,1997,2055,2016,1982,1961,2054,2037,2056,2040,2024,1976,2031,2011,2029,2012,2049,2052,2015,1972
2021: 502,1939
2057: 575,2033,1980,2039,1977,2059,2004,1935
2023: 2005,1985,2041,2051,1931,2058,1937
2024: 2040,2016,1982,1961,2054,2037,2056,2046,1994,2044,1983,2019,1944,2011,2029,2012,2049,2052,1902,2045,2032,2047,2036
2027: 1998,1987,2003,2020,1999,590,1921,575
2028: 2002,2043,2046,1994,2044,1902,2045,2032,2047,2036,1995,2018,2030,1966,2042,1950
2029: 2011,2012,2049,2052,2016,1961,2037,2040,2024,2046,1994,2044,1983,2019,1944,1902,2045,2032,2047,2036,2015,1972,2017,1995
2035: 1945,444,2025,2048,1979,1883
2036: 1902,2045,2032,2047,2040,2024,2046,1994,2044,2011,2029,2012,2049,2052,2028,2002,2043,2015,1972,2017,1995,2018,2030,1966
2037: 2016,1982,1961,2054,2056,2038,1997,2055,2040,2024,1976,2031,1983,2019,1944,2011,2029,2012,2049,2052
2038: 1997,2055,1989,2016,1982,1961,2054,2037,2056,946,1976,2031,1983,2019,1944
2039: 1977,2059,2033,1980,2057,2008,2004,1935
2040: 2024,2016,1982,1961,2054,2037,2056,2046,1994,2044,1983,2019,1944,2011,2029,2012,2049,2052,1902,2045,2032,2047,2036
2041: 1985,2018,2030,1966,2042,1950,2020,1999,2051,1931,2023
2043: 2028,2002,2046,1994,2044,1902,2045,2032,2047,2036,1995,2018,2030,1966,2042,1950
2044: 2046,1994,2040,2024,2011,2029,2012,2049,2052,1902,2045,2032,2047,2036,2028,2002,2043
2045: 1902,2032,2047,2036,2040,2024,2046,1994,2044,2029,2012,2049,2052,2028,2002,2043,2015,2017,1995,2018,2030,1966
2047: 1902,2045,2032,2036,2040,2024,2046,1994,2044,2011,2029,2012,2049,2052,2028,2002,2043,2015,1972,2017,1995,2018,2030,1966
2048: 2025,569,966,946,1945,2035,2009,1992,2050,1883
2049: 2011,2029,2012,2052,2016,1982,1961,2054,2037,2056,2040,2024,2046,1994,2044,1983,2019,1944,1902,2045,2032,2047,2036,2015,1972,2017,1995
2050: 2009,1992,569,966,946,1976,2031,2025,2048,1883,1886,1991
2051: 1931,1985,2041,2023,2005
2052: 2011,2029,2012,2049,2016,1961,2037,2040,2024,2046,1994,2044,1983,2019,1944,1902,2045,2032,2047,2036,2015,1972,2017,1995
2053: 1973,1916,2008,2006,409,1855,1984
2054: 2016,1982,1961,2037,2056,2038,1997,2055,2040,2024,1976,2031,1983,2019,1944,2011,2049
2059: 2039,1977,2033,1980,2057,2008,2004,1935