1183: 1257,1203,1240,1230,1208,1282,1206,1275,1265,110,1229,1271,1277
1279: 598,411,1027,1259
1068: 1028,117,1038,1069,237,1063,1065,1083,1067,1091,1105
1141: 1100,1150,1113,1062,1174,1075,1211
796: 
5: 
949: 
7: 21
1283: 1276,1260,1278,1132,1288,1233,1253,1228,1242,1258,1245
1126: 1011,1020,1162,1232,1171,153,1128,1136,1037,598,965,1007
977: 
11: 244,253
1223: 1053,1091,1105,278,1225,1210,1148,1217,1213
1289: 1267,1255,1239,1181,1270,1258,1285,1221,1280,911
1113: 1150,1062,1174,1146,1097,1148,1238,1141,1100
15: 29
754: 69
17: 37
711: 
19: 334
1269: 1202,1243,965,1284,1281,1262,492,1287,1248
21: 825,7
22: 
699: 918
1124: 1204,1186,1224,1200,1265,1239,1241,1181
25: 387
1259: 1027,1279,411,1272,1256,173
27: 
842: 834,667
29: 15
30: 
740: 134
1188: 1129,1158,1216,1211,1149,1184,1186,1230,1208,1224
33: 485
947: 401
1284: 1202,1243,1269,492,1287,1248
985: 
37: 17
1272: 1166,598,411,1027,1259,1256,454
868: 
995: 
875: 
42: 822,56,638
957: 
44: 
45: 
961: 
766: 
814: 63,898,125
968: 
1281: 1262,965,1269,1161,1287,1248,1247,1263,1274
929: 
939: 345
905: 
1287: 1248,1284,1202,1243,1269,1281,1262,492,1247
727: 662
56: 42
1257: 1183,1203,1240,1230,1208,1282,1206,1275,1265,110,1229,1271
1277: 1237,1183,1203,1240,1265,1241,1229,1271,1285,1221,577,1264
1216: 1129,1188,1158,1075,1211,1149,1184,1186,1230
792: 
61: 
839: 
63: 814,898
1252: 1278,1132,1247,1263,1274,1268,1288,1233,1253,1228,1276,1260
65: 
698: 864
922: 
869: 
69: 754,659
837: 1027,173
1245: 1242,1258,1200,1253,1228,1276,1260,1283,1270,1255,1280
732: 
1128: 153,1136,1037,1114,1232,1126,1011,1020,1162,598
799: 921
75: 973
864: 698
77: 781,208
996: 
854: 659
1007: 1126,1011,1020,1162,598,965
916: 505
1172: 1225,278,1232,1171
1215: 1107,1120,410
1200: 1278,1132,1124,1204,1253,1228,1239,1181,1270,1242,1258,1245
1181: 1239,1241,1224,1124,1204,1200,1270,1237,1285,1221,1267,1255,1289
1235: 1066,1209,1273,1069,237,1063,1065,1083,1067,1091,278,275
1265: 1208,1224,1124,1183,1257,1203,1240,1241,1229,1271,1277,1237
1260: 1276,1283,1278,1132,1252,1268,1288,1233,1253,1228,1242,1258,1245
944: 
1288: 1268,1233,1247,1263,1274,95,1278,1132,1252,1253,1228,1276,1260,1283
1211: 1075,1141,1100,1149,1184,1129,1188,1158,1216,1186
948: 
1158: 1129,1188,1216,1075,1211,1149,1184,1186,1230,1208
1064: 1088,1015,166,117,1038,1069
95: 454,1263,1274,1268,1288,1233
1253: 1228,1278,1132,1252,1268,1288,1233,1200,1276,1260,1283,1270,1242,1245
994: 
98: 345,643
1238: 1097,1148,1217,1150,1113
1266: 1151,1091,1105,1098
1228: 1253,1278,1132,1252,1288,1233,1200,1276,1260,1283,1270,1242,1258,1245
102: 
872: 964
908: 564
105: 634,627
955: 
1225: 1210,1172,1091,1105,278,1114,1223,1232,1171,1217,1213
906: 446
659: 69,854
110: 1282,1206,1275,1183,1257,1203,1240,1229,1271,577,1264
845: 
932: 
1247: 1281,1262,1287,1248,1263,1274,1278,1132,1252,1268,1288,1233
993: 
115: 764
851: 137
117: 1038,1015,166,1064,1088,1028,1030,1069,1068,237,1063,1065,1067
1030: 1028,1015,166,311,1005,117,1038
119: 
1278: 1132,1252,1247,1263,1274,1268,1288,1233,1200,1253,1228,1276,1260,1283
121: 236
1271: 1229,1282,1183,1257,1203,1240,1265,110,1277,1237,577,1264
123: 
1209: 1066,1273,1235,1069,237,1063,1065,1083,1067,1091,278,1118,275
125: 898,814
975: 
911: 1285,1221,1267,1255,1289,1280
898: 125,63,814
1224: 1188,1208,1124,1204,1203,1265,1239,1241,1181
979: 
1075: 1211,1141,1100,1149,1184,1129,1158,1216
963: 
1186: 1211,492,1129,1188,1158,1216,1124
134: 740
951: 
1120: 1215,410,1149,1184
137: 735,851,650
1270: 1204,1200,1253,1228,1239,1181,1242,1258,1245,1221,1267,1255,1289,1280
1063: 237,1065,1083,1067,117,1038,1069,1068,1066,1209,1235,1091,1105,278
140: 
141: 
986: 456
143: 
1078: 700,1009
903: 573
1097: 1146,1096,1098,1148,1150,1113,1062,1174,1238
1237: 1277,1203,1265,1239,1241,1181,1271,1285,1221,1264
1267: 1255,1289,1239,1181,1270,1258,1285,1221,1280,911
149: 
790: 
151: 
978: 885
153: 1128,1136,1037,1114,1118,1232,1171,1126,1011,1020,1162,598
980: 625
1151: 1266,1091,1105,1098
156: 984
157: 
965: 1213,1126,1011,1020,1162,1007,1202,1243,1269,1161,1281,1262
1230: 1149,1184,1129,1188,1158,1216,1208,1282,1206,1275,1183,1257,1240
902: 475
161: 
162: 
1027: 1259,1279,411,837,1166,1272,1256,173
1114: 1118,275,278,1225,1232,1171,153,1128,1136,1037
1204: 1124,1224,1200,1239,1241,1181,1270
166: 1015,442,1064,1088,1028,1030,117,1038,1069
820: 
168: 238,682
700: 1009,1078
883: 
171: 
746: 213
173: 1027,1259,837,1256
1104: 311,1005
940: 371
1065: 237,1063,1083,1067,117,1038,1069,1068,1066,1209,1273,1235,1091,1105,278
177: 
923: 
1062: 1150,1113,1174,1146,1097,1096,1141,1100
1053: 1223,1091,1105,278
901: 
182: 
183: 
992: 
185: 938,998
870: 
967: 
1233: 1268,1288,1247,1263,1274,95,1278,1132,1252,1253,1228,1276,1260,1283
834: 842,667
976: 
919: 
803: 
1208: 1184,1129,1188,1158,1230,1224,1282,1275,1183,1257,1203,1240,1265
809: 458
1256: 411,1027,1259,1166,1272,173,454
1203: 1183,1257,1240,1208,1224,1282,1275,1265,110,1229,1271,1277,1237
962: 
1282: 1206,1275,1230,1208,1183,1257,1203,1240,110,1229,1271
199: 211,384
200: 
934: 
1285: 1221,1239,1241,1181,1277,1237,1267,1255,1289,911
953: 
1197: 492
205: 
206: 
982: 
208: 77,781
924: 
210: 
211: 199
990: 942
213: 746
1264: 577,110,1229,1271,1277,1237
1149: 1184,1120,1075,1211,1129,1188,1158,1216,1230
1239: 1241,1181,1224,1124,1204,1200,1270,1237,1285,1221,1267,1255,1289
1098: 1151,1266,1146,1097,1096
914: 467
219: 
1011: 1126,1020,1162,1232,1171,153,1128,1136,1037,598,965,1007
866: 294,312
925: 
223: 
1100: 1141,1150,1113,1062,1174,1075,1211
1118: 1114,275,1209,1273,278,1232,153,1136
941: 
227: 605,338
912: 
950: 
943: 
706: 
232: 
233: 
234: 
703: 
236: 121
237: 1063,1065,1083,1067,117,1038,1069,1068,1066,1209,1235,1091,1105,278
238: 168,682
920: 592
829: 
241: 
849: 432
243: 
244: 11,253
971: 
246: 
247: 
1105: 1091,1068,237,1063,1065,1083,1067,1066,1151,1266,278,1053,1223,1225,1210
877: 
1129: 1188,1158,1216,1075,1211,1149,1184,1186,1230,1208
251: 
1148: 1223,1146,1097,1096,1217,1150,1113,1238
253: 11,244
1091: 1105,1068,237,1063,1065,1083,1067,1066,1209,1273,1235,1151,1266,278,1053,1223,1225,1210
255: 326
942: 990
1217: 1223,1225,1210,1148,1213,1238
844: 604
259: 
260: 
928: 
690: 
1263: 1274,1281,1262,1247,95,1278,1132,1252,1268,1288,1233
264: 
909: 
1096: 1146,1097,1098,1148,1150,1062,1174
267: 688
998: 185
853: 
270: 464
887: 
1248: 1287,1284,1202,1243,1269,1281,1262,492,1247,1132
915: 
823: 323
275: 1114,1118,1066,1209,1273,1235,278,1232
959: 552,904
913: 
278: 237,1063,1065,1083,1067,1066,1209,1273,1235,1091,1105,1114,1118,275,1053,1223,1225,1210,1172,1232,1171
892: 756
1088: 1064,1015,166,117,1038,1069
281: 
958: 
764: 115
1038: 117,1015,166,1064,1088,1028,1030,1069,1068,237,1063,1065,1083,1067
285: 345
286: 
682: 238,168
720: 384
960: 981
984: 156
952: 
292: 
1107: 759,1215
294: 866,312
672: 
999: 
1162: 1126,1011,1020,1171,153,1128,1136,1037,598,965,1007
298: 
299: 
300: 
956: 
1232: 1171,278,1114,1118,275,1225,1210,1172,153,1128,1136,1213,1126,1011
933: 524
904: 552,959
1015: 166,442,1064,1088,1028,1030,117,1038,1069
1066: 1209,1273,1235,1069,237,1063,1065,1083,1067,1091,1105,278,275
307: 840
991: 586
1268: 1288,1233,1247,1263,1274,95,1278,1132,1252,1253,1276,1260
1028: 1030,1015,166,311,1005,117,1038,1068
311: 1005,1028,1030,1104
312: 294,866
313: 
1276: 1260,1283,1278,1132,1252,1268,1288,1233,1253,1228,1242,1258,1245
1280: 1270,1242,1258,1245,1267,1255,1289,911
712: 358
989: 
1069: 1015,166,1064,1088,117,1038,1068,237,1063,1065,1083,1067,1066,1209,1235
856: 
320: 
825: 697,21
945: 
323: 631,823
981: 960
1242: 1258,1245,1200,1253,1228,1276,1260,1283,1270,1255,1280
326: 255
327: 331
1161: 965,1281,1262
1132: 1278,1252,1248,1247,1263,1274,1268,1288,1233,1200,1253,1228,1276,1260,1283
1037: 153,1128,1136,1114,1126,1011,1020,1162,598
331: 327
918: 699
1184: 1149,1120,1075,1211,1129,1188,1158,1216,1230,1208
334: 19
697: 825
1020: 1126,1011,1162,1171,153,1128,1136,1037,598,965,1007
1166: 1272,598,411,1027,1256,454
338: 227,605
339: 
840: 307
938: 185
966: 
1221: 1285,1239,1241,1181,1270,1277,1237,1267,1255,1289,911
937: 543
345: 285,98,939
921: 799
347: 
348: 514
349: 
997: 
806: 
917: 907
836: 
650: 735,137
355: 
356: 
970: 
358: 712
359: 
654: 
1258: 1242,1245,1200,1228,1276,1260,1283,1270,1267,1255,1289,1280
1273: 1066,1209,1235,1065,1083,1091,278,1118,275
931: 
759: 1107
365: 646
1005: 311,1028,1030,1104
1262: 1281,965,1202,1243,1269,1161,1287,1248,1247,1263
1146: 1097,1096,1098,1148,1150,1113,1062,1174
964: 872
815: 
371: 940
954: 
662: 727
1240: 1183,1257,1203,1230,1208,1282,1206,1275,1265,110,1229,1271,1277
710: 
667: 834,842
377: 
673: 
817: 
688: 267
969: 
382: 
1136: 153,1128,1037,1114,1118,1232,1171,1126,1011,1020,1162,598
384: 720,199
1255: 1267,1289,1239,1181,1270,1242,1258,1245,1285,1221,1280,911
935: 
387: 25
1083: 237,1063,1065,1067,1038,1069,1068,1066,1209,1273,1235,1091,1105,278
974: 570
907: 917
391: 
930: 
1210: 1225,1091,1105,278,1223,1232,1171,1217,1213
983: 
1213: 1223,1225,1210,1232,1171,1217,965
396: 
773: 
910: 
936: 
400: 471
401: 947
402: 
403: 
404: 
405: 
406: 
407: 
408: 
409: 
410: 1215,1120,461
411: 1279,598,1027,1259,1166,1272,1256
412: 418
413: 
414: 
415: 
416: 
417: 
418: 412
419: 
420: 
421: 
422: 560
423: 450
424: 
425: 
426: 
427: 
428: 
429: 
430: 
431: 446
432: 849
433: 
434: 512
435: 565
436: 
437: 594
438: 
439: 
440: 
441: 
442: 1015,166
443: 
444: 576
445: 
446: 906,431
447: 
448: 
449: 
450: 463,511,423
451: 
452: 
453: 
454: 1166,1272,1256,95
455: 
456: 986
457: 
458: 809
459: 
460: 
461: 410
462: 501
463: 450,511
464: 270
465: 
466: 
467: 914
468: 
469: 
470: 
471: 400
472: 
473: 
474: 
475: 902
476: 
477: 
478: 
479: 
480: 
481: 
482: 
483: 
484: 
485: 33
486: 
487: 
488: 
489: 
490: 
491: 
492: 1197,1284,1202,1243,1269,1287,1248,1186
493: 
494: 
495: 
496: 
497: 
498: 537
499: 629
500: 
501: 462
502: 
503: 
504: 
505: 916
506: 525
507: 
508: 
509: 
510: 
511: 463,450
512: 434
513: 
514: 348
515: 
516: 
517: 
518: 
519: 
520: 
521: 
522: 
523: 563
524: 933
525: 506
526: 
527: 
528: 
529: 
530: 
531: 
532: 
533: 
534: 
535: 557
536: 
537: 498
538: 
539: 
540: 568
541: 
542: 756
543: 937
544: 
545: 
546: 
547: 
548: 
549: 
550: 
551: 
552: 959,904
553: 572
554: 
555: 
556: 
557: 535
558: 
559: 
560: 564,422
561: 
562: 
563: 523
564: 560,908
565: 435
566: 
567: 
568: 540
569: 
570: 974
571: 
572: 553
573: 903
574: 
575: 
576: 444
577: 1264,110,1229,1271,1277
578: 
579: 
580: 
581: 
582: 
583: 
584: 
585: 
586: 991
587: 
588: 
589: 
590: 
591: 
592: 920
593: 
594: 437
595: 
596: 
597: 
598: 153,1128,1136,1037,1279,1126,1011,1020,1162,411,1007,1166,1272
599: 
927: 
1275: 1282,1206,1230,1208,1183,1257,1203,1240,110,1229
1174: 1150,1113,1062,1146,1097,1096,1141,1100
988: 
604: 607,844
605: 227,338
832: 
607: 604
1206: 1282,1275,1230,1183,1257,1240,110
900: 
665: 
1009: 700,1078
1241: 1239,1181,1224,1124,1204,1265,1277,1237,1285,1221
1067: 237,1063,1065,1083,117,1038,1069,1068,1066,1209,1235,1091,1105,278
972: 
946: 
973: 75
617: 
618: 
619: 
1150: 1113,1062,1174,1146,1097,1096,1148,1238,1141,1100
1202: 1269,965,1284,1262,492,1287,1248
885: 978
623: 
1171: 1232,278,1114,1225,1210,1172,153,1136,1213,1126,1011,1020,1162
625: 980
1274: 1263,1281,1247,95,1278,1132,1252,1268,1288,1233
627: 634,105
926: 
629: 499
756: 542,892
631: 323
865: 
822: 42
634: 105,627
709: 
987: 
781: 77,208
638: 42
639: 
1229: 1271,1282,1275,1183,1257,1203,1240,1265,110,1277,577,1264
1243: 1269,965,1284,1262,492,1287,1248
894: 
643: 98
644: 
735: 137,650
646: 365
647: 