1574: 1584,1594,1587,1443,487,1571,1583,1546
639: 
1068: 1069,1067,237,1063,1065,1083
1141: 1100,410,911
1543: 1536,1502,1566,1482,1349,1514,1474
566: 405
949: 1053,965
1581: 1513,1548,456,1562,1418
1347: 1440,1516,1495,1533,1521,1496,1337,1424,1520,1473,1401,1462
1126: 1011,1020,1162,153,1128,1136,1037
977: 
1519: 487,1571,1268,1584,1499,1583,1546,952,1531,1564,1557,1450,1388,1578
1373: 1506,1467,1365,1379,1476,1430,1376,1501,1478,1345,1394,1415,1346,1431,1317,1464,1393,1426,1316,323,1425
1572: 1527,1583,1546,1450,1388,1578,1566,1482,1479
1394: 1345,1415,1346,1431,1317,1373,1467,1454,985,1323,1393,1426,1316,323,1509,1357
15: 29,953
754: 69,740
17: 232
1509: 1357,1408,1454,985,1345,1394,1415,1346,1431,1317,1393,1426,1448,1428
583: 
1566: 1482,1572,1527,1536,1502,1543
1376: 1501,1478,1479,1554,1506,1373,1467,1514,1474,1464,1393,1426,1316,323,1425,1461
900: 
1520: 1521,1496,1337,1424,1495,1533,1347,1401,1459,1525
1337: 1521,1496,1424,1520,1495,1533,1537,1347,1401,1459,1525
1383: 1280,1359,1435,1488,1480
643: 
1393: 1464,1426,1316,323,1506,1373,1467,1376,1501,1478,1345,1394,1415,1346,1431,1317,1425,1461,1509,1357,1408,1448,1395
1593: 1569,1582,1532,1586,1550,482
29: 15
562: 408
740: 820,69,754
1174: 1062
822: 1487,1456,1396,1503,1404,1387,1560,1469
947: 
563: 
985: 1454,1323,1456,1462,1387,1345,1394,1415,1346,1431,1317,1469,1509,1357,1408
37: 595
646: 
1556: 1576,1471,1475,1575
995: 
875: 976
1532: 1569,1593,1582,1586,1550,482
957: 
1540: 1499,1571,952
1367: 1359,1435,1488,1480,1504,1396,233,1451
961: 
766: 
814: 125,898
968: 
1587: 1443,1590,1579,902,1574,1584,1594,1547,1580,1583,1546
929: 
939: 
905: 
1568: 442
727: 662
572: 
1584: 1574,1594,1587,1443,1590,1579,1519,487,1571,1583,1546
832: 
1533: 1495,1483,1440,1516,1521,1496,1337,1424,1520,1347,1401
792: 
61: 1409,1398,1472,1410,1460,1429,1452,1399,1515,1400,1489,1433,1539,1470
839: 
1550: 1382,1585,1565,1586,1298,1569,1593,1582,1532
1527: 1572,1583,1546,1450,1388,1578,1566,1482,1479,1554
65: 
1582: 1569,1593,1532,1585,1565,1586,1550,482
922: 
589: 460
69: 754,740
1469: 822,1487,1387,985,1561,1445
598: 1290,1295
1202: 
1128: 153,1136,1037,1114,1126,1011,1020,1162
587: 
607: 
1571: 1519,487,1326,1268,1574,1584,1594,1540,1499,1583,1546,952,1531,1564,1450
569: 
996: 1369
854: 
605: 227,820
916: 580
1172: 278
1559: 1528,1591,574
591: 
926: 980
1487: 822,1456,1396,1503,1404,1387,1560,1469
1265: 451
1429: 1460,1452,1399,1436,1472,1410,1406,1489,1409,61,1398,1433
944: 
582: 
1295: 598
948: 
1349: 1482,1536,1502,1543,1514,1474
1064: 1088,945
588: 940
1253: 1278,478
994: 1524,1523
1518: 959
1524: 1370,1402,1348,1589,994,1471
1266: 1151
593: 
102: 
872: 
908: 
105: 1570,1544,1530,1586,1350
955: 
1346: 1345,1394,1415,1431,1317,1506,1373,1467,1454,985,1323,1464,1393,1426,1316,323,1509,1357,1448
906: 
659: 
581: 954
1539: 1444,1447,1515,1400,1489,1409,61,1398,1465,1470,1517
932: 
575: 
993: 
1544: 1530,1445,1492,1417,1505,105,1350
851: 137
1395: 1436,1464,1393,1426,1316,323,1425,1461,1448,1472,1410,1452,1399
1350: 1544,1505,105,1485,482,1463,1378
119: 
1278: 1253,478
1387: 1456,1462,822,1487,1454,985,1323,1469
1316: 1464,1393,1426,323,1506,1373,1467,1376,1501,1478,1394,1415,1346,1431,1425,1461,1448,1395,1436
123: 
1209: 1069,1067
125: 814,898
975: 
911: 1100,1141
898: 125,814
597: 
979: 
988: 515
963: 
1507: 1477,457,1458,1397,1341,1402
1465: 1391,1339,1492,1417,1484,1447,1515,1400,1489,1444,1539,1517
951: 
1348: 1477,1402,1370,1524,1589
137: 851
592: 
1063: 237,1065,1083,1069,1067,1068,1066,278
1562: 456,1513,1548,1581
1569: 1593,1582,1532,1585,1565,1586,1550,482
986: 1471,1589
143: 
586: 409
903: 
1589: 1348,1370,1524,986,1471
596: 962
1359: 1435,1488,1280,1383,1480,1504,1367,1396
1451: 233,1367,1396,1503,1404,1560,1542,1526
580: 916
894: 
978: 
153: 1128,1136,1037,1114,1126,1011,1020,1162
980: 926
1151: 1266
568: 
157: 1588
965: 949,1053,492
1413: 1453,935
902: 1587,1443,1590,1579,1547,1580
1517: 1391,1339,1465,1444,1539,1470
1523: 994,307
1430: 1476,1419,952,1531,1564,1557,1450,1365,1379,1479,1554,1506,1373,1467,1478
1114: 275,153,1128,1136,1037
594: 
166: 1015,311,1005
820: 227,605,740
168: 238,682
700: 1009,1468
1528: 1573,840,1592,1559,1591
171: 
746: 
1547: 1580,902,1587,1443,1590,1579,1513,1548
574: 1559,1591
940: 588
1065: 237,1063,1083,1069,1067,1068,1066,278
1382: 347,1336,1585,1565,1298,1550
923: 
1062: 1174
1053: 278,949,965
901: 526
1343: 1363,347
183: 
992: 
1290: 598
1336: 347,1512,1385,1434,1382,1585,1565
967: 546
573: 
1406: 1436,1460,1429,1452,1399
976: 875
919: 
1415: 1345,1394,1346,1431,1317,1373,1467,1454,985,1323,1393,1426,1316,323,1509,1357
1208: 1129,1306
590: 
1464: 1393,1426,1316,323,1506,1373,1467,1376,1501,1478,1346,1431,1425,1461,1448,1395,1436
1514: 1474,1479,1554,1349,1543,1376,1501,1478,1425
962: 596
927: 
1578: 1450,1388,1519,487,1583,1546,1531,1564,1557,1572,1527,1419,1479,1554
584: 533
934: 
1531: 1564,1557,1499,1519,487,1571,1583,1546,952,1450,1388,1578,1476,1430,1419,1479,1554
953: 15
1197: 
973: 
206: 
982: 
1357: 1509,1408,1454,985,1323,1345,1394,1415,1346,1431,1317,1393,1426,1448
924: 
1453: 1413
1424: 1521,1496,1337,1520,1495,1533,1558,1537,1347,1401,1459,1525
990: 942
578: 
1341: 1458,1397,1507,1477,1402
1149: 1184,461
1388: 1450,1578,1519,487,1583,1546,1531,1564,1557,1572,1527,1419,1479,1554
1502: 1536,1543,1566,1482,1349
914: 
1298: 1382,1585,1565,1550
1011: 1126,1020,1162,153,1128,1136,1037
866: 294,312
925: 
1521: 1496,1337,1424,1520,1495,1533,1347,1401,1459,1525
1100: 1141,410,911
1489: 1515,1400,1457,1428,1472,1410,1460,1429,1452,1399,1447,1409,61,1398,1465,1539
941: 
227: 605,820
912: 
950: 
943: 
706: 
232: 17
233: 1451,1367,1560,1542
1551: 1470,1414,307,1573
703: 
579: 
237: 1063,1065,1083,1069,1067,1068,1066,278
238: 168,682
920: 
1379: 1365,1558,1537,1459,1525,1476,1430,1373,1467
599: 
604: 
243: 
1370: 1524,1402,1348,1589,1471
971: 470
972: 
1557: 1531,1564,1519,487,1583,952,1450,1388,1578,1476,1430,1419,1479,1554
1583: 1546,1574,1584,1594,1587,1443,1519,487,1571,1531,1564,1557,1450,1388,1578,1572,1527
877: 
1129: 1208
1576: 1556,1471,1475,1575
1345: 1394,1415,1346,1431,1317,1373,1467,1454,985,1323,1393,1426,1509,1357
1526: 1542,1451,1560,1561,1445,1512,1434,1570
1512: 1385,1434,1542,1526,1336,1570,1585,1565
255: 326
942: 990
571: 
844: 
1501: 1376,1478,1479,1554,1506,1373,1467,1514,1474,1464,1393,1426,1316,323,1425,1461
1563: 
928: 
1499: 1540,959,1326,1268,1519,487,1571,952,1531,1564
567: 
264: 
909: 
1546: 1583,1574,1584,1594,1587,1443,1590,1579,1519,487,1571,1531,1564,1450,1388,1578,1572,1527
267: 
998: 
853: 
585: 958,989
887: 
1525: 1459,1521,1496,1337,1424,1520,1558,1537,1401,1365,1379,1462
915: 
1009: 700,1468
275: 1342,1066,278,1114
959: 480,552,1326,1268,1518,1499
913: 
278: 237,1063,1065,1083,1066,275,1053,1172
892: 
1088: 1064,945
281: 
958: 585,710
1369: 933,996
623: 
1365: 1379,1558,1537,952,1459,1525,1476,1430,1373,1467
1530: 1544,1561,1445,1505,105
682: 238,168
720: 
960: 
984: 
952: 1540,1499,1519,487,1571,1558,1537,1531,1564,1557,1459,1365,1476,1430,1419
595: 37
1561: 1445,1560,1469,1542,1526,1570,1530
294: 866
672: 
999: 
1162: 1126,1011,1020,153,1128,1136,1037
298: 
1363: 1343
300: 
956: 
1414: 1433,1470,307,1551,1573
933: 1369
904: 
1015: 166,311,1005
1066: 1069,1067,237,1063,1065,1083,275,278
307: 1433,1414,1523,1551,1573,840
991: 
1268: 1326,480,552,959,1499,1519,487,1571
1454: 985,1323,1456,1462,1387,1345,1394,1415,1346,1431,1317,1509,1357
311: 1005,166,1015
312: 382,866
313: 
1385: 1512,1434,1542,1336,1570,1585,1565
1280: 1405,1383,1390,1359
712: 358
989: 585
1069: 1067,1209,1068,237,1063,1065,1083,1066
856: 
320: 
576: 
945: 1088,1064
323: 1464,1393,1426,1316,1506,1373,1467,1376,1501,1478,1394,1415,1346,1431,1425,1461,1448,1395
981: 
946: 
326: 255
327: 577
1161: 
570: 
1037: 153,1128,1136,1114,1126,1011,1020,1162
1592: 1573,840,1575,1528,1591
918: 
1184: 1149,461
1425: 1461,1506,1373,1467,1376,1501,1478,1514,1474,1464,1393,1426,1316,323,1448,1395,1436
1323: 1454,985,1456,1462,1387,1345,1394,1415,1346,1431,1317,1357
1020: 1126,1011,1162,153,1128,1136,1037
1243: 
338: 
1378: 1350,1485,1391,1339,1463
840: 307,1573,1475,1575,1528,1592
938: 
966: 
1306: 1208,1405,1390
937: 
634: 627,1416
921: 
347: 1343,1336,1382
1326: 1268,480,552,959,1499,487,1571
349: 
997: 935
806: 
917: 
836: 
1339: 1391,1465,1492,1417,1505,1484,1447,1515,1400,1485,1444,1378,1517
1342: 275
1067: 1069,1209,1068,237,1063,1065,1083,1066
970: 
358: 712
1488: 1359,1435,1383,1480,1504,1367,1396,1503,1404
1452: 1460,1429,1399,1448,1395,1436,1428,1472,1410,1406,1489,1409,61,1398
627: 634
1431: 1345,1394,1415,1346,1317,1506,1373,1467,1454,985,1323,1464,1393,1426,1316,323,1509,1357,1448
931: 
565: 
365: 
1005: 311,166,1015
1405: 1306,1280,1390,1491
1573: 1414,307,1551,840,1528,1592
964: 
815: 
1317: 1345,1394,1415,1346,1431,1373,1467,1454,985,1323,1393,1426,1509,1357
954: 581
662: 727
1590: 1587,1443,1579,902,1584,1594,1547,1580,1546
710: 958
1558: 1537,1496,1424,952,1459,1525,1365,1379
1548: 1513,1547,1580,456,1562,1581
564: 
817: 
1586: 105,1550,1569,1593,1582,1532,482
969: 
382: 312
1136: 153,1128,1037,1114,1126,1011,1020,1162
1554: 1479,1531,1564,1557,1450,1388,1578,1527,1476,1430,1419,1506,1376,1501,1478,1514,1474
987: 
935: 997,1413
1542: 1526,233,1451,1560,1561,1512,1385,1434,1570
1083: 237,1063,1065,1069,1067,1068,1066,278
974: 
907: 
391: 
930: 
577: 327,451
983: 
865: 
396: 
1564: 1531,1557,1499,1519,487,1571,1583,1546,952,1450,1388,1578,1476,1430,1419,1479,1554
910: 
936: 426
400: 
401: 561
402: 
403: 
404: 427
405: 566
406: 
407: 422
408: 562
409: 586
410: 1100,1141
411: 516
412: 
413: 
414: 429
415: 
416: 
417: 
418: 
419: 
420: 
421: 
422: 407
423: 
424: 466
425: 
426: 936
427: 404
428: 
429: 414
430: 
431: 
432: 
433: 
434: 512
435: 
436: 
437: 
438: 
439: 
440: 
441: 
442: 1568
443: 
444: 
445: 
446: 
447: 
448: 
449: 
450: 
451: 577,1265
452: 
453: 
454: 
455: 
456: 1562,1513,1548,1581
457: 1507
458: 
459: 
460: 589
461: 1149,1184
462: 
463: 
464: 
465: 
466: 424
467: 
468: 
469: 
470: 971
471: 
472: 
473: 
474: 
475: 
476: 
477: 
478: 1253,1278
479: 
480: 552,959,1326,1268
481: 
482: 1586,1350,1569,1593,1582,1532,1463
483: 
484: 
485: 
486: 
487: 1519,1571,1326,1268,1574,1584,1594,1499,1583,1546,952,1531,1564,1557,1450,1388,1578
488: 
489: 
490: 
491: 554
492: 965
493: 
494: 
495: 
496: 
497: 
498: 
499: 
500: 
501: 
502: 
503: 
504: 
505: 
506: 
507: 
508: 
509: 
510: 
511: 
512: 434
513: 
514: 
515: 988
516: 411
517: 
518: 
519: 
520: 
521: 
522: 529
523: 
524: 
525: 534
526: 901
527: 
528: 
529: 522
530: 
531: 
532: 
533: 584
534: 525
535: 
536: 
537: 
538: 
539: 
540: 
541: 
542: 
543: 
544: 
545: 
546: 967
547: 
548: 
549: 
550: 
551: 
552: 480,959,1326,1268
553: 
554: 491
555: 
556: 
557: 
558: 
559: 
560: 
561: 401
1575: 1475,1576,1556,840,1592
1390: 1491,1306,1405,1280,1504
1391: 1339,1465,1417,1485,1444,1378,1517
1396: 1503,1404,1359,1435,1488,1480,1367,822,1487,1451,1560
1397: 1458,1341,1507,1477
1398: 1409,61,1428,1472,1410,1460,1429,1452,1399,1515,1400,1489,1433,1444,1539,1470
1399: 1460,1429,1452,1448,1395,1436,1472,1410,1406,1489,1409,61,1398
1400: 1515,1489,1457,1428,1472,1410,1460,1484,1447,61,1398,1339,1465,1444,1539
1401: 1495,1533,1521,1496,1337,1424,1520,1537,1347,1459,1525,1456,1462
1402: 1341,1507,1477,1348,1370,1524
1560: 1396,1503,1404,822,1487,233,1451,1542,1526,1561
1404: 1396,1503,1435,1488,1480,822,1487,1451,1560
1585: 1565,1336,1512,1385,1434,1570,1382,1298,1550,1569,1582
1408: 1509,1357,985,1393,1448,1457,1428,1472,1410
1409: 61,1398,1410,1460,1429,1452,1399,1515,1489,1433,1539,1470
1410: 1428,1472,1408,1448,1395,1436,1457,1460,1429,1452,1399,1447,1515,1400,1489,1409,61,1398
1516: 1440,1483,1495,1533,1473,1347
1416: 634
1417: 1492,1505,1457,1544,1484,1447,1485,1391,1339,1465
1418: 1581
1419: 1476,1430,952,1531,1564,1557,1450,1388,1578,1479,1554,1506,1478
1515: 1400,1489,1457,1428,1410,1460,1484,1447,1409,61,1398,1339,1465,1444,1539,1470
1426: 1464,1393,1316,323,1506,1373,1467,1376,1501,1478,1345,1394,1415,1346,1431,1317,1425,1461,1509,1357,1448,1395
1537: 1558,1496,1337,1424,952,1401,1459,1525,1365,1379
1428: 1472,1410,1509,1408,1448,1457,1460,1452,1484,1447,1515,1400,1489,1398
1565: 1585,1336,1512,1385,1434,1382,1298,1550,1569,1582
1433: 1429,1409,61,1398,1470,1414,307
1434: 1512,1385,1542,1526,1336,1570,1585,1565
1435: 1359,1488,1383,1473,1480,1367,1396,1503,1404
1436: 1395,1464,1316,1425,1461,1448,1472,1410,1460,1429,1452,1399,1406
1579: 1587,1443,1590,902,1584,1547,1580,1546
1535: 
1440: 1516,1483,1495,1533,1473,1347
1443: 1587,1590,1579,902,1574,1584,1594,1547,1580,1583,1546
1444: 1539,1447,1515,1400,1398,1391,1339,1465,1470,1517
1445: 1561,1469,1526,1570,1544,1530
1447: 1484,1457,1428,1410,1492,1417,1515,1400,1489,1339,1465,1444,1539
1448: 1346,1431,1464,1393,1426,1316,323,1425,1461,1509,1357,1408,1395,1436,1428,1472,1410,1452,1399
1450: 1388,1578,1519,487,1571,1583,1546,1531,1564,1557,1572,1527,1476,1430,1419,1479,1554
1570: 1542,1526,1561,1445,1512,1385,1434,1585,105
1456: 1462,1401,822,1487,1387,1454,985,1323
1457: 1408,1428,1472,1410,1492,1417,1484,1447,1515,1400,1489
1458: 1397,1341,1507,1477
1459: 1525,1521,1496,1337,1424,1520,1558,1537,952,1401,1365,1379,1462
1460: 1429,1452,1399,1436,1428,1472,1410,1406,1515,1400,1489,1409,61,1398
1461: 1425,1467,1376,1501,1464,1393,1426,1316,323,1448,1395,1436
1462: 1456,1347,1401,1459,1525,1387,1454,985,1323
1463: 1350,1485,482,1378
1467: 1506,1373,1365,1379,1476,1430,1376,1501,1478,1345,1394,1415,1346,1431,1317,1464,1393,1426,1316,323,1425,1461
1468: 700,1009
1470: 1515,1409,61,1398,1433,1444,1539,1414,1517,1551
1471: 986,1370,1524,1589,1576,1556
1472: 1428,1410,1408,1448,1395,1436,1457,1460,1429,1452,1399,1400,1489,61,1398
1473: 1440,1516,1495,1347,1435,1480
1474: 1514,1479,1554,1349,1543,1376,1501,1478,1425
1475: 1575,1576,1556,840
1476: 1430,1419,952,1531,1564,1557,1450,1365,1379,1479,1554,1506,1373,1467,1478
1477: 1507,1458,1397,1341,1402,1348
1478: 1376,1501,1476,1430,1419,1479,1554,1506,1373,1467,1514,1474,1464,1393,1426,1316,323,1425
1479: 1554,1531,1564,1557,1450,1388,1578,1572,1527,1476,1430,1419,1506,1376,1501,1478,1514,1474
1480: 1383,1473,1359,1435,1488,1367,1396,1503,1404
1536: 1502,1543,1566,1482,1349
1482: 1566,1572,1527,1349,1536,1502,1543
1483: 1440,1516,1495,1533
1484: 1447,1457,1428,1492,1417,1505,1515,1400,1339,1465
1485: 1492,1417,1505,1350,1391,1339,1463,1378
1588: 157
1580: 1547,902,1587,1443,1590,1579,1513,1548
1491: 1390,1405,1504
1492: 1417,1505,1457,1544,1484,1447,1485,1339,1465
1495: 1533,1483,1440,1516,1521,1496,1337,1424,1520,1473,1347,1401
1496: 1521,1337,1424,1520,1495,1533,1558,1537,1347,1401,1459,1525
1513: 1548,1547,1580,456,1562,1581
1591: 1528,1559,574
1503: 1396,1404,1435,1488,1480,822,1487,1451,1560
1504: 1390,1491,1359,1488,1367
1505: 1492,1417,1544,1530,1484,1350,1485,1339
1506: 1373,1467,1476,1430,1419,1479,1554,1376,1501,1478,1346,1431,1464,1393,1426,1316,323,1425
1594: 1574,1584,1587,1443,1590,487,1571,1583,1546