1574: 1605
543: 
1068: 1632,492,1656,1630,1655,1659,1653,1654,1657,1658,1640,1638,1627,1619,1624
1141: 1100
1543: 1349
566: 
949: 1537,1558
1581: 1562,430
1445: 1530,1702,1665
1701: 2410,1671,2040,2465,2364,2488,1700,2392,2266
977: 2637
1519: 1564,903,1450,1531,1476,1430
1373: 1467,1687,1668
1572: 1527,973
1394: 1379,1415,1365,1431,1346
535: 1015,166
1939: 444,2223,2072,2580,2021,2594
1459: 1525
2808: 2778,2801,2809,2824,2797,2761,2850,2883,2785,2855
583: 2031,1976,2165,2349
1619: 1640,1638,1627,1644,1624,1646,1632,1068,492,1630,1655,1659,1653,1657,1636,1645,1639
1376: 1501,985
900: 
1520: 1495,475
1337: 1690
500: 553
520: 1778,1847
1393: 1431,1426,1346,1461,1395
1602: 1532,584
1623: 1066,1618,1063,1065,1609,1083,1615,1053
562: 
509: 
1174: 1062,1069,1620
822: 1487,2174,2455,926,2148,2224,2498,2499,2286,2442,2565
947: 
563: 
985: 1376,1501
1450: 1531,1519,1564,1476,1430
2261: 2337,2140,2159,2282,2342,2110,2181,2258,2338,2339,2089,2094,2345,2275,2204,2045,2281,2279,2139,2201,2272,2091,2280
1556: 1576,401
995: 2578,1913,2619
551: 932,564
1532: 1602,584
957: 538
1540: 1499,1571
1687: 1668,1467,1373
961: 448
495: 420
1456: 1387
968: 
1718: 1765,1723,1698
929: 
939: 
905: 
1461: 1431,1393,1426,1346,1395
552: 1731,1521
572: 2525,2371
1506: 1478
560: 2723,2664
504: 
1479: 1554,987
61: 1460
539: 937
558: 1817,1689
1527: 1572,973
1495: 1520,475
2145: 916,580,2198
922: 594
589: 2449,2595
1874: 2489,1907,1882,1830,575,2486,1884,2540,927
1600: 1789
598: 965
1202: 
1781: 1752,506,525
587: 
515: 
1571: 1540,1499,903,577
569: 2015,1974,1921,1948,1864,1955
996: 1818,1978
1823: 1940,2015,1972,1974,1921,1941,1948,1864,1922
1690: 1337
916: 2145,580,2198,2173,2358
1172: 153,1635,1617,1136
1605: 1574
591: 
926: 1487,822,2148,2498
1487: 2174,822,2455,926,2148,2224,2498,2499,2286,2442,2565
1513: 1548,960
532: 
944: 
582: 2151,2653
1295: 
948: 2707,2762
1349: 1543
1064: 1088,1858,1633,1629
588: 2105,2385,2367,2445,2443,2168,2399,2479,2307,2301,2305,2306,2348,2389,2304,1997,2233,2208,2359,2384,2166,2383,2231,2346
1253: 1278,1637,1676,1650,1424,1290
994: 
1518: 
1496: 1660
2729: 2713,1820,2727
593: 
1426: 1431,1393,1346,1461,1395
544: 
908: 2644,1793,1891,1633
1606: 1853,927,1736,1751
955: 
1346: 1431,1393,1426,1379,1394,1415,1365,1461,1395
906: 
1635: 153,1617,1136,1637,1172
581: 
498: 
932: 2692,2722,2614,2673,2721,2674,551
575: 2571,1882,1830,2489,1907,1874,2540
993: 
1646: 1640,1638,1627,1619,1644,1624,1655,1636,1645,1639
531: 
1395: 1431,1393,1426,1346,1461
2602: 2579,2021,2594,2563,2623,1867,2189,2255
513: 1768,1832
1278: 1253,1637,1676,1650,1424,1290
1387: 1456
2541: 1951,2516,2559,1933,2560,2539,2709,2486,2504,1884,2708
1671: 1701,2410,2040,853,1677,2465,2364,2488,2464,1700,2268,2462,2334,2454,2392,2266
1458: 1397,559,554
506: 525,1781,1752
975: 
911: 1695,980,1721
555: 2871,2869,1603,1583
597: 482
979: 
988: 
963: 499
1684: 1663
538: 957
951: 
1348: 1402,441
536: 2834,2781,2881,2845,2741,2876,2833
592: 
1063: 1618,1065,1609,1083,1615,1612,1067,1069,1620,1066,1623
1562: 1581,430
2578: 1913,1867,2619,995
986: 487
559: 554,1397,1458
586: 2641,2593
903: 577,1499,1571,1519,1476,1430
1589: 1732,912
596: 1731,1521,1537
1670: 1743,1723,1703,1720,1698
557: 
580: 2198,916,2145,2173,2358
537: 
978: 
153: 1635,1617,1136,1172
980: 911,1695,1721
1974: 1921,2015,1972,1940,1823,569,1948,1864
568: 2076,2115,2182,2183,2188,2186,2259,2185,1994,2184,2204,2187,2045,2127,2170,2236,2043,2272,2091,2090,2075
157: 1588
965: 598
2637: 977,2630,2658,2564,2609,2613,2610
902: 
556: 
1503: 1404
1430: 1476,903,1519,1564,1450,1531,1379,1365
541: 
594: 922
166: 535,1015,943
1708: 1746,415
507: 1769,1771
700: 1662,1651,1637
1528: 1592
519: 
550: 
1547: 1580,421,548
574: 
940: 576,1967,1936
1065: 1618,1063,1609,1083,1615,1612,1067,1069,1620,1066,1623
1837: 1783
923: 
1062: 1174,1069,1620
1053: 1326,1268,1066,1623
901: 
501: 2652,2604
1588: 157
992: 
1290: 1278,1253
534: 1955,1986,1910,1890
967: 
573: 
547: 
976: 
919: 
1415: 1379,1394,1365,1431,1346
1565: 511,1585
590: 2018,524
2687: 2642,2614,2673,2675,2700,2721,2674,2694
1514: 1474,430
962: 
927: 2489,1907,1874,2540,1606,1853,1915,2496
1578: 1388
584: 1323,1454,1532,1602
934: 
1531: 1450,1519,1564,1476,1430
953: 
1197: 1664,1686
973: 1527,1572
517: 
982: 
2811: 2792,2753,2843,2844,2810,2886,2794,2795,2879,2798,2766,2738,2884,2788,494,2813,2874,2822
924: 
1891: 1793,908,2572,2624
1424: 1676,1650,1672,1278,1253
990: 
578: 2561,2450
1341: 1477
1149: 1184
1388: 1578
1502: 1536
914: 
1419: 1557
1693: 1707,1725,1754
2873: 2845,2741,2776,2876,2833,2781,2881,2847,2882,2780,2832,2877,2831,2758,2805,2854,2779,2846
925: 
1521: 552,1731,596
1100: 1141
2107: 2150,2225,2251,2235,2249,2247,2219,2288,2312,2252,2250,2131,2216,2300,2246,2244,2162,2256,2248,2129,2159,2282,2253,2323,2163,2062,2138,2182,2183,2188,2186,2259,2185,1994,2184,2204,2187,2045
941: 
1659: 1630,1655,1653,1654,1657,1658,1632,1068,1656,1640,1638,1627,1619,1624,1639
912: 1589,1732
950: 
943: 1015,166
1443: 1598
2753: 2792,2811,2843,2844,2810,2886,2794,2795,2879,2798,2766,2738,2884,2788,494,2813,2874,2822
2540: 1882,1830,575,2489,1907,1874,927
1551: 1414
1404: 1503
579: 
2768: 2827,2857,2841,2826,2770,2837,2878,2756,2533,2836,2838,2817,2791,2842,2820,2875,2825,2840,2752,2819,2737,2795,2879,2798,2766
508: 
920: 
1379: 1394,1415,1365,1476,1430,1431,1346
599: 
1580: 1547,421,548
514: 2641,2593
1476: 1430,903,1519,1564,1450,1531,1379,1365
971: 
972: 
1557: 1419
1583: 1603,1953,2867,2870,2868,2865,2866,2871,2869,555,1825
1585: 1565,511
1402: 1348,441
1576: 1556,401
2657: 2682,2683,2612,2675,2700
1526: 1561
2281: 2279,2139,2201,2181,2258,2338,2339,2089,2094,2345,2275,2193,2002,2337,2140,2261,2196,2191,2272,2091,2280,2260,2199,2237,2132
512: 2197,2329
942: 
571: 1967,1936
1478: 1506
1501: 1376,985
1563: 
928: 
1499: 1540,1571,903,577
567: 435,469
528: 1775,1898
909: 917
1467: 1373,1687,1668
524: 590,1999,2020,2033,2059
998: 
853: 1677,2465,2364,2377,2476,2475,2523,2512,2427,2488,2464,1700,915,1671
585: 
523: 
1525: 1459
915: 2433,2152,2429,2480,2477,2456,2485,2377,2476,2475,2523,2512,2427,853,1677,2465,2364,2157,2379,2352,2414,2310,2419,2416,2365,2378,2265,2330,2267,2333
2822: 2813,2874,2792,2811,2753,2843,2810,2886,2738,2884,2788,486,2755,2823
533: 403
959: 987
913: 
530: 
496: 
1088: 1064,1858,1633,1629
522: 
958: 
553: 500
1474: 1514,430
1365: 1379,1394,1415,1476,1430,1431,1346
1530: 1445,1702,1665
510: 937
542: 
960: 1548,1513
984: 1722,1745,1714
952: 
595: 561
1561: 1526
505: 
521: 
999: 
2589: 2591,2625
518: 
1680: 1664,1648,1686,1754
502: 2073,1992,1979,1883
956: 
1414: 1551
933: 1803,1876,1844,1877,1766,1836
904: 
1015: 535,166,943
1066: 1623,1618,1063,1065,1609,1083,1615,1053
549: 
991: 2116,2053,1973
1268: 1326,1053
1454: 1323,503,584
2801: 2778,2809,2808,2824,2797,2785,2855
554: 559,1397,1458
497: 1601,1590
1536: 1502
548: 1547,1580
526: 
989: 
1069: 1620,1174,1062,1612,1067,1063,1065,1609,1083,1615
1601: 1590,497
545: 1772,1802,1729,1846
576: 940,1967
945: 2576,2661,2633,2663
2730: 2678,1634,1631
981: 1797,1772,1802,1760,1729,1846,930
946: 1963,1942,2036,1995,2015,1972
516: 917
1637: 700,1635,1278,1253
1161: 
570: 
1985: 2116
1592: 1528
918: 2350,1773,2449,2595
1184: 1149
1714: 984,1694
1323: 1454,503,584
1686: 1680,1664,1648,1197
1243: 
499: 963
1460: 61
1732: 1589,912
938: 450,2468
966: 2050,2087
1700: 2488,2464,853,1677,2465,2364,2268,2462,1701,2410,1671,2040,2334,2454
937: 510,539
1477: 1341
921: 
1698: 1743,1670,1723,1718,1765
1326: 1268,1053
540: 2441,2507
997: 
503: 1323,1454
917: 909,516
1766: 933,1836
1537: 1558,596,949
546: 
1067: 1612,1069,1620,1618,1063,1065,1609,1083,1615
970: 
1603: 1583,1953,2867,2870,2868,2865,2866,2871,2869,555,1825
2233: 1997,2348,588,2105,2385,2367,2208,2359,2384,2166,2383,2366,2426,2211,2207,2213,2167
1668: 1687,1467,1373
1719: 1763
1431: 1393,1426,1346,1379,1394,1415,1365,1461,1395
931: 2575,2672
565: 
529: 
2852: 2802,2806,2864,2862,2863,2804,2815,2467,2514,2887,2777,2853,2597,2848,2746,2803,2851,2872,2587,2469,2588
561: 595
1624: 1640,1638,1627,1619,1644,1646,1632,1068,1630,1655,1659,1653,1654,1657,1658,1636,1645,1639
964: 
2033: 2059,524,2068
2877: 2780,2832,2831,2758,2845,2741,2873,2776,2876,2833,2847,2882,2805,2854,2779,2846,2830,2826,2888,2770,2828,2885,2837,2878,2829,2533,2836
954: 
1575: 1642,1641,1643
1590: 1601,497
2104: 2164,2210,2232,2103,2143,2120,2228,2038,2227,2229,2050,2087
1558: 1537,949
1548: 960,1513
564: 551
511: 1565,1585
1788: 1970,1870,1841,1863,1807,2119,2026
969: 480
527: 2731,2710,2699,2728
1136: 153,1635,1617,1172
1554: 1479,987
987: 1554,1479,959
935: 
1397: 1458,559,554
1083: 1618,1063,1065,1609,1615,1612,1067,1069,1620,1066,1623
974: 
907: 
1598: 1443
930: 1729,1846,1797,1772,1802,1760,981
577: 903,1499,1571
983: 
525: 506,1781,1752,409
1984: 1855
1564: 1519,1450,1531,1476,1430
910: 
936: 
400: 
401: 1576,1556
402: 
403: 533
404: 
405: 
406: 2684,2736
407: 
408: 
409: 525
410: 
411: 1779
412: 
413: 
414: 
415: 1708
416: 
417: 446
418: 
419: 
420: 495
421: 1547,1580
422: 2695,2725
423: 
424: 
425: 
426: 
427: 
428: 
429: 
430: 1474,1514,1581,1562
431: 
432: 2123,2586
433: 
434: 
435: 567,469
436: 471
437: 
438: 
439: 459,2707,2762
440: 
441: 1348,1402
442: 
443: 
444: 1939,2223,2072,2580
445: 
446: 417
447: 1817
448: 961
449: 
450: 938,2468
451: 1768,1832
452: 
453: 
454: 1696,1679
455: 
456: 
457: 
458: 
459: 439,2707,2762
460: 
461: 
462: 
463: 
464: 
465: 
466: 
467: 
468: 
469: 435,567
470: 
471: 436
472: 2534
473: 
474: 
475: 1520,1495
476: 
477: 
478: 
479: 
480: 969
481: 
482: 597
483: 
484: 
485: 2519,2287
486: 2789,2743,2738,2884,2788,2813,2822,2755,2823
487: 986
488: 
489: 
490: 
491: 
492: 1632,1068,1627,1619,1636,1645
493: 
494: 2819,2737,2795,2879,2798,2766,2792,2811,2753,2843,2844,2810,2886,2816,2799
1609: 1618,1063,1065,1083,1615,1612,1067,1069,1620,1066,1623
2725: 2695,422
1676: 1650,1424,1672,1278,1253
1612: 1067,1069,1620,1618,1063,1065,1609,1083,1615
1721: 911,1695,980
1672: 1676,1650,1424
1615: 1618,1063,1065,1609,1083,1612,1067,1069,1620,1066,1623
1729: 1846,930,545,1797,1772,1802,1760,981
1617: 153,1635,1136,1172
1618: 1063,1065,1609,1083,1615,1612,1067,1066,1623
1620: 1069,1174,1062,1612,1067,1063,1065,1609,1083,1615
1627: 1640,1638,1619,1644,1624,1646,1632,1068,492,1655,1659,1653,1657,1636,1645,1639
1636: 1645,492,1640,1638,1627,1619,1644,1624,1646,1639
1629: 1088,1064,1633,2711,2701,1750,2706
1630: 1655,1659,1653,1654,1657,1658,1632,1068,1656,1640,1638,1619,1624,1639
1631: 1634,2678,2730
1632: 1068,492,1656,1630,1655,1659,1653,1654,1657,1658,1640,1638,1627,1619,1624
1633: 908,1088,1064,1629
1634: 1631,2678,2730
1638: 1640,1627,1619,1644,1624,1646,1632,1068,1630,1655,1659,1653,1654,1657,1658,1636,1645,1639
1639: 1630,1655,1659,1653,1654,1657,1658,1640,1638,1627,1619,1644,1624,1646,1636,1645
1640: 1638,1627,1619,1644,1624,1646,1632,1068,1630,1655,1659,1653,1654,1657,1658,1636,1645,1639
1641: 1643,1575,1642
1642: 1575,1641,1643
1643: 1641,1575,1642
1644: 1640,1638,1627,1619,1624,1646,1655,1636,1645,1639
1645: 1636,492,1640,1638,1627,1619,1644,1624,1646,1639
1685: 
1648: 1680,1664,1686,1754
1696: 1679,454
1650: 1676,1424,1672,1278,1253
1651: 1662,700
1677: 853,2465,2364,2377,2476,2475,2523,2512,2427,2488,2464,1700,915,1671,2040
1653: 1630,1655,1659,1654,1657,1658,1632,1068,1656,1640,1638,1627,1619,1624,1639
1654: 1630,1655,1659,1653,1657,1658,1632,1068,1656,1640,1638,1624,1639
1655: 1630,1659,1653,1654,1657,1658,1632,1068,1656,1640,1638,1627,1619,1644,1624,1646,1639
1656: 1632,1068,1630,1655,1659,1653,1654,1657,1658
1657: 1630,1655,1659,1653,1654,1658,1632,1068,1656,1640,1638,1627,1619,1624,1639
1658: 1630,1655,1659,1653,1654,1657,1632,1068,1656,1640,1638,1624,1639
1660: 1496
1720: 1703,1743,1670
1662: 1651,700
1663: 1684
1664: 1680,1648,1686,1197
1665: 1702,1530,1445
1679: 1696,454
2823: 2755,2738,486,2813,2822
1689: 1817,558
2760: 2775,2847,2882,2805,2854,2779,2757,2771
1797: 1772,1802,1760,1729,1846,930,981
2851: 2746,2803,2872,2852,2802,2597,2587,2469,2588,2818,2783,2860,2859,2861,2835,2767
1694: 1714
1695: 911,980,1721
1697: 1787,2336,2070,1832
1702: 1665,1530,1445
1703: 1720,1743,1670
1982: 2147,2077,2135,2205,2142,2122,2169,2177,2130,2143,2120,2144,2093,2228,2038,2227,2114,2113,2134,2160
1767: 1779
2612: 2630,2658,2682,2683,2657,2704,2611
1707: 1693,1725,1754
1731: 552,1521,596
1730: 1834,1870,1841
2728: 2699,527
2701: 2711,1750,1629,2706
1717: 1796,1915,2496,2572,2624
1722: 1745,984
1723: 1743,1670,1698,1718,1765
1725: 1707,1693,1754
1841: 1870,1730,1834,1863,1807,1788,1970
1728: 2607,2677,1792,1756,1819
1807: 1863,1870,1841,1788,1970
1772: 1797,1802,1760,545,1729,1846,930,981
1736: 1751,1606,1853,1776,1960
1737: 1888
1830: 1882,575,2486,2504,1884,2708,2489,1907,1874,2540
1765: 1718,1723,1698
1740: 1798,1791,1988
1743: 1670,1723,1703,1720,1698
1778: 1847,520
1745: 1722,984
1746: 1708
1796: 1717,1915,2496,2572,2624
1858: 1820,1088,1064
2312: 2219,2288,2252,2250,2131,2216,2300,2309,2238,2331,2214,2311,2024,2225,2251,2249,2247,2246,2244,2162,2129,2107,2150,2159,2282,2253,2323
1750: 2711,2701,1629,2706
1751: 1736,1606,1853,1776
1752: 1781,506,525
2132: 2260,2199,2237,2097,2281,2279,2139,2201,2196,2191,2335,2271,2066,2395,2197,2280,2329,2161
1754: 1680,1648,1707,1693,1725
2321: 2319,2341,2420,2156,2322,2314,2178,2432,2403,2415,2356,2357,2158,2352,2414,2355,2310,2419,2365,2378,2265,2055,2400,2313,2315,2309,2308,2016,2154,2238,2318,2316,2180,2226,2155,2353,1961,2225,2235
1756: 1819,1776,1960,1792,1728
2764: 2745,2793,2747,2773,2597,2848,2839,2818,2744,2807
1760: 1797,1772,1802,1729,930,981
1917: 1843,1919,1922,1986,1910,1890
1763: 1719
1825: 1953,2867,2870,2868,2865,2866,2871,2869,1603,1583
1768: 513,1832,451
1769: 1771,1776,1960,507
2742: 2772,2123,2586,2806,2864,2862,2863,2804,2815,2467,2514,2887
1771: 1769,507
1773: 2350,918
1775: 1898,528
1776: 1960,1736,1751,1769,1756,1819
1779: 1767,411
2163: 2062,2138,2122,2169,2177,2130,2162,2256,2248,2129,2107,2144,2093,2183,2188,2186,2259,2185,2160,2037,2092,2133,2127,2170
1783: 1837
1785: 1928
2046: 2386,2324,2241,2408,2293,2439,2292,2411,2424,2044,2243,2423,2425,2242,2344,2381,2245
1787: 1697,2336,2070,1832
1789: 1600
2706: 1629,2711,2701,1750
1791: 1988,1798,1740
1792: 2607,2677,1728,1756,1819
1793: 1891,908,2572,2624
1798: 1740,1791,1988
2076: 2115,568,2182,2186,1994,2184,2204,2187,2045,2127,2170,2236,2043,2272,2091,2090,2075
1802: 1797,1772,1760,545,1729,1846,930,981
1803: 1876,1844,1877,933
2732: 2727,2711,2735
1890: 1910,1843,1917,1986,534
2080: 2054,2114,2113,2134,2160,2037,2092,2133,2121,2099,2137,2108,2049,2029,2052
1867: 2563,2579,2602,1886,2189,2255,1991,2578,1913
2722: 2692,2614,2673,932,2721,2674
2818: 2839,2773,2597,2848,2746,2803,2851,2872,2764,2783,2860,2859,2861,2835,2767,2744,2796
1844: 1877,1803,1876,933,1836
1973: 2053,1947,991
1817: 447,558,1689
1818: 1978,996
1819: 1756,1776,1960,1792,1728
1820: 1858,2713,2729
2678: 2730,1634,1631
1919: 1843,1917,1948,1864,1922
2143: 2120,2167,2202,2142,2278,2210,2232,2103,2147,2077,2135,1982,2104,2164,2228,2038,2227,2229,2114
2255: 1886,2189,1991,2579,2602,1867,1913
1988: 1791,1798,1740
2042: 2098
1832: 513,1697,1787,1768,451
2544: 2441,2507,2382,2340,2437,2195,2435,2451
1834: 1730,1870,1841
1836: 1844,1877,933,1766
2619: 2578,1913,995
2580: 2223,2072,1939,444,2021,2594
2604: 2652,501
1843: 1917,1919,1922,1986,1910,1890
1936: 1967,571,940
1846: 1729,930,545,1797,1772,1802,981
1847: 1778,520
2700: 2675,2663,2683,2657,2614,2673,2721,2674,2687,2642,2694
2707: 2762,948,459,439
1853: 1606,927,1736,1751
1855: 1984
2133: 2037,2092,2144,2093,2163,2062,2138,2188,2259,2113,2134,2160,2127,2170,2080,2054,2108,2049
2791: 2817,2842,2820,2805,2854,2779,2846,2757,2787,2771,2756,2533,2836,2838,2750,2768,2841,2840
1863: 1807,1870,1841,1788,1970
1864: 1948,1922,1940,1823,1974,1921,569,1919
2715: 2734,2735
1987: 2003,2030,1966,2011,2036,1995
2127: 2170,2163,2062,2138,2182,2183,2188,2186,2259,2185,1994,2184,2204,2187,2045,2037,2092,2133,2076,2115,568,2049
1870: 1841,1730,1834,1863,1807,1788,1970
2723: 560,2664
2796: 2849,2818,2783,2860,2859,2861,2835,2767,2744,2807,2557,2591
2002: 2193,2277,2405,2340,2338,2339,2089,2094,2345,2275,2332,2391,2281,2279,2139,2201,2196,2191,2335,2271,2066,2395,2197
2878: 2826,2888,2770,2828,2885,2837,2829,2780,2832,2877,2831,2758,2805,2854,2779,2846,2830,2756,2533,2836,2838,2875,2825,2827,2857,2768,2841
1876: 1803,1844,1877,933
1877: 1844,1803,1876,933,1836
2615: 2659,2096,2290
1882: 1830,575,2486,2504,1884,2708,2489,1907,1874,2540
1883: 1979,2073,502,1992
1884: 2486,2504,2708,1951,2541,1882,1830,1933,2489,1907,1874,2501
1886: 2189,2255,1991,1867,1913
1887: 1941,1965,1912
1888: 1737
1951: 2541,2516,2559,1933,2560,2539,2709,2486,2504,1884,2708
2533: 2756,2836,2838,2780,2832,2877,2831,2758,2805,2854,2779,2846,2826,2888,2770,2828,2885,2837,2878,2829,2817,2791,2842,2875,2825,2827,2857,2768,2841,2840
2694: 2675,2700,2704,2611,2687,2642
2684: 406,2736,2716
1948: 1864,1922,1940,1823,1974,1921,569,1919
1970: 1788,1870,1841,1863,1807,2119
1898: 1775,528
2653: 2151,582
2222: 2524,2466,2434,2530,2484,2548,2487,2429,2480,2477,2456,2485,2431,2402,2179,2461,2417
2311: 2299,2024,2374,2351,2267,2333,2394,2262,2263,2409,2293,2331,2214,2044,2243,2325,2215,2219,2288,2312,2252,2250,2131,2216,2300,2246,2244,2240,2347,2283
2711: 2701,1750,1629,2706,2732
2695: 2725,422
2522: 2555,2483,2547,2430,2471,2481,2482,2303,2460,2458,1989,2459
1907: 2489,1874,1882,1830,575,2486,2504,1884,2708,2540,927
2689: 2630,2658,2564,2609,2610,2704,2611,2646
1910: 1890,1843,1917,1986,534
2660: 2690
1912: 1887,1941,1965
1913: 2578,1867,1886,2189,2255,1991,2619,995
2709: 1933,2560,2539,1951,2541,2504,2708,2501
1915: 2496,927,1717,1796
2400: 2055,2313,2315,2307,2301,2305,2306,2432,2403,2415,2356,2357,2158,2352,2414,2355,2310,2389,2304,2320,2406,2319,2341,2420,2156,2322,2321,2314,2178,2190,2231,2346,2318,2316,2180,2317,2226,2155
1921: 1974,2015,1972,1998,1940,1823,569,1948,1864
1922: 1948,1864,1823,1843,1917,1919
2034: 2101
1989: 2460,2458,2459,2555,2483,2522,2547,2430,2471,2482,2303,2399,2479,2307,2301,2305,2306
1950: 1999,2020,2067,2068,2006
2061: 2036,1995,1998,2027,2018
1928: 1785
1972: 2015,1963,1942,946,1940,1823,1974,1921
2559: 2516,2528,1951,2541,2648,1933,2560,2539,2501
2864: 2806,2862,2863,2772,2742,2123,2586,2804,2815,2467,2514,2887,2777,2853,2852,2802
2031: 1976,583,2366,2426,2211,2207,2213,2165,2349
1933: 2560,2539,2709,1951,2541,2516,2559,2486,2504,1884,2708,2501
2588: 2587,2469,2852,2802,2746,2803,2851,2872,2574,2783,2860,2859,2861,2835,2767
2090: 2075,2076,2115,568,2236,2043,2030,1966
1940: 1823,2015,1972,1974,1921,1941,1948,1864
1941: 1965,1940,1823,1887,1912
1942: 1963,946,2015,1972
1995: 2036,1987,2003,946,2061,1998,2027,2018
2125: 2542,2568
2770: 2826,2888,2828,2885,2837,2878,2829,2780,2832,2877,2831,2758,2854,2846,2830,2756,2533,2836,2838,2875,2825,2827,2857,2768,2841
1947: 2053,1973
1953: 2867,2870,2868,2865,2866,2871,2869,1825,1603,1583
2113: 2134,2160,2147,2077,2135,1982,2144,2093,2114,2037,2092,2133,2121,2099,2137,2080,2054
1955: 569,1986,534
2674: 2721,2692,2722,2614,2673,2675,2700,932,2687,2642
2147: 2077,2135,1982,2202,2205,2142,2278,2122,2169,2143,2120,2144,2093,2228,2038,2227,2229,2114,2113,2134,2160
1960: 1776,1736,1769,1756,1819
1961: 2226,2155,2353,2313,2315,2319,2341,2156,2321,2314,2178,2154,2238,2318,2316,2180,2317,2225,2235,2249,2247,2205,2142,2278,2122,2169,2177,2130,2112,2162,2256,2248,2129
1997: 2233,2348,588,2385,2208,2359,2384,2166,2383,2366,2426,2211,2207,2213,2167
1963: 1942,946,2015,1972
1986: 1955,1843,1917,534,1910,1890
1965: 1941,1887,1912
1966: 2030,2011,2090,2075,2065,1987,2003
1967: 1936,571,940,576
1976: 2031,583,2366,2426,2211,2207,2213,2165,2349
1977: 2039
1978: 1818,996
1979: 1883,2073,502,1992
1991: 1886,2189,2255,1867,1913
1992: 2073,502,1979,1883
2020: 1950,1999,2067,524,2068,2006
1994: 2184,2204,2187,2045,2107,2150,2159,2282,2253,2323,2181,2258,2182,2183,2188,2186,2259,2185,2127,2170,2076,2115,568,2272,2091
1998: 2027,2036,1995,2061,2018,1921
1999: 1950,2020,2067,524,2068,2006
2055: 2400,2313,2315,2307,2301,2305,2306,2432,2403,2415,2356,2357,2158,2352,2414,2355,2310,2389,2304,2320,2406,2319,2341,2420,2156,2322,2321,2314,2178,2190,2231,2318,2316,2180,2317,2226,2155
2030: 1966,2011,2049,2090,2075,2065,1987,2003
2003: 1987,2030,1966,2011,2036,1995
2004: 2057
2108: 2049,2037,2092,2133,2080,2054,2065,2011
2006: 1950,1999,2020,2068
2708: 2486,2504,1884,1951,2541,1882,1830,1933,2560,2539,2709,2489,1907,2501
2162: 2256,2248,2129,2155,2353,1961,2225,2251,2235,2249,2247,2219,2312,2252,2250,2131,2122,2169,2177,2130,2112,2107,2150,2144,2093,2163,2062,2138,2182,2183,2188,2186,2259,2185
2105: 588,2385,2367,2443,2168,2399,2479,2307,2301,2305,2306,2348,2389,2304,2320,2406,2233,2208,2359,2384,2166,2383,2270,2190,2231,2346
2026: 2119,1788
2011: 2030,1966,2108,2049,2065,1987,2003
2347: 2240,2283,2311,2299,2024,2374,2351,2044,2243,2325,2215,2324,2241,2408,2246,2244,2344,2381,2245,2282,2253,2110,2181,2258,2338,2094,2275
2591: 2849,2796,2557,2589,2625
2015: 1972,1963,1942,946,1940,1823,1974,1921,569
2016: 2309,2308,2154,2238,2218,2357,2355,2310,2419,2416,2365,2378,2265,2330,2267,2333,2319,2341,2420,2156,2322,2321,2314,2331,2214,2226,2155,2225,2251,2235,2249,2247,2219,2288,2252,2250,2131,2216,2300
2018: 2036,1995,2061,1998,2027,590
2611: 2704,2682,2612,2689,2646,2694
2021: 2594,2580,1939,2563,2623,2579,2602
2057: 2004
2795: 2879,2798,2766,2827,2857,2768,2841,2840,2794,2819,2737,2792,2811,2753,2843,2844,2810,2886,2816,2799,494
2024: 2311,2299,2374,2351,2394,2262,2263,2409,2293,2331,2214,2044,2243,2325,2215,2219,2288,2312,2252,2250,2131,2216,2300,2246,2244,2240,2347,2283
2027: 1998,2036,1995,2061,2018
2146: 2274
2029: 2121,2099,2080,2095,2570,2052
2442: 2286,2565,1487,822,2224,2499
2036: 1995,1987,2003,946,2061,1998,2027,2018
2037: 2092,2133,2144,2093,2163,2062,2138,2113,2134,2160,2127,2170,2080,2054,2108,2049
2038: 2228,2227,2229,2210,2143,2120,2147,2077,2135,1982,2104,2164,2114,2121,2099,2137
2039: 1977
2040: 1701,2410,1671,1677,2465,2364,2488,2464,1700,2334,2454,2267,2333,2394,2262,2263,2409,2392,2266,2293
2699: 2728,527
2043: 2236,2272,2091,2204,2045,2140,2279,2139,2201,2076,2115,568,2280,2090,2075
2044: 2243,2325,2215,2394,2262,2409,2293,2439,2292,2411,2311,2299,2024,2374,2351,2386,2324,2241,2046,2408,2246,2244,2240,2347,2283,2344,2381,2245
2045: 1994,2184,2204,2187,2107,2159,2282,2323,2181,2258,2182,2183,2188,2186,2185,2337,2140,2261,2127,2170,2076,2115,568,2236,2043,2272,2091
2716: 2684
2346: 2270,2190,2231,588,2105,2385,2367,2389,2304,2320,2406,2400,2315,2208,2359,2384,2166,2383,2318,2316,2180,2317,2167,2202,2278
2049: 2108,2037,2092,2133,2127,2170,2080,2054,2065,2030,2011
2050: 2087,2104,2164,966
2232: 2210,2103,2211,2207,2213,2167,2143,2120,2104,2164
2052: 2121,2099,2080,2029
2053: 1973,1947,991
2054: 2080,2114,2113,2134,2160,2037,2092,2133,2099,2137,2108,2049
2059: 2033,524,2068
2190: 2270,2231,2346,2105,2385,2367,2389,2304,2320,2406,2055,2400,2313,2315,2208,2359,2384,2166,2383,2318,2316,2180,2317,2167,2202,2205,2142,2278
2062: 2163,2138,2122,2169,2177,2130,2162,2256,2248,2129,2107,2150,2144,2093,2183,2188,2186,2259,2185,2160,2037,2133,2127,2170
2809: 2778,2801,2808,2824,2797,2761,2850,2883,2785,2855
2065: 2108,2049,2030,1966,2011
2066: 2335,2271,2395,2197,2193,2277,2002,2405,2332,2391,2422,2474,2196,2191,2529,2428,2132,2329
2067: 1950,1999,2020
2068: 1950,1999,2020,2033,2059,2006
2820: 2817,2791,2842,2805,2846,2757,2787,2771,2756,2836,2838,2750,2768,2841,2840,2794
2070: 2336,1697,1787
2575: 931,2672
2072: 2223,2580,1939,444
2073: 502,1992,1979,1883
2074: 2141
2075: 2090,2076,2115,568,2236,2043,2030,1966
2077: 2147,2135,1982,2142,2122,2169,2143,2120,2144,2093,2228,2038,2227,2229,2114,2113,2134,2160
2144: 2093,2205,2142,2278,2122,2169,2177,2130,2112,2162,2256,2248,2129,2147,2077,2135,1982,2163,2062,2138,2113,2134,2160,2037,2133
2103: 2210,2232,2211,2207,2213,2167,2143,2120,2104,2164,2227
2087: 2050,2104,2164,966
2521: 2370
2089: 2338,2339,2094,2345,2275,2240,2344,2381,2245,2110,2181,2193,2277,2002,2405,2337,2261,2281,2279,2201,2196,2191
2091: 2236,2043,2272,1994,2184,2204,2187,2045,2337,2140,2261,2281,2279,2139,2201,2076,2115,568,2280
2092: 2037,2133,2093,2163,2113,2134,2160,2127,2170,2080,2054,2108,2049
2093: 2144,2122,2169,2177,2130,2162,2256,2147,2077,2135,1982,2163,2062,2138,2113,2134,2160,2037,2092,2133
2094: 2338,2339,2089,2345,2275,2240,2347,2283,2344,2381,2245,2342,2110,2181,2258,2193,2277,2002,2405,2337,2140,2261,2281,2279,2139,2201,2196,2191
2095: 2570,2121,2029
2096: 2290,2659,2615,2664
2097: 2260,2199,2237,2132,2335,2271,2197,2280,2329,2161
2098: 2042,2141
2099: 2121,2137,2228,2038,2227,2229,2114,2113,2134,2080,2054,2029,2052
2101: 2034
2641: 586,2593,514
2202: 2208,2359,2270,2190,2231,2346,2318,2316,2180,2317,2167,2205,2142,2278,2143,2120,2147
2110: 2342,2181,2258,2246,2244,2240,2347,2283,2381,2245,2159,2282,2253,2323,2338,2339,2089,2094,2345,2275,2184,2337,2261
2201: 2281,2279,2139,2181,2258,2338,2339,2089,2094,2275,2193,2002,2337,2140,2261,2196,2191,2236,2043,2272,2091,2280,2237,2132
2112: 2122,2169,2177,2130,2318,2316,2180,2317,2226,2155,2353,1961,2225,2235,2249,2247,2205,2142,2278,2162,2256,2248,2129,2135,2144
2114: 2143,2147,2077,2135,1982,2228,2038,2227,2229,2113,2134,2160,2121,2099,2137,2080,2054
2115: 2076,568,2182,2186,1994,2184,2204,2187,2045,2140,2127,2170,2236,2043,2272,2091,2090,2075
2116: 1985,991
2117: 2206
2119: 2026,1788,1970
2120: 2143,2167,2202,2205,2142,2278,2232,2103,2147,2077,2135,1982,2104,2164,2228,2038,2227,2229
2121: 2099,2137,2228,2038,2227,2229,2114,2113,2134,2080,2095,2029,2052
2122: 2169,2177,2130,2112,2318,2316,2180,2317,2353,1961,2235,2205,2142,2278,2162,2256,2248,2129,2147,2077,2135,1982,2144,2093,2163,2062
2123: 2586,432,2742,2806,2864,2862,2804,2815,2467,2514,2887
2238: 2309,2308,2016,2154,2218,2357,2310,2419,2365,2265,2330,2319,2341,2420,2156,2322,2321,2314,2178,2331,2214,2226,2155,2353,1961,2225,2251,2235,2249,2247,2219,2288,2312,2252,2250,2131,2216,2300
2129: 2162,2256,2248,2226,2155,2353,1961,2225,2251,2235,2249,2247,2219,2288,2312,2252,2250,2131,2122,2169,2177,2130,2112,2107,2150,2144,2163,2062,2138,2259
2130: 2122,2169,2177,2112,2318,2226,2155,2353,1961,2225,2251,2235,2249,2247,2205,2142,2162,2256,2248,2129,2135,1982,2144,2093,2163,2062,2138
2131: 2219,2288,2312,2252,2250,2216,2300,2309,2308,2016,2154,2238,2218,2331,2214,2311,2024,2225,2251,2235,2249,2247,2162,2256,2248,2129,2107,2150,2323
2134: 2113,2160,2147,2077,2135,1982,2144,2093,2114,2037,2092,2133,2121,2099,2137,2080,2054
2135: 2147,2077,1982,2205,2142,2278,2122,2169,2177,2130,2112,2143,2120,2144,2093,2228,2038,2227,2114,2113,2134,2160
2258: 2342,2110,2181,2244,2240,2347,2283,2159,2282,2253,2323,2338,2339,2094,2275,1994,2184,2204,2187,2045,2337,2140,2261,2281,2279,2139,2201
2137: 2121,2099,2228,2038,2227,2229,2114,2113,2134,2160,2080,2054
2138: 2163,2062,2177,2130,2162,2256,2248,2129,2107,2150,2144,2093,2182,2183,2188,2186,2259,2185,2160,2037,2133,2127,2170
2139: 2281,2279,2201,2258,2338,2339,2094,2193,2002,2337,2140,2261,2196,2191,2043,2272,2091,2280,2260,2199,2237,2132
2140: 2337,2261,2181,2258,2338,2339,2094,2275,2204,2045,2281,2279,2139,2201,2115,2236,2043,2272,2091,2280
2141: 2074,2098
2142: 2205,2278,2270,2190,2318,2316,2180,2317,2353,1961,2202,2122,2169,2177,2130,2112,2143,2120,2147,2077,2135,1982,2144
2148: 2224,2498,2499,926,1487,822,2286
2659: 2615,2096,2290
2150: 2107,2225,2251,2249,2247,2219,2288,2312,2252,2250,2131,2216,2300,2246,2244,2162,2256,2248,2129,2159,2282,2253,2323,2062,2138,2182,2183,2188,2186,2259,2185,1994,2184,2187
2151: 2653,582
2152: 2433,915,2487,2429,2480,2477,2456,2485,2377,2476,2475,2523,2512,2427,2364,2461,2157,2417,2379,2357,2352,2414,2355,2310,2419,2416,2365,2378,2265
2377: 2476,2475,2523,2512,2427,2487,2429,2480,2477,2456,2485,853,1677,2465,2364,2461,2157,2379,2433,2152,915
2154: 2309,2308,2016,2238,2218,2357,2355,2310,2419,2365,2265,2330,2319,2341,2420,2156,2322,2321,2314,2178,2331,2214,2226,2155,2353,1961,2225,2251,2235,2249,2247,2219,2288,2252,2250,2131,2216
2155: 2226,2353,1961,2055,2400,2313,2315,2319,2341,2420,2156,2322,2321,2314,2178,2309,2308,2016,2154,2238,2318,2316,2180,2317,2225,2251,2235,2249,2247,2205,2177,2130,2112,2162,2256,2248,2129
2156: 2319,2341,2420,2322,2321,2314,2178,2357,2158,2414,2355,2310,2419,2365,2265,2330,2055,2400,2313,2315,2309,2308,2016,2154,2238,2218,2318,2316,2226,2155,2353,1961,2225,2251,2235,2249,2247
2157: 2461,2417,2379,2466,2487,2429,2480,2477,2456,2485,2377,2476,2475,2512,2427,2431,2402,2433,2152,915,2432,2403,2415,2356,2357,2158,2352,2414,2355,2310,2419,2416,2365,2378,2265,2330
2158: 2357,2352,2414,2355,2310,2179,2461,2157,2417,2379,2432,2403,2415,2356,2419,2416,2365,2378,2265,2055,2400,2313,2315,2319,2341,2420,2156,2322,2321,2314,2178,2308
2159: 2282,2253,2323,2312,2246,2244,2283,2107,2150,2110,2181,2258,2182,2183,2188,2186,2259,2185,1994,2184,2204,2187,2045,2337,2261
2160: 2113,2134,2147,2077,2135,1982,2144,2093,2163,2062,2138,2114,2037,2092,2133,2137,2080,2054
2161: 2280,2260,2199,2237,2097,2132,2329
2164: 2104,2210,2232,2103,2143,2120,2228,2038,2227,2229,2050,2087
2165: 2349,2031,1976,583
2166: 2208,2359,2384,2383,2348,588,2105,2385,2367,2389,2304,1997,2233,2270,2190,2231,2346,2211,2207,2213,2167
2167: 1997,2233,2208,2359,2384,2166,2383,2270,2190,2231,2346,2211,2207,2213,2202,2210,2232,2103,2143,2120
2168: 2445,2443,2556,2481,2303,2459,2399,2479,2348,588,2105,2385,2367
2169: 2122,2177,2130,2112,2318,2316,2180,2317,2353,1961,2235,2247,2205,2142,2278,2162,2256,2248,2129,2147,2077,2135,1982,2144,2093,2163,2062
2170: 2127,2163,2062,2138,2182,2183,2188,2186,2259,2185,1994,2184,2204,2187,2045,2037,2092,2133,2076,2115,568,2049
2406: 2389,2304,2320,2399,2479,2307,2301,2305,2306,2432,2403,2415,2356,2105,2385,2367,2055,2400,2313,2315,2208,2359,2270,2190,2231,2346,2318,2316,2180
2658: 2630,2637,2564,2609,2613,2682,2612,2689
2173: 2358,916,580,2198
2174: 1487,822,2455,2224,2499
2761: 2797,2850,2778,2809,2808,2834,2781,2881,2883
2734: 2715,2735
2177: 2122,2169,2130,2112,2318,2316,2180,2317,2226,2155,2353,1961,2225,2251,2235,2249,2247,2205,2142,2278,2162,2256,2248,2129,2135,1982,2144,2093,2163,2062,2138
2178: 2319,2341,2420,2156,2322,2321,2314,2356,2357,2158,2355,2055,2400,2313,2315,2308,2154,2238,2318,2316,2180,2317,2226,2155,2353,1961,2225,2235
2179: 2431,2402,2484,2548,2524,2222,2466,2434,2530,2456,2485,2461,2417,2307,2301,2305,2306,2432,2403,2415,2356,2158,2352,2414,2355
2180: 2318,2316,2317,2304,2320,2406,2055,2400,2313,2315,2321,2314,2178,2270,2190,2231,2346,2155,2353,1961,2202,2205,2142,2278,2122,2169,2177,2112
2181: 2342,2110,2258,2246,2244,2240,2347,2283,2381,2245,2159,2282,2253,2323,2338,2339,2089,2094,2275,1994,2184,2204,2187,2045,2337,2140,2261,2281,2279,2201
2182: 2183,2188,2186,2259,2185,2162,2107,2150,2159,2282,2253,2323,2138,1994,2184,2204,2187,2045,2127,2170,2076,2115,568
2183: 2182,2188,2186,2259,2185,2162,2256,2107,2150,2159,2282,2253,2323,2163,2062,2138,1994,2184,2204,2187,2045,2127,2170,568
2184: 1994,2204,2187,2045,2107,2150,2159,2282,2253,2323,2110,2181,2258,2182,2183,2188,2186,2259,2185,2337,2127,2170,2076,2115,568,2272,2091
2185: 2182,2183,2188,2186,2259,2162,2256,2107,2150,2159,2282,2253,2323,2163,2062,2138,1994,2184,2204,2187,2045,2127,2170,568
2186: 2182,2183,2188,2259,2185,2162,2107,2150,2159,2282,2253,2323,2163,2062,2138,1994,2184,2204,2187,2045,2127,2170,2076,2115,568
2187: 1994,2184,2204,2045,2107,2150,2159,2282,2253,2323,2181,2258,2182,2183,2188,2186,2259,2185,2127,2170,2076,2115,568,2272,2091
2188: 2182,2183,2186,2259,2185,2162,2256,2107,2150,2159,2253,2323,2163,2062,2138,1994,2184,2204,2187,2045,2133,2127,2170,568
2189: 1886,2255,1991,2579,2602,1867,1913
2191: 2196,2338,2339,2089,2094,2345,2193,2277,2002,2405,2332,2391,2281,2279,2139,2201,2335,2271,2066,2395,2197,2280,2260,2199,2237,2132,2329
2683: 2682,2657,2612,2675,2700
2193: 2277,2002,2405,2340,2404,2338,2339,2089,2094,2345,2275,2332,2391,2281,2279,2139,2201,2196,2191,2335,2271,2066,2395,2197
2344: 2381,2245,2044,2243,2386,2324,2241,2046,2408,2423,2425,2242,2240,2347,2338,2089,2094,2345,2275
2195: 2435,2451,2544,2382,2340,2437,2332,2422,2474
2196: 2191,2338,2339,2089,2094,2345,2193,2277,2002,2405,2332,2391,2281,2279,2139,2201,2335,2271,2066,2395,2197,2280,2260,2199,2237,2132,2329
2197: 2335,2271,2066,2395,2193,2002,2405,2332,2391,2422,2474,2196,2191,2529,2428,2260,2199,2237,2097,2132,2329,512
2198: 580,916,2145,2173,2358
2199: 2260,2237,2097,2132,2281,2279,2139,2196,2191,2335,2271,2197,2280,2329,2161
2343: 2436
2203: 2393
2204: 1994,2184,2187,2045,2107,2159,2282,2323,2181,2258,2182,2183,2188,2186,2185,2337,2140,2261,2127,2170,2076,2115,568,2236,2043,2272,2091
2205: 2142,2278,2270,2190,2318,2316,2180,2317,2226,2155,2353,1961,2202,2122,2169,2177,2130,2112,2120,2147,2135,1982,2144
2206: 2117
2207: 2211,2213,1997,2233,2384,2166,2366,2426,2167,2031,1976,2210,2232,2103
2208: 2359,2384,2166,2383,2348,588,2105,2385,2367,2389,2304,2320,2406,1997,2233,2270,2190,2231,2346,2167,2202
2209: 2446,2447,2448,2556,2481
2210: 2232,2103,2211,2207,2213,2167,2143,2104,2164,2038,2227,2229
2211: 2207,2213,1997,2233,2384,2166,2366,2426,2167,2031,1976,2210,2232,2103
2773: 2747,2880,2821,2569,2786,2856,2784,2777,2853,2597,2848,2745,2793,2764,2839,2818
2213: 2211,2207,1997,2233,2359,2384,2166,2383,2366,2426,2167,2031,1976,2210,2232,2103
2214: 2331,2365,2265,2330,2267,2333,2263,2409,2392,2309,2308,2016,2154,2238,2218,2311,2299,2024,2374,2225,2251,2235,2249,2219,2288,2312,2252,2250,2131,2216,2300,2246
2215: 2044,2243,2325,2394,2262,2263,2409,2293,2439,2292,2311,2299,2024,2374,2351,2324,2241,2408,2246,2244,2240,2347,2283,2381,2245
2216: 2219,2288,2312,2252,2250,2131,2300,2309,2308,2016,2154,2238,2218,2331,2214,2311,2299,2024,2374,2351,2225,2251,2249,2246,2244,2107,2150,2253,2323
2217: 2362,2334,2454,2268,2463,2462,2410,2373,2505,2363,2361,2394,2262,2266,2293,2439,2292,2411
2218: 2309,2308,2016,2154,2238,2357,2310,2419,2416,2365,2378,2265,2330,2267,2333,2319,2341,2420,2156,2322,2331,2214,2226,2225,2251,2219,2288,2131,2216,2300
2219: 2288,2312,2252,2250,2131,2216,2300,2309,2308,2016,2154,2238,2218,2331,2214,2311,2024,2225,2251,2235,2249,2247,2246,2244,2162,2248,2129,2107,2150
2353: 2226,2155,1961,2313,2315,2319,2341,2156,2321,2314,2178,2154,2238,2318,2316,2180,2317,2225,2251,2235,2249,2247,2205,2142,2278,2122,2169,2177,2130,2112,2162,2256,2248,2129
2223: 2072,2580,1939,444
2224: 2148,2498,2499,1487,2174,822,2455,2286,2442,2565
2225: 2251,2235,2249,2247,2319,2341,2420,2156,2322,2321,2314,2178,2309,2308,2016,2154,2238,2218,2331,2214,2226,2155,2353,1961,2219,2288,2312,2252,2250,2131,2216,2300,2177,2130,2112,2162,2256,2248,2129,2107,2150
2226: 2155,2353,1961,2055,2400,2313,2315,2319,2341,2420,2156,2322,2321,2314,2178,2309,2308,2016,2154,2238,2218,2318,2316,2225,2251,2235,2249,2247,2205,2177,2130,2112,2256,2248,2129
2227: 2228,2038,2229,2210,2103,2143,2120,2147,2077,2135,1982,2104,2164,2114,2121,2099,2137
2228: 2038,2227,2229,2143,2120,2147,2077,2135,1982,2104,2164,2114,2121,2099,2137
2229: 2228,2038,2227,2210,2143,2120,2147,2077,2104,2164,2114,2121,2099,2137
2437: 2382,2340,2404,2544,2195,2435,2451,2277,2405,2332,2391,2422,2474
2231: 2270,2190,2346,588,2105,2385,2367,2389,2304,2320,2406,2055,2400,2313,2315,2208,2359,2384,2166,2383,2318,2316,2180,2317,2167,2202,2278
2235: 2225,2251,2249,2247,2319,2341,2420,2156,2322,2321,2314,2178,2309,2308,2016,2154,2238,2331,2214,2226,2155,2353,1961,2219,2288,2252,2250,2131,2122,2169,2177,2130,2112,2162,2256,2248,2129,2107
2236: 2043,2272,2091,2204,2045,2140,2201,2076,2115,568,2280,2090,2075
2237: 2260,2199,2097,2132,2281,2279,2139,2201,2196,2191,2335,2271,2197,2280,2329,2161
2599: 2600,2598,2562,2528
2240: 2347,2283,2311,2299,2024,2374,2351,2044,2243,2325,2215,2324,2241,2408,2246,2244,2344,2381,2245,2282,2253,2110,2181,2258,2338,2089,2094,2345,2275
2241: 2386,2324,2046,2408,2293,2439,2292,2411,2424,2044,2243,2325,2215,2423,2425,2242,2240,2347,2344,2381,2245
2242: 2423,2425,2411,2424,2452,2497,2386,2324,2241,2046,2408,2344,2382,2404
2243: 2044,2325,2215,2394,2262,2263,2409,2392,2266,2293,2439,2292,2411,2311,2299,2024,2374,2351,2386,2324,2241,2046,2408,2246,2244,2240,2347,2344,2381,2245
2244: 2246,2331,2311,2299,2024,2374,2351,2044,2243,2325,2215,2219,2288,2312,2252,2250,2216,2300,2240,2347,2283,2107,2150,2159,2282,2253,2323,2110,2181,2258
2245: 2344,2381,2044,2243,2325,2215,2386,2324,2241,2046,2408,2425,2240,2347,2283,2110,2181,2338,2339,2089,2094,2345,2275
2246: 2244,2331,2214,2311,2299,2024,2374,2351,2044,2243,2325,2215,2219,2288,2312,2252,2216,2300,2240,2347,2283,2107,2150,2159,2282,2253,2323,2110,2181
2247: 2225,2251,2235,2249,2341,2156,2309,2308,2016,2154,2238,2331,2226,2155,2353,1961,2219,2288,2312,2252,2250,2131,2169,2177,2130,2112,2162,2256,2248,2129,2107,2150
2248: 2162,2256,2129,2226,2155,2353,1961,2225,2251,2235,2249,2247,2219,2288,2252,2250,2131,2122,2169,2177,2130,2112,2107,2150,2144,2163,2062,2138,2259
2249: 2225,2251,2235,2247,2341,2156,2309,2308,2016,2154,2238,2331,2214,2226,2155,2353,1961,2219,2288,2312,2252,2250,2131,2216,2300,2177,2130,2112,2162,2256,2248,2129,2107,2150
2250: 2219,2288,2312,2252,2131,2216,2300,2309,2308,2016,2154,2238,2331,2214,2311,2024,2225,2251,2235,2249,2247,2244,2162,2256,2248,2129,2107,2150,2253,2323
2251: 2225,2235,2249,2247,2341,2156,2309,2308,2016,2154,2238,2218,2331,2214,2226,2155,2353,2219,2288,2312,2252,2250,2131,2216,2300,2177,2130,2162,2256,2248,2129,2107,2150
2252: 2219,2288,2312,2250,2131,2216,2300,2309,2016,2154,2238,2331,2214,2311,2024,2225,2251,2235,2249,2247,2246,2244,2162,2256,2248,2129,2107,2150,2253,2323
2253: 2159,2282,2323,2312,2252,2250,2216,2300,2246,2244,2240,2347,2283,2107,2150,2110,2181,2258,2182,2183,2188,2186,2185,1994,2184,2187,2337
2731: 2710,527
2256: 2162,2248,2129,2226,2155,2353,1961,2225,2251,2235,2249,2247,2252,2250,2131,2122,2169,2177,2130,2112,2107,2150,2144,2093,2163,2062,2138,2183,2188,2259,2185
2663: 2661,2633,945,2576,2614,2673,2675,2700
2259: 2182,2183,2188,2186,2185,2162,2256,2248,2129,2107,2150,2159,2323,2163,2062,2138,1994,2184,2187,2133,2127,2170,568
2260: 2199,2237,2097,2132,2281,2279,2139,2196,2191,2335,2271,2197,2280,2329,2161
2262: 2394,2263,2409,2392,2266,2410,2040,2217,2362,2334,2454,2267,2333,2293,2439,2292,2311,2299,2024,2374,2351,2044,2243,2325,2215
2263: 2394,2262,2409,2392,2266,2410,2040,2334,2454,2267,2333,2293,2331,2214,2311,2299,2024,2374,2351,2243,2325,2215
2600: 2598,2562,2599,2528
2265: 2419,2416,2365,2378,2330,2157,2379,2433,2152,915,2357,2158,2352,2414,2355,2310,2267,2333,2319,2341,2420,2156,2322,2321,2309,2308,2016,2154,2238,2218,2331,2214
2266: 2394,2262,2263,2409,2392,1701,2410,1671,2040,2217,2362,2334,2454,2267,2333,2293,2439,2292,2299,2374,2243,2325
2267: 2333,915,2410,2040,2416,2365,2378,2265,2330,2394,2262,2263,2409,2392,2266,2309,2308,2016,2218,2331,2214,2311,2299
2268: 2463,2462,2488,2464,1700,2410,1671,2217,2362,2334,2454,2373,2505,2363,2361
2307: 2301,2305,2306,2460,2458,1989,2459,2431,2179,2399,2479,2432,2403,2415,2356,588,2105,2385,2367,2389,2304,2320,2406,2055,2400,2313,2315
2270: 2190,2231,2346,2105,2385,2389,2304,2320,2406,2313,2315,2208,2359,2384,2166,2383,2318,2316,2180,2317,2167,2202,2205,2142,2278
2271: 2335,2066,2395,2197,2193,2277,2002,2405,2332,2391,2422,2474,2196,2191,2428,2260,2199,2237,2097,2132,2329
2272: 2236,2043,2091,1994,2184,2204,2187,2045,2337,2140,2261,2281,2279,2139,2201,2076,2115,568,2280
2469: 2587,2588,2852,2802,2746,2803,2851,2872,2574,2783,2860,2859,2861,2835,2767
2274: 2146
2275: 2338,2339,2089,2094,2345,2240,2347,2283,2344,2381,2245,2342,2110,2181,2258,2193,2002,2337,2140,2261,2281,2279,2201
2669: 
2277: 2193,2002,2405,2382,2340,2404,2437,2338,2339,2089,2094,2345,2332,2391,2196,2191,2335,2271,2066,2395
2278: 2205,2142,2270,2190,2231,2346,2318,2316,2180,2317,2353,1961,2202,2122,2169,2177,2112,2143,2120,2147,2135,2144
2279: 2281,2139,2201,2181,2258,2338,2339,2089,2094,2275,2193,2002,2337,2140,2261,2196,2191,2043,2272,2091,2280,2260,2199,2237,2132
2280: 2337,2140,2261,2281,2279,2139,2201,2196,2191,2236,2043,2272,2091,2260,2199,2237,2097,2132,2161
2282: 2159,2253,2323,2312,2300,2246,2244,2240,2347,2283,2107,2150,2342,2110,2181,2258,2182,2183,2186,2185,1994,2184,2204,2187,2045,2337,2261
2283: 2240,2347,2311,2024,2351,2044,2215,2246,2244,2381,2245,2159,2282,2253,2323,2110,2181,2258,2338,2094,2275
2345: 2338,2339,2089,2094,2275,2240,2344,2381,2245,2110,2193,2277,2002,2405,2337,2261,2281,2196,2191
2285: 2396
2286: 2442,2565,1487,822,2455,2148,2224,2498,2499
2287: 2519,485
2288: 2219,2312,2252,2250,2131,2216,2300,2309,2308,2016,2154,2238,2218,2331,2214,2311,2024,2225,2251,2235,2249,2247,2246,2244,2248,2129,2107,2150
2290: 2096,2659,2615,2664
2291: 2438,2388,2373,2505,2363,2411,2424,2452,2497
2292: 2293,2439,2410,2217,2362,2334,2454,2373,2505,2363,2361,2394,2262,2266,2411,2299,2374,2351,2044,2243,2325,2215,2386,2324,2241,2046,2408
2293: 2439,2292,2410,2040,2217,2362,2334,2454,2373,2505,2363,2361,2394,2262,2263,2409,2392,2266,2411,2311,2299,2024,2374,2351,2044,2243,2325,2215,2386,2324,2241,2046
2767: 2783,2860,2859,2861,2835,2597,2746,2803,2851,2872,2587,2469,2588,2839,2818,2744,2807,2849,2796
2601: 2769
2543: 
2439: 2293,2292,2410,2217,2362,2334,2454,2373,2505,2363,2361,2394,2262,2266,2411,2299,2374,2044,2243,2325,2215,2386,2324,2241,2046
2525: 2371,572
2299: 2311,2024,2374,2351,2267,2333,2394,2262,2263,2409,2392,2266,2293,2439,2292,2331,2214,2044,2243,2325,2215,2216,2300,2246,2244,2240,2347
2300: 2219,2288,2312,2252,2250,2131,2216,2309,2016,2238,2218,2331,2214,2311,2299,2024,2374,2351,2225,2251,2249,2246,2244,2107,2150,2282,2253,2323
2301: 2307,2305,2306,2460,2458,1989,2459,2431,2402,2179,2399,2479,2432,2403,2415,2356,588,2105,2385,2367,2389,2304,2320,2406,2055,2400
2741: 2845,2873,2776,2876,2833,536,2834,2781,2881,2883,2847,2882,2780,2832,2877,2831,2805,2854,2779
2303: 2482,2555,2483,2522,2547,2430,2471,2556,2481,2460,2458,1989,2459,2445,2443,2168,2399,2479
2304: 2389,2320,2406,2399,2479,2307,2301,2305,2306,2403,588,2105,2385,2367,2055,2400,2313,2315,2208,2359,2384,2166,2383,2270,2190,2231,2346,2318,2316,2180,2317
2305: 2307,2301,2306,2460,2458,1989,2459,2431,2179,2399,2479,2432,2403,2415,2356,588,2105,2385,2367,2389,2304,2320,2406,2055,2400,2315
2306: 2307,2301,2305,2460,2458,1989,2459,2431,2402,2179,2399,2479,2432,2403,2415,2356,588,2105,2367,2389,2304,2320,2406,2055,2400
2308: 2309,2016,2154,2238,2218,2357,2158,2352,2414,2355,2310,2419,2416,2365,2378,2265,2330,2267,2333,2319,2341,2420,2156,2322,2321,2314,2178,2331,2214,2226,2155,2225,2251,2235,2249,2247,2219,2288,2250,2131,2216
2309: 2308,2016,2154,2238,2218,2310,2419,2365,2378,2265,2330,2267,2333,2319,2341,2420,2156,2322,2321,2331,2214,2226,2155,2225,2251,2235,2249,2247,2219,2288,2312,2252,2250,2131,2216,2300
2310: 2357,2158,2352,2414,2355,2461,2157,2417,2379,2433,2152,915,2415,2356,2419,2416,2365,2378,2265,2330,2055,2400,2319,2341,2420,2156,2322,2321,2314,2309,2308,2016,2154,2238,2218
2313: 2055,2400,2315,2307,2357,2158,2355,2389,2304,2320,2406,2319,2341,2420,2156,2322,2321,2314,2178,2270,2190,2231,2318,2316,2180,2317,2226,2155,2353,1961
2314: 2319,2341,2420,2156,2322,2321,2178,2357,2158,2355,2310,2419,2055,2400,2313,2315,2308,2016,2154,2238,2318,2316,2180,2317,2226,2155,2353,1961,2225,2235
2315: 2055,2400,2313,2307,2305,2403,2357,2158,2355,2389,2304,2320,2406,2319,2341,2420,2156,2322,2321,2314,2178,2270,2190,2231,2346,2318,2316,2180,2317,2226,2155,2353,1961
2316: 2318,2180,2317,2304,2320,2406,2055,2400,2313,2315,2319,2341,2156,2321,2314,2178,2270,2190,2231,2346,2226,2155,2353,1961,2202,2205,2142,2278,2122,2169,2177,2112
2317: 2318,2316,2180,2304,2320,2055,2400,2313,2315,2314,2178,2270,2190,2231,2346,2155,2353,1961,2202,2205,2142,2278,2122,2169,2177,2112
2318: 2316,2180,2317,2304,2320,2406,2055,2400,2313,2315,2319,2341,2156,2321,2314,2178,2270,2190,2231,2346,2226,2155,2353,1961,2202,2205,2142,2278,2122,2169,2177,2130,2112
2319: 2341,2420,2156,2322,2321,2314,2178,2432,2403,2415,2356,2357,2158,2352,2414,2355,2310,2419,2365,2378,2265,2330,2055,2400,2313,2315,2309,2308,2016,2154,2238,2218,2318,2316,2226,2155,2353,1961,2225,2235
2320: 2389,2304,2406,2399,2479,2307,2301,2305,2306,2432,2403,2415,2356,2105,2385,2367,2055,2400,2313,2315,2208,2359,2270,2190,2231,2346,2318,2316,2180,2317
2322: 2319,2341,2420,2156,2321,2314,2178,2415,2356,2357,2158,2352,2414,2355,2310,2419,2416,2365,2378,2265,2330,2055,2400,2313,2315,2309,2308,2016,2154,2238,2218,2226,2155,2225,2235
2323: 2159,2282,2253,2312,2252,2250,2131,2216,2300,2246,2244,2283,2107,2150,2110,2181,2258,2182,2183,2188,2186,2259,2185,1994,2184,2204,2187,2045
2324: 2386,2241,2046,2408,2293,2439,2292,2411,2424,2044,2243,2325,2215,2423,2425,2242,2240,2347,2344,2381,2245
2325: 2044,2243,2215,2394,2262,2263,2409,2392,2266,2293,2439,2292,2411,2311,2299,2024,2374,2351,2324,2241,2408,2246,2244,2240,2347,2381,2245
2523: 2377,2476,2475,2512,2427,2487,2429,2480,2477,2456,2485,853,1677,2465,2364,2433,2152,915
2407: 2858,2889,2551
2735: 2727,2732,2734,2715
2329: 2196,2191,2335,2271,2066,2395,2197,2428,2260,2199,2237,2097,2132,512,2161
2330: 2419,2416,2365,2378,2265,2157,2379,915,2357,2310,2267,2333,2319,2341,2420,2156,2322,2309,2308,2016,2154,2238,2218,2331,2214
2331: 2214,2365,2265,2330,2267,2333,2394,2263,2409,2309,2308,2016,2154,2238,2218,2311,2299,2024,2374,2225,2251,2235,2249,2247,2219,2288,2312,2252,2250,2131,2216,2300,2246,2244
2332: 2391,2382,2340,2404,2437,2195,2435,2193,2277,2002,2405,2422,2474,2196,2191,2335,2271,2066,2395,2197,2529,2428
2333: 2267,915,2410,2040,2416,2365,2378,2265,2330,2394,2262,2263,2409,2392,2266,2309,2308,2016,2218,2331,2214,2311,2299,2374
2334: 2217,2362,2454,2488,1700,2268,2463,2462,2410,1671,2040,2373,2505,2363,2361,2394,2262,2263,2409,2392,2266,2293,2439,2292,2411
2335: 2271,2066,2395,2197,2193,2277,2002,2405,2332,2391,2422,2474,2196,2191,2529,2428,2260,2199,2237,2097,2132,2329
2336: 1697,1787,2070
2337: 2140,2261,2159,2282,2253,2342,2110,2181,2258,2338,2339,2089,2094,2345,2275,2184,2204,2045,2281,2279,2139,2201,2272,2091,2280
2338: 2339,2089,2094,2345,2275,2240,2347,2283,2344,2381,2245,2342,2110,2181,2258,2193,2277,2002,2405,2337,2140,2261,2281,2279,2139,2201,2196,2191
2339: 2338,2089,2094,2345,2275,2381,2245,2110,2181,2258,2193,2277,2002,2405,2337,2140,2261,2281,2279,2139,2201,2196,2191
2340: 2382,2404,2437,2544,2195,2435,2451,2193,2277,2002,2405,2332,2391,2422,2474
2341: 2319,2420,2156,2322,2321,2314,2178,2357,2158,2414,2355,2310,2419,2365,2265,2330,2055,2400,2313,2315,2309,2308,2016,2154,2238,2218,2318,2316,2226,2155,2353,1961,2225,2251,2235,2249,2247
2342: 2110,2181,2258,2282,2338,2094,2275,2337,2261
2348: 2445,2443,2168,2399,588,2105,2385,2367,1997,2233,2208,2359,2384,2166,2383
2349: 2165,2031,1976,583
2350: 1773,918
2351: 2311,2299,2024,2374,2394,2262,2263,2409,2293,2292,2044,2243,2325,2215,2216,2300,2246,2244,2240,2347,2283
2352: 2357,2158,2414,2355,2310,2431,2402,2179,2461,2157,2417,2379,2433,2152,915,2432,2403,2415,2356,2419,2416,2365,2378,2265,2055,2400,2319,2420,2322,2321,2308
2590: 2449,2595,2627,2495,2592,2596,2655
2355: 2357,2158,2352,2414,2310,2179,2461,2157,2417,2379,2433,2152,2432,2403,2415,2356,2419,2416,2365,2378,2265,2055,2400,2313,2315,2319,2341,2420,2156,2322,2321,2314,2178,2308,2016,2154
2356: 2432,2403,2415,2431,2402,2179,2461,2157,2417,2379,2307,2301,2305,2306,2357,2158,2352,2414,2355,2310,2320,2406,2055,2400,2319,2420,2322,2321,2178
2357: 2158,2352,2414,2355,2310,2461,2157,2417,2379,2433,2152,2432,2403,2415,2356,2419,2416,2365,2378,2265,2330,2055,2400,2313,2315,2319,2341,2420,2156,2322,2321,2314,2178,2308,2016,2154,2238,2218
2358: 2173,916,580,2198
2359: 2208,2384,2166,2383,2348,588,2105,2385,2367,2389,2304,2320,2406,1997,2233,2270,2190,2231,2346,2213,2167,2202
2360: 2503
2361: 2373,2505,2363,2268,2463,2462,2217,2362,2334,2454,2438,2293,2439,2292,2411
2362: 2217,2334,2454,2488,2268,2463,2462,2410,2373,2505,2363,2361,2394,2262,2266,2293,2439,2292,2411
2363: 2373,2505,2361,2268,2463,2462,2217,2362,2334,2454,2438,2291,2293,2439,2292,2411
2364: 853,1677,2465,2377,2476,2475,2523,2512,2427,2488,2464,1700,2433,2152,915,1701,2410,1671,2040
2365: 2419,2416,2378,2265,2330,2157,2379,2433,2152,915,2357,2158,2352,2414,2355,2310,2267,2333,2319,2341,2420,2156,2322,2321,2309,2308,2016,2154,2238,2218,2331,2214
2366: 2426,1997,2233,2211,2207,2213,2031,1976
2367: 588,2105,2385,2443,2168,2399,2479,2307,2301,2305,2306,2348,2389,2304,2320,2406,2233,2208,2359,2384,2166,2383,2190,2231,2346
2369: 2473
2370: 2521
2371: 2525,572
2485: 2487,2429,2480,2477,2456,2524,2222,2466,2434,2530,2377,2476,2475,2523,2512,2427,2431,2402,2179,2461,2157,2417,2379,2433,2152,915
2373: 2505,2363,2361,2268,2463,2462,2217,2362,2334,2454,2438,2291,2293,2439,2292,2411
2374: 2311,2299,2024,2351,2333,2394,2262,2263,2409,2392,2266,2293,2439,2292,2331,2214,2044,2243,2325,2215,2216,2300,2246,2244,2240,2347
2555: 2483,2522,2547,2430,2471,2481,2482,2303,2458,1989,2459
2799: 2816,2752,2819,2737,2795,2879,2798,2766,494
2378: 2419,2416,2365,2265,2330,2461,2157,2417,2379,2433,2152,915,2357,2158,2352,2414,2355,2310,2267,2333,2319,2420,2322,2321,2309,2308,2016,2218
2379: 2461,2157,2417,2466,2487,2429,2480,2456,2485,2377,2475,2512,2427,2402,2433,2152,915,2415,2356,2357,2158,2352,2414,2355,2310,2419,2416,2365,2378,2265,2330
2477: 2487,2429,2480,2456,2485,2524,2222,2466,2377,2476,2475,2523,2512,2427,2402,2461,2157,2433,2152,915
2381: 2344,2245,2044,2243,2325,2215,2386,2324,2241,2046,2408,2423,2425,2240,2347,2283,2110,2181,2338,2339,2089,2094,2345,2275
2382: 2340,2404,2437,2423,2425,2242,2544,2195,2435,2451,2277,2405,2332,2391
2383: 2208,2359,2384,2166,2348,588,2105,2385,2367,2389,2304,1997,2233,2270,2190,2231,2346,2213,2167
2384: 2208,2359,2166,2383,2348,588,2105,2385,2367,2389,2304,1997,2233,2270,2190,2231,2346,2211,2207,2213,2167
2385: 588,2105,2367,2443,2168,2399,2479,2307,2301,2305,2348,2389,2304,2320,2406,1997,2233,2208,2359,2384,2166,2383,2270,2190,2231,2346
2386: 2324,2241,2046,2408,2293,2439,2292,2411,2424,2044,2243,2423,2425,2242,2344,2381,2245
2466: 2524,2222,2434,2530,2484,2548,2487,2429,2480,2477,2456,2485,2431,2402,2179,2461,2157,2417,2379
2388: 2438,2291,2411,2424,2452,2497
2389: 2304,2320,2406,2399,2479,2307,2301,2305,2306,2403,588,2105,2385,2367,2055,2400,2313,2315,2208,2359,2384,2166,2383,2270,2190,2231,2346
2524: 2222,2466,2434,2530,2484,2548,2487,2429,2480,2477,2456,2485,2431,2402,2179,2461,2417
2391: 2332,2382,2340,2404,2437,2435,2193,2277,2002,2405,2422,2474,2196,2191,2335,2271,2066,2395,2197,2529,2428
2392: 2394,2262,2263,2409,2266,1701,2410,1671,2040,2334,2454,2267,2333,2293,2214,2299,2374,2243,2325
2393: 2203
2394: 2262,2263,2409,2392,2266,2410,2040,2217,2362,2334,2454,2267,2333,2293,2439,2292,2331,2311,2299,2024,2374,2351,2044,2243,2325,2215
2395: 2335,2271,2066,2197,2193,2277,2002,2405,2332,2391,2422,2474,2196,2191,2529,2428,2132,2329
2396: 2285,2584,2545
2488: 2464,1700,853,1677,2465,2364,2268,2463,2462,1701,2410,1671,2040,2362,2334,2454
2398: 2573
2399: 2479,2482,2303,2460,2458,1989,2459,2445,2443,2168,2307,2301,2305,2306,2348,588,2105,2385,2367,2389,2304,2320,2406
2570: 2095,2029
2402: 2431,2179,2484,2548,2524,2222,2466,2434,2530,2487,2429,2480,2477,2456,2485,2461,2157,2417,2379,2301,2306,2432,2403,2415,2356,2352,2414
2403: 2432,2415,2356,2431,2402,2179,2461,2157,2417,2307,2301,2305,2306,2357,2158,2352,2414,2355,2389,2304,2320,2406,2055,2400,2315,2319,2321
2404: 2382,2340,2437,2423,2425,2242,2193,2277,2405,2332,2391
2405: 2193,2277,2002,2382,2340,2404,2437,2338,2339,2089,2094,2345,2332,2391,2196,2191,2335,2271,2066,2395,2197
2408: 2386,2324,2241,2046,2292,2411,2424,2044,2243,2325,2215,2423,2425,2242,2240,2347,2344,2381,2245
2409: 2394,2262,2263,2392,2266,2410,2040,2334,2454,2267,2333,2293,2331,2214,2311,2299,2024,2374,2351,2044,2243,2325,2215
2410: 1701,1671,2040,2465,2364,2488,2464,1700,2268,2462,2217,2362,2334,2454,2267,2333,2394,2262,2263,2409,2392,2266,2293,2439,2292
2411: 2217,2362,2334,2454,2373,2505,2363,2361,2438,2291,2388,2293,2439,2292,2424,2044,2243,2325,2386,2324,2241,2046,2408,2423,2425,2242
2593: 2641,586,514
2560: 1933,2539,2709,1951,2541,2516,2559,2486,2504,2708,2501
2414: 2357,2158,2352,2355,2310,2431,2402,2179,2461,2157,2417,2379,2433,2152,915,2432,2403,2415,2356,2419,2416,2365,2378,2265,2055,2400,2319,2341,2420,2156,2322,2321,2308
2415: 2432,2403,2356,2431,2402,2179,2461,2157,2417,2379,2307,2301,2305,2306,2357,2158,2352,2414,2355,2310,2320,2406,2055,2400,2319,2420,2322,2321
2416: 2419,2365,2378,2265,2330,2461,2157,2417,2379,2433,2152,915,2357,2158,2352,2414,2355,2310,2267,2333,2420,2322,2308,2016,2218
2417: 2461,2157,2379,2524,2222,2466,2434,2530,2487,2429,2480,2456,2485,2431,2402,2179,2433,2152,2432,2403,2415,2356,2357,2158,2352,2414,2355,2310,2419,2416,2378
2886: 2792,2811,2753,2843,2844,2810,2794,2795,2879,2798,2766,2738,494,2813,2874,2822
2419: 2416,2365,2378,2265,2330,2461,2157,2417,2379,2433,2152,915,2357,2158,2352,2414,2355,2310,2319,2341,2420,2156,2322,2321,2314,2309,2308,2016,2154,2238,2218
2420: 2319,2341,2156,2322,2321,2314,2178,2415,2356,2357,2158,2352,2414,2355,2310,2419,2416,2365,2378,2265,2330,2055,2400,2313,2315,2309,2308,2016,2154,2238,2218,2226,2155,2225,2235
2422: 2474,2340,2437,2195,2435,2332,2391,2335,2271,2066,2395,2197,2529,2428
2423: 2425,2242,2411,2424,2452,2497,2386,2324,2241,2046,2408,2344,2381,2382,2404
2424: 2438,2291,2388,2411,2452,2497,2386,2324,2241,2046,2408,2423,2425,2242
2425: 2423,2242,2411,2424,2452,2497,2386,2324,2241,2046,2408,2344,2381,2245,2382,2404
2426: 2366,1997,2233,2211,2207,2213,2031,1976
2427: 2377,2476,2475,2523,2512,2487,2429,2480,2477,2456,2485,853,1677,2465,2364,2157,2379,2433,2152,915
2428: 2529,2332,2391,2422,2474,2335,2271,2066,2395,2197,2329
2429: 2487,2480,2477,2456,2485,2524,2222,2466,2434,2377,2476,2475,2523,2512,2427,2431,2402,2461,2157,2417,2379,2433,2152,915
2430: 2547,2471,2555,2483,2522,2484,2548,2482,2303,2460,2458,1989,2459
2431: 2402,2179,2484,2548,2524,2222,2466,2434,2530,2487,2429,2480,2456,2485,2461,2157,2417,2307,2301,2305,2306,2432,2403,2415,2356,2352,2414
2432: 2403,2415,2356,2431,2402,2179,2461,2157,2417,2307,2301,2305,2306,2357,2158,2352,2414,2355,2320,2406,2055,2400,2319,2321
2433: 2152,915,2487,2429,2480,2477,2456,2485,2377,2476,2475,2523,2512,2427,2364,2461,2157,2417,2379,2357,2352,2414,2355,2310,2419,2416,2365,2378,2265
2434: 2524,2222,2466,2530,2484,2548,2487,2429,2456,2485,2431,2402,2179,2461,2417
2435: 2195,2451,2544,2382,2340,2437,2332,2391,2422,2474
2436: 2343
2438: 2291,2388,2373,2505,2363,2361,2411,2424,2452,2497
2471: 2547,2430,2555,2483,2522,2482,2303,2460,2458,1989,2459
2441: 2507,2544,540
2443: 2445,2168,2556,2481,2303,2399,2479,2348,588,2105,2385,2367
2444: 2491
2445: 2443,2168,2556,2481,2303,2399,2348,588
2446: 2447,2209,2448,2556,2481
2447: 2446,2209,2448,2556,2481
2448: 2446,2447,2209,2556,2481
2449: 2595,2590,2627,589,918,2495,2592,2596,2655
2450: 2561,578
2451: 2195,2435,2544,2382,2340,2437
2452: 2497,2438,2291,2388,2424,2423,2425,2242
2454: 2217,2362,2334,2488,2464,1700,2268,2463,2462,2410,1671,2040,2373,2505,2363,2361,2394,2262,2263,2409,2392,2266,2293,2439,2292,2411
2455: 1487,2174,822,2224,2499,2286
2456: 2487,2429,2480,2477,2485,2524,2222,2466,2434,2530,2377,2476,2475,2523,2512,2427,2431,2402,2179,2461,2157,2417,2379,2433,2152,915
2652: 2604,501
2458: 2460,1989,2459,2555,2483,2522,2547,2430,2471,2482,2303,2399,2479,2307,2301,2305,2306
2459: 2460,2458,1989,2555,2522,2430,2471,2482,2303,2168,2399,2479,2307,2301,2305,2306
2460: 2458,1989,2459,2522,2547,2430,2471,2482,2303,2399,2479,2307,2301,2305,2306
2461: 2157,2417,2379,2524,2222,2466,2434,2530,2487,2429,2480,2477,2456,2485,2377,2475,2512,2431,2402,2179,2433,2152,2432,2403,2415,2356,2357,2158,2352,2414,2355,2310,2419,2416,2378
2462: 2268,2463,2488,2464,1700,2410,1671,2217,2362,2334,2454,2373,2505,2363,2361
2463: 2268,2462,2488,2464,2217,2362,2334,2454,2373,2505,2363,2361
2464: 2488,1700,853,1677,2465,2364,2268,2463,2462,2410,1671,2040,2454
2465: 853,1677,2364,2377,2476,2523,2512,2427,2488,2464,1700,915,1701,2410,1671,2040
2467: 2804,2815,2514,2887,2742,2123,2586,2806,2864,2862,2863,2777,2853,2852,2802
2468: 938,450,2772,2566
2542: 2568,2534,2125
2473: 2369
2474: 2422,2340,2437,2195,2435,2332,2391,2335,2271,2066,2395,2197,2529,2428
2475: 2377,2476,2523,2512,2427,2487,2429,2480,2477,2456,2485,853,1677,2364,2461,2157,2379,2433,2152,915
2476: 2377,2475,2523,2512,2427,2487,2429,2480,2477,2456,2485,853,1677,2465,2364,2157,2433,2152,915
2479: 2399,2482,2303,2460,2458,1989,2459,2443,2168,2307,2301,2305,2306,588,2105,2385,2367,2389,2304,2320,2406
2480: 2487,2429,2477,2456,2485,2524,2222,2466,2377,2476,2475,2523,2512,2427,2431,2402,2461,2157,2417,2379,2433,2152,915
2481: 2556,2448,2555,2522,2446,2447,2209,2482,2303,2445,2443,2168
2482: 2303,2555,2483,2522,2547,2430,2471,2556,2481,2460,2458,1989,2459,2399,2479
2483: 2555,2522,2547,2430,2471,2482,2303,2458,1989
2484: 2548,2547,2430,2524,2222,2466,2434,2530,2431,2402,2179
2486: 2504,1884,2708,1951,2541,1882,1830,1933,2560,2489,1907,1874,2501
2487: 2429,2480,2477,2456,2485,2524,2222,2466,2434,2530,2377,2476,2475,2523,2512,2427,2431,2402,2461,2157,2417,2379,2433,2152
2489: 1907,1874,1882,1830,575,2486,2504,1884,2708,2540,927
2710: 2731,527
2491: 2444
2566: 2468,2772,2785,2855,2821,2569,2786,2856,2784
2813: 2874,2822,2792,2811,2753,2843,2844,2810,2886,2738,2884,2788,486,2823
2685: 
2495: 2592,2449,2595,2590,2627,2596
2496: 1915,927,1717,1796
2497: 2452,2438,2291,2388,2424,2423,2425,2242
2498: 2148,2224,2499,926,1487,822,2286
2499: 2148,2224,2498,1487,2174,822,2455,2286,2442,2565
2579: 2602,2021,2594,2563,2623,1867,2189,2255
2501: 2516,2559,1933,2560,2539,2709,2486,2504,1884,2708
2595: 2449,2590,2627,589,918,2495,2592,2596,2655
2503: 2360
2504: 2486,1884,2708,1951,2541,1882,1830,1933,2560,2539,2709,2489,1907,2501
2505: 2373,2363,2361,2268,2463,2462,2217,2362,2334,2454,2438,2291,2293,2439,2292,2411
2563: 2623,2021,2594,2579,2602,1867
2507: 2441,2544,540
2738: 2884,2788,2794,2789,2743,2792,2811,2753,2843,2844,2810,2886,486,2813,2874,2822,2755,2823
2509: 2571
2704: 2611,2682,2612,2689,2646,2694
2511: 2749,2748,2757,2787,2771,2745,2793,2750,2765
2512: 2377,2476,2475,2523,2427,2487,2429,2480,2477,2456,2485,853,1677,2465,2364,2461,2157,2379,2433,2152,915
2564: 2609,2613,2637,2630,2658,2610,2689
2514: 2804,2815,2467,2887,2742,2123,2586,2806,2864,2862,2863,2853,2852,2802
2727: 2729,2735,2732
2516: 2559,2528,1951,2541,2648,1933,2560,2539,2501
2613: 2564,2609,2637,2630,2658,2610
2614: 2673,2661,2633,2663,2692,2722,2675,2700,932,2721,2674,2687,2642
2519: 2287,485
2528: 2600,2598,2562,2599,2610,2648,2647,2516,2559
2529: 2428,2332,2391,2422,2474,2335,2066,2395,2197
2530: 2524,2222,2466,2434,2484,2548,2487,2456,2485,2431,2402,2179,2461,2417
2539: 1933,2560,2709,1951,2541,2516,2559,2504,2708,2501
2534: 472,2542,2568
2661: 2633,2663,945,2576,2614,2673,2675
2664: 560,2723,2096,2290
2677: 2607,1792,1728
2586: 2123,432,2742,2864,2862,2804,2815,2467,2514,2887
2545: 2396,2584
2571: 2509,575
2547: 2430,2471,2555,2483,2522,2484,2548,2482,2303,2460,2458,1989
2548: 2484,2547,2430,2524,2222,2466,2434,2530,2431,2402,2179
2549: 
2550: 
2551: 2858,2407,2889
2692: 2722,2614,2673,932,2721,2674
2556: 2481,2448,2446,2447,2209,2482,2303,2445,2443,2168
2557: 2744,2807,2849,2796,2591
2561: 2450,578
2562: 2600,2598,2599,2528
2565: 2286,2442,1487,822,2224,2499
2568: 2542,2534,2125
2569: 2821,2786,2856,2566,2785,2855,2784,2748,2747,2773,2880
2572: 2624,1793,1891,1717,1796
2573: 2398
2574: 2587,2469,2588
2576: 945,2661,2633,2663
2584: 2396,2545
2587: 2469,2588,2852,2802,2746,2803,2851,2872,2574,2783,2860,2859,2861,2835,2767
2592: 2495,2449,2595,2590,2627
2594: 2021,2580,1939,2563,2623,2579,2602
2596: 2495,2449,2595,2590,2627,2655
2597: 2848,2777,2853,2852,2802,2747,2773,2880,2746,2803,2851,2872,2745,2793,2764,2839,2818,2783,2860,2859,2861,2835,2767
2598: 2600,2562,2599,2528
2824: 2778,2801,2809,2808,2797,2785,2855
2607: 2677,1792,1728
2721: 2674,2692,2722,2614,2673,2675,2700,932,2687,2642
2609: 2564,2613,2637,2630,2658,2610,2689
2610: 2637,2564,2609,2613,2528,2689,2647
2747: 2773,2880,2821,2569,2786,2856,2784,2777,2853,2597,2848,2745,2793,2764,2839
2713: 1820,2729
2623: 2563,2021,2594,2579,2602
2624: 2572,1793,1891,1717,1796
2625: 2591,2589
2673: 2614,2661,2633,2663,2692,2722,2675,2700,932,2721,2674,2687,2642
2627: 2449,2595,2590,2495,2592,2596,2655
2682: 2683,2657,2630,2658,2612,2704,2611
2775: 2760,2785,2855,2847,2882,2805,2854,2779,2757,2771
2630: 2658,2637,2564,2609,2613,2682,2612,2689
2655: 2449,2595,2590,2627,2596
2672: 2575,931
2633: 2661,2663,945,2576,2614,2673,2675
2771: 2757,2787,2775,2760,2748,2749,2511,2817,2791,2820,2750,2765
2642: 2687,2614,2673,2675,2700,2721,2674,2694
2644: 908
2690: 2660
2646: 2689,2704,2611
2647: 2648,2610,2528
2648: 2647,2528,2516,2559
2675: 2700,2661,2633,2663,2683,2657,2614,2673,2721,2674,2687,2642,2694
2736: 406,2684
2737: 2819,2875,2825,2827,2857,2768,2841,2840,2752,2795,2879,2798,2766,2816,2799,494
2743: 2789,2765,2744,2738,2884,2788,486
2744: 2807,2764,2839,2818,2835,2767,2849,2796,2789,2743,2557
2745: 2793,2764,2747,2773,2880,2597,2848,2749,2511,2839
2746: 2803,2851,2872,2777,2853,2852,2802,2597,2848,2587,2469,2588,2839,2818,2783,2860,2859,2861,2835,2767
2748: 2821,2569,2786,2856,2757,2787,2771,2749,2511
2749: 2511,2748,2757,2787,2771,2745,2793,2750,2765
2750: 2757,2787,2771,2749,2511,2817,2791,2842,2820,2765,2840,2794
2798: 2795,2879,2766,2827,2857,2768,2841,2840,2794,2819,2737,2792,2811,2753,2843,2844,2886,2816,2799,494
2752: 2875,2825,2827,2857,2768,2841,2819,2737,2816,2799
2793: 2745,2764,2747,2773,2880,2597,2848,2749,2511,2839,2765
2755: 2823,2738,486,2822
2756: 2533,2836,2838,2780,2832,2758,2805,2854,2779,2846,2826,2888,2770,2828,2837,2878,2829,2817,2791,2842,2820,2875,2825,2827,2857,2768,2841,2840
2757: 2787,2771,2775,2760,2748,2749,2511,2817,2791,2820,2750,2765
2758: 2780,2832,2877,2831,2873,2776,2876,2833,2847,2805,2854,2779,2846,2830,2826,2888,2770,2828,2885,2837,2878,2829,2756,2533,2836,2838
2850: 2797,2761,2778,2809,2808,2834,2781,2881,2883
2762: 2707,948,459,439
2819: 2737,2875,2825,2827,2857,2768,2841,2840,2752,2795,2879,2798,2766,2816,2799,494
2765: 2757,2787,2771,2749,2511,2793,2750,2794,2789,2743
2766: 2795,2879,2798,2827,2857,2768,2841,2840,2794,2819,2737,2792,2811,2753,2843,2844,2810,2886,2816,2799,494
2769: 2601
2772: 2468,2742,2566,2806,2864,2862,2863
2776: 2845,2741,2873,2876,2833,2834,2781,2881,2847,2882,2780,2832,2877,2831,2758,2805,2854,2779,2846
2777: 2853,2806,2864,2862,2863,2804,2815,2467,2887,2784,2852,2802,2747,2773,2880,2597,2848,2746
2778: 2801,2809,2808,2824,2797,2761,2850,2883,2785,2855
2779: 2805,2854,2846,2845,2741,2873,2776,2876,2833,2847,2882,2775,2760,2780,2832,2877,2831,2758,2888,2828,2885,2837,2878,2829,2756,2533,2836,2838,2817,2791
2780: 2832,2877,2831,2758,2845,2741,2873,2776,2876,2833,2847,2882,2805,2854,2779,2846,2830,2826,2888,2770,2828,2885,2837,2878,2829,2756,2533,2836,2838
2781: 2834,2881,2797,2761,2850,536,2883,2845,2741,2873,2776,2876,2833,2847,2882
2783: 2860,2859,2861,2835,2767,2597,2746,2803,2851,2872,2587,2469,2588,2839,2818,2849,2796
2784: 2566,2821,2569,2786,2856,2777,2853,2747,2773,2880,2848
2785: 2855,2778,2801,2809,2808,2824,2566,2821,2569,2786,2856,2775
2786: 2821,2569,2856,2566,2785,2784,2748,2747,2773,2880
2787: 2757,2771,2748,2749,2511,2817,2791,2820,2750,2765
2788: 2738,2884,2794,2789,2743,2792,2811,2753,2843,2810,486,2813,2874,2822
2789: 2743,2765,2744,2807,2738,2884,2788,486
2792: 2811,2753,2843,2844,2810,2886,2794,2795,2879,2798,2766,2738,2884,2788,494,2813,2874,2822
2794: 2842,2820,2750,2765,2840,2795,2879,2798,2766,2792,2811,2753,2843,2844,2810,2886,2738,2884,2788
2797: 2761,2850,2778,2801,2809,2808,2824,2834,2781,2881,2883
2802: 2852,2806,2864,2862,2863,2804,2815,2467,2514,2887,2777,2853,2597,2848,2746,2803,2851,2872,2587,2469,2588
2803: 2746,2851,2872,2853,2852,2802,2597,2848,2587,2469,2588,2818,2783,2860,2859,2861,2835,2767
2804: 2815,2467,2514,2887,2742,2123,2586,2806,2864,2862,2863,2777,2853,2852,2802
2805: 2854,2779,2846,2845,2741,2873,2776,2876,2833,2847,2882,2775,2760,2780,2832,2877,2831,2758,2888,2828,2837,2878,2829,2756,2533,2836,2838,2817,2791,2842,2820
2806: 2864,2862,2863,2772,2742,2123,2804,2815,2467,2514,2887,2777,2853,2852,2802
2807: 2744,2764,2839,2835,2767,2849,2796,2789,2557
2810: 2792,2811,2753,2843,2844,2886,2794,2795,2879,2766,2738,2884,2788,494,2813,2874,2822
2882: 2847,2781,2881,2883,2845,2741,2873,2776,2876,2833,2775,2760,2780,2832,2877,2831,2805,2854,2779,2846
2842: 2817,2791,2820,2805,2846,2756,2533,2836,2838,2750,2827,2857,2768,2841,2840,2794
2815: 2804,2467,2514,2887,2742,2123,2586,2806,2864,2862,2863,2777,2853,2852,2802
2816: 2799,2752,2819,2737,2795,2879,2798,2766,494
2817: 2791,2842,2820,2805,2854,2779,2846,2757,2787,2771,2756,2533,2836,2838,2750,2768,2841,2840
2821: 2569,2786,2856,2566,2785,2855,2784,2748,2747,2773,2880
2825: 2875,2830,2826,2888,2770,2828,2885,2837,2878,2829,2756,2533,2836,2838,2827,2857,2768,2841,2752,2819,2737
2826: 2888,2770,2828,2885,2837,2878,2829,2780,2832,2877,2831,2758,2846,2830,2756,2533,2836,2838,2875,2825,2827,2857,2768,2841
2827: 2857,2768,2841,2826,2888,2770,2828,2837,2878,2829,2756,2533,2836,2838,2842,2875,2825,2840,2752,2819,2737,2795,2798,2766
2828: 2826,2888,2770,2885,2837,2878,2829,2780,2832,2877,2831,2758,2805,2854,2779,2846,2830,2756,2533,2836,2838,2875,2825,2827,2857
2829: 2826,2888,2770,2828,2885,2837,2878,2780,2832,2877,2831,2758,2805,2854,2779,2846,2830,2756,2533,2836,2838,2875,2825,2827,2857
2830: 2780,2832,2877,2831,2758,2826,2888,2770,2828,2885,2837,2878,2829,2875,2825
2831: 2780,2832,2877,2758,2845,2741,2873,2776,2876,2833,2847,2882,2805,2854,2779,2846,2830,2826,2888,2770,2828,2885,2837,2878,2829,2533,2836
2832: 2780,2877,2831,2758,2845,2741,2873,2776,2876,2833,2847,2882,2805,2854,2779,2846,2830,2826,2888,2770,2828,2885,2837,2878,2829,2756,2533,2836,2838
2833: 2845,2741,2873,2776,2876,536,2781,2847,2882,2780,2832,2877,2831,2758,2805,2854,2779
2834: 2781,2881,2797,2761,2850,536,2883,2845,2741,2776
2835: 2783,2860,2859,2861,2767,2597,2746,2803,2851,2872,2587,2469,2588,2839,2818,2744,2807,2849,2796
2836: 2756,2533,2838,2780,2832,2877,2831,2758,2805,2854,2779,2846,2826,2888,2770,2828,2885,2837,2878,2829,2817,2791,2842,2820,2875,2825,2827,2857,2768,2841,2840
2837: 2826,2888,2770,2828,2885,2878,2829,2780,2832,2877,2831,2758,2805,2854,2779,2846,2830,2756,2533,2836,2838,2875,2825,2827,2857,2768,2841
2838: 2756,2533,2836,2780,2832,2758,2805,2854,2779,2846,2826,2888,2770,2828,2885,2837,2878,2829,2817,2791,2842,2820,2875,2825,2827,2857,2768,2841,2840
2839: 2818,2747,2773,2597,2848,2746,2872,2745,2793,2764,2783,2860,2835,2767,2744,2807
2840: 2756,2533,2836,2838,2817,2791,2842,2820,2750,2827,2857,2768,2841,2794,2819,2737,2795,2798,2766
2841: 2827,2857,2768,2826,2888,2770,2837,2878,2756,2533,2836,2838,2817,2791,2842,2820,2875,2825,2840,2752,2819,2737,2795,2879,2798,2766
2843: 2792,2811,2753,2844,2810,2886,2794,2795,2879,2798,2766,2738,2884,2788,494,2813,2874,2822
2844: 2792,2811,2753,2843,2810,2886,2794,2795,2879,2798,2766,2738,494,2813,2874
2845: 2741,2873,2776,2876,2833,536,2834,2781,2881,2883,2847,2882,2780,2832,2877,2831,2805,2854,2779
2846: 2805,2854,2779,2873,2776,2847,2882,2780,2832,2877,2831,2758,2826,2888,2770,2828,2885,2837,2878,2829,2756,2533,2836,2838,2817,2791,2842,2820
2847: 2882,2781,2845,2741,2873,2776,2876,2833,2775,2760,2780,2832,2877,2831,2758,2805,2854,2779,2846
2848: 2597,2784,2777,2853,2852,2802,2747,2773,2880,2746,2803,2872,2745,2793,2764,2839,2818
2849: 2796,2783,2860,2835,2767,2744,2807,2557,2591
2853: 2777,2806,2864,2862,2863,2804,2815,2467,2514,2887,2784,2852,2802,2747,2773,2880,2597,2848,2746,2803,2872
2854: 2805,2779,2846,2845,2741,2873,2776,2876,2833,2847,2882,2775,2760,2780,2832,2877,2831,2758,2888,2770,2828,2885,2837,2878,2829,2756,2533,2836,2838,2817,2791
2855: 2785,2778,2801,2809,2808,2824,2566,2821,2569,2775
2856: 2821,2569,2786,2566,2785,2784,2748,2747,2773,2880
2857: 2827,2768,2841,2826,2888,2770,2828,2837,2878,2829,2756,2533,2836,2838,2842,2875,2825,2840,2752,2819,2737,2795,2798,2766
2858: 2407,2889,2551
2859: 2783,2860,2861,2835,2767,2597,2746,2803,2851,2872,2587,2469,2588,2818,2796
2860: 2783,2859,2861,2835,2767,2597,2746,2803,2851,2872,2587,2469,2588,2839,2818,2849,2796
2861: 2783,2860,2859,2835,2767,2597,2746,2803,2851,2872,2587,2469,2588,2818,2796
2862: 2806,2864,2863,2772,2742,2123,2586,2804,2815,2467,2514,2887,2777,2853,2852,2802
2863: 2806,2864,2862,2772,2742,2804,2815,2467,2514,2887,2777,2853,2852,2802
2865: 1953,2867,2870,2868,2866,2871,2869,1825,1603,1583
2866: 1953,2867,2870,2868,2865,2871,2869,1825,1603,1583
2867: 1953,2870,2868,2865,2866,2871,2869,1825,1603,1583
2868: 1953,2867,2870,2865,2866,2871,2869,1825,1603,1583
2869: 2871,1953,2867,2870,2868,2865,2866,555,1825,1603,1583
2870: 1953,2867,2868,2865,2866,2871,2869,1825,1603,1583
2871: 2869,1953,2867,2870,2868,2865,2866,555,1825,1603,1583
2872: 2746,2803,2851,2853,2852,2802,2597,2848,2587,2469,2588,2839,2818,2783,2860,2859,2861,2835,2767
2874: 2813,2822,2792,2811,2753,2843,2844,2810,2886,2738,2884,2788
2875: 2825,2830,2826,2888,2770,2828,2885,2837,2878,2829,2756,2533,2836,2838,2827,2857,2768,2841,2752,2819,2737
2876: 2845,2741,2873,2776,2833,536,2781,2847,2882,2780,2832,2877,2831,2758,2805,2854,2779
2879: 2795,2798,2766,2768,2841,2794,2819,2737,2792,2811,2753,2843,2844,2810,2886,2816,2799,494
2880: 2747,2773,2821,2569,2786,2856,2784,2777,2853,2597,2848,2745,2793
2881: 2834,2781,2797,2761,2850,536,2883,2845,2741,2873,2776,2882
2883: 2797,2761,2850,2778,2809,2808,2834,2781,2881,2845,2741,2882
2884: 2738,2788,2794,2789,2743,2792,2811,2753,2843,2810,486,2813,2874,2822
2885: 2826,2888,2770,2828,2837,2878,2829,2780,2832,2877,2831,2758,2854,2779,2846,2830,2533,2836,2838,2875,2825
2887: 2804,2815,2467,2514,2742,2123,2586,2806,2864,2862,2863,2777,2853,2852,2802
2888: 2826,2770,2828,2885,2837,2878,2829,2780,2832,2877,2831,2758,2805,2854,2779,2846,2830,2756,2533,2836,2838,2875,2825,2827,2857,2841
2889: 2858,2407,2551