0: 90,42,57,20,22,92,379,1235,99,38,76,19,69
1: 1208,21,1209,1211,1227,1229,1228,1210,30,62,35,106,5,476,48,1203,29,199
2: 3,83,74,413,103,1224,86,1252,68,37,1206,1241,1243,1242
3: 135,262,168,6,83,338,413,103,2
4: 163,219,338,413,103,79,94,229,68,111,386,358,487,91
5: 1227,1229,1228,1210,30,62,35,352,1207,1202,480,1208,1,204,1203,29,199
6: 465,26,185,64,168,82,61,1204,3,83,74
7: 51,37,1206,1241,1243,1242,1230,41,1205,49,47,55,28,85,1218,1216,10,16
8: 185,64,56,46,12,98,9,33,82,61,1204,66,74,1223,1244,1225,1248,1246,78
9: 46,12,98,33,384,93,173,56,8,66,95
10: 16,7,51,1205,49,1234,1236,63,85,1218,1216,89,73,1226,58,1214,1212,45,84
11: 264,75,365,244,96,47,55,28,446,1213,1217,32,1215,40,419,97,124
12: 46,98,9,33,384,93,173,56,8,66,95
13: 67,87,65,39,23,52,43,57,20,53
14: 1235,99,38,76,19,69,25,1233,1238,1239,1237,72,17,140,21,1209,1211,1227,1229,1228,1210
15: 220,81,416,24,50,60,70,476,225,433,447
16: 10,7,51,1205,49,1234,1236,63,85,1218,1216,89,73,1226,58,1214,1212,45,84
17: 76,19,69,251,14,134,21,1209,1211,1227,1229,1228,1210,30,62,35
18: 129,27,1213,1217,1215,73,1226,58,1214,1212,45,97,54,124,164,59,361,311,355
19: 76,22,92,0,379,1235,99,38,69,25,1233,1238,1239,1237,72,14,17
20: 23,13,52,43,57,53,0,379,182
21: 1209,1211,25,1233,1237,72,14,17,140,1227,1229,1228,1210,88,106,1208,1
22: 92,78,90,42,57,1245,1247,1222,1240,1261,0,1258,1259,31,1231,1257,1232,1235,99,38,76,19
23: 67,87,65,95,13,90,42,57,20
24: 50,60,45,84,88,164,59,70,355,225,220,416,15
25: 1233,1238,1239,1237,72,1232,1235,99,38,76,19,1234,1236,63,14,89,140,21,1209
26: 77,234,296,44,465,185,64,168,6,82,61,1204
27: 129,18,58,1214,45,54,124,164,59,361,311,355
28: 47,55,487,91,7,96,85,1218,1216,264,11,75,1213,1217,32,1215,40,73,1226,1212
29: 199,1208,1,5,204,48,1203,449,232
30: 62,35,17,134,381,1227,1229,1228,1210,352,1207,1202,480,1208,1,5,204
31: 1258,1259,1231,1257,1232,1263,1219,1250,1254,1220,1249,1253,1221,1255,1260,1256,1262,1251,1245,1247,1222,1240,1261,22,92,1230,1235,99,38,49,1234,1236,63,1233,1237,72
32: 1213,1217,1215,40,96,47,55,28,85,1218,1216,264,11,75,73,1226,58,1214,1212,419,97,54,124,129
33: 46,12,98,9,384,93,173,56,8,66,95
34: 288,488,39,43,36
35: 30,62,17,134,381,1227,1229,1228,1210,352,1207,1202,480,1208,1,5,204
36: 39,34,52,43,53,130,284
37: 413,103,2,1224,86,1252,68,1206,1241,1243,1242,487,91,41,7,51
38: 1235,99,1245,1247,1222,1240,1261,22,92,0,1258,1259,31,1231,1257,1232,76,19,1234,1236,63,25,1233,1238,1239,1237,72,14
39: 301,288,488,87,65,34,13,52,43,36
40: 1213,1217,32,1215,96,47,55,28,85,1218,1216,264,11,75,73,1226,58,1214,1212,419,97,54,124,129
41: 68,37,1206,487,91,7,51,96,55,85,1218
42: 90,66,95,23,78,57,1245,1247,1222,1240,1261,22,92,0
43: 52,87,65,39,34,13,36,20,53,130
44: 317,179,80,234,296,384,26,185,64,56
45: 85,1218,1216,10,16,89,73,1226,58,1214,1212,84,129,18,27,164,59,24,50,60
46: 12,98,9,33,384,93,173,56,8,66,95
47: 55,28,487,91,7,51,96,85,1218,1216,264,11,75,1213,1217,32,1215,40,73,1226,58,1214,1212
48: 1203,106,1208,1,476,29,199,433,447,449,232
49: 1205,1206,1241,1243,1242,1230,1258,1259,31,1231,1257,1232,7,51,1234,1236,63,85,1218,10,16,89
50: 24,60,45,84,88,164,70,355,225,220,81,416,15
51: 7,37,1206,1241,1243,1242,1230,41,1205,49,47,55,85,1218,1216,10,16
52: 43,65,39,13,36,20,53,130
53: 13,52,43,36,20,130,379,182,245,339
54: 97,124,264,75,1213,1217,32,1215,40,73,1226,58,1214,1212,419,129,18,27,361,311
55: 47,28,487,91,41,7,51,96,85,1218,1216,264,11,75,1213,1217,32,1215,40,73,1226,58,1214,1212
56: 44,384,93,185,64,46,12,98,9,33,82,61,1204,8,66
57: 95,23,13,90,42,20,22,92,0,379
58: 73,1226,1214,1212,47,55,85,1218,1216,10,16,1213,1217,32,1215,40,45,97,54,124,129,18,27,164,59
59: 164,73,1226,58,1214,45,84,129,18,27,24,311,355,225
60: 24,50,45,84,88,164,70,355,225,220,416,15
61: 82,1204,26,185,64,56,6,8,83,74,1223,1225
62: 30,35,17,134,71,381,1227,1229,1228,1210,352,1207,1202,480,1208,1,5,204
63: 1234,1236,1230,1258,1259,31,1231,1257,1232,1235,99,38,1205,49,25,1233,1238,1239,1237,72,10,16,89,140
64: 185,234,44,384,26,56,6,82,61,1204,8
65: 87,183,301,288,67,39,23,13,52,43
66: 56,46,12,98,9,33,8,95,1223,1244,1225,1248,1246,78,90,42
67: 173,183,301,87,65,95,23,13
68: 338,413,103,2,4,37,358,487,91,41
69: 0,379,182,76,19,251,14,17,134
70: 84,88,106,24,50,60,476,225,220,81,416,15,433,447
71: 381,251,126,255,134,250,62,352,1207,480
72: 25,1233,1238,1239,1237,1258,1259,31,1231,1257,1232,1235,99,38,76,19,1234,1236,63,14,89,140,21,1209
73: 1226,58,1214,1212,47,55,28,85,1218,1216,10,16,1213,1217,32,1215,40,45,97,54,124,129,18,164,59
74: 6,82,61,1204,8,83,1223,1244,1225,1248,1246,2,1224,86,1252,1263,1219,1250,1254,1220,1249,1253,1221,1255,1260,1256,1262,1251
75: 264,11,365,244,96,47,55,28,446,1213,1217,32,1215,40,419,97,54,124
76: 19,22,92,0,379,1235,99,38,69,25,1233,1238,1239,1237,72,14,17
77: 317,369,234,296,191,465,26
78: 8,66,95,1223,1244,1225,1248,1246,90,42,1263,1219,1250,1254,1220,1249,1253,1221,1255,1260,1256,1262,1251,1245,1247,1222,1240,1261,22,92
79: 94,229,163,219,338,4,111,386,358
80: 116,484,179,463,44,384,93
81: 220,416,15,50,70,225,433,447
82: 61,1204,26,185,64,56,6,8,83,74
83: 168,6,82,61,1204,3,74,413,103,2,1224,86,1252
84: 10,16,89,140,45,88,164,59,24,50,60,70
85: 1218,1216,41,7,51,1205,49,47,55,28,10,16,1213,1217,32,1215,40,73,1226,58,1214,1212,45
86: 1224,1252,83,74,1223,1244,1225,1248,1246,2,1263,1219,1250,1254,1220,1249,1253,1221,1255,1260,1256,1262,1251,37,1206,1241,1243,1242,1230
87: 65,183,301,288,67,39,23,13,43
88: 89,140,21,1209,1211,84,106,24,50,60,70,476
89: 1205,49,1234,1236,63,25,1233,1238,1239,1237,72,10,16,140,45,84,88
90: 42,66,95,23,78,57,1245,1222,22,92,0
91: 487,4,68,37,358,41,365,244,96,47,55,28
92: 22,78,90,42,57,1245,1247,1222,1240,1261,0,1258,1259,31,1231,1257,1232,1235,99,38,76,19
93: 80,463,216,384,173,56,46,12,98,9,33
94: 79,229,163,219,338,4,111,386,358
95: 46,12,98,9,33,67,66,23,78,90,42,57
96: 358,487,91,41,365,244,47,55,28,446,264,11,75,1213,1217,32,1215,40
97: 54,124,264,11,75,1213,1217,32,1215,40,73,1226,58,1214,1212,419,129,18,104,361,311
98: 46,12,9,33,384,93,173,56,8,66,95
99: 1235,38,1245,1222,1240,1261,22,92,0,1258,1259,31,1231,1257,1232,76,19,1234,1236,63,25,1233,1238,1239,1237,72,14
100: 213,187,421,133,459,210
101: 281,247,246,395
102: 305,302,477,485
103: 413,3,83,338,2,4,68,37
104: 419,97,124,361
105: 263,420,306,119,142,166,189,143,294
106: 140,21,1209,1211,1227,1229,1228,1210,88,1208,1,70,476,48,1203
107: 127,432,155,436,489
108: 387,362,326,227,349,202
109: 133,372,210,252,160,211,137
110: 460,439,391,455,380
111: 386,79,94,229,4,358,365,244
112: 367,187
113: 258,147,189,443,294,454,276
114: 157,315,248,151,272,478
115: 
116: 484,179,80,463
117: 412,195,298,444,319,241,497,437,292
118: 196,181
119: 142,166,299,403,189,263,105,443
120: 396,190,431,354,269
121: 458,261,268,385,275,218,422,331
122: 324,477,175,375,293,316
123: 184,247,246,281,230,439,461
124: 97,54,264,11,75,1213,1217,32,1215,40,73,1226,58,1214,1212,419,129,18,27,104,361,311
125: 212
126: 182,245,339,251,255,134,71,381,250
127: 432,107,155,436,471,489
128: 415,451,428,157,248
129: 18,27,1213,1217,32,1215,40,73,1226,58,1214,1212,45,97,54,124,164,59,361,311,355
130: 52,43,36,53,284,182,245,339
131: 285,393,305,175,236,375
132: 367,192,389,221,314
133: 421,213,309,100,210,109
134: 69,251,126,17,71,381,1227,1229,1228,1210,30,62,35,352,1207,1202,480
135: 262,191,465,427,168,267,3
136: 429,494,170,442
137: 495,109,252,160
138: 397,322,282,154,366
139: 442,494,200,170,323,398,445,149,186,277,464
140: 1234,1236,63,25,1233,1238,1239,1237,72,14,89,21,1209,1211,84,88,106
141: 313,240,440,156,482,493,444,253,319
142: 119,166,425,299,189,143,263,420,105,306
143: 142,166,263,420,105,306,392
144: 406,235,328,332,473,475,254,270
145: 193,216,308,173,183,301
146: 176,490
147: 258,249,350,403,113
148: 281,461,233,374
149: 462,445,200,170,139,442,188,186,277
150: 418,243,321,326
151: 114,478
152: 452,158,483
153: 344,438,353
154: 366,138,394,376
155: 460,455,380,127,432,107,471
156: 468,483,440,274,141,313,493,265
157: 415,451,128,315,248,114
158: 152,483,240,440
159: 370,469,279,426,217
160: 252,372,109,340,495,137
161: 314,389,346,378,333,223
162: 190,178,411,450,269,260
163: 219,267,338,79,94,229,4
164: 59,73,1226,58,1214,1212,45,84,129,18,27,24,50,60,311,355,225
165: 363,408,205,410,303,197
166: 119,142,299,189,143,263,420,105,306,443,294
167: 490,474,329
168: 191,465,26,135,262,6,3,83
169: 459,210,224,211
170: 200,136,494,139,442,188,445,149,186,277
171: 278,197,429,203,423
172: 464,312,196,181,435,235,342,332
173: 463,216,145,93,183,46,12,98,9,33,67
174: 270,307,435,235,406,273,481
175: 236,375,305,302,477,285,131,122,324
176: 490,146
177: 291,377,483,274
178: 411,450,467,356,162
179: 116,317,80,234,296,44,384
180: 424,226,371,348
181: 312,196,118,172,328,332,475,254
182: 20,53,130,379,245,339,69,251,126
183: 216,145,308,173,301,67,87,65
184: 123,399,247,246,230,439,461
185: 64,234,296,44,384,26,56,6,82,61,1204,8
186: 277,200,170,139,442,323,462,445,149,464
187: 112,367,100,459
188: 200,170,462,445,149
189: 299,258,119,142,166,113,263,105,306,443,294,454,276
190: 120,396,353,162,269
191: 369,77,465,427,135,262,168
192: 389,221,297,132,367,314
193: 484,463,216,145
194: 422,331,357,198
195: 412,117,298,241,497,437,214,292
196: 464,312,118,172,181
197: 205,165,363,410,336,203,423,171
198: 422,331,194,357,256
199: 29,1208,1,5,204,48,1203,449,232
200: 170,139,442,188,462,445,149,186
201: 385,360,364,275,218
202: 108,362,227,349,334,287,279
203: 423,197,336,278,171
204: 30,62,35,352,1207,1202,480,5,29,199
205: 472,165,363,197
206: 402,273,417,304,283,330
207: 238,496,489,280,360,458
208: 415,451
209: 
210: 100,133,459,109,169,211
211: 210,109,169
212: 240,486,125,482
213: 309,100,421,133
214: 292,412,195,497,437
215: 401,300
216: 484,193,463,145,93,173,183
217: 159,370,373,430,346
218: 275,360,458,121,261,201,385,331
219: 163,267,338,79,94,229,4
220: 81,416,15,24,50,60,70,476,225,433,447
221: 192,389,297,343,132,367,314
222: 405,283,310
223: 333,346,161,314,378
224: 459,169
225: 164,59,24,50,60,70,355,220,81,416,15,290
226: 424,180,371,348
227: 349,108,326,202,287
228: 373
229: 79,94,163,219,338,4,111,386,358
230: 399,466,247,246,184,123,439
231: 467,356
232: 449,476,48,1203,29,199,433,447
233: 461,148,374
234: 296,317,179,77,44,465,26,185,64
235: 342,172,307,435,347,328,332,174,270,406,144
236: 175,375,393,305,302,477,485,285,131,324
237: 
238: 496,207,489,280,458,261,268
239: 453,455,380,471,400
240: 486,158,212,440,482,141
241: 298,195,117,266,437,292
242: 271,718,351
243: 325,150
244: 365,111,386,358,487,91,96,446,264,11,75
245: 339,53,130,284,182,251,126,255
246: 247,399,466,101,230,184,123
247: 246,399,466,281,101,230,184,123
248: 315,128,157,327,114
249: 351,350,299,403,258,147
250: 126,255,71,381,352,1207,480
251: 379,182,245,339,69,126,17,134,71,381
252: 160,372,109,495,137
253: 319,141,313,493,444,412,497,401,300
254: 473,475,181,328,332,144
255: 245,339,126,71,381,250
256: 321,357,198,387,418,326,349
257: 286,407,266,414
258: 147,249,403,189,113
259: 340,337,495
260: 162,269
261: 268,238,496,458,121,218,422,331
262: 135,191,465,427,168,267,3
263: 420,105,306,119,142,166,189,143,443,294
264: 11,75,365,244,96,47,55,28,446,1213,1217,32,1215,40,419,97,54,124
265: 468,156,274,493
266: 241,437,257,286,407
267: 427,135,262,163,219,338
268: 261,238,496,458,121
269: 120,396,190,162,260
270: 174,307,435,347,235,342,328,406,144,481
271: 242,718,351
272: 315,114,478
273: 481,174,304,206
274: 483,177,468,156,265
275: 218,458,121,201,385,331,325,357
276: 454,189,113,443,294
277: 186,170,139,442,323,398,445,149,464
278: 171,203,423
279: 426,202,334,159,370,469
280: 400,238,207,360,458
281: 101,247,395,123,148
282: 322,397,138
283: 222,206,402,345
284: 36,130,245,339
285: 131,393,305,175,236,375,335
286: 257,407,266,383,414,456
287: 326,227,349,202
288: 308,301,488,87,65,39,34
289: 295,499,394,376
290: 311,355,225,441
291: 377,474,470,177
292: 214,241,412,195,117,497,437
293: 122,324,316
294: 443,166,189,113,263,105,306,454,276
295: 345,341,499,289
296: 234,317,179,77,44,465,26,185
297: 343,192,389,221
298: 444,482,319,241,412,195,117,497
299: 249,403,119,142,166,189
300: 401,253,319,497,215
301: 145,308,183,288,67,87,65,39
302: 102,305,477,485,175,236,375,324
303: 410,165,429
304: 273,481,206,402,330
305: 393,102,302,285,131,175,236
306: 263,420,105,142,166,189,143,443,294
307: 435,347,235,342,174,270
308: 145,183,301,288
309: 213,457,421,133,372
310: 405,222,390
311: 97,54,124,129,18,27,164,59,361,355,441,290
312: 464,398,196,172,181
313: 141,440,468,156,482,493,444,253
314: 161,192,389,221,132,367,346,333,223
315: 248,157,327,114,272
316: 122,324,293
317: 179,77,234,296,44
318: 
319: 253,482,141,298,444,412,117,497,401,300
320: 498
321: 256,150,418,326,349
322: 345,282,397,138
323: 398,494,139,442,186,277,464
324: 122,302,477,175,236,375,293,316
325: 275,331,357,243
326: 256,321,108,150,418,227,349,287
327: 428,315,248,350
328: 332,181,235,342,473,475,254,270,406,144
329: 167,474
330: 304,206,341
331: 422,458,121,261,275,218,194,325,357,198
332: 328,172,181,235,342,473,475,254,406,144
333: 223,346,161,314,378
334: 362,202,279,426,469
335: 285,415,451
336: 197,492,203,423
337: 340,383,259
338: 267,3,163,219,413,103,79,94,229,4,68
339: 245,53,130,284,182,251,126,255
340: 160,337,259
341: 330,345,295
342: 235,172,307,435,347,328,332,270
343: 297,221
344: 438,153
345: 283,322,341,295
346: 217,389,430,161,314,378,333,223
347: 307,435,235,342,270
348: 226,180,371,491
349: 227,256,321,108,387,326,202,287
350: 327,249,351,403,147
351: 249,271,242,350,403
352: 1207,1202,480,134,71,381,250,30,62,35,5,204
353: 153,356,396,190,411
354: 431,368,120,396
355: 129,18,27,164,59,24,50,60,311,225,441,290
356: 231,467,353,178,411,450
357: 275,422,331,194,325,198,256
358: 79,94,229,4,68,111,386,487,91,365,244,96
359: 452,409
360: 400,280,207,364,201,385,218
361: 419,97,54,124,129,18,27,104,311,441
362: 108,387,202,334
363: 165,205,410,197
364: 360,201
365: 244,111,386,358,487,91,96,446,264,11,75
366: 154,499,138,394,376
367: 132,112,192,389,221,187,314
368: 431,354
369: 77,191,465
370: 159,469,279,426,373,217
371: 226,180,348,491
372: 309,404,109,252,160
373: 426,370,228,217,430
374: 148,233
375: 175,236,302,477,285,131,122,324
376: 289,394,154,366
377: 291,409,491,474,470,177
378: 430,346,161,333,223
379: 57,20,53,0,182,76,19,69,251
380: 455,460,110,453,155,239
381: 71,251,126,255,134,250,30,62,35,352,1207,1202,480
382: 473,475
383: 414,286,407,337
384: 179,80,463,44,93,185,64,56,46,12,98,9,33
385: 201,360,121,275,218
386: 111,79,94,229,4,358,365,244
387: 108,256,362,349
388: 
389: 192,221,297,132,367,346,161,314
390: 310
391: 439,460,110
392: 143,466
393: 305,285,131,236
394: 499,289,154,366,376
395: 281,101,148
396: 120,190,354,353,269
397: 138,322,282
398: 323,139,277,464,312
399: 466,247,246,230,184
400: 239,471,280,360
401: 300,253,319,497,215
402: 206,481,417,304,283
403: 249,351,350,299,258,147,119
404: 372
405: 222,310
406: 144,235,328,332,473,174,270,481,417
407: 257,286,266,383,414,456
408: 165
409: 359,491,377
410: 303,165,363,197,429
411: 178,450,467,356,353,162
412: 195,117,298,444,253,319,497,214,292
413: 103,3,83,338,2,4,68,37
414: 383,257,286,407,456
415: 451,208,335,428,128,157
416: 220,81,15,24,50,60,70,476,225,433,447
417: 406,481,304,206,402,283
418: 150,256,321,326
419: 446,264,11,75,1213,1217,32,1215,40,97,54,124,104,361
420: 263,105,306,142,166,143
421: 133,213,309,100
422: 331,121,261,194,357,198
423: 203,197,336,278,171
424: 226,180
425: 142
426: 279,334,159,370,469,373
427: 191,135,262,267
428: 415,128,327
429: 410,303,136,171
430: 373,217,346,378
431: 354,368,120
432: 127,107,155,436
433: 447,70,476,48,1203,220,81,416,15,449,232
434: 778,807,1062,775,1108
435: 307,347,172,235,342,174,270
436: 127,432,107,489
437: 241,195,117,266,214,292
438: 344,153
439: 391,230,184,123,110
440: 158,483,240,486,468,156,141,313
441: 361,311,355,290
442: 139,136,494,200,170,323,445,149,186,277
443: 294,119,166,189,113,263,306,454,276
444: 298,482,141,313,253,319,412,117
445: 462,149,200,170,139,442,188,186,277
446: 365,244,96,264,11,75,419
447: 433,70,476,48,1203,220,81,416,15,449,232
448: 
449: 232,476,48,1203,29,199,433,447
450: 178,411,356,162
451: 415,208,335,128,157
452: 359,152
453: 455,380,239
454: 276,189,113,443,294
455: 380,460,110,453,155,239,471
456: 286,407,414
457: 309
458: 121,280,238,496,207,261,268,275,218,331
459: 187,100,210,224,169
460: 110,391,455,380,155
461: 233,184,123,148
462: 445,149,200,188,186
463: 116,484,193,80,216,384,93,173
464: 312,139,323,398,186,277,196,172
465: 369,77,234,296,191,26,135,262,168,6
466: 399,392,247,246,230
467: 231,356,178,411
468: 156,483,440,274,313,265
469: 159,370,334,279,426
470: 474,291,377
471: 455,155,127,239,400
472: 205
473: 475,254,328,332,406,144,382
474: 167,329,291,377,470
475: 473,254,181,328,332,144
476: 88,106,1208,1,70,48,1203,220,416,15,433,447,449,232
477: 485,102,302,175,236,375,122,324
478: 114,151,272
479: 
480: 352,1207,1202,134,71,381,250,30,62,35,5,204
481: 273,174,270,406,417,304,402
482: 212,240,141,313,298,444,319
483: 152,158,177,440,468,156,274
484: 116,193,80,463,216
485: 477,102,302,236
486: 240,212,440
487: 91,4,68,37,358,41,365,244,96,47,55,28
488: 288,39,34
489: 127,107,436,238,496,207
490: 176,146,167
491: 371,348,409,377
492: 336
493: 156,141,313,265,253
494: 136,170,139,442,323
495: 137,252,160,259
496: 238,207,489,458,261,268
497: 298,253,319,412,195,117,401,300,214,292
498: 320
499: 295,289,394,366
500: 955,1125,578,1044
501: 
502: 1112,669,810,842,840,853,833,506
503: 851,1191,1069,1183
504: 1023,575,827,1188,755,1163
505: 793,973,908,820,1070
506: 1030,534,840,502,853,510,738,845
507: 525,712,577
508: 1159,551
509: 806,1133,731,962,537,1176,1016
510: 738,840,591,1030,506
511: 622,535,733
512: 863
513: 874,1178,1010,1052
514: 916,1164,831,860,572,566,541
515: 1046,626,1094,669,810,842,846
516: 1049,630,939,540,583
517: 980,958,768,886,1085
518: 779,638,764,1098,599
519: 1032,963,1011,1095,749
520: 686,688
521: 1029,942,687
522: 792,858,989,888
523: 815,867,954,593,695,571
524: 904,1010,1052,879,1050
525: 871,1132,577,507
526: 612
527: 1113,905,1075,615,928,976,712,602
528: 678,529,762,1117,548,614,545,1101,584
529: 762,1117,548,614,528,678
530: 546,606,802,585,1161,800
531: 1148,938
532: 989,880,1045,600,743,1082
533: 951,1121,674
534: 1030,506,853,833,845,915,1118
535: 578,573,734,984,511
536: 561,761,646
537: 1176,1016,509,806,731,636,962
538: 603,1021,1067,1073
539: 766,555,1024,737,832,1054,978
540: 630,939,516,763,583
541: 566,514,923
542: 632,594,563,725
543: 995
544: 843,701,732,838
545: 1101,584,548,614,528,678,1177
546: 530,606,802,585,1161,800,715
547: 1127,653,1120,854,768,548
548: 614,547,529,1117,768,528,678,545
549: 684,917,1004
550: 672,1193,909,872,929,941,1013,590
551: 508,1159,825,767
552: 1186,837,921
553: 776,1092
554: 988,1005,891,619,722,914
555: 1024,927,737,539
556: 679,581,1072,994,788
557: 1185,570,831,860,916,668
558: 1137,1114,870,698,1140
559: 942
560: 1096,796,651,983
561: 576,767,761,536
562: 1181,650,1100
563: 725,542,594
564: 1056,777,1169
565: 763,583,697,758
566: 541,514,963,1011,923
567: 1145,1100,649
568: 723,1063
569: 805,1015,785
570: 1061,831,557
571: 695,954,523,815,593,875
572: 877,1164,831,860,590,916,514
573: 597,774,588,578,734,535
574: 655,628,825,675,998,900
575: 882,808,971,827,652,1188,504,1023
576: 767,900,932,561,1077,761
577: 525,676,507,891
578: 1125,500,573,535
579: 1008,881,650
580: 682,898,952
581: 663,967,1162,1072,556
582: 613,647,1013
583: 763,540,516,697,565
584: 545,1101,528,678,1177,728
585: 1192,606,1165,546,530,1161
586: 907,1076,821,605,757,1019,1034
587: 984,935,966
588: 774,970,813,597,573,734
589: 850,729,862,746,1116,1035
590: 1032,550,929,941,877,1164,572,1011
591: 1054,510,738,1099,1025
592: 
593: 523,571,704
594: 801,542,595,563,725
595: 594,1130
596: 759,1002
597: 765,813,774,970,588,573,734
598: 620,994,1033,1146,670
599: 1098,779,518,1053,702,906
600: 888,792,532,743
601: 714,866,823
602: 527,1113,928,976,712,724
603: 726,538,930,1021
604: 1196,730,681,1104,873
605: 757,1076,586,821,1019,1034
606: 1192,1196,585,546,530
607: 
608: 864
609: 866,823,925,773
610: 1147,897,748,750,1179,658,1168
611: 1144,944,625,784,1017
612: 526
613: 582,647,1173
614: 548,529,762,1117,768,528,678,545
615: 905,527,1113,712
616: 1133,755,1163,731
617: 1122,1195,814
618: 1002,829,1120
619: 891,676,554,988,722,914,690
620: 598,994,788,1033,1146,670
621: 631,848,940
622: 511,1044,733,781
623: 1020
624: 1093,660,934
625: 1144,611
626: 1094,1038,665,927,515,1112,669
627: 694,948,1000,913,1014
628: 574,655,825,675,998
629: 1103
630: 939,1049,540,516
631: 621,848,940,1128,1198
632: 710,1173,801,542
633: 869,666,849,987,1001
634: 952,818
635: 646,654,1018
636: 828,731,537,1176,1016,1078
637: 1168,806
638: 764,518
639: 1068
640: 1089,1001,808,971,708,742,652,1188,750
641: 876,711,897,748
642: 1041,985,1015
643: 766,706,737
644: 949
645: 
646: 536,635,1018
647: 872,582,613,1013
648: 795,1028
649: 1100,650,1174,1055,567,1145
650: 579,562,881,1100,649,1174,957,1055
651: 560,1096,796,983
652: 1188,1001,808,971,575,640,1089,1023,755
653: 1127,547,1120,854,894,768
654: 635
655: 574,628,675,998
656: 
657: 953,664,1004,721
658: 1179,610,673,1168
659: 830
660: 1180,624,934
661: 
662: 837,824
663: 903,696,679,581
664: 917,657,953
665: 1124,1046,626,1094
666: 849,816,633,922,1001
667: 704,834,844,961,899,1088
668: 831,860,1185,557,916
669: 626,515,1112,810,842,840,502,853
670: 925,620,598
671: 1194,798
672: 934,1193,872,550
673: 897,748,1179,658
674: 1020,533,951
675: 574,655,628,998,789,1189
676: 577,988,891,619
677: 1143,689
678: 528,529,1117,548,614,545,1101,584
679: 663,556
680: 692,728,902,1097
681: 730,911,1196,604
682: 721,580
683: 1071,1110,739,699,1109,946,1152
684: 771,549,917
685: 735
686: 520,688
687: 942,521,979
688: 520,686,1065
689: 677,1143,907
690: 918,891,619,1064,914
691: 709,820,889
692: 1090,926,728,680,902
693: 
694: 627,948,1014
695: 571,954,523,815,875
696: 903,663,967,1162
697: 1091,763,583,565,758
698: 870,558,1137,1029
699: 1110,739,772,1109,683,1071,946
700: 794,972
701: 843,791,1135,789,544,732
702: 956,1053,599,867,815
703: 1000,827,913
704: 593,834,844,961,667,899,1088
705: 754,1152,865,1048
706: 643,766,737,832,978
707: 1026,777,1049
708: 742,1147,987,1001,640,750
709: 691,822,889
710: 1021,1067,1073,756,1173,632
711: 769,869,987,641
712: 615,527,1113,602,507
713: 969,1160
714: 967,1072,601,866,823
715: 800,546,1161,933
716: 803,1149
717: 981,945
718: 271,242
719: 722,914,1136
720: 1066,1148
721: 1004,657,953,682
722: 1005,554,988,891,619,914,719
723: 1063,781,568
724: 602,943,1060
725: 563,542,594
726: 603,538
727: 735
728: 584,1090,692,1177,680
729: 589,847,1158,746,1116
730: 681,911,904,1196,604
731: 616,509,636,828,537,1176
732: 843,701,544,826
733: 781,511,622,1063
734: 597,774,970,588,573,535,984
735: 685,727
736: 912
737: 643,766,555,1024,706,539,832,1054,978
738: 510,591,1030,506,1099,1025
739: 1110,699,741,772,1109,683,1071
740: 1059
741: 992,839,772,1110,739
742: 708,1147,987,640,750
743: 600,532,947,782
744: 
745: 887,850,862,819
746: 1116,729,589,862,1158,955,1035
747: 1151,1181
748: 897,641,610,673,1179
749: 519,963,1095,1080
750: 708,742,1147,640,1089,610
751: 1184,1092
752: 1175
753: 1194,783
754: 705,865,1048
755: 1163,652,1188,504,1023,1133,616
756: 930,1021,1067,710
757: 605,1076,586,821,1034
758: 763,697,565
759: 596,1002
760: 875
761: 576,561,1077,536
762: 529,1117,614,528
763: 583,540,697,565,758
764: 638,779,518
765: 813,996,1105,895,1083,597,774,970,1005
766: 643,706,737,539
767: 576,551,900,932,561
768: 854,1127,547,653,548,614,517,886
769: 711,817,869,876,987
770: 
771: 684
772: 741,992,1110,739,699,1109
773: 609
774: 970,588,765,813,597,1005,573,734
775: 1108,434
776: 553,887,1047
777: 1026,707,1049,564
778: 434,838,807,1108
779: 518,764,1053,1098,599
780: 975,981,1132
781: 733,622,723,1063
782: 743,947
783: 753,1194
784: 1144,944,856,611,1017
785: 569,805
786: 
787: 977
788: 556,994,925,620
789: 1135,1189,675,998,791,701
790: 1140,1181
791: 1135,789,1189,843,701
792: 522,989,880,892,600,888
793: 505,973,908,820,1070
794: 700,972
795: 842,846,833,648
796: 1096,560,651
797: 798
798: 1106,671,797
799: 919,826,1138
800: 715,546,530,1161,933
801: 632,890,1170,594
802: 546,530
803: 716,982,1149
804: 993,1102,1199
805: 569,785
806: 509,1133,637,962,537
807: 1062,838,919,434,778,1138,1108,858
808: 971,849,922,1001,575,640,1089,652,1188,1023
809: 
810: 842,515,669,846,502,853,833
811: 1028,1139
812: 1087,1105,895,1123
813: 765,996,895,1083,597,774,970,588
814: 1195,1004,617
815: 523,867,702,954,695,571
816: 1139,666,849,922
817: 915,1118,1150,885,769
818: 898,634
819: 745,862,955,1035
820: 505,793,691
821: 986,1076,586,605,757
822: 889,709,910,1131
823: 866,714,601,609
824: 662
825: 1159,574,628,551
826: 732,1068,799
827: 882,575,504,1023,703
828: 636,731,1066,1176,1078
829: 1002,618,1012
830: 659,878
831: 860,570,877,1164,1185,557,572,916,514,668
832: 1054,978,706,737,539,937,1099
833: 853,810,842,502,795,534,845
834: 844,961,704,667,899,1088
835: 990,1038,927
836: 964,1016
837: 662,552
838: 544,919,778,807,1062
839: 1166,741,1110
840: 1024,1112,669,502,510,1030,506
841: 
842: 810,515,669,846,502,853,833,795
843: 701,791,544,732
844: 834,961,704,667,899,1088
845: 853,833,1030,534,506,915,1118
846: 515,810,842,795
847: 1158,729,1116,1178
848: 940,621,631,1128,1198
849: 666,816,633,922,1001,808
850: 745,589,862
851: 503,1069
852: 1003,965
853: 833,669,810,842,502,534,506,845
854: 894,1120,1127,547,653,958,768
855: 991,1165,1039,1114,870
856: 1134,944,784
857: 1190,1107
858: 807,1062,1138,522
859: 1051,1084,867,954
860: 831,1185,557,572,916,514,668
861: 1057
862: 850,745,589,819,746,1116,955,1035
863: 512,999,1160
864: 1178,608
865: 705,754,1048
866: 823,1072,714,601,925,609
867: 938,1084,702,859,954,523,815
868: 1058,924
869: 915,1118,633,711,769,987
870: 855,1114,558,1137,698
871: 1087,1119,1123,525
872: 672,1193,647,550,1013
873: 1111,1104,1196,604,1192,1042
874: 513,904,1010,1052,879
875: 760,695,571
876: 1150,885,769,641
877: 1164,909,929,941,831,590,572
878: 830,1065,950
879: 1010,1052,874,904,524
880: 989,892,792,1045,532
881: 579,650,957
882: 575,827
883: 1091,894
884: 1155,1051,949
885: 1150,817,876
886: 958,768,517,980,1006,1036,1085
887: 745,776,1083
888: 600,522,792
889: 822,709,691,910,1131
890: 1170,801
891: 619,676,577,554,988,722,914,690
892: 989,880,792,1045
893: 1157
894: 854,883,1120,1127,653
895: 1105,1092,996,1047,812,765,813
896: 1095,1027
897: 748,641,610,673,1179
898: 580,818
899: 1088,704,834,844,961,667,1190
900: 932,574,998,576,767,1135,1189
901: 
902: 1090,692,680
903: 663,696
904: 911,874,730,1010,1052,879,524
905: 1075,615,527,1113,928
906: 1053,1098,599
907: 689,1156,1076,586
908: 973,505,793
909: 1193,550,929,941,877
910: 822,889,1131,1143
911: 904,730,681,1010
912: 736,924
913: 1000,703,627,948
914: 554,988,891,619,722,690,719
915: 1118,534,845,817,869
916: 514,1164,831,860,1185,557,572,668
917: 684,549,664,1004,953
918: 690,1064
919: 838,807,1062,1138,799
920: 1153,1141
921: 1197,1186,552,992
922: 816,1139,666,849,1001,808
923: 963,1011,566,541,1043
924: 912,1146,868
925: 866,788,609,670
926: 1090,692
927: 835,1038,626,555,1024,1112
928: 976,905,1075,527,1113,1031,602
929: 941,909,550,877,1164,590,1032
930: 1121,603,1021,1067,756
931: 1167
932: 900,998,576,767,1189
933: 800,715
934: 672,1180,660,624,1193
935: 984,587,966
936: 
937: 832,1054,1099
938: 531,956,1084,867
939: 630,1049,540,516
940: 848,621,631,1128,1198
941: 929,1193,909,550,877,1164,590
942: 1029,559,521,687
943: 976,1031,982,724,1182
944: 1144,856,611,784
945: 717,1167
946: 699,1122,683,1071,1152
947: 743,782
948: 627,694,1000,913
949: 884,644
950: 1065,878,1061
951: 533,1121,674
952: 580,634
953: 657,917,664,1004,721
954: 867,1051,859,523,815,695,571
955: 1035,862,819,746,500,1125
956: 938,702
957: 1174,881,650,1055,1172
958: 854,517,980,886
959: 1171,1074
960: 
961: 834,844,704,667,899,1088,1190
962: 509,806,964,537,1176,1016
963: 1011,1032,519,566,749,923
964: 962,836
965: 852,1115
966: 935,587
967: 1162,696,581,1072,714
968: 1022,974
969: 1160,999,713
970: 774,588,765,813,597,1005,734
971: 808,1001,575,640,1089,652,1188,1023
972: 794,700
973: 908,505,793
974: 968
975: 780,1132
976: 928,1075,527,1113,1031,602,943
977: 1012,787
978: 832,1054,706,737,539,1099
979: 687
980: 517,958,886,1006,1036,1085
981: 717,780
982: 803,943,1182
983: 560,651,1151
984: 734,535,1136,935,587
985: 642,1041
986: 1156,1076,821
987: 869,633,711,769,708,742,1147
988: 554,676,1005,891,619,722,914
989: 880,892,522,792,1045,532
990: 835
991: 855,1102,1042,1165,1039,1114
992: 741,1197,921,772
993: 804,1102
994: 556,788,620,598
995: 543
996: 1047,1092,895,1083,765,813
997: 1171
998: 574,655,628,675,900,932,1135,789,1189
999: 863,969,1160
1000: 703,913,627,948
1001: 633,666,849,922,808,971,708,640,652
1002: 759,596,618,829
1003: 852
1004: 549,917,657,953,814,721
1005: 765,774,970,554,988,722
1006: 1036,1085,980,886,1197
1007: 
1008: 579
1009: 
1010: 1052,879,874,513,911,904,524
1011: 963,590,1032,519,566,923
1012: 829,977
1013: 647,872,550,582
1014: 627,694,1066
1015: 642,1041,569
1016: 537,1176,509,636,962,836
1017: 611,784
1018: 646,635
1019: 1034,586,605
1020: 674,623
1021: 1067,603,538,930,1073,756,710
1022: 968
1023: 504,808,971,575,827,652,1188,755,1163
1024: 555,927,1112,737,539,840
1025: 591,738,1099,1150
1026: 777,707,1049
1027: 1095,896
1028: 648,811
1029: 698,942,521
1030: 534,506,840,510,738,845
1031: 1075,928,976,943
1032: 590,929,519,963,1011
1033: 1146,620,598
1034: 1019,586,605,757
1035: 955,589,862,819,746,1116,1125
1036: 1006,1085,980,886,1197
1037: 1129,1155
1038: 835,927,626,1094
1039: 1102,1165,1199,991,855,1114
1040: 1060,1086
1041: 642,985,1015
1042: 1165,873,1111,1192,1102,991
1043: 923
1044: 500,1125,622
1045: 989,880,892,532
1046: 1124,665,1094,515
1047: 996,776,1092,895,1083
1048: 705,754,865
1049: 707,1026,777,630,939,516
1050: 524
1051: 859,1084,884,954
1052: 1010,879,874,513,904,524
1053: 779,1098,599,702,906
1054: 832,978,737,539,591,937,1099
1055: 650,1100,649,1174,957,1145
1056: 564,1169
1057: 861
1058: 868
1059: 740
1060: 724,1182,1040
1061: 950,570,1106
1062: 807,838,919,434,1138,1108,858
1063: 723,733,781,568
1064: 918,690
1065: 950,688,878
1066: 1014,828,720
1067: 1021,538,930,1073,756,710,1173
1068: 826,639
1069: 1191,503,851,1183
1070: 505,793
1071: 683,739,699,1109,946,1152
1072: 967,1162,581,714,556,866
1073: 538,1021,1067,710
1074: 1082,959
1075: 1167,905,527,1113,928,976,1031
1076: 1156,907,986,586,821,605,757
1077: 576,761
1078: 636,828,1066,1176
1079: 
1080: 1095,749
1081: 
1082: 532,1171,1074
1083: 887,996,1047,765,813
1084: 938,867,1051,859
1085: 1006,1036,517,980,886,1197
1086: 1040
1087: 1119,871,1184,812,1123
1088: 899,704,834,844,961,667,1190
1089: 640,808,971,652,1188,750
1090: 692,926,728,902
1091: 883,697
1092: 553,996,1047,895
1093: 624
1094: 626,1038,665,1046,515
1095: 1027,896,519,749,1080
1096: 796,560,651
1097: 680,1195
1098: 599,779,518,1053,906
1099: 832,1054,978,591,738,937,1025
1100: 649,562,650,1174,1055,567,1145
1101: 545,584,528,678,1177
1102: 804,1042,1165,1199,1039,991
1103: 1170,629
1104: 1196,604,873,1111,1192
1105: 895,812,765
1106: 1061,1185,798
1107: 857
1108: 775,434,778,807,1062
1109: 772,1110,739,699,683,1071
1110: 739,699,741,839,772,1109,683
1111: 873,1104,1192,1042
1112: 927,626,1024,669,840,502
1113: 527,905,1075,615,928,976,712,602
1114: 1039,991,855,870,558,1137
1115: 965
1116: 746,729,589,862,847,1158,1035
1117: 529,762,548,614,528,678
1118: 915,534,845,817,869
1119: 1087,871,1184,1123
1120: 618,854,894,1127,547,653
1121: 533,951,930
1122: 617,1195,946
1123: 1087,1119,871,812
1124: 665,1046
1125: 578,955,1035,500,1044
1126: 1142
1127: 547,653,1120,854,894,768
1128: 1198,631,848,940
1129: 1037,1155
1130: 595
1131: 822,889,910
1132: 975,780,525
1133: 616,755,509,806
1134: 856
1135: 789,1189,998,900,791,701
1136: 984,719
1137: 558,1114,870,698,1140
1138: 919,807,1062,799,858
1139: 811,816,922
1140: 558,1137,790
1141: 1153,920
1142: 1126
1143: 910,677,689
1144: 944,625,611,784
1145: 567,1100,649,1055
1146: 1033,620,598,924
1147: 708,742,987,610,750
1148: 720,531
1149: 803,716
1150: 1025,817,885,876
1151: 983,747,1181
1152: 683,1071,946,705
1153: 1141,920
1154: 
1155: 1129,1037,884
1156: 907,986,1076
1157: 893
1158: 847,729,746,1116,1178
1159: 508,825,551
1160: 969,863,999,713
1161: 585,546,530,800,715
1162: 967,696,581,1072
1163: 755,1188,504,1023,616
1164: 877,929,941,831,590,572,916,514
1165: 1042,1102,585,1039,991,855
1166: 1177,839
1167: 945,931,1075
1168: 610,1179,658,637
1169: 564,1056
1170: 890,801,1103
1171: 997,1082,959
1172: 1174,957
1173: 1067,710,613,632
1174: 957,650,1100,649,1055,1172
1175: 752
1176: 537,1016,509,731,636,828,962,1078
1177: 545,1101,584,728,1166
1178: 864,847,1158,513
1179: 658,897,748,610,673,1168
1180: 660,934
1181: 1151,747,790,562
1182: 943,982,1060
1183: 503,1191,1069
1184: 1087,1119
1185: 557,1106,831,860,916,668
1186: 552,921
1187: 
1188: 652,808,971,575,640,1089,504,1023,755,1163
1189: 1135,789,675,998,900,932,791
1190: 961,1191,899,1088,857
1191: 1069,503,1183,1190
1192: 606,1104,1196,873,1111,1042,585
1193: 934,672,909,872,550,941
1194: 753,783,671
1195: 1097,617,1122,814
1196: 604,730,681,1104,873,1192,606
1197: 1006,1036,1085,921,992
1198: 1128,631,848,940
1199: 804,1102,1039
1202: 352,1207,480,134,381,30,62,35,5,204
1203: 48,106,1208,1,5,476,29,199,433,447,449,232
1204: 82,61,26,185,64,56,6,8,83,74,1223,1225,1248
1205: 49,1206,1241,1242,1230,1258,1231,7,51,1234,1236,63,85,1218,1216,10,16,89
1206: 1241,1243,1242,2,1224,86,1252,1263,1219,1250,1254,1220,1249,1253,1221,1255,1260,1256,1262,1251,37,1230,41,7,51,1205,49
1207: 352,1202,480,134,71,381,250,30,62,35,5,204
1208: 1,21,1211,1227,1229,1228,1210,30,62,35,106,5,476,48,1203,29,199
1209: 21,1211,25,1233,1238,1239,1237,72,14,17,140,1227,1229,1228,1210,88,106,1
1210: 1227,1229,1228,14,17,134,21,1209,1211,30,62,35,106,1208,1,5
1211: 21,1209,1237,14,17,140,1227,1229,1228,1210,88,106,1208,1
1212: 73,1226,58,1214,47,55,28,85,1218,1216,10,16,1213,1217,32,1215,40,45,97,54,124,129,18,164
1213: 1217,32,1215,40,96,47,55,28,85,1218,1216,264,11,75,73,1226,58,1214,1212,419,97,54,124,129,18
1214: 73,1226,58,1212,47,55,85,1218,1216,10,16,1213,1217,32,1215,40,45,97,54,124,129,18,27,164,59
1215: 1213,1217,32,40,96,47,55,28,85,1218,1216,264,11,75,73,1226,58,1214,1212,419,97,54,124,129,18
1216: 85,1218,7,51,1205,47,55,28,10,16,1213,1217,32,1215,40,73,1226,58,1214,1212,45
1217: 1213,32,1215,40,96,47,55,28,85,1218,1216,264,11,75,73,1226,58,1214,1212,419,97,54,124,129,18
1218: 85,1216,41,7,51,1205,49,47,55,28,10,16,1213,1217,32,1215,40,73,1226,58,1214,1212,45
1219: 1263,1250,1254,1220,1249,1253,1221,1255,1260,1256,1262,1251,74,1223,1244,1225,1248,1246,78,1224,86,1252,1245,1247,1222,1240,1261,1206,1241,1243,1242,1230,1258,1259,31,1257
1220: 1263,1219,1250,1254,1249,1253,1221,1255,1260,1256,1262,1251,74,1223,1244,1225,1248,1246,78,1224,86,1252,1245,1247,1222,1240,1261,1206,1230,1258,1259,31,1231,1257
1221: 1263,1219,1250,1254,1220,1249,1253,1255,1260,1256,1262,1251,74,1223,1225,1246,78,1224,86,1252,1247,1240,1261,1206,1241,1243,1242,1230,1258,1259,31,1231,1257
1222: 1245,1247,1240,1261,1223,1244,1225,1248,1246,78,90,42,1263,1219,1254,1220,1249,1253,1255,1260,1256,1262,22,92,1230,1258,1259,31,1231,1257,1232,1235,99,38
1223: 1244,1225,1248,1246,61,1204,8,66,74,78,1224,86,1252,1263,1219,1250,1254,1220,1249,1253,1221,1255,1260,1256,1262,1251,1245,1247,1222,1261
1224: 86,1252,83,74,1223,1225,2,1263,1219,1250,1254,1220,1249,1253,1221,1255,1260,1256,1262,1251,37,1206,1241,1243,1242,1230
1225: 1223,1244,1248,1246,61,1204,8,66,74,78,1224,86,1252,1263,1219,1250,1254,1220,1249,1253,1221,1255,1260,1256,1262,1251,1247,1222,1261
1226: 73,58,1214,1212,47,55,28,85,1218,1216,10,16,1213,1217,32,1215,40,45,97,54,124,129,18,164,59
1227: 1229,1228,1210,14,17,134,21,1209,1211,30,62,35,106,1208,1,5
1228: 1227,1229,1210,14,17,134,21,1209,1211,30,62,35,106,1208,1,5
1229: 1227,1228,1210,14,17,134,21,1209,1211,30,62,35,106,1208,1,5
1230: 1224,86,1252,1263,1219,1250,1254,1220,1249,1253,1221,1255,1260,1256,1262,1251,1247,1222,1240,1261,1206,1241,1243,1242,1258,1259,31,1231,1257,1232,7,51,1205,49,1234,1236,63
1231: 1258,1259,31,1257,1232,1263,1220,1253,1221,1255,1260,1256,1262,1245,1247,1222,1240,1261,22,92,1230,1235,99,38,1205,49,1234,1236,63,1233,1238,1239,1237,72
1232: 1258,1259,31,1231,1257,1263,1260,1256,1262,1245,1247,1222,1240,1261,22,92,1230,1235,99,38,49,1234,1236,63,25,1233,1238,1239,1237,72
1233: 25,1238,1239,1237,72,1258,1259,31,1231,1257,1232,1235,99,38,76,19,1234,1236,63,14,89,140,21,1209
1234: 1236,63,1230,1258,1259,31,1231,1257,1232,1235,99,38,1205,49,25,1233,1238,1239,1237,72,10,16,89,140
1235: 99,38,1222,1240,1261,22,92,0,1258,1259,31,1231,1257,1232,76,19,1234,1236,63,25,1233,1238,1239,1237,72,14
1236: 1234,63,1230,1258,1259,31,1231,1257,1232,1235,99,38,1205,49,25,1233,1238,1239,1237,72,10,16,89,140
1237: 25,1233,1238,1239,72,1258,1259,31,1231,1257,1232,1235,99,38,76,19,1234,1236,63,14,89,140,21,1209,1211
1238: 25,1233,1239,1237,72,1259,1231,1232,1235,99,38,76,19,1234,1236,63,14,89,140,1209
1239: 25,1233,1238,1237,72,1231,1232,1235,99,38,76,19,1234,1236,63,14,89,140,1209
1240: 1245,1247,1222,1261,1246,78,42,1263,1219,1250,1254,1220,1249,1253,1221,1255,1260,1256,1262,22,92,1230,1258,1259,31,1231,1257,1232,1235,99,38
1241: 1206,1243,1242,2,1224,86,1252,1219,1250,1249,1253,1221,1255,1260,1256,1262,1251,37,1230,7,51,1205,49
1242: 1206,1241,1243,2,1224,86,1252,1263,1219,1250,1254,1249,1253,1221,1255,1260,1256,1262,1251,37,1230,7,51,1205,49
1243: 1206,1241,1242,2,1224,86,1252,1219,1250,1249,1253,1221,1255,1260,1262,1251,37,1230,7,51,49
1244: 1223,1225,1248,1246,8,66,74,78,86,1263,1219,1250,1254,1220,1249,1253,1255,1251,1245,1247,1222,1261
1245: 1247,1222,1240,1261,1223,1244,1248,1246,78,90,42,1263,1219,1254,1220,1249,1253,1255,1260,1256,1262,22,92,1258,1259,31,1231,1257,1232,99,38
1246: 1223,1244,1225,1248,8,66,74,78,86,1252,1263,1219,1250,1254,1220,1249,1253,1221,1255,1260,1256,1262,1251,1245,1247,1222,1240,1261
1247: 1245,1222,1240,1261,1223,1244,1225,1248,1246,78,42,1263,1219,1250,1254,1220,1249,1253,1221,1255,1260,1256,1262,1251,22,92,1230,1258,1259,31,1231,1257,1232,38
1248: 1223,1244,1225,1246,1204,8,66,74,78,86,1263,1219,1250,1254,1220,1249,1253,1255,1251,1245,1247,1222
1249: 1263,1219,1250,1254,1220,1253,1221,1255,1260,1256,1262,1251,74,1223,1244,1225,1248,1246,78,1224,86,1252,1245,1247,1222,1240,1261,1206,1241,1243,1242,1230,1258,1259,31,1257
1250: 1263,1219,1254,1220,1249,1253,1221,1255,1260,1256,1262,1251,74,1223,1244,1225,1248,1246,78,1224,86,1252,1247,1240,1261,1206,1241,1243,1242,1230,1258,31,1257
1251: 1263,1219,1250,1254,1220,1249,1253,1221,1255,1260,1256,1262,74,1223,1244,1225,1248,1246,78,1224,86,1252,1247,1261,1206,1241,1243,1242,1230,31
1252: 1224,86,83,74,1223,1225,1246,2,1263,1219,1250,1254,1220,1249,1253,1221,1255,1260,1256,1262,1251,37,1206,1241,1243,1242,1230
1253: 1263,1219,1250,1254,1220,1249,1221,1255,1260,1256,1262,1251,74,1223,1244,1225,1248,1246,78,1224,86,1252,1245,1247,1222,1240,1261,1206,1241,1243,1242,1230,1258,1259,31,1231,1257
1254: 1263,1219,1250,1220,1249,1253,1221,1255,1260,1256,1262,1251,74,1223,1244,1225,1248,1246,78,1224,86,1252,1245,1247,1222,1240,1261,1206,1242,1230,1258,1259,31,1257
1255: 1263,1219,1250,1254,1220,1249,1253,1221,1260,1256,1262,1251,74,1223,1244,1225,1248,1246,78,1224,86,1252,1245,1247,1222,1240,1261,1206,1241,1243,1242,1230,1258,1259,31,1231,1257
1256: 1263,1219,1250,1254,1220,1249,1253,1221,1255,1260,1262,1251,74,1223,1225,1246,78,1224,86,1252,1245,1247,1222,1240,1261,1206,1241,1242,1230,1258,1259,31,1231,1257,1232
1257: 1258,1259,31,1231,1232,1263,1219,1250,1254,1220,1249,1253,1221,1255,1260,1256,1262,1245,1247,1222,1240,1261,22,92,1230,1235,99,38,49,1234,1236,63,1233,1237,72
1258: 1259,31,1231,1257,1232,1263,1219,1250,1254,1220,1249,1253,1221,1255,1260,1256,1262,1245,1247,1222,1240,1261,22,92,1230,1235,99,38,1205,49,1234,1236,63,1233,1237,72
1259: 1258,31,1231,1257,1232,1263,1219,1254,1220,1249,1253,1221,1255,1260,1256,1262,1245,1247,1222,1240,1261,22,92,1230,1235,99,38,49,1234,1236,63,1233,1238,1237,72
1260: 1263,1219,1250,1254,1220,1249,1253,1221,1255,1256,1262,1251,74,1223,1225,1246,78,1224,86,1252,1245,1247,1222,1240,1261,1206,1241,1243,1242,1230,1258,1259,31,1231,1257,1232
1261: 1245,1247,1222,1240,1223,1244,1225,1246,78,42,1263,1219,1250,1254,1220,1249,1253,1221,1255,1260,1256,1262,1251,22,92,1230,1258,1259,31,1231,1257,1232,1235,99,38
1262: 1263,1219,1250,1254,1220,1249,1253,1221,1255,1260,1256,1251,74,1223,1225,1246,78,1224,86,1252,1245,1247,1222,1240,1261,1206,1241,1243,1242,1230,1258,1259,31,1231,1257,1232
1263: 1219,1250,1254,1220,1249,1253,1221,1255,1260,1256,1262,1251,74,1223,1244,1225,1248,1246,78,1224,86,1252,1245,1247,1222,1240,1261,1206,1242,1230,1258,1259,31,1231,1257,1232