1574: 1605,1869,2026
543: 
1068: 1632,1656,1630,1655,1659,1653,1654,1657,1658,1640,1638,1627,1619,1624
1141: 1100,461,1656,1746,1708,1720,1703
1543: 1349
566: 468,438
949: 1680,1686,1648,1664
1581: 1562,919
1445: 1530,596,1337,1690
1701: 1671,1700
977: 995
1519: 1564,1430,1531,1499,1520,1495,1479,1554,1450,1476
1373: 1467
1572: 1527
1394: 1379,1415,1365,1557,1419,1345,1317,1346,323,1431
535: 
1939: 502,2021
1459: 1525,1526
1509: 1357,1345,1393,1526,1428,1489
583: 
1619: 1640,1638,1627,1644,1624,1646,1632,1068,1731,1521,1655,1659,1653,1657,1636,1645,1639
1376: 1395,1501,1393,1426,1316,1461,1460
900: 
1520: 1495,1499,1571,1479,1554,1519,1564,1531,1450
1337: 1690,1565,1585,596,1445,1530
500: 
520: 
1393: 1346,1426,1316,323,1431,1345,1317,1461,1509,1395,1376,1501
1602: 1532
1623: 1066,1618,1063,1065,1609,1083,1615,1731,1521,1053,492,1651
562: 
509: 
1174: 1062,1928,1785,1009,478,700
822: 1487,410
947: 
563: 541
985: 1456
1450: 1520,1495,1479,1554,1519,1564,1430,1531,1476,1588
1434: 1512,918,1323,1454
1556: 1576
995: 977
551: 
1532: 1602
957: 
1540: 1499,1571
1687: 1496,1660,1637,1668
961: 
495: 
1456: 1557,1419,1387,985,1379,1365
968: 538
1718: 1765,1713,1694,1714
929: 486
939: 
905: 
1461: 1346,1393,1426,1316,323,1431,1395,1376,1501
552: 
572: 558
1506: 1478,994
560: 1895,2014
504: 
1479: 1554,1520,1495,1519,1564,1531,1450
61: 1460
539: 
558: 572
1527: 1572
1495: 1520,1499,1571,1479,1554,1519,1564,1531,1450
1582: 1569,403
922: 
589: 
1874: 1770,1918,1872
1600: 1789
598: 1863,1807,507,531
1202: 1676,1650,1682,1663,1684
1781: 1752,1779,1767,1827,1836,1766
587: 
515: 421
1571: 1540,1499,487,1520,1495,1387,1564
569: 2048,2025,966,946,2009,2050
996: 
1823: 1920,1940,575,1904,1948,1864,1955,1986,1906,1848,1919
1690: 1337,1565,1585,596,1445,1530
916: 568
1172: 1136,1635,1617
1605: 1574,1869,2026
591: 
926: 2071
1487: 822
1513: 1548
532: 
944: 
582: 
1295: 
948: 
1349: 1543
1064: 1088,557
588: 
1253: 1278,1290
994: 1478,1506,1588,157
1518: 
1496: 1660,1326,1268,1687,1668
1869: 2026,1574,1605,2007,1069,1620
593: 
1426: 1346,1393,1316,323,1431,1415,1345,1317,1461,1395,1376,1501
544: 
908: 
1606: 1853,1835,1851,1844,1877,1900,1871,1838,1839,1810
955: 
1346: 1393,1426,1316,323,1431,1379,1394,1415,1365,1345,1317,1461,1395
906: 
1635: 153,1617,1172,1136
581: 
498: 537
932: 
575: 1974,1921,2027,1920,1940,1823,1948,1864,1955,1986,524
993: 1894
1646: 1640,1638,1627,1619,1644,1624,1655,1636,1645,1639
531: 598
1395: 1376,1501,1346,1393,1426,1316,323,1431,1461
1428: 1489,1509,1357,482
513: 
1278: 1253,1290
1387: 487,1499,1571,1557,1419,1456
1316: 1346,1393,1426,323,1431,157,1345,1317,1461,1395,1376,1501
1671: 1700,853,1677,1701
1458: 1397
506: 2034,1947
975: 976
911: 1773,2069,2070,2071
555: 
597: 465
979: 971
988: 
963: 
1684: 1326,1268,1202,1243,1161,1676,1650,1682,1663
538: 968
951: 
1348: 1402
536: 
592: 954,565
1063: 1618,1065,1609,1083,1612,1067,1069,1620,1615,1731,1521,1623
1562: 919,1581
1569: 403,1582
986: 1547,1580
559: 
586: 1841,1870,1730,1834
903: 
1589: 1732
596: 1565,1585,1337,1690,1445,1530
1670: 1743,1719,1763,1722,1745,1723,1733,1713
557: 1064
580: 568
537: 498
978: 
153: 1635,1617,1136
980: 
1974: 575,1921,1920,1948,1864,1955,1986
568: 916,580
157: 1476,1588,994,1316,323
965: 
1860: 1834,1804,1841,1870,1730
902: 
556: 
1503: 1404
1430: 1519,1564,1531,1450,1476,1588
541: 563
594: 
166: 1015,599,924
1708: 1656,1746,1632,1630,1655,1659,1653,1654,1657,1658,1100,1141
507: 1863,1807,1970,981,1788,598
700: 1062,1174,1009
1528: 1592
519: 
550: 
1547: 1580,986,1536,1502
574: 1477,1341,404
940: 
1065: 1618,1063,1609,1083,1612,1067,1069,1620,1615,1731,1521,1066,1623,492
1837: 1783,1699,1801
923: 
1062: 1174,1928,1785,1009,478,700
1053: 492,1066,1623
901: 
501: 
1588: 1430,1450,1476,994,157
992: 
1290: 1253,1278
534: 1818
967: 
573: 
547: 
976: 975
919: 1562,1581
1415: 1379,1394,1365,1557,1419,1345,1317,1346,1426,323,1431
1565: 1585,596,1337,1690
590: 2015,1972,2017,1963,1942,1987,2003,1998,1921,2027
1625: 237,1868,1990,1933,1914,945,1633,514
1514: 1474
962: 
927: 1633,514,1915,1934
1578: 1388
584: 
934: 
1531: 1519,1564,1430,1520,1495,1479,1554,1450,1476
953: 
1197: 1686,1664
973: 
517: 404
982: 
1357: 1509,1345,1317,1526,1428,1489
924: 166,1015
1891: 1793
1424: 1672
990: 
578: 
1341: 1477,574,404
1149: 1184
1388: 1578
1502: 1536,1547,1580
914: 
1419: 1557,1456,1387,1379,1394,1415,1365
1693: 1707,1725,1698,1703,1754,1722,1745,1723
1607: 232
925: 
1521: 1731,1618,1063,1065,1609,1066,1623,1627,1619,1636,1645
1100: 1141,461,1656,1746,1708,1720,1703
1489: 1428,1509,1357,1460,482
941: 479
1659: 1630,1655,1653,1654,1657,1658,1632,1068,1656,1746,1708,1640,1638,1627,1619,1624,1639
912: 
950: 
943: 
1443: 448,1598,456
232: 1607
1742: 
1551: 445,1414
1404: 1503
579: 
237: 1625,1868,1990,1933,1914,945,1633,514
508: 
920: 
1379: 1394,1415,1365,1557,1419,1456,1476,1345,1317,1346,323,1431
599: 166,1015
1580: 1547,986,1536,1502
514: 237,1625,1879,1938,1633,1915,1934,927
1476: 1519,1564,1430,1531,1450,1588,1379,1365,157
971: 979
972: 
1557: 1419,1456,1387,1379,1394,1415,1365
1583: 1603,516
1585: 1565,596,1337,1690
1402: 1348
1576: 1556
1345: 1317,1379,1394,1415,1365,1346,1393,1426,1316,323,1431,1509,1357
1526: 1509,1357,1525,1459,1561,482
1512: 1434,918,1323,1454
512: 
942: 
571: 
1478: 1506,994
1501: 1395,1376,1393,1426,1316,1461,1460
1563: 
928: 
1499: 1540,1571,487,1520,1495,1387,1519,1564
567: 
528: 
909: 
1467: 1373
524: 575,2033,1955,2057,2059,2004
998: 
853: 1677,1671,1700
585: 
523: 469
1525: 1459,1526,1561
915: 
1009: 1928,1785,1062,1174,700
533: 503
959: 1598
913: 
530: 
496: 
1088: 1064
522: 
958: 
553: 
1474: 1514
1365: 1379,1394,1415,1557,1419,1456,1476,1345,1317,1346,1431
1530: 1445,596,1337,1690
510: 402
542: 
960: 
984: 
952: 
595: 
1561: 1525,1526,482
505: 
521: 1592
999: 
1795: 1776,1960,1717,1796,1736,1819
518: 418
1680: 949,1686,1648,1664
502: 1939,2021
956: 
1414: 1551,445
933: 1988,1791
904: 449
1015: 166,599,924
1066: 1623,1618,1065,1609,1083,1615,1731,1521,1053,492,1651,1662
549: 
991: 1847,1916,1984,1855,1778
1268: 1326,1684,1496,1660
1454: 1323,918,1434,1512
311: 1005
554: 
497: 983
1536: 1502,1547,1580
548: 1590,1601
526: 
989: 
1069: 1620,1869,2026,1612,1067,1618,1063,1065,1609,1083,1615
1601: 1590,548
545: 1772
576: 
945: 237,1625,1633,1629
323: 1346,1393,1426,1316,1431,1379,1394,1415,157,1345,1317,1461,1395
981: 1970,1788,1760,1797,1863,1807,507
946: 2038,1997,1976,569,2048,2025,2031,2009,2050,2073,1992
516: 1603,1583,411
1637: 1687,1668
1161: 1676,1650,1682,1663,1684
570: 
1985: 2042,1950,2078,2066,2067,2043,2002,2074,2018,2061,2020,2041,2051
1592: 1528,521
918: 1323,1454,1434,1512
1184: 1149
1714: 1718,1765,1713,1694,1721,1695
1323: 1454,918,1434,1512
1686: 1197,1680,949,1648,1664,1676,1650,1682,1663
1243: 1676,1650,1682,1663,1684
499: 
1460: 1376,1501,1489,61
1732: 1589
938: 
966: 569,2048,2025,1945,2035,2072
1700: 1671,853,1677,1701
937: 
1477: 1341,574,404
921: 
1698: 1707,1693,1725,1720,1703,1754,1722,1745,1723
1326: 1268,1684,1496,1660
540: 
997: 
503: 533
917: 
1766: 1836,1752,1781
1537: 1558,577
546: 
1067: 1612,1069,1620,1618,1063,1065,1609,1083
970: 
1603: 1583,516
1733: 1743,1670
1668: 1496,1660,1687,1637
1719: 1763,1699,1743,1670
1431: 1346,1393,1426,1316,323,1379,1394,1415,1365,1345,1317,1461,1395
931: 
565: 592
529: 
1005: 311
561: 
1624: 1640,1638,1627,1619,1644,1646,1632,1068,1630,1655,1659,1653,1654,1657,1658,1636,1645,1639
964: 
2033: 524,2057,2059,2004,2039,1977
1317: 1345,1379,1394,1415,1365,1346,1393,1426,1316,323,1431,1357
954: 592
1575: 1642,1641,1643
1590: 1601,548
1741: 
1558: 1537,577
1548: 1513
564: 
511: 
1788: 1970,981,1797,1863,1807,507
969: 
527: 459
1136: 1172,492,1651,1662,153,1635,1617
1554: 1479,1520,1495,1519,1564,1531,1450
987: 
935: 
1397: 1458
1083: 1618,1063,1065,1609,1612,1067,1069,1620,1615,1066,1623,492
974: 
907: 
1598: 1443,448,959,456
930: 
577: 1558,1537
983: 497
525: 1935,1978,1818
1984: 1855,409,1916,991
1564: 1519,1430,1531,1499,1571,1520,1495,1479,1554,1450,1476
910: 
936: 
400: 
401: 
402: 510
403: 1569,1582
404: 1477,1341,574,517
405: 
406: 
407: 
408: 
409: 1973,2053,1916,1984,1855
410: 822
411: 516
412: 
413: 
414: 
415: 
416: 
417: 
418: 518
419: 
420: 
421: 515
422: 
423: 
424: 
425: 
426: 
427: 
428: 
429: 
430: 
431: 
432: 
433: 
434: 
435: 
436: 
437: 
438: 468,566
439: 
440: 
441: 
442: 1729,1846,1772,1802
443: 
444: 1967,1936,1945,2035,2072
445: 1551,1414
446: 
447: 
448: 1443,1598
449: 904
450: 
451: 
452: 
453: 
454: 
455: 
456: 1443,1598
457: 
458: 
459: 527
460: 
461: 1100,1141
462: 
463: 
464: 
465: 597
466: 
467: 
468: 566,438
469: 523
470: 
471: 
472: 
473: 
474: 
475: 
476: 
477: 
478: 1062,1174
479: 941
480: 
481: 
482: 1526,1428,1489,1561
483: 
484: 
485: 
486: 929
487: 1499,1571,1387
488: 
489: 
490: 
491: 
492: 1053,1065,1083,1615,1066,1623,1651,1662,1136
493: 
494: 
1609: 1618,1063,1065,1083,1612,1067,1069,1620,1615,1521,1066,1623
1699: 1719,1763,1783,1837
1676: 1202,1243,1161,1650,1682,1663,1686,1648,1664,1684
1612: 1067,1069,1620,1618,1063,1065,1609,1083
1721: 1695,1714
1672: 1424
1615: 1069,1620,1618,1063,1065,1609,1083,1066,1623,492
1729: 1846,442,1772,1802
1617: 153,1635,1172,1136
1618: 1063,1065,1609,1083,1612,1067,1069,1620,1615,1731,1521,1066,1623
1620: 1069,1869,2026,1612,1067,1618,1063,1065,1609,1083,1615
1627: 1640,1638,1619,1644,1624,1646,1632,1068,1731,1521,1655,1659,1653,1657,1636,1645,1639
1636: 1645,1731,1521,1640,1638,1627,1619,1644,1624,1646,1639
1629: 945,1633
1630: 1655,1659,1653,1654,1657,1658,1632,1068,1656,1746,1708,1640,1638,1624,1639
1631: 1634
1632: 1068,1656,1708,1630,1655,1659,1653,1654,1657,1658,1640,1638,1627,1619,1624
1633: 237,1625,945,514,1629,927
1634: 1631
1638: 1640,1627,1619,1644,1624,1646,1632,1068,1630,1655,1659,1653,1654,1657,1658,1636,1645,1639
1639: 1630,1655,1659,1653,1654,1657,1658,1640,1638,1627,1619,1644,1624,1646,1636,1645
1640: 1638,1627,1619,1644,1624,1646,1632,1068,1630,1655,1659,1653,1654,1657,1658,1636,1645,1639
1641: 1643,1575,1642
1642: 1575,1641,1643
1643: 1641,1575,1642
1644: 1640,1638,1627,1619,1624,1646,1655,1636,1645,1639
1645: 1636,1731,1521,1640,1638,1627,1619,1644,1624,1646,1639
1685: 1692
1648: 1664,1686,1680,949,1676,1650
1696: 1679
1650: 1202,1243,1161,1676,1682,1663,1686,1648,1664,1684
1651: 1662,1066,1623,492,1136
1677: 853,1671,1700
1653: 1630,1655,1659,1654,1657,1658,1632,1068,1656,1746,1708,1640,1638,1627,1619,1624,1639
1654: 1630,1655,1659,1653,1657,1658,1632,1068,1656,1746,1708,1640,1638,1624,1639
1655: 1630,1659,1653,1654,1657,1658,1632,1068,1656,1746,1708,1640,1638,1627,1619,1644,1624,1646,1639
1656: 1746,1708,1632,1068,1630,1655,1659,1653,1654,1657,1658,1100,1141
1657: 1630,1655,1659,1653,1654,1658,1632,1068,1656,1746,1708,1640,1638,1627,1619,1624,1639
1658: 1630,1655,1659,1653,1654,1657,1632,1068,1656,1746,1708,1640,1638,1624,1639
1660: 1496,1326,1268,1687,1668
1720: 1703,1100,1141,1725,1698
1662: 1651,1066,492,1136
1663: 1202,1243,1161,1676,1650,1682,1686,1664,1684
1664: 1648,1197,1686,1680,949,1676,1650,1682,1663
1665: 1702
1679: 1696
1682: 1202,1243,1161,1676,1650,1663,1686,1664,1684
1689: 1817
1688: 
1797: 1760,1863,1807,1970,981,1788
1692: 1685
1694: 1718,1765,1713,1714
1695: 1721,1714
1697: 1787
1702: 1665
1703: 1720,1100,1141,1693,1725,1698
1982: 2056,2062,2054,2037,2019,2077,2080,2055,2016,2040,2024,2038,1997,1976,1961,2064,2049,2031,1983,1944,2065
1767: 1752,1779,1781,1736,1751
1842: 1871,1838,1835,1810,1717
1707: 1693,1725,1698,1754,1722,1745,1723
1731: 1521,1618,1063,1065,1066,1623,1627,1619,1636,1645
1730: 1841,1870,586,1834,1860,1804
1926: 1951,1899,1893,1946
1713: 1718,1765,1743,1670,1694,1714
1717: 1796,1842,1769,1771,1810,1736,1751,1776,1795
1722: 1745,1723,1707,1693,1698,1743,1670
1723: 1722,1745,1707,1693,1725,1698,1743,1670
1725: 1707,1693,1698,1720,1703,1754,1723
1841: 1870,1730,586,1834,1860,1804
1728: 1792
1807: 1863,1870,1760,1797,1970,981,1788,598,507
1772: 1802,545,1729,1846,442
1736: 1751,1769,1771,1779,1767,1717,1796,1795
1737: 1888,1825,1953
1830: 1907,1882,1884,1872,1871,1838,1839,1903
1765: 1718,1713,1694,1714
1740: 1798
1743: 1670,1719,1722,1745,1723,1733,1713
1778: 1847,991
1745: 1722,1723,1707,1693,1698,1743,1670
1746: 1656,1708,1630,1655,1659,1653,1654,1657,1658,1100,1141
1796: 1717,1769,1771,1810,1736,1751,1776,1795
1858: 1820,1915,1934,1859,1856
1918: 1893,1770,1874,1872
1750: 1875
1751: 1736,1769,1771,1779,1767,1717,1796
1752: 1779,1767,1781,1827,1836,1766
1801: 1783,1837
1754: 1707,1693,1725,1698
1937: 2058,2079,2023,2005,2034,1947,2006,1973,2068
1756: 1819,1859,1776,1960
1835: 1853,1606,1900,1871,1838,1839,1842,1769,1810
1760: 1797,1807,1970,981
1917: 1843,1906,1848,1904,1920,1948,1864,1887,1912,1922,1919,1890,1910,1905,1880
1763: 1719,1699,1670
1825: 1953,1737,1888
1768: 1832
1769: 1771,1810,1835,1717,1796,1736,1751
1770: 1874,1918,1872
1771: 1769,1810,1717,1796,1736,1751
1773: 2069,2070,911,2071
1775: 1898
1776: 1960,1795,1717,1796,1756,1819
1779: 1752,1767,1781,1836,1736,1751
1945: 2035,2072,966,2048,2025,444,1883
1783: 1837,1699,1801
1785: 1928,1062,1174,1009
2046: 2060,2076,2040,2024,1994,2063,1961,2064,2049,2012,1902,2028,2044,2036,1995,2032,2047,2045,2043,2075
1787: 1697
1789: 1600
1790: 
1791: 1988,933
1792: 1728
1793: 1891
1798: 1740
2076: 2046,2060,2040,2024,1994,2063,2064,2049,2012,1902,2028,2044,2029,2052,2036,1995,2032,2047,2030,2045,2043,1966,2075
1802: 1772,1729,1846,442
1803: 1876,1844,1877,1827
1804: 1834,1860,1841,1870,1730
1890: 1922,1919,1910,1920,1948,1864,1843,1917,1906,1848,1880
2017: 2015,1972,1983,2011,2029,2065,2052,2036,1995,2032,2047,590,1987,2003
1867: 1904,1913,1887,1912
1810: 1769,1771,1853,1606,1835,1842,1717,1796
1811: 
1844: 1877,1900,1905,1880,1851,1876,1803,1853,1606
1973: 2006,2053,2068,1937,2058,2079,2034,1947,2008,409
1817: 1689
1818: 1978,525,534
1819: 1756,1859,1776,1960,1795
1820: 1858,1915,1934,1859,1856
1938: 1879,1933,1914,1907,1903,514,1915,1934
1919: 1922,1890,1910,1920,1940,1823,1948,1864,1955,1986,1843,1917,1906,1848
1859: 1858,1820,1856,1756,1819
1827: 1876,1803,1752,1781
1988: 1791,933
2042: 1950,1985,2078,2066,2067,2030,2045,2043,1966,2075,2002,2074,2018,2061,2020,2041
1832: 1768
1880: 1887,1912,1843,1917,1906,1848,1890,1910,1905,1851,1844,1877,1900
1834: 1860,1804,1841,1870,1730,586
1836: 1766,1752,1779,1781
1838: 1871,1839,1907,1830,1882,1884,1853,1606,1835,1903,1842
1839: 1871,1838,1872,1851,1907,1830,1882,1884,1853,1606,1835
1851: 1905,1880,1844,1877,1900,1839,1853,1606
1843: 1917,1906,1848,1904,1920,1948,1887,1912,1922,1919,1890,1910,1905,1880
1936: 1967,444
1846: 1729,442,1772,1802
1847: 991,1778
1848: 1843,1917,1906,1904,1920,1940,1823,1948,1864,1955,1986,1887,1912,1922,1919,1890,1910,1905,1880
1990: 1868,1951,1933,1914,237,1625
1853: 1606,1835,1851,1844,1877,1900,1871,1838,1839,1810
1855: 1984,409,1916,991
1856: 1858,1820,1859
1920: 1940,1823,1974,575,1904,1948,1864,1955,1986,1912,1843,1917,1906,1848,1922,1919,1890,1910
1863: 1807,1797,1970,981,1788,598,507
1864: 1948,1955,1986,1974,575,1920,1940,1823,1917,1906,1848,1922,1919,1890,1910
1899: 1893,1946,1926,1951
1987: 2003,1998,2015,1972,2017,2061,590,2020,1999,2027
1868: 1990,1951,1933,1914,237,1625
1870: 1841,1730,586,1834,1860,1804,1807
1871: 1838,1839,1907,1830,1882,1884,1853,1606,1835,1903,1842
1872: 1918,1770,1874,1830,1882,1884,1839
2002: 2074,1902,2028,2044,2030,2045,2043,1966,2075,2018,2061,2042,1950,1985,2078,2066,2067
1875: 1750
1876: 1803,1844,1877,1827
1877: 1844,1900,1905,1880,1851,1876,1803,1853,1606
1879: 1938,1933,1914,1907,1884,1903,514,1915,1934
1882: 1907,1830,1884,1872,1871,1838,1839,1903
1883: 1979,1945,2072,1991,1886
1884: 1907,1830,1882,1872,1871,1838,1839,1879,1903
1886: 1991,2073,1979,1883,1941,1965
1887: 1912,1867,1904,1913,1843,1917,1906,1848,1905,1880
1888: 1737,1825,1953
1951: 1926,1899,1893,1946,1868,1990,1933,1914
1893: 1899,1918,1946,1926,1951
1894: 993
1895: 2014,560
1948: 1864,1955,1986,1974,575,1920,1940,1823,1843,1917,1906,1848,1922,1919,1890,1910
1970: 981,1788,1760,1797,1863,1807,507
1898: 1775
1900: 1844,1877,1905,1880,1851,1853,1606,1835
1902: 2028,2044,2046,2060,2076,2036,1995,2032,2047,2030,2045,2043,1966,2075,2002,2074
1903: 1907,1830,1882,1884,1871,1838,1879,1938,1915,1934
1904: 1867,1920,1940,1823,1913,1887,1912,1843,1917,1906,1848
1905: 1887,1912,1843,1917,1906,1848,1880,1851,1844,1877,1900
1906: 1843,1917,1848,1904,1920,1940,1823,1948,1864,1955,1986,1887,1912,1922,1919,1890,1910,1905,1880
1907: 1830,1882,1884,1871,1838,1839,1879,1938,1903
2032: 2036,1995,2047,1994,2063,1961,2064,2049,2012,2046,2060,2076,1902,2028,2044,2011,2029,2065,2052,2030,2045,1966,2075,2015,1972,2017
1910: 1922,1919,1890,1920,1948,1864,1843,1917,1906,1848,1880
2064: 1994,2063,1961,2049,2012,2016,2040,2024,2056,1982,2062,2054,2037,2019,2077,2080,2046,2060,2076,1983,1944,2011,2029,2065,2052,2032,2047
1912: 1887,1867,1904,1920,1940,1913,1843,1917,1906,1848,1905,1880
1913: 1867,1904,1887,1912
1914: 1933,1951,1868,1990,237,1625,1879,1938
1915: 1934,1879,1938,1903,514,927,1858,1820
1916: 409,1984,1855,991
1921: 1963,1942,590,1998,2027,1974,575
1922: 1919,1890,1910,1920,1940,1948,1864,1955,1986,1843,1917,1906,1848
2034: 1947,506,1937,2006,1973,2053,2068
1989: 2055,2038,1997,1976
1950: 2042,1985,2078,2066,2067,2030,2043,1966,2002,2074,2018,2061,2020,1999,2041,2051
2061: 2018,2036,1995,2030,2043,1966,2002,2074,2042,1950,1985,2078,2066,2067,1987,2003,2020,1999,2041
1928: 1785,1062,1174,1009
1972: 2015,2017,1983,2011,2029,2065,2052,2036,1995,2032,1963,1942,590,1987,2003
2058: 1937,2079,2023,1931,2005,2008,2006,1973,2053,2068
1931: 2023,2041,2051,2005,2058,2079
2031: 2038,1997,1976,2056,1982,2062,2054,2037,2019,2077,2080,946,1983,1944,2009,2050,2073,1992
1933: 1914,1951,1868,1990,237,1625,1879,1938
1934: 1915,1879,1938,1903,514,927,1858,1820
1935: 2057,2059,2004,2039,1977,525
1940: 1920,1823,575,1904,1948,1864,1955,1986,1912,1906,1848,1922,1919
1941: 1965,1991,1886,1942
1942: 1963,2015,1972,590,1941,1965,1921
1995: 2036,2032,2047,1994,2063,2012,2046,2060,2076,1902,2028,2044,2029,2052,2030,2045,2043,1966,2075,2015,1972,2017,2018,2061
1944: 1983,2038,1997,1976,2056,1982,2062,2054,2037,2019,2077,2080,1994,2063,1961,2064,2049,2031,2011,2029,2065,2052,1992
1946: 1899,1893,1926,1951
1947: 2034,506,1937,2006,1973,2053,2068
1953: 1825,1737,1888
2025: 569,2048,966,946,1945,2035,2072,2009,2050
1955: 1948,1864,1986,1974,575,1920,1940,1823,524,1906,1848,1922,1919
2012: 1994,2063,1961,2064,2049,2016,2040,2024,2062,2037,2019,2046,2060,2076,1983,2011,2029,2065,2052,2036,1995,2032,2047
1983: 1944,2038,1997,1976,2056,1982,2062,2054,2037,2019,2077,2080,1994,2063,1961,2064,2049,2012,2031,2011,2029,2065,2052,2015,1972,2017
1960: 1776,1795,1756,1819
1961: 1994,2063,2064,2049,2012,2016,2040,2024,2056,1982,2062,2054,2037,2019,2077,2080,2046,2060,1983,1944,2011,2029,2065,2052,2032
1997: 2038,1976,1989,2055,2016,2056,1982,2062,2054,2037,2019,2077,2080,946,2031,1983,1944
1963: 1942,2015,1972,590,1921
1986: 1948,1864,1955,1974,575,1920,1940,1823,1906,1848,1922,1919
1965: 1941,1991,1886,1942
1966: 2030,2045,2043,2075,2076,1902,2028,2044,2036,1995,2032,2047,2002,2074,2018,2061,2042,1950,2066,2067
1967: 1936,444
1976: 2038,1997,1989,2055,2016,2056,1982,2062,2054,2037,2019,2077,2080,946,2031,1983,1944
1977: 2039,2033,2057,2059,2004,2008,1935
1978: 1818,525
1979: 1883,1991,1886
1991: 1886,1979,1883,1941,1965
1992: 946,2031,1944,2009,2050,2073
2020: 1999,2018,2061,2042,1950,1985,2078,2067,1987,2003,1998,2041,2027
1994: 2063,1961,2064,2049,2012,2016,2040,2024,2062,2037,2019,2080,2046,2060,2076,1983,1944,2011,2029,2065,2052,2036,1995,2032,2047
1998: 1987,2003,590,2020,1999,1921,2027
1999: 2020,2018,2061,1950,2067,1987,2003,1998,2041,2027
2055: 1989,2016,2038,1997,1976,2056,1982,2062,2054,2037,2019,2077,2080
2030: 2045,2043,1966,2075,2076,1902,2028,2044,2036,1995,2032,2047,2002,2074,2018,2061,2042,1950,2078,2066,2067
2003: 1987,1998,2015,1972,2017,2018,2061,590,2020,1999,2027
2004: 2057,2059,2033,524,2039,1977,1935
2005: 2023,1931,1937,2058,2079,2008,2006,2068
2006: 1973,2053,2068,2005,1937,2058,2079,2034,1947,2008
2007: 1869,2026
2008: 2005,2058,2079,2039,1977,2006,1973,2053,2068
2009: 2050,2073,569,2048,2025,946,2031,1992
2026: 1869,1574,1605,2007,1069,1620
2011: 2029,2065,2052,2056,2062,2054,2037,2019,2080,1994,2063,1961,2064,2049,2012,2060,1983,1944,2032,2047,2015,1972,2017
2056: 1982,2062,2054,2037,2019,2077,2080,2055,2016,2040,2024,2038,1997,1976,1961,2064,2049,2031,1983,1944,2011,2065
2014: 1895,560
2015: 1972,2017,1983,2011,2029,2065,2052,2036,1995,2032,1963,1942,590,1987,2003
2016: 2055,2040,2024,2038,1997,1976,2056,1982,2062,2054,2037,2019,2077,2080,1994,2063,1961,2064,2049,2012
2018: 2061,2036,1995,2030,2043,1966,2075,2002,2074,2042,1950,1985,2078,2066,2067,2003,2020,1999,2041
2019: 2056,1982,2062,2054,2037,2077,2080,2055,2016,2040,2024,2038,1997,1976,1994,2063,1961,2064,2049,2012,2031,1983,1944,2011,2029,2065,2052
2021: 1939,502
2057: 2059,2004,2033,524,2039,1977,1935
2023: 1931,2041,2051,2005,1937,2058
2024: 2040,2016,2056,1982,2062,2054,2037,2019,2077,2080,1994,2063,1961,2064,2049,2012,2046,2060,2076
2027: 590,1987,2003,1998,2020,1999,1921,575
2028: 1902,2044,2046,2060,2076,2036,1995,2032,2047,2030,2045,2043,1966,2075,2002,2074
2029: 2011,2065,2052,2062,2037,2019,1994,2063,1961,2064,2049,2012,2060,2076,1983,1944,2036,1995,2032,2047,2015,1972,2017
2035: 1945,2072,966,2048,2025,444
2036: 1995,2032,2047,1994,2063,2012,2046,2060,2076,1902,2028,2044,2029,2052,2030,2045,2043,1966,2075,2015,1972,2017,2018,2061
2037: 2056,1982,2062,2054,2019,2077,2080,2055,2016,2040,2024,2038,1997,1976,1994,2063,1961,2064,2049,2012,2031,1983,1944,2011,2029,2065,2052
2038: 1997,1976,1989,2055,2016,2056,1982,2062,2054,2037,2019,2077,2080,946,2031,1983,1944
2039: 1977,2033,2057,2059,2004,2008,1935
2040: 2024,2016,2056,1982,2062,2054,2037,2019,2077,2080,1994,2063,1961,2064,2049,2012,2046,2060,2076
2041: 2018,2061,2042,1950,1985,2078,2066,2067,2020,1999,2051,2023,1931
2043: 2030,2045,1966,2075,2046,2076,1902,2028,2044,2036,1995,2047,2002,2074,2018,2061,2042,1950,1985,2078,2066,2067
2044: 1902,2028,2046,2060,2076,2036,1995,2032,2047,2030,2045,2043,1966,2075,2002,2074
2045: 2030,2043,1966,2075,2046,2060,2076,1902,2028,2044,2036,1995,2032,2047,2002,2074,2042,2066
2047: 2036,1995,2032,1994,2063,2064,2049,2012,2046,2060,2076,1902,2028,2044,2011,2029,2065,2052,2030,2045,2043,1966,2075,2017
2048: 569,2025,966,946,1945,2035,2072,2009,2050,2073
2049: 1994,2063,1961,2064,2012,2016,2040,2024,2056,1982,2062,2054,2037,2019,2077,2080,2046,2060,2076,1983,1944,2011,2029,2065,2052,2032,2047
2050: 2009,2073,569,2048,2025,946,2031,1992
2051: 1950,1985,2078,2067,2041,2023,1931
2052: 2011,2029,2065,2062,2037,2019,1994,2063,1961,2064,2049,2012,2060,2076,1983,1944,2036,1995,2032,2047,2015,1972,2017
2053: 2006,1973,2068,2058,2079,2034,1947,2008,409
2054: 2056,1982,2062,2037,2019,2077,2080,2055,2016,2040,2024,2038,1997,1976,1961,2064,2049,2031,1983,1944,2011,2065
2059: 2057,2004,2033,524,2039,1977,1935
2060: 2046,2076,2040,2024,1994,2063,1961,2064,2049,2012,1902,2028,2044,2011,2029,2065,2052,2036,1995,2032,2047,2045,2075
2062: 2056,1982,2054,2037,2019,2077,2080,2055,2016,2040,2024,2038,1997,1976,1994,2063,1961,2064,2049,2012,2031,1983,1944,2011,2029,2065,2052
2063: 1994,1961,2064,2049,2012,2016,2040,2024,2062,2037,2019,2046,2060,2076,1983,1944,2011,2029,2065,2052,2036,1995,2032,2047
2065: 2011,2029,2052,2056,1982,2062,2054,2037,2019,2080,1994,2063,1961,2064,2049,2012,2060,1983,1944,2032,2047,2015,1972,2017
2066: 2042,1950,1985,2078,2067,2030,2045,2043,1966,2075,2002,2074,2018,2061,2041
2067: 2042,1950,1985,2078,2066,2030,2043,1966,2002,2074,2018,2061,2020,1999,2041,2051
2068: 2006,1973,2053,2005,1937,2058,2079,2034,1947,2008
2069: 1773,2070,911,2071
2070: 1773,2069,911,2071
2071: 1773,2069,2070,911,926
2072: 1945,2035,966,2048,2025,444,1883
2073: 2009,2050,2048,946,2031,1992,1886
2074: 2002,1902,2028,2044,2030,2045,2043,1966,2075,2018,2061,2042,1950,1985,2078,2066,2067
2075: 2030,2045,2043,1966,2046,2060,2076,1902,2028,2044,2036,1995,2032,2047,2002,2074,2018,2042,2066
2077: 2056,1982,2062,2054,2037,2019,2080,2055,2016,2040,2024,2038,1997,1976,1961,2064,2049,2031,1983,1944
2078: 2042,1950,1985,2066,2067,2030,2043,2002,2074,2018,2061,2020,2041,2051
2079: 1937,2058,1931,2005,2008,2006,1973,2053,2068
2080: 2056,1982,2062,2054,2037,2019,2077,2055,2016,2040,2024,2038,1997,1976,1994,1961,2064,2049,2031,1983,1944,2011,2065