0: 90,42,57,20,22,92,1245,379,99,1235,76,19,69
1: 21,1209,1227,1229,1228,1210,30,35,62,106,1211,5,1208,476,48,1203,29,199
2: 83,74,103,413,1224,86,1252,1250,68,37,1206,1241,1243,1242
3: 168,191,465,262,26,135,6,338,83
4: 91,219,103,413,79,94,68,386,358,487
5: 1208,1227,1229,1228,30,35,62,480,1207,1202,352,1,204,1203,29,199
6: 465,262,26,185,168,3,82,61,1204,83,74
7: 51,37,1206,1241,1243,1242,1230,41,1205,49,47,55,28,1216,1218,10
8: 64,185,56,46,9,98,82,61,1204,66,74,1223,1244,1225,1248,1246,1251,78
9: 46,98,93,12,384,173,56,33,8,66,95
10: 7,51,1205,49,1234,1236,89,63,73,1226,1214,85,16,45
11: 75,365,96,47,55,28,1216,1218,264,1213,1217,32,1215,40,1212,419,97,124
12: 93,384,463,216,173,56,46,9,98,33
13: 67,65,87,23,52,43,57,20,53
14: 38,99,1235,76,19,69,25,1233,1238,72,1237,17,140,1239,21,1209,1227,1229,1228,1210
15: 416,24,60,84,70,476,225,50,433,447,220,81
16: 45,10,89,63,73,1226,1214,85,129,18,59,58,164,24,60,84
17: 76,19,69,14,38,134,21,1209,1227,1229,1228,1210,30,35,62
18: 129,59,58,1213,1217,1215,1212,73,1226,1214,85,16,45,97,54,124,164,311,355,27
19: 76,22,92,1245,0,379,99,1235,69,25,1233,1238,72,1237,14,38,17
20: 23,13,52,43,57,53,0,379,182
21: 1209,25,72,14,38,17,140,1227,1229,1228,1210,88,106,1211,1
22: 92,1245,78,90,42,57,1261,1247,1222,1240,1256,0,1258,1259,31,1231,1257,1232,99,1235,76,19
23: 33,67,65,95,13,90,42,57,20
24: 60,84,16,45,88,164,70,225,50,15,416
25: 1233,1238,72,1237,99,1235,76,19,1234,1236,14,38,89,63,140,1239,21,1209
26: 77,296,234,317,465,262,64,185,168,3,6,82,61,1204
27: 129,18,59,58,164,84,355,225,441,290
28: 47,55,1216,1218,487,7,96,75,11,1213,1217,32,1215,40,1212,73,1226,85
29: 199,1,5,1208,204,48,1203,232
30: 35,62,17,134,381,1227,1229,1228,1210,480,1207,1202,352,1,5,1208,204
31: 1258,1259,1231,1257,1232,1263,1219,1262,1254,1220,1249,1253,1221,1255,1260,1261,1247,1222,1240,1256,22,92,1245,1230,99,1235,1205,49,1234,1236,1233,72,1237
32: 1213,1217,1215,40,1212,96,47,55,28,1216,1218,75,11,73,1226,1214,85,419,97,54,124,129,58
33: 93,12,384,173,183,46,9,98,67,66,95,23
34: 39,288,43,36
35: 30,62,17,134,381,1227,1229,1228,1210,480,1207,1202,352,1,5,1208,204
36: 87,34,39,52,43,53,130,284
37: 103,413,2,1224,86,1252,1250,68,1206,1241,1243,1242,487,41,7,51
38: 14,99,1235,76,19,69,25,1233,1238,72,1237,17,140,1239,21,1209,1227,1229,1228,1210
39: 34,288,87,52,43,36
40: 1213,1217,32,1215,1212,96,47,55,28,1216,1218,75,11,73,1226,1214,85,419,97,54,124,129,58
41: 68,37,1206,1241,1243,487,7,51,96,55,1218
42: 90,66,95,23,78,57,1261,1247,1222,1240,1256,22,92,1245,0
43: 52,65,87,34,39,13,36,20,53,130
44: 179,116,80,234,317
45: 16,10,89,63,73,1226,1214,85,129,18,59,58,164,24,60,84
46: 9,98,93,12,384,173,56,33,8,66,95
47: 55,28,1216,1218,487,7,96,75,11,1213,1217,32,1215,40,1212,73,1226,1214,85
48: 1203,106,1,476,29,199,433,447,232
49: 1205,1206,1241,1243,1242,1230,1258,1259,31,1231,1257,1232,7,51,1234,1236,10,89,63
50: 225,164,24,60,84,70,15,416,290,220,81
51: 7,37,1206,1241,1243,1242,1230,41,1205,49,55,1216,1218,10
52: 43,65,39,13,36,20,53,130
53: 13,52,43,36,20,130,379,182,339
54: 97,124,75,1213,1217,32,1215,40,1212,73,1226,1214,85,419,129,18,59,58,311,355
55: 47,28,1216,1218,487,41,7,51,96,75,11,1213,1217,32,1215,40,1212,73,1226,1214,85
56: 93,12,384,64,185,46,9,98,82,61,1204,8,66
57: 95,23,13,90,42,20,22,92,1245,0,379
58: 129,18,59,1213,1217,32,1215,40,1212,73,1226,1214,85,16,45,97,54,124,164,311,355,27
59: 129,18,58,1215,73,1226,1214,85,16,45,54,124,164,311,355,27
60: 24,84,16,45,88,164,70,225,50,15,416
61: 82,1204,26,64,185,56,6,8,83,74,1223,1225
62: 30,35,17,134,381,1227,1229,1228,1210,480,1207,1202,352,1,5,1208,204
63: 89,1205,49,1234,1236,25,1233,1238,72,1237,10,140,1239,16,45,88
64: 185,234,317,26,56,82,61,1204,8
65: 183,301,288,67,87,23,13,52,43
66: 56,46,9,98,33,8,95,1223,1244,1225,1248,1246,1251,78,90,42
67: 173,183,301,33,65,95,23,13
68: 103,413,2,4,91,37,358,487,41
69: 0,379,182,76,19,14,38,17,134
70: 88,106,1211,24,60,84,476,225,50,15,416,433,447
71: 126,251,255,250,381,480,1207,1202,352
72: 25,1233,1238,1237,1258,1259,31,1231,1257,1232,99,1235,76,19,1234,1236,14,38,89,63,140,1239,21,1209
73: 1226,1214,85,47,55,28,1216,1218,10,1213,1217,32,1215,40,1212,16,45,97,54,124,129,18,59,58,164
74: 6,82,61,1204,8,83,1223,1244,1225,1248,1246,1251,2,1224,86,1252,1250,1263,1219,1262,1254,1220,1249,1253,1221,1255,1260
75: 11,365,96,47,55,28,1216,1218,264,1213,1217,32,1215,40,1212,419,97,54,124
76: 19,22,92,1245,0,379,99,1235,69,25,1233,1238,72,1237,14,38,17
77: 296,369,234,317,191,465,262,26
78: 8,66,95,1223,1244,1225,1248,1246,1251,90,42,1263,1219,1262,1254,1220,1249,1253,1221,1255,1260,1261,1247,1222,1240,1256,22,92,1245
79: 94,163,219,229,4,91,386,358
80: 116,484,44,463,384
81: 220,225,50,15,416,433,447
82: 61,1204,26,64,185,56,6,8,83,74
83: 168,3,6,82,61,1204,74,103,413,2,1224,86,1252,1250
84: 24,60,16,45,88,164,70,27,225,50,15,416
85: 73,1226,1214,47,55,28,1216,1218,10,1213,1217,32,1215,40,1212,16,45,97,54,124,129,18,59,58,164
86: 1224,1252,1250,83,74,1223,1244,1225,1248,1246,1251,2,1263,1219,1262,1254,1220,1249,1253,1221,1255,1260,37,1206,1241,1243,1242,1230
87: 301,288,65,39,13,43,36
88: 89,63,140,1239,21,1209,106,1211,24,60,84,70,476
89: 63,1205,49,1234,1236,25,1233,1238,72,1237,10,140,1239,16,45,88
90: 42,66,95,23,78,57,1222,22,92,1245,0
91: 4,219,103,413,79,94,68,386,358,487
92: 22,1245,78,90,42,57,1261,1247,1222,1240,1256,0,1258,1259,31,1231,1257,1232,99,1235,76,19
93: 12,384,463,216,145,173,56,46,9,98,33
94: 79,163,219,229,4,91,386,358
95: 46,9,98,33,67,66,23,78,90,42,57
96: 358,487,41,365,47,55,28,1216,1218,264,75,11,1213,1217,32,1215,40,1212
97: 54,124,75,11,1213,1217,32,1215,40,1212,73,1226,1214,85,419,129,18,58,311,355
98: 46,9,93,12,384,173,56,33,8,66,95
99: 1235,1261,1222,1240,1256,22,92,1245,0,1258,1259,31,1231,1257,1232,76,19,1234,1236,25,1233,1238,72,1237,14,38
100: 112,213,187,421,133
101: 247,246,395,281
102: 485,393,305,302
103: 413,338,83,2,4,91,68,37
104: 446,419
105: 263,420,425,142,119,166,189,143,294,306
106: 1211,140,1239,21,1209,1227,1229,1228,1210,88,1,70,476,48,1203
107: 127,432,436,489
108: 387,362,326,227,349,202
109: 133,372,210,252,160,211,137
110: 460,391,455,380
111: 244,386,358,365,264
112: 221,187,367,100
113: 299,258,147,189,443,454,276
114: 157,315,151,272,478
115: 
116: 484,44,80,463
117: 412,292,298,241,497,319,437,195
118: 196,181,254
119: 166,299,425,189,263,105,443
120: 396,190,438,431,354,269
121: 458,238,261,275,218,331
122: 324,477,175,375,293,316
123: 184,247,281,439,461
124: 97,54,75,11,1213,1217,32,1215,40,1212,73,1226,1214,85,419,129,18,59,58,311,355
125: 212,482,298
126: 251,182,339,245,255,250,134,381,71
127: 107,432,155,436,471,489
128: 428,415,327,248
129: 18,59,58,1213,1217,32,1215,40,1212,73,1226,1214,85,16,45,97,54,124,164,311,355,27
130: 52,43,36,53,284,182,339,245
131: 285,393,305,335,175,236,375
132: 221,192,389,367,314
133: 421,213,309,100,372,210,109
134: 69,126,251,17,381,1227,1229,1228,1210,30,35,62,480,1207,1202,352
135: 191,465,262,427,168,3,267,338
136: 429,171,200,170,188,445
137: 495,109,252,160
138: 397,322,282,499,154,366
139: 494,442,200,170,323,398,445,149,186,277
140: 1239,1234,1236,25,1233,1238,72,1237,14,38,89,63,21,1209,88,106,1211
141: 313,444,240,440,482,156,253
142: 425,166,143,420,105
143: 425,142,166,263,420,105
144: 406,235,328,332,473,475,270
145: 216,484,463,93,384,173,183
146: 154,176,490
147: 258,249,350,403,299,113
148: 281,461,233,374
149: 462,445,200,170,139,188,186,277
150: 418,243,321
151: 114,478
152: 452,409,158
153: 388,438
154: 366,138,394,499,376,146
155: 460,432,455,380,127,471
156: 493,440,468,483,274,141,313,265
157: 415,451,248,315,114
158: 152,240,440
159: 370,469,279,426,217
160: 252,372,109,340,495,137
161: 314,389,346,378,333,223
162: 190,178,411,450,269,260
163: 267,219,229,79,94
164: 73,1226,1214,85,16,45,129,18,59,58,24,60,84,355,27,225,50
165: 363,205,410,303,197
166: 119,299,425,142,189,143,263,420,105,443,294,306
167: 474,329
168: 3,191,465,262,26,135,6,338,83
169: 459,210,211
170: 200,494,442,136,139,188,445,149,186
171: 278,429,203,423,136,188
172: 464,312,196,181,435,235,342,332
173: 463,216,145,93,12,384,183,46,9,98,33,67
174: 270,307,435,235,406,273,481
175: 236,375,305,302,477,131,122,324
176: 490,146
177: 291,377,483,274
178: 411,450,467,356,162
179: 44
180: 348,424,226,371
181: 312,196,118,172,254,328,332
182: 20,53,130,379,339,69,126,251
183: 216,145,308,173,301,33,67,65
184: 123,399,230,247,246,281,439,461
185: 64,234,317,26,56,6,82,61,1204,8
186: 277,200,170,139,323,462,445,149,464
187: 367,112,100,459
188: 171,136,200,170,462,445,149
189: 299,258,119,166,113,263,105,443,294,306,454,276
190: 120,396,438,354,162,269
191: 369,77,296,465,262,427,135,168,3
192: 389,297,221,132,314
193: 484
194: 422,331,357,198
195: 214,241,412,117,292,437,266
196: 464,312,118,172,181,254
197: 205,165,363,410,336,203,423
198: 331,194,422,357,256
199: 29,1,5,1208,204,48,1203,232
200: 170,136,139,188,462,445,149,186
201: 385,364,360,275,218
202: 108,227,334,279,426
203: 423,197,336,278,171
204: 30,35,62,480,1207,1202,352,5,1208,29,199
205: 472,165,363,197
206: 402,273,417,304,283,330
207: 238,496,471,489,280,458
208: 415
209: 452,359
210: 133,459,109,169,211
211: 210,109,169
212: 240,486,125,482
213: 309,100,421,133
214: 195,412,292,437,300
215: 401
216: 145,484,463,93,12,384,173,183
217: 159,370,373,430,346
218: 275,458,121,261,201,385,331,325,357
219: 267,338,163,229,79,94,4,91
220: 81,225,50,15,416,433,447
221: 343,297,112,192,389,132,367
222: 405,283,310
223: 224,161,314,333
224: 223
225: 50,164,24,60,84,70,27,15,416,290,220,81
226: 424,180,348,371
227: 349,108,326,202,287
228: 373
229: 163,219,79,94,386
230: 399,466,247,246,184
231: 467,356
232: 476,48,1203,29,199,433,447,449
233: 461,148,374,432
234: 317,44,77,296,465,262,26,64,185
235: 342,172,307,435,328,332,174,270,406,144
236: 175,375,393,305,302,477,285,131,324
237: 337,257,407
238: 496,207,489,280,268,458,121,261
239: 453,455,380,471,400
240: 486,158,212,440,482,141
241: 117,292,437,266,195
242: 271,351,249
243: 325,357,150,418
244: 111,386,358,365,264
245: 130,284,339,126,251,255,250
246: 247,466,399,230,101,184,281
247: 246,399,230,101,184,123,281
248: 327,428,128,157,315
249: 242,351,350,403,299,258,147
250: 255,339,245,126,251,381,71
251: 126,182,339,245,255,250,134,381,71
252: 160,372,109,495,137
253: 141,313,444,493,497,319,401
254: 196,118,181,328,332,473,475,382
255: 250,339,245,126,251,381,71
256: 321,357,198,387,326,349
257: 286,407,437,266,237,414
258: 147,249,403,299,189,113
259: 340,495
260: 162,269
261: 238,496,268,458,121,218,331
262: 465,369,77,296,234,317,191,26,135,168,3,6
263: 420,105,119,166,189,143,443,294,306
264: 244,111,365,96,75,11,446,419
265: 468,483,274,156,493
266: 437,241,195,257,286,407
267: 427,135,338,163,219
268: 238,496,458,121,261
269: 120,396,190,162,260
270: 174,307,435,347,235,342,406,144,481
271: 242,351
272: 315,114,478
273: 481,174,304,206
274: 177,468,483,156,265
275: 218,121,201,385,325,357
276: 454,189,113,443,294
277: 186,139,323,398,445,149,464,312
278: 171,203,423
279: 426,202,334,159,370,469
280: 471,400,238,207,360,458
281: 247,246,101,184,123,148,461
282: 310,322,397,138
283: 222,206,402,345
284: 36,130,339,245
285: 131,393,305,335,236
286: 257,407,266,383,414,456
287: 326,227,349,498
288: 308,488,301,65,87,34,39
289: 295,394,499,376
290: 355,27,225,50,441
291: 377,474,470,177
292: 412,117,241,497,319,437,214,195,300
293: 122,324,316
294: 443,306,166,189,263,105,454,276
295: 345,341,289,499
296: 77,369,234,317,191,465,262,26
297: 343,221,192,389
298: 125,482,444,412,117,319
299: 249,403,258,147,119,166,189,113
300: 412,292,497,319,401,214
301: 308,183,288,67,65,87
302: 102,485,305,477,175,236,375,324
303: 410,165,429
304: 273,481,206,402,330
305: 393,102,302,285,131,175,236
306: 443,294,166,189,263,420,105
307: 435,347,235,342,174,270
308: 183,301,288
309: 213,457,421,133,372
310: 405,222,390,322,282
311: 419,97,54,124,129,18,59,58,355,361,441
312: 464,398,277,196,172,181
313: 141,444,440,468,156,493,253
314: 161,192,389,132,333,223
315: 157,327,248,114,272
316: 122,324,293
317: 234,44,77,296,465,262,26,64,185
318: 
319: 497,298,253,412,117,292,401,300
320: 448
321: 256,150,418,326,349
322: 310,345,282,397,138
323: 398,494,442,139,186,277
324: 122,302,477,175,236,375,293,316
325: 275,218,357,243
326: 321,256,108,387,418,227,349,287
327: 248,428,128,315,350
328: 332,181,254,235,473,475,406,144
329: 167,474
330: 304,206,341
331: 121,261,218,194,422,357,198
332: 328,172,181,254,235,342,473,475,144
333: 161,314,378,223
334: 362,202,279,426,469
335: 393,285,131,415,451
336: 197,492,203,423
337: 237,407,340,383
338: 427,135,168,3,267,219,103,413
339: 53,130,284,182,245,126,251,255,250
340: 337,160,259
341: 330,345,295
342: 235,172,307,435,347,332,270
343: 221,297
344: 
345: 283,322,341,295
346: 217,389,430,161,378
347: 307,435,342,270
348: 180,424,226,371
349: 227,321,256,108,387,326,287
350: 403,351,327,249,147
351: 271,242,249,350,403
352: 480,1207,1202,134,381,71,30,35,62,5,1208,204
353: 356,438,467,411
354: 431,368,120,396,190
355: 97,54,124,129,18,59,58,164,311,27,361,441,290
356: 353,231,467,178,411,450
357: 275,218,331,194,422,325,198,243,256
358: 79,94,4,91,68,386,487,244,111,365,96
359: 452,209,409
360: 400,280,364,458,201,385
361: 311,355,441
362: 108,387,334
363: 165,205,410,197
364: 360,201
365: 386,358,487,244,111,96,264,75,11
366: 154,138,394,499,376
367: 187,221,112,132
368: 431,354
369: 77,296,191,465,262
370: 159,469,279,426,373,217
371: 226,180,348,491
372: 309,404,133,109,252,160
373: 426,370,228,217,430
374: 148,233
375: 175,236,302,477,131,122,324
376: 289,394,499,154,366,490
377: 291,409,491,470,177
378: 346,161,333
379: 57,20,53,0,182,76,19,69
380: 455,460,110,155,239
381: 126,251,255,250,134,71,30,35,62,480,1207,1202,352
382: 254,473,475
383: 414,337,286,407
384: 93,12,80,463,216,145,173,56,46,9,98,33
385: 201,360,275,218
386: 229,79,94,4,91,358,244,111,365
387: 108,256,362,326,349
388: 153
389: 192,297,221,132,346,161,314
390: 310
391: 439,460,110
392: 466,399
393: 305,102,335,285,131,236
394: 499,289,154,366,376
395: 101,281,148
396: 120,190,438,354,269
397: 138,322,282
398: 323,139,277,312
399: 230,392,466,247,246,184
400: 239,471,280,360
401: 253,497,319,215,300
402: 206,481,417,304,283
403: 350,351,249,299,258,147
404: 372
405: 222,310
406: 144,235,328,473,174,270,481,417
407: 257,286,266,237,337,383,414
408: 
409: 359,491,152,377
410: 303,165,363,197,429
411: 178,450,467,356,353,162
412: 117,292,298,497,319,214,195,300
413: 103,338,83,2,4,91,68,37
414: 383,257,286,407,456
415: 208,335,451,128,157
416: 15,24,60,84,70,476,225,50,433,447,220,81
417: 406,481,304,206,402,283
418: 150,243,321,326
419: 264,75,11,1213,1217,32,1215,40,1212,97,54,124,104,311
420: 263,105,142,166,143,306
421: 133,213,309,100
422: 194,331,357,198
423: 203,197,336,278,171
424: 226,180,348
425: 142,119,166,143,105
426: 279,202,334,159,370,469,373
427: 191,135,267,338
428: 128,327,248
429: 410,303,171,136
430: 373,217,346
431: 354,368,120
432: 233,155,127,107
433: 447,70,476,48,1203,15,416,232,220,81,449
434: 807,1062,778,838,1138,775,1108,858
435: 307,347,172,235,342,174,270
436: 127,107,489
437: 266,241,117,292,214,195,257
438: 153,353,120,396,190
439: 391,184,123
440: 158,240,486,468,483,141,313,156
441: 311,355,27,361,290
442: 494,170,139,323
443: 294,306,119,166,189,113,263,454,276
444: 141,313,482,298,253
445: 462,149,136,200,170,139,188,186,277
446: 264,104
447: 433,70,476,48,1203,15,416,232,220,81,449
448: 320
449: 433,447,232
450: 178,411,356,162
451: 335,415,157
452: 209,359,152
453: 455,239
454: 276,189,113,443,294
455: 380,460,110,453,155,239,471
456: 286,414
457: 309
458: 121,280,238,496,207,360,261,218
459: 187,210,169
460: 110,391,455,380,155
461: 233,184,123,281,148
462: 445,149,200,188,186
463: 116,484,80,216,145,93,12,384,173
464: 312,186,277,196,172
465: 262,369,77,296,234,317,191,26,135,168,3,6
466: 392,399,230,246
467: 231,356,353,178,411
468: 483,440,274,313,156,265
469: 159,370,334,279,426
470: 474,291,377
471: 455,155,127,239,400,280,207
472: 205
473: 475,254,328,332,382,406,144
474: 167,329,291,470
475: 473,254,328,332,382,144
476: 88,106,1211,1,70,48,1203,15,416,433,447,232
477: 485,302,175,236,375,122,324
478: 114,151,272
479: 
480: 1207,1202,352,134,381,71,30,35,62,5,1208,204
481: 273,174,270,406,417,304,402
482: 212,240,486,125,141,444,298
483: 468,177,440,274,156,265
484: 193,116,80,463,216,145
485: 102,302,477
486: 240,212,440,482
487: 4,91,68,37,358,41,365,96,47,55,28,1216,1218
488: 288
489: 127,107,436,238,496,207
490: 176,376,146
491: 371,409,377
492: 336
493: 156,313,265,253
494: 442,170,139,323
495: 137,252,160,259
496: 238,207,489,268,458,261
497: 319,253,412,117,292,401,300
498: 287
499: 394,295,138,289,154,366,376
500: 1125,955,1035,1044,622
501: 
502: 506,1112,669,810,853,842,840,833,1030,534,845
503: 851,1191,1069,1183
504: 1023,575,827,1188,755,1163
505: 973,820,793,908,1070
506: 502,1112,669,853,840,510,738,1030,534
507: 525,712
508: 1159,551
509: 806,1133,731,962,537,1176,1016
510: 738,840,506,591,1030,534
511: 622,578,1044,535
512: 1070,863
513: 874,1178,1158,1052
514: 916,572,831,860,566,541
515: 626,1094,665,1046,669,810,853
516: 1049,630,939,540,583
517: 958,886,980,1085
518: 779,656,1098,599,1009
519: 1032,963,1011,1095,749
520: 686,688
521: 1029,942,687
522: 792,858,989,892,888
523: 815,571,867,954,593,695
524: 904,1010,1052,879,1050
525: 507,712,577
526: 612
527: 1113,905,615,928,602,976
528: 678,614,529,1117,762,548,545,1101,584
529: 1117,762,548,528,678,614
530: 546,606,802
531: 1148,938
532: 989,880,1045,600
533: 951,1121,674
534: 1030,502,506,833,510,738,845,915
535: 573,578,622,511,984
536: 561,761,646
537: 1176,1016,509,806,731,636,962,964
538: 1021,1067,1073
539: 766,555,1024,737,978,832,1054
540: 630,939,516,763,583
541: 514,566,923
542: 632,594,563,725
543: 995
544: 843,701,732,838
545: 1101,584,548,768,528,678,614,1177
546: 530,1192,606,585,1161
547: 1127,653,1120,854,548,768
548: 768,1127,547,529,1117,528,678,614,545
549: 684,771,917
550: 672,1193,909,872,929,941,1013,590
551: 508,1159,825,628
552: 1186,837,921
553: 751,776,1092
554: 988,722,891,619,1136,914
555: 1024,927,1112,737,539,840
556: 1072,581,994,788
557: 1185,1106,831,860,916,668
558: 1137,1114,870,698,1140
559: 1140,942
560: 651,1096,983,796
561: 576,767,761,536
562: 1181,1100,649
563: 725,801,542,594
564: 1056,1169,777
565: 763,583,697,758
566: 514,1011,541,923
567: 1145,649,621
568: 723,1063
569: 805,785
570: 1061,1185,831
571: 523,815,954,593,695
572: 877,1164,831,860,590,916,514
573: 578,597,588,774,734,535,984
574: 655,825,628,998,675,789,900
575: 882,971,827,1188,504,1023
576: 767,932,561,1077,761
577: 525,676
578: 573,588,734,622,511,535,984
579: 1008,881
580: 682,898,952
581: 1072,967,714,556,866
582: 613,647,1013
583: 763,540,516,697,565
584: 545,1101,528,678,1177,728
585: 1192,606,1042,1165,546,1161
586: 907,1076,821,605,757,1019,1034
587: 935,966
588: 597,813,774,970,573,578,734
589: 850,729,746,1116,1035
590: 1032,550,929,941,877,1164,572,1011
591: 1054,510,738,1099,1025
592: 
593: 523,571,704
594: 801,542,563,725
595: 594,1130
596: 759,1002,618
597: 588,1083,765,813,774,970,573,734
598: 1146,994,620,1033
599: 1098,779,518,1053,906
600: 888,792,532,743
601: 714,866,823
602: 527,1113,928,976,724
603: 
604: 1196,730,681,1104
605: 757,1076,586,821,1019,1034
606: 1196,1192,802,585,546,530
607: 809
608: 864
609: 866,823,925,773
610: 1147,897,748,750,1179,658,1168
611: 1144,625,784,1017
612: 526
613: 582,647,710,1173
614: 528,678,529,1117,762,548,768,545,1101
615: 1132,905,527,1113,712
616: 755,1163,1133
617: 1122,1195,814
618: 596,1002,829,1120
619: 891,676,554,988,722,914,690
620: 994,788,1146,598
621: 567,1145,1198,848,631
622: 511,500,578,1044,535
623: 1020
624: 1093
625: 1144,611
626: 1094,515,1038,665,927,669
627: 694,948,1000,913,1014
628: 825,1159,551,655,574,998
629: 1103
630: 939,1049,540,516
631: 848,940,621,1198,1128
632: 1173,710,542
633: 869,666,816,987,1001,849
634: 952,818
635: 646,654,1018
636: 828,731,537,1176,1016,1078
637: 1168
638: 764
639: 1068,799
640: 1089,1001,849,808,971,708,742,652,1188
641: 876,711,897,748
642: 1041,985,1015
643: 766,737
644: 949
645: 
646: 761,536,635,1018
647: 934,672,872,582,613,1013
648: 795,1028
649: 1100,562,650,1174,1055,567,1145
650: 881,1100,649,1174,957,1055
651: 560,1096,983,796
652: 1188,1001,808,971,640,1089,1023,755
653: 1127,547,1120,854,894
654: 826,635
655: 574,628,998,675,789
656: 518
657: 953,1004,664,721
658: 610,1179,1168
659: 1131,830
660: 1180,934
661: 
662: 824,837
663: 696,679
664: 657,953
665: 1124,1046,626,1094,515
666: 816,633,922,1001,849,808
667: 704,834,1088,899
668: 797,557
669: 626,515,1112,810,853,840,502,506
670: 925
671: 1194,798
672: 934,1193,647,872,550
673: 1179,897,748
674: 1020,533,951
675: 998,789,655,574,1135,1189
676: 577,988,891,619
677: 1070,689
678: 528,614,529,1117,762,548,545,1101,584
679: 1141,663
680: 692,728,902,1097
681: 730,911,904,1196,604
682: 721,580
683: 1071,739,699,1109,946,1152
684: 902,771,549,917
685: 735
686: 520,688
687: 521,942,979
688: 520,686,1065
689: 677,907
690: 914,619,918
691: 820,793,889
692: 1090,926,728,680,902
693: 
694: 627,948,1000,913,1014
695: 954,523,571,875
696: 903,663,967,1162
697: 758,1091,763,583,565
698: 870,558,1137,1029
699: 1110,1122,683,946
700: 972,794
701: 843,791,1135,544,732
702: 956,938,1053,867,815
703: 913,1000
704: 593,844,834,667
705: 754,1152,865,1048
706: 766,643,737,978,832
707: 1026
708: 742,1147,987,1001,849,640,1089,750
709: 822
710: 1021,1067,1073,613,632,1173
711: 769,987,641
712: 615,507,525
713: 969
714: 967,1072,581,601,866,823
715: 800,933
716: 1149
717: 981,945
718: 
719: 1136,914
720: 1066,1148
721: 657,953,1004,682
722: 554,988,891,619,1136
723: 1063,781,568
724: 1060,602,976
725: 563,542,594
726: 603,538
727: 
728: 1101,584,692,1177,680,1166
729: 589,847,746,1116
730: 681,911,904,604
731: 1133,509,636,828,537,1176
732: 843,701,544
733: 781,1063
734: 597,588,774,970,573,578,1136,984
735: 1003,685
736: 912
737: 978,766,643,555,1024,706,539,832,1054
738: 510,506,591,1030,534,1099,1025
739: 772,741,992,1109,683,1071
740: 1059
741: 992,921,839,772,739
742: 708,1147,987,640,750
743: 600,888,1157,947,782
744: 
745: 887,850,862,819
746: 1116,729,589,862,955,1035,1125
747: 1181
748: 897,641,610,673,1179
749: 519,963,1095,1080
750: 708,742,1147,1089,610
751: 553,1184,1092
752: 1064,1175
753: 1194,783
754: 705,865,1048
755: 1163,652,1188,504,1023,616,1133
756: 930,1021,1067
757: 605,1076,586,821,1019,1034
758: 697,1091,763,565
759: 596,1002
760: 875
761: 576,561,1077,536,646
762: 529,1117,528,678,614
763: 583,540,697,758,565
764: 638
765: 813,996,1105,895,1083,1005,597,774,970
766: 643,1024,706,737,978,539
767: 576,825,932,561
768: 548,1127,547,614,886,545
769: 915,1118,817,869,711,987
770: 775
771: 786,684,549,917
772: 739,741,992,839,1109
773: 823,609
774: 970,765,813,597,588,573,734
775: 1108,434,1062,770
776: 553,887,1047
777: 1026,1049,564,1056
778: 838,807,434
779: 518,1053,1098,599
780: 1132,981,975
781: 733,723,1063
782: 743,947
783: 753,1194
784: 1144,944,856,611,1017
785: 569,805
786: 771
787: 
788: 925,556,866,620
789: 998,675,655,574,900,791,1135,1189
790: 1151,1181
791: 789,1135,843,701
792: 522,989,880,892,600,888
793: 820,973,505,691
794: 972,700
795: 842,833,648
796: 1096,651,560
797: 668
798: 1106,671
799: 919,1138,639
800: 715,933
801: 1170,890,594,563
802: 606,530
803: 943,982,1149
804: 1199,993,1102
805: 569,785
806: 509,1133,962,964,537
807: 434,1062,778,838,919,1108
808: 971,666,1001,849,640,1089,652,1188,1023
809: 607
810: 853,842,515,846,669,502,833
811: 1028
812: 1087,1105,895,1123,1005
813: 765,996,1083,597,588,774,970
814: 1195,617
815: 523,571,867,702,954
816: 666,633,922,1001,849
817: 915,1118,1150,769
818: 898,634
819: 850,745,862,955,1035
820: 793,505,691
821: 1076,986,1156,586,605,757
822: 910,709,889,1131
823: 714,601,866,609,773
824: 662
825: 628,1159,551,574,767
826: 654,1068
827: 882,575,504,1023
828: 636,731,1066,1176,1016,1078
829: 1002,618,977,1012,1120
830: 659
831: 860,570,1185,877,1164,572,557,916,514
832: 1054,706,737,978,539,937,1099
833: 810,853,842,502,795,534,845
834: 1088,844,704,961,667,899
835: 990,1038,927
836: 964,1016
837: 662,1186,552
838: 544,778,919,807,434
839: 1166,741,1110,772
840: 555,1112,669,502,506,510,1030
841: 851,1103
842: 810,853,846,502,833,795
843: 701,791,544,732
844: 704,834,1088,961
845: 502,833,1030,534,915
846: 1046,810,842
847: 729,1116,1158
848: 940,631,621,1198,1128
849: 1001,633,666,816,922,808,708,640
850: 745,589,862,819
851: 503,841,1069
852: 1003,965
853: 810,842,515,669,502,506,833
854: 894,1120,1127,547,653,958
855: 991,1102,1165,1039,1114
856: 1134,944,784
857: 1191,1183,1107
858: 434,1062,1138,522
859: 1051,1084,867,954
860: 831,1185,572,557,916,514
861: 1057
862: 850,745,819,746,955,1035
863: 512,1160,999
864: 1178,608,1158
865: 705,754,1048
866: 1072,581,714,601,823,925,788,609
867: 1084,702,859,954,523,815
868: 924
869: 915,1118,769,633,987
870: 1161,1114,558,1137,698
871: 1087,1119,975,1123
872: 672,1193,647,550,1013
873: 1111,1104,1196,1192,1042
874: 513,1178,904,1010,1052,879
875: 695
876: 1150,885,641
877: 1164,572,909,929,941,831,590
878: 1065
879: 1010,1052,874,904,524
880: 989,892,792,1045,532
881: 579,650,1174,957
882: 575,827
883: 1091,894
884: 1037,1084,1155,1051
885: 1150,876
886: 958,768,517,980,1006,1036,1085
887: 745,776,1047,1083
888: 600,522,792,743
889: 691,822,910,1143
890: 1170,801
891: 619,676,554,988,722,914
892: 989,880,522,792,1045
893: 1157
894: 854,1120,883,1127,653
895: 1105,1092,996,812,765,1005
896: 1095,1027,1080
897: 748,641,610,673,1179
898: 580,818
899: 834,1088,961,667,1190
900: 932,574,998,789,1135,1189
901: 1050
902: 1090,692,680,684
903: 696
904: 911,874,730,681,1010,1052,879,524
905: 1075,615,527,1113,928
906: 1053,1098,599
907: 689,999,1076,986,1156,586
908: 973,505
909: 941,877,1164
910: 822,889,1131,1143
911: 904,730,681,1010
912: 736,924
913: 703,627,694,948,1000
914: 690,554,988,891,619,918,719
915: 1118,534,845,817,769,869
916: 514,572,831,860,557
917: 684,771,549,953
918: 1064,914,690
919: 838,807,1062,1138,799
920: 1153,1141
921: 1186,552,741,992
922: 1139,666,816,1001,849
923: 963,1011,566,541,1043
924: 912,1058,868
925: 788,866,609,670
926: 1090,692
927: 835,1038,626,555,1024,1112
928: 905,1075,527,1113,1031,602,976
929: 941,550,877,1164,590,1032
930: 1121,1021,756
931: 
932: 900,998,576,767,1189
933: 800,715
934: 672,1180,660,1193,647
935: 587,966
936: 
937: 832,1054,1099
938: 956,531,702
939: 630,1049,540,516
940: 848,631,1198,1128
941: 929,1193,909,550,877,1164,590
942: 559,521,687,979
943: 803,1031,982
944: 1144,856,784
945: 717,1167,1075
946: 699,1122,683,1071,1152
947: 1157,743,782
948: 627,694,1000,913
949: 644
950: 1065,1061
951: 533,1121,674
952: 580,634
953: 657,1004,917,664,721
954: 867,859,523,815,571,695
955: 1035,862,819,746,500,1125
956: 938,702
957: 1174,881,650,1055,1172
958: 854,517,886
959: 1171,1082
960: 
961: 844,834,1088,899
962: 964,509,806,537,1176,1016
963: 1011,1032,519,749,923
964: 962,806,537,836
965: 852,1115
966: 935,587
967: 1162,696,1072,581,714
968: 1022
969: 1160,999,713
970: 774,765,813,597,588,734,1136
971: 808,1001,575,640,1089,652,1188,1023
972: 700,794
973: 793,505,908
974: 
975: 1132,780,871
976: 527,928,1031,602,724,1182
977: 1012,829
978: 737,766,1024,706,539,832,1054
979: 942,687
980: 517,886,1006,1036,1085
981: 717,1132,780
982: 803,943,1182
983: 651,560
984: 573,578,734,535
985: 642,1041,1015
986: 1076,1156,907,821
987: 769,869,633,711,708,742,1147
988: 554,722,1005,676,891,619,914
989: 880,892,522,792,1045,532
990: 835
991: 855,1102,1042,1165,1039,1114
992: 741,921,772,739
993: 804,1199,1102
994: 556,620,1146,598
995: 543
996: 1092,1047,895,1083,765,813
997: 1045,1171
998: 675,789,655,574,628,900,932,1135,1189
999: 863,1160,907,969
1000: 627,694,948,703,913,1014
1001: 849,633,666,816,922,808,971,708,640,1089,652
1002: 759,596,618,829
1003: 735,852
1004: 657,953,721
1005: 1105,895,812,765,988
1006: 1036,1085,886,980,1197
1007: 
1008: 579
1009: 518
1010: 1052,879,874,911,904,524
1011: 963,590,1032,519,566,923
1012: 977,829
1013: 647,872,550,582
1014: 627,694,1000,1066
1015: 985,642,1041
1016: 537,1176,509,636,828,962,1078,836
1017: 611,784
1018: 646,635
1019: 1034,586,605,757
1020: 674,623
1021: 1067,538,930,1073,756,710
1022: 968
1023: 504,808,971,575,827,652,1188,755,1163
1024: 555,927,766,737,978,539
1025: 591,738,1150
1026: 707,1049,777
1027: 1095,896
1028: 648,811
1029: 698,521
1030: 534,840,502,506,510,738,845
1031: 1075,928,943,976
1032: 590,929,519,963,1011
1033: 1146,598
1034: 1019,586,605,757
1035: 955,589,862,819,746,1116,500,1125
1036: 1006,1085,886,980,1197
1037: 1129,1155,884
1038: 835,927,626,1094
1039: 991,855,1114
1040: 1060,1086
1041: 642,985,1015
1042: 1165,873,1111,1192,1102,585,991
1043: 923
1044: 500,1125,622,511
1045: 989,880,892,997,532,1171
1046: 1124,665,1094,515,846
1047: 776,1092,887,996,1083
1048: 705,754,865
1049: 1026,630,939,777,516
1050: 524,901
1051: 859,1084,884
1052: 1010,879,874,513,904,524
1053: 779,1098,599,702,906
1054: 832,737,978,539,591,937,1099
1055: 650,1100,649,1174,957,1145
1056: 564,1169,777
1057: 861
1058: 924
1059: 740
1060: 724,1182,1040
1061: 950,570,1185,1106
1062: 807,434,919,1138,775,1108,858
1063: 723,733,781,568
1064: 752,918
1065: 688,878,950
1066: 1014,828,720
1067: 1021,538,1073,756,710
1068: 826,639
1069: 1191,503,851,1183
1070: 505,677,512
1071: 683,739,1109,946,1152
1072: 581,967,1162,714,556,866
1073: 538,1021,1067,710
1074: 1082
1075: 945,1167,905,1113,928,1031
1076: 986,1156,907,586,821,605,757
1077: 576,761
1078: 636,828,1066,1176,1016,1129
1079: 
1080: 1095,896,749
1081: 
1082: 1074,1171,959
1083: 887,1047,996,765,813,597
1084: 867,884,1051,859
1085: 1006,1036,517,886,980,1197
1086: 1040
1087: 1119,871,1184,812,1123
1088: 834,844,961,667,899
1089: 640,1001,808,971,708,652,1188,750
1090: 692,926,902
1091: 883,697,758
1092: 553,1047,996,895
1093: 624
1094: 626,515,1038,665,1046
1095: 896,1027,519,749,1080
1096: 651,560,796
1097: 680,1195
1098: 599,779,518,1053,906
1099: 832,1054,591,738,937
1100: 649,562,650,1174,1055,1145
1101: 545,584,528,678,614,1177,728
1102: 804,1199,1042,1165,991,855
1103: 841,629
1104: 1196,604,873,1111,1192
1105: 895,812,765,1005
1106: 1061,1185,798,557
1107: 857,1190
1108: 775,807,434,1062
1109: 772,739,683,1071
1110: 839,1195,699
1111: 873,1104,1192,1042
1112: 927,555,669,840,502,506
1113: 527,905,1075,615,928,602
1114: 991,855,1161,1039,870,558,1137
1115: 965
1116: 746,729,589,847,1035,1158
1117: 529,762,548,528,678,614
1118: 915,817,769,869
1119: 1087,871,1184,1123
1120: 618,829,854,894,1127,547,653
1121: 533,951,930
1122: 617,1195,699,946
1123: 1087,1119,871,812
1124: 665,1046
1125: 500,746,955,1035,1044
1126: 1142
1127: 547,653,1120,854,894,548,768
1128: 1198,848,940,631
1129: 1078,1037,1155
1130: 595
1131: 822,910,1143,659
1132: 780,981,975,615
1133: 616,755,509,806,731
1134: 856
1135: 1189,998,675,789,900,791,701
1136: 970,554,722,734,719
1137: 558,1114,870,698,1140
1138: 919,434,1062,799,858
1139: 922
1140: 558,1137,559
1141: 1153,920,679
1142: 1126
1143: 910,889,1131
1144: 944,625,611,784
1145: 567,1100,649,1055,621
1146: 598,994,620,1033
1147: 708,742,987,610,750
1148: 720,531
1149: 803,716
1150: 1025,817,885,876
1151: 1181,790
1152: 683,1071,946,705
1153: 1141,920
1154: 
1155: 1129,1037,884
1156: 1076,986,907,821
1157: 893,743,947
1158: 847,1116,864,1178,513
1159: 508,551,825,628
1160: 863,999,969
1161: 585,546,1114,870
1162: 967,696,1072
1163: 755,1188,504,1023,616
1164: 877,572,909,929,941,831,590
1165: 1042,1102,585,991,855
1166: 1177,728,839
1167: 945,1075
1168: 610,658,637
1169: 564,1056
1170: 890,801
1171: 1045,997,1082,959
1172: 1174,957
1173: 632,710,613
1174: 957,881,650,1100,649,1055,1172
1175: 752
1176: 537,1016,509,731,636,828,962,1078
1177: 545,1101,584,1197,728,1166
1178: 864,1158,874,513
1179: 673,897,748,610,658
1180: 660,934
1181: 1151,747,790,562
1182: 976,982,1060
1183: 503,1191,1069,857
1184: 1087,1119,871
1185: 1061,570,1106,831,860,557
1186: 552,837,921
1187: 
1188: 652,808,971,575,640,1089,504,1023,755,1163
1189: 1135,998,675,789,900,932
1190: 899,1107
1191: 1069,503,1183,857
1192: 1104,1196,873,1111,606,1042,585,546
1193: 934,672,872,550,941
1194: 753,783,671
1195: 1097,1110,617,1122,814
1196: 604,681,1104,873,1192,606
1197: 1006,1036,1085,1177
1198: 621,848,940,631,1128
1199: 804,1102
1202: 480,1207,352,134,381,71,30,35,62,5,1208,204
1203: 48,106,1211,1,5,1208,476,29,199,433,447,232
1204: 82,61,26,64,185,56,6,8,83,74,1223,1225,1248
1205: 49,1206,1241,1242,1230,1258,31,1231,7,51,1234,1236,10,89,63
1206: 1241,1243,1242,2,1224,86,1252,1250,1263,1219,1262,1254,1220,1249,1253,1221,1255,1260,37,1230,41,7,51,1205,49
1207: 480,1202,352,134,381,71,30,35,62,5,1208,204
1208: 5,1227,1229,1228,1210,30,35,62,480,1207,1202,352,1,204,1203,29,199
1209: 21,25,1233,1238,72,1237,14,38,17,140,1239,1227,1229,1228,1210,88,106,1211,1
1210: 1227,1229,1228,14,38,17,134,21,1209,30,35,62,106,1211,1,1208
1211: 106,140,21,1209,1227,1229,1228,1210,88,1,70,476,1203
1212: 1213,1217,32,1215,40,96,47,55,28,1216,1218,75,11,73,1226,1214,85,419,97,54,124,129,18,58
1213: 1217,32,1215,40,1212,96,47,55,28,1216,1218,75,11,73,1226,1214,85,419,97,54,124,129,18,58
1214: 73,1226,85,47,55,1216,1218,10,1213,1217,32,1215,40,1212,16,45,97,54,124,129,18,59,58,164
1215: 1213,1217,32,40,1212,96,47,55,28,1216,1218,75,11,73,1226,1214,85,419,97,54,124,129,18,59,58
1216: 47,55,28,1218,487,7,51,96,75,11,1213,1217,32,1215,40,1212,73,1226,1214,85
1217: 1213,32,1215,40,1212,96,47,55,28,1216,1218,75,11,73,1226,1214,85,419,97,54,124,129,18,58
1218: 47,55,28,1216,487,41,7,51,96,75,11,1213,1217,32,1215,40,1212,73,1226,1214,85
1219: 1263,1262,1254,1220,1249,1253,1221,1255,1260,74,1223,1244,1225,1248,1246,1251,78,1224,86,1252,1250,1261,1247,1256,1206,1241,1243,1242,1230,1258,31,1257
1220: 1263,1219,1262,1254,1249,1253,1221,1255,1260,74,1223,1244,1225,1248,1246,1251,78,1224,86,1252,1250,1261,1247,1222,1240,1256,1206,1230,1258,1259,31,1231,1257
1221: 1263,1219,1262,1254,1220,1249,1253,1255,1260,74,1223,1225,1246,1251,78,1224,86,1252,1250,1261,1247,1240,1256,1206,1241,1243,1242,1230,1258,1259,31,1231,1257
1222: 1261,1247,1240,1256,1244,1246,78,90,42,1263,1262,1254,1220,1253,1255,1260,22,92,1245,1230,1258,1259,31,1231,1257,1232,99,1235
1223: 1244,1225,1248,1246,1251,61,1204,8,66,74,78,1224,86,1252,1250,1263,1219,1262,1254,1220,1249,1253,1221,1255,1260,1261,1247,1256
1224: 86,1252,1250,83,74,1223,1225,1246,1251,2,1263,1219,1262,1254,1220,1249,1253,1221,1255,1260,37,1206,1241,1243,1242,1230
1225: 1223,1244,1248,1246,1251,61,1204,8,66,74,78,1224,86,1252,1250,1263,1219,1262,1254,1220,1249,1253,1221,1255,1260,1261,1247,1256
1226: 73,1214,85,47,55,28,1216,1218,10,1213,1217,32,1215,40,1212,16,45,97,54,124,129,18,59,58,164
1227: 1229,1228,1210,14,38,17,134,21,1209,30,35,62,106,1211,1,5,1208
1228: 1227,1229,1210,14,38,17,134,21,1209,30,35,62,106,1211,1,5,1208
1229: 1227,1228,1210,14,38,17,134,21,1209,30,35,62,106,1211,1,5,1208
1230: 1224,86,1252,1250,1263,1219,1262,1254,1220,1249,1253,1221,1255,1260,1261,1247,1222,1240,1256,1206,1241,1243,1242,1258,1259,31,1231,1257,1232,7,51,1205,49,1234,1236
1231: 1258,1259,31,1257,1232,1263,1262,1220,1253,1221,1255,1260,1261,1247,1222,1240,1256,22,92,1245,1230,99,1235,1205,49,1234,1236,1233,1238,72,1237
1232: 1258,1259,31,1231,1257,1263,1262,1260,1261,1247,1222,1240,1256,22,92,1245,1230,99,1235,49,1234,1236,1233,1238,72,1237
1233: 25,1238,72,1237,1258,1259,31,1231,1257,1232,99,1235,76,19,1234,1236,14,38,89,63,140,1239,1209
1234: 1236,1230,1258,1259,31,1231,1257,1232,99,1235,1205,49,25,1233,1238,72,1237,10,89,63,140,1239
1235: 99,1261,1222,1240,1256,22,92,1245,0,1258,1259,31,1231,1257,1232,76,19,1234,1236,25,1233,1238,72,1237,14,38
1236: 1234,1230,1258,1259,31,1231,1257,1232,99,1235,1205,49,25,1233,1238,72,1237,10,89,63,140,1239
1237: 25,1233,1238,72,1258,1259,31,1231,1257,1232,99,1235,76,19,1234,1236,14,38,89,63,140,1239,1209
1238: 25,1233,72,1237,1259,1231,1232,99,1235,76,19,1234,1236,14,38,89,63,140,1239,1209
1239: 140,1234,1236,25,1233,1238,72,1237,14,38,89,63,1209,88,106
1240: 1261,1247,1222,1256,1246,78,42,1263,1262,1254,1220,1249,1253,1221,1255,1260,22,92,1245,1230,1258,1259,31,1231,1257,1232,99,1235
1241: 1206,1243,1242,2,1224,86,1252,1250,1219,1262,1249,1253,1221,1255,1260,37,1230,41,7,51,1205,49
1242: 1206,1241,1243,2,1224,86,1252,1250,1263,1219,1262,1254,1249,1253,1221,1255,1260,37,1230,7,51,1205,49
1243: 1206,1241,1242,2,1224,86,1252,1250,1219,1262,1221,37,1230,41,7,51,49
1244: 1223,1225,1248,1246,1251,8,66,74,78,86,1252,1250,1263,1219,1254,1220,1249,1253,1255,1261,1247,1222
1245: 22,92,78,90,42,57,1261,1247,1222,1240,1256,0,1258,1259,31,1231,1257,1232,99,1235,76,19
1246: 1223,1244,1225,1248,1251,8,66,74,78,1224,86,1252,1250,1263,1219,1262,1254,1220,1249,1253,1221,1255,1260,1261,1247,1222,1240,1256
1247: 1261,1222,1240,1256,1223,1244,1225,1248,1246,1251,78,42,1263,1219,1262,1254,1220,1249,1253,1221,1255,1260,22,92,1245,1230,1258,1259,31,1231,1257,1232
1248: 1223,1244,1225,1246,1251,1204,8,66,74,78,86,1250,1263,1219,1254,1220,1249,1253,1255,1247
1249: 1263,1219,1262,1254,1220,1253,1221,1255,1260,74,1223,1244,1225,1248,1246,1251,78,1224,86,1252,1250,1261,1247,1240,1256,1206,1241,1242,1230,1258,1259,31,1257
1250: 1224,86,1252,83,74,1223,1244,1225,1248,1246,1251,2,1263,1219,1262,1254,1220,1249,1253,1221,1255,1260,37,1206,1241,1243,1242,1230
1251: 1223,1244,1225,1248,1246,8,66,74,78,1224,86,1252,1250,1263,1219,1262,1254,1220,1249,1253,1221,1255,1260,1261,1247,1256
1252: 1224,86,1250,83,74,1223,1244,1225,1246,1251,2,1263,1219,1262,1254,1220,1249,1253,1221,1255,1260,37,1206,1241,1243,1242,1230
1253: 1263,1219,1262,1254,1220,1249,1221,1255,1260,74,1223,1244,1225,1248,1246,1251,78,1224,86,1252,1250,1261,1247,1222,1240,1256,1206,1241,1242,1230,1258,1259,31,1231,1257
1254: 1263,1219,1262,1220,1249,1253,1221,1255,1260,74,1223,1244,1225,1248,1246,1251,78,1224,86,1252,1250,1261,1247,1222,1240,1256,1206,1242,1230,1258,1259,31,1257
1255: 1263,1219,1262,1254,1220,1249,1253,1221,1260,74,1223,1244,1225,1248,1246,1251,78,1224,86,1252,1250,1261,1247,1222,1240,1256,1206,1241,1242,1230,1258,1259,31,1231,1257
1256: 1261,1247,1222,1240,1223,1225,1246,1251,78,42,1263,1219,1262,1254,1220,1249,1253,1221,1255,1260,22,92,1245,1230,1258,1259,31,1231,1257,1232,99,1235
1257: 1258,1259,31,1231,1232,1263,1219,1262,1254,1220,1249,1253,1221,1255,1260,1261,1247,1222,1240,1256,22,92,1245,1230,99,1235,49,1234,1236,1233,72,1237
1258: 1259,31,1231,1257,1232,1263,1219,1262,1254,1220,1249,1253,1221,1255,1260,1261,1247,1222,1240,1256,22,92,1245,1230,99,1235,1205,49,1234,1236,1233,72,1237
1259: 1258,31,1231,1257,1232,1263,1262,1254,1220,1249,1253,1221,1255,1260,1261,1247,1222,1240,1256,22,92,1245,1230,99,1235,49,1234,1236,1233,1238,72,1237
1260: 1263,1219,1262,1254,1220,1249,1253,1221,1255,74,1223,1225,1246,1251,78,1224,86,1252,1250,1261,1247,1222,1240,1256,1206,1241,1242,1230,1258,1259,31,1231,1257,1232
1261: 1247,1222,1240,1256,1223,1244,1225,1246,1251,78,42,1263,1219,1262,1254,1220,1249,1253,1221,1255,1260,22,92,1245,1230,1258,1259,31,1231,1257,1232,99,1235
1262: 1263,1219,1254,1220,1249,1253,1221,1255,1260,74,1223,1225,1246,1251,78,1224,86,1252,1250,1261,1247,1222,1240,1256,1206,1241,1243,1242,1230,1258,1259,31,1231,1257,1232
1263: 1219,1262,1254,1220,1249,1253,1221,1255,1260,74,1223,1244,1225,1248,1246,1251,78,1224,86,1252,1250,1261,1247,1222,1240,1256,1206,1242,1230,1258,1259,31,1231,1257,1232