0: 25,21,1232,1230,92,99,22,38,14,63,49,35,1229,1227,1228,1210,60,16,1209,1211,89,88,1236,1
1: 25,21,0,35,1229,1227,1228,1210,1202,17,1209,1211,89,88,1236,1208,30,5,1207,1239,1237,1233,72,1234,48,1203,1238,1235,29
2: 86,103,3,83,1204,6,74,413,1206,1221,68,79,94,91,41,37,7
3: 83,135,168,26,64,82,61,86,103,1204,6,74,413,2,1206,1221,68
4: 96,338,79,94,91,41,55,244,358,487,365,75,11,28
5: 1208,30,1207,35,1229,1227,1228,1210,1202,17,62,1,71,480,381,48,1203,1235,29,199
6: 1204,74,168,26,64,82,61,56,3,83,8,2,1206,68,1224
7: 37,2,1206,1221,68,31,42,1225,1223,1222,1224,1220,1219,41,51,1231,55,1218,47,1216,10,85,1205
8: 26,64,82,61,56,9,98,46,33,1204,6,74,66,78,1206,1221,68,31,42,1225,1223,1222,1224,1220,1219,23
9: 56,44,93,12,26,64,82,61,98,46,33,1204,74,8,66,78
10: 85,1205,37,7,51,1231,1232,1230,92,99,22,1218,47,1216,63,49,1217,32,1226,1213,73,1215,40,1212,1214,45,60,16
11: 75,28,4,96,55,1218,47,1216,487,365,1217,32,1226,1213,73,1215,40,1212,419,361,54,97
12: 93,463,80,216,173,384,65,56,9,98,46,33,67
13: 95,98,46,33,67,39,87,66,78,43,34,23,76,20,90,57
14: 76,20,90,57,19,38,69,25,21,0,35,1229,1227,1228,1210,1202,17
15: 416,70,84,1239,1237,1233,72,1234,48,1203,1238,1235,50,81,106,140
16: 60,10,85,1205,63,49,25,21,0,1214,45,1209,1211,89,88,1236,27,59,70,84,1239,1237,1233,72,1234
17: 1202,14,69,35,1229,1227,1228,1210,62,134,1,1208,30,5,1207,71,480,381
18: 54,97,58,32,1226,1213,73,1215,1214,45,361,27,59,129,24,164
19: 43,34,52,53,284,20,90,57,130,379,182,14,69
20: 90,57,95,13,43,34,52,53,76,19,38,14,69
21: 25,0,1232,99,22,38,14,63,49,35,1229,1227,1228,1210,16,1209,1211,89,88,1
22: 1232,1230,92,99,42,1225,1223,1222,1220,23,76,51,1231,38,10,85,63,49,25,21,0
23: 8,66,78,95,13,31,42,1225,1223,1222,1224,1220,1219,76,51,1231,1232,1230,92,99,22,38
24: 164,18,58,27,59,70,84,129,50,81,290,355
25: 21,0,99,22,38,14,63,49,35,1229,1227,1228,1210,16,1209,1211,89,88,1236,1
26: 64,82,61,465,77,185,44,384,168,56,9,3,83,1204,6,74,8
27: 59,32,1226,1213,73,1215,1214,45,60,16,18,54,97,58,70,84,129,24,164,50
28: 75,11,4,96,55,1218,47,1216,487,365,1217,32,1226,1213,73,1215,40,1212,419,97
29: 1,1208,30,5,1207,71,480,381,48,1203,1238,1235,199,106,140,232
30: 1208,5,1207,35,1229,1202,17,62,134,1,71,480,381,48,1203,29,199
31: 42,1225,1223,1222,1224,1220,1219,1204,74,8,66,78,1206,1221,68,23,37,7,51,1231,1230,92
32: 1217,1226,1213,73,1215,40,1212,55,1218,47,1216,10,85,75,11,28,1214,45,361,18,54,97,58,27,59
33: 98,46,384,93,12,65,56,9,67,8,66,78,95,13
34: 43,67,39,87,36,13,52,53,20,90,19
35: 1229,1227,1228,1210,38,14,69,25,21,0,1202,17,1209,1211,89,1,1208,30,5,1207
36: 301,39,87,43,34,52,53,284
37: 7,2,1206,1221,68,31,42,1225,1223,1222,1224,1220,1219,41,51,1231,55,1218,47,1216,10,85,1205
38: 23,76,20,90,57,1232,1230,92,99,22,14,63,49,25,21,0,35,1229,1227,1228,1210
39: 87,65,301,67,36,95,13,43,34,52,53
40: 1217,32,1226,1213,73,1215,1212,55,1218,47,1216,10,85,75,11,28,1214,45,361,54,97,58
41: 413,2,1206,1221,68,79,94,91,37,7,4,55,47
42: 31,1225,1223,1222,1224,1220,1219,74,8,66,78,1206,1221,68,23,37,7,51,1231,1232,1230,92,99,22
43: 34,67,39,87,36,95,13,52,53,76,20,90,57,19
44: 185,317,179,463,80,465,77,384,168,26,64,82,61,56,9
45: 1214,1218,47,1216,10,85,1205,63,49,1217,32,1226,1213,73,1215,40,1212,60,16,18,54,97,58,27,59,70,84
46: 98,33,384,93,12,65,56,9,67,8,66,78,95,13
47: 1218,1216,41,37,7,51,55,10,85,1205,75,11,28,1217,32,1226,1213,73,1215,40,1212,1214,45
48: 1203,1238,1235,1211,88,1236,1,1208,30,5,1239,1237,1233,72,1234,29,15,106,140,232
49: 63,51,1231,1232,1230,92,99,22,38,10,85,1205,25,21,0,45,16,89,88
50: 81,27,59,70,84,1239,24,164,15,416,290,355
51: 1231,1206,1221,68,31,42,1225,1223,1222,1224,1220,1219,23,37,7,1232,1230,92,99,22,1218,47,1216,10,85,1205,63,49
52: 53,39,36,43,34,20,90,57,19,130,379
53: 52,39,36,43,34,284,20,90,57,19,130,379,182
54: 18,97,58,75,11,1217,32,1226,1213,73,1215,40,1212,1214,45,361,27,59,129
55: 79,94,91,41,37,7,4,96,1218,47,1216,487,365,75,11,28,1217,32,1226,1213,73,1215,40,1212
56: 9,185,44,384,93,12,26,64,82,61,98,46,33,1204,6,74,8,66,78
57: 20,90,95,13,43,52,53,76,19,38,14,69
58: 18,54,97,75,1217,32,1226,1213,73,1215,40,1212,1214,45,361,27,59,129,24,164
59: 27,1217,32,1226,1213,73,1215,1212,1214,45,60,16,18,54,97,58,70,84,129,24,164,50
60: 16,10,85,63,0,1214,45,1211,89,88,1236,27,59,70,84,1239,1237,1233,72,1234
61: 26,64,82,465,77,185,44,168,56,9,3,83,1204,6,74,8
62: 134,69,251,1202,17,1208,30,5,1207,71,480,381
63: 49,51,1231,1232,1230,92,99,22,38,10,85,1205,25,21,0,1214,45,60,16,1209,1211,89,88,1236
64: 26,82,61,465,77,185,44,384,168,56,9,3,83,1204,6,74,8
65: 216,173,183,93,12,301,98,46,33,67,39,87
66: 78,56,9,98,46,33,67,8,95,13,31,42,1225,1223,1222,1224,1220,1219,23,76
67: 93,12,65,301,98,46,33,39,87,66,78,95,13,43,34
68: 1206,1221,3,83,1204,6,74,8,2,31,42,1225,1223,1222,1224,1220,1219,41,37,7,51,1231
69: 20,57,19,130,379,182,14,35,1229,1227,1228,1210,1202,17,62,134
70: 84,1214,45,60,16,1209,1211,89,88,1236,27,59,1239,1237,1233,72,1234,24,164,50,81,15,416
71: 480,381,1202,17,62,134,1208,30,5,1207,29,199
72: 1239,1237,1233,1234,60,16,1209,1211,89,88,1236,1,70,84,48,1203,1238,1235,15,416,140
73: 1217,32,1226,1213,1215,40,1212,55,1218,47,1216,10,85,1205,75,11,28,1214,45,18,54,97,58,27,59
74: 1204,6,168,26,64,82,61,56,9,3,83,8,2,1206,1221,68,31,42,1225,1223,1222,1224,1220,1219
75: 11,28,4,96,55,1218,47,1216,487,365,1217,32,1226,1213,73,1215,40,1212,419,361,54,97,58
76: 66,78,95,13,43,23,20,90,57,1232,1230,92,99,22,38,14
77: 465,317,179,185,44,135,168,26,64,82,61
78: 66,56,9,46,33,67,8,95,13,31,42,1225,1223,1222,1224,1220,1219,23,76
79: 94,91,413,2,338,41,4,55
80: 463,116,179,216,173,185,44,384,93,12
81: 50,70,84,1239,24,164,15,416,290,355
82: 26,64,61,77,185,44,168,56,9,3,83,1204,6,74,8
83: 3,135,168,26,64,82,61,86,103,1204,6,74,413,2,1206,1221,68
84: 70,1214,45,60,16,1211,89,88,1236,27,59,1239,1237,1233,72,1234,24,164,50,81,15,416
85: 10,1205,37,7,51,1231,1232,1230,92,99,22,1218,47,1216,63,49,1217,32,1226,1213,73,1215,40,1212,1214,45,60,16
86: 103,427,135,168,3,83,267,413,2
87: 39,65,301,67,36,95,13,43,34
88: 1209,1211,89,1236,63,49,25,21,0,1229,1228,1210,60,16,1,70,84,1239,1237,1233,72,1234,48,1203,1238,1235
89: 1209,1211,88,1236,63,49,25,21,0,35,1229,1227,1228,1210,60,16,1,70,84,1239,1237,1233,72,1234,1203,1238,1235
90: 20,57,95,13,43,34,52,53,76,19,38,14
91: 79,94,267,413,2,338,41,4,96,55
92: 1232,1230,99,22,31,42,1225,1223,1222,1224,1220,1219,23,76,51,1231,38,10,85,1205,63,49,0
93: 12,463,80,216,173,384,65,56,9,98,46,33,67
94: 79,91,267,413,2,338,41,4,55
95: 13,98,46,33,67,39,87,66,78,43,23,76,20,90,57
96: 4,91,55,244,358,487,365,75,11,28
97: 18,54,58,75,11,28,1217,32,1226,1213,73,1215,40,1212,1214,45,361,27,59,129
98: 46,33,384,93,12,65,56,9,67,8,66,95,13
99: 1232,1230,92,22,42,23,76,51,1231,38,10,85,63,49,25,21,0
100: 112,367,187,224,459
101: 466,306,143,263,420,105,294,392,281,246,395
102: 477,485,302,131
103: 86,427,135,168,3,83,267,413,2
104: 198,124,318,321,108,387
105: 263,420,119,142,166,143,189,294,101,306
106: 140,1239,1237,1233,48,1203,1238,29,15,416,232,476
107: 471,207,455,155,111,239,489,400,127,280,496
108: 387,104,124,321,362,227,349,320
109: 210,133,421,457,372,137
110: 460,391,123,432,455,380,155
111: 115,155,436,107,489,400,127
112: 132,367,100,187
113: 258,166,189,443,294,454,276
114: 151,248,157,296
115: 123,461,233,432,374,155,111
116: 179,463,80,216,173
117: 241,412,266,292
118: 398,181,196,328
119: 142,403,166,263,420,105,189,294
120: 153,438,431,354,396,269
121: 458,280,238,360,261,201,385,275,331
122: 324,477,293,175,316
123: 439,391,461,110,460,432,115
124: 104,108,387,362
125: 482,141,253,319,444,412,298,497
126: 
127: 489,400,155,111,436,107,471,207,496
128: 208,428,327,415,451,157
129: 361,18,54,97,58,27,59,24,164,311,290,355
130: 379,182,52,53,284,339,19,69,251
131: 236,393,305,302,102,285,324
132: 367,112,192,389,221,441,314,224,223,459
133: 210,109,187,421,457
134: 62,69,251,1202,17,30,1207,71,480,381
135: 465,77,427,168,86,103,3,83
136: 429,494,188,200,445,170,139,442
137: 211,109,252,495
138: 322,345,295,397,499,394,366
139: 200,445,170,442,136,494,188,277,186
140: 106,1239,1237,1233,72,1234,48,1203,1238,1235,29,15,416,232,476
141: 313,440,493,125,482,253,319,444,215
142: 119,403,166,143,263,420,105,189,294
143: 142,263,420,105,392,101,306
144: 332,382,235,473,254,270,406
145: 308
146: 394,154,366,376,176
147: 258,249,242,299,351,350,403,191
148: 461,233
149: 312,277,323,398,186,464,172
150: 418,256,321,326,448
151: 114,248,375,296
152: 452,209,377,158
153: 344,438,353,396,120
154: 366,499,394,376,146
155: 110,460,432,115,455,380,111,107,127
156: 468,158,483,440,313,493
157: 128,248,335,327,415,451,114,315
158: 152,452,209,240,440,156
159: 370,469,279,426,373,217
160: 404,372,340
161: 314,346,389,221,224,223,378,333
162: 450,190,396,178,411,269,484,260
163: 
164: 24,18,58,27,59,70,84,129,50,81,311,290,355
165: 363,408,205,410,303,197,171
166: 403,119,142,113,263,420,105,189,443,294,276
167: 490,348,474,329
168: 465,77,185,44,135,26,64,82,61,86,103,3,83,1204,6,74
169: 459,210
170: 200,445,139,442,136,494,188,277,186
171: 165,363,410,303,197,429,423
172: 342,312,149,347,464,488,196,328,307,435,235,332
173: 216,116,463,80,384,93,12,65
174: 270,435,406,273,481
175: 293,122,324,375,316
176: 146
177: 291,409,377,483
178: 411,467,356,162,450,190
179: 116,317,463,80,465,77,185,44,384
180: 250,424,490,226,371,348
181: 196,328,118,475,332,382,254
182: 130,379,53,284,339,19,69,251
183: 308,65,301
184: 230,247,246,439,461
185: 44,317,179,463,80,465,77,384,168,26,64,82,61,56
186: 200,445,170,139,277,323,312,149,464,488
187: 112,213,100,421,459,133
188: 136,200,445,170,139,442,288
189: 443,294,119,142,166,113,263,420,105,454,276
190: 162,450,356,353,396,178,411,269
191: 147
192: 389,221,441,297,346,132,367,314
193: 472,205,363,197,492,336
194: 422,331,325,218,357,198
195: 214,292,437
196: 181,328,312,118,342,172,332
197: 205,165,363,410,193,171,336,203,423
198: 194,422,357,104,256,318
199: 1208,30,5,1207,71,480,381,29,232
200: 445,170,139,442,136,188,288,186
201: 385,360,121
202: 227,334,287,279,426
203: 423,197,336,278
204: 
205: 472,165,363,193,197
206: 402,273,417,304,222,283,330
207: 107,471,489,400,127,280,238,496
208: 128,428,415
209: 152,452,359,377,158
210: 109,133,421,457,169
211: 137,252,495
212: 240,486
213: 309,187,421,457
214: 195,437
215: 141,313,493,253,319,444,497,401
216: 173,116,463,80,384,93,12,65
217: 426,159,370,469,373,346
218: 325,385,275,331,194,422,243,357,256
219: 267,338,386
220: 476
221: 192,389,441,297,346,132,161,314
222: 283,206,402,345
223: 224,389,132,161,314,459
224: 223,389,132,367,100,161,314,459
225: 290,355
226: 180,250,371,348,491
227: 349,320,108,326,287,202
228: 373,430
229: 
230: 466,399,247,246,184
231: 467,356
232: 48,1203,1238,29,199,106,140,476
233: 461,148,115,374
234: 296
235: 347,342,172,328,307,435,144,332,382,270
236: 131,393,305,302,477,285,324,375
237: 407,266,257,414,286,340,337
238: 496,471,207,489,400,280,360,121,458,261,268
239: 455,380,453,107,471
240: 486,158,440,212
241: 479,117
242: 249,299,271,351,350,403,258,147
243: 385,275,325,218
244: 358,386,4,96,487,365,264,419
245: 304,330
246: 247,392,466,101,306,281,230,395,184
247: 246,466,281,230,184
248: 335,285,415,451,157,114,151
249: 242,299,271,351,350,403,147
250: 180,424,289,490,226,371,348
251: 130,379,182,62,134
252: 137,211,495
253: 319,444,141,313,493,125,215,497,401
254: 473,181,475,144,332,382
255: 424
256: 325,218,357,198,318,150,418
257: 414,286,266,407,237,437,383
258: 147,242,351,403,113
259: 337,407,414,340,383
260: 162,269,484
261: 268,238,496,121,458,331,422
262: 
263: 420,105,119,142,166,143,189,443,294,101,306,281
264: 244,358,487,365,419
265: 468,274,493,215
266: 117,292,407,237,257,414,286,437
267: 86,103,413,219,338,94,91
268: 261,238,496,458,422
269: 484,396,120,162,190,260
270: 174,307,435,235,144,406,481
271: 428,249,242,350
272: 315,478,369
273: 481,174,304,206
274: 483,468,156,493
275: 331,121,385,422,243,325,218,357
276: 454,166,113,189,443,294
277: 494,445,170,139,323,398,186,312,149
278: 203,423
279: 426,334,202,159,370,469,373
280: 107,471,207,400,364,238,496,360,121,458
281: 263,420,294,466,101,306,247,246,395
282: 322,345,310,397,499
283: 222,206,402,390,322,345,310
284: 36,53,339,19,130,379,182
285: 393,305,131,236,248,335,375
286: 257,414,266,407,237,437,337,383,456
287: 326,227,349,320,202,498
288: 188,200,445,462
289: 394,424,376,250
290: 355,129,24,164,50,81,311,225
291: 177,409,491,474,377,470
292: 117,412,266,195,437
293: 175,122,324,316
294: 189,443,119,142,166,113,263,420,105,454,276,101,306,281
295: 341,138
296: 375,114,151,234
297: 343,346,192,389,221,441
298: 412,125,482,319,444,497
299: 249,242,403,147
300: 497,401
301: 183,65,67,39,87,36
302: 393,305,477,102,131,236
303: 410,165,171,429
304: 273,481,206,402,245,330
305: 393,302,285,131,236
306: 466,101,143,263,420,105,294,392,281,246
307: 435,347,464,488,342,172,235,270
308: 145,183
309: 213,421,457,372
310: 322,345,283,390,282,397,499
311: 129,164,290,355
312: 149,277,186,347,464,488,342,172,196,328
313: 141,440,468,156,493,253,444,215
314: 161,192,389,221,132,367,224,223,333
315: 428,327,415,451,157,272
316: 122,324,293,175
317: 179,465,77,185,44
318: 321,198,104,256,387,418,349
319: 253,444,141,125,482,215,412,298,497,401
320: 227,349,321,108,326,287
321: 318,104,108,387,150,418,326,349,320
322: 345,310,283,390,282,138,397,499
323: 398,494,277,186,149
324: 122,477,131,236,375,293,175,316
325: 218,385,275,331,194,422,243,357,256
326: 321,150,418,227,349,320,448,287
327: 415,451,128,428,157,315
328: 181,196,312,118,342,172,235,332,382
329: 167,474
330: 304,206,245,341
331: 275,121,261,385,194,422,325,218,357
332: 144,382,342,172,181,196,328,235,254,406
333: 378,161,314
334: 362,202,279,426,469
335: 248,285,415,157
336: 193,197,492,203,423
337: 259,407,237,414,286,340,383
338: 267,413,219,79,94,91,386,4
339: 284,130,379,182
340: 160,407,237,337,259
341: 330,295
342: 172,312,347,464,488,196,328,307,435,235,332
343: 297,441
344: 368,153,438,431
345: 322,310,222,283,390,282,138,499
346: 297,217,192,389,221,161
347: 464,488,312,342,172,307,435,235
348: 371,180,250,490,226,167,491
349: 227,320,318,321,108,387,326,287
350: 351,271,249,242,147
351: 350,249,242,258,147
352: 359
353: 356,153,467,396,411,190
354: 431,368,438,120
355: 290,129,24,164,50,81,311,225
356: 353,231,467,396,178,411,450,190
357: 275,331,194,422,325,218,198,256
358: 244,386,4,96,487,365,264,419
359: 352,452,209
360: 364,280,238,121,458,201,385
361: 487,365,75,11,1217,32,1213,1215,40,419,18,54,97,58,129
362: 124,108,387,334
363: 165,205,410,193,197,171
364: 471,280,360
365: 487,4,96,55,244,358,75,11,28,264,419,361
366: 154,138,397,499,394,376,146
367: 132,112,192,389,441,100,314,224,459
368: 344,438,431,354
369: 272,478
370: 159,469,279,426,373,217
371: 348,180,250,490,226,491
372: 309,421,457,160,109
373: 279,426,159,370,469,228,217,430
374: 233,115
375: 285,236,324,175,151,296
376: 394,154,366,289,146
377: 491,152,209,291,177,409
378: 333,161
379: 130,182,52,53,284,339,19,69,251
380: 455,110,460,432,155,239
381: 71,480,1202,17,62,134,1208,30,5,1207,29,199
382: 144,332,181,328,475,235,473,254,406
383: 407,257,414,286,337,259
384: 179,463,80,216,173,185,44,93,12,26,64,56,98,46,33
385: 201,360,121,275,331,243,325,218
386: 219,338,244,358
387: 108,104,124,318,321,362,349
388: 
389: 192,221,441,297,346,132,367,161,314,224,223
390: 405,283,322,345,310
391: 439,123,110,460
392: 143,420,466,101,306,399,246
393: 305,302,285,131,236
394: 138,499,154,366,289,376,146
395: 466,101,281,246
396: 153,438,356,353,120,411,162,450,190,269
397: 499,322,310,282,138,366
398: 323,277,149,118
399: 392,230
400: 489,127,111,436,107,471,207,280,238,496
401: 253,319,444,215,497,300
402: 206,417,304,222,283
403: 249,242,299,258,147,119,142,166
404: 433,160
405: 390
406: 144,332,382,174,270,481,417
407: 237,266,257,414,286,340,337,259,383
408: 165
409: 291,177,491,474,377
410: 303,165,363,197,171,429
411: 178,467,356,353,396,162,450,190
412: 298,125,482,319,117,292
413: 86,103,3,83,267,2,338,79,94,91,41
414: 257,286,266,407,237,337,259,383
415: 327,451,208,128,248,335,428,157,315
416: 15,70,84,1239,1237,1233,72,1234,1238,50,81,106,140
417: 406,481,304,206,402,222
418: 150,256,318,321,326,448
419: 244,358,487,365,75,11,28,264,361
420: 263,105,119,142,166,143,189,294,392,466,101,306,281
421: 457,213,309,187,372,210,109,133
422: 194,261,268,275,331,325,218,357,198
423: 203,197,171,336,278
424: 255,289,180,250
425: 
426: 279,334,202,159,370,469,373,217
427: 135,86,103
428: 208,128,327,415,451,271,315
429: 410,303,171,136,442
430: 228,373
431: 354,344,368,438,120
432: 123,110,460,115,455,380,155
433: 449,404
434: 
435: 307,347,342,172,235,174,270
436: 111,489,400,127
437: 266,292,214,195,257,286,456
438: 344,368,153,431,354,396,120
439: 391,184,123
440: 158,240,468,156,141,313,493
441: 192,389,221,297,343,132,367
442: 200,445,170,139,429,136,494,188
443: 189,294,166,113,263,454,276
444: 253,319,141,313,125,482,215,298,497,401
445: 200,170,139,442,136,188,277,288,186
446: 
447: 476
448: 150,418,326
449: 479,433
450: 162,190,356,396,178,411
451: 327,415,128,248,428,157,315
452: 152,209,359,158
453: 239
454: 276,113,189,443,294
455: 380,110,460,432,155,239,107,471
456: 286,437
457: 421,213,309,372,210,109,133
458: 121,280,238,496,360,261,268
459: 132,367,100,187,224,223,169
460: 110,391,123,432,455,380,155
461: 233,184,148,123,115
462: 288,186,464,488
463: 80,116,179,216,173,185,44,384,93,12
464: 347,488,186,312,149,462,342,172,307
465: 77,317,179,185,44,135,168,26,64,61
466: 101,306,420,392,281,230,247,246,395
467: 231,356,353,178,411
468: 156,483,440,274,313,493,265
469: 159,370,334,279,426,373,217
470: 474,291
471: 107,207,455,239,400,127,364,280,238
472: 205,193
473: 254,475,144,382
474: 167,329,291,409,470
475: 181,382,473,254
476: 106,140,232,220,447
477: 102,485,302,236,122,324
478: 272,369
479: 241,449
480: 71,381,1202,17,62,134,1208,30,5,1207,29,199
481: 273,174,270,406,417,304
482: 125,141,319,444,412,298
483: 177,468,156,274
484: 269,162,260
485: 477,102
486: 240,212
487: 365,4,96,55,244,358,75,11,28,264,419,361
488: 347,464,186,312,462,342,172,307
489: 400,127,111,436,107,207,238,496
490: 180,250,371,348,167
491: 226,371,348,377,291,409
492: 193,336
493: 440,468,156,274,141,313,265,253,215
494: 136,170,139,442,277,323
495: 252,137,211
496: 238,107,207,489,400,127,280,458,261,268
497: 125,253,319,444,215,298,401,300
498: 287
499: 397,322,345,310,282,138,394,154,366
500: 1044,1158,955,746,1125,578,513,622
501: 583
502: 669,1112,810,840,853
503: 851,1191,1069,1183
504: 1188,971,1023,827,703,755,1163
505: 973,820,1070,793
506: 1030,845,840,853,510,738,833,534
507: 577,525,712,676
508: 1159,551
509: 964,828,962,537,1176
510: 738,840,1025,591,1030,845,506
511: 535,966,935,1136
512: 863
513: 500,874,622,1052
514: 923,541,572,916,566
515: 665,1046,626,1094,846,842
516: 583,777,630,540
517: 958,768,980,886,1006,1085
518: 656,779,1098,1009
519: 1032,1011,963,566,749
520: 686,909
521: 1029,559,942,687
522: 792,888,892,858,770,989
523: 859,702,1053,599,815,571,593,695
524: 1050
525: 577,507,1087,1123,1132,712,676
526: 612,1172
527: 905,1113,928
528: 678,1117,529,744,545,1101,584
529: 762,653,744,548,528,678,1117
530: 802,546,585,800
531: 1148,938
532: 989,880,600,782,743
533: 951,1121,674,841
534: 738,1030,845,506,833
535: 734,511,966,1136
536: 761,1077
537: 1176,509,964,828,636,962,1016
538: 726,603,930,1021,1067,1073
539: 706,737,766,643,1024,555,832,1054,978,591
540: 939,727,630,583,516,763
541: 923,514,572,566,1043
542: 1173,710,632,896,594,563,725
543: 
544: 843,654,838,919,799
545: 1101,584,528,678,1117
546: 606,802,530,585
547: 614,1012,829,1120,977,1127,653
548: 1127,653,529,768,1117
549: 1004,684,771,917
550: 672,1193,624,941,872,929,1013,1032,590
551: 508,1159,574,932,767
552: 837,824,1186
553: 1092,751,776,895,996,812
554: 988,1005,891,619,722,914,690
555: 766,643,1024,539,706,737,978
556: 581,696,679,994,788
557: 1061,570,1185
558: 1137,1140,1114,870,698
559: 1140,698,1029,521,942,687
560: 983,651,1039,796
561: 576,767
562: 1181,747,579
563: 542,1173,896,594,1130,725
564: 1056,1169
565: 763,697,837
566: 1011,963,1032,590,572,923,541,514
567: 1100,1145,631
568: 723,1063
569: 865,785,968,805
570: 1061,557,831
571: 867,859,702,599,815,523,954,695
572: 1164,590,1011,566,923,541,514
573: 588,734,597,819,774,1125,578,970
574: 1159,551,825,932
575: 808,971,666,922,1001,1023,640,652,1188
576: 767,932,1077,761
577: 525,507,1123,676
578: 1125,955,1035,597,819,500,1044,588,573
579: 747,1181,562
580: 682,1015,898,952
581: 663,696,679,556
582: 613,1013
583: 516,777,630,540,501
584: 545,1101,528,678
585: 546,530,991,1161,870
586: 907,821,605,1019,1034
587: 966,935,1136
588: 734,573,597,819,774,578,970
589: 850,729,847,1116,862,746
590: 929,877,1164,1032,572,1011,566
591: 1025,539,840,1054,978,510,738,1099
592: 949,884
593: 523,704
594: 1130,542,1173,563
595: 1103,1170
596: 1154,852,759,1115,965
597: 955,1035,819,1125,578,588,734,573
598: 924,990,1033
599: 1053,815,702,906,571,523
600: 532,782
601: 714,823,866,794
602: 1031,928,976,943,724,1182
603: 538,726,930,1021,1067,1073
604: 1104
605: 586,1019,1034,757
606: 681,1192,546,802
607: 
608: 847,1116,864,1178
609: 866,773,925
610: 897,1179,750,1168
611: 
612: 526,1172
613: 582
614: 547,618,1012,829,1120,977,854,894,1127,653
615: 712
616: 755,1163,1133
617: 1122,1195,814
618: 1002,1012,829,1120,614
619: 891,554,988,1005,1064,722,914,690
620: 788,994,1146
621: 848,903,940
622: 500,1044,1125,513
623: 1020,841
624: 1193,909,672,941,550
625: 947,1144
626: 1094,1038,665,927,515,1112,669
627: 694,948,913,1000,1014,1066
628: 655,789
629: 
630: 939,727,777,540,583,516
631: 567,1198,848,1128
632: 710,542,1173,896
633: 849,869,987
634: 952,818
635: 1018,646
636: 731,828,537,1176,1078
637: 806,964
638: 764
639: 1068,997
640: 1001,808,971,575,708,742,652
641: 748,876,711,769,673,1179
642: 1041,985,1015
643: 766,1024,539,706,737,555
644: 949,884,760
645: 818
646: 1018,635
647: 934,672,660,1193,872
648: 811,795,1028,816
649: 1174,1055,650,1100,957,1145
650: 1055,881,957,1174,649
651: 1039,1151,983,560
652: 1001,808,971,575,640,1188
653: 614,547,977,762,1127,529,548,1117
654: 843,1189,544,799,732,826
655: 628,675,998,789
656: 518
657: 953,917,664,721,995
658: 1168
659: 
660: 1180,934,647
661: 980,758,837
662: 837
663: 1162,903,967,581,696,1072
664: 917,657,953
665: 670,1124,1046,626,1094,515
666: 849,922,1001,808,575
667: 899,1190,834,875,1057
668: 831,860,1185,798,916
669: 502,626,1094,1112,810,840,853
670: 665
671: 1194
672: 934,647,1193,624,872,550
673: 748,641
674: 1020,533,951
675: 974,655,701,791
676: 577,525,507,891
677: 689,1143
678: 528,1117,529,744,545,1101,584
679: 581,696,556,994,788
680: 692,1090,926,728
681: 730,911,904,1196,606
682: 721,995,985,1015,580
683: 739,699,1109,946,1071,1152
684: 771,902,1004,549
685: 693
686: 520
687: 559,521,942,979
688: 878,1065,950
689: 1143,677,1156,1076
690: 914,554,891,619,1064,722,719,918
691: 820,889,793
692: 680,1090,926,902,728
693: 685
694: 627,948,913,1014,1066
695: 571,523,954,760
696: 663,1162,967,581,1072,679,556
697: 1091,763,758,565
698: 870,558,1137,1140,1029,715,559
699: 1110,1195,739,1122
700: 
701: 675,1007,791
702: 859,867,1053,599,815,571,523
703: 827,504,1163,1000
704: 593,844,834
705: 754
706: 539,737,766,643,555,832,1054,978
707: 1026
708: 742,1147,987,1001,640
709: 822,889,910
710: 801,632,890,542,1173
711: 769,1118,817,987,748,641
712: 525,507,615
713: 1160,969
714: 823,967,1072,601,866
715: 1029,933,698
716: 1149,803,982
717: 981,945
718: 
719: 722,914,690
720: 1066
721: 657,953,995,985,682
722: 554,988,891,619,914,690,719
723: 1063,781,568
724: 602,943,1060
725: 542,1173,896,563
726: 538,603,930
727: 939,1049,630,540
728: 1097,680,692
729: 589,847,1116
730: 911,904,1196,681
731: 636,828,1078
732: 654,919,799,1068,826
733: 781,1063
734: 588,573,597,819,774,970,535
735: 1049
736: 912,1079
737: 539,706,766,643,555,832,1054,978
738: 510,840,1025,591,1030,845,506,534
739: 741,1110,699,1109,683
740: 1059
741: 992,839,772,1110,739
742: 708,1147,987,640,750
743: 782,532
744: 762,529,528,678,1117
745: 887,850,1047
746: 955,862,1035,589,1158,500,1044,1125
747: 579,796,1181,562
748: 641,711,673,897,1179
749: 963,1095,1027,1080
750: 742,1147,610,897,1168
751: 553,1092
752: 1175,1086
753: 757,783,1194
754: 705
755: 1163,1188,504,1089,1133,616
756: 930,1021,1067,801
757: 605
758: 1091,883,697,661,980
759: 596,1002
760: 954,695,644
761: 536,576,767,1077
762: 977,653,529,744
763: 540,697,565
764: 638,779
765: 813,996,1083
766: 643,539,706,737,555
767: 576,551,561,932,761
768: 854,894,1127,548,517,958,886
769: 711,1118,817,987,641
770: 888,522,1108
771: 684,902,549
772: 1110,1166,839,741,992
773: 925,794,609
774: 813,819,588,734,573,970,984
775: 1062,807,888,770
776: 553,887,1047,895
777: 939,1026,630,583,516
778: 838,1062,807
779: 764,518,1098,1009
780: 981,871,975
781: 733,723,1063
782: 743,600,532
783: 753
784: 856,1017
785: 865,569,1048,968,805
786: 
787: 1012,977
788: 620,679,556,994,1146
789: 998,655,628,825,791,1135,900
790: 
791: 675,789,701
792: 522,892,989
793: 820,691,505,1070,889
794: 823,601,773,925
795: 810,842,648,811,816
796: 1096,983,560,1181,747
797: 798
798: 1106,1185,668,797
799: 919,544,654,838,732
800: 530,933
801: 756,710,890
802: 530,606,546
803: 1149,716
804: 993,1199,1102
805: 968,785,569,1048
806: 1168,964,637
807: 1062,778,838,1138,775,888,858
808: 971,575,666,922,1001,1023,640,652,1188
809: 
810: 846,669,502,842,853,795
811: 648,795,1028,816
812: 1105,996,553,1092
813: 765,1083,819,774
814: 1195,617
815: 1053,599,956,859,702,571
816: 795,648,811,1028,869
817: 1118,915,876,711,769
818: 898,645,634
819: 813,597,774,578,588,734,573
820: 691,505,889,793
821: 1156,830,586
822: 709,1131,910
823: 714,601,866,794
824: 552
825: 932,574,998,789,1135,900
826: 1068,654,732
827: 703,1023,504,1000
828: 509,964,636,731,962,537,1176,1078
829: 1120,618,1012,614,547,894
830: 1156,821,986
831: 570,1164,860,1185,916,668
832: 1054,978,539,706,737,937,1099
833: 853,1030,845,506,534
834: 844,704,1088,875,899,667,1190
835: 990,1033,1038,927
836: 1016
837: 565,661,980,662,552
838: 544,778,919,799,1062,807
839: 1166,1177,741,992,772,1110
840: 1024,1112,669,502,591,510,738,1030,845,506
841: 533,951,623
842: 515,846,810,795
843: 1189,544,654
844: 704,834,1088
845: 1030,506,840,510,738,833,534
846: 515,810,842
847: 1116,729,589,608,1158,1178
848: 631,621,1128,903,940
849: 633,869,666
850: 745,589
851: 503,1069
852: 1003,1154,596,965
853: 669,502,810,1030,506,833
854: 894,1120,614,1127,768
855: 1102,1165,991,1161,1114
856: 1134,944,784
857: 1191,1107
858: 892,1062,807,1138,888,522
859: 702,938,956,1084,867,1053,815,1051,571
860: 1185,831,916,668
861: 1057
862: 955,1035,746,589,1158,1044
863: 512,999
864: 608,1178
865: 785,569
866: 1072,714,823,601,609,925
867: 1084,938,859,702,1051,571
868: 924
869: 816,849,633
870: 991,1161,585,1114,558,1137,698
871: 780,975,1087,1119,1132
872: 934,672,647,1193,550,1013
873: 1111,1104,1196,1192,1042
874: 1178,513,1010,1052,879
875: 834,899,667
876: 817,885,641
877: 1164,941,929,590
878: 688,986,1065,950
879: 1010,1052,874,904
880: 1045,997,989,532
881: 1008,650
882: 
883: 1091,758
884: 949,1051,592,644
885: 1150,876
886: 768,517,958,1006,1036,1085
887: 745,776,1047,1083
888: 1062,807,775,858,770,522
889: 820,691,793,709
890: 801,710
891: 619,676,554,988,1005,1064,722,914,690
892: 858,1062,1138,522,792,989
893: 1157,908
894: 854,829,1120,614,1127,768
895: 776,553,1092,1047,996,1083
896: 632,542,1173,1095,563,725,1027
897: 610,1179,748,1147,750
898: 580,818
899: 667,1190,834,875,1057
900: 998,789,825,932,1135,1189
901: 
902: 1090,692,684,771
903: 621,848,940,663,1162
904: 911,730,1010,1052,879,681
905: 527,1113,1031,928
906: 1098,1009,1053,599
907: 999,586,969
908: 893,1157
909: 1093,520,624,941
910: 822,709,1143,1156
911: 904,730,1010,681
912: 1079,736,1058,924
913: 1000,627,694,948,1014,1066
914: 690,554,988,891,619,1064,722,719,918
915: 1118,817
916: 1164,831,860,1185,668,514
917: 1004,549,664,657,953
918: 914,690
919: 799,544,838,732,1138
920: 1153
921: 1197,1186,992
922: 666,1001,808,575
923: 541,514,572,1011,963,566
924: 598,912,868
925: 773,866,794,609
926: 1090,680,692
927: 835,1038,626,1024,1112
928: 1031,1075,527,905,1113,602,976,943
929: 941,550,877,1164,1032,590
930: 1121,538,726,603,1021,756
931: 945,1167
932: 825,574,551,998,576,767,900
933: 800,715
934: 672,647,1180,660,1193,872
935: 966,1136,511,587
936: 
937: 832,1054,978,1025,1099
938: 531,956,1084,867,859
939: 727,1049,777,630,540
940: 621,848,1128,903,1162
941: 909,1193,624,550,929,877,1164
942: 559,521,687,979
943: 976,1031,928,602,982,724,1182
944: 1144,856
945: 717,931,1167
946: 1122,683,1071,1152
947: 625
948: 627,694,913,1000,1066
949: 884,592,644
950: 878,688,986,1065
951: 533,1121,674,841
952: 1015,580,634
953: 657,1004,917,664,721
954: 1051,571,695,760
955: 862,1035,746,1158,597,500,1044,1125,578
956: 938,859,815
957: 1100,1055,650,1174,649,1145
958: 517,768,980,886
959: 1171,1082,1074
960: 1124,1046
961: 1088,1069
962: 509,964,828,537,1176,1016
963: 1011,566,1032,519,923,749
964: 509,806,828,637,962,537,1176
965: 1115,852,596
966: 935,1136,535,511,587
967: 663,1162,696,1072,714
968: 805,785,569,1022,1048,974
969: 999,907,1160,713,1034
970: 774,588,734,573,984
971: 808,575,1001,1023,640,652,1188,504
972: 1198,1128
973: 505,1070
974: 968,675
975: 780,871,1132
976: 943,1031,928,602,982,1182
977: 1012,787,614,547,762,653
978: 832,1054,539,706,737,555,1025,591,937,1099
979: 942,687
980: 661,758,517,958,837
981: 780,717
982: 976,943,716,1182
983: 560,651,796,1181
984: 774,970
985: 721,995,682,642,1015
986: 830,878,950
987: 633,711,769,708,742,1147
988: 554,1005,891,619,722,914
989: 892,522,792,880,1045,532
990: 598,1033,835
991: 1161,1165,855,585,1114,870
992: 741,1197,839,921,772,1110
993: 1199,804,1102
994: 679,556,620,788,1146
995: 657,721,985,682
996: 1105,812,553,1092,895,765
997: 639,880,1045
998: 789,655,825,932,1135,900
999: 907,863,1160,969
1000: 913,827,703,627,948,1014,1066
1001: 666,922,808,971,575,708,640,652
1002: 759,618
1003: 852
1004: 549,684,917,953
1005: 554,988,891,619
1006: 1036,1085,517,886,1197
1007: 701
1008: 881
1009: 779,518,1098,906
1010: 1052,879,874,911,904
1011: 963,566,1032,590,572,519,923
1012: 618,787,829,1120,614,547,977
1013: 872,550,582,1032
1014: 913,1000,627,694,1066
1015: 985,682,642,580,952
1016: 962,537,1176,836
1017: 784
1018: 635,646
1019: 1034,586,605
1020: 674,623
1021: 1067,538,603,930,1073,756
1022: 1048,968
1023: 808,971,575,1188,504,827
1024: 927,643,1112,539,555,840
1025: 591,1054,978,510,738,937,1099
1026: 707,777
1027: 896,1095,749,1080
1028: 648,811,816
1029: 715,698,559,521
1030: 845,506,840,853,510,738,833,534
1031: 928,1075,905,1113,602,976,943
1032: 929,1013,590,519,1011,963,566
1033: 598,990,835
1034: 1019,586,969,605
1035: 955,862,746,597,1044,1125,578
1036: 1006,1085,886,1197
1037: 1129,1148,1155
1038: 835,927,626,1094
1039: 651,1151,560
1040: 1060,1086
1041: 642
1042: 1165,873,1111,1192,1102
1043: 541
1044: 500,1158,955,862,1035,746,1125,578,622
1045: 880,997,989
1046: 1124,960,665,1094,515
1047: 776,745,887,895,1083
1048: 1022,785,968,805
1049: 735,939,727
1050: 524
1051: 1084,867,859,884,954
1052: 1010,879,874,513,904
1053: 599,815,859,702,906
1054: 832,978,539,706,737,1025,591,937,1099
1055: 650,1100,957,1174,649,1145
1056: 564,1169
1057: 899,667,861
1058: 912,1079
1059: 740
1060: 724,1182,1040
1061: 570,557,1106
1062: 807,778,838,1138,775,888,892,858
1063: 723,733,781,568
1064: 891,619,914,690
1065: 878,688,950
1066: 913,1000,627,694,948,1014,720
1067: 1021,538,603,1073,756
1068: 826,732,639
1069: 1191,961,503,851,1088,1183
1070: 973,505,793
1071: 1152,1109,683,946
1072: 663,1162,967,696,714,866
1073: 538,603,1021,1067
1074: 1082,959,1134
1075: 1167,1031,928
1076: 689,1143,1156
1077: 576,536,761
1078: 828,636,731,1176,1129
1079: 912,736,1058
1080: 1095,749,1027
1081: 
1082: 1171,959,1074
1083: 887,1047,895,765,813
1084: 867,938,859,1051
1085: 1006,1036,517,886
1086: 752,1040
1087: 1119,1123,1184,871,1132,525
1088: 844,961,834,1191,1069,1190
1089: 755,1133
1090: 926,902,680,692
1091: 883,697,758
1092: 553,895,1105,996,812
1093: 909
1094: 626,1038,665,1046,515,669
1095: 896,749,1027,1080
1096: 983,560,796
1097: 728,1195
1098: 779,518,1009,906
1099: 832,1054,978,1025,591,937
1100: 957,1055,1174,649,1145,567
1101: 545,584,528,678,1177
1102: 804,1042,1165,855
1103: 1170,595
1104: 604,1196,873,1111,1192
1105: 996,812,1092
1106: 1061,1194,1185,798
1107: 857
1108: 770
1109: 739,683,1071,1152
1110: 772,1166,839,741,992,739,699
1111: 873,1104,1192,1042
1112: 927,626,1024,669,502,840
1113: 527,905,1031,928
1114: 855,991,1161,870,558,1137
1115: 965,596
1116: 847,729,589,608,1158,1178
1117: 528,678,653,529,744,548,545
1118: 817,915,711,769
1119: 1087,1123,1184,871,1132
1120: 829,618,1012,614,547,854,894,1127
1121: 533,951,930
1122: 617,1195,699,946
1123: 1087,1119,1132,577,525
1124: 960,665,1046
1125: 578,955,1035,746,597,500,1044,573,622
1126: 1142
1127: 1120,614,547,854,894,653,768,548
1128: 631,1198,848,972,940
1129: 1078,1037
1130: 594,1173,563
1131: 822,659
1132: 871,975,1087,1119,1123,525
1133: 1089,755,1163,616
1134: 856,1074
1135: 998,789,825,900,1189
1136: 966,935,535,511,587
1137: 558,1140,1114,870,698
1138: 919,1062,807,892,858
1139: 
1140: 558,1137,698,559
1141: 
1142: 1126
1143: 689,677,910,1156,1076
1144: 944,625
1145: 1055,1100,957,1174,649,567
1146: 994,620,788
1147: 708,742,987,897,750
1148: 531,1037
1149: 716,803
1150: 885
1151: 651,1039
1152: 1071,1109,683,946
1153: 920
1154: 852,596
1155: 1037
1156: 910,689,1143,1076,830,821
1157: 893,908
1158: 847,1116,955,862,746,1178,500,1044
1159: 508,574,551
1160: 999,969,713
1161: 991,1165,855,585,1114,870
1162: 663,903,940,967,696,1072
1163: 755,1188,504,703,1133,616
1164: 877,941,929,831,590,572,916
1165: 1042,1102,855,991,1161
1166: 839,1177,772,1110
1167: 945,931,1075
1168: 610,750,658,806
1169: 564,1056
1170: 1103,595
1171: 1082,959
1172: 1174,526,612
1173: 542,710,632,896,594,1130,563,725
1174: 649,1055,650,1100,957,1145,1172
1175: 752
1176: 537,509,964,828,636,962,1078,1016
1177: 1101,1166,839
1178: 608,847,1116,1158,864,874
1179: 610,897,748,641
1180: 660,934
1181: 983,796,747,579,562
1182: 602,976,943,982,1060
1183: 503,1191,1069
1184: 871,1087,1119,1123
1185: 860,557,1106,831,798,916,668
1186: 552,1197,921
1187: 
1188: 504,808,971,575,1023,652,755,1163
1189: 1135,900,843,654
1190: 899,667,834,1088
1191: 1069,503,1088,1183,857
1192: 1104,1196,873,1111,606,1042
1193: 624,934,672,647,941,872,550
1194: 753,1106,671
1195: 1097,699,617,1122,814
1196: 730,1104,681,873,1192
1197: 1006,1036,1186,921,992
1198: 631,1128,972
1199: 804
1202: 17,14,69,35,1229,1227,1228,1210,62,134,1,1208,30,5,1207,71,480,381
1203: 48,1238,1235,1209,1211,89,88,1236,1,1208,30,5,1207,1239,1237,1233,72,1234,29,15,106,140,232
1204: 6,74,168,26,64,82,61,56,9,3,83,8,2,1206,1221,68,31,1225,1223,1224,1219
1205: 10,85,37,7,51,1231,1230,92,1218,47,1216,63,49,1217,1226,73,1212,1214,45,16
1206: 1221,68,3,83,1204,6,74,8,2,31,42,1225,1223,1222,1224,1220,1219,41,37,7,51
1207: 1208,30,5,35,1229,1227,1202,17,62,134,1,71,480,381,1203,29,199
1208: 30,5,1207,35,1229,1228,1202,17,62,1,71,480,381,48,1203,1238,1235,29,199
1209: 1211,89,88,1236,63,25,21,0,35,1229,1227,1228,1210,16,1,70,1239,1237,1233,72,1234,1203,1238,1235
1210: 35,1229,1227,1228,38,14,69,25,21,0,1202,17,1209,1211,89,88,1,5
1211: 1209,89,88,1236,63,25,21,0,35,1229,1227,1228,1210,60,16,1,70,84,1239,1237,1233,72,1234,48,1203,1238,1235
1212: 1217,32,1226,1213,73,1215,40,55,1218,47,1216,10,85,1205,75,11,28,1214,45,54,97,58,59
1213: 1217,32,1226,73,1215,40,1212,55,1218,47,1216,10,85,75,11,28,1214,45,361,18,54,97,58,27,59
1214: 45,1218,47,1216,10,85,1205,63,1217,32,1226,1213,73,1215,40,1212,60,16,18,54,97,58,27,59,70,84
1215: 1217,32,1226,1213,73,40,1212,55,1218,47,1216,10,85,75,11,28,1214,45,361,18,54,97,58,27,59
1216: 1218,47,37,7,51,1231,55,10,85,1205,75,11,28,1217,32,1226,1213,73,1215,40,1212,1214,45
1217: 32,1226,1213,73,1215,40,1212,55,1218,47,1216,10,85,1205,75,11,28,1214,45,361,54,97,58,59
1218: 47,1216,37,7,51,1231,55,10,85,1205,75,11,28,1217,32,1226,1213,73,1215,40,1212,1214,45
1219: 31,42,1225,1223,1222,1224,1220,1204,74,8,66,78,1206,1221,68,23,37,7,51,1230,92
1220: 31,42,1225,1223,1222,1224,1219,74,8,66,78,1206,1221,68,23,37,7,51,1231,1232,1230,92,22
1221: 1206,68,3,83,1204,74,8,2,31,42,1225,1223,1222,1224,1220,1219,41,37,7,51
1222: 31,42,1225,1223,1224,1220,1219,74,8,66,78,1206,1221,68,23,37,7,51,1231,1232,1230,92,22
1223: 31,42,1225,1222,1224,1220,1219,1204,74,8,66,78,1206,1221,68,23,37,7,51,1230,92,22
1224: 31,42,1225,1223,1222,1220,1219,1204,6,74,8,66,78,1206,1221,68,23,37,7,51,92
1225: 31,42,1223,1222,1224,1220,1219,1204,74,8,66,78,1206,1221,68,23,37,7,51,1230,92,22
1226: 1217,32,1213,73,1215,40,1212,55,1218,47,1216,10,85,1205,75,11,28,1214,45,18,54,97,58,27,59
1227: 35,1229,1228,1210,38,14,69,25,21,0,1202,17,1209,1211,89,1,5,1207
1228: 35,1229,1227,1210,38,14,69,25,21,0,1202,17,1209,1211,89,88,1236,1,1208,5
1229: 35,1227,1228,1210,38,14,69,25,21,0,1202,17,1209,1211,89,88,1236,1,1208,30,5,1207
1230: 1232,92,99,22,31,42,1225,1223,1222,1220,1219,23,76,51,1231,38,10,85,1205,63,49,0
1231: 51,68,31,42,1222,1220,23,37,7,1232,1230,92,99,22,1218,1216,10,85,1205,63,49
1232: 1230,92,99,22,42,1222,1220,23,76,51,1231,38,10,85,63,49,21,0
1233: 1239,1237,72,1234,60,16,1209,1211,89,88,1236,1,70,84,48,1203,1238,1235,15,416,106,140
1234: 1239,1237,1233,72,60,16,1209,1211,89,88,1236,1,70,84,48,1203,1238,1235,15,416,140
1235: 48,1203,1238,1209,1211,89,88,1236,1,1208,5,1239,1237,1233,72,1234,29,15,140
1236: 1209,1211,89,88,63,25,0,1229,1228,60,16,1,70,84,1239,1237,1233,72,1234,48,1203,1238,1235
1237: 1239,1233,72,1234,60,16,1209,1211,89,88,1236,1,70,84,48,1203,1238,1235,15,416,106,140
1238: 48,1203,1235,1209,1211,89,88,1236,1,1208,1239,1237,1233,72,1234,29,15,416,106,140,232
1239: 1237,1233,72,1234,60,16,1209,1211,89,88,1236,1,70,84,48,1203,1238,1235,50,81,15,416,106,140