1574: 415,1605
543: 
1068: 1632,1656,1630,1655,1659,1653,1654,1657,1658,1640,1638,1627,1619,1624
1141: 1100
1543: 1349
566: 
949: 1663,1684
1581: 1562,559,430
1445: 1530
1701: 1671,2266,2364,2488,1700,2465,2040,2410
977: 2637,2613,2630,2658
1519: 1564,903,1450,1531,1476,1430
1373: 1467,1687,1668
1572: 973,1527,559
1394: 1379,1415,1365,597,1431,1346
535: 539,166,1015
1939: 2580,2223,2072,444,2021,2594
1459: 1525,985
2808: 2778,2801,2809,2824,2797,2915,2785,2855
583: 2031,1976,2165,2349
1619: 1640,1638,1627,1644,1624,1646,1632,1068,1630,1655,1659,1653,1657,1636,1645,1639
1376: 1501
900: 
1520: 1495
1337: 1690
500: 553,463
520: 1888,1737
1393: 1431,1426,1346,1461,1395
1602: 1532,931,584
1623: 1066,1618,1063,1065,1609,1083,1615,1053
562: 
509: 2441,2507
1174: 1062,965,1069,1620
822: 1487,2174,926,2148,2224,2498,2499,2455
947: 
563: 
985: 1525,1459
1450: 1531,1519,1564,903,1476,1430
2261: 2140,2091,2159,2282,2342,2110,2181,2258,2275,2338,2094,2089,2345,2339,2045,2281,2279,2139,2201,2337,2272,2280
1556: 1576,401,491
995: 2578,1913,2619
551: 2692,2722,932
1532: 1602,931,584
957: 
1540: 1499,1571,577
1687: 1668,1467,1373
961: 
495: 
1456: 1387
968: 431
1718: 1765
929: 
939: 
905: 
1461: 1431,1393,1426,1346,1395
552: 1521,1731
572: 2371,2525
1506: 1478
560: 
504: 
1479: 1554,959
61: 1460
539: 535
558: 
1527: 973,1572
1495: 1520
2145: 2198,916,580
922: 
589: 2495,2592,2449,2595,2627,2590
1874: 2489,1907,2540,1882,1830,2486,2504,1884,927
1600: 1789
598: 514
1202: 
1781: 506,1752,525
587: 
515: 1547,1580
1571: 1540,1499,577
569: 2061,2018,1998,2036,1995,2027,590
996: 993,1818
1823: 1940,2015,1972,1965,1974,1921,1941,1948,1864
1690: 1337
916: 2145,2198,2173,2358
1172: 153,1635,1617,1136
1605: 1574
591: 
926: 1487,822,2148,2498
1487: 2174,822,926,2148,2224,2498,2499,2455
1513: 1548,960
532: 
944: 
582: 2653
1295: 
948: 
1349: 1543
1064: 1088,908,1820,1858
588: 2168,2556,2481,2303,2482,2460,2458,1989,2459,2399,2479,2445,2233,2348,2443,2105
1253: 1278,1290
994: 
1518: 
1496: 1660,1424
2729: 2713,1820,1858,2727
593: 
1426: 1431,1393,1346,1461,1395
544: 
908: 1088,1064
1606: 1853,927,1736,1751
955: 
1346: 1431,1393,1426,1379,1394,1415,1365,1461,1395
906: 
1635: 153,1617,1136,1172
581: 
498: 
932: 2692,2722,2614,551
575: 2571,1882,1830
993: 996
1646: 1640,1638,1627,1619,1644,1624,1655,1636,1645,1639
531: 452
1395: 1431,1393,1426,1346,1461
2602: 2579,2021,2594,2563,2623,2255,1867,2189
513: 
1278: 1637,1253,1676,1650,1290
1387: 1456
2541: 1951,2528,2516,2559,1933,2560,2539,2709,2486,2504,1884,2708
1671: 1701,2266,853,1677,2364,2488,2464,1700,2462,2465,2040,2334,2454,2392,2262,2410
1458: 901,554,1397
506: 1781,1752,525
975: 
911: 980
555: 2871,2902,2869,2870,1603,1583
597: 1394
979: 
988: 
963: 
1684: 1663,949
538: 
951: 
1348: 1402,441
536: 2834,2881,2883,2761,2741,2895
592: 
1063: 1618,1065,1609,1083,1615,1612,1067,1069,1620,1066,1623
1562: 1581,559,430
2578: 1913,1867,2619,995
986: 487
559: 1572,1562,1581
586: 1629,1633,2641,2906,2593
903: 1519,1564,577,1450,1531,1476,1430
1589: 1732,912
596: 1537,1558
1670: 1743,1723,1698
557: 
580: 2145,2198,2173,2358
537: 
978: 
153: 1635,1617,1136,1172
980: 911
1974: 1921,2015,1972,1940,1823,1948,1864
568: 2090,2075,2170,2076,2115,2236,2043,2272
157: 1588
965: 1174,1062
2637: 2613,977,2658,2564,2609,2610
902: 
556: 
1503: 1404
1430: 1476,1519,1564,903,1450,1531,1379,1365
541: 
594: 
166: 535,1015
1708: 1746,2732
507: 1769,1771
700: 1662,1651,1637
1528: 1592,521
519: 1768
550: 1634,1631
1547: 1580,907,515
574: 
940: 576,1967,1936
1065: 1618,1063,1609,1083,1615,1612,1067,1069,1620,1066,1623
1837: 1783,1714
923: 
1062: 1174,965,1069,1620
1053: 1326,1268,1066,1623
901: 1458,1397
501: 2652,2604
1588: 157
992: 
1290: 1278,1253
534: 1955,1986,1917,1843,1910,1890
967: 
573: 
547: 
976: 
919: 
1415: 1379,1394,1365,1431,1346
1565: 1585
590: 2061,2018,569,524
2687: 2642,2614,2673,2675,2700,2721,2674,2694
1514: 1474
962: 1703,1720
927: 2489,1907,1874,2540,1606,1853,1915,2496,1736,1751
1578: 1388
584: 1454,1323,503,1602,1532
934: 
1531: 1450,1519,1564,903,1476,1430
953: 
1197: 1686,1664
973: 1527,1572
517: 
982: 
2811: 2900,2874,2898,2843,2926,2795,2766,2792,2810,2753,2886,2914,2879,2844,2918,2738,2913,2911,494,2813,2912,2822
924: 
1891: 1793,2572,2624
1424: 1672,1676,1650,1496,1660
990: 
578: 
1341: 1477
1149: 1184,461
1388: 1578
1502: 1536
914: 
1419: 1557
1693: 1707,1725,1754
2873: 2776,2741,2895,2894,2876,2916,2847,2882,2833,2925,2780,2832,2877,2831,2805,2854,2779,2829
925: 
1521: 1731,552
1100: 1141
2107: 2150,2185,2225,2251,2131,2247,2219,2288,2250,2252,2216,2246,2244,2283,2300,2312,2162,2256,2248,2129,2249,2159,2282,2253,2323,2163,2062,2138,2259,2182,2186,2188,1994,2184,2183,2187
941: 
1659: 1630,1655,1653,1654,1657,1658,1632,1068,1656,1640,1638,1627,1619,1624,1639
912: 1589,1732
950: 
943: 
1443: 1598
2753: 2792,2810,2794,2795,2766,2884,2920,2886,2914,2844,2811,2900,2874,2898,2843,2926,2918,2738
2540: 2489,1907,1874,1882,1830,2486,1884,927
1551: 1414
1404: 1503
579: 
2768: 2838,2533,2836,2756,2820,2750,2909,2841,2842,2840,2794,2819,2798,2795,2766,2792
508: 
920: 
1379: 1394,1415,1365,1476,1430,1431,1346
599: 
1580: 1547,907,515
514: 2593,2641,2906,598
1476: 1430,577,1519,1564,903,1450,1531,1379,1365
971: 
972: 529
1557: 1419
1583: 1603,1953,2869,2870,2865,2867,2866,2871,2902,555
1585: 1565
1402: 1348,441
1576: 1556,401,491
2657: 2682,2683,2630,2658,2612,2675,2700
1526: 1561,2286,2442,2565
2281: 2279,2139,2201,2337,2181,2258,2338,2094,2089,2345,2339,2193,2002,2277,2261,2140,2196,2191,2237,2132,2272,2280,2260,2199
512: 2329,2197,2237,2132,2260,2199,2097,2161
942: 
571: 1967,1936
1478: 1506
1501: 1376
1563: 
928: 
1499: 1540,1571,577
567: 
528: 
909: 516
1467: 1373,1687,1668
524: 590,2033,2059
998: 
853: 1677,2364,2377,2476,2475,2523,2512,2427,2488,2464,1700,915,2465,1671
585: 
523: 
1525: 1459,985
915: 2433,2152,2429,2480,2477,2377,2476,2475,2523,2512,2427,853,1677,2364,2157,2379,2465,2040,2265,2416,2365,2378,2267,2392,2330
2822: 2912,2811,2900,2874,2898,2843,2926,2918,2738,2913,2911,2788,2813,2823,2755
533: 403
959: 1479,1554
913: 
530: 
496: 
1088: 1064,908,1820,1858
522: 
958: 
553: 500
1474: 1514
1365: 1379,1394,1415,1476,1430,1431,1346
1530: 1445
510: 937
542: 
960: 1548,1513
984: 1722
952: 482
595: 561
1561: 1526,2286,2442,2565
505: 
521: 1528,1592
999: 449
2589: 2625,2557,2849,2907,2890
518: 
1680: 1648,1754,1686,1664
502: 1965,1992,2073,1941
956: 
1414: 1551
933: 1844,1877,1766,1836
904: 
1015: 535,166
1066: 1623,1618,1063,1065,1609,1083,1615,1053
549: 
991: 2116,1985
1268: 1326,1053
1454: 1323,2669,503,931,584
2801: 2778,2809,2808,2824,2797,2915,2785,2855
554: 1397,1458
497: 
1536: 1502
548: 
526: 
989: 
1069: 1620,1174,1062,1612,1067,1063,1065,1609,1083,1615
1601: 1590
545: 1846,442,1729
576: 940,1967,1936
945: 2661,2633,2663,2614
2730: 2678,527,2699,1634
981: 930,1797,1772,1802,1760,1729
946: 1963,1942
516: 909,917
1637: 700,1278
1161: 
570: 
1985: 2116,991
1592: 1528,521
918: 
1184: 1149,461
1714: 1694,1837,1783
1323: 1454,2669,503,931,584
1686: 1197,1664,1680,1648
1243: 
499: 
1460: 61
1732: 1589,912
938: 1689
966: 2104,2227,2229,2050,2087,2095,2570
1700: 2488,2464,853,1677,2364,2462,2465,2040,1701,1671,2266,2334,2454
937: 510
1477: 1341
921: 
1698: 1743,1670,1723
1326: 1268,1053
540: 2441,2507
997: 
503: 1454,1323,584
917: 516
1766: 933,1836
1537: 1558,596
546: 
1067: 1612,492,1069,1620,1618,1063,1065,1609,1083,1615
970: 983
1603: 1583,1953,2869,2870,2865,2867,2866,2871,2902,555
2233: 2445,2348,2443,2168,588,2399,2105,2385,2383,2384,2166
1668: 1687,1467,1373
1719: 1763
1431: 1393,1426,1346,1379,1394,1415,1365,1461,1395
931: 1454,1323,2672,2575,1602,1532
565: 
529: 972
2852: 2802,2806,2863,2862,2804,2887,2467,2514,2777,2853,2848,2597,2746,2803,2851,2587,2469,2588
561: 595
1624: 1640,1638,1627,1619,1644,1646,1632,1068,1630,1655,1659,1653,1654,1657,1658,1636,1645,1639
964: 
2033: 524,2006,2059
2877: 2780,2832,2831,2845,2894,2876,2916,2873,2776,2847,2882,2910,2833,2925,2805,2854,2779,2829,2905,2885,2896,2892,2888,2878,2828,2758,2837,2533,2836
954: 
1575: 1642,1641,1643
1590: 1601
2104: 2164,2103,2232,2210,2143,2228,2038,2227,2229,2050,2087,966
1558: 1537,596
1548: 1513,960
564: 439
511: 
1788: 1870,1841,1863,1807,1970
969: 
527: 2728,2731,2710,2699,2678,2730
1136: 153,1635,1617,1172
1554: 1479,959
987: 
935: 
1397: 554,1458,901
1083: 1618,1063,1065,1609,1615,1612,1067,1069,1620,1066,1623
974: 
907: 1547,1580
1598: 1443
930: 981,1802,1846,1729,452
577: 1540,1499,1571,903,1476
983: 970
525: 1781,506,1752,409
1984: 1855
1564: 1519,903,1450,1531,1476,1430
910: 
936: 
400: 
401: 1576,1556
402: 
403: 533
404: 
405: 
406: 2736,2684
407: 
408: 
409: 525
410: 
411: 
412: 483
413: 
414: 
415: 1574
416: 
417: 
418: 
419: 
420: 
421: 
422: 2695,2725
423: 
424: 
425: 
426: 
427: 462
428: 
429: 
430: 1562,1581
431: 968
432: 2586,2123
433: 
434: 
435: 
436: 
437: 
438: 
439: 564
440: 
441: 1348,1402
442: 1846,545,1729
443: 
444: 2223,2072,2580,1939
445: 
446: 
447: 
448: 
449: 999
450: 2468,2566
451: 1832,1768
452: 531,930,1729
453: 
454: 
455: 2448,2446,2447,2209
456: 
457: 
458: 
459: 2707,2762
460: 
461: 1184,1149
462: 427
463: 500
464: 
465: 
466: 
467: 
468: 
469: 
470: 
471: 
472: 2534,2568
473: 
474: 
475: 
476: 
477: 
478: 
479: 
480: 
481: 
482: 952
483: 412
484: 
485: 2519,2287
486: 2744,2807,2796,2557,2849,2907,2890,2743,2789
487: 986
488: 
489: 
490: 
491: 1576,1556
492: 1612,1067
493: 
494: 2737,2922,2891,2886,2914,2879,2844,2811,2900,2874,2898,2843,2926,2813
1609: 1618,1063,1065,1083,1615,1612,1067,1069,1620,1066,1623
2725: 2695,422
1676: 1650,1278,1424,1672
1612: 1067,492,1069,1620,1618,1063,1065,1609,1083,1615
1721: 1695
1672: 1424,1676,1650
1615: 1618,1063,1065,1609,1083,1612,1067,1069,1620,1066,1623
1729: 1797,1772,1802,1846,545,442,930,981,452
1617: 153,1635,1136,1172
1618: 1063,1065,1609,1083,1615,1612,1067,1066,1623
1620: 1069,1174,1062,1612,1067,1063,1065,1609,1083,1615
1627: 1640,1638,1619,1644,1624,1646,1632,1068,1655,1659,1653,1657,1636,1645,1639
1636: 1645,1640,1638,1627,1619,1644,1624,1646,1639
1629: 1633,2711,2701,2706,1750,586
1630: 1655,1659,1653,1654,1657,1658,1632,1068,1656,1640,1638,1619,1624,1639
1631: 1634,550
1632: 1068,1656,1630,1655,1659,1653,1654,1657,1658,1640,1638,1627,1619,1624
1633: 1629,2711,2701,2706,1750,586
1634: 2699,2678,2730,550,1631
1638: 1640,1627,1619,1644,1624,1646,1632,1068,1630,1655,1659,1653,1654,1657,1658,1636,1645,1639
1639: 1630,1655,1659,1653,1654,1657,1658,1640,1638,1627,1619,1644,1624,1646,1636,1645
1640: 1638,1627,1619,1644,1624,1646,1632,1068,1630,1655,1659,1653,1654,1657,1658,1636,1645,1639
1641: 1643,1575,1642
1642: 1575,1641,1643
1643: 1641,1575,1642
1644: 1640,1638,1627,1619,1624,1646,1655,1636,1645,1639
1645: 1636,1640,1638,1627,1619,1644,1624,1646,1639
1685: 
1648: 1680,1754,1686,1664
1696: 1679
1650: 1676,1278,1424,1672
1651: 1662,700
1677: 853,2364,2377,2476,2475,2523,2512,2427,2488,2464,1700,915,2465,1671
1653: 1630,1655,1659,1654,1657,1658,1632,1068,1656,1640,1638,1627,1619,1624,1639
1654: 1630,1655,1659,1653,1657,1658,1632,1068,1656,1640,1638,1624,1639
1655: 1630,1659,1653,1654,1657,1658,1632,1068,1656,1640,1638,1627,1619,1644,1624,1646,1639
1656: 1632,1068,1630,1655,1659,1653,1654,1657,1658
1657: 1630,1655,1659,1653,1654,1658,1632,1068,1656,1640,1638,1627,1619,1624,1639
1658: 1630,1655,1659,1653,1654,1657,1632,1068,1656,1640,1638,1624,1639
1660: 1496,1424
1720: 1703,962
1662: 1651,700
1663: 1684,949
1664: 1197,1686,1680,1648
1665: 1702
1679: 1696
2823: 2755,2918,2738,2913,2911,2788,2912,2822
1689: 1817,938
2760: 2775,2847,2882,2805,2854,2779,2817,2791,2757,2771
1797: 1772,1802,1760,981,1729
2851: 2746,2803,2872,2852,2802,2597,2587,2469,2588,2818,2783,2860,2859,2861,2835,2767
1694: 1714
1695: 1721
1697: 1787,2070,2336
1702: 1665
1703: 1720,962
1982: 2147,2077,2135,2120,2205,2142,2112,2122,2169,2177,2130,2143,2144,2093,2160,2228,2038,2137,2114,2113,2134
1767: 1779
2612: 2630,2658,2682,2683,2657,2611,2704
1707: 1693,1725,1754
1731: 1521,552
1730: 1834,1870,1841,1970
2728: 527,2731,2710,2699,2678
2701: 2711,1629,1633,2706,1750
1717: 1796,1915,2496,2572,2624
1722: 984,1745
1723: 1743,1670,1698
1725: 1707,1693,1754
1841: 1870,1730,1834,1863,1807,1970,1788
1728: 2607,2677,1792,1756,1819
1807: 1863,1870,1841,1970,1788
1772: 1797,1802,1760,1846,981,1729
1736: 1751,927,1606,1853,1776,1960
1737: 1888,520
1830: 1882,575,2486,2504,1884,2708,2489,1907,1874,2540
1765: 1718
1740: 1798,1988,1791
1743: 1670,1723,1698
1778: 1847
1745: 1722
1746: 1708,2732
1796: 1717,1915,2496,2572,2624
1858: 1820,1088,1064,2729
2312: 2246,2244,2283,2300,2331,2214,2311,2299,2024,2351,2219,2288,2250,2252,2216,2240,2347,2107,2150,2185,2159,2282,2253,2323,2110
1750: 2706,1629,1633,2711,2701
1751: 1736,927,1606,1853,1776,1960
1752: 1781,506,525
2132: 2196,2191,2237,2338,2094,2339,2193,2002,2277,2405,2281,2279,2139,2201,2337,2335,2271,2066,2395,2280,2260,2199,2097,2329,2197,512
1754: 1680,1648,1707,1693,1725
2321: 2319,2341,2420,2156,2322,2314,2432,2403,2415,2356,2357,2158,2352,2414,2355,2310,2419,2265,2365,2055,2400,2313,2178,2315,2309,2308,2016,2154,2238,2318,2316,2180,2317,2226,2155,2353,1961,2235,2225
1756: 1819,1776,1960,1792,1728
2764: 2839,2818,2747,2773,2597,2872,2745,2793,2783,2860,2767,2744,2807
1760: 1797,1772,1802,981
1917: 1919,1843,1864,1922,1955,534,1986,1910,1890
1763: 1719
1825: 
1768: 1832,451,519
1769: 1776,1960,1771,1819,507
2742: 2772,2586,2123,2468,2566,2864
1771: 1776,1960,1769,507
1773: 2350
1775: 1898
1776: 1960,1769,1736,1751,1771,1756,1819
1779: 1767
2163: 2062,2138,2259,2122,2169,2177,2130,2162,2256,2248,2129,2249,2107,2150,2185,2144,2093,2160,2182,2186,2188,2037,2092,2133,2170,2127
1783: 1837,1714
1785: 1928
2046: 2386,2324,2241,2408,2293,2411,2439,2292,2424,2044,2243,2423,2425,2242,2344,2381,2245
1787: 1697
1789: 1600
2706: 1750,1629,1633,2711,2701
1791: 1798,1740,1988,1928
1792: 2607,2677,1728,1756,1819
1793: 1891,2572,2624
1798: 1740,1988,1791
2076: 2115,2182,2186,1994,2184,2204,2183,2045,2187,2140,2091,2170,2236,2043,2272,2090,2075,568
1802: 1797,1772,1760,1846,930,981,1729
1803: 1876,1844,1877
2732: 2727,1746,1708
1890: 1910,1917,1843,1955,534,1986
2080: 2108,2049,2113,2134,2037,2092,2133,2054,2052,2029,2065
1867: 2563,2623,2579,2602,2255,1886,2189,1991,2578,1913
2722: 2692,2614,2673,551,932,2721,2674
2818: 2839,2764,2747,2773,2597,2746,2803,2851,2872,2783,2860,2859,2861,2835,2767,2807,2796
1844: 1877,1803,1876,933,1836
1973: 2053,1947
1817: 1689
1818: 1978,996
1819: 1756,1776,1960,1769,1792,1728
1820: 1858,1088,1064,2729
2678: 2730,2728,527,2699,1634
1919: 1917,1843,1948,1864,1922
2143: 2167,2120,2142,2103,2232,2210,2147,2077,2135,1982,2104,2164,2228,2038,2227,2229,2137,2114
2255: 2021,2594,2579,2602,1867,1886,2189,1991
1988: 1798,1740,1791,1928
2042: 2098,2003,2141
1832: 1768,451
2544: 2441,2507,2382,2404,2340,2437,2195,2435,2451
1834: 1730,1870,1841,1970
1836: 1844,1877,933,1766
2619: 2578,1913,995
2580: 1939,2223,2072,444,2021,2594
2604: 2652,501
1843: 1919,1917,1922,1955,534,1986,1910,1890
1936: 1967,571,940,576
1846: 545,1772,1802,442,930,1729
1847: 1778
2700: 2675,2661,2663,2683,2657,2614,2673,2721,2674,2687,2642,2694
2707: 2762,459
1853: 1606,927,1736,1751
1855: 1984
2133: 2037,2092,2144,2093,2160,2163,2062,2138,2259,2188,2113,2134,2170,2127,2054,2108,2049,2080
2791: 2817,2847,2775,2760,2805,2854,2779,2829,2846,2757,2787,2771,2838,2533,2836,2756,2820,2750
1863: 1807,1870,1841,1970,1788
1864: 1948,1922,1940,1823,1974,1921,1919,1917
2715: 2734,2735
1987: 2030,1966,2003,1995
2127: 2170,2163,2062,2138,2259,2182,2186,2188,1994,2184,2204,2183,2045,2187,2037,2092,2133,2115
1870: 1841,1730,1834,1863,1807,1970,1788
2723: 2664
2796: 2818,2783,2860,2859,2861,2835,2767,2744,2807,2591,486,2557,2849,2907,2890
2002: 2193,2277,2437,2338,2094,2089,2345,2339,2332,2391,2405,2281,2279,2139,2201,2337,2196,2191,2237,2132,2335,2271,2066,2395
2878: 2892,2888,2828,2758,2837,2910,2780,2832,2877,2779,2829,2846,2905,2885,2896,2838,2533,2836,2756,2897,2903,2770,2875,2825,2827,2901,2921,2923,2909,2841,2842,2840
1876: 1803,1844,1877
1877: 1844,1803,1876,933,1836
2615: 2659,2096,2290,2563,2623
1882: 1830,575,2486,2504,1884,2708,2489,1907,1874,2540
1883: 1979,1992
1884: 2486,2504,2708,1951,2541,1882,1830,1933,2560,2489,1907,1874,2540,2501
1886: 2189,1991,2255,1867,1913
1887: 1912,1965,1941
1888: 1737,520
1951: 2541,2528,2516,2559,1933,2560,2539,2709,2486,2504,1884,2708
2533: 2838,2836,2756,2780,2832,2877,2831,2805,2854,2779,2829,2846,2817,2791,2892,2888,2878,2828,2758,2837,2875,2825,2827,2901,2923,2909,2841,2842,2840,2768
2694: 2675,2700,2687,2642
2684: 2736,406
1948: 1864,1922,1940,1823,1974,1921,1919
1970: 1730,1834,1870,1841,1863,1807,1788
1898: 1775
2653: 2151,582
2222: 2524,2466,2434,2530,2402,2484,2548,2487,2429,2480,2477,2456,2485,2431,2179,2461,2417
2311: 2299,2024,2374,2267,2333,2218,2330,2394,2262,2409,2263,2331,2214,2044,2215,2325,2351,2243,2219,2288,2250,2252,2216,2246,2244,2283,2300,2312,2240,2347
2711: 2701,1629,1633,2706,1750
2695: 2725,422
2522: 2547,2430,2471,2555,2483,2484,2548,2303,2482,2460,2458,1989,2459,2306
1907: 2489,1874,2540,1882,1830,2486,2504,1884,2708,927
2689: 2630,2658,2564,2609,2610,2611,2646,2704
1910: 1890,1917,1843,1955,534,1986
2660: 2576,2690
1912: 1887,1965,1941
1913: 2578,1867,1886,2189,1991,2619,995
2709: 1933,2560,2539,1951,2541,2504,2708,2501
1915: 2496,927,1717,1796
2400: 2055,2313,2178,2315,2307,2301,2305,2432,2403,2415,2356,2357,2158,2352,2414,2355,2310,2419,2389,2304,2367,2320,2406,2319,2341,2420,2156,2322,2321,2314,2231,2346,2318,2316,2180,2317,2226,2155,1961
1921: 1974,2015,1972,1940,1823,1948,1864
1922: 1948,1864,1919,1917,1843
2034: 2101
1989: 2460,2458,2459,2555,2430,2471,2522,2303,2482,2306,2431,588,2399,2479,2307,2301,2305
1950: 2067,2020,1999
2061: 2018,569,1998,2036,1995,2027,590
1928: 1785,1988,1791
1972: 2015,1963,1942,1940,1823,1974,1921
2559: 2516,2528,1951,2541,2648,1933,2560,2539,2501
2864: 2772,2742,2586,2123,2908,2815,2806,2863,2862,2804,2887
2031: 1976,583,2366,2211,2207,2213,2426,2165,2349
1933: 2560,2539,2709,1951,2541,2516,2559,2486,2504,1884,2708,2501
2588: 2587,2469,2852,2802,2746,2803,2851,2872,2574,2783,2860,2859,2861,2835,2767
2090: 2075,568,2076,2115,2030,1966,2065
1940: 1823,2015,1972,1965,1974,1921,1941,1948,1864
1941: 502,1965,1940,1823,1887,1912
1942: 1963,946,2015,1972
1995: 2036,2027,1987,2061,2018,569,1998
2125: 2542
2770: 2897,2826,2903,2924,2830,2905,2885,2896,2892,2888,2878,2828,2758,2837,2875,2825,2827,2901,2921,2923,2752,2927,2893,2899,2919,2857
1947: 2053,1973
1953: 2869,2870,2865,2867,2866,2917,2868,2871,2902,1603,1583
2113: 2134,2147,2077,2135,1982,2144,2093,2160,2137,2114,2037,2092,2133,2121,2099,2054,2108,2049,2080
1955: 534,1986,1917,1843,1910,1890
2674: 2721,2692,2722,2614,2673,2675,2700,2687,2642
2147: 2077,2135,1982,2202,2120,2142,2278,2122,2169,2143,2144,2093,2160,2228,2038,2227,2229,2137,2114,2113,2134
1960: 1776,1769,1736,1751,1771,1756,1819
1961: 2226,2155,2353,2235,2055,2400,2313,2178,2315,2319,2341,2156,2321,2314,2154,2238,2318,2316,2180,2317,2225,2247,2205,2142,2278,2112,2122,2169,2177,2130,2248,2129
2901: 2875,2825,2827,2921,2923,2905,2896,2888,2878,2837,2838,2533,2836,2897,2826,2903,2770,2924,2909,2841,2842,2840,2752,2927,2893,2899,2919,2857,2819,2798
1963: 1942,946,2015,1972
1986: 1955,534,1917,1843,1910,1890
1965: 502,1940,1823,1887,1912,1941
1966: 2030,2011,2065,2108,2049,2090,2075,1987
1967: 1936,571,940,576
1976: 2031,583,2366,2211,2207,2213,2426,2165,2349
1977: 2039
1978: 1818
1979: 1883,1992
1991: 1886,2189,2255,1867,1913
1992: 1979,1883,2073,502
2020: 1999,2067,1950,2006,2059,2068
1994: 2184,2204,2183,2045,2187,2107,2150,2185,2159,2282,2253,2323,2181,2258,2182,2186,2188,2091,2170,2127,2076,2115,2272
1998: 2061,2018,569,2036,1995,2027
1999: 2020,2067,1950,2006,2059,2068
2055: 2400,2313,2178,2315,2307,2301,2305,2432,2403,2415,2356,2357,2158,2352,2414,2355,2310,2419,2389,2304,2367,2320,2406,2319,2341,2420,2156,2322,2321,2314,2231,2318,2316,2180,2317,2226,2155,1961
2030: 1966,2011,2065,2049,2090,2075,1987
2003: 2042,2098,1987,2141,2074
2004: 2057
2108: 2049,2080,2113,2134,2037,2092,2133,2054,1966,2011,2065
2006: 2059,2020,1999,2033,2068
2708: 2486,2504,1884,1951,2541,1882,1830,1933,2560,2539,2709,2489,1907,2501
2162: 2256,2248,2129,2249,2235,2225,2251,2131,2247,2250,2252,2122,2169,2177,2130,2107,2150,2185,2144,2093,2160,2163,2062,2138,2259,2182,2186,2188
2105: 2168,588,2399,2479,2307,2301,2305,2233,2348,2443,2389,2304,2367,2320,2406,2385,2383,2384,2166,2208,2231,2346,2359
2026: 2119
2011: 2030,1966,2065,2108,2049
2347: 2240,2311,2299,2024,2374,2044,2215,2325,2351,2243,2324,2241,2408,2246,2244,2283,2300,2312,2344,2381,2245,2159,2282,2253,2110,2181,2258,2275,2338,2094,2089,2345
2591: 2783,2860,2859,2861,2835,2767,2796,2557,2849,2907,2890
2015: 1972,1963,1942,1940,1823,1974,1921
2016: 2309,2308,2154,2238,2357,2355,2310,2419,2265,2416,2365,2378,2267,2333,2218,2330,2319,2341,2420,2156,2322,2321,2331,2214,2226,2155,2235,2225,2251,2131,2219,2288,2250,2252
2018: 2061,569,1998,2036,1995,2027,590
2611: 2682,2612,2689,2646,2704
2021: 2594,2580,1939,2563,2623,2579,2602,2255
2057: 2004
2795: 2766,2909,2841,2840,2768,2794,2819,2798,2792,2810,2753,2737,2922,2891,2886,2914,2879,2844,2811,2900,2874,2898,2843,2926
2024: 2311,2299,2374,2267,2333,2218,2394,2262,2409,2263,2331,2214,2044,2215,2325,2351,2243,2219,2288,2250,2252,2216,2246,2244,2283,2300,2312,2240,2347
2027: 2036,1995,2061,2018,569,1998
2146: 2274
2029: 2052,2121,2099,2054,2049,2080
2442: 2286,2224,1561,1526,2565
2036: 1995,2027,2061,2018,569,1998
2037: 2092,2133,2093,2160,2163,2062,2138,2259,2186,2188,2113,2134,2170,2127,2054,2108,2049,2080
2038: 2228,2227,2229,2210,2143,2147,2077,2135,1982,2104,2164,2137,2114,2121,2099
2039: 1977
2040: 2465,2364,2488,1700,915,1701,1671,2266,2265,2416,2365,2267,2333,2392,2218,2330,2394,2262,2409,2263,2410
2699: 2728,527,2678,2730,1634
2043: 2236,2272,2204,2045,2140,2091,2139,2201,2076,2115,2280,568
2044: 2215,2325,2351,2243,2394,2262,2409,2293,2411,2439,2292,2311,2299,2024,2374,2386,2324,2241,2046,2408,2246,2244,2283,2300,2240,2347,2344,2381,2245
2045: 1994,2184,2204,2183,2187,2185,2159,2282,2323,2181,2258,2182,2186,2188,2261,2140,2091,2170,2127,2076,2115,2236,2043,2272
2716: 
2346: 2270,2208,2231,2359,2105,2389,2304,2367,2320,2406,2400,2313,2315,2385,2383,2384,2166,2318,2316,2180,2317,2167,2202,2190,2278
2049: 2108,2080,2113,2134,2037,2092,2133,2054,2052,2029,2030,1966,2011,2065
2050: 2087,2104,2164,966
2232: 2103,2210,2211,2207,2213,2167,2190,2120,2143,2104,2164
2052: 2029,2121,2099,2054,2049,2080
2053: 1973,1947
2054: 2137,2114,2113,2134,2037,2092,2133,2121,2099,2108,2049,2080,2052,2029
2059: 2006,524,2020,1999,2033,2068
2190: 2202,2120,2385,2383,2384,2166,2270,2208,2231,2346,2359,2318,2316,2180,2317,2167,2205,2142,2278,2112,2103,2232
2062: 2163,2138,2259,2122,2169,2177,2130,2162,2256,2248,2129,2249,2107,2144,2093,2160,2186,2188,2037,2133,2127
2809: 2778,2801,2808,2824,2797,2915,2850,2785,2855
2065: 2030,1966,2011,2108,2049,2080,2090,2075
2066: 2335,2271,2395,2193,2002,2277,2332,2391,2405,2422,2474,2196,2191,2237,2132,2529,2428,2329,2197
2067: 1950,2020,1999
2068: 2020,1999,2006,2059
2820: 2750,2846,2817,2791,2757,2787,2771,2838,2756,2842,2840,2768,2794
2070: 2336,1697
2575: 2672,931
2072: 2223,444,2580,1939
2073: 1992,502
2074: 2003,2141
2075: 2090,568,2076,2115,2030,1966,2065
2077: 2147,2135,1982,2120,2142,2122,2169,2143,2144,2160,2228,2038,2227,2229,2137,2114,2113,2134
2144: 2093,2160,2205,2142,2278,2112,2122,2169,2177,2130,2162,2256,2248,2129,2147,2077,2135,1982,2163,2062,2138,2259,2113,2134,2133
2103: 2232,2210,2211,2207,2213,2167,2190,2120,2143,2104,2164
2087: 2050,2104,2164,966
2521: 2370
2089: 2338,2094,2345,2339,2347,2344,2381,2245,2110,2275,2193,2002,2277,2261,2281,2279,2337,2196,2191,2237
2091: 2261,2140,2159,2282,2181,2258,1994,2184,2204,2183,2045,2187,2279,2139,2201,2337,2076,2115,2236,2043,2272
2092: 2037,2133,2093,2160,2163,2138,2259,2188,2113,2134,2170,2127,2054,2108,2049,2080
2093: 2144,2160,2122,2169,2177,2130,2162,2256,2147,2135,1982,2163,2062,2138,2259,2137,2113,2134,2037,2092,2133
2094: 2338,2089,2345,2339,2240,2347,2344,2381,2245,2342,2110,2181,2258,2275,2193,2002,2277,2261,2140,2281,2279,2139,2201,2337,2196,2191,2237,2132
2095: 2570,966
2096: 2290,2659,2615
2097: 2260,2199,2139,2237,2132,2335,2271,2280,2329,2197,512,2161
2098: 2042,2003
2099: 2121,2228,2038,2227,2229,2137,2114,2113,2134,2054,2052,2029
2101: 2034
2641: 2906,586,514,2593
2202: 2190,2120,2270,2208,2231,2346,2359,2318,2316,2180,2317,2167,2205,2142,2278,2112,2147,2135
2110: 2342,2181,2258,2275,2246,2244,2283,2300,2312,2240,2347,2381,2245,2159,2282,2253,2323,2338,2094,2089,2345,2339,2261,2337
2201: 2281,2279,2139,2337,2181,2258,2338,2094,2339,2193,2002,2261,2140,2091,2196,2191,2237,2132,2236,2043,2272,2280
2112: 2205,2142,2278,2270,2318,2316,2180,2317,2226,2155,2353,1961,2235,2202,2190,2120,2122,2169,2177,2130,2135,1982,2144
2114: 2137,2143,2147,2077,2135,1982,2160,2228,2038,2227,2229,2113,2134,2121,2099,2054
2115: 2076,2182,2186,2188,1994,2184,2204,2183,2045,2187,2140,2091,2170,2127,2236,2043,2272,2090,2075,568
2116: 1985,991
2117: 2206
2119: 2026
2120: 2202,2190,2270,2208,2318,2316,2180,2317,2167,2205,2142,2278,2112,2103,2232,2143,2147,2077,2135,1982
2121: 2099,2228,2038,2227,2229,2137,2114,2113,2134,2054,2052,2029
2122: 2169,2177,2130,2318,2316,2180,2317,2353,1961,2235,2205,2142,2278,2112,2162,2256,2248,2129,2147,2077,2135,1982,2144,2093,2160,2163,2062
2123: 2586,2772,2742,432,2864,2908,2815
2238: 2309,2308,2016,2154,2357,2310,2419,2265,2365,2218,2330,2319,2341,2420,2156,2322,2321,2314,2331,2214,2226,2155,2353,1961,2235,2225,2251,2131,2247,2219,2288,2250,2252,2216
2129: 2162,2256,2248,2249,2226,2155,2353,1961,2235,2225,2251,2131,2247,2219,2288,2250,2252,2122,2169,2177,2130,2107,2150,2144,2163,2062,2138,2259
2130: 2122,2169,2177,2155,2353,1961,2235,2225,2131,2247,2205,2142,2112,2162,2256,2248,2129,2249,2135,1982,2144,2093,2160,2163,2062,2138,2259
2131: 2225,2251,2247,2341,2309,2308,2016,2154,2238,2331,2214,2226,2155,2235,2219,2288,2250,2252,2216,2177,2130,2162,2256,2248,2129,2249,2107,2150
2134: 2113,2147,2077,2135,1982,2144,2093,2160,2137,2114,2037,2092,2133,2121,2099,2054,2108,2049,2080
2135: 2147,2077,1982,2202,2120,2205,2142,2278,2112,2122,2169,2177,2130,2143,2144,2093,2160,2228,2038,2137,2114,2113,2134
2258: 2342,2110,2181,2275,2246,2244,2283,2240,2347,2381,2245,2159,2282,2253,2323,2338,2094,2345,2339,1994,2184,2204,2183,2045,2261,2140,2091,2281,2279,2139,2201,2337
2137: 2114,2143,2147,2077,2135,1982,2093,2160,2228,2038,2227,2229,2113,2134,2121,2099,2054
2138: 2163,2062,2259,2130,2162,2256,2248,2129,2249,2107,2150,2185,2144,2093,2160,2182,2186,2188,2037,2092,2133,2170,2127
2139: 2281,2279,2201,2337,2258,2338,2094,2339,2193,2002,2261,2140,2091,2196,2191,2237,2132,2236,2043,2272,2280,2260,2199,2097
2140: 2261,2091,2181,2258,2338,2094,2339,2204,2045,2281,2279,2139,2201,2337,2076,2115,2236,2043,2272,2280
2141: 2042,2003,2074
2142: 2205,2278,2112,2270,2318,2316,2180,2317,2353,1961,2202,2190,2120,2122,2169,2177,2130,2143,2147,2077,2135,1982,2144,2160
2148: 2224,2498,2499,926,1487,822,2286
2659: 2615,2096,2290,2563,2623
2150: 2107,2185,2225,2251,2131,2247,2219,2288,2250,2252,2216,2246,2244,2283,2300,2312,2162,2256,2248,2129,2249,2159,2282,2253,2323,2163,2138,2259,2182,2186,2188,1994,2184,2183,2187
2151: 2653
2152: 2433,915,2487,2429,2480,2477,2456,2485,2377,2476,2475,2523,2512,2427,2364,2461,2157,2417,2379,2465,2357,2352,2414,2355,2310,2419,2265,2416,2365,2378
2377: 2476,2475,2523,2512,2427,2487,2429,2480,2477,2456,2485,853,1677,2364,2461,2157,2379,2433,2152,915,2465
2154: 2309,2308,2016,2238,2357,2355,2310,2419,2265,2365,2218,2330,2319,2341,2420,2156,2322,2321,2314,2331,2214,2226,2155,2353,1961,2235,2225,2251,2131,2247,2219,2288,2250,2252
2155: 2226,2353,1961,2235,2055,2400,2313,2178,2315,2319,2341,2420,2156,2322,2321,2314,2309,2308,2016,2154,2238,2318,2316,2180,2317,2225,2251,2131,2247,2205,2112,2177,2130,2248,2129,2249
2156: 2319,2341,2420,2322,2321,2314,2357,2158,2414,2355,2310,2419,2265,2365,2055,2400,2313,2178,2315,2309,2308,2016,2154,2238,2318,2316,2226,2155,2353,1961,2235,2225,2251
2157: 2461,2417,2379,2466,2402,2487,2429,2480,2477,2456,2485,2377,2475,2512,2427,2433,2152,915,2415,2356,2357,2158,2352,2414,2355,2310,2419,2265,2416,2365,2378
2158: 2357,2352,2414,2355,2310,2419,2179,2461,2157,2417,2379,2432,2403,2415,2356,2265,2416,2365,2378,2055,2400,2313,2178,2315,2319,2341,2420,2156,2322,2321,2314,2308
2159: 2282,2253,2323,2216,2246,2244,2283,2300,2312,2240,2347,2107,2150,2185,2110,2181,2258,2275,2182,2186,2188,1994,2184,2204,2183,2045,2187,2261,2091
2160: 2144,2093,2142,2122,2169,2177,2130,2162,2256,2147,2077,2135,1982,2163,2062,2138,2259,2137,2114,2113,2134,2037,2092,2133
2161: 2280,2260,2199,2097,2329,2197,512
2164: 2104,2103,2232,2210,2143,2228,2038,2227,2229,2050,2087
2165: 2349,2031,1976,583
2166: 2385,2383,2384,2233,2348,2105,2389,2304,2367,2270,2208,2231,2346,2359,2211,2207,2213,2167,2190
2167: 2385,2383,2384,2166,2270,2208,2231,2346,2359,2211,2207,2213,2426,2202,2190,2120,2103,2232,2210,2143
2168: 588,2556,2481,2459,2399,2479,2445,2233,2348,2443,2105
2169: 2122,2177,2130,2318,2316,2180,2317,2353,1961,2235,2247,2205,2142,2278,2112,2162,2256,2248,2129,2147,2077,2135,1982,2144,2093,2160,2163,2062
2170: 2127,2163,2138,2259,2182,2186,2188,1994,2184,2204,2183,2045,2187,2037,2092,2133,2076,2115,568
2406: 2389,2304,2367,2320,2399,2479,2307,2301,2305,2432,2403,2415,2356,2105,2055,2400,2313,2178,2315,2208,2231,2346,2318,2317
2658: 2630,977,2637,2613,2564,2609,2682,2683,2657,2612,2689
2173: 2358,916,580
2174: 1487,822,2224,2499,2455
2761: 2881,2883,2904,2797,2915,2850,536,2834,2741
2734: 2715,2735
2177: 2122,2169,2130,2318,2316,2180,2317,2226,2155,2353,1961,2235,2225,2251,2131,2247,2205,2142,2278,2112,2162,2256,2248,2129,2249,2135,1982,2144,2093,2160,2163,2062
2178: 2055,2400,2313,2315,2357,2158,2355,2389,2304,2320,2406,2319,2341,2420,2156,2322,2321,2314,2231,2318,2316,2180,2317,2226,2155,2353,1961,2235
2179: 2484,2548,2524,2222,2466,2434,2530,2402,2456,2485,2306,2431,2461,2417,2307,2301,2305,2432,2403,2415,2356,2158,2352,2414
2180: 2318,2316,2317,2389,2304,2320,2055,2400,2313,2178,2315,2319,2321,2314,2270,2208,2231,2346,2359,2226,2155,2353,1961,2235,2202,2190,2120,2205,2142,2278,2112,2122,2169,2177
2181: 2342,2110,2258,2275,2246,2244,2283,2240,2347,2381,2245,2159,2282,2253,2323,2338,2094,2339,1994,2184,2204,2183,2045,2187,2261,2140,2091,2281,2201,2337
2182: 2186,2188,2162,2256,2107,2150,2185,2159,2282,2253,2323,2163,2138,2259,1994,2184,2204,2183,2045,2187,2170,2127,2076,2115
2183: 1994,2184,2204,2045,2187,2107,2150,2185,2159,2282,2253,2323,2181,2258,2182,2186,2188,2091,2170,2127,2076,2115,2272
2184: 1994,2204,2183,2045,2187,2107,2150,2185,2159,2282,2253,2323,2181,2258,2182,2186,2188,2091,2170,2127,2076,2115,2272
2185: 2107,2150,2250,2252,2244,2283,2312,2162,2256,2249,2159,2282,2253,2323,2163,2138,2259,2182,2186,2188,1994,2184,2204,2183,2045,2187
2186: 2182,2188,2162,2256,2107,2150,2185,2159,2282,2253,2323,2163,2062,2138,2259,1994,2184,2204,2183,2045,2187,2037,2170,2127,2076,2115
2187: 1994,2184,2204,2183,2045,2107,2150,2185,2159,2282,2323,2181,2182,2186,2188,2091,2170,2127,2076,2115,2272
2188: 2182,2186,2162,2256,2107,2150,2185,2159,2323,2163,2062,2138,2259,1994,2184,2204,2183,2045,2187,2037,2092,2133,2170,2127,2115
2189: 1886,1991,2579,2602,2255,1867,1913
2191: 2196,2237,2132,2338,2094,2089,2345,2339,2193,2002,2277,2332,2391,2405,2281,2279,2139,2201,2337,2335,2271,2066,2395,2280,2260,2199,2329,2197
2683: 2682,2657,2630,2658,2612,2675,2700
2193: 2002,2277,2381,2404,2340,2437,2338,2094,2089,2345,2339,2332,2391,2405,2281,2279,2139,2201,2337,2196,2191,2237,2132,2335,2271,2066,2395
2344: 2381,2245,2044,2243,2386,2324,2241,2046,2408,2423,2425,2242,2240,2347,2275,2338,2094,2089,2345
2195: 2435,2451,2382,2544,2340,2437,2422
2196: 2191,2237,2132,2338,2094,2089,2345,2339,2193,2002,2277,2332,2391,2405,2281,2279,2139,2201,2337,2335,2271,2066,2395,2280,2260,2199,2329
2197: 2329,512,2191,2237,2132,2335,2271,2066,2395,2529,2428,2260,2199,2097,2161
2198: 2145,916,580
2199: 2260,2097,2281,2279,2139,2196,2191,2237,2132,2335,2271,2280,2329,2197,512,2161
2343: 2436
2203: 2393
2204: 1994,2184,2183,2045,2187,2185,2159,2282,2181,2258,2182,2186,2188,2140,2091,2170,2127,2076,2115,2236,2043,2272
2205: 2142,2278,2112,2270,2208,2231,2318,2316,2180,2317,2226,2155,2353,1961,2235,2202,2190,2120,2122,2169,2177,2130,2135,1982,2144
2206: 2117
2207: 2211,2213,2426,2383,2384,2166,2366,2167,2031,1976,2103,2232,2210
2208: 2270,2231,2346,2359,2105,2389,2304,2367,2320,2406,2315,2385,2383,2384,2166,2318,2316,2180,2317,2167,2202,2190,2120,2205,2278
2209: 2446,2447,455,2448,2556,2481
2210: 2103,2232,2211,2207,2213,2167,2143,2104,2164,2038,2227,2229
2211: 2207,2213,2426,2383,2384,2166,2366,2167,2031,1976,2103,2232,2210
2773: 2747,2786,2856,2784,2880,2777,2853,2848,2597,2745,2793,2839,2818,2764
2213: 2211,2207,2426,2383,2384,2166,2366,2167,2031,1976,2103,2232,2210
2214: 2331,2265,2365,2267,2333,2392,2218,2330,2409,2263,2309,2308,2016,2154,2238,2311,2299,2024,2374,2225,2251,2131,2219,2288,2250,2252,2216,2246,2244,2300,2312
2215: 2044,2325,2351,2243,2394,2262,2409,2263,2410,2293,2439,2292,2311,2299,2024,2374,2324,2241,2408,2246,2244,2283,2300,2240,2347,2381,2245
2216: 2219,2288,2250,2252,2309,2238,2331,2214,2311,2299,2024,2374,2225,2251,2131,2247,2246,2244,2283,2300,2312,2249,2107,2150,2159,2282,2253,2323
2217: 2362,2334,2454,2268,2462,2463,2266,2373,2505,2363,2361,2394,2262,2410,2293,2411,2439,2292
2218: 2267,2333,2392,2330,2040,2265,2416,2365,2378,2409,2263,2309,2308,2016,2154,2238,2331,2214,2311,2299,2024
2219: 2288,2250,2252,2216,2309,2308,2016,2154,2238,2331,2214,2311,2299,2024,2225,2251,2131,2247,2246,2244,2300,2312,2256,2248,2129,2249,2107,2150,2253,2323
2353: 2226,2155,1961,2235,2313,2178,2315,2319,2341,2156,2321,2314,2154,2238,2318,2316,2180,2317,2225,2251,2247,2205,2142,2278,2112,2122,2169,2177,2130,2256,2248,2129,2249
2223: 2072,444,2580,1939
2224: 2148,2498,2499,1487,2174,822,2455,2286,2442
2225: 2251,2131,2247,2319,2341,2420,2156,2322,2321,2314,2309,2308,2016,2154,2238,2331,2214,2226,2155,2353,1961,2235,2219,2288,2250,2252,2216,2177,2130,2162,2256,2248,2129,2249,2107,2150
2226: 2155,2353,1961,2235,2055,2400,2313,2178,2315,2319,2341,2420,2156,2322,2321,2314,2309,2308,2016,2154,2238,2318,2316,2180,2225,2251,2131,2247,2205,2112,2177,2248,2129,2249
2227: 2228,2038,2229,2210,2143,2147,2077,2104,2164,2137,2114,966,2121,2099
2228: 2038,2227,2229,2143,2147,2077,2135,1982,2104,2164,2137,2114,2121,2099
2229: 2228,2038,2227,2210,2143,2147,2077,2104,2164,2137,2114,966,2121,2099
2437: 2404,2340,2382,2544,2195,2435,2451,2193,2002,2277,2332,2391,2405,2422,2474
2231: 2270,2208,2346,2359,2105,2389,2304,2367,2320,2406,2055,2400,2313,2178,2315,2385,2383,2384,2166,2318,2316,2180,2317,2167,2202,2190,2205,2278
2235: 2226,2155,2353,1961,2313,2178,2315,2319,2341,2420,2156,2322,2321,2314,2309,2308,2016,2154,2238,2318,2316,2180,2225,2251,2131,2247,2205,2112,2122,2169,2177,2130,2162,2256,2248,2129,2249
2236: 2043,2272,2204,2045,2140,2091,2279,2139,2201,2076,2115,2280,568
2237: 2196,2191,2132,2338,2094,2089,2339,2193,2002,2277,2405,2281,2279,2139,2201,2337,2335,2271,2066,2395,2280,2260,2199,2097,2329,2197,512
2599: 2600,2598,2562,2528
2240: 2347,2311,2299,2024,2374,2044,2215,2325,2351,2243,2324,2241,2408,2246,2244,2283,2300,2312,2344,2381,2245,2159,2282,2253,2323,2110,2181,2258,2275,2338,2094,2345
2241: 2386,2324,2046,2408,2293,2411,2439,2292,2424,2044,2215,2325,2351,2243,2423,2425,2242,2240,2347,2344,2381,2245
2242: 2423,2425,2411,2424,2452,2497,2386,2324,2241,2046,2408,2382,2344,2404
2243: 2044,2215,2325,2351,2394,2262,2409,2263,2410,2293,2411,2439,2292,2311,2299,2024,2374,2386,2324,2241,2046,2408,2246,2244,2240,2347,2344,2381,2245
2244: 2246,2283,2300,2312,2331,2214,2311,2299,2024,2374,2044,2215,2325,2351,2243,2219,2288,2250,2252,2216,2240,2347,2107,2150,2185,2159,2282,2253,2323,2110,2181,2258,2275
2245: 2344,2381,2044,2215,2325,2351,2243,2386,2324,2241,2046,2408,2240,2347,2110,2181,2258,2275,2338,2094,2089,2345,2339
2246: 2244,2283,2300,2312,2331,2214,2311,2299,2024,2374,2044,2215,2325,2351,2243,2219,2288,2250,2252,2216,2240,2347,2107,2150,2159,2282,2253,2323,2110,2181,2258,2275
2247: 2225,2251,2131,2341,2309,2154,2238,2226,2155,2353,1961,2235,2219,2288,2250,2252,2216,2169,2177,2130,2162,2256,2248,2129,2249,2107,2150
2248: 2162,2256,2129,2249,2226,2155,2353,1961,2235,2225,2251,2131,2247,2219,2288,2250,2252,2122,2169,2177,2130,2107,2150,2144,2163,2062,2138,2259
2249: 2162,2256,2248,2129,2226,2155,2353,2235,2225,2251,2131,2247,2219,2288,2250,2252,2216,2177,2130,2107,2150,2185,2163,2062,2138,2259
2250: 2219,2288,2252,2216,2309,2308,2016,2154,2238,2331,2214,2311,2024,2225,2251,2131,2247,2246,2244,2300,2312,2162,2256,2248,2129,2249,2107,2150,2185,2253,2323
2251: 2225,2131,2247,2341,2156,2309,2308,2016,2154,2238,2331,2214,2226,2155,2353,2235,2219,2288,2250,2252,2216,2177,2162,2256,2248,2129,2249,2107,2150
2252: 2219,2288,2250,2216,2309,2016,2154,2238,2331,2214,2311,2024,2225,2251,2131,2247,2246,2244,2300,2312,2162,2256,2248,2129,2249,2107,2150,2185,2253,2323
2253: 2159,2282,2323,2219,2288,2250,2252,2216,2246,2244,2283,2300,2312,2240,2347,2107,2150,2185,2110,2181,2258,2275,2182,2186,1994,2184,2183
2731: 2710,2728,527
2256: 2162,2248,2129,2249,2353,2235,2225,2251,2131,2247,2219,2288,2250,2252,2122,2169,2177,2130,2107,2150,2185,2144,2093,2160,2163,2062,2138,2259,2182,2186,2188
2663: 2661,2633,945,2614,2673,2675,2700
2259: 2163,2062,2138,2130,2162,2256,2248,2129,2249,2107,2150,2185,2144,2093,2160,2182,2186,2188,2037,2092,2133,2170,2127
2260: 2199,2097,2281,2279,2139,2196,2191,2237,2132,2335,2271,2280,2329,2197,512,2161
2262: 2394,2409,2263,2410,2040,1671,2266,2217,2362,2334,2454,2267,2333,2392,2293,2331,2311,2299,2024,2374,2044,2215,2325,2351,2243
2263: 2394,2262,2409,2410,2040,2266,2334,2454,2267,2333,2392,2218,2330,2293,2331,2214,2311,2299,2024,2374,2215,2325,2351,2243
2600: 2598,2562,2599,2528
2265: 2416,2365,2378,2157,2379,2433,2152,915,2040,2357,2158,2352,2414,2355,2310,2419,2267,2333,2392,2218,2330,2319,2341,2420,2156,2322,2321,2309,2308,2016,2154,2238,2331,2214
2266: 1701,1671,2364,2488,2464,1700,2465,2040,2217,2362,2334,2454,2267,2333,2392,2330,2394,2262,2409,2263,2410,2293
2267: 2333,2392,2218,2330,915,2465,2040,2266,2265,2416,2365,2378,2394,2262,2409,2263,2410,2309,2308,2016,2331,2214,2311,2299,2024,2374
2268: 2462,2488,2464,2463,2217,2362,2334,2454,2373,2505,2363,2361
2307: 2301,2305,2460,2458,1989,2459,2306,2431,2179,2399,2479,2432,2403,2415,2356,2105,2389,2304,2367,2320,2406,2055,2400,2315
2270: 2208,2231,2346,2359,2389,2304,2367,2313,2315,2385,2383,2384,2166,2318,2316,2180,2317,2167,2202,2190,2120,2205,2142,2278,2112
2271: 2335,2066,2395,2193,2002,2277,2332,2391,2405,2422,2474,2196,2191,2237,2132,2260,2199,2097,2329,2197
2272: 2236,2043,1994,2184,2204,2183,2045,2187,2261,2140,2091,2281,2279,2139,2201,2337,2076,2115,2280,568
2469: 2587,2588,2852,2746,2803,2851,2872,2574,2783,2860,2859,2861,2835,2767
2274: 2146
2275: 2342,2110,2181,2258,2246,2244,2283,2240,2347,2344,2381,2245,2159,2282,2253,2338,2094,2089,2345,2339,2261,2337
2669: 1454,1323
2277: 2193,2002,2404,2340,2437,2338,2094,2089,2345,2339,2332,2391,2405,2281,2196,2191,2237,2132,2335,2271,2066,2395
2278: 2205,2142,2112,2270,2208,2231,2346,2359,2318,2316,2180,2317,2353,1961,2202,2190,2120,2122,2169,2177,2147,2135,2144
2279: 2281,2139,2201,2337,2258,2338,2094,2089,2345,2339,2193,2002,2261,2140,2091,2196,2191,2237,2132,2236,2272,2280,2260,2199
2280: 2261,2140,2281,2279,2139,2201,2337,2196,2191,2237,2132,2236,2043,2272,2260,2199,2097,2161
2282: 2159,2253,2323,2216,2246,2244,2283,2300,2312,2240,2347,2107,2150,2185,2342,2110,2181,2258,2275,2182,2186,1994,2184,2204,2183,2045,2187,2261,2091
2283: 2246,2244,2300,2312,2311,2299,2024,2044,2215,2351,2216,2240,2347,2107,2150,2185,2159,2282,2253,2323,2110,2181,2258,2275
2345: 2338,2094,2089,2339,2240,2347,2344,2381,2245,2110,2258,2275,2193,2002,2277,2261,2281,2279,2337,2196,2191
2285: 2396,2584,2545
2286: 2442,2148,2224,2498,2499,1561,1526,2565
2287: 2519,485
2288: 2219,2250,2252,2216,2309,2308,2016,2154,2238,2331,2214,2311,2024,2225,2251,2131,2247,2246,2244,2300,2312,2256,2248,2129,2249,2107,2150,2253
2290: 2096,2659,2615
2291: 2438,2373,2505,2363,2361,2388,2411,2439,2292,2424,2452,2497
2292: 2411,2439,2217,2362,2334,2454,2373,2505,2363,2361,2438,2291,2293,2044,2215,2325,2243,2386,2324,2241,2046,2408,2423,2425
2293: 2266,2217,2362,2334,2454,2373,2505,2363,2361,2394,2262,2409,2263,2410,2411,2439,2292,2299,2374,2044,2215,2325,2351,2243,2386,2324,2241,2046
2767: 2783,2860,2859,2861,2835,2597,2746,2803,2851,2872,2587,2469,2588,2839,2818,2764,2744,2807,2796,2591
2601: 2769
2543: 2550
2439: 2411,2292,2217,2362,2334,2454,2373,2505,2363,2361,2438,2291,2293,2044,2215,2325,2243,2386,2324,2241,2046
2525: 2371,572
2299: 2311,2024,2374,2267,2333,2392,2218,2394,2262,2409,2263,2410,2293,2331,2214,2044,2215,2325,2351,2243,2219,2216,2246,2244,2283,2300,2312,2240,2347
2300: 2246,2244,2283,2312,2331,2214,2311,2299,2024,2374,2044,2215,2351,2219,2288,2250,2252,2216,2240,2347,2107,2150,2159,2282,2253,2323,2110
2301: 2307,2305,2460,2458,1989,2459,2306,2431,2179,2399,2479,2432,2403,2415,2356,2105,2389,2304,2367,2320,2406,2055,2400
2741: 2895,536,2834,2881,2761,2845,2894,2876,2916,2873,2776
2303: 2482,2555,2483,2547,2430,2471,2522,2556,2481,2460,2458,1989,2459,588,2399,2479
2304: 2389,2367,2320,2406,2399,2479,2307,2301,2305,2432,2403,2105,2055,2400,2313,2178,2315,2385,2383,2166,2270,2208,2231,2346,2359,2318,2316,2180,2317
2305: 2307,2301,2460,2458,1989,2459,2306,2431,2179,2399,2479,2432,2403,2415,2356,2105,2389,2304,2367,2320,2406,2055,2400
2306: 2431,2547,2430,2471,2522,2484,2548,2466,2434,2530,2402,2460,2458,1989,2459,2179,2399,2479,2307,2301,2305,2432,2403,2415,2356
2308: 2309,2016,2154,2238,2357,2158,2352,2414,2355,2310,2419,2265,2416,2365,2378,2267,2333,2218,2330,2319,2341,2420,2156,2322,2321,2314,2331,2214,2226,2155,2235,2225,2251,2131,2219,2288,2250
2309: 2308,2016,2154,2238,2357,2310,2419,2265,2365,2378,2267,2333,2218,2330,2319,2341,2420,2156,2322,2321,2331,2214,2226,2155,2235,2225,2251,2131,2247,2219,2288,2250,2252,2216
2310: 2357,2158,2352,2414,2355,2419,2461,2157,2417,2379,2433,2152,2415,2356,2265,2416,2365,2378,2055,2400,2319,2341,2420,2156,2322,2321,2309,2308,2016,2154,2238
2313: 2055,2400,2178,2315,2357,2158,2355,2389,2304,2320,2406,2319,2341,2420,2156,2322,2321,2314,2270,2231,2346,2318,2316,2180,2317,2226,2155,2353,1961,2235
2314: 2319,2341,2420,2156,2322,2321,2357,2158,2355,2055,2400,2313,2178,2315,2308,2154,2238,2318,2316,2180,2317,2226,2155,2353,1961,2235,2225
2315: 2055,2400,2313,2178,2307,2158,2355,2389,2304,2320,2406,2319,2341,2156,2321,2314,2270,2208,2231,2346,2318,2316,2180,2317,2226,2155,2353,1961,2235
2316: 2318,2180,2317,2304,2320,2055,2400,2313,2178,2315,2319,2341,2156,2321,2314,2270,2208,2231,2346,2226,2155,2353,1961,2235,2202,2190,2120,2205,2142,2278,2112,2122,2169,2177
2317: 2318,2316,2180,2389,2304,2320,2406,2055,2400,2313,2178,2315,2319,2321,2314,2270,2208,2231,2346,2359,2155,2353,1961,2202,2190,2120,2205,2142,2278,2112,2122,2169,2177
2318: 2316,2180,2317,2389,2304,2320,2406,2055,2400,2313,2178,2315,2319,2341,2156,2321,2314,2270,2208,2231,2346,2226,2155,2353,1961,2235,2202,2190,2120,2205,2142,2278,2112,2122,2169,2177
2319: 2341,2420,2156,2322,2321,2314,2432,2403,2415,2356,2357,2158,2352,2414,2355,2310,2419,2265,2365,2055,2400,2313,2178,2315,2309,2308,2016,2154,2238,2318,2316,2180,2317,2226,2155,2353,1961,2235,2225
2320: 2389,2304,2367,2406,2399,2479,2307,2301,2305,2432,2403,2415,2356,2105,2055,2400,2313,2178,2315,2208,2231,2346,2318,2316,2180,2317
2322: 2319,2341,2420,2156,2321,2314,2415,2356,2357,2158,2352,2414,2355,2310,2419,2265,2416,2365,2378,2055,2400,2313,2178,2309,2308,2016,2154,2238,2226,2155,2235,2225
2323: 2159,2282,2253,2219,2250,2252,2216,2246,2244,2283,2300,2312,2240,2107,2150,2185,2110,2181,2258,2182,2186,2188,1994,2184,2183,2045,2187
2324: 2386,2241,2046,2408,2293,2411,2439,2292,2044,2215,2325,2351,2243,2423,2425,2242,2240,2347,2344,2381,2245
2325: 2044,2215,2351,2243,2394,2262,2409,2263,2410,2293,2411,2439,2292,2311,2299,2024,2374,2386,2324,2241,2408,2246,2244,2240,2347,2381,2245
2523: 2377,2476,2475,2512,2427,2487,2429,2480,2477,2456,2485,853,1677,2364,2433,2152,915,2465
2407: 2551
2735: 2727,2734,2715
2329: 2197,512,2196,2191,2237,2132,2335,2271,2066,2395,2428,2260,2199,2097,2161
2330: 2267,2333,2392,2218,915,2040,2266,2265,2416,2365,2378,2409,2263,2309,2308,2016,2154,2238,2331,2214,2311
2331: 2214,2265,2365,2267,2333,2392,2218,2330,2262,2409,2263,2309,2308,2016,2154,2238,2311,2299,2024,2374,2225,2251,2131,2219,2288,2250,2252,2216,2246,2244,2300,2312
2332: 2391,2405,2404,2340,2437,2435,2193,2002,2277,2422,2474,2196,2191,2335,2271,2066,2395,2529,2428
2333: 2267,2392,2218,2330,2465,2040,2266,2265,2416,2365,2378,2394,2262,2409,2263,2410,2309,2308,2016,2331,2214,2311,2299,2024,2374
2334: 2217,2362,2454,2488,2464,1700,2268,2462,2463,1671,2266,2373,2363,2361,2394,2262,2409,2263,2410,2293,2439,2292
2335: 2271,2066,2395,2193,2002,2277,2332,2391,2405,2422,2474,2196,2191,2237,2132,2529,2428,2260,2199,2097,2329,2197
2336: 2070,1697
2337: 2281,2279,2139,2201,2342,2110,2181,2258,2275,2338,2094,2089,2345,2339,2193,2002,2261,2140,2091,2196,2191,2237,2132,2272,2280
2338: 2094,2089,2345,2339,2240,2347,2344,2381,2245,2342,2110,2181,2258,2275,2193,2002,2277,2261,2140,2281,2279,2139,2201,2337,2196,2191,2237,2132
2339: 2338,2094,2089,2345,2381,2245,2110,2181,2258,2275,2193,2002,2277,2261,2140,2281,2279,2139,2201,2337,2196,2191,2237,2132
2340: 2404,2437,2382,2544,2195,2435,2451,2193,2277,2332,2391,2405,2422,2474
2341: 2319,2420,2156,2322,2321,2314,2357,2158,2414,2355,2310,2419,2265,2365,2055,2400,2313,2178,2315,2309,2308,2016,2154,2238,2318,2316,2226,2155,2353,1961,2235,2225,2251,2131,2247
2342: 2110,2181,2258,2275,2282,2338,2094,2261,2337
2348: 2445,2233,2443,2168,588,2399,2105,2385,2383,2384,2166
2349: 2165,2031,1976,583
2350: 1773
2351: 2044,2215,2325,2243,2394,2262,2409,2263,2293,2311,2299,2024,2374,2324,2241,2408,2246,2244,2283,2300,2312,2240,2347,2381,2245
2352: 2357,2158,2414,2355,2310,2419,2179,2461,2157,2417,2379,2433,2152,2432,2403,2415,2356,2265,2416,2365,2378,2055,2400,2319,2420,2322,2321,2308
2590: 2449,2595,2627,589,2495,2592,2655,2596
2355: 2357,2158,2352,2414,2310,2419,2461,2157,2417,2379,2152,2432,2403,2415,2356,2265,2416,2365,2378,2055,2400,2313,2178,2315,2319,2341,2420,2156,2322,2321,2314,2308,2016,2154
2356: 2432,2403,2415,2306,2431,2179,2461,2157,2417,2379,2307,2301,2305,2357,2158,2352,2414,2355,2310,2419,2320,2406,2055,2400,2319,2420,2322,2321
2357: 2158,2352,2414,2355,2310,2419,2461,2157,2417,2379,2433,2152,2432,2403,2415,2356,2265,2416,2365,2378,2055,2400,2313,2178,2319,2341,2420,2156,2322,2321,2314,2309,2308,2016,2154,2238
2358: 2173,916,580
2359: 2270,2208,2231,2346,2105,2389,2304,2367,2385,2383,2384,2166,2180,2317,2167,2202,2190,2278
2360: 2503
2361: 2373,2505,2363,2268,2462,2463,2217,2362,2334,2454,2438,2291,2293,2411,2439,2292
2362: 2217,2334,2454,2488,2268,2462,2463,2266,2373,2505,2363,2361,2394,2262,2410,2293,2411,2439,2292
2363: 2373,2505,2361,2268,2462,2463,2217,2362,2334,2454,2438,2291,2293,2411,2439,2292
2364: 853,1677,2377,2476,2475,2523,2512,2427,2488,2464,1700,2433,2152,915,2465,2040,1701,1671,2266
2365: 2265,2416,2378,2157,2379,2433,2152,915,2040,2357,2158,2352,2414,2355,2310,2419,2267,2333,2392,2218,2330,2319,2341,2420,2156,2322,2321,2309,2308,2016,2154,2238,2331,2214
2366: 2211,2207,2213,2426,2031,1976
2367: 2389,2304,2320,2406,2399,2479,2307,2301,2305,2432,2403,2105,2055,2400,2385,2383,2384,2166,2270,2208,2231,2346,2359
2369: 2473
2370: 2521
2371: 2525,572
2485: 2487,2429,2480,2477,2456,2524,2222,2466,2434,2530,2402,2377,2476,2475,2523,2512,2427,2179,2461,2157,2417,2379,2433,2152
2373: 2505,2363,2361,2268,2462,2463,2217,2362,2334,2454,2438,2291,2293,2411,2439,2292
2374: 2311,2299,2024,2267,2333,2392,2394,2262,2409,2263,2410,2293,2331,2214,2044,2215,2325,2351,2243,2216,2246,2244,2300,2240,2347
2555: 2483,2547,2430,2471,2522,2481,2303,2482,2460,2458,1989,2459
2917: 2868,1953,2869,2870,2865,2867,2866
2378: 2265,2416,2365,2461,2157,2417,2379,2433,2152,915,2357,2158,2352,2414,2355,2310,2419,2267,2333,2392,2218,2330,2420,2322,2309,2308,2016
2379: 2461,2157,2417,2402,2487,2429,2480,2456,2485,2377,2475,2512,2427,2433,2152,915,2415,2356,2357,2158,2352,2414,2355,2310,2419,2265,2416,2365,2378
2477: 2487,2429,2480,2456,2485,2524,2222,2466,2402,2377,2476,2475,2523,2512,2427,2461,2157,2433,2152,915
2381: 2344,2245,2044,2215,2325,2351,2243,2386,2324,2241,2046,2408,2423,2425,2240,2347,2110,2181,2258,2275,2338,2094,2089,2345,2339,2193
2382: 2424,2452,2497,2423,2425,2242,2544,2404,2340,2437,2195,2435,2451
2383: 2385,2384,2166,2233,2348,2105,2389,2304,2367,2270,2208,2231,2346,2359,2211,2207,2213,2167,2190
2384: 2385,2383,2166,2233,2348,2105,2367,2270,2208,2231,2346,2359,2211,2207,2213,2426,2167,2190
2385: 2383,2384,2166,2233,2348,2105,2389,2304,2367,2270,2208,2231,2346,2359,2167,2190
2386: 2324,2241,2046,2408,2293,2411,2439,2292,2424,2044,2325,2243,2423,2425,2242,2344,2381,2245
2466: 2524,2222,2434,2530,2402,2484,2548,2487,2429,2480,2477,2456,2485,2306,2431,2179,2461,2157,2417
2388: 2438,2291,2424,2452,2497
2389: 2304,2367,2320,2406,2399,2479,2307,2301,2305,2432,2403,2105,2055,2400,2313,2178,2315,2385,2383,2166,2270,2208,2231,2346,2359,2318,2180,2317
2524: 2222,2466,2434,2530,2402,2484,2548,2487,2429,2480,2477,2456,2485,2431,2179,2461,2417
2391: 2332,2405,2404,2340,2437,2193,2002,2277,2422,2474,2196,2191,2335,2271,2066,2395,2529,2428
2392: 2267,2333,2218,2330,915,2465,2040,1671,2266,2265,2416,2365,2378,2394,2262,2409,2263,2410,2331,2214,2299,2374
2393: 2203
2394: 2262,2409,2263,2410,2040,2266,2217,2362,2334,2454,2267,2333,2392,2293,2311,2299,2024,2374,2044,2215,2325,2351,2243
2395: 2335,2271,2066,2193,2002,2277,2332,2391,2405,2422,2474,2196,2191,2237,2132,2529,2428,2329,2197
2396: 2285,2584,2545
2488: 2464,1700,853,1677,2364,2268,2462,2465,2040,1701,1671,2266,2362,2334,2454
2398: 2573
2399: 2479,2303,2460,2458,1989,2459,2306,2168,588,2307,2301,2305,2233,2348,2443,2105,2389,2304,2367,2320,2406
2570: 2095,966
2402: 2524,2222,2466,2434,2530,2484,2548,2487,2429,2480,2477,2456,2485,2306,2431,2179,2461,2157,2417,2379
2403: 2432,2415,2356,2306,2431,2179,2461,2417,2307,2301,2305,2357,2158,2352,2414,2355,2389,2304,2367,2320,2406,2055,2400,2319,2321
2404: 2340,2437,2423,2425,2242,2382,2544,2451,2193,2277,2332,2391,2405
2405: 2332,2391,2404,2340,2437,2193,2002,2277,2422,2474,2196,2191,2237,2132,2335,2271,2066,2395,2529
2408: 2386,2324,2241,2046,2411,2292,2424,2044,2215,2325,2351,2243,2423,2425,2242,2240,2347,2344,2381,2245
2409: 2394,2262,2263,2410,2040,2266,2334,2454,2267,2333,2392,2218,2330,2293,2331,2214,2311,2299,2024,2374,2044,2215,2325,2351,2243
2410: 2394,2262,2409,2263,2465,2040,1701,1671,2266,2217,2362,2334,2454,2267,2333,2392,2293,2299,2374,2215,2325,2243
2411: 2439,2292,2217,2362,2373,2505,2363,2361,2438,2291,2293,2424,2044,2325,2243,2386,2324,2241,2046,2408,2423,2425,2242
2593: 514,586,2641,2906
2560: 1933,2539,2709,2528,1951,2541,2516,2559,2486,2504,1884,2708,2501
2414: 2357,2158,2352,2355,2310,2419,2179,2461,2157,2417,2379,2433,2152,2432,2403,2415,2356,2265,2416,2365,2378,2055,2400,2319,2341,2420,2156,2322,2321,2308
2415: 2432,2403,2356,2306,2431,2179,2461,2157,2417,2379,2307,2301,2305,2357,2158,2352,2414,2355,2310,2419,2320,2406,2055,2400,2319,2420,2322,2321
2416: 2265,2365,2378,2461,2157,2417,2379,2433,2152,915,2465,2040,2357,2158,2352,2414,2355,2310,2419,2267,2333,2392,2218,2330,2420,2322,2308,2016
2417: 2461,2157,2379,2524,2222,2466,2434,2530,2402,2487,2429,2480,2456,2485,2179,2433,2152,2432,2403,2415,2356,2357,2158,2352,2414,2355,2310,2419,2416,2378
2886: 2914,2879,2844,2819,2798,2795,2766,2792,2753,2737,2922,2891,2811,2900,2874,2898,2843,2926,494,2813
2419: 2357,2158,2352,2414,2355,2310,2461,2157,2417,2379,2433,2152,2415,2356,2265,2416,2365,2378,2055,2400,2319,2341,2420,2156,2322,2321,2309,2308,2016,2154,2238
2420: 2319,2341,2156,2322,2321,2314,2415,2356,2357,2158,2352,2414,2355,2310,2419,2265,2416,2365,2378,2055,2400,2313,2178,2309,2308,2016,2154,2238,2226,2155,2235,2225
2422: 2474,2340,2437,2195,2435,2332,2391,2405,2335,2271,2066,2395,2529,2428
2423: 2425,2242,2411,2292,2424,2452,2497,2386,2324,2241,2046,2408,2382,2344,2381,2404
2424: 2438,2291,2388,2411,2452,2497,2386,2241,2046,2408,2423,2425,2242,2382
2425: 2423,2242,2411,2292,2424,2452,2497,2386,2324,2241,2046,2408,2382,2344,2381,2404
2426: 2211,2207,2213,2384,2366,2167,2031,1976
2427: 2377,2476,2475,2523,2512,2487,2429,2480,2477,2456,2485,853,1677,2364,2157,2379,2433,2152,915,2465
2428: 2529,2332,2391,2422,2474,2335,2066,2395,2329,2197
2429: 2487,2480,2477,2456,2485,2524,2222,2466,2402,2377,2476,2475,2523,2512,2427,2461,2157,2417,2379,2433,2152,915
2430: 2547,2471,2522,2555,2483,2484,2548,2303,2482,2460,2458,1989,2459,2306,2431
2431: 2306,2547,2430,2484,2548,2524,2222,2466,2434,2530,2402,2460,2458,1989,2179,2479,2307,2301,2305,2432,2403,2415,2356
2432: 2403,2415,2356,2306,2431,2179,2461,2417,2307,2301,2305,2357,2158,2352,2414,2355,2389,2304,2367,2320,2406,2055,2400,2319,2321
2433: 2152,915,2487,2429,2480,2477,2456,2485,2377,2476,2475,2523,2512,2427,2364,2461,2157,2417,2379,2357,2352,2414,2310,2419,2265,2416,2365,2378
2434: 2524,2222,2466,2530,2402,2484,2548,2487,2456,2485,2306,2431,2179,2461,2417
2435: 2195,2451,2382,2544,2340,2437,2332,2422,2474
2436: 2343
2438: 2291,2463,2373,2505,2363,2361,2388,2411,2439,2292,2424,2452,2497
2471: 2547,2430,2522,2555,2483,2484,2548,2303,2482,2460,2458,1989,2459,2306
2441: 2507,509,2544,540
2443: 2445,2233,2348,2168,588,2399,2479,2105
2444: 2491
2445: 2233,2348,2443,2168,588
2446: 2447,2209,455,2448,2556,2481
2447: 2446,2209,455,2448,2556,2481
2448: 455,2446,2447,2209,2556,2481
2449: 2595,2627,2590,589,2495,2592,2655,2596
2450: 2561
2451: 2195,2435,2382,2544,2404,2340,2437
2452: 2497,2438,2291,2388,2424,2423,2425,2242,2382
2454: 2217,2362,2334,2488,2464,1700,2268,2462,2463,1671,2266,2373,2505,2363,2361,2394,2262,2409,2263,2410,2293,2439,2292
2455: 1487,2174,822,2224,2499
2456: 2487,2429,2480,2477,2485,2524,2222,2466,2434,2530,2402,2377,2476,2475,2523,2512,2427,2179,2461,2157,2417,2379,2433,2152
2652: 2604,501
2458: 2460,1989,2459,2555,2547,2430,2471,2522,2303,2482,2306,2431,588,2399,2479,2307,2301,2305
2459: 2460,2458,1989,2555,2430,2471,2522,2303,2482,2306,2168,588,2399,2479,2307,2301,2305
2460: 2458,1989,2459,2555,2547,2430,2471,2522,2484,2548,2303,2482,2306,2431,588,2399,2479,2307,2301,2305
2461: 2157,2417,2379,2524,2222,2466,2434,2530,2402,2487,2429,2480,2477,2456,2485,2377,2475,2512,2179,2433,2152,2432,2403,2415,2356,2357,2158,2352,2414,2355,2310,2419,2416,2378
2462: 2268,2488,2464,1700,2463,1671,2217,2362,2334,2454,2373,2505,2363,2361
2463: 2268,2462,2217,2362,2334,2454,2373,2505,2363,2361,2438
2464: 2488,1700,853,1677,2364,2268,2462,2465,1671,2266,2334,2454
2465: 2040,2377,2476,2523,2512,2427,853,1677,2364,2488,2464,1700,2152,915,1701,1671,2266,2416,2267,2333,2392,2410
2467: 2514,2908,2815,2804,2887,2852,2802
2468: 2566,450,2772,2742
2542: 2125
2473: 2369
2474: 2422,2340,2437,2435,2332,2391,2405,2335,2271,2066,2395,2529,2428
2475: 2377,2476,2523,2512,2427,2487,2429,2480,2477,2456,2485,853,1677,2364,2461,2157,2379,2433,2152,915
2476: 2377,2475,2523,2512,2427,2487,2429,2480,2477,2456,2485,853,1677,2364,2433,2152,915,2465
2479: 2399,2303,2482,2460,2458,1989,2459,2306,2431,2168,588,2307,2301,2305,2443,2105,2389,2304,2367,2320,2406
2480: 2487,2429,2477,2456,2485,2524,2222,2466,2402,2377,2476,2475,2523,2512,2427,2461,2157,2417,2379,2433,2152,915
2481: 2556,2448,2555,2446,2447,2209,2303,2482,2168,588
2482: 2303,2555,2483,2547,2430,2471,2522,2556,2481,2460,2458,1989,2459,588,2479
2483: 2555,2547,2430,2471,2522,2303,2482
2484: 2548,2547,2430,2471,2522,2524,2222,2466,2434,2530,2402,2460,2306,2431,2179
2486: 2504,1884,2708,1951,2541,1882,1830,1933,2560,2489,1907,1874,2540,2501
2487: 2429,2480,2477,2456,2485,2524,2222,2466,2434,2530,2402,2377,2476,2475,2523,2512,2427,2461,2157,2417,2379,2433,2152
2489: 1907,1874,2540,1882,1830,2486,2504,1884,2708,927
2710: 2731,2728,527
2491: 2444
2566: 2468,450,2772,2742
2813: 2886,2914,2879,2844,2811,2900,2874,2898,2843,2926,2918,2738,2913,2911,494,2912,2822
2685: 
2495: 2592,589,2449,2595,2627,2590,2596
2496: 1915,927,1717,1796
2497: 2452,2438,2291,2388,2424,2423,2425,2242,2382
2498: 2148,2224,2499,926,1487,822,2286
2499: 2148,2224,2498,1487,2174,822,2455,2286
2579: 2602,2021,2594,2563,2623,2255,1867,2189
2501: 2516,2559,1933,2560,2539,2709,2486,2504,1884,2708
2595: 2449,2627,2590,589,2495,2592,2655,2596
2503: 2360
2504: 2486,1884,2708,1951,2541,1882,1830,1933,2560,2539,2709,2489,1907,1874,2501
2505: 2373,2363,2361,2268,2462,2463,2217,2362,2454,2438,2291,2293,2411,2439,2292
2563: 2623,2659,2615,2021,2594,2579,2602,1867
2507: 2441,509,2544,540
2738: 2918,2913,2911,2810,2753,2884,2920,2743,2811,2900,2874,2898,2843,2926,2788,2813,2912,2822,2823,2755
2509: 2571
2704: 2646,2612,2689,2611
2511: 2749,2748,2821,2757,2787,2771,2745,2793,2765
2512: 2377,2476,2475,2523,2427,2487,2429,2480,2477,2456,2485,853,1677,2364,2461,2157,2379,2433,2152,915,2465
2564: 2609,2637,2613,2630,2658,2610,2689
2514: 2467,2908,2815,2804,2887,2852,2802
2727: 2729,2735,2732
2516: 2559,2528,1951,2541,2648,1933,2560,2539,2501
2613: 2637,977,2630,2658,2564,2609,2610
2614: 2673,945,2661,2633,2663,2692,2722,2675,2700,932,2721,2674,2687,2642
2519: 2287,485
2528: 2600,2598,2562,2599,1951,2541,2648,2516,2559,2560,2539
2529: 2428,2332,2391,2405,2422,2474,2335,2066,2395,2197
2530: 2524,2222,2466,2434,2402,2484,2548,2487,2456,2485,2306,2431,2179,2461,2417
2539: 1933,2560,2709,2528,1951,2541,2516,2559,2504,2708,2501
2534: 2568,472
2661: 2633,2663,945,2614,2673,2700
2664: 2723
2677: 2607,1792,1728
2586: 2123,2772,2742,432,2864,2908,2815
2545: 2584,2285,2396
2571: 2509,575
2547: 2430,2471,2522,2555,2483,2484,2548,2303,2482,2460,2458,2306,2431
2548: 2484,2547,2430,2471,2522,2524,2222,2466,2434,2530,2402,2460,2306,2431,2179
2549: 
2550: 2543
2551: 2407,2889
2692: 2722,2614,2673,551,932,2721,2674
2556: 2481,2448,2446,2447,2209,2303,2482,2168,588
2557: 2849,2907,2890,2796,2591,486,2625,2589
2561: 2450
2562: 2600,2598,2599,2528
2565: 2286,2442,1561,1526
2568: 2534,472
2569: 2786,2856,2785,2855,2784,2880,2748,2821
2572: 2624,1793,1717,1796,1891
2573: 2398
2574: 2587,2469,2588
2576: 2660,2690
2584: 2545,2285,2396
2587: 2469,2588,2852,2746,2803,2851,2872,2574,2783,2860,2859,2861,2835,2767
2592: 2495,589,2449,2595,2627,2590,2596
2594: 2021,2580,1939,2563,2623,2579,2602,2255
2596: 2655,2495,2592,2449,2595,2627,2590
2597: 2777,2853,2848,2852,2802,2747,2773,2746,2803,2851,2872,2745,2793,2839,2818,2764,2783,2860,2859,2861,2835,2767
2598: 2600,2562,2599,2528
2824: 2778,2801,2809,2808,2797,2915,2785,2855
2607: 2677,1792,1728
2721: 2674,2692,2722,2614,2673,2675,2700,2687,2642
2609: 2564,2637,2613,2630,2658,2610,2689
2610: 2637,2613,2564,2609,2689,2648
2747: 2773,2786,2856,2784,2880,2777,2853,2848,2597,2745,2793,2839,2818,2764
2713: 2729
2623: 2563,2659,2615,2021,2594,2579,2602,1867
2624: 2572,1793,1717,1796,1891
2625: 2589,2557,2849,2907,2890
2673: 2614,2661,2633,2663,2692,2722,2675,2700,2721,2674,2687,2642
2627: 2449,2595,2590,589,2495,2592,2655,2596
2682: 2683,2657,2630,2658,2612,2611
2775: 2760,2847,2882,2748,2805,2854,2779,2817,2791,2757,2771
2630: 2658,977,2613,2564,2609,2682,2683,2657,2612,2689
2655: 2596,2449,2595,2627,2590
2672: 2575,931
2633: 2661,2663,945,2614,2673
2771: 2757,2787,2775,2760,2748,2821,2817,2791,2749,2511,2820,2750,2765
2642: 2687,2614,2673,2675,2700,2721,2674,2694
2902: 2871,555,1953,2869,2870,2865,2867,2866,1603,1583
2690: 2660,2576
2646: 2704,2689,2611
2647: 2648
2648: 2610,2528,2516,2559,2647
2675: 2700,2663,2683,2657,2614,2673,2721,2674,2687,2642,2694
2736: 2684,406
2737: 2922,2891,2893,2899,2919,2857,2819,2798,2795,2766,2886,2914,2879,2844,494
2743: 2789,486,2884,2920,2918,2738,2788
2744: 2807,2839,2764,2835,2767,2796,486,2849,2907
2745: 2793,2821,2747,2773,2597,2749,2511,2839,2764
2746: 2803,2851,2872,2777,2853,2848,2852,2802,2597,2587,2469,2588,2839,2818,2783,2860,2859,2861,2835,2767
2748: 2856,2569,2775,2821,2757,2787,2771,2749,2511
2749: 2511,2748,2821,2757,2787,2771,2745,2793,2765
2750: 2820,2805,2846,2817,2791,2757,2787,2771,2838,2756,2842,2840,2768
2798: 2819,2827,2901,2909,2841,2840,2768,2893,2899,2919,2857,2795,2766,2737,2922,2891,2886,2914,2879,2844
2752: 2927,2897,2826,2903,2770,2924,2875,2825,2827,2901,2921,2923,2893,2899,2919,2857
2793: 2745,2821,2747,2773,2597,2749,2511,2839,2764,2765
2755: 2823,2738,2913,2911,2788,2912,2822
2756: 2838,2533,2836,2780,2832,2805,2854,2779,2829,2846,2817,2791,2892,2888,2878,2758,2837,2820,2750,2842,2840,2768
2757: 2787,2771,2775,2760,2748,2821,2817,2791,2749,2511,2820,2750,2765
2758: 2892,2888,2878,2828,2837,2910,2833,2925,2780,2832,2877,2831,2805,2854,2779,2829,2846,2905,2885,2896,2838,2533,2836,2756,2770,2825,2923
2850: 2797,2915,2904,2881,2883,2761,2809
2762: 2707,459
2819: 2798,2875,2825,2827,2901,2921,2923,2909,2841,2842,2840,2768,2893,2899,2919,2857,2795,2766,2737,2922,2891,2886,2914,2879,2844
2765: 2757,2787,2771,2749,2511,2793,2794
2766: 2795,2909,2841,2840,2768,2794,2819,2798,2792,2810,2753,2737,2922,2891,2886,2914,2879,2844,2811,2900,2874,2898,2843
2769: 2601
2772: 2742,2586,2123,2468,2566,2864
2776: 2873,2741,2895,2894,2876,2916,2847,2882,2833,2925,2780,2832,2877,2831,2805,2854,2779,2829
2777: 2853,2848,2806,2863,2862,2804,2887,2784,2880,2852,2802,2747,2773,2597,2746
2778: 2801,2809,2808,2824,2797,2915,2785,2855
2779: 2805,2854,2829,2846,2873,2776,2847,2882,2775,2760,2780,2832,2877,2831,2817,2791,2892,2888,2878,2828,2758,2837,2838,2533,2836,2756
2780: 2832,2877,2831,2894,2876,2873,2776,2847,2882,2910,2833,2925,2805,2854,2779,2829,2846,2905,2885,2896,2892,2888,2878,2828,2758,2837,2838,2533,2836,2756
2900: 2811,2874,2898,2843,2926,2795,2766,2792,2810,2753,2886,2914,2879,2844,2918,2738,2913,2911,494,2813,2912,2822
2783: 2860,2859,2861,2835,2767,2597,2746,2803,2851,2872,2587,2469,2588,2839,2818,2764,2796,2591
2784: 2880,2786,2856,2569,2777,2848,2821,2747,2773
2785: 2855,2778,2801,2809,2808,2824,2786,2856,2569,2821
2786: 2856,2569,2785,2855,2784,2880,2821,2747,2773
2787: 2757,2771,2748,2817,2791,2749,2511,2820,2750,2765
2788: 2884,2920,2743,2789,2918,2738,2913,2911,2912,2822,2823,2755
2789: 2743,486,2884,2920,2788
2792: 2810,2753,2768,2794,2795,2766,2884,2886,2914,2879,2844,2811,2900,2874,2898,2843,2926,2918
2794: 2820,2765,2768,2795,2766,2792,2810,2753,2884
2797: 2915,2850,2904,2883,2761,2778,2801,2809,2808,2824
2802: 2852,2806,2863,2862,2804,2887,2467,2514,2777,2853,2848,2597,2746,2851,2588
2803: 2746,2851,2872,2852,2597,2587,2469,2588,2818,2783,2860,2859,2861,2835,2767
2804: 2887,2864,2908,2815,2806,2863,2862,2467,2514,2777,2853,2852,2802
2805: 2854,2779,2829,2846,2873,2776,2847,2882,2775,2760,2780,2832,2877,2831,2817,2791,2892,2758,2838,2533,2836,2756,2750
2806: 2863,2862,2864,2908,2815,2804,2887,2777,2853,2852,2802
2807: 2744,2839,2818,2764,2835,2767,2796,486,2849,2907
2810: 2792,2753,2794,2795,2766,2884,2920,2914,2844,2811,2900,2874,2898,2843,2926,2918,2738
2882: 2847,2873,2776,2775,2760,2780,2832,2877,2831,2805,2854,2779,2829,2846
2842: 2909,2841,2840,2878,2837,2838,2533,2836,2756,2820,2750,2825,2827,2901,2923,2768,2819
2815: 2908,2586,2123,2864,2806,2863,2862,2804,2887,2467,2514
2905: 2885,2896,2910,2780,2877,2830,2892,2888,2878,2828,2758,2837,2897,2826,2903,2770,2924,2875,2825,2827,2901,2921,2923
2817: 2791,2847,2775,2760,2805,2854,2779,2829,2846,2757,2787,2771,2838,2533,2836,2756,2820,2750
2821: 2785,2855,2786,2856,2569,2784,2880,2748,2757,2771,2749,2511,2745,2793
2825: 2875,2827,2901,2921,2923,2905,2896,2892,2888,2878,2828,2758,2837,2838,2533,2836,2897,2826,2903,2770,2924,2909,2841,2842,2840,2752,2927,2893,2899,2919,2857,2819
2826: 2897,2903,2770,2924,2830,2905,2896,2875,2825,2827,2901,2921,2923,2752,2927,2893,2899,2919,2857
2827: 2875,2825,2901,2921,2923,2905,2896,2888,2878,2828,2837,2838,2533,2836,2897,2826,2903,2770,2924,2909,2841,2842,2840,2752,2927,2893,2899,2919,2857,2819,2798
2828: 2892,2888,2878,2758,2837,2910,2833,2925,2780,2832,2877,2831,2854,2779,2829,2846,2905,2885,2896,2838,2533,2836,2903,2770,2875,2825,2827,2921,2923
2829: 2805,2854,2779,2846,2873,2776,2847,2882,2780,2832,2877,2831,2817,2791,2892,2888,2878,2828,2758,2837,2838,2533,2836,2756
2830: 2910,2833,2925,2905,2885,2896,2897,2826,2903,2770,2924
2831: 2780,2832,2877,2845,2894,2876,2916,2873,2776,2847,2882,2910,2833,2925,2805,2854,2779,2829,2885,2892,2888,2828,2758,2533
2832: 2780,2877,2831,2876,2873,2776,2847,2882,2910,2833,2925,2805,2854,2779,2829,2846,2885,2892,2888,2878,2828,2758,2837,2838,2533,2836,2756
2833: 2910,2925,2845,2894,2876,2916,2873,2776,2780,2832,2877,2831,2830,2885,2892,2888,2828,2758
2834: 536,2904,2881,2883,2761,2741,2895
2835: 2783,2860,2859,2861,2767,2597,2746,2803,2851,2872,2587,2469,2588,2839,2818,2744,2807,2796,2591
2836: 2838,2533,2756,2780,2832,2877,2805,2854,2779,2829,2846,2817,2791,2892,2888,2878,2828,2758,2837,2875,2825,2827,2901,2923,2909,2841,2842,2840,2768
2837: 2892,2888,2878,2828,2758,2780,2832,2877,2854,2779,2829,2846,2905,2896,2838,2533,2836,2756,2903,2770,2875,2825,2827,2901,2921,2923,2909,2841,2842,2840
2838: 2533,2836,2756,2780,2832,2805,2854,2779,2829,2846,2817,2791,2892,2888,2878,2828,2758,2837,2820,2750,2875,2825,2827,2901,2923,2909,2841,2842,2840,2768
2839: 2818,2764,2747,2773,2597,2746,2872,2745,2793,2783,2860,2835,2767,2744,2807
2840: 2909,2841,2842,2878,2837,2838,2533,2836,2756,2820,2750,2825,2827,2901,2923,2768,2819,2798,2795,2766
2841: 2909,2842,2840,2878,2837,2838,2533,2836,2875,2825,2827,2901,2921,2923,2768,2893,2899,2919,2857,2819,2798,2795,2766
2843: 2811,2900,2874,2898,2926,2795,2766,2792,2810,2753,2884,2920,2886,2914,2844,2918,2738,2913,2911,494,2813,2912,2822
2844: 2886,2914,2879,2819,2798,2795,2766,2792,2810,2753,2737,2922,2891,2811,2900,2874,2898,2843,2926,494,2813
2845: 2894,2876,2916,2741,2895,2833,2925,2877,2831
2846: 2805,2854,2779,2829,2847,2882,2780,2832,2817,2791,2892,2888,2878,2828,2758,2837,2838,2533,2836,2756,2820,2750
2847: 2882,2873,2776,2775,2760,2780,2832,2877,2831,2805,2854,2779,2829,2846,2817,2791
2848: 2777,2853,2784,2880,2852,2802,2747,2773,2597,2746,2872
2849: 2557,2907,2890,2744,2807,2796,2591,486,2625,2589
2853: 2777,2848,2806,2863,2804,2887,2880,2852,2802,2747,2773,2597,2746,2872
2854: 2805,2779,2829,2846,2873,2776,2847,2882,2775,2760,2780,2832,2877,2831,2817,2791,2892,2888,2828,2758,2837,2838,2533,2836,2756
2855: 2785,2778,2801,2809,2808,2824,2786,2856,2569,2821
2856: 2786,2569,2785,2855,2784,2880,2748,2821,2747,2773
2857: 2893,2899,2919,2897,2826,2903,2770,2924,2875,2825,2827,2901,2921,2923,2909,2841,2752,2927,2819,2798,2737,2891
2858: 2889
2859: 2783,2860,2861,2835,2767,2597,2746,2803,2851,2872,2587,2469,2588,2818,2796,2591
2860: 2783,2859,2861,2835,2767,2597,2746,2803,2851,2872,2587,2469,2588,2839,2818,2764,2796,2591
2861: 2783,2860,2859,2835,2767,2597,2746,2803,2851,2872,2587,2469,2588,2818,2796,2591
2862: 2806,2863,2864,2908,2815,2804,2887,2777,2852,2802
2863: 2806,2862,2864,2908,2815,2804,2887,2777,2853,2852,2802
2865: 1953,2869,2870,2867,2866,2917,2868,2871,2902,1603,1583
2866: 1953,2869,2870,2865,2867,2917,2868,2871,2902,1603,1583
2867: 1953,2869,2870,2865,2866,2917,2868,2871,2902,1603,1583
2868: 2917,1953,2869,2870,2865,2867,2866
2869: 1953,2870,2865,2867,2866,2917,2868,2871,2902,555,1603,1583
2870: 1953,2869,2865,2867,2866,2917,2868,2871,2902,555,1603,1583
2871: 2902,555,1953,2869,2870,2865,2867,2866,1603,1583
2872: 2746,2803,2851,2853,2848,2597,2587,2469,2588,2839,2818,2764,2783,2860,2859,2861,2835,2767
2874: 2811,2900,2898,2843,2926,2795,2766,2792,2810,2753,2886,2914,2844,2918,2738,2913,2911,494,2813,2912,2822
2875: 2825,2827,2901,2921,2923,2905,2896,2888,2878,2828,2837,2838,2533,2836,2897,2826,2903,2770,2924,2909,2841,2752,2927,2893,2899,2919,2857,2819
2876: 2845,2894,2916,2741,2895,2873,2776,2910,2833,2925,2780,2832,2877,2831
2879: 2886,2914,2844,2819,2798,2795,2766,2792,2737,2922,2891,2811,2900,494,2813
2880: 2784,2786,2856,2569,2777,2853,2848,2821,2747,2773
2881: 2883,2761,2904,2850,536,2834,2741,2895
2883: 2881,2761,2904,2797,2915,2850,536,2834
2884: 2920,2794,2792,2810,2753,2743,2789,2898,2843,2926,2918,2738,2913,2911,2788
2885: 2905,2896,2910,2833,2925,2780,2832,2877,2831,2830,2892,2888,2878,2828,2758,2903,2770
2887: 2804,2864,2908,2815,2806,2863,2862,2467,2514,2777,2853,2852,2802
2888: 2892,2878,2828,2758,2837,2910,2833,2780,2832,2877,2831,2854,2779,2829,2846,2905,2885,2896,2838,2533,2836,2756,2897,2903,2770,2875,2825,2827,2901,2921,2923
2889: 2551,2858
2890: 2557,2849,2907,2796,2591,486,2625,2589
2891: 2737,2922,2893,2899,2919,2857,2819,2798,2795,2766,2886,2914,2879,2844,494
2892: 2888,2878,2828,2758,2837,2910,2833,2780,2832,2877,2831,2805,2854,2779,2829,2846,2905,2885,2896,2838,2533,2836,2756,2770,2825,2923
2893: 2899,2919,2857,2897,2826,2903,2770,2924,2875,2825,2827,2901,2921,2923,2909,2841,2752,2927,2819,2798,2737,2922,2891
2894: 2845,2876,2916,2741,2895,2873,2776,2910,2833,2925,2780,2877,2831
2895: 2741,536,2834,2881,2845,2894,2876,2916,2873,2776
2896: 2905,2885,2910,2780,2877,2830,2892,2888,2878,2828,2758,2837,2897,2826,2903,2770,2924,2875,2825,2827,2901,2921,2923
2897: 2826,2903,2770,2924,2830,2905,2896,2888,2878,2875,2825,2827,2901,2921,2923,2752,2927,2893,2899,2919,2857
2898: 2811,2900,2874,2843,2926,2795,2766,2792,2810,2753,2884,2920,2886,2914,2844,2918,2738,2913,2911,494,2813,2912,2822
2899: 2893,2919,2857,2897,2826,2903,2770,2924,2875,2825,2827,2901,2921,2923,2909,2841,2752,2927,2819,2798,2737,2891
2903: 2897,2826,2770,2924,2830,2905,2885,2896,2888,2878,2828,2837,2875,2825,2827,2901,2921,2923,2752,2927,2893,2899,2919,2857
2904: 2797,2915,2850,2834,2881,2883,2761
2906: 2641,586,514,2593
2907: 2557,2849,2890,2744,2807,2796,2591,486,2625,2589
2908: 2815,2586,2123,2864,2806,2863,2862,2804,2887,2467,2514
2909: 2841,2842,2840,2878,2837,2838,2533,2836,2875,2825,2827,2901,2921,2923,2768,2893,2899,2919,2857,2819,2798,2795,2766
2910: 2833,2925,2894,2876,2780,2832,2877,2831,2830,2905,2885,2896,2892,2888,2878,2828,2758
2911: 2918,2738,2913,2884,2920,2811,2900,2874,2898,2843,2926,2788,2813,2912,2822,2823,2755
2912: 2822,2811,2900,2874,2898,2843,2926,2918,2738,2913,2911,2788,2813,2823,2755
2913: 2918,2738,2911,2884,2920,2811,2900,2874,2898,2843,2926,2788,2813,2912,2822,2823,2755
2914: 2886,2879,2844,2819,2798,2795,2766,2792,2810,2753,2737,2922,2891,2811,2900,2874,2898,2843,2926,494,2813
2915: 2797,2850,2904,2883,2761,2778,2801,2809,2808,2824
2916: 2845,2894,2876,2741,2895,2873,2776,2833,2925,2877,2831
2918: 2738,2913,2911,2792,2810,2753,2884,2920,2743,2811,2900,2874,2898,2843,2926,2788,2813,2912,2822,2823
2919: 2893,2899,2857,2897,2826,2903,2770,2924,2875,2825,2827,2901,2921,2923,2909,2841,2752,2927,2819,2798,2737,2922,2891
2920: 2884,2810,2753,2743,2789,2898,2843,2926,2918,2738,2913,2911,2788
2921: 2875,2825,2827,2901,2923,2905,2896,2888,2878,2828,2837,2897,2826,2903,2770,2924,2909,2841,2752,2927,2893,2899,2919,2857,2819
2922: 2737,2891,2893,2919,2819,2798,2795,2766,2886,2914,2879,2844,494
2923: 2875,2825,2827,2901,2921,2905,2896,2892,2888,2878,2828,2758,2837,2838,2533,2836,2897,2826,2903,2770,2924,2909,2841,2842,2840,2752,2927,2893,2899,2919,2857,2819
2924: 2897,2826,2903,2770,2830,2905,2896,2875,2825,2827,2901,2921,2923,2752,2927,2893,2899,2919,2857
2925: 2910,2833,2845,2894,2876,2916,2873,2776,2780,2832,2877,2831,2830,2885,2828,2758
2926: 2811,2900,2874,2898,2843,2795,2792,2810,2753,2884,2920,2886,2914,2844,2918,2738,2913,2911,494,2813,2912,2822
2927: 2752,2897,2826,2903,2770,2924,2875,2825,2827,2901,2921,2923,2893,2899,2919,2857