1183: 1229,110,1249,1206,1230,1240,1208,1224,1203,1244,1237
784: 
1068: 237,1063,1065,1067,1083,117,1038,1069,1088,1066,1209,1091,1105,278
1141: 1113,1174,1150,1149,1075,1100,1211
796: 
5: 
949: 
7: 21
1246: 1027,411
1126: 1011,1020,1162,1171,153,1128,1136,1037,1190,598,1007,1139,1134,1236,1250
977: 
11: 244,253
1223: 1053,1151,1091,1105,278,1225,1210,1148,1217,1231,1213
13: 
1113: 1141,1174,1150,1062,1238,1075,1100
15: 199,29
754: 69
17: 37
711: 
19: 334
20: 
21: 825,7
22: 
699: 918
1124: 1131,1218,1208,1224,1200,1242,1204,1203,1244,1237,1153,1221,1241,1239,1227,1181
25: 387
1219: 1236,1250,598,1007,1139,1166,454
27: 
842: 834,667
29: 15
30: 
740: 134
1188: 1216,1129,1158,1149,1211,1109,1184,1186,110,1249,1206,1230,1240,1208,1224
33: 
947: 518
35: 
985: 
37: 17
38: 956
868: 338
995: 948
875: 
42: 822,56
957: 968
44: 
45: 
961: 
766: 246
814: 63,898,125
968: 957
859: 
929: 214
939: 345
905: 205
1160: 1007,1139,1134,1020,1162,1236,1250
727: 662,845
56: 42,638
811: 200
1227: 1181,1124,1200,1242,1204,1245,1228,1153,1221,1241,1239
1216: 1129,1188,1158,1149,1075,1100,1211,1109,1184,1186,110,1249,1206,1230
792: 
61: 105
839: 
63: 814,898
64: 960,981
65: 
698: 864
922: 
869: 887
69: 754,659
837: 1027
1153: 1221,1241,1239,1208,1224,1124,1204,1203,1244,1237,1227,1181
1109: 1184,1149,1075,1100,1211,410,1216,1129,1188,1158,110,1249,1206,1230,1240
1128: 153,1136,1037,1114,1171,1126,1011,1020,1162,598
799: 921
75: 
864: 698
77: 781,208,794
996: 
854: 659
1007: 1160,1139,1134,1126,1011,1020,1162,598,1219,1236,1250
916: 
1172: 1225,1210,278,1232,1171
1215: 1120
1200: 1242,1204,1131,1218,1187,1233,1132,1252,1124,1245,1228,1221,1239,1227,1181
1181: 1227,1124,1200,1242,1204,1245,1228,1153,1221,1241,1239
1235: 1066,1209,1069,1088,237,1063,1065,1067,1083,1091,278,1118,275
87: 
794: 77,781
944: 
90: 505
1211: 1075,1100,1141,1149,1109,1184,1216,1129,1188,1158,1186
948: 995
1158: 1216,1129,1188,1149,1211,1109,1184,1186,110,1249,1206,1230,1240,1208
1064: 1015,166,117,1038,1069,1088
95: 1248,1202,1243,1161,1192,1234,1247,1218,1187,1233,1132,1252
891: 
994: 
98: 345,643
1238: 1097,1148,1150,1113,1197,1201,1251
100: 219
1228: 1245,1218,1187,1233,1132,1252,1200,1242,1204,1227,1181
102: 
872: 
908: 560
105: 61
955: 
1225: 1210,1172,1091,1105,278,1114,275,1223,1232,1171,1231,1213,1190
906: 
704: 
110: 1249,410,1109,1184,1216,1129,1188,1158,1206,1230,1240,1183,1229
845: 727
932: 510
1247: 1192,1234,492,95,1248,1131,1218,1187,1233,1132,1252
1249: 110,410,1109,1184,1216,1129,1188,1158,1206,1230,1240,1183
115: 764
851: 137
117: 1038,1015,166,1064,1028,1030,1069,1088,237,1063,1068,1067
1030: 1028,1015,166,311,1005,117,1038
119: 
120: 408
121: 236
122: 
123: 
1209: 1066,1235,1069,1088,237,1063,1065,1068,1067,1083,1091,1105,278,275
125: 898,814
975: 
911: 
898: 125,814,63
1224: 1208,1188,1131,1230,1240,1124,1183,1229,1203,1244,1237,1153,1221,1241,1239
979: 543
1075: 1100,1211,1141,1113,1149,1109,1184,1216,1129,1186
963: 
1186: 1075,1211,492,1216,1129,1188,1158,1230
134: 740
951: 937
1120: 1215,1149
137: 735,851,650
730: 
1063: 237,1065,1068,1067,1083,117,1038,1069,1088,1066,1209,1235,1091,1105,278
140: 
141: 
986: 487
143: 
1078: 700,1009
903: 
1097: 1146,1096,1098,1073,1148,1174,1150,1062,1238
1237: 1203,1244,1230,1240,1208,1224,1124,1183,1229,1153,1221,1241,1239
148: 548
149: 
790: 
151: 
978: 
153: 1128,1136,1037,1114,1118,1232,1171,1190,1126,1011,1020,1162,598
980: 
1151: 1091,1105,1098,1223
156: 
157: 
965: 1217,1231,1213,1190,1197,1201,1251,1202,1243,1161
1230: 1206,1240,1109,1184,1216,1129,1188,1158,1186,110,1249,1208,1224,1183,1229,1203,1244,1237
902: 475
161: 
162: 
1027: 1246,837,411
1114: 1118,275,278,1225,1232,1171,153,1128,1136,1037
1204: 1200,1242,1131,1218,1233,1124,1245,1228,1153,1221,1241,1239,1227,1181
166: 1015,442,1064,1028,1030,117,1038,1069,1088
820: 
168: 238,682,208
700: 1009,1078
883: 
171: 582
746: 213
173: 
1104: 311,1005
940: 
1065: 237,1063,1068,1067,1083,1038,1069,1088,1066,1209,1235,1091,1105,278
177: 
923: 
1062: 1150,1137,1073,1146,1097,1096,1148,1174,1113
1053: 1223,1091,1105,278
901: 
182: 298
183: 
992: 
185: 
870: 484
967: 
1233: 1132,1252,1192,1247,95,1248,1218,1187,1200,1242,1204,1245,1228
834: 842,667
976: 
191: 983
803: 
1208: 1224,1188,1158,1206,1230,1240,1124,1183,1229,1203,1244,1237,1153,1241
809: 884
1192: 1234,1247,1243,492,95,1248,1131,1218,1187,1233,1132,1252
1203: 1244,1237,1230,1240,1208,1224,1124,1183,1229,1153,1221,1241,1239
962: 
1236: 1219,1250,1126,1162,598,1007,1160,1139,1134,1166
199: 211,384,15
200: 811
201: 934
1073: 1137,1098,1146,1097,1096,1174,1150,1062
953: 
1197: 1201,1251,1238,965,492
205: 905
206: 
982: 
208: 168,682,77
924: 
210: 
211: 199
990: 
213: 746
214: 929
1149: 1120,1141,1075,1100,1211,410,1109,1184,1216,1129,1188,1158
1239: 1153,1221,1241,1224,1124,1200,1242,1204,1203,1237,1227,1181
1098: 1151,1137,1073,1146,1097,1096,1148
914: 467
219: 496,100
1187: 1218,492,1192,1234,1247,95,1248,1131,1233,1132,1252,1200,1242,1245,1228
866: 294
925: 993
223: 
1100: 1075,1211,1141,1113,1149,1109,1184,1216,1129
1118: 1114,275,1235,278,1232,1171,153,1136
941: 
227: 605,338
912: 418
950: 
943: 402
706: 
232: 
233: 
234: 
703: 
236: 121
237: 1063,1065,1068,1067,1083,117,1038,1069,1088,1066,1209,1235,1091,1105,278
238: 168,682
920: 
829: 665
241: 
849: 327
243: 
244: 11,253
971: 
246: 766
247: 
1105: 1091,237,1063,1065,1068,1067,1083,1066,1209,1151,278,1053,1223,1225,1210
877: 
1129: 1216,1188,1158,1149,1075,1100,1211,1109,1184,1186,110,1249,1206,1230
251: 
1148: 1098,1223,1146,1097,1096,1217,1231,1150,1062,1238
253: 11,244
1091: 1105,237,1063,1065,1068,1067,1083,1066,1209,1235,1151,278,1053,1223,1225,1210
255: 326
942: 
1190: 1225,1210,1232,1171,153,1136,1213,1126,1011,1020,1162,965,1139
844: 604
259: 
260: 
928: 
690: 
1218: 1187,492,1192,1247,95,1248,1131,1233,1132,1252,1124,1200,1242,1204,1245,1228
264: 
909: 
1096: 1146,1097,1098,1137,1073,1148,1174,1150,1062
267: 688
998: 
853: 
270: 
887: 869
1248: 95,1243,1192,1234,1247,1218,1187,1233,1132,1252
915: 
823: 
275: 1114,1118,1066,1209,1235,278,1225,1232,1171
959: 552
913: 
278: 237,1063,1065,1068,1067,1083,1066,1209,1235,1091,1105,1114,1118,275,1053,1223,1225,1210,1172,1232,1171
892: 756
1088: 1069,1015,166,1064,117,1038,237,1063,1065,1068,1067,1083,1066,1209,1235
281: 
958: 
764: 115
1038: 117,1015,166,1064,1028,1030,1069,1088,237,1063,1065,1068,1067,1083
285: 345
286: 822
1244: 1203,1237,1230,1240,1208,1224,1124,1183,1229,1153,1221,1241
720: 384
960: 64
984: 
952: 
292: 
1107: 759
294: 866
672: 
999: 
1162: 1126,1011,1020,1171,153,1128,1136,1037,1190,598,1007,1160,1139,1134,1236,1250
298: 182
299: 
300: 
956: 38
1232: 1171,278,1114,1118,275,1225,1210,1172,153,1136,1213,1190,1011
303: 477
904: 
1015: 166,442,1064,1028,1030,117,1038,1069,1088
1066: 1209,1235,1069,1088,237,1063,1065,1068,1067,1083,1091,1105,278,275
307: 840
991: 525,506,586
821: 461
1028: 1030,1015,166,311,1005,117,1038
311: 1005,1028,1030,1104
312: 
313: 
1201: 1197,1251,1238,965,492
315: 644
712: 358
989: 
1069: 1088,1015,166,1064,117,1038,237,1063,1065,1068,1067,1083,1066,1209,1235
856: 
320: 
825: 697,21
945: 
323: 631
981: 64
1242: 1200,1204,1131,1218,1187,1233,1124,1245,1228,1221,1241,1239,1227,1181
326: 255
327: 331,849
1161: 965,95
1132: 1233,1252,1192,1234,1247,95,1248,1218,1187,1200,1245,1228
1037: 153,1128,1136,1114,1171,1126,1011,1020,1162,598
331: 327
918: 699
1184: 1109,1149,1075,1100,1211,410,1216,1129,1188,1158,110,1249,1206,1230
334: 19
697: 825
1020: 1126,1011,1162,153,1128,1136,1037,1190,598,1007,1160,1139,1134,1250
1166: 598,411,1219,1236,1250,454
338: 868,227,605
339: 
840: 307
938: 
966: 
1221: 1153,1241,1239,1224,1124,1200,1242,1204,1203,1244,1237,1227,1181
937: 951
345: 285,98,939
921: 799
347: 
348: 
349: 425
997: 
806: 
917: 497
836: 
354: 542
355: 
356: 453
970: 
358: 712
359: 
360: 
884: 809
1234: 1192,1247,1202,1243,492,95,1248,1187,1132,1252
931: 
759: 1107
365: 646
1005: 311,1028,1030,1104
1134: 1007,1160,1139,1126,1020,1162,598,1236,1250
1146: 1097,1096,1098,1137,1073,1148,1174,1150,1062
964: 
815: 
371: 
954: 
1131: 492,1192,1247,1218,1187,1224,1124,1200,1242,1204
1240: 1206,1230,1109,1188,1158,110,1249,1208,1224,1183,1229,1203,1244,1237
710: 
667: 834,842
377: 
673: 
817: 
688: 267
969: 
382: 
1136: 153,1128,1037,1114,1118,1232,1171,1190,1126,1011,1020,1162,598
384: 720,199
1231: 1217,1223,1225,1210,1148,1213,965
935: 
387: 25
1083: 237,1063,1065,1068,1067,1038,1069,1088,1066,1209,1235,1091,1105,278
974: 
907: 
391: 
930: 
1210: 1225,1172,1091,1105,278,1223,1232,1171,1217,1231,1213,1190
983: 191
1213: 1223,1225,1210,1232,1171,1217,1231,1190,965
396: 
773: 
910: 
936: 494
400: 471
401: 
402: 943
403: 
404: 
405: 
406: 
407: 
408: 120
409: 
410: 1149,1109,1184,110,1249
411: 1246,1027,1166
412: 418
413: 489
414: 
415: 
416: 
417: 
418: 412,912
419: 
420: 
421: 
422: 
423: 
424: 
425: 349
426: 
427: 
428: 
429: 498,537,530
430: 
431: 
432: 
433: 
434: 
435: 565
436: 
437: 
438: 
439: 
440: 
441: 
442: 1015,166
443: 
444: 
445: 
446: 
447: 
448: 
449: 
450: 463,511
451: 
452: 
453: 356
454: 1219,1166
455: 
456: 
457: 
458: 
459: 
460: 
461: 821
462: 
463: 511,450
464: 
465: 
466: 
467: 914
468: 
469: 
470: 
471: 400
472: 
473: 
474: 
475: 902
476: 
477: 303
478: 
479: 
480: 
481: 
482: 
483: 495
484: 870
485: 
486: 
487: 986
488: 
489: 413
490: 
491: 
492: 1197,1201,1251,1202,1243,1192,1234,1247,1186,1131,1218,1187
493: 
494: 936
495: 483
496: 219
497: 917
498: 429,537
499: 629
500: 
501: 
502: 
503: 
504: 
505: 90
506: 525,991
507: 
508: 
509: 
510: 932
511: 463,450
512: 
513: 558
514: 
515: 
516: 
517: 
518: 947
519: 
520: 580
521: 
522: 
523: 563
524: 
525: 506,991,586
526: 541
527: 
528: 743
529: 
530: 429,537
531: 
532: 
533: 
534: 
535: 557
536: 
537: 498,429,530
538: 
539: 
540: 
541: 526
542: 354
543: 979
544: 
545: 
546: 
547: 
548: 148
549: 
550: 
551: 
552: 959
553: 
554: 
555: 
556: 
557: 535
558: 513
559: 
560: 908
561: 
562: 
563: 523
564: 
565: 435
566: 
567: 
568: 
569: 
570: 
571: 
572: 
573: 
574: 
575: 
576: 
577: 
578: 
579: 
580: 520
581: 
582: 171
583: 
584: 
585: 
586: 525,991
587: 
588: 
589: 
590: 
591: 
592: 
593: 
594: 
595: 
596: 
597: 
598: 153,1128,1136,1037,1126,1011,1020,1162,1007,1139,1134,1219,1236,1250,1166
599: 
927: 
743: 528
1174: 1137,1073,1146,1097,1096,1150,1062,1141,1113
988: 
604: 844,607
605: 227,338
832: 
607: 604
1206: 1230,1240,1109,1184,1216,1129,1188,1158,110,1249,1208,1183,1229
900: 
665: 829
1009: 700,1078
1241: 1153,1221,1239,1208,1224,1124,1242,1204,1203,1244,1237,1227,1181
1067: 237,1063,1065,1068,1083,117,1038,1069,1088,1066,1209,1235,1091,1105,278
972: 
946: 
973: 
617: 
618: 
619: 
1150: 1062,1073,1146,1097,1096,1148,1174,1238,1141,1113
1202: 965,492,1234,95
622: 
623: 
1171: 1232,278,1114,1118,275,1225,1210,1172,153,1128,1136,1037,1213,1190,1126,1011,1162
625: 
1137: 1073,1098,1146,1096,1174,1062
627: 634
926: 
629: 499
756: 892
631: 323
865: 
822: 286,42
634: 627
709: 
1139: 1007,1160,1134,1190,1126,1011,1020,1162,598,1219,1236,1250
781: 77,794
638: 56
639: 
1229: 1183,110,1206,1230,1240,1208,1224,1203,1244,1237
1243: 965,492,1192,1234,95,1248
894: 
643: 98
644: 315
735: 137,650
646: 365
647: 
885: 
1011: 1126,1020,1162,1232,1171,153,1128,1136,1037,1190,598,1007,1139,1250
650: 735,137
732: 
993: 925
1217: 1231,1223,1210,1148,1213,965
654: 
682: 238,168,208
1252: 1233,1132,1192,1234,1247,95,1248,1218,1187,1200,1245,1228
987: 
933: 
659: 69,854
934: 201
919: 
662: 727
1245: 1228,1218,1187,1233,1132,1252,1200,1242,1204,1227,1181
1250: 1219,1236,1126,1011,1020,1162,598,1007,1160,1139,1134,1166
1251: 1197,1201,1238,965,492