1574: 1605,1278,1253,480
543: 
1068: 1069,1067,237,1063,1065
1141: 1100
1543: 1349,1388,1578,448
566: 
949: 
1581: 1562,1588,157
1445: 1530,1454,1586
1126: 1011,1020,1162,492,153,1128,1136,1037
977: 946
1519: 1564,952,1450,1531,1482,1476,1430,487,1554,1479
1373: 1379,1394,1415,1467,1459,1365,1476,1430,487,1525,1506,1478,1345,1317,1346,1393,1426,1316,323,1431
1572: 1527,902
1394: 1379,1415,1467,1373,1459,1365,1525,1506,1478,1526,1561,1345,1317,1346,1393,1426,323,1431
535: 
754: 69
1459: 1387,1557,1456,1419,1365,1525,1379,1394,1415,1467,1373
1509: 1357,985,1410,1345,1428
583: 
1566: 
1376: 1501,1425
900: 
1520: 1495,1424,1496
1337: 1521
1383: 
520: 
1393: 1346,1426,1316,323,1431,1394,1415,1467,1373,1506,1478,1345,1317,1425,1461,1464,985,1410,1472,1395,1452,1399
1602: 1532,1592,1528
29: 
562: 
509: 
1174: 1062
822: 1487,1526,1561,482
947: 
563: 
985: 1509,1357,1410,1345,1317,1346,1393,1426,1431,1428
1450: 1531,1482,1519,1564,1430,487,1554,1479
1434: 1512
1556: 1576,935
995: 
551: 
1532: 1602,1592,1528
957: 
1540: 1499,1571
1367: 
961: 
766: 
1456: 1387,1557,1419,1499,1571,1459,1365
968: 
1587: 1606,411
929: 
939: 
905: 1589,1600
1461: 1425,1464,1346,1393,1426,1316,323,1431,1472,1395,1452,1399,1436
552: 1424,1496
572: 
1506: 1478,1365,1476,1430,487,1554,1479,1379,1394,1415,1467,1373,1345,1317,1346,1393,1426,1316,323,1431,1425,1464
560: 
1410: 1509,1357,985,1345,1346,1393,1426,1431,1472,1428,1489
1479: 1554,1519,1564,1450,1531,1482,1476,1430,487,1506,1478
61: 1460,1398,1551,1409
539: 937,979
558: 
1527: 1572,902
1495: 1520,1424,1496,1359
1582: 313,591,1569
922: 
589: 926
69: 754
1600: 1589,905
598: 531
1202: 
1128: 153,1136,1037,1126,1011,1020,1162,492
587: 
515: 
1571: 1499,1540,1387,1557,1456,1419,952
569: 
996: 
854: 
605: 227,659
916: 
1172: 
1605: 1574,1278,1253,480
591: 1582,1569
926: 589
1487: 822,1526,1561,482
1513: 1548,1443,1598,488
532: 593
944: 
582: 
1295: 
948: 
1349: 1543,1578,448
1064: 1088,415
588: 
1253: 1278,1605,1574
994: 1474,1514
1518: 1424,1496
1496: 1518,1424,552,1520,1495
1266: 1151,927,575
593: 532
1426: 1346,1393,1316,323,1431,1394,1415,1467,1373,1506,1478,1345,1317,1425,1461,1464,985,1410,1472,1395
544: 
908: 
1606: 1587,411
955: 
1346: 1393,1426,1316,323,1431,1394,1415,1467,1373,1506,1478,1345,1317,1425,1461,1464,985,1410,1395
906: 
659: 227,605
581: 
1539: 
932: 510
575: 507,1266,1151
993: 
1475: 1575
531: 1069,1066,1083,598
1395: 1452,1399,1346,1393,1426,1316,323,1431,1425,1461,1464,1472,1436
1428: 1489,1509,1357,985,1410,1472,1399,1398
513: 
1278: 1253,1605,1574
1387: 1557,1456,1419,1499,1571,1459
1316: 1346,1393,1426,323,1431,1415,1467,1373,1506,1478,1345,1317,1425,1461,1464,1395
1604: 853,915
1458: 997,1563,1397
506: 
975: 
911: 
555: 921
597: 
979: 539
988: 
963: 
1535: 
538: 
951: 
1348: 1402,522
536: 
592: 
1063: 237,1065,1069,1067,1068,1066,1083
1562: 1581,1588,157
1569: 591,1582
986: 1397
559: 
586: 
903: 
1589: 1600,905
596: 
1359: 1495
557: 
580: 
537: 
978: 
153: 1128,1136,1037,1126,1011,1020,1162
980: 
1151: 1266,927,575
568: 
157: 1588,1562,1581
965: 311,1005,166
1413: 1453,546
902: 1527,1572
556: 
1503: 1404,1488
1430: 1476,487,952,1519,1564,1450,1531,1482,1365,1554,1479,1379,1467,1373,1506,1478
541: 
594: 
166: 1015,311,1005,965
820: 
507: 575
700: 1009,454
1528: 1602,1532,1592
519: 
550: 
1547: 1601,913,1580,1443
574: 
940: 
1065: 237,1063,1069,1067,1068,1066,1083
1399: 1395,1452,1393,1461,1464,1472,1436,1428,1489,1460,1398
923: 
1062: 1174
1053: 
901: 
1436: 1425,1461,1464,1395,1452,1399,1460,1398
1588: 157,1562,1581
992: 
1290: 
534: 
967: 
573: 
547: 
976: 
919: 
1415: 1379,1394,1467,1373,1459,1365,1476,1525,1506,1478,1526,1561,1345,1317,1346,1393,1426,1316,323,1431
1565: 233,482,1585
590: 
1464: 1425,1461,1506,1478,1346,1393,1426,1316,323,1431,1472,1395,1452,1399,1436
1514: 1474,994
962: 
927: 1266,1151
1578: 1388,1558,1537,1349,1543
584: 
934: 
1531: 1450,1482,1519,1564,1430,487,1554,1479
953: 
1197: 
973: 
517: 
982: 
1357: 1509,985,1410,1345,1428
924: 
1453: 1413,546
1424: 1518,1496,552,1520,1495
990: 
578: 
1341: 1477,840,1576
1149: 1184
1388: 1578,1558,1537,1543
1502: 1536
914: 
1419: 1387,1557,1456,1499,1571,952,1459,1365
1011: 1126,1020,1162,492,153,1128,1136,1037
1607: 232
925: 974
1521: 1337
1100: 1141
1489: 1428,1410,1472,1399,1460,1398,1515
941: 
227: 605,659
912: 
950: 
943: 
1443: 1547,1580,456,1598,1513,1548
232: 1607
233: 1565
1551: 1414,1409,61,1470
1404: 1503,1488
579: 
237: 1063,1065,1069,1067,1068,1066,1083
508: 
920: 504
1379: 1394,1415,1467,1373,1459,1365,1476,1430,487,1525,1506,1478,1561,1345,1317,1431
599: 
1580: 1547,913,1443,456,1598
514: 
1476: 1430,487,952,1519,1564,1482,1365,1554,1479,1379,1415,1467,1373,1506,1478
971: 470
972: 554
1557: 1387,1456,1419,1499,1571,952,1459,1365
1583: 1603,475
1585: 482,1565
1402: 1348,522
1576: 1341,1477,1556
1345: 1317,1379,1394,1415,1467,1373,1506,1478,1526,1561,1346,1393,1426,1316,323,1431,1509,1357,985,1410
1526: 1561,1525,1394,1415,822,1487,1345,1317
1512: 1434
512: 
942: 
571: 
1478: 1506,1365,1476,1430,487,1554,1479,1379,1394,1415,1467,1373,1345,1317,1346,1393,1426,1316,323,1431,1425,1464
1501: 1376,1425
1563: 1397,1458
928: 498
1499: 1571,1540,1387,1557,1456,1419,952
567: 
528: 
909: 
1467: 1379,1394,1415,1373,1459,1365,1476,1430,487,1525,1506,1478,1345,1317,1346,1393,1426,1316,323,1431
524: 
998: 
853: 1604,915
585: 
523: 
1525: 1459,1365,1379,1394,1415,1467,1373,1526,1561,1317
915: 853,1604
1009: 700,454
533: 
959: 1558,1537
913: 1601,1590,1547,1580
530: 
892: 505
1088: 1064,415
522: 1348,1402
958: 
553: 936
1474: 1514,994
1365: 1557,1456,1419,1459,1476,1430,487,1525,1379,1394,1415,1467,1373,1506,1478
1530: 1445,1454,1586
510: 932
542: 
960: 
984: 
952: 1499,1571,1557,1419,1519,1564,1476,1430,487
595: 
1561: 1526,1525,1379,1394,1415,822,1487,1345,1317
505: 472,892
521: 
999: 516
1162: 1126,1011,1020,492,153,1128,1136,1037
518: 
1470: 1551,1414,1409
300: 
956: 
1414: 1551,1409,1470
933: 
904: 
1015: 166
1066: 1083,1069,1067,531,237,1063,1065
549: 
991: 
1268: 1326
1454: 1323,1445,1530
311: 1005,965,166
554: 972
313: 1582
1536: 1502
548: 
526: 421
989: 
1069: 1067,531,1068,237,1063,1065,1066,1083
1601: 1590,1547,913
545: 
576: 
945: 
323: 1346,1393,1426,1316,1431,1394,1415,1467,1373,1506,1478,1345,1317,1425,1461,1464,1395
981: 
946: 977
516: 999
327: 
1161: 
570: 
1037: 153,1128,1136,1126,1011,1020,1162,492
1592: 1602,1532,1528
918: 
1184: 1149
1425: 1461,1464,1506,1478,1376,1501,1346,1393,1426,1316,323,1431,1395,1452,1436
1323: 482,1454
1020: 1126,1011,1162,492,153,1128,1136,1037
1243: 
338: 
1460: 1398,1472,1452,1399,1436,1489,61
840: 1341
938: 426
966: 
1391: 1444,1515,1586
937: 539
1477: 1341,1576
921: 555
347: 
1326: 1268
540: 
997: 1458,1397
1482: 1450,1531,1519,1564,1476,1430,487,1554,1479
917: 
1515: 1489,1391,1444
1537: 1558,959,1388,1578
546: 1413,1453
1067: 1069,1068,237,1063,1065,1066,1083
970: 
1603: 1583,475
1488: 1503,1404
1452: 1395,1399,1393,1425,1461,1464,1472,1436,1460,1398
627: 1586
1431: 1346,1393,1426,1316,323,1379,1394,1415,1467,1373,1506,1478,1345,1317,1425,1461,1464,985,1410,1395
931: 
565: 
529: 
1005: 311,965,166
561: 477,496
1472: 1393,1426,1461,1464,1410,1395,1452,1399,1428,1489,1460,1398
964: 
1398: 1460,1472,1452,1399,1436,1428,1489,61
1317: 1345,1525,1379,1394,1415,1467,1373,1506,1478,1526,1561,1346,1393,1426,1316,323,1431,985
954: 
1575: 1475
1590: 1601,913
1444: 1391,1515,1586
1558: 1537,959,1388,1578
1548: 1513,1443,1598,488
564: 
511: 
1586: 1445,1530,1391,1444,627
969: 
527: 
1136: 153,1128,1037,1126,1011,1020,1162
1554: 1479,1519,1564,1450,1531,1482,1476,1430,487,1506,1478
987: 
935: 1556
1397: 1563,1458,997,986
1083: 1066,1069,1067,531,237,1063,1065
974: 925
907: 
1598: 1580,1443,456,1513,1548
930: 452
577: 
983: 
525: 
1409: 1551,1414,61,1470
1564: 1519,952,1450,1531,1482,1476,1430,487,1554,1479
910: 
936: 553
400: 
401: 
402: 
403: 
404: 
405: 
406: 
407: 
408: 
409: 
410: 
411: 1606,1587
412: 
413: 
414: 
415: 1088,1064
416: 
417: 
418: 
419: 
420: 
421: 526
422: 
423: 447
424: 
425: 
426: 938
427: 
428: 
429: 
430: 
431: 
432: 
433: 
434: 
435: 
436: 
437: 
438: 
439: 
440: 
441: 
442: 
443: 
444: 
445: 
446: 
447: 423
448: 1349,1543
449: 
450: 
451: 
452: 930
453: 
454: 700,1009
455: 
456: 1580,1443,1598
457: 
458: 
459: 
460: 
461: 
462: 
463: 
464: 
465: 
466: 
467: 
468: 
469: 
470: 971
471: 
472: 505
473: 
474: 
475: 1603,1583
476: 
477: 561
478: 
479: 
480: 1605,1574
481: 
482: 822,1487,1565,1585,1323
483: 
484: 
485: 
486: 
487: 1476,1430,952,1519,1564,1450,1531,1482,1365,1554,1479,1379,1467,1373,1506,1478
488: 1513,1548
489: 
490: 
491: 
492: 1126,1011,1020,1162,1128,1037
493: 
494: 
495: 
496: 561
497: 
498: 928
499: 
500: 
501: 
502: 
503: 
504: 920