1574: 1605,1750,2706,514,2906,598
543: 
1068: 1632,1656,1630,1655,1659,1653,1654,1657,1658,1640,1638,1627,1619,1624
1141: 1100
1543: 1349,547
566: 
949: 1731,1521,596
1581: 1562
1445: 1530
1701: 1671,1700,2465,915,2454,2410,2266
977: 2690,2630,2658,2683,2657
1519: 1564,1450,1531,1476,1430
1373: 1467,1685
1572: 1527,907,1580,1547,559,497
1394: 1415,903,1431,1346
535: 1015,166
1939: 2223,2164,2104,2072,2087,2050,2580,1979
1459: 1404,1503,1525
2808: 2778,2801,2809,2824,2797,2915,2785,2855
583: 2211,2207,2213,1936,1967,1976,2031
1619: 1640,1638,1627,1644,1624,1646,1632,1068,1630,1655,1659,1653,1657,1636,1645,1639
1376: 1501
900: 2447,2209
1520: 1495
1337: 1690,1702
500: 
520: 
1393: 1431,1426,1346,1461,1395
1602: 1532,931
1623: 1066,1618,1083,1065,1615,1053,1686,1664
562: 
509: 2438,2505,2373,2291,2497,2452
1174: 1062,478
822: 1487,2174,2455,926,2148,2224,2498,2499
947: 
563: 2865,3148,3064
985: 
1450: 1531,1519,1564,1476,1430
2261: 2337,2258,2181,2253,2312,2342,2110,2283,2282,2240,2275,2094,2338,2193,1994,2184,2159,2339,2204,2076,2045,2187,2272,2201,2140,2091,2280,2139,2279,2281
1556: 1576
995: 2578,2619
551: 
1532: 1602,931
957: 
1540: 1499,1571
1687: 1668,1685,969
961: 
495: 
1456: 1387
968: 
1718: 1765,1558
929: 
939: 
905: 
1461: 1431,1393,1426,1346,1395
552: 
572: 1768
1506: 1478
560: 
504: 
1479: 1554
61: 
539: 510
558: 1817,1689,2772,2742
1527: 1572,907,1580,1547,559,497
1495: 1520
2145: 3087,3055,3090,2977,3157,2097,3160,2999,3146,2963,3151,2161,3075,3149,3088,3145,3025,3159,2994,2042,3156,3137
922: 
589: 2590,2495,2592,2595,2449,2655,2596,2627
1874: 2540,1853,1606
1600: 1789
598: 1574,1605
1202: 
1781: 1752
587: 
515: 1580,1547
1571: 1540,1499
569: 1972,2015,2033,1974,1921,2059,1955,1986
996: 1798,1740
1823: 1940,946,2073,1992,1963,1972,2015,502,1965,1941,1974,1921
1690: 1337,1702
916: 2206,2117
1172: 1136,1635
1605: 1574,1750,2706,514,2906,598
591: 
926: 1487,822
1487: 822,2174,2455,926,2148,2224,2498,2499
1513: 1548,999,449
532: 
944: 3128,3050,3126,2737,2943,3150,3180,2929,3042,3127,3116,3134,494
582: 434
1295: 1424,1672
948: 527
1349: 1543,547
1064: 1088,2704,2646,2647,908,1629,1633
588: 2556,2303,2460,2458,1989,2459,2482,2481,2399,2479,2168,2105,2367
1253: 1651,1662,700,1278
994: 959
1518: 
1496: 1660,1424
2729: 2711,2701
593: 
1426: 1431,1393,1346,1461,1395
544: 
908: 1064,1088,1629,1633
1606: 1874,2540,1853
955: 
1346: 1431,1393,1426,1415,1394,1461,1395
906: 
1635: 1136,1676,1650,1172
581: 
498: 
932: 2716
575: 2509,2571
993: 1779
1646: 1640,1638,1627,1619,1644,1624,1655,1636,1645,1680,1639,1648
531: 1788,1970,1863,1807,981
1395: 1431,1393,1426,1346,1461
2602: 1991,2579,1886,2580,1979,1883
513: 
1278: 700,1637,1253
1387: 1456
2541: 1951,2648,2516,2559,1933,2560,2539,2709,2486,2504,1884,2708
1671: 1701,853,1677,2364,1700,2465,2488,2464,2040,2392,915,2454,2334,2267,2333,2410,2266,2262,2394
1458: 1397,901
506: 409
975: 
911: 511,980
555: 3138,3139,3140,3083,2902,3175,3080,3172,2982,2870,3092,3030,3097,3122
597: 
979: 
988: 
963: 
1684: 1663,1588,157
538: 
951: 
1348: 1402
536: 2935,3086,3045,2834,2761
592: 
3168: 3029,936,2987,3136,3131,3103,3052,3027,3096,3106,3177,3179,3028,2826
1562: 1581
2578: 1867,1913,995,2599,2619
986: 
559: 1580,1547,1527,1572
586: 2711,2701
903: 1415,1394
1589: 1732,912
596: 1731,1521,949
1670: 1743
557: 461
580: 
537: 
978: 
3073: 3142,2941,3017,3130,2924,3125,3178,2899,3065,3074,2752,3165,3071,2939,3162,3183,3164,964,3050
980: 911
1974: 1921,1940,1823,946,569,1948,1864,1922,1917,1843
568: 3070,2236,2043,2098,2204,2076,2045,2187,2272,2201,2140,2091,2280,2139,2090,2075,2115,3015,2999,3146,3021,2030,1966,2003,1987,2956
157: 1588,1684,1663
965: 
2637: 2630,2658,2613
902: 
556: 
1503: 1404,1459,1525
1430: 1476,1519,1564,1450,1531
541: 
594: 
166: 1015,535
1708: 1750,2706,1746,415
507: 1776,1960,1792,1728
700: 1278,1637,1253
1528: 521,1592
519: 
550: 1184
1547: 1580,907,515,1527,1572,559
574: 
940: 1936,1967
1065: 1618,1083,1615,1612,1067,1069,1620,1066,1623
1837: 1783,1714
923: 
1062: 1174
1053: 1066,1623,1686,1664
901: 1458,1397
501: 
1588: 157,1684,1663
992: 
1290: 1685
534: 2057,2004,1876,1803
967: 
573: 
547: 1543,1349
976: 
919: 
1415: 1394,903,1431,1346
1565: 1585
590: 2033,3107,2061,2018,2059,1955,1986
2687: 2642,2674,2721,2713
1514: 1474
962: 1720,1703
927: 1891,1793,1915,2496
1578: 1388
584: 1323,1454
934: 1402
1531: 1450,1519,1564,1476,1430
953: 
1197: 
973: 
517: 
982: 479
2811: 2989,2930,3061,3102,3047,3014,2844,2914,3033,2931,2900,2766,2795,2843,2898,3046,2879,2928,3048,3093,3043,3105,2926,2951,3041,3104,3023,3171,3100,3167,3158,2990,3084,3024,3081
924: 
1891: 927,1793,2501,1915,2496
1424: 1295,1672,1496,1660
990: 
578: 490,2561,2450,2507,2441
1341: 1477,3000,2858
1149: 1184,461
1388: 1578
1502: 1536,433
914: 
1419: 1557
1693: 1707,1725,1698,1723,1754
2873: 2776,2895,2876,2847,2882,2854,3010,2833,2925,2780,2832,2877,2831,2758,2829,2846,2756,2805,2779
925: 
1521: 1731,596,949
1100: 1141
2107: 2183,2185,2259,2247,2235,2248,2129,2249,2250,2323,2252,2253,2312,2150,2163,2062,2162,2256,2138,2130,1994,2184,2159,2133,3031,2093,2160,2186,2188,2182,2204,2076,2045,2187
941: 
1659: 1630,1655,1653,1654,1657,1658,1632,1068,1656,1640,1638,1627,1619,1624,1639
912: 1589,1732
950: 
943: 
1443: 1598
2753: 2794,2792,2884,2843,2898,2738,2810,2920
2540: 1874,1853,1606
1551: 465,1414
1404: 1503,1459,1525
579: 
2768: 2909,2841,2878,2837,2838,2533,2836,2875,2825,2923,2901,2827,2840,2842,2819,3026
508: 
920: 
3003: 2993,2245,2243,2325,2044,2386,2324,2241,2046,2408,2423,2425,2242,2244,2381,2215,2351,2347,2404,2345,2344,2089,2240,2275,2338,2193,2002
599: 
1580: 1547,515,1527,1572,559
514: 2906,2641,1574,1605
1476: 1430,1519,1564,1450,1531
971: 
972: 549
1557: 1419
1583: 1603,2947
1585: 1565
1402: 934,1348
1576: 1556
2657: 2683,2630,2658,2633,977,2663,2661
1526: 1561,2565,2442
2281: 2280,2139,2279,2337,2258,2261,2181,2339,2272,2201,2140,2091,2260,3001,512,2236,2043,3015,2199,3051,3146
512: 2260,3001,2335,2271,2280,2139,2279,2281,2237,2132,2199,3051,2963,3151
942: 
571: 2349,2165
1478: 1506
1501: 1376
1563: 
928: 
1499: 1540,1571
567: 435
528: 
909: 917
1467: 1373
524: 2033,2006,2059,1955,1986
998: 426
853: 1677,2364,2377,2476,2475,2523,2512,2427,1700,2465,2433,2152,2040,2392,915,1671
585: 
523: 
1525: 1404,1503,1459
915: 2040,2392,2476,2523,2512,2427,853,1677,2364,1700,2465,2416,1701,1671,2265,2365,2267,2333,2410,2409,2266
2822: 2926,2951,2976,2918,3084,3024,2934,3081,2975,2911,2912,3058,3170,3132,3060,2755,2823
533: 
959: 994
913: 
530: 
496: 441
1088: 1064,2704,2646,2647,908,1629,1633
522: 
958: 
553: 
1474: 1514
3013: 2335,2271,2395,2405,2277,2196,2191,2332,2391,2992,2985,2066,2422,2988,2237,2132,2474
1530: 1445
510: 539
542: 
960: 411
984: 
952: 482
595: 
1561: 1526,2565,2442
505: 
521: 1528
999: 1513,1548
2589: 2625,2907,3056,2995,2996,3062,2743
518: 
1680: 1656,1630,1655,1653,1654,1640,1638,1644,1624,1646,1639,1648,1754
502: 2073,1992,1963,1940,1823,946,1965,1941
956: 
1414: 1551
933: 1877,1766
904: 
1015: 166,535
1066: 1623,1618,1083,1065,1615,1053,1686,1664
549: 972,477
991: 1947,2116
1268: 1326
1454: 1323,584
2801: 2778,2809,2808,2824,2797,2915,2785,2855
554: 430
497: 1527,1572
1536: 1502,433
548: 421
526: 
989: 
1069: 1620,1612,1067,1083,1065,1615
1601: 1590
545: 411
576: 
945: 2722,2692,2663,2661,2614,2673,2675,2700
2730: 2678
981: 1788,1970,531
946: 1940,1823,2073,1992,1963,1972,2015,502,1965,1941,1974,1921
516: 1988,1791
1637: 700,1278
1161: 
570: 
1985: 1973,2053,2198,2116
1592: 1528
918: 2350,1773,2595,2449
1184: 550,1149
1714: 1694,1837,1783
1323: 1454,584
1686: 1664,1066,1623,1053
1243: 
499: 
3167: 3023,3171,3100,3158,2990,3046,2928,3048,3093,3043,3105,2811,2989,2930,3061,3102,2926,2951,3041,3124,2922,3104,3115,3155,3024,3081,3049,3154,3077,2813,3169,3059,3022,3174,2912,3170
1732: 1589,912
938: 2468,2566
966: 2113,2114,2998,1982,3031,2093,2160,3054,2997,2137,2054,2080,2134,2092,3063,2029
1700: 2465,853,1677,2364,2488,2464,2040,2392,915,1701,1671,2454,2334
937: 
1477: 1341,3000,2858
921: 
1698: 1723,1707,1693,1725
1326: 1268
540: 2151,2653,2507
997: 
503: 
917: 909
1766: 933,1978,1877,1818,1844,1836
1537: 1558
546: 
1067: 1612,1069,1620,1618,1083,1065,1615
970: 
1603: 1583,2947
2233: 2426,2443,2445,2168,2348,2366
1668: 1687,1685,969
1719: 1763,2070,2336
1431: 1393,1426,1346,1415,1394,1461,1395
931: 1532,1602
565: 
529: 
2852: 2804,2908,2815,2887,2777,2853,2746,2802
561: 
1624: 1640,1638,1627,1619,1644,1646,1632,1068,1630,1655,1659,1653,1654,1657,1658,1636,1645,1680,1639,1648
964: 3073,3142,2941,2752,3165,3071,2939,3162,3183,3164,3050
2033: 590,3107,2061,569,2018,2059,1955,1986,524
2877: 2780,2832,2831,2758,2895,2876,2873,2776,2847,2854,3010,2833,2949,2925,2829,2846,2756,2779,2948,2892,2888,2878,2828,2837,2838,2533,2836
954: 
1575: 1642,1641,1643
1590: 1601
2104: 2164,1976,2031,2210,444,2072,1939,2223,2087,2050
1558: 1718,1765,1537
1548: 1513,999,449
564: 2674,2721
511: 911
1788: 1970,531,1797,1760,452,1863,1807,981
969: 1668,1687
527: 948
1136: 1635,1676,1650,1172
1554: 1479
987: 
935: 
1397: 1458,901
1083: 1618,1065,1615,1612,1067,1069,1620,1066,1623
974: 
907: 1547,1527,1572
1598: 1443
930: 
577: 
983: 
525: 409
1984: 1855
1564: 1519,1450,1531,1476,1430
910: 
936: 2987,3136,2984,2968,3094,3153,2894,3123,2885,2905,3099,3053,3111,3029,3168,3131,3103,3052,3027,3096,2896
400: 
401: 
402: 
403: 
404: 
405: 
406: 2762,2736,2684,2707
407: 
408: 
409: 525,506
410: 
411: 545,960
412: 
413: 
414: 
415: 1746,1708
416: 
417: 
418: 
419: 
420: 
421: 548
422: 
423: 
424: 3122,3120,2871,3121
425: 
426: 998
427: 
428: 
429: 
430: 554
431: 
432: 2772,2742
433: 1502,1536
434: 582
435: 567
436: 
437: 
438: 
439: 
440: 
441: 496
442: 1846,1729
443: 
444: 1936,1967,1976,2031,2164,2104,2072,2223
445: 
446: 
447: 
448: 
449: 1513,1548
450: 2468,2566
451: 1768,1832
452: 1797,1772,1802,1760,1846,1729,1788,1970
453: 
454: 
455: 
456: 
457: 
458: 
459: 2707,2762
460: 
461: 1149,557
462: 
463: 
464: 
465: 1551
466: 
467: 
468: 
469: 
470: 
471: 
472: 2568,2534,2542,2125
473: 
474: 
475: 
476: 
477: 549
478: 1174,2026,2119
479: 982
480: 
481: 
482: 952
483: 
484: 
485: 2491,2444
486: 2807,2744
487: 
488: 
489: 
490: 2561,2450,578
491: 
492: 
493: 2660,2690
494: 3126,2737,2943,3150,3180,2929,3042,3127,3116,3134,3041,3124,2922,3104,3115,3155,944,3128,3049,3154
2976: 2918,2843,2898,2738,2920,2926,2951,2913,3084,3024,2934,2822,2975,2911
2725: 2695
1676: 1136,1635,1650
1612: 1067,1069,1620,1618,1083,1065,1615
1721: 2070,2336,1695
1672: 1295,1424,1660
1615: 1618,1083,1065,1612,1067,1069,1620,1066,1623
1729: 1846,1797,1772,1802,1760,452,442
3074: 2899,3065,3179,3028,3129,2826,3018,3066,3002,2933,2924,3016,3125,3178,3113,2940,3073,3142,2941,2752,3165,3071,2939,3162,3183,3164,2938,3181
1618: 1083,1065,1615,1612,1067,1066,1623
1620: 1069,1612,1067,1083,1065,1615
1627: 1640,1638,1619,1644,1624,1646,1632,1068,1655,1659,1653,1657,1636,1645,1639
1636: 1645,1640,1638,1627,1619,1644,1624,1646,1639,1648
1629: 1633,1064,1088,908
1630: 1655,1659,1653,1654,1657,1658,1632,1068,1656,1640,1638,1619,1624,1680,1639,1648
1631: 1634
1632: 1068,1656,1630,1655,1659,1653,1654,1657,1658,1640,1638,1627,1619,1624
1633: 1629,1064,1088,908
1634: 1631
1638: 1640,1627,1619,1644,1624,1646,1632,1068,1630,1655,1659,1653,1654,1657,1658,1636,1645,1680,1639,1648
1639: 1648,1630,1655,1659,1653,1654,1657,1658,1640,1638,1627,1619,1644,1624,1646,1636,1645,1680
1640: 1638,1627,1619,1644,1624,1646,1632,1068,1630,1655,1659,1653,1654,1657,1658,1636,1645,1680,1639,1648
1641: 1643,1575,1642
1642: 1575,1641,1643
1643: 1641,1575,1642
1644: 1640,1638,1627,1619,1624,1646,1655,1636,1645,1680,1639,1648
1645: 1636,1640,1638,1627,1619,1644,1624,1646,1639,1648
1685: 1290,1373,1668,1687
1648: 1639,1630,1655,1654,1640,1638,1644,1624,1646,1636,1645,1680,1754
1696: 1679
1650: 1136,1635,1676
1651: 1662,1253
1677: 853,2364,2377,2476,2475,2523,2512,2427,1700,2465,2040,2392,915,1671
1653: 1630,1655,1659,1654,1657,1658,1632,1068,1656,1640,1638,1627,1619,1624,1680,1639
1654: 1630,1655,1659,1653,1657,1658,1632,1068,1656,1640,1638,1624,1680,1639,1648
1655: 1630,1659,1653,1654,1657,1658,1632,1068,1656,1640,1638,1627,1619,1644,1624,1646,1680,1639,1648
1656: 1632,1068,1630,1655,1659,1653,1654,1657,1658,1680
1657: 1630,1655,1659,1653,1654,1658,1632,1068,1656,1640,1638,1627,1619,1624,1639
1658: 1630,1655,1659,1653,1654,1657,1632,1068,1656,1640,1638,1624,1639
1660: 1496,1424,1672
1720: 1703,962
1662: 1651,1253
1663: 1684,1588,157
1664: 1686,1066,1623,1053
1665: 1702
1679: 1696
2823: 2755,2822,2975,2911,3132,3060
1689: 1817,558,2772,2742,2468,2566
2760: 2775,2785,2847,2882,2854,2829,2846,2756,2805,2779,2817,2791,2757,2771
1797: 1772,1802,1760,452,1846,1729,1788,1970
2851: 2872,2803,2777,2853,2848,2746,2802,2597,2588,2469,2587,2767,2783,2860,2859,2861,2835
1694: 1714
1695: 1721
1697: 1787,2473
1702: 1337,1690,1665
1703: 1720,962
1982: 2998,2147,2958,2135,2953,3006,2122,2144,2955,2169,2163,2062,2138,2130,2077,2114,3031,2093,2160,2997,2137,2113,966,2054,2080,2134
1767: 1779
2612: 2682,2694
1707: 1693,1725,1698,1723,1754
1731: 1521,596,949
1730: 1834,1870,1841
2728: 2699
2701: 2711,2729,586
1717: 1796,1915,2496,1736
1722: 1745
1723: 1698,1707,1693,1725
1725: 1707,1693,1698,1723,1754
1841: 1870,1730,1834,1863,1807
1728: 1756,1819,1792,507
1807: 1863,1870,1841,1788,1970,531
1772: 1797,1802,1760,452,1846,1729
1736: 1717,1796,1751,1776,1960,1756,1819
1737: 1888
1830: 1882,2486,2504,1884,2708,2489,1907
1765: 1718,1558
1740: 1798,996
1743: 1670
1778: 1847
1745: 1722
1746: 415,1708,1750
1796: 1717,1915,2496,1736
1858: 2694,2611,2704,1820
2312: 2253,2150,2219,2131,2251,2216,2300,2246,2311,2024,2244,2381,2215,2351,2347,2250,2323,2252,2110,2283,2282,2240,2183,2107,2185,1994,2184,2159,2258,2261,2181
1750: 2706,1708,1746,1574,1605
1751: 1736,1776,1960
1752: 1781
2132: 2237,2335,2271,3013,2395,2260,3001,512,2474,2529,3005,2963,3151,2161,3075,2173,2358,2329,2197
1754: 1680,1648,1707,1693,1725
2321: 2319,2341,2420,2156,2415,2356,2357,2158,2352,2414,2355,2310,2322,2419,2320,2959,2055,2965,2400,2315,2308,2154,2979,2974,2318,2316,2180,2317,2178,2314,2313,2980,2155,2353,1961,2225,2226,2970
1756: 1819,1736,1776,1960,1792,1728
2764: 2839,2767,2747,2773,2597,2793,2745,2783,2860,2859,2835
1760: 1797,1772,1802,452,1846,1729,1788,1970
1917: 1843,1974,1921,1955,1948,1864,1922,1919
1763: 1719,2070,2336
3054: 2997,2137,2114,2228,2227,2038,2229,966
1768: 572,451,2525,2371,1832
1769: 1771
2742: 2772,1817,558,1689,432
1771: 1769
1773: 2350,918
1775: 1898
1776: 1960,1751,1736,1756,1819,1792,507
1779: 1767,993
2163: 2062,2162,2256,2138,2130,2964,2177,2247,2235,2248,2129,2249,2250,2323,2252,2144,2955,2169,2183,2107,2185,2259,2998,1982,2133,3031,2093,2160,2186,2188,2182
1783: 1837,1714
1785: 1928
2046: 2386,2324,2241,2408,2293,2439,2292,2363,2411,2243,2325,2044,2423,2425,2242,2424,2381,2351,2993,2245,3003,2404,2345,2344,2089
1787: 1697,2473
1789: 1600
2706: 1750,1708,1574,1605
1791: 1988,516
1792: 1776,1960,1756,1819,507,1728
1793: 1891,927,2501,1915,2496
1798: 1740,996
2076: 2204,2045,2187,2183,2107,2185,2259,1994,2184,2159,2258,2261,2181,2186,2188,2182,2272,2201,2140,2091,2037,2127,2170,2090,2075,2115,3070,2236,2043,568,2098
1802: 1797,1772,1760,452,1846,1729
1803: 1876,2004,1910,1890,2057,534
2732: 2735,2727
1890: 1910,1876,1803
2080: 2054,2134,2092,2998,1982,2133,3031,2093,2160,2113,966,2037,2127,2170,3063,2029,2065,3078,2049,2108
1867: 1913,2563,2623,2189,2255,2578
2722: 2692,945
3146: 3015,2199,2999,3051,3021,2201,2091,2280,2139,2279,2281,3001,3070,2236,2043,568,2098,2963,3151,2003,1987,3149,3088,2956,3145,2145,3087,3055,3090,2977,3157,2097,3160
1844: 1877,1766,1836
1973: 1985,2053,2198,1947,2116
1817: 558,1689,2772,2742
1818: 1978,1766,1836
1819: 1756,1736,1776,1960,1792,1728
1820: 2694,2611,1858
2678: 2730
1919: 1948,1864,1922,1917,1843
2143: 2950,2978,2120,2167,2190,2270,2202,2961,2957,2142,2103,2232,2147,2135,2953,3006,2210,2077
2255: 2189,2021,2594,1867,1913,2563,2623
1988: 1791,516
2042: 3156,3137,3149,3088,3145,2145,3087,3055,3090,2977,3157,2097,3160,3025,2994,3089,3141,2067,1950,2971,3101
1832: 2525,2371,451,1768
2544: 2507,2441,2451
1834: 1730,1870,1841
1836: 1877,1766,1818,1844
2619: 2578,995,2599,2562,2598,2600
2580: 2072,1939,2223,2087,2050,1979,1991,2602,2579,1883
2604: 2652
1843: 1917,1974,1921,1955,1986,1948,1864,1922,1919
1936: 1967,583,2211,2207,1976,940,444
1846: 1729,1797,1772,1802,1760,452,442
1847: 1778
2700: 2675,945,2682,2614,2673
2707: 459,2762,406
1853: 1874,2540,1606
1855: 1984
2133: 3031,2093,2160,2955,2163,2062,2162,2256,2138,2130,2183,2107,2185,2259,2186,2188,2182,2113,2054,2080,2134,2092,2037,2127,2170
2791: 2817,2847,2882,2854,2775,2760,2829,2846,2756,2805,2779,2757,2771,2838,2533,2836,2820,2750
1863: 1807,1870,1841,1788,1970,531
1864: 1948,1922,1974,1921,1917,1843,1919
2715: 2734
1987: 2003,2090,2075,2115,3070,2236,2043,568,2098,3015,2999,3146,3021,2030,1966,3149,3088,2956,3145,3004,3112,2141,2027,1998,2074,2994
2127: 2037,2170,2133,3031,2093,2186,2188,2182,2204,2076,2045,2187,2054,2080,2134,2092,2090,2075,2115,2065,3078,2049,2108,2030,1966
1870: 1841,1730,1834,1863,1807
2723: 2664
3082: 3095,3114,2036,3044,2065,3078,2049,2108,2030,1966,1995,3004,3112,1972,2015,3007
2002: 2405,2277,2196,2191,2993,2245,3003,2404,2345,2344,2089,2275,2094,2338,2193,2332,2391,2066,2339,2335,2271,2395
2878: 2892,2888,2828,2837,2780,2832,2877,2758,2829,2846,2756,2838,2533,2836,2875,2825,2923,2901,2921,2827,2909,2841,2768
1876: 1803,2004,1910,1890,2057,534
1877: 933,1766,1844,1836
2615: 2659,2594
1882: 1830,2486,2504,1884,2708,2489,1907
1883: 2580,1979,1991,2602,2579,1886,1912,1887
1884: 2486,2504,2708,1951,2541,1882,1830,1933,2560,2489,1907,2501
1886: 1991,2602,2579,1979,1883
1887: 1912,1883,1965,1941
1888: 1737
1951: 2541,2648,2516,2559,1933,2560,2539,2709,2486,2504,1884,2708
2533: 2838,2836,2780,2832,2877,2831,2758,2829,2846,2756,2805,2779,2817,2791,2892,2888,2878,2828,2837,2825,2923,2909,2841,2768,2840,2842
2694: 2682,2612,1820,1858
2684: 2736,2762,406
1948: 1864,1922,1974,1921,1917,1843,1919
1970: 1788,531,1797,1760,452,1863,1807,981
1898: 1775
2653: 2151,540
2222: 2524,2530,2434,2484,2548,2487,2429,2480,2477,2456,2954,2485,2431,2306,2179,2466,2402,2461,2417
2311: 2246,2024,2288,2374,2299,2214,2331,2243,2325,2044,2219,2131,2251,2216,2300,2244,2381,2215,2351,2347,2250,2323,2252,2253,2312,2150,2283,2282,2240
2711: 2701,2729,586,2727
2695: 2725
2522: 2430,2471,2547,2303,2460,2458,1989,2459,2482,2431,2306
1907: 2489,1882,1830,2486,2504,1884,2708
2689: 2610,2564,2609,2611,2704,2646
1910: 1890,1876,1803
2660: 493,2690,2630,2658
1912: 1887,1883,2073,1965,1941
1913: 1867,2563,2623,2189,2255,2578
2709: 1933,2560,2539,1951,2541,2504,2708,2501
1915: 2496,1891,927,1793,1717,1796
2400: 2320,2959,2055,2965,2315,2307,2301,2305,2432,2403,2415,2356,2357,2158,2352,2414,2355,2310,2322,2389,2304,2406,2319,2341,2420,2156,2321,2318,2316,2180,2317,2178,2314,2313,2980,2155
1921: 1974,1940,1823,946,569,1948,1864,1922,1917,1843
1922: 1948,1864,1974,1921,1917,1843,1919
2034: 2101
1989: 2460,2458,2459,2482,2430,2522,2471,2547,2303,2431,2306,588,2399,2479,2307,2301,2305
1950: 3089,3141,2067,2141,1998,2074,2994,2042,3156,3137,3107,2061,2018,2006,2068,3166
2061: 3107,3004,3112,2141,2027,1998,2074,3089,3141,2067,1950,590,2033,2018,2006,2068,3166
1928: 1785
1972: 2015,3007,1942,2052,1995,3095,3114,2036,3082,3044,1963,1940,1823,946,569
2559: 2516,2648,1951,2541,1933,2560,2539,2647,2501
2864: 2862,2806,2863,2908,2887,2804
2031: 583,2211,2207,2213,2103,2232,1976,2210,444,2164,2104
1933: 2560,2539,2709,1951,2541,2516,2559,2486,2504,1884,2708,2647,2501
2588: 2469,2587,2746,2802,2872,2803,2851,2574,2783,2859,2861
2090: 2075,2115,2186,2188,2182,2204,2076,2045,2187,2272,2201,2140,2091,2037,2127,2170,3070,2236,2043,568,2098,2065,3078,2049,2108,2030,1966,2003,1987
1940: 1823,946,2073,1992,1963,1972,2015,502,1965,1941,1974,1921
1941: 1965,1912,1887,502,1940,1823,946
1942: 2052,3063,2029,2570,2095,1995,2073,1992,1963,1972,2015,3007
1995: 2065,3078,2049,2108,1942,2052,3095,3114,2036,3082,3044,1963,1972,2015,3007
2125: 2542,472
3043: 3046,2879,2928,3048,3093,3105,3040,2919,3047,3033,2931,2900,2766,2893,2891,3038,2811,2989,2930,3061,3102,3042,3127,3116,3134,3041,3124,2922,3104,3115,3155,3023,3171,3100,3167,3158,2990
1947: 3101,3161,2198,1973,2053,3035,2020,2116,991
1953: 2867,2866,3057,2945,3068
2113: 966,2114,2998,1982,2133,3031,2093,2160,2137,2054,2080,2134,2092,3063,2029
1955: 2059,1986,569,590,2033,524,1917,1843
2674: 564,2687,2642,2721,2713
2147: 2958,2135,2953,3006,2122,2190,2270,2202,2205,2112,2961,2957,2142,2950,2978,2143,2120,2144,2955,2169,2077,2114,2998,1982
1960: 1776,1751,1736,1756,1819,1792,507
1961: 2980,2155,2353,2959,2315,2319,2341,2420,2156,2321,2154,2979,2318,2316,2180,2317,2178,2314,2972,2313,2225,2226,2967,2970,2238,2205,2112,2278,2961,2957,2964,2177,2247,2235,2248,2129,2249
2901: 2875,2825,2923,2921,2827,2878,2837,2969,2909,2841,2768,2897,2857,2932,2819,3026
1963: 2570,2095,1942,2052,1995,2073,1992,1972,2015,3007,502,1940,1823,946
1986: 2059,1955,569,590,2033,524,1843
1965: 1941,1912,1887,502,1940,1823,946
1966: 2030,2037,2127,2170,2090,2075,2115,3070,2236,2043,568,2098,2065,3078,2049,2108,2003,1987,3095,3114,2036,3082,3044,3004,3112,2141,2027,1998,2074
1967: 1936,583,2211,2207,1976,940,444
1976: 583,2211,2207,2213,1936,1967,2031,444,2164,2104
1977: 2039
1978: 1766,1818
1979: 1939,2087,2050,2580,1991,2602,2579,1886,1883
1991: 2602,2579,1886,2580,1979,1883
1992: 2073,2570,2095,1942,2052,1963,502,1940,1823,946
2020: 3035,3101,3161,2198,1947,1999
1994: 2184,2159,2250,2323,2252,2253,2312,2150,2110,2283,2282,2183,2107,2185,2259,2337,2258,2261,2181,2186,2188,2182,2204,2076,2045,2187,2272,2201,2140,2091
1998: 2141,2027,2074,2030,1966,2003,1987,3149,3088,2956,3145,3004,3112,2994,3107,2061,3089,3141,2067,1950
1999: 2006,2068,3035,2020
2055: 2320,2959,2965,2400,2315,2307,2301,2305,2432,2403,2415,2356,2357,2158,2352,2414,2355,2310,2322,2389,2304,2406,2319,2341,2420,2156,2321,2231,2318,2316,2180,2317,2178,2314,2313,2980,2155
2030: 1966,2037,2127,2170,2090,2075,2115,3070,2236,2043,568,2098,2065,3078,2049,2108,2003,1987,3095,3114,2036,3082,3044,3004,3112,2141,2027,1998,2074
2003: 1987,2090,2075,2115,3070,2236,2043,568,2098,3015,2999,3146,3021,2030,1966,3149,3088,2956,3145,3004,3112,2141,2027,1998,2074,2994
2004: 1876,1803,2057,534
2108: 2065,3078,2049,2054,2080,2134,2092,2037,2127,2170,2090,2075,2115,2030,1966,1995,3095,3114,2036,3082,3044,3004
2006: 2068,3166,3107,2061,3089,3141,2067,1950,2018,524,1999
2708: 2486,2504,1884,1951,2541,1882,1830,1933,2560,2539,2709,2489,1907,2501
2162: 2163,2062,2256,2138,2130,2964,2177,2247,2235,2248,2129,2249,2250,2323,2252,2144,2955,2169,2183,2107,2185,2259,2133,3031,2093,2160,2186,2188,2182
2105: 2367,588,2399,2479,2307,2301,2305,2389,2304,2406,2385,2383,2166,2384,2359,2208,2346,2231
2026: 2119,478
3166: 2006,2068,3107,2061,3089,3141,2067,1950,2018
2347: 2244,2381,2215,2351,2374,2299,2243,2325,2044,2324,2241,2408,2246,2311,2024,2993,2245,3003,2253,2312,2150,2342,2110,2283,2282,2240,2275,2094,2338,2193
2591: 2890,2960,2557,2575,2672
2015: 1972,3007,1942,2052,1995,3095,3114,2036,3082,3044,1963,1940,1823,946,569
2016: 2309,2308,2154,2979,2974,2357,2310,2322,2265,2378,2365,2419,2267,2333,2218,2330,2319,2341,2420,2156,2288,2980,2155,2225,2226,2967,2970,2238,2219,2131,2251,2216,2300
2018: 3107,2061,3089,3141,2067,1950,590,2033,2006,2068,3166,2059
2611: 2689,2704,1820,1858
2021: 2594,2189,2255
2057: 534,2004,1876,1803
2795: 2844,2914,3033,2931,2900,2766,2819,3026,2792,3047,3014,3046,2879,3048,2811,2989,3061
2024: 2246,2311,2288,2374,2299,2214,2331,2243,2325,2044,2219,2131,2251,2216,2300,2244,2381,2215,2351,2347,2250,2323,2252,2253,2312,2150,2110,2283,2282,2240
2027: 2141,1998,2074,2030,1966,2003,1987,3145,3004,3112,2994,3107,2061,3089,3141,2067
2146: 2274
2029: 3063,2137,2113,966,2054,2080,2134,2092,1942,2052
2442: 2565,1526,1561
2036: 3095,3114,3082,3044,2065,3078,2049,2108,2030,1966,1995,3004,3112,1972,2015,3007
2037: 2127,2170,2133,3031,2093,2160,2186,2188,2182,2204,2076,2045,2187,2054,2080,2134,2092,2090,2075,2115,2065,3078,2049,2108,2030,1966
2038: 2228,2227,2229,2210,2077,2114,3054,2997,2137,2087,2050
2039: 1977
2040: 2392,915,2377,2476,2523,2512,2427,853,1677,2364,1700,2465,2433,2152,2416,1671,2265,2378,2365,2419,2267,2333,2218,2330,2410,2409,2263,2266
2699: 2728
2043: 3070,2236,568,2098,2204,2076,2045,2187,2272,2201,2140,2091,2280,2139,2279,2281,2090,2075,2115,3015,2199,2999,3051,3146,3021,2030,1966,2003,1987,3149,3088,2956,3145
2044: 2243,2325,2293,2262,2394,2439,2292,2374,2299,2214,2331,2386,2324,2241,2046,2408,2246,2311,2024,2244,2381,2215,2351,2347,2993,2245,3003
2045: 2204,2076,2187,2183,2107,2185,2259,1994,2184,2159,2337,2258,2261,2181,2186,2188,2182,2272,2201,2140,2091,2037,2127,2170,2090,2075,2115,2236,2043,568
2716: 932
2346: 2359,2208,2231,2105,2367,2389,2304,2406,2320,2965,2315,2385,2383,2166,2384,2318,2316,2180,2317,2178,2314,2972,2313,2167,2190,2270,2202,2278
2049: 2065,3078,2108,2054,2080,2134,2092,2037,2127,2170,2090,2075,2115,2030,1966,1995,3095,3114,2036,3082,3044,3004,3112
2050: 2087,2164,2104,2228,2227,2038,2229,1939,2223,2580,1979
2232: 2103,2167,2190,2270,2213,2950,2978,2143,2120,2031,2210
2052: 1942,3063,2029,2570,2095,1995,2073,1992,1963,1972,2015,3007
2053: 1985,1973,2198,1947,2116
2054: 2080,2134,2092,2998,1982,2133,3031,2093,2160,2188,2113,966,2037,2127,2170,3063,2029,2065,3078,2049,2108
2059: 1955,1986,569,590,2033,2018,524
2190: 2270,2202,2385,2383,2166,2384,2359,2208,2346,2231,2318,2316,2180,2317,2972,2167,2205,2112,2278,2961,2957,2142,2103,2232,2950,2978,2143,2120,2147,2958,2135,2953,3006,2122
2062: 2163,2162,2256,2138,2130,2964,2177,2247,2235,2248,2129,2249,2323,2252,2144,2955,2169,2183,2107,2185,2259,2998,1982,2133,3031,2093,2160,2186,2188,2182
2809: 2778,2801,2808,2824,2797,2915,2850,2904,2855
2065: 3078,2049,2108,2054,2080,2092,2037,2127,2170,2090,2075,2115,2030,1966,1995,3095,3114,2036,3082,3044,3004,3112
2066: 2332,2391,2992,2985,2404,2345,2089,2437,2340,2405,2277,2196,2002,2191,2335,2271,3013,2395
2067: 3089,3141,1950,2141,2027,1998,2074,2994,2042,3156,3137,3107,2061,2018,2006,2068,3166
2068: 2006,3166,3107,2061,3089,3141,2067,1950,2018,1999
2820: 2750,2817,2791,2757,2771,2787,2749,2511,2765,2840,2842
2070: 2336,1719,1763,1721
2575: 2672,2591
2072: 444,2164,2104,1939,2223,2580
2073: 1992,2570,2095,1942,2052,1963,1912,502,1940,1823,946
2074: 2141,2027,1998,2030,1966,2003,1987,3149,3088,2956,3145,3004,3112,2994,3107,2061,3089,3141,2067,1950
2075: 2090,2115,2182,2204,2076,2045,2187,2272,2201,2140,2091,2037,2127,2170,3070,2236,2043,568,2098,2065,3078,2049,2108,2030,1966,2003,1987
2077: 2114,2950,2978,2143,2120,2147,2958,2135,2953,3006,2122,2144,2955,2169,2998,1982,2228,2227,2038,2997,2137
2144: 2955,2169,2205,2112,2961,2142,2964,2177,2247,2235,2248,2129,2147,2958,2135,2953,3006,2122,2163,2062,2162,2256,2138,2130,2077,2114,2998,1982,2093,2160
2103: 2232,2167,2190,2270,2213,2950,2978,2143,2120,2031,2210
2087: 2050,2164,2104,2228,2227,2038,2229,1939,2223,2580,1979
2521: 2370
2089: 2404,2345,2344,2386,2324,2241,2046,2408,2423,2425,2242,2424,2382,2993,2245,3003,2437,2275,2094,2338,2193,2405,2277,2196,2002,2191,2066
2091: 2272,2201,2140,1994,2184,2159,2337,2258,2261,2181,2204,2076,2045,2187,2280,2139,2279,2281,2090,2075,2115,3070,2236,2043,568,2098,3015,2199,2999,3051,3146,3021
2092: 2054,2080,2134,2133,3031,2093,2160,2186,2188,2182,2113,966,2037,2127,2170,3063,2029,2065,3078,2049,2108
2093: 2133,3031,2160,2144,2955,2169,2163,2062,2162,2256,2138,2130,2107,2259,2998,1982,2186,2188,2182,2113,966,2054,2080,2134,2092,2037,2127,2170
2094: 2275,2338,2193,2244,2381,2347,2245,2345,2089,2342,2110,2283,2282,2240,2405,2277,2196,2002,2191,2337,2258,2261,2181,2339
2095: 2570,1942,2052,2073,1992,1963
2096: 2290
2097: 2145,3087,3055,3090,2977,3157,3160,3015,2199,2999,3051,3146,3021,2963,3151,2161,3075,3149,3088,2956,3145,3025,3159,2994,2042,3137
2098: 3070,2236,2043,568,2076,2272,2201,2140,2091,2280,2139,2090,2075,2115,3015,2199,2999,3051,3146,3021,2030,1966,2003,1987,3149,3088,2956,3145
3032: 3147,3068,2947,2865,3064
2101: 2034
2641: 514,2906
2202: 2190,2270,2385,2359,2208,2346,2231,2318,2316,2180,2317,2178,2314,2972,2313,2167,2205,2112,2278,2961,2957,2142,2978,2143,2120,2147,2958,2135,2953,2122
2110: 2342,2283,2282,2240,2246,2024,2244,2381,2215,2351,2347,2245,2253,2312,2150,2275,2094,2338,2193,1994,2184,2159,2337,2258,2261,2181,2339
2201: 2272,2140,2091,1994,2184,2159,2337,2258,2261,2181,2339,2204,2076,2045,2187,2280,2139,2279,2281,2090,2075,2115,3070,2236,2043,568,2098,3015,2199,3051,3146,3021
2112: 2205,2278,2961,2957,2142,2359,2208,2318,2316,2180,2317,2178,2314,2972,2313,2980,2155,2353,1961,2190,2270,2202,2964,2177,2978,2120,2147,2958,2135,2953,3006,2122,2144,2955,2169
2114: 2077,2147,2958,2135,2953,3006,2144,2955,2998,1982,2228,2227,2038,2229,3054,2997,2137,2113,966
2115: 2090,2075,2186,2188,2182,2204,2076,2045,2187,2272,2201,2140,2091,2037,2127,2170,3070,2236,2043,568,2098,2065,3078,2049,2108,2030,1966,2003,1987
2116: 1985,1973,2053,1947,991
2117: 2206,916
2119: 2026,478
2120: 2950,2978,2143,2167,2190,2270,2202,2205,2112,2278,2961,2957,2142,2103,2232,2147,2958,2135,2953,3006,2122,2210,2077
3165: 2752,3071,2939,3162,3183,3164,2924,3016,3125,3178,3113,2899,3065,3074,2940,3073,3142,2941,2938,3181,964,3050
2122: 2147,2958,2135,2953,3006,2190,2270,2202,2205,2112,2278,2961,2957,2142,2964,2177,2978,2120,2144,2955,2169,2077,2998,1982
2123: 2586
2238: 2225,2226,2967,2970,2341,2420,2156,2309,2308,2016,2154,2979,2974,2288,2980,2155,2353,1961,2219,2131,2251,2216,2300,2177,2247,2235,2129,2249,2250,2252
2129: 2247,2235,2248,2249,2155,2353,1961,2225,2226,2967,2970,2238,2219,2131,2251,2216,2300,2964,2177,2250,2323,2252,2144,2955,2169,2163,2062,2162,2256,2138,2130,2183,2107,2185,2259
2130: 2163,2062,2162,2256,2138,2964,2177,2247,2235,2248,2129,2249,2250,2323,2252,2144,2955,2169,2183,2107,2185,2259,2998,1982,2133,3031,2093,2160,2186,2188
2131: 2219,2251,2216,2300,2309,2016,2979,2288,2214,2331,2225,2226,2967,2970,2238,2246,2311,2024,2247,2235,2248,2129,2249,2250,2323,2252,2253,2312,2150
2134: 2054,2080,2092,2998,1982,2133,3031,2093,2160,2188,2113,966,2037,2127,2170,3063,2029,2049,2108
2135: 2147,2958,2953,3006,2122,2190,2270,2202,2205,2112,2961,2957,2142,2964,2177,2978,2143,2120,2144,2955,2169,2077,2114,2998,1982
2258: 2337,2261,2181,2253,2312,2150,2342,2110,2283,2282,2240,2275,2094,2338,2193,1994,2184,2159,2339,2204,2076,2045,2187,2272,2201,2140,2091,2280,2139,2279,2281
2137: 3054,2997,2077,2114,2998,1982,2228,2038,2113,966,3063,2029
2138: 2163,2062,2162,2256,2130,2964,2177,2247,2235,2248,2129,2249,2250,2323,2252,2144,2955,2169,2183,2107,2185,2259,1982,2133,3031,2093,2160,2186,2188,2182
2139: 2280,2279,2281,2337,2258,2261,2181,2339,2272,2201,2140,2091,2260,3001,512,3070,2236,2043,568,2098,3015,2199,2999,3051,3146,3021,2963
2140: 2272,2201,2091,1994,2184,2159,2337,2258,2261,2181,2339,2204,2076,2045,2187,2280,2139,2279,2281,2090,2075,2115,3070,2236,2043,568,2098,3015,2199,3051
2141: 2027,1998,2074,2030,1966,2003,1987,3149,3088,2956,3145,3004,3112,2994,3107,2061,3089,3141,2067,1950
2142: 2205,2112,2278,2961,2957,2359,2208,2318,2316,2180,2317,2972,2190,2270,2202,2964,2177,2950,2978,2143,2120,2147,2958,2135,2953,3006,2122,2144,2955,2169
2148: 2224,2498,2499,2286,1487,822
2659: 2615
2150: 2253,2312,2219,2131,2251,2216,2300,2246,2311,2024,2244,2215,2351,2347,2250,2323,2252,2110,2283,2282,2240,2183,2107,2185,2259,1994,2184,2159,2258,2181
2151: 2653,540,2507
2152: 2433,2416,2487,2429,2480,2477,2456,2954,2485,2377,2476,2475,2523,2512,2427,853,2461,2157,2417,2962,2040,2392,2357,2158,2352,2414,2355,2310,2322,2265,2378,2365,2419,2333
2377: 2476,2475,2523,2512,2427,2487,2429,2480,2477,2456,2954,2485,853,1677,2364,2461,2157,2962,2433,2152,2416,2040
2154: 2309,2308,2016,2979,2974,2357,2158,2355,2310,2322,2265,2365,2419,2218,2330,2319,2341,2420,2156,2321,2288,2980,2155,2353,1961,2225,2226,2967,2970,2238,2219,2251
2155: 2980,2353,1961,2320,2959,2055,2400,2315,2319,2341,2420,2156,2321,2309,2016,2154,2979,2974,2318,2316,2180,2317,2178,2314,2313,2225,2226,2967,2970,2238,2205,2112,2278,2177,2235,2248,2129
2156: 2319,2341,2420,2321,2356,2357,2158,2352,2414,2355,2310,2322,2365,2419,2320,2959,2055,2400,2315,2309,2308,2016,2154,2979,2974,2318,2316,2180,2317,2178,2314,2313,2980,2155,2353,1961,2225,2226,2967,2970,2238
2157: 2461,2417,2962,2487,2429,2480,2477,2456,2485,2377,2475,2512,2427,2179,2466,2402,2433,2152,2416,2432,2415,2356,2357,2158,2352,2414,2355,2310,2322,2265,2378,2365,2419
2158: 2357,2352,2414,2355,2310,2322,2179,2466,2402,2461,2157,2417,2962,2433,2152,2416,2432,2403,2415,2356,2378,2365,2419,2320,2959,2055,2965,2400,2315,2319,2341,2420,2156,2321,2308,2154,2974
2159: 1994,2184,2250,2323,2252,2253,2312,2150,2110,2283,2282,2240,2183,2107,2185,2259,2337,2258,2261,2181,2186,2188,2182,2204,2076,2045,2187,2272,2201,2140,2091
2160: 2133,3031,2093,2144,2955,2169,2163,2062,2162,2256,2138,2130,2107,2259,2998,1982,2186,2188,2182,2113,966,2054,2080,2134,2092,2037
2161: 3075,2237,2132,2474,2529,3005,2963,3151,2173,2358,2329,2197,2145,3055,3090,2097,2549,3025,3159
2164: 2104,1976,2031,2210,444,2072,1939,2223,2087,2050
2165: 2349,2426,2366,571
2166: 2385,2383,2384,2105,2367,2359,2208,2346,2231,2167,2190,2270
2167: 2385,2383,2166,2384,2359,2208,2346,2231,2190,2270,2202,2213,2103,2232,2950,2978,2143,2120
2168: 2443,2445,2447,2209,2481,588,2233,2348
2169: 2144,2955,2205,2112,2278,2961,2957,2142,2964,2177,2247,2235,2248,2129,2249,2147,2958,2135,2953,3006,2122,2163,2062,2162,2256,2138,2130,2077,2998,1982,2093,2160
2170: 2037,2127,2133,3031,2093,2186,2188,2182,2204,2076,2045,2187,2054,2080,2134,2092,2090,2075,2115,2065,3078,2049,2108,2030,1966
2406: 2389,2304,2399,2307,2301,2305,2432,2403,2415,2356,2105,2367,2320,2959,2055,2965,2400,2315,2346,2231,2317,2178,2314,2313
2658: 2630,2660,2690,2637,2683,2657,977
2173: 2358,2329,2197,2237,2132,2474,2529,3005,2428,2161,3075,3025,3159
2174: 1487,822,2455
2761: 2935,3086,536,2797,2915,2850,2904
2734: 2715
2177: 2964,2318,2316,2180,2317,2178,2314,2972,2313,2980,2155,2353,1961,2225,2226,2967,2970,2238,2205,2112,2278,2961,2957,2142,2247,2235,2248,2129,2249,2958,2135,2953,3006,2122,2144,2955,2169,2163,2062,2162,2256,2138,2130
2178: 2318,2316,2180,2317,2314,2972,2313,2389,2304,2406,2320,2959,2055,2965,2400,2315,2319,2341,2420,2156,2321,2359,2208,2346,2231,2980,2155,2353,1961,2202,2205,2112,2278,2957,2177
2179: 2466,2402,2484,2548,2524,2222,2530,2434,2456,2485,2431,2306,2461,2157,2417,2962,2307,2301,2305,2432,2403,2415,2356,2357,2158,2352,2414,2355
2180: 2318,2316,2317,2178,2314,2972,2313,2389,2304,2320,2959,2055,2400,2315,2319,2341,2156,2321,2359,2208,2346,2231,2980,2155,2353,1961,2190,2270,2202,2205,2112,2278,2961,2957,2142,2177
2181: 2337,2258,2261,2253,2312,2150,2342,2110,2283,2282,2240,2275,2094,2338,1994,2184,2159,2339,2204,2076,2045,2187,2272,2201,2140,2091,2280,2139,2279,2281
2182: 2186,2188,2163,2062,2162,2256,2138,2183,2107,2185,2259,1994,2184,2159,2133,3031,2093,2160,2204,2076,2045,2187,2092,2037,2127,2170,2090,2075,2115
2183: 2107,2185,2259,2247,2248,2129,2249,2250,2323,2252,2253,2312,2150,2163,2062,2162,2256,2138,2130,1994,2184,2159,2133,2186,2188,2182,2204,2076,2045,2187
2184: 1994,2159,2250,2323,2252,2253,2312,2150,2110,2283,2282,2183,2107,2185,2259,2337,2258,2261,2181,2186,2188,2182,2204,2076,2045,2187,2272,2201,2140,2091
2185: 2183,2107,2259,2247,2248,2129,2249,2250,2323,2252,2253,2312,2150,2163,2062,2162,2256,2138,2130,1994,2184,2159,2133,2186,2188,2182,2204,2076,2045,2187
2186: 2188,2182,2163,2062,2162,2256,2138,2130,2183,2107,2185,2259,1994,2184,2159,2133,3031,2093,2160,2204,2076,2045,2187,2092,2037,2127,2170,2090,2115
2187: 2204,2076,2045,2183,2107,2185,2259,1994,2184,2159,2258,2261,2181,2186,2188,2182,2272,2201,2140,2091,2037,2127,2170,2090,2075,2115,2236,2043,568
2188: 2186,2182,2163,2062,2162,2256,2138,2130,2183,2107,2185,2259,1994,2184,2159,2133,3031,2093,2160,2204,2076,2045,2187,2054,2134,2092,2037,2127,2170,2090,2115
2189: 2255,2021,2594,1867,1913,2563,2623
2191: 2405,2277,2196,2002,2993,2245,2404,2345,2344,2089,2275,2094,2338,2193,2332,2066,2339,2335,2271,3013,2395
2683: 2657,2690,2630,2658,2633,977,2663,2661
2193: 2275,2094,2338,2244,2381,2347,2993,2245,3003,2404,2345,2344,2089,2110,2283,2282,2240,2405,2277,2196,2002,2191,2337,2258,2261,2339
2344: 2404,2345,2089,2386,2324,2241,2046,2408,2423,2425,2242,2424,2382,2993,2245,3003,2275,2338,2193,2405,2277,2002,2191
2195: 2435,2451,2422,2988
2196: 2405,2277,2002,2191,2245,2404,2345,2089,2275,2094,2338,2193,2332,2066,2339,2335,2271,3013,2395
2197: 2173,2358,2329,2237,2132,2474,2529,3005,2428,2161,3075,3025,3159
2198: 2971,3101,3161,1985,1973,2053,3035,2020,1947
2199: 3015,2999,3051,3146,3021,2272,2201,2140,2091,2280,2139,2279,2281,2260,3001,512,3070,2236,2043,2098,2963,3151,3149,3088,2956,3090,2977,3157,2097
2343: 2436
2203: 2393
2204: 2076,2045,2187,2183,2107,2185,2259,1994,2184,2159,2337,2258,2261,2181,2186,2188,2182,2272,2201,2140,2091,2037,2127,2170,2090,2075,2115,3070,2236,2043,568
2205: 2112,2278,2961,2957,2142,2359,2208,2318,2316,2180,2317,2178,2314,2972,2313,2980,2155,2353,1961,2190,2270,2202,2964,2177,2978,2120,2147,2958,2135,2953,3006,2122,2144,2955,2169
2206: 2117,916
2207: 583,2211,2366,2213,1936,1967,1976,2031
2208: 2359,2346,2231,2105,2367,2389,2304,2320,2315,2385,2383,2166,2384,2318,2316,2180,2317,2178,2314,2972,2313,2167,2190,2270,2202,2205,2112,2278,2961,2957,2142
2209: 2447,2446,2448,2556,2481,900,2443,2445,2168
2210: 2103,2232,2950,2978,2143,2120,2031,2164,2104,2228,2227,2038,2229
2211: 583,2207,2213,1936,1967,1976,2031
2773: 2747,2786,2856,2880,2784,2777,2853,2848,2748,2597,2793,2745,2764
2213: 2167,583,2211,2207,2103,2232,1976,2031
2214: 2374,2299,2331,2267,2333,2218,2330,2410,2409,2263,2266,2262,2394,2288,2243,2325,2044,2219,2131,2251,2216,2300,2246,2311,2024,2244,2215,2351
2215: 2244,2381,2351,2347,2374,2299,2214,2331,2243,2325,2044,2324,2241,2408,2246,2311,2024,2245,3003,2253,2312,2150,2110,2283,2282,2240,2275
2216: 2219,2131,2251,2300,2309,2016,2288,2374,2299,2214,2331,2225,2967,2970,2238,2246,2311,2024,2247,2235,2248,2129,2249,2250,2323,2252,2253,2312,2150
2217: 2361,2362,2488,2464,2462,2268,2463,2454,2334,2291,2293,2262,2394,2439,2292,2363,2411
2218: 2267,2333,2330,2416,2040,2392,2265,2378,2365,2419,2410,2409,2263,2266,2309,2308,2016,2154,2979,2974,2288,2374,2299,2214,2331
2219: 2131,2251,2216,2300,2309,2308,2016,2154,2979,2974,2288,2374,2299,2214,2331,2225,2226,2967,2970,2238,2246,2311,2024,2247,2235,2129,2249,2250,2252,2312,2150
2353: 2980,2155,1961,2959,2315,2319,2341,2420,2156,2321,2154,2979,2318,2316,2180,2317,2178,2314,2972,2313,2225,2226,2967,2970,2238,2205,2112,2278,2964,2177,2247,2235,2248,2129,2249
2223: 1939,444,2164,2104,2072,2087,2050,2580
2224: 2148,2498,2499,2286,1487,822
2225: 2226,2967,2970,2238,2341,2420,2156,2321,2309,2308,2016,2154,2979,2974,2288,2980,2155,2353,1961,2219,2131,2251,2216,2300,2177,2247,2235,2248,2129,2249,2250,2252
2226: 2225,2967,2970,2238,2319,2341,2420,2156,2321,2309,2308,2016,2154,2979,2974,2288,2980,2155,2353,1961,2219,2131,2251,2177,2247,2235,2248,2129,2249,2250
2227: 2228,2038,2229,2210,2077,2114,3054,2997,2087,2050
2228: 2227,2038,2229,2210,2077,2114,3054,2997,2137,2087,2050
2229: 2228,2227,2038,2210,2114,3054,2997,2087,2050
2437: 2340,2423,2425,2382,2404,2345,2089,2405,2277,2332,2391,2992,2985,2066,2422,2988
2231: 2359,2208,2346,2105,2367,2389,2304,2406,2320,2055,2965,2315,2385,2383,2166,2384,2318,2316,2180,2317,2178,2314,2972,2313,2167,2190,2270,2202,2278
2235: 2247,2248,2129,2249,2980,2155,2353,1961,2225,2226,2967,2970,2238,2219,2131,2251,2216,2300,2964,2177,2250,2323,2252,2144,2955,2169,2163,2062,2162,2256,2138,2130,2107,2259
2236: 3070,2043,568,2098,2204,2076,2045,2187,2272,2201,2140,2091,2280,2139,2279,2281,2090,2075,2115,3015,2199,2999,3051,3146,3021,2030,1966,2003,1987,3149,3088,2956
2237: 2132,2335,2271,3013,2395,2260,3001,512,2474,2529,3005,2963,3151,2161,3075,2173,2358,2329,2197
2599: 2578,2613,2619,2562,2598,2600
2240: 2342,2110,2283,2282,2246,2311,2024,2244,2381,2215,2351,2347,2993,2245,3003,2253,2312,2150,2275,2094,2338,2193,2159,2337,2258,2261,2181,2339
2241: 2386,2324,2046,2408,2293,2262,2394,2439,2292,2363,2411,2243,2325,2044,2423,2425,2242,2424,2244,2381,2215,2351,2347,2993,2245,3003,2404,2345,2344,2089
2242: 2423,2425,2424,2439,2292,2363,2411,2386,2324,2241,2046,2408,2382,2993,3003,2404,2345,2344,2089
2243: 2325,2044,2410,2409,2263,2266,2293,2262,2394,2439,2292,2363,2374,2299,2214,2331,2386,2324,2241,2046,2408,2246,2311,2024,2244,2381,2215,2351,2347,2993,2245,3003
2244: 2381,2215,2351,2347,2374,2299,2214,2331,2243,2325,2044,2324,2241,2408,2246,2311,2024,2245,3003,2253,2312,2150,2110,2283,2282,2240,2275,2094,2338,2193
2245: 2993,3003,2243,2325,2044,2386,2324,2241,2046,2408,2423,2425,2244,2381,2215,2351,2347,2404,2345,2344,2089,2110,2283,2282,2240,2275,2094,2338,2193,2405,2277,2196,2002,2191
2246: 2311,2024,2288,2374,2299,2214,2331,2243,2325,2044,2219,2131,2251,2216,2300,2244,2381,2215,2351,2347,2250,2323,2252,2253,2312,2150,2110,2283,2282,2240
2247: 2235,2248,2129,2249,2353,1961,2225,2226,2967,2970,2238,2219,2131,2251,2216,2300,2964,2177,2250,2323,2252,2144,2955,2169,2163,2062,2162,2256,2138,2130,2183,2107,2185,2259
2248: 2247,2235,2129,2249,2155,2353,1961,2225,2226,2967,2970,2131,2251,2216,2964,2177,2250,2323,2252,2144,2955,2169,2163,2062,2162,2256,2138,2130,2183,2107,2185,2259
2249: 2247,2235,2248,2129,2353,1961,2225,2226,2967,2970,2238,2219,2131,2251,2216,2300,2964,2177,2250,2323,2252,2955,2169,2163,2062,2162,2256,2138,2130,2183,2107,2185,2259
2250: 2323,2252,2225,2226,2967,2970,2238,2219,2131,2251,2216,2300,2246,2311,2024,2247,2235,2248,2129,2249,2253,2312,2150,2163,2162,2256,2138,2130,2183,2107,2185,2259,1994,2184,2159
2251: 2219,2131,2216,2300,2309,2016,2154,2979,2288,2214,2331,2225,2226,2967,2970,2238,2246,2311,2024,2247,2235,2248,2129,2249,2250,2323,2252,2253,2312,2150
2252: 2250,2323,2225,2967,2970,2238,2219,2131,2251,2216,2300,2246,2311,2024,2247,2235,2248,2129,2249,2253,2312,2150,2163,2062,2162,2256,2138,2130,2183,2107,2185,2259,1994,2184,2159
2253: 2312,2150,2131,2251,2216,2300,2246,2311,2024,2244,2381,2215,2351,2347,2250,2323,2252,2110,2283,2282,2240,2183,2107,2185,1994,2184,2159,2337,2258,2261,2181
2731: 2713,2710
2256: 2163,2062,2162,2138,2130,2964,2177,2247,2235,2248,2129,2249,2250,2323,2252,2144,2955,2169,2183,2107,2185,2259,2133,3031,2093,2160,2186,2188,2182
2663: 2661,2633,2683,2657,945
2259: 2183,2107,2185,2247,2235,2248,2129,2249,2250,2323,2252,2150,2163,2062,2162,2256,2138,2130,1994,2184,2159,2133,3031,2093,2160,2186,2188,2182,2204,2076,2045,2187
2260: 3001,512,2339,2335,2271,2280,2139,2279,2281,2237,2132,3015,2199,3051,2963,3151
2262: 2293,2394,1671,2454,2334,2361,2362,2217,2410,2409,2263,2266,2439,2292,2363,2374,2299,2214,2331,2243,2325,2044,2324,2241
2263: 2410,2409,2266,2040,2392,2454,2334,2267,2333,2218,2330,2262,2394,2288,2374,2299,2214,2331,2243,2325
2600: 2562,2598,2599,2619,2610,2648
2265: 2378,2365,2419,2157,2962,2433,2152,2416,2040,2392,915,2357,2352,2414,2355,2310,2322,2267,2333,2218,2330,2341,2420,2309,2308,2016,2154,2979,2974,2288
2266: 2410,2409,2263,2040,2392,915,1701,1671,2454,2334,2267,2333,2218,2330,2293,2262,2394,2374,2299,2214,2331,2243,2325
2267: 2333,2218,2330,2416,2040,2392,915,1671,2265,2378,2365,2419,2410,2409,2263,2266,2309,2308,2016,2974,2288,2374,2299,2214,2331
2268: 2462,2488,2505,2373,2463,2361,2362,2217,2291
2307: 2301,2305,2460,2458,1989,2459,2431,2306,2179,2402,2399,2479,2432,2403,2415,2356,2105,2367,2389,2304,2406,2320,2055,2965,2400,2315
2270: 2190,2202,2385,2383,2166,2384,2359,2208,2346,2231,2318,2316,2180,2317,2972,2167,2205,2112,2278,2961,2957,2142,2103,2232,2950,2978,2143,2120,2147,2958,2135,2953,2122
2271: 2335,3013,2395,2405,2277,2196,2002,2191,2332,2391,2992,2985,2066,2260,3001,512,2237,2132,2474
2272: 2201,2140,2091,1994,2184,2159,2337,2258,2261,2181,2339,2204,2076,2045,2187,2280,2139,2279,2281,2090,2075,2115,3070,2236,2043,568,2098,3015,2199,3051,3021
2469: 2588,2587,2746,2802,2872,2803,2851,2574,2783,2860,2859,2861
2274: 2146
2275: 2094,2338,2193,2244,2381,2215,2351,2347,2993,2245,3003,2404,2345,2344,2089,2342,2110,2283,2282,2240,2405,2277,2196,2002,2191,2337,2258,2261,2181,2339
2669: 
2277: 2405,2196,2002,2191,2993,2245,2404,2345,2344,2089,2437,2340,2275,2094,2338,2193,2332,2391,2992,2985,2066,2339,2335,2271,3013,2395
2278: 2205,2112,2961,2957,2142,2359,2208,2346,2231,2318,2316,2180,2317,2178,2314,2972,2313,2980,2155,2353,1961,2190,2270,2202,2177,2978,2120,2958,2953,2122,2169
2279: 2280,2139,2281,2337,2258,2261,2181,2339,2272,2201,2140,2091,2260,3001,512,3070,2236,2043,3015,2199,2999,3051,3146
2280: 2139,2279,2281,2337,2258,2261,2181,2339,2272,2201,2140,2091,2260,3001,512,3070,2236,2043,568,2098,3015,2199,2999,3051,3146,3021
2282: 2342,2110,2283,2240,2246,2311,2024,2244,2381,2215,2351,2347,2245,2253,2312,2150,2275,2094,2338,2193,1994,2184,2159,2337,2258,2261,2181,2339
2283: 2342,2110,2282,2240,2246,2311,2024,2244,2381,2215,2351,2347,2245,2253,2312,2150,2275,2094,2338,2193,1994,2184,2159,2337,2258,2261,2181,2339
2345: 2404,2344,2089,2386,2324,2241,2046,2408,2423,2425,2242,2424,2382,2993,2245,3003,2437,2340,2275,2094,2338,2193,2405,2277,2196,2002,2191,2332,2391,2066
2285: 2396
2286: 2148,2224,2498,2499
2287: 2519
2288: 2265,2365,2267,2333,2218,2330,2409,2263,2309,2308,2016,2154,2979,2974,2374,2299,2214,2331,2225,2226,2967,2970,2238,2219,2131,2251,2216,2300,2246,2311,2024
2290: 2096
2291: 2462,2268,2505,2373,2463,2361,2217,509,2438,2363,2411
2292: 2439,2363,2454,2334,2361,2362,2217,2293,2262,2394,2411,2243,2325,2044,2386,2324,2241,2046,2408,2423,2425,2242,2424
2293: 2262,2394,2454,2334,2361,2362,2217,2410,2409,2266,2439,2292,2363,2374,2299,2243,2325,2044,2386,2324,2241,2046,2408
2767: 2839,2764,2597,2803,2851,2783,2860,2859,2861,2835
2601: 2769,2514,2467
2543: 2550
2439: 2292,2363,2454,2334,2361,2362,2217,2293,2262,2394,2411,2243,2325,2044,2386,2324,2241,2046,2408,2423,2425,2242,2424
2525: 2371,1832,1768
2299: 2374,2214,2331,2267,2333,2218,2330,2410,2409,2263,2266,2293,2262,2394,2288,2243,2325,2044,2219,2216,2300,2246,2311,2024,2244,2381,2215,2351,2347
2300: 2219,2131,2251,2216,2309,2016,2288,2374,2299,2214,2331,2225,2967,2970,2238,2246,2311,2024,2247,2235,2129,2249,2250,2323,2252,2253,2312,2150
2301: 2307,2305,2460,2458,1989,2459,2482,2431,2306,2179,2466,2402,2399,2479,2432,2403,2415,2356,2105,2367,2389,2304,2406,2320,2055,2965,2400
2741: 2991,3045,2834,2845,3076
2303: 2483,2430,2522,2471,2547,2556,2460,2458,1989,2459,2482,2481,588,2399,2479
2304: 2389,2406,2399,2479,2307,2301,2305,2432,2403,2105,2367,2320,2959,2055,2965,2400,2315,2385,2359,2208,2346,2231,2180,2317,2178,2314,2313
2305: 2307,2301,2460,2458,1989,2459,2482,2431,2306,2179,2466,2402,2399,2479,2432,2403,2415,2356,2105,2367,2389,2304,2406,2320,2055,2965,2400
2306: 2431,2430,2522,2471,2547,2484,2548,2524,2222,2530,2434,2460,2458,1989,2459,2482,2179,2466,2402,2399,2479,2307,2301,2305,2432,2403,2415,2356
2308: 2309,2016,2154,2979,2974,2357,2158,2352,2414,2355,2310,2322,2265,2378,2365,2419,2267,2333,2218,2330,2319,2341,2420,2156,2321,2288,2225,2226,2970,2238,2219
2309: 2308,2016,2154,2979,2974,2310,2322,2265,2365,2419,2267,2333,2218,2330,2341,2420,2156,2288,2155,2225,2226,2967,2970,2238,2219,2131,2251,2216,2300
2310: 2357,2158,2352,2414,2355,2322,2461,2157,2417,2962,2433,2152,2416,2432,2415,2356,2265,2378,2365,2419,2959,2055,2400,2319,2341,2420,2156,2321,2309,2308,2016,2154,2979,2974
2313: 2318,2316,2180,2317,2178,2314,2972,2389,2304,2406,2320,2959,2055,2965,2400,2315,2319,2341,2420,2156,2321,2359,2208,2346,2231,2980,2155,2353,1961,2202,2205,2112,2278,2177
2314: 2318,2316,2180,2317,2178,2972,2313,2389,2304,2406,2320,2959,2055,2965,2400,2315,2319,2341,2420,2156,2321,2359,2208,2346,2231,2980,2155,2353,1961,2202,2205,2112,2278,2957,2177
2315: 2320,2959,2055,2965,2400,2307,2158,2355,2389,2304,2406,2319,2341,2156,2321,2359,2208,2346,2231,2318,2316,2180,2317,2178,2314,2972,2313,2980,2155,2353,1961
2316: 2318,2180,2317,2178,2314,2972,2313,2389,2320,2959,2055,2400,2315,2319,2341,2156,2321,2359,2208,2346,2231,2980,2155,2353,1961,2190,2270,2202,2205,2112,2278,2961,2957,2142,2964,2177
2317: 2318,2316,2180,2178,2314,2972,2313,2389,2304,2406,2320,2959,2055,2965,2400,2315,2319,2341,2156,2321,2359,2208,2346,2231,2980,2155,2353,1961,2190,2270,2202,2205,2112,2278,2961,2957,2142,2177
2318: 2316,2180,2317,2178,2314,2972,2313,2320,2959,2055,2400,2315,2319,2341,2156,2321,2359,2208,2346,2231,2980,2155,2353,1961,2190,2270,2202,2205,2112,2278,2961,2957,2142,2964,2177
2319: 2341,2420,2156,2321,2432,2403,2415,2356,2357,2158,2352,2414,2355,2310,2322,2378,2365,2419,2320,2959,2055,2965,2400,2315,2308,2016,2154,2979,2974,2318,2316,2180,2317,2178,2314,2313,2980,2155,2353,1961,2226,2970
2320: 2959,2055,2965,2400,2315,2307,2301,2305,2432,2403,2415,2356,2357,2158,2352,2355,2322,2389,2304,2406,2319,2341,2420,2156,2321,2359,2208,2346,2231,2318,2316,2180,2317,2178,2314,2972,2313,2980,2155
2322: 2357,2158,2352,2414,2355,2310,2461,2157,2417,2962,2433,2152,2416,2415,2356,2265,2378,2365,2419,2320,2959,2055,2400,2319,2341,2420,2156,2321,2309,2308,2016,2154,2979,2974
2323: 2250,2252,2131,2251,2216,2300,2246,2311,2024,2247,2235,2248,2129,2249,2253,2312,2150,2163,2062,2162,2256,2138,2130,2183,2107,2185,2259,1994,2184,2159
2324: 2386,2241,2046,2408,2293,2262,2394,2439,2292,2363,2411,2243,2325,2044,2423,2425,2242,2424,2244,2381,2215,2351,2347,2993,2245,3003,2345,2344,2089
2325: 2243,2044,2410,2409,2263,2266,2293,2262,2394,2439,2292,2363,2374,2299,2214,2331,2386,2324,2241,2046,2408,2246,2311,2024,2244,2381,2215,2351,2347,2245,3003
2523: 2377,2476,2475,2512,2427,2487,2429,2480,2477,2456,2954,2485,853,1677,2364,2433,2152,2416,2040,915
2407: 2595,2449
2735: 2727,2732
2329: 2173,2358,2197,2237,2132,2474,2529,3005,2428,2161,3075,3025,3159
2330: 2267,2333,2218,2416,2040,2392,2265,2378,2365,2419,2410,2409,2263,2266,2309,2308,2016,2154,2979,2974,2288,2374,2299,2214,2331
2331: 2374,2299,2214,2267,2333,2218,2330,2410,2409,2263,2266,2262,2394,2288,2243,2325,2044,2219,2131,2251,2216,2300,2246,2311,2024,2244,2215,2351
2332: 2391,2992,2985,2066,2404,2345,2437,2340,2405,2277,2196,2002,2191,2422,2988,2335,2271,3013,2395
2333: 2267,2218,2330,2152,2416,2040,2392,915,1671,2265,2378,2365,2419,2410,2409,2263,2266,2309,2308,2016,2979,2974,2288,2374,2299,2214,2331
2334: 2454,1700,2465,2488,2464,1671,2361,2362,2217,2410,2409,2263,2266,2293,2262,2394,2439,2292,2363
2335: 2271,3013,2395,2405,2277,2196,2002,2191,2332,2391,2992,2985,2066,2260,3001,512,2237,2132,2474,3005
2336: 2070,1719,1763,2473,1721
2337: 2258,2261,2181,2253,2342,2110,2283,2282,2240,2275,2094,2338,2193,1994,2184,2159,2339,2204,2045,2272,2201,2140,2091,2280,2139,2279,2281
2338: 2275,2094,2193,2244,2381,2351,2347,2993,2245,3003,2345,2344,2089,2342,2110,2283,2282,2240,2405,2277,2196,2002,2191,2337,2258,2261,2181,2339
2339: 2342,2110,2283,2282,2240,2275,2094,2338,2193,2405,2277,2196,2002,2191,2337,2258,2261,2181,2272,2201,2140,2280,2139,2279,2281,2260,3001
2340: 2437,2425,2382,2404,2345,2405,2277,2332,2391,2992,2985,2066,2422,2988
2341: 2319,2420,2156,2321,2356,2357,2158,2352,2414,2355,2310,2322,2265,2365,2419,2320,2959,2055,2400,2315,2309,2308,2016,2154,2979,2974,2318,2316,2180,2317,2178,2314,2313,2980,2155,2353,1961,2225,2226,2967,2970,2238
2342: 2110,2283,2282,2240,2347,2275,2094,2338,2337,2258,2261,2181,2339
2348: 2443,2445,2168,2426,2233,2366
2349: 2165,2426,2366,571
2350: 1773,918
2351: 2244,2381,2215,2347,2374,2299,2214,2331,2243,2325,2044,2324,2241,2046,2408,2246,2311,2024,2245,3003,2253,2312,2150,2110,2283,2282,2240,2275,2338
2352: 2357,2158,2414,2355,2310,2322,2179,2466,2402,2461,2157,2417,2962,2433,2152,2416,2432,2403,2415,2356,2265,2378,2365,2419,2320,2959,2055,2965,2400,2319,2341,2420,2156,2321,2308,2974
2590: 589,2495,2592,2595,2449,2655,2596,2627
2355: 2357,2158,2352,2414,2310,2322,2179,2402,2461,2157,2417,2962,2433,2152,2416,2432,2403,2415,2356,2265,2378,2365,2419,2320,2959,2055,2965,2400,2315,2319,2341,2420,2156,2321,2308,2154,2979,2974
2356: 2432,2403,2415,2431,2306,2179,2466,2402,2461,2157,2417,2962,2307,2301,2305,2357,2158,2352,2414,2355,2310,2322,2406,2320,2959,2055,2965,2400,2319,2341,2420,2156,2321
2357: 2158,2352,2414,2355,2310,2322,2179,2461,2157,2417,2962,2433,2152,2416,2432,2403,2415,2356,2265,2378,2365,2419,2320,2959,2055,2965,2400,2319,2341,2420,2156,2321,2308,2016,2154,2979,2974
2358: 2173,2329,2197,2237,2132,2474,2529,3005,2428,2161,3075,2549,3025,3159
2359: 2208,2346,2231,2105,2367,2389,2304,2320,2315,2385,2383,2166,2384,2318,2316,2180,2317,2178,2314,2972,2313,2167,2190,2270,2202,2205,2112,2278,2961,2957,2142
2360: 2503
2361: 2362,2217,2462,2268,2463,2454,2334,2291,2293,2262,2394,2439,2292,2363,2411
2362: 2361,2217,2488,2464,2462,2268,2463,2454,2334,2293,2262,2394,2439,2292,2363,2411
2363: 2439,2292,2454,2334,2361,2362,2217,2291,2293,2262,2394,2411,2243,2325,2386,2324,2241,2046,2423,2425,2242,2424
2364: 853,1677,2377,2476,2523,2512,2427,1700,2465,2040,2392,915,1671
2365: 2265,2378,2419,2157,2962,2433,2152,2416,2040,2392,915,2357,2158,2352,2414,2355,2310,2322,2267,2333,2218,2330,2319,2341,2420,2156,2309,2308,2016,2154,2979,2974,2288
2366: 2426,2233,2348,2349,2165,2207
2367: 2105,588,2399,2479,2307,2301,2305,2389,2304,2406,2385,2383,2166,2384,2359,2208,2346,2231
2369: 2473
2370: 2521
2371: 2525,1832,1768
2485: 2487,2429,2480,2477,2456,2954,2524,2222,2530,2434,2377,2476,2475,2523,2512,2427,2179,2466,2402,2461,2157,2417,2962,2433,2152,2416
2373: 2505,2463,2462,2268,2291,509,2438
2374: 2299,2214,2331,2267,2333,2218,2330,2410,2409,2263,2266,2293,2262,2394,2288,2243,2325,2044,2219,2216,2300,2246,2311,2024,2244,2381,2215,2351,2347
2555: 2483,2446,2448,2556
2917: 3110,3036,3108,3109,3182,3143,2946,2868,3034,3173,2937,3152,2983,2981,3083,2902
2378: 2265,2365,2419,2461,2157,2417,2962,2433,2152,2416,2040,2392,2357,2158,2352,2414,2355,2310,2322,2267,2333,2218,2330,2319,2420,2308,2016,2974
3007: 1972,2015,1942,2052,1995,3095,3114,2036,3082,3044,1963
2477: 2487,2429,2480,2456,2954,2485,2524,2222,2434,2377,2476,2475,2523,2512,2427,2466,2402,2461,2157,2417,2962,2433,2152
2381: 2244,2215,2351,2347,2374,2299,2243,2325,2044,2386,2324,2241,2046,2408,2246,2311,2024,2993,2245,3003,2253,2312,2110,2283,2282,2240,2275,2094,2338,2193
2382: 2411,2423,2425,2242,2424,2404,2345,2344,2089,2437,2340
2383: 2385,2166,2384,2105,2367,2359,2208,2346,2231,2167,2190,2270
2384: 2385,2383,2166,2105,2367,2359,2208,2346,2231,2167,2190,2270
2385: 2383,2166,2384,2105,2367,2389,2304,2359,2208,2346,2231,2167,2190,2270,2202
2386: 2324,2241,2046,2408,2293,2439,2292,2363,2411,2243,2325,2044,2423,2425,2242,2424,2381,2993,2245,3003,2404,2345,2344,2089
2466: 2179,2402,2484,2548,2524,2222,2530,2434,2487,2429,2480,2477,2456,2954,2485,2431,2306,2461,2157,2417,2962,2301,2305,2432,2403,2415,2356,2158,2352,2414
3089: 3141,2067,1950,2141,2027,1998,2074,2994,2042,3137,3107,2061,2018,2006,2068,3166
2389: 2304,2406,2399,2307,2301,2305,2432,2403,2105,2367,2320,2959,2055,2965,2400,2315,2385,2359,2208,2346,2231,2316,2180,2317,2178,2314,2972,2313
2524: 2222,2530,2434,2484,2548,2487,2429,2480,2477,2456,2954,2485,2431,2306,2179,2466,2402,2461,2417
2391: 2332,2992,2985,2066,2404,2345,2437,2340,2405,2277,2002,2422,2988,2335,2271,3013,2395
2392: 2040,915,2476,2512,2427,853,1677,2364,1700,2465,2433,2152,2416,1671,2265,2378,2365,2419,2267,2333,2218,2330,2410,2409,2263,2266
2393: 2203
2394: 2293,2262,1671,2454,2334,2361,2362,2217,2410,2409,2263,2266,2439,2292,2363,2374,2299,2214,2331,2243,2325,2044,2324,2241
2395: 2335,2271,3013,2405,2277,2196,2002,2191,2332,2391,2992,2985,2066,2422,2988,2237,2132,2474
2396: 2285
2488: 2464,1700,2465,2462,2268,1671,2454,2334,2362,2217
2398: 2573
2399: 2479,2303,2460,2458,1989,2459,2482,2431,2306,588,2307,2301,2305,2105,2367,2389,2304,2406
2570: 2095,1942,2052,2073,1992,1963
2402: 2179,2466,2484,2548,2524,2222,2530,2434,2487,2429,2480,2477,2456,2954,2485,2431,2306,2461,2157,2417,2962,2307,2301,2305,2432,2403,2415,2356,2158,2352,2414,2355
2403: 2432,2415,2356,2431,2306,2179,2466,2402,2461,2417,2307,2301,2305,2357,2158,2352,2414,2355,2389,2304,2406,2320,2959,2055,2965,2400,2319
2404: 2345,2344,2089,2386,2241,2046,2408,2423,2425,2242,2424,2382,2993,2245,3003,2437,2340,2275,2193,2405,2277,2196,2002,2191,2332,2391,2992,2985,2066
2405: 2277,2196,2002,2191,2993,2245,2404,2345,2344,2089,2437,2340,2275,2094,2338,2193,2332,2391,2992,2985,2066,2339,2335,2271,3013,2395
2408: 2386,2324,2241,2046,2293,2439,2292,2411,2243,2325,2044,2423,2425,2242,2244,2381,2215,2351,2347,2993,2245,3003,2404,2345,2344,2089
2409: 2410,2263,2266,2040,2392,915,2454,2334,2267,2333,2218,2330,2293,2262,2394,2288,2374,2299,2214,2331,2243,2325
2410: 2409,2263,2266,2040,2392,915,1701,1671,2454,2334,2267,2333,2218,2330,2293,2262,2394,2374,2299,2214,2331,2243,2325
2411: 2361,2362,2217,2291,2438,2439,2292,2363,2386,2324,2241,2046,2408,2423,2425,2242,2424,2382
3072: 2889,3000,2858
2560: 1933,2539,2709,2648,1951,2541,2516,2559,2486,2504,1884,2708,2647,2501
2414: 2357,2158,2352,2355,2310,2322,2179,2466,2402,2461,2157,2417,2962,2433,2152,2416,2432,2403,2415,2356,2265,2378,2365,2419,2959,2055,2400,2319,2341,2420,2156,2321,2308,2974
2415: 2432,2403,2356,2431,2306,2179,2466,2402,2461,2157,2417,2962,2307,2301,2305,2357,2158,2352,2414,2355,2310,2322,2406,2320,2959,2055,2965,2400,2319,2420,2321
2416: 2433,2152,2429,2480,2456,2485,2377,2476,2475,2523,2512,2427,2461,2157,2417,2962,2040,2392,915,2357,2158,2352,2414,2355,2310,2322,2265,2378,2365,2419,2267,2333,2218,2330
2417: 2461,2157,2962,2524,2222,2530,2434,2487,2429,2480,2477,2456,2954,2485,2475,2512,2179,2466,2402,2433,2152,2416,2432,2403,2415,2356,2357,2158,2352,2414,2355,2310,2322,2378,2419
2969: 2888,2903,2875,2825,2923,2901,2921,2827,3066,3002,2952,3020,2897,2933,2857,2932
2419: 2265,2378,2365,2461,2157,2417,2962,2433,2152,2416,2040,2392,2357,2158,2352,2414,2355,2310,2322,2267,2333,2218,2330,2319,2341,2420,2156,2321,2309,2308,2016,2154,2979,2974
2420: 2319,2341,2156,2321,2415,2356,2357,2158,2352,2414,2355,2310,2322,2265,2378,2365,2419,2320,2959,2055,2400,2309,2308,2016,2154,2979,2974,2178,2314,2313,2980,2155,2353,1961,2225,2226,2970,2238
2422: 2988,2437,2340,2332,2391,2992,2985,2435,2195,3013,2395
2423: 2425,2242,2424,2439,2292,2363,2411,2386,2324,2241,2046,2408,2382,2993,2245,3003,2404,2345,2344,2089,2437
2424: 2423,2425,2242,2439,2292,2363,2411,2386,2324,2241,2046,2382,2993,2404,2345,2344,2089
2425: 2423,2242,2424,2439,2292,2363,2411,2386,2324,2241,2046,2408,2382,2993,2245,3003,2404,2345,2344,2089,2437,2340
2426: 2233,2348,2349,2165,2366
2427: 2377,2476,2475,2523,2512,2487,2429,2480,2477,2456,2954,2485,853,1677,2364,2461,2157,2962,2433,2152,2416,2040,2392,915
2428: 2474,2529,3005,2173,2358,2329,2197
2429: 2487,2480,2477,2456,2954,2485,2524,2222,2530,2434,2377,2476,2475,2523,2512,2427,2466,2402,2461,2157,2417,2962,2433,2152,2416
2430: 2522,2471,2547,2484,2548,2303,2460,2458,1989,2459,2482,2431,2306
2431: 2306,2430,2522,2471,2547,2484,2548,2524,2222,2530,2434,2460,2458,1989,2459,2482,2179,2466,2402,2399,2307,2301,2305,2432,2403,2415,2356
2432: 2403,2415,2356,2431,2306,2179,2466,2402,2461,2157,2417,2307,2301,2305,2357,2158,2352,2414,2355,2310,2389,2304,2406,2320,2959,2055,2965,2400,2319
2433: 2152,2416,2487,2429,2480,2477,2456,2954,2485,2377,2476,2475,2523,2512,2427,853,2461,2157,2417,2962,2040,2392,2357,2158,2352,2414,2355,2310,2322,2265,2378,2365,2419
2434: 2524,2222,2530,2484,2548,2487,2429,2480,2477,2456,2954,2485,2431,2306,2179,2466,2402,2461,2417
2435: 2195,2451,2422,2988
2436: 2343
2438: 509,2505,2373,2463,2291,2497,2411
2471: 2430,2522,2547,2484,2303,2460,2458,1989,2459,2482,2431,2306
2441: 2507,578,2544,2451
2443: 2445,2168,2447,2209,2481,2233,2348
2444: 2491,485
2445: 2443,2168,2447,2209,2481,2233,2348
2446: 2448,2555,2556,2447,2209,2481
2447: 2209,2446,2448,2556,2481,900,2443,2445,2168
2448: 2446,2483,2555,2556,2447,2209,2481
2449: 2595,918,2590,589,2407,2655,2596,2627
2450: 2561,490,578
2451: 2544,2507,2441,2435,2195
2452: 2497,509
2454: 2334,1700,2465,2488,2464,1701,1671,2361,2362,2217,2410,2409,2263,2266,2293,2262,2394,2439,2292,2363
2455: 1487,822,2174
2456: 2487,2429,2480,2477,2954,2485,2524,2222,2530,2434,2377,2476,2475,2523,2512,2427,2179,2466,2402,2461,2157,2417,2962,2433,2152,2416
2652: 2604
2458: 2460,1989,2459,2482,2430,2522,2471,2547,2303,2431,2306,588,2399,2479,2307,2301,2305
2459: 2460,2458,1989,2482,2430,2522,2471,2547,2303,2431,2306,588,2399,2479,2307,2301,2305
2460: 2458,1989,2459,2482,2430,2522,2471,2547,2303,2431,2306,588,2399,2479,2307,2301,2305
2461: 2157,2417,2962,2524,2222,2530,2434,2487,2429,2480,2477,2456,2954,2485,2377,2475,2512,2427,2179,2466,2402,2433,2152,2416,2432,2403,2415,2356,2357,2158,2352,2414,2355,2310,2322,2378,2419
2462: 2268,2488,2464,2505,2373,2463,2361,2362,2217,2291
2463: 2505,2373,2462,2268,2361,2362,2217,2291,2438
2464: 2488,1700,2465,2462,1671,2454,2334,2362,2217
2465: 1700,853,1677,2364,2488,2464,2040,2392,915,1701,1671,2454,2334
2467: 2514,2815,2769,2601
2468: 2566,938,1689,450
2542: 2125,472
2473: 1787,1697,2336,2369
2474: 2529,3005,2335,2271,3013,2395,2237,2132,2428,2161,2173,2358,2329,2197
2475: 2377,2476,2523,2512,2427,2487,2429,2480,2477,2456,2954,2485,853,1677,2461,2157,2417,2962,2433,2152,2416
2476: 2377,2475,2523,2512,2427,2487,2429,2480,2477,2456,2954,2485,853,1677,2364,2433,2152,2416,2040,2392,915
2479: 2399,2303,2460,2458,1989,2459,2482,2306,588,2307,2301,2305,2105,2367,2304
2480: 2487,2429,2477,2456,2954,2485,2524,2222,2434,2377,2476,2475,2523,2512,2427,2466,2402,2461,2157,2417,2962,2433,2152,2416
2481: 2446,2448,2556,2303,2447,2209,588,2443,2445,2168
2482: 2460,2458,1989,2459,2430,2522,2471,2547,2303,2431,2306,588,2399,2479,2301,2305
2483: 2555,2448,2556,2303
2484: 2548,2430,2471,2547,2524,2222,2530,2434,2431,2306,2179,2466,2402
2486: 2504,1884,2708,1951,2541,1882,1830,1933,2560,2489,1907,2501
2487: 2429,2480,2477,2456,2954,2485,2524,2222,2530,2434,2377,2476,2475,2523,2512,2427,2466,2402,2461,2157,2417,2433,2152
2489: 1907,1882,1830,2486,2504,1884,2708
2710: 2721,2713,2731
2491: 2444,485
2566: 2468,938,1689,450
2813: 3077,3169,3059,3022,3041,3104,3115,3155,3023,3171,3100,3167,3158,2990,3084,3024,2934,3081,3049,3154,3174,2912,3058,3170
2685: 
2495: 2592,2590,589,2655,2596,2627
2496: 1915,1891,927,1793,1717,1796
2497: 2452,509,2438
2498: 2148,2224,2499,2286,1487,822
2499: 2148,2224,2498,2286,1487,822
2579: 1991,2602,1886,2580,1979,1883
2501: 2516,2559,1933,2560,2539,2709,2486,2504,1884,2708,2647,1891,1793
2595: 2449,918,2590,589,2407,2655,2596,2627
2503: 2360
2504: 2486,1884,2708,1951,2541,1882,1830,1933,2560,2539,2709,2489,1907,2501
2505: 2373,2463,2462,2268,2291,509,2438
2563: 1867,1913,2623,2189,2255
2507: 2441,578,2544,2451,2151,540
2738: 2810,2920,2753,2884,2843,2898,2926,2951,2976,2918,2913
2509: 2571,575
2704: 2689,2611,2646,1858,1064,1088
2511: 2749,2748,2821,2757,2771,2787,2793,2745,2820,2750,2765
2512: 2377,2476,2475,2523,2427,2487,2429,2480,2477,2456,2954,2485,853,1677,2364,2461,2157,2417,2962,2433,2152,2416,2040,2392,915
2564: 2610,2609,2689
2514: 2467,2815,2769,2601
2727: 2711,2735,2732
2516: 2559,2648,1951,2541,1933,2560,2539,2647,2501
2613: 2637,2599
2614: 2673,945,2675,2700
2519: 2287
3151: 2963,2260,3001,512,2237,2132,2199,2999,3051,3146,2161,3075,3149,3088,2145,3087,3055,3090,2977,3157,2097,3160,3025,3159
2529: 2474,3005,2237,2132,2428,2161,3075,2173,2358,2329,2197
2530: 2524,2222,2434,2484,2548,2487,2429,2456,2954,2485,2431,2306,2179,2466,2402,2461,2417
2539: 1933,2560,2709,2648,1951,2541,2516,2559,2504,2708,2647,2501
2534: 2568,472
2661: 2663,2633,2683,2657,945
2664: 2723
2677: 2607
2586: 2123
2545: 2584
2571: 2509,575
2547: 2430,2522,2471,2484,2548,2303,2460,2458,1989,2459,2482,2431,2306
2548: 2484,2430,2547,2524,2222,2530,2434,2431,2306,2179,2466,2402
2549: 3025,3159,2161,3075,2358
2550: 2543
2551: 
2692: 2722,945
2556: 2483,2555,2446,2448,2303,2447,2209,2481,588
2557: 2890,2960,2591
2561: 2450,490,578
2562: 2598,2600,2599,2619
2565: 2442,1526,1561
2568: 2534,472
2569: 2786,2856,2785,2855,2880,2784,2748,2821
2572: 2624
2573: 2398
2574: 2588,2469,2587
2576: 
2584: 2545
2587: 2588,2469,2746,2802,2872,2803,2851,2574,2783,2860,2859,2861,2835
2592: 2495,2590,589,2655,2596,2627
2594: 2021,2615,2189,2255
2596: 2655,2627,2495,2592,2590,589,2595,2449
2597: 2777,2853,2848,2746,2747,2773,2872,2803,2851,2793,2745,2839,2764,2767,2783,2860,2859,2861,2835
2598: 2562,2600,2599,2619,2610,2648
2824: 2778,2801,2809,2808,2797,2915,2785,2855
2607: 2677
2721: 564,2674,2687,2642,2713,2710
2609: 2610,2564,2689
2610: 2564,2609,2598,2600,2689
2747: 2773,2786,2856,2880,2784,2777,2853,2848,2748,2821,2597,2793,2745,2764
2713: 2674,2687,2642,2721,2710,2731
2623: 1867,1913,2563,2189,2255
2624: 2572
2625: 2589,2907,3056,2995,2996,3062,2743
2673: 2614,945,2675,2700
2627: 2655,2596,2495,2592,2590,589,2595,2449
2682: 2612,2675,2700,2694
2775: 2760,2785,2855,2847,2882,2854,2846,2756,2805,2779,2817,2791,2757,2771
2630: 2658,2660,2690,2637,2683,2657,977
2655: 2596,2627,2495,2592,2590,589,2595,2449
2672: 2575,2591
2633: 2683,2657,2663,2661
2771: 2757,2787,2775,2760,2748,2821,2817,2791,2749,2511,2820,2750
2642: 2687,2674,2721,2713
2902: 3083,3175,3110,3036,3108,2917,3109,3182,2937,3152,2983,2981,3080,3172,2982,2870,3092,3138,3140,555
2690: 2660,493,2630,2658,2683,977
2646: 2689,2704,2647,1064,1088
2647: 2516,2559,1933,2560,2539,2646,2501,1064,1088
2648: 2598,2600,1951,2541,2516,2559,2560,2539
2675: 2700,945,2682,2614,2673
2736: 2684,2762,406
2737: 3126,2943,3150,3180,2752,3071,3183,3164,2938,3135,3133,3181,2893,3037,2891,3038,3039,3050,2929,3042,3127,3116,3134,944,3128,494
2743: 2789,3118,2849,2907,3056,2995,2996,3062,3091,3117,3119,2788,2589,2625
2744: 2807,486
2745: 2793,2748,2821,2747,2773,2597,2749,2511,2839,2764
2746: 2802,2887,2804,2852,2777,2853,2848,2597,2872,2803,2851,2588,2469,2587
2748: 2821,2785,2855,2786,2856,2569,2880,2784,2747,2773,2757,2771,2787,2749,2511,2793,2745
2749: 2511,2748,2821,2757,2771,2787,2793,2745,2820,2750,2765
2750: 2820,2817,2791,2757,2771,2787,2749,2511,2765,2840,2842
2937: 3152,2983,2981,2946,3110,3036,3108,2917,3109,3182,2868,3034,3173,3083,2902,3175,2869,2866,3057
2752: 3165,3071,2939,3162,3183,3164,3125,3178,2899,3065,3074,2940,3073,3142,2941,2938,3135,3133,3181,964,3050,2737,2943,3150
2793: 2745,2748,2821,2747,2773,2597,2749,2511,2839,2764
2755: 2823,2822,2975,2911,3132,3060
2756: 2829,2846,2805,2779,2873,2776,2847,2882,2854,2775,2760,2780,2832,2877,2831,2758,2817,2791,2892,2878,2837,2838,2533,2836
2757: 2771,2787,2775,2760,2748,2821,2817,2791,2749,2511,2820,2750
2758: 2780,2832,2877,2831,2876,2873,2776,2854,3010,2833,2829,2846,2756,2779,2948,2892,2888,2878,2828,2837,2838,2533,2836
2850: 2797,2915,2904,2761,2809
2762: 406,2736,2684,2707,459
2819: 3026,2875,2901,2921,2827,2909,2841,2768,2857,2932,3040,2919,3047,3014,2844,2914,3033,2766,2795
2765: 2787,2749,2511,2820,2750,2794
2766: 2844,2914,3033,2931,2900,2795,2819,3026,3047,3014,3046,2879,2928,3048,3093,3043,3105,2811,2989,2930,3061,3102,2951
2769: 2514,2467,2601
2772: 2742,1817,558,1689,432
2776: 2873,2895,2876,2847,2882,2854,3010,2833,2949,2925,2780,2832,2877,2831,2758,2829,2756,2805,2779
2777: 2853,2848,2887,2804,2852,2746,2802,2747,2773,2597,2872,2803,2851
2778: 2801,2809,2808,2824,2797,2915,2785,2855
2779: 2829,2846,2756,2805,2873,2776,2847,2882,2854,2775,2760,2780,2832,2877,2831,2758,2817,2791,2892,2838,2533,2836
2780: 2832,2877,2831,2758,2876,2873,2776,2847,2882,2854,3010,2833,2949,2925,2829,2846,2756,2805,2779,2948,2892,2888,2878,2828,2837,2838,2533,2836
2900: 2844,2914,3033,2931,2766,2795,2792,3047,3014,2843,2898,3046,2879,3048,3043,3105,2811,2989,2930,3061,3102,2926,2951
2783: 2860,2859,2861,2835,2597,2872,2803,2851,2588,2469,2587,2839,2764,2767
2784: 2880,2786,2856,2569,2848,2748,2821,2747,2773
2785: 2855,2778,2801,2808,2824,2786,2856,2569,2775,2760,2748,2821
2786: 2856,2569,2785,2855,2880,2784,2748,2821,2747,2773
2787: 2757,2771,2748,2817,2749,2511,2820,2750,2765
2788: 3091,3117,3119,2789,3118,2849,3056,2913,2743,2975,2911
2789: 3118,2849,2884,3056,2995,2996,3062,2913,3091,3117,3119,2788,2743
2792: 2794,2753,2844,2914,3033,2931,2900,2795,2843,2898,2810
2794: 2765,2840,2842,2792,2753
2797: 2915,2850,2904,2761,2778,2801,2809,2808,2824
2802: 2746,2887,2804,2852,2777,2853,2848,2872,2803,2851,2588,2469,2587
2803: 2872,2851,2777,2853,2746,2802,2597,2588,2469,2587,2767,2783,2860,2859,2861,2835
2804: 2852,2864,2862,2806,2863,2908,2815,2887,2777,2853,2848,2746,2802
2805: 2829,2846,2756,2779,2873,2776,2847,2882,2854,2775,2760,2780,2832,2817,2791,2533,2836
2806: 2864,2862,2863,2908,2887,2804
2807: 2744,486
2810: 2738,2920,2792,2753,2884,2843,2898,2918
2882: 2847,2854,2873,2776,2775,2760,2780,2832,2829,2846,2756,2805,2779,2817,2791
2842: 2840,2838,2533,2836,2820,2750,2909,2841,2768,2794
2815: 2908,2804,2852,2514,2467
2905: 2885,3099,3053,3111,3153,2910,2894,3123,2833,2949,936,2987,3136,2984,2948,3131,3052,3096,2903,2896
2817: 2791,2847,2882,2854,2775,2760,2829,2846,2756,2805,2779,2757,2771,2787,2838,2533,2836,2820,2750
2821: 2748,2785,2855,2786,2856,2569,2880,2784,2747,2757,2771,2749,2511,2793,2745
2825: 2875,2923,2901,2921,2827,2892,2888,2878,2828,2837,2838,2533,2836,2969,2909,2841,2768,2897,2857,2932
2826: 3179,3028,3129,3029,3168,3131,3103,3052,3027,3096,2903,3106,3177,3018,3002,3017,3130,2924,3016,3178,3113,3074
2827: 2875,2825,2923,2901,2921,2878,2837,2838,2836,2969,2909,2841,2768,2897,2857,2932,2819,3026
2828: 2892,2888,2878,2837,3010,2833,2949,2780,2832,2877,2831,2758,2829,2948,2838,2533,2836,2875,2825,2923
2829: 2846,2756,2805,2779,2873,2776,2847,2882,2854,2760,2780,2832,2877,2831,2758,2817,2791,2892,2888,2878,2828,2837,2838,2533,2836
2992: 2332,2391,2985,2066,2404,2437,2340,2405,2277,2422,2988,2335,2271,3013,2395
2831: 2780,2832,2877,2758,2895,2876,2873,2776,2847,2854,3010,2833,2949,2925,2829,2846,2756,2779,2948,2892,2888,2828,2837,2533,2836
2832: 2780,2877,2831,2758,2876,2873,2776,2847,2882,2854,3010,2833,2829,2846,2756,2805,2779,2892,2888,2878,2828,2837,2838,2533,2836
2833: 3010,2949,2925,2876,2873,2776,2910,2894,3123,2780,2832,2877,2831,2758,2885,2905,3099,3111,2948,2892,2888,2828,2837
2834: 3045,2935,3086,536,2991,2741
2835: 2783,2860,2859,2861,2597,2803,2851,2587,2839,2764,2767
2836: 2838,2533,2780,2832,2877,2831,2758,2829,2846,2756,2805,2779,2817,2791,2892,2888,2878,2828,2837,2825,2923,2827,2909,2841,2768,2840,2842
2837: 2892,2888,2878,2828,2833,2780,2832,2877,2831,2758,2829,2846,2756,2948,2838,2533,2836,2875,2825,2923,2901,2921,2827,2909,2841,2768
2838: 2533,2836,2780,2832,2877,2758,2829,2846,2756,2779,2817,2791,2892,2888,2878,2828,2837,2875,2825,2923,2827,2909,2841,2768,2840,2842
2839: 2764,2767,2597,2793,2745,2783,2860,2835
2840: 2842,2838,2533,2836,2820,2750,2909,2841,2768,2794
2841: 2909,2768,2878,2837,2838,2533,2836,2875,2825,2923,2901,2921,2827,2840,2842,2857,2932,2819,3026
2843: 2898,2792,2753,2844,2914,2931,2900,2738,2810,2920,2811,2989,3102,2926,2951,2976,2918
2844: 2914,3033,2931,2900,2766,2795,2819,3026,2792,3014,2843,2898,2811,2989,3061,2951
2845: 3076,2991,2741,3176,3008,3085
2846: 2829,2756,2805,2779,2873,2847,2882,2854,2775,2760,2780,2832,2877,2831,2758,2817,2791,2892,2878,2837,2838,2533,2836
2847: 2882,2854,2873,2776,2775,2760,2780,2832,2877,2831,2829,2846,2756,2805,2779,2817,2791
2848: 2777,2853,2887,2804,2880,2784,2746,2802,2747,2773,2597,2872,2851
2849: 2789,3118,2907,3056,2995,2996,3062,2913,3091,3117,3119,2788,2743
2853: 2777,2848,2887,2804,2852,2746,2802,2747,2773,2597,2872,2803,2851
2854: 2847,2882,2873,2776,2775,2760,2780,2832,2877,2831,2758,2829,2846,2756,2805,2779,2817,2791
2855: 2785,2778,2801,2809,2808,2824,2786,2856,2569,2775,2748,2821
2856: 2786,2569,2785,2855,2880,2784,2748,2821,2747,2773
2857: 2932,2969,2875,2825,2901,2921,2827,2841,2952,3020,2897,2933,2819,3026,2940,3040,2919
2858: 3000,1477,1341,3072,2889
2859: 2783,2860,2861,2835,2597,2872,2803,2851,2588,2469,2587,2764,2767
2860: 2783,2859,2861,2835,2597,2872,2803,2851,2469,2587,2839,2764,2767
2861: 2783,2860,2859,2835,2597,2872,2803,2851,2588,2469,2587,2767
2862: 2864,2806,2863,2908,2887,2804
2863: 2864,2862,2806,2908,2887,2804
2865: 3148,3064,2945,3068,3032,3147,563
2866: 2869,3057,3163,2868,3034,3173,2937,2983,2981,2867,1953
2867: 1953,2866,3057,2945,3068
2868: 3034,3173,3144,3019,2946,3110,3036,3108,2917,3109,3182,3163,2937,3152,2869,2866,3057
2869: 2866,3057,3163,2868,3034,3173,2937,3152,2983,2981
2870: 3092,2983,2981,3083,2902,3175,3080,3172,2982,3138,3139,3140,555,3030,3097,3120,2871,3121
2871: 3120,3121,2870,3092,3138,3139,3140,3030,3097,424,3122
2872: 2803,2851,2777,2853,2848,2746,2802,2597,2588,2469,2587,2783,2860,2859,2861
2987: 936,3136,2984,2968,3094,3153,2894,3123,2885,2905,3099,3053,3111,3029,3168,3131,3103,3052,3027,3096,2903,2896
2875: 2825,2923,2901,2921,2827,2888,2878,2828,2837,2838,2969,2909,2841,2768,2952,3020,2897,2933,2857,2932,2819,3026
2876: 2895,2873,2776,2910,2894,3123,3010,2833,2949,2925,2780,2832,2877,2831,2758
2879: 3046,2928,3048,3093,3043,3105,3040,2919,3047,3014,2914,3033,2931,2900,2766,2795,2893,3037,2891,3038,3039,2811,2989,2930,3061,3042,3116,3041,3124,2922,3115,3100
2880: 2784,2786,2856,2569,2848,2748,2821,2747,2773
2996: 2907,3056,2995,3062,2789,3118,2849,3117,3119,2743,2589,2625
3008: 3085,2845,3076,3176,2968,3094,3153,2910,2894,3123
2884: 2753,2738,2810,2920,2789
2885: 2905,3099,3053,3111,3153,2910,2894,3123,3010,2833,2949,2925,936,2987,3136,2984,2948,2896
2887: 2864,2862,2806,2863,2908,2804,2852,2777,2853,2848,2746,2802
2888: 2892,2878,2828,2837,3010,2833,2949,2780,2832,2877,2831,2758,2829,2948,2838,2533,2836,2969,2875,2825,2923,2921
2889: 3072,3000,2858
2890: 2960,2557,2591
2891: 2893,3037,3038,3039,2940,3040,2919,3047,3014,2938,3135,3133,3181,3046,2879,2928,3048,3093,3043,3105,3126,2737,2943,3150,3180,2929,3042,3127,3116,3134,3041,3124,2922,3104,3115,3155
2892: 2888,2878,2828,2837,3010,2833,2780,2832,2877,2831,2758,2829,2846,2756,2779,2948,2838,2533,2836,2825,2923
2893: 3037,2891,3038,3039,2940,3040,2919,3047,2938,3135,3133,3181,3046,2879,2928,3048,3093,3043,3126,2737,2943,3150,3180,2929,3042,3127,3116,3134,3124,2922
2894: 2910,3123,3008,2876,2968,3094,3153,3010,2833,2949,2925,936,2987,3136,2984,2885,2905,3099,3053,3111,2948
2895: 2876,2873,2776,2910,3010,2949,2925,2877,2831
2896: 2903,936,2987,3136,2984,2885,2905,3099,3053,3111,2948,3131,3103,3052,3027,3096,3002
2897: 2952,3020,2933,2903,2969,2875,2825,2923,2901,2921,2827,3018,3066,3002,2857,2932
2898: 2843,2792,2753,2844,2914,2931,2900,2738,2810,2920,2811,2926,2951,2976,2918
2899: 3065,3074,3028,3129,3018,3066,3002,2952,3020,2933,2924,3016,3125,3178,3113,2940,3073,3142,2941,2752,3165,3071,2939,3162,2938
2903: 2896,2987,3136,2984,2905,3099,3053,3131,3103,3052,3027,3096,2969,3179,3028,3129,2826,3018,3066,3002,2952,3020,2897,2933
2904: 2797,2915,2850,2761,2809
2906: 514,2641,1574,1605
2907: 3056,2995,2996,3062,3118,2849,3117,2743,2589,2625
2908: 2864,2862,2806,2863,2815,2887,2804,2852
2909: 2841,2768,2878,2837,2838,2533,2836,2875,2825,2923,2901,2921,2827,2840,2842,2819,3026
2910: 2894,3123,3008,2895,2876,3153,3010,2833,2949,2925,2984,2885,2905,3099,3111,2948
2911: 2975,2976,2913,3091,3117,3119,2788,2822,2755,2823
2912: 3174,3058,3170,3023,3171,3167,3158,2990,3084,3024,2934,3081,2822,3077,2813,3169,3059,3022,3132,3060
2913: 2738,2920,2789,3118,2849,2976,2918,3091,3117,3119,2788,2975,2911
2914: 2844,3033,2931,2900,2766,2795,2819,3026,2792,3047,3014,2843,2898,3046,2879,3048,2811,2989,3061,2951
2915: 2797,2850,2904,2761,2778,2801,2809,2808,2824
3088: 3149,2956,3145,3070,2236,2043,2098,3015,2199,2999,3051,3146,3021,2963,3151,2003,1987,2145,3087,3055,3090,2977,3157,2097,3160,2141,1998,2074,2994,2042,3137
2918: 2976,2843,2898,2738,2810,2920,2926,2951,2913,3084,2822
2919: 3040,2857,2932,2819,3026,2940,3047,3014,3135,3133,2893,3037,2891,3038,3039,3046,2879,2928,3048,3093,3043,3105
2920: 2738,2810,2753,2884,2843,2898,2976,2918,2913
2921: 2875,2825,2923,2901,2827,2888,2878,2837,2969,2909,2841,2952,3020,2897,2933,2857,2932,2819,3026
2922: 3041,3124,3104,3115,3155,2893,3037,2891,3038,3046,2879,2928,3048,3093,3043,3105,2989,2930,3061,2929,3042,3127,3116,3134,3023,3171,3100,3167,494,3049,3154,3077
2923: 2875,2825,2901,2921,2827,2892,2888,2878,2828,2837,2838,2533,2836,2969,2909,2841,2768,2897,2932
2924: 3016,3125,3178,3113,3106,3177,3179,3028,3129,2826,3018,3066,3002,3017,3130,2899,3065,3074,3073,3142,2941,3165,2939,3162
2925: 3010,2833,2949,2895,2876,2873,2776,2910,2894,3123,2780,2877,2831,2885,2948
2926: 2951,2931,2900,2843,2898,2738,2811,2989,2930,3061,3102,2976,2918,3023,3171,3100,3167,3158,2990,3084,3024,2934,3081,2822
3062: 2907,3056,2995,2996,2789,3118,2849,3117,3119,2743,2589,2625
2928: 3046,2879,3048,3093,3043,3105,3040,2919,3047,3014,3033,2766,2893,3037,2891,3038,3039,2811,2989,2930,3061,3042,3127,3116,3134,3041,3124,2922,3104,3115,3155,3023,3100,3167
2929: 3042,3127,3116,3134,2938,3135,3133,3181,2893,3037,2891,3038,3093,3126,2737,2943,3150,3180,3041,3124,2922,3115,944,3128,494
2930: 2811,2989,3061,3102,3047,3033,2931,2900,2766,3046,2879,2928,3048,3093,3043,3105,2926,2951,3041,3124,2922,3104,3115,3155,3023,3171,3100,3167,3158,2990,3024,3081
2931: 2844,2914,3033,2900,2766,2795,2792,3047,3014,2843,2898,3046,2879,3048,3043,3105,2811,2989,2930,3061,3102,2926,2951
2932: 2857,2969,2875,2825,2923,2901,2921,2827,2841,2952,3020,2897,2933,2819,3026,2940,3040,2919
2933: 2952,3020,2897,2903,2969,2875,2921,3018,3066,3002,2857,2932,2899,3065,3074,2940
2934: 3084,3024,3081,3102,2926,2951,2976,3171,3158,2990,2822,2813,3059,3022,3174,2912,3058,3170,3132,3060
2935: 3086,536,3045,2834,2761
3150: 3126,2737,2943,3180,2752,3071,3162,3183,3164,2938,3135,3133,3181,2893,3037,2891,3038,3039,3050,2929,3042,3127,3116,3134,944,3128,494
2938: 3135,3133,3181,2899,3065,3074,2940,2752,3165,3071,2939,3162,3183,3164,2893,3037,2891,3038,3039,3050,3126,2737,2943,3150,3180,2929,3127,3116,3134
2939: 2752,3165,3071,3162,3183,3164,2924,3016,3125,3178,2899,3065,3074,2940,3073,3142,2941,2938,3135,3133,3181,964,3050,2943
2940: 3018,3066,3020,2933,2857,2932,2899,3065,3074,3040,2919,2752,3165,3071,2939,3162,3183,3164,2938,3135,3133,3181,2893,3037,2891,3038,3039
2941: 3073,3142,3017,3130,2924,3016,3125,3178,3113,2899,3065,3074,2752,3165,3071,2939,3162,3183,964,3050
3158: 3023,3171,3100,3167,2990,3043,3105,2811,2989,2930,3102,2926,2951,3041,3104,3115,3155,3084,3024,2934,3081,3049,3154,3077,2813,3169,3059,3022,3174,2912,3058,3170
2943: 3126,2737,3150,3180,2752,3071,2939,3162,3183,3164,2938,3135,3133,3181,2893,3037,2891,3038,3039,3050,2929,3042,3127,3116,3134,944,3128,494
2945: 2867,1953,3068,2865,3148,3064
2946: 3143,3144,3019,3110,3036,3108,2917,3109,3182,3163,2868,3034,3173,2937
2947: 3030,3097,3121,3032,3147,1583,1603
2948: 2910,2894,3123,3010,2833,2949,2925,2780,2877,2831,2758,2885,2905,3099,3053,3111,2892,2888,2828,2837,2896
2949: 3010,2833,2925,2895,2876,2776,2910,2894,3123,2780,2877,2831,2885,2905,3099,3111,2948,2888,2828
2950: 2978,2143,2120,2167,2190,2270,2961,2957,2142,2103,2232,2147,2953,2210,2077
2951: 2926,2844,2914,3033,2931,2900,2766,2843,2898,2738,2811,2989,2930,3061,3102,2976,2918,3023,3171,3100,3167,3158,2990,3084,3024,2934,3081,2822
2952: 3020,2897,2933,2903,2969,2875,2921,3018,3066,3002,2857,2932,2899,3065
2953: 2147,2958,2135,3006,2122,2190,2270,2202,2205,2112,2278,2961,2957,2142,2964,2177,2950,2978,2143,2120,2144,2955,2169,2077,2114,2998,1982
2954: 2487,2429,2480,2477,2456,2485,2524,2222,2530,2434,2377,2476,2475,2523,2512,2427,2466,2402,2461,2417,2433,2152
2955: 2144,2169,2205,2112,2961,2142,2964,2177,2247,2235,2248,2129,2249,2147,2958,2135,2953,3006,2122,2163,2062,2162,2256,2138,2130,2077,2114,2998,1982,2133,3031,2093,2160
2956: 3149,3088,3145,3070,2236,2043,568,2098,3015,2199,2999,3051,3146,3021,2003,1987,3087,3090,2977,3157,2097,3160,2141,1998,2074,2994,3137
2957: 2205,2112,2278,2961,2142,2359,2208,2318,2316,2180,2317,2178,2314,2972,1961,2190,2270,2202,2964,2177,2950,2978,2143,2120,2147,2958,2135,2953,3006,2122,2169
2958: 2147,2135,2953,3006,2122,2190,2270,2202,2205,2112,2278,2961,2957,2142,2964,2177,2978,2120,2144,2955,2169,2077,2114,2998,1982
2959: 2320,2055,2965,2400,2315,2432,2403,2415,2356,2357,2158,2352,2414,2355,2310,2322,2389,2304,2406,2319,2341,2420,2156,2321,2318,2316,2180,2317,2178,2314,2313,2980,2155,2353,1961
2960: 2890,2557,2591
2961: 2205,2112,2278,2957,2142,2359,2208,2318,2316,2180,2317,2972,1961,2190,2270,2202,2964,2177,2950,2978,2143,2120,2147,2958,2135,2953,3006,2122,2144,2955,2169
2962: 2461,2157,2417,2429,2480,2477,2456,2485,2377,2475,2512,2427,2179,2466,2402,2433,2152,2416,2415,2356,2357,2158,2352,2414,2355,2310,2322,2265,2378,2365,2419
2963: 3151,2139,2260,3001,512,2237,2132,3015,2199,2999,3051,3146,2161,3075,3149,3088,2145,3087,3055,3090,2977,3157,2097,3160,3025,3159
2964: 2177,2318,2316,2353,1961,2967,2205,2112,2961,2957,2142,2247,2235,2248,2129,2249,2958,2135,2953,3006,2122,2144,2955,2169,2163,2062,2162,2256,2138,2130
2965: 2320,2959,2055,2400,2315,2307,2301,2305,2432,2403,2415,2356,2357,2158,2352,2355,2389,2304,2406,2319,2321,2346,2231,2317,2178,2314,2313
3183: 2752,3165,3071,2939,3162,3164,3065,3074,2940,3073,3142,2941,2938,3135,3133,3181,964,3050,3126,2737,2943,3150,3180
2967: 2225,2226,2970,2238,2341,2156,2309,2016,2154,2979,2974,2288,2980,2155,2353,1961,2219,2131,2251,2216,2300,2964,2177,2247,2235,2248,2129,2249,2250,2252
2968: 3094,3153,3176,3008,3085,2894,3123,936,2987,3136,2984,3099,3111
2970: 2225,2226,2967,2238,2319,2341,2420,2156,2321,2309,2308,2016,2154,2979,2974,2288,2980,2155,2353,1961,2219,2131,2251,2216,2300,2177,2247,2235,2248,2129,2249,2250,2252
2971: 3101,3161,2042,3156,3137,2198
2972: 2318,2316,2180,2317,2178,2314,2313,2389,2320,2315,2359,2208,2346,2231,2353,1961,2190,2270,2202,2205,2112,2278,2961,2957,2142,2177
3050: 3073,3142,2941,2752,3165,3071,2939,3162,3183,3164,2938,3135,3133,3181,964,3126,2737,2943,3150,3180,944,3128
2974: 2309,2308,2016,2154,2979,2357,2158,2352,2414,2355,2310,2322,2265,2378,2365,2419,2267,2333,2218,2330,2319,2341,2420,2156,2321,2288,2980,2155,2225,2226,2967,2970,2238,2219
2975: 2911,2976,2913,3091,3117,3119,2788,2822,2755,2823
2977: 2145,3087,3055,3090,3157,2097,3160,3015,2199,2999,3051,3146,3021,2963,3151,3075,3149,3088,2956,3145,3025,3159,2994,2042,3137
2978: 2950,2143,2120,2167,2190,2270,2202,2205,2112,2278,2961,2957,2142,2103,2232,2147,2958,2135,2953,3006,2122,2210,2077
2979: 2309,2308,2016,2154,2974,2357,2355,2310,2322,2265,2365,2419,2333,2218,2330,2319,2341,2420,2156,2321,2288,2980,2155,2353,1961,2225,2226,2967,2970,2238,2219,2131,2251
2980: 2155,2353,1961,2320,2959,2055,2400,2315,2319,2341,2420,2156,2321,2016,2154,2979,2974,2318,2316,2180,2317,2178,2314,2313,2225,2226,2967,2970,2238,2205,2112,2278,2177,2235
2981: 2937,3152,2983,3036,2917,3109,3182,3034,3173,3083,2902,3175,2869,2866,3057,2870,3092
2982: 3080,3172,3083,2902,3175,2870,3092,3138,3139,3140,555
2983: 2937,3152,2981,3036,2917,3109,3182,3034,3173,3083,2902,3175,2869,2866,3057,2870,3092
2984: 936,2987,3136,2968,3094,3153,2910,2894,3123,2885,2905,3099,3053,3111,3131,3052,3096,2903,2896
2985: 2332,2391,2992,2066,2404,2437,2340,2405,2277,2422,2988,2335,2271,3013,2395
3169: 3077,2813,3059,3022,3041,3104,3115,3155,3023,3171,3100,3167,3158,2990,3024,3081,3049,3154,3174,2912,3058,3170
2988: 2422,2437,2340,2332,2391,2992,2985,2435,2195,3013,2395
2989: 2811,2930,3061,3102,3047,3014,2844,2914,3033,2931,2900,2766,2795,2843,3046,2879,2928,3048,3093,3043,3105,2926,2951,3041,3124,2922,3104,3115,3155,3023,3171,3100,3167,3158,2990,3024
2990: 3023,3171,3100,3167,3158,3048,3043,3105,2811,2989,2930,3061,3102,2926,2951,3041,3104,3115,3155,3084,3024,2934,3081,3154,3077,2813,3169,3059,3022,2912,3058,3170
2991: 2741,3045,2834,2845,3076
2993: 2245,3003,2243,2044,2386,2324,2241,2046,2408,2423,2425,2242,2424,2381,2347,2404,2345,2344,2089,2240,2275,2338,2193,2405,2277,2002,2191
2994: 2003,1987,3149,3088,2956,3145,2145,3087,3055,3090,2977,3157,2097,3160,2141,2027,1998,2074,2042,3156,3137,3089,2067,1950
2995: 2907,3056,2996,3062,2789,3118,2849,3117,3119,2743,2589,2625
2997: 3054,2137,2077,2114,2998,1982,2228,2227,2038,2229,966
2998: 1982,2147,2958,2135,2953,3006,2122,2144,2955,2169,2163,2062,2130,2077,2114,3031,2093,2160,2997,2137,2113,966,2054,2080,2134
2999: 3015,2199,3051,3146,3021,2091,2280,2139,2279,3070,2236,2043,568,2098,2963,3151,2003,1987,3149,3088,2956,3145,2145,3087,3055,3090,2977,3157,2097,3160
3000: 2858,1477,1341,3072,2889
3001: 2260,512,2339,2335,2271,2280,2139,2279,2281,2237,2132,3015,2199,3051,3146,2963,3151
3002: 3018,3066,3131,3103,3052,3027,3096,2903,2896,2969,3179,3028,3129,2826,2952,3020,2897,2933,2924,3016,3113,2899,3065,3074
3004: 3112,2065,3078,2049,2108,2030,1966,2003,1987,3095,3114,2036,3082,3044,2141,2027,1998,2074,3107,2061
3005: 2474,2529,2335,2237,2132,2428,2161,2173,2358,2329,2197
3006: 2147,2958,2135,2953,2122,2190,2205,2112,2961,2957,2142,2964,2177,2978,2143,2120,2144,2955,2169,2077,2114,2998,1982
3182: 3110,3036,3108,2917,3109,3143,2946,2868,3034,3173,2937,3152,2983,2981,3083,2902
3010: 2833,2949,2925,2895,2876,2873,2776,2910,2894,3123,2780,2832,2877,2831,2758,2885,2948,2892,2888,2828
3144: 3019,3143,2946,3163,2868
3160: 2145,3087,3055,3090,2977,3157,2097,3015,2999,3146,3021,2963,3151,3075,3149,3088,2956,3145,3025,3159,2994,2042,3156,3137
3014: 3047,2819,3026,3040,2919,2844,2914,3033,2931,2900,2766,2795,2891,3046,2879,2928,3048,2811,2989,3061
3015: 2199,2999,3051,3146,3021,2272,2201,2140,2091,2280,2139,2279,2281,2260,3001,3070,2236,2043,568,2098,2963,2003,1987,3149,3088,2956,3145,3090,2977,3157,2097,3160
3016: 2924,3125,3178,3113,3106,3177,3179,3028,3129,2826,3018,3066,3002,3017,3130,2899,3065,3074,3142,2941,3165,2939
3017: 3130,3106,3177,3179,3028,3129,2826,2924,3016,3125,3178,3113,3073,3142,2941
3018: 3066,3002,3103,3027,2903,3179,3028,3129,2826,2952,3020,2897,2933,2924,3016,3125,3178,3113,2899,3065,3074,2940
3019: 3144,3143,2946,3163,2868
3020: 2952,2897,2933,2903,2969,2875,2921,3018,3066,3002,2857,2932,2899,3065,2940
3021: 3015,2199,2999,3051,3146,2272,2201,2091,2280,2139,3070,2236,2043,568,2098,2003,1987,3149,3088,2956,3145,3087,3090,2977,3157,2097,3160
3022: 3077,2813,3169,3059,3041,3104,3115,3155,3023,3171,3100,3167,3158,2990,3084,3024,2934,3081,3049,3154,3174,2912,3058,3170
3023: 3171,3100,3167,3158,2990,2928,3048,3093,3043,3105,2811,2989,2930,3061,3102,2926,2951,3041,3124,2922,3104,3115,3155,3024,3081,3049,3154,3077,2813,3169,3059,3022,3174,2912,3170
3024: 3084,2934,3081,2811,2989,2930,3102,2926,2951,2976,3023,3171,3100,3167,3158,2990,2822,3077,2813,3169,3059,3022,3174,2912,3058,3170,3132,3060
3025: 2549,3159,2963,3151,2161,3075,2173,2358,2329,2197,2145,3087,3055,3090,2977,3157,2097,3160,2042,3156
3026: 2819,2875,2901,2921,2827,2909,2841,2768,2857,2932,3040,2919,3047,3014,2844,2914,3033,2766,2795
3027: 3131,3103,3052,3096,936,2987,3136,3053,3029,3168,2903,2896,3106,3177,3179,3028,3129,2826,3018,3002
3028: 3179,3129,2826,3029,3168,3103,3027,3096,2903,3106,3177,3018,3002,3017,3130,2924,3016,3125,3178,3113,2899,3065,3074
3029: 3168,936,2987,3136,3131,3103,3052,3027,3096,3106,3177,3179,3028,2826
3030: 3097,2870,3092,3139,3140,555,3120,2871,3121,2947
3031: 2133,2093,2160,2955,2163,2062,2162,2256,2138,2130,2107,2259,2998,1982,2186,2188,2182,2113,966,2054,2080,2134,2092,2037,2127,2170
3033: 2844,2914,2931,2900,2766,2795,2819,3026,2792,3047,3014,3046,2879,2928,3048,3093,3043,3105,2811,2989,2930,3061,3102,2951
3034: 2868,3173,2946,3110,3036,3108,2917,3109,3182,3163,2937,3152,2983,2981,2869,2866,3057
3035: 2020,3101,3161,2198,1947,1999
3036: 3110,3108,2917,3109,3182,3143,2946,2868,3034,3173,2937,3152,2983,2981,3083,2902
3037: 2893,2891,3038,3039,2940,3040,2919,3047,2938,3135,3133,3181,2879,2928,3093,2737,2943,3150,3180,2929,3042,3127,3116,3134,3124,2922
3038: 2893,3037,2891,3039,2940,3040,2919,3047,2938,3135,3133,3181,3046,2879,2928,3048,3093,3043,3105,3126,2737,2943,3150,3180,2929,3042,3127,3116,3134,3041,3124,2922,3115
3039: 2893,3037,2891,3038,2940,3040,2919,3047,2938,3135,3133,3181,2879,2928,3093,2737,2943,3150,3180,3042,3127,3116,3134
3040: 2919,2857,2932,2819,3026,2940,3047,3014,3133,2893,3037,2891,3038,3039,3046,2879,2928,3048,3093,3043,3105
3041: 3124,2922,3104,3115,3155,2891,3038,3046,2879,2928,3048,3093,3043,3105,2811,2989,2930,3061,3102,2929,3042,3127,3116,3134,3023,3171,3100,3167,3158,2990,494,3049,3154,3077,2813,3169,3022
3042: 2929,3127,3116,3134,3135,3133,2893,3037,2891,3038,3039,3046,2879,2928,3048,3093,3043,3105,3126,2737,2943,3150,3180,3041,3124,2922,3104,3115,3155,944,3128,494,3049,3154
3044: 3095,3114,2036,3082,2065,3078,2049,2108,2030,1966,1995,3004,3112,1972,2015,3007
3045: 2834,2935,3086,536,2991,2741
3046: 2879,2928,3048,3093,3043,3105,3040,2919,3047,3014,2914,3033,2931,2900,2766,2795,2893,2891,3038,2811,2989,2930,3061,3102,3042,3116,3041,3124,2922,3104,3115,3100,3167
3047: 3014,2819,3026,3040,2919,2914,3033,2931,2900,2766,2795,2893,3037,2891,3038,3039,3046,2879,2928,3048,3093,3043,3105,2811,2989,2930,3061
3048: 3046,2879,2928,3093,3043,3105,3040,2919,3047,3014,2914,3033,2931,2900,2766,2795,2893,2891,3038,2811,2989,2930,3061,3102,3042,3116,3041,3124,2922,3104,3115,3155,3023,3100,3167,2990
3049: 3154,3042,3127,3116,3041,3124,2922,3104,3115,3155,3023,3171,3100,3167,3158,494,3077,2813,3169,3059,3022
3051: 3015,2199,2999,3146,3021,2272,2201,2140,2091,2280,2139,2279,2281,2260,3001,512,3070,2236,2043,2098,2963,3151,3149,3088,2956,3090,2977,3157,2097
3052: 3131,3103,3027,3096,936,2987,3136,2984,2905,3099,3053,3111,3029,3168,2903,2896,3179,2826,3002
3053: 2885,2905,3099,3111,3153,2894,3123,936,2987,3136,2984,2948,3131,3103,3052,3027,3096,2903,2896
3055: 2145,3087,3090,2977,3157,2097,3160,2999,3146,2963,3151,2161,3075,3149,3088,3145,3025,3159,2994,2042,3156,3137
3056: 2907,2995,2996,3062,2789,3118,2849,3091,3117,3119,2788,2743,2589,2625
3057: 2869,2866,3163,2868,3034,3173,2937,2983,2981,2867,1953
3058: 3174,2912,3170,3171,3158,2990,3084,3024,2934,3081,2822,3077,2813,3169,3059,3022,3132,3060
3059: 3077,2813,3169,3022,3104,3155,3023,3171,3100,3167,3158,2990,3084,3024,2934,3081,3049,3154,3174,2912,3058,3170
3060: 3132,3084,3024,2934,3081,2822,3174,2912,3058,3170,2755,2823
3061: 2811,2989,2930,3102,3047,3014,2844,2914,3033,2931,2900,2766,2795,3046,2879,2928,3048,3093,3043,3105,2926,2951,3041,3124,2922,3104,3115,3023,3171,3100,3167,2990
3063: 2029,2137,2113,966,2054,2080,2134,2092,1942,2052
3064: 2865,3148,2945,3068,3032,3147,563
3065: 2899,3074,3028,3129,3018,3066,3002,2952,3020,2933,2924,3016,3125,3178,3113,2940,3073,3142,2941,2752,3165,3071,2939,3162,3183,2938
3066: 3018,3002,2903,2969,3129,2952,3020,2897,2933,2924,3016,2899,3065,3074,2940
3143: 3144,3019,2946,3110,3036,3108,2917,3109,3182
3068: 2867,1953,2945,2865,3148,3064,3032,3147
3116: 2929,3042,3127,3134,2938,3135,3133,3181,2893,3037,2891,3038,3039,3046,2879,2928,3048,3093,3043,3105,3126,2737,2943,3150,3180,3041,3124,2922,3104,3115,3155,944,3128,494,3049,3154
3070: 2236,2043,568,2098,2204,2076,2272,2201,2140,2091,2280,2139,2279,2090,2075,2115,3015,2199,2999,3051,3146,3021,2030,1966,2003,1987,3149,3088,2956,3145
3071: 2752,3165,2939,3162,3183,3164,3125,3178,2899,3065,3074,2940,3073,3142,2941,2938,3135,3133,3181,964,3050,2737,2943,3150
3075: 2161,2237,2132,2529,2963,3151,2173,2358,2329,2197,2145,3087,3055,3090,2977,3157,2097,3160,2549,3025,3159
3076: 2845,2991,2741,3176,3008,3085
3077: 2813,3169,3059,3022,3041,2922,3104,3115,3155,3023,3171,3100,3167,3158,2990,3024,3081,3049,3154,3174,2912,3058,3170
3078: 2065,2049,2108,2054,2080,2092,2037,2127,2170,2090,2075,2115,2030,1966,1995,3095,3114,2036,3082,3044,3004,3112
3178: 2924,3016,3125,3113,3106,3177,3179,3028,3129,2826,3018,3017,3130,2899,3065,3074,3073,3142,2941,2752,3165,3071,2939,3162
3080: 3172,2982,3083,2902,3175,2870,3092,3138,3139,3140,555
3081: 3084,3024,2934,2811,2930,3102,2926,2951,3023,3171,3100,3167,3158,2990,2822,3077,2813,3169,3059,3022,3174,2912,3058,3170,3132,3060
3083: 2902,3175,3110,3036,3108,2917,3109,3182,2937,3152,2983,2981,3080,3172,2982,2870,3092,3138,3140,555
3084: 3024,2934,3081,2811,3102,2926,2951,2976,2918,3171,3158,2990,2822,2813,3059,3022,2912,3058,3170,3132,3060
3085: 3008,2845,3076,3176,2968,3094,3153
3086: 2935,536,3045,2834,2761
3087: 2145,3055,3090,2977,3157,2097,3160,2999,3146,3021,2963,3151,3075,3149,3088,2956,3145,3025,3159,2994,2042,3156,3137
3090: 2145,3087,3055,2977,3157,2097,3160,3015,2199,2999,3051,3146,3021,2963,3151,2161,3075,3149,3088,2956,3145,3025,3159,2994,2042,3137
3091: 3117,3119,2788,2789,3118,2849,3056,2913,2743,2975,2911
3092: 2870,2983,2981,3083,2902,3175,3080,3172,2982,3138,3139,3140,555,3030,3097,3120,2871,3121
3093: 3046,2879,2928,3048,3043,3105,3040,2919,3047,3033,2766,2893,3037,2891,3038,3039,2811,2989,2930,3061,3102,2929,3042,3127,3116,3134,3041,3124,2922,3104,3115,3155,3023,3100,3167
3094: 2968,3153,3176,3008,3085,2894,3123,936,2987,3136,2984,3099,3111
3095: 3114,2036,3082,3044,2065,3078,2049,2108,2030,1966,1995,3004,3112,1972,2015,3007
3096: 3131,3103,3052,3027,936,2987,3136,2984,2905,3099,3053,3111,3029,3168,2903,2896,3106,3177,3179,3028,3129,2826,3002
3097: 3030,2870,3092,3138,3139,3140,555,3120,2871,3121,2947
3159: 2549,3025,2963,3151,2161,3075,2173,2358,2329,2197,2145,3087,3055,3090,2977,3157,2097,3160
3099: 2885,2905,3053,3111,2968,3094,3153,2910,2894,3123,2833,2949,936,2987,3136,2984,2948,3131,3103,3052,3096,2903,2896
3100: 3023,3171,3167,3158,2990,3046,2879,2928,3048,3093,3043,3105,2811,2989,2930,3061,3102,2926,2951,3041,3124,2922,3104,3115,3155,3024,3081,3049,3154,3077,2813,3169,3059,3022
3101: 2971,3161,2042,3156,2198,3035,2020,1947
3102: 2811,2989,2930,3061,3033,2931,2900,2766,2843,3046,3048,3093,3043,3105,2926,2951,3041,3104,3115,3155,3023,3171,3100,3167,3158,2990,3084,3024,2934,3081
3103: 3131,3052,3027,3096,936,2987,3136,3099,3053,3029,3168,2903,2896,3106,3177,3179,3028,3129,2826,3018,3002
3104: 3041,3124,2922,3115,3155,2891,3046,2928,3048,3093,3043,3105,2811,2989,2930,3061,3102,3042,3127,3116,3023,3171,3100,3167,3158,2990,494,3049,3154,3077,2813,3169,3059,3022
3105: 3046,2879,2928,3048,3093,3043,3040,2919,3047,3033,2931,2900,2766,2891,3038,2811,2989,2930,3061,3102,3042,3127,3116,3134,3041,3124,2922,3104,3115,3155,3023,3171,3100,3167,3158,2990
3106: 3177,3029,3168,3103,3027,3096,3179,3028,3129,2826,3017,3130,2924,3016,3125,3178,3113
3107: 2061,3004,3112,2141,2027,1998,2074,3089,3141,2067,1950,590,2033,2018,2006,2068,3166
3108: 3110,3036,2917,3109,3182,3143,2946,2868,3034,3173,2937,3152,3083,2902
3109: 3110,3036,3108,2917,3182,3143,2946,2868,3034,3173,2937,3152,2983,2981,3083,2902
3110: 3036,3108,2917,3109,3182,3143,2946,2868,3034,3173,2937,3152,3083,2902
3111: 2885,2905,3099,3053,2968,3094,3153,2910,2894,3123,2833,2949,936,2987,3136,2984,2948,3131,3052,3096,2896
3112: 3004,2065,3078,2049,2030,1966,2003,1987,3095,3114,2036,3082,3044,2141,2027,1998,2074,3107,2061
3113: 2924,3016,3125,3178,3106,3177,3179,3028,3129,2826,3018,3002,3017,3130,2899,3065,3074,3142,2941,3165
3114: 3095,2036,3082,3044,2065,3078,2049,2108,2030,1966,1995,3004,3112,1972,2015,3007
3115: 3041,3124,2922,3104,3155,2891,3038,3046,2879,2928,3048,3093,3043,3105,2989,2930,3061,3102,2929,3042,3127,3116,3134,3023,3171,3100,3167,3158,2990,494,3049,3154,3077,2813,3169,3022
3117: 3091,3119,2788,2789,3118,2849,2907,3056,2995,2996,3062,2913,2743,2975,2911
3118: 2789,2849,2907,3056,2995,2996,3062,2913,3091,3117,3119,2788,2743
3119: 3091,3117,2788,2789,3118,2849,3056,2995,2996,3062,2913,2743,2975,2911
3120: 2871,3121,2870,3092,3138,3139,3140,3030,3097,424,3122
3121: 3120,2871,2870,3092,3139,3140,3030,3097,424,3122,2947
3122: 424,3138,3139,3140,555,3120,2871,3121
3123: 2910,2894,3008,2876,2968,3094,3153,3010,2833,2949,2925,936,2987,3136,2984,2885,2905,3099,3053,3111,2948
3124: 3041,2922,3104,3115,3155,2893,3037,2891,3038,3046,2879,2928,3048,3093,3043,3105,2989,2930,3061,2929,3042,3127,3116,3134,3023,3100,3167,494,3049,3154
3125: 2924,3016,3178,3113,3106,3177,3179,3028,3129,3018,3017,3130,2899,3065,3074,3073,3142,2941,2752,3165,3071,2939,3162
3126: 2737,2943,3150,3180,3183,3164,2938,3135,3133,3181,2893,2891,3038,3050,2929,3042,3127,3116,3134,944,3128,494
3127: 2929,3042,3116,3134,2938,3135,3133,3181,2893,3037,2891,3038,3039,2928,3093,3043,3105,3126,2737,2943,3150,3180,3041,3124,2922,3104,3115,3155,944,3128,494,3049,3154
3128: 944,3050,3126,2737,2943,3150,3180,2929,3042,3127,3116,3134,494
3129: 3179,3028,2826,3103,3027,3096,2903,3106,3177,3018,3066,3002,3017,3130,2924,3016,3125,3178,3113,2899,3065,3074
3130: 3017,3106,3177,3179,3028,3129,2826,2924,3016,3125,3178,3113,3073,3142,2941
3131: 3103,3052,3027,3096,936,2987,3136,2984,2905,3099,3053,3111,3029,3168,2903,2896,3179,2826,3002
3132: 3060,3084,3024,2934,3081,2822,3174,2912,3058,3170,2755,2823
3133: 2938,3135,3181,2940,3040,2919,2752,3071,2939,3162,3183,3164,2893,3037,2891,3038,3039,3050,3126,2737,2943,3150,3180,2929,3042,3127,3116,3134
3134: 2929,3042,3127,3116,2938,3135,3133,3181,2893,3037,2891,3038,3039,2928,3093,3043,3105,3126,2737,2943,3150,3180,3041,3124,2922,3115,944,3128,494
3135: 2938,3133,3181,2940,2919,2752,3071,2939,3162,3183,3164,2893,3037,2891,3038,3039,3050,3126,2737,2943,3150,3180,2929,3042,3127,3116,3134
3136: 936,2987,2984,2968,3094,3153,2894,3123,2885,2905,3099,3053,3111,3029,3168,3131,3103,3052,3027,3096,2903,2896
3137: 2042,3156,3149,3088,2956,3145,2145,3087,3055,3090,2977,3157,2097,3160,2994,3089,3141,2067,1950,2971
3138: 3139,3140,555,3083,2902,3175,3080,3172,2982,2870,3092,3097,3120,2871,3122
3139: 3138,3140,555,3175,3080,3172,2982,2870,3092,3030,3097,3120,2871,3121,3122
3140: 3138,3139,555,3083,2902,3175,3080,3172,2982,2870,3092,3030,3097,3120,2871,3121,3122
3141: 3089,2067,1950,2141,2027,1998,2074,2042,3137,3107,2061,2018,2006,2068,3166
3142: 3073,2941,3017,3130,2924,3016,3125,3178,3113,2899,3065,3074,2752,3165,3071,2939,3162,3183,3164,964,3050
3145: 3149,3088,2956,3070,2043,2098,3015,2999,3146,3021,2003,1987,2145,3087,3055,3090,2977,3157,2097,3160,2141,2027,1998,2074,2994,2042,3137
3147: 3032,3068,2947,2865,3064
3148: 2865,3064,2945,3068,563
3149: 3088,2956,3145,3070,2236,2043,2098,3015,2199,2999,3051,3146,3021,2963,3151,2003,1987,2145,3087,3055,3090,2977,3157,2097,3160,2141,1998,2074,2994,2042,3137
3152: 2937,2983,2981,3110,3036,3108,2917,3109,3182,2868,3034,3173,3083,2902,3175,2869
3153: 2968,3094,3008,3085,2910,2894,3123,936,2987,3136,2984,2885,2905,3099,3053,3111
3154: 3049,3042,3127,3116,3041,3124,2922,3104,3115,3155,3023,3171,3100,3167,3158,2990,494,3077,2813,3169,3059,3022
3155: 3041,3124,2922,3104,3115,2891,2928,3048,3093,3043,3105,2989,2930,3102,3042,3127,3116,3023,3171,3100,3167,3158,2990,494,3049,3154,3077,2813,3169,3059,3022
3156: 2042,3137,2145,3087,3055,3160,3025,2994,2067,1950,2971,3101,3161
3157: 2145,3087,3055,3090,2977,2097,3160,3015,2199,2999,3051,3146,3021,2963,3151,3075,3149,3088,2956,3145,3025,3159,2994,2042,3137
3161: 2971,3101,3156,2198,3035,2020,1947
3162: 2752,3165,3071,2939,3183,3164,2924,3125,3178,2899,3065,3074,2940,3073,3142,2941,2938,3135,3133,3181,964,3050,2943,3150
3163: 3144,3019,2946,2868,3034,3173,2869,2866,3057
3164: 2752,3165,3071,2939,3162,3183,3074,2940,3073,3142,2938,3135,3133,3181,964,3050,3126,2737,2943,3150,3180
3170: 3174,2912,3058,3023,3171,3167,3158,2990,3084,3024,2934,3081,2822,3077,2813,3169,3059,3022,3132,3060
3171: 3023,3100,3167,3158,2990,3043,3105,2811,2989,2930,3061,3102,2926,2951,3041,2922,3104,3115,3155,3084,3024,2934,3081,3049,3154,3077,2813,3169,3059,3022,3174,2912,3058,3170
3172: 3080,2982,3083,2902,3175,2870,3092,3138,3139,3140,555
3173: 2868,3034,2946,3110,3036,3108,2917,3109,3182,3163,2937,3152,2983,2981,2869,2866,3057
3174: 
3175: 3083,2902,2937,3152,2983,2981,3080,3172,2982,2870,3092,3138,3139,3140,555
3176: 2845,3076,3008,3085,2968,3094,3153
3177: 3106,3029,3168,3103,3027,3096,3179,3028,3129,2826,3017,3130,2924,3016,3125,3178,3113
3179: 3028,3129,2826,3029,3168,3131,3103,3052,3027,3096,2903,3106,3177,3018,3002,3017,3130,2924,3016,3125,3178,3113,3074
3180: 3126,2737,2943,3150,3183,3164,2938,3135,3133,3181,2893,3037,2891,3038,3039,3050,2929,3042,3127,3116,3134,944,3128,494
3181: 2938,3135,3133,3074,2940,2752,3165,3071,2939,3162,3183,3164,2893,3037,2891,3038,3039,3050,3126,2737,2943,3150,3180,2929,3127,3116,3134