1574: 1605,514
543: 
1068: 1632,1656,1630,1655,1659,1653,1654,1657,1658,1640,1638,1627,1619,1624
1141: 1100,1698
1543: 1349,547
566: 
949: 1663,1684
1581: 1562,430,556
1445: 1530
1701: 1671,2410,2266,2364,2465,1700,2464,2454
977: 2690,2660,2630,2658
1519: 1564,1450,1531,1476,1430
1373: 1467
1572: 1580,1547,1527,559,973
1394: 1415,597,1431,1346
535: 924
1939: 2580,2223,444,2021,2594,2602
1459: 1525,1404
2808: 2778,2801,2809,2824,2797,2915,2785,2855
583: 2165,2349,1976,2031
1619: 1640,1638,1627,1644,1624,1646,1632,1068,1630,1655,1659,1653,1657,1636,1645,1639,1648
1376: 1501
900: 
1520: 449,904,1495
1337: 1702,1665,1690
500: 
520: 
1393: 1431,1426,1346,1461,1395
1602: 1532,1323,1454
1623: 1066,1618,1063,1065,1615,1083,1053
562: 
509: 2388,2438,2291,2452,2497
1174: 2026,2119,478,1062
822: 1487,2174,926,2148,2224,2498,2499,2455
947: 
563: 567
985: 
1450: 1531,1519,1564,1476,1430
2261: 2337,2258,2312,2282,2253,2283,2342,2110,2347,2338,2240,2275,2094,1994,2184,2159,2045,2181,2281,2339,2204,2236,2201,2140,2043,2272,2091,2280,2139,2279
1556: 1576
995: 1867,1913,2255,2578,2619
551: 932,2722,2692
1532: 1602,1323,1454
957: 538
1540: 1499,1571
1687: 1668,969
961: 1479,1554
495: 
1456: 1387
968: 431
1718: 1765
929: 
939: 424
905: 
1461: 1431,1393,1426,1346,1395
552: 
572: 1768,1832,2371,2525
1506: 1478
560: 2664,2723,493
504: 
1479: 1554,961,448
61: 1460
539: 
558: 
1527: 907,497,1580,1547,1572
1495: 449,1520
2145: 2549,3025,3055,2161,2963,2173,2358
922: 
589: 2495,2592,2590,2595,2627,2449
1874: 2540,1882,1830,2489,1907,927
1600: 1789
598: 514
1202: 1521,1731
1781: 1752,525
587: 
515: 907,1580,1547
1571: 1540,1499
569: 1921,524,1974,1986,1955
996: 1767
1823: 1940,2073,1992,946,1972,2015,502,1965,1941
1690: 1702,1665,1337
916: 2173,2358,580
1172: 153,1635,1617,1136
1605: 1574,514
591: 
926: 1487,822
1487: 2174,822,926,2148,2224,2498,2499,2455
1513: 1548
532: 
944: 2944,2942,3069,3050,2943,3067,2938,2929,2737
582: 
1295: 1424
948: 
1349: 1543,547
1064: 1088,1858,1820,908,1633
588: 2399,2479,2303,2482,2460,2458,1989,2459,2306,2307,2301,2305,2348,2168,2105,2367,2389
1253: 1278,700,1662,1651
994: 
1518: 
1496: 1660
2729: 2727,2732,2711
593: 
1426: 1431,1393,1346,1461,1395
544: 
908: 1064,1088,1633,1629
1606: 1853
955: 
1346: 1431,1393,1426,1415,1394,1461,1395
906: 
1635: 153,1617,1136,1172,1650,1676
581: 
498: 
932: 551
575: 2571,2509,1882
993: 1779,1767
1646: 1640,1638,1627,1619,1644,1624,1655,1636,1645,1639,1680,1648
531: 1788,1970
1395: 1431,1393,1426,1346,1461
2602: 1939,2580,2021,2594,2189,2579,1886,1991
513: 
1278: 1253,700,1662,1651
1387: 1456
2541: 1951,2528,2648,2516,2559,1933,2560,2539,2709,2486,2504,1884,2708
1671: 1701,2410,2266,853,1677,2364,2465,1700,2464,2488,2040,2392,915,2334,2454,2267,2333
1458: 1397,554,901
506: 525,409
975: 
911: 1763,1719,980
555: 2902,2982,2986,2871
597: 1394
979: 
988: 538
963: 
1684: 1663,949
538: 957,988
951: 
1348: 1402
536: 2936,2935,2761,2834,3045,2991,2741,2895
592: 
1063: 1618,1065,1615,1083,1612,1067,1069,1620,1066,1623
1562: 1581,430,556
2578: 1867,1913,995,2619
986: 487
559: 1572
586: 2706,1750
903: 1476,1430
1589: 1732,912
596: 
1670: 1743
557: 
580: 2173,2358,916
537: 
978: 
153: 1635,1617,1136,1172
980: 911,1763,1719
1974: 1948,1864,1922,1917,569,1921,1986,1843,1919
568: 2098,2956,2204,2076,2236,2201,2140,2043,2272,2091,2280,2139,3051,2279,2090,2075,2115,3015,3021,2999,2030,1966,2003,2994,1987,2042
157: 1588,1663
965: 1062,1069,1620
2637: 2599,2613,2600,2598,2562
902: 
556: 1562,1581
1503: 1404
1430: 1476,903,1519,1564,1450,1531
541: 
594: 
166: 1015
1708: 415,1746
507: 1776,1960,1769,1771
700: 1637,1651,1253,1278
1528: 521,1592
519: 
550: 1634,1631
1547: 1580,515,907,1527,1572
574: 
940: 571,1967,1936
1065: 1618,1063,1615,1083,1612,1067,1069,1620,1066,1623
1837: 1783,1714
923: 
1062: 1174,965
1053: 1066,1623
901: 1458,1397
501: 
1588: 157
992: 
1290: 1685
534: 2004,1910,1890,2057
967: 
573: 
547: 1543,1349
976: 
919: 
1415: 1394,1431,1346
1565: 1585
590: 1998,2027,2018,2061,2033
2687: 2721,2674,2642,2713
1514: 1474
962: 1720,1703
927: 2486,2504,1884,2708,2489,1907,1874,1915,2496
1578: 1388
584: 503,1323,1454
934: 
1531: 1450,1519,1564,1476,1430
953: 
1197: 
973: 1572
517: 
982: 
2811: 2930,2990,3049,2989,3061,2900,3047,3014,2766,2844,2914,2795,2931,3033,2843,2898,2922,2879,2928,3048,3043,3042,3041,3046,2926,2951,494,3023,2813,3024,3022
924: 535
1891: 1793,2501
1424: 1672,1650,1676,1295
990: 
578: 2561,2450
1341: 1477,2858,3000
1149: 1184,461
1388: 1578
1502: 1536
914: 
1419: 1557
1693: 1707,1725,1723,1754,1698
2873: 2776,2876,2847,2882,3010,2833,2925,2780,2832,2877,2831,2805,2854,2779,2829,2756,2846
925: 
1521: 1731,1202,1243,1161
1100: 1141
2107: 2188,2186,2259,2185,2138,2182,2183,2247,2235,2248,2129,2250,2150,2252,2323,2131,2249,2312,2282,2253,2283,2163,2062,2160,2256,2130,2162,1994,2184,2159,2045,2181,2133,3031,2093,2127,2170,2037,2204,2076,2187
941: 
1659: 1630,1655,1653,1654,1657,1658,1632,1068,1656,1640,1638,1627,1619,1624,1639
912: 1589,1732
950: 
943: 
1443: 1598
2753: 2810,2794,2792,2884,2843,2898,2918,2738,2920
2540: 1874,1882,1830,2489,1907
1551: 1414
1404: 1503,1525,1459
579: 
2768: 2909,2841,2827,2840,2878,2837,2838,2533,2836,2842,2825,2923,2901,2819,3026
508: 
920: 
3003: 2386,2324,2241,2046,2408,2439,2292,2424,2411,2044,2243,2325,2423,2425,2242,2244,2215,2381,2993,2245,2089,2404,2345,2344
599: 
1580: 1547,515,907,1527,1572
514: 2641,2906,598,1605,1574
1476: 1430,903,1519,1564,1450,1531
971: 
972: 477,549
1557: 1419
1583: 1603,2986,2871,2870,3030,2947,3032,3068
1585: 1565
1402: 1348
1576: 1556
2657: 2683,2630,2658,2633,2661,2663,2682,2612
1526: 2565,2442,1561
2281: 2339,2110,2338,2275,2094,2193,2002,2191,2196,2337,2258,2261,2236,2201,2140,2043,2272,2091,2280,2139,3051,2199,2279,2260,3001,512,2132,2237
512: 2260,3001,2132,2237,2281,2335,2271,2280,2139,3051,2199,2279,2329,2197,2999,2097,2977,2161,2963
942: 
571: 940,1967,1936
1478: 1506
1501: 1376
1563: 
928: 
1499: 1540,1571
567: 563
528: 2034
909: 917
1467: 1373,1668
524: 569,2033,2059,1986,1955
998: 
853: 1677,2364,2465,2377,2476,2475,2523,2512,2427,1700,2464,2152,2040,2392,915,1671
585: 
523: 
1525: 1459,1404
915: 2040,2392,2377,2476,2475,2523,2512,2427,853,1677,2364,2465,1700,2433,2152,2416,1671,2410,2266,2265,2378,2365,2419,2267,2333,2218
2822: 2823,3060,2934,2926,2951,2911,2976,2913,2975,2912,2813,3024,3022,3058,3059,2755
533: 403
959: 
913: 
530: 429
496: 441
1088: 1064,1858,1820,908,1633
522: 
958: 
553: 
1474: 1514
3013: 2335,2271,2395,2277,2405,2191,2196,2332,2391,2992,2985,2066,2422,2988,2428,3005,2474,2132,2237,2329,2197,2529
1530: 1445
510: 
542: 
960: 
984: 
952: 482
595: 
1561: 2565,2442,1526
505: 
521: 1528,1592
999: 
2589: 2996,2907,3062,2995,2625,3056
518: 
1680: 1639,1648,1640,1638,1644,1624,1646,1636,1645,1754
502: 2073,1992,946,1940,1823,1965,1941
956: 
1414: 1551
933: 1803,1877,1844,1766
904: 1520
1015: 166
1066: 1623,1618,1063,1065,1615,1083,1053
549: 972,477
991: 2116,1985
1268: 1326
1454: 1323,503,584,1602,1532
2801: 2778,2809,2808,2824,2797,2915,2785,2855
554: 1458,1397
497: 1527
1536: 1502
548: 421
526: 
989: 
1069: 1620,965,1612,1067,1063,1065,1615,1083
1601: 1590
545: 442,1846,1729
576: 
945: 2633,2661,2722,2692,2663,2614,2673,2675,2700
2730: 2678,1634
981: 452,1802
946: 1942,1963,2073,1992,1972,502,1940,1823
516: 
1637: 700
1161: 1521,1731
570: 
1985: 2116,1973,2053,991
1592: 1528,521
918: 2449,2407
1184: 1149,461
1714: 1694,1837,1783
1323: 1454,503,584,1602,1532
1686: 1664
1243: 1521,1731
499: 
1460: 61
1732: 1589,912
938: 1689,2468,2566,450
966: 2570,2095,2229,2227,2121,2997,3054,2137,2113,2134,2114,3009,2029,3063
1700: 2464,2488,853,1677,2364,2465,2040,2392,915,1701,1671,2410,2266,2334,2454
937: 
1477: 1341,2858,3000
921: 
1698: 1141,1707,1693,1725,1723
1326: 1268
540: 2507,2441,2151,2653
997: 
503: 1323,1454,584
917: 909
1766: 933,1844,1818,1978,1836
1537: 1558
546: 
1067: 1612,1069,1620,1618,1063,1065,1615,1083
970: 
1603: 1583,2986,2871,2870,3030,2947,3032,3068
2233: 2348,2168,2105,2367,2385,2383,2166,2366,2426,2207,2211,2213,2167,2384
1668: 1687,1467,969
1719: 911,1763,980
1431: 1393,1426,1346,1415,1394,1461,1395
931: 
565: 
529: 
2852: 2804,2887,2863,2908,2815,2777,2853,2848,2802
561: 
1624: 1640,1638,1627,1619,1644,1646,1632,1068,1630,1655,1659,1653,1654,1657,1658,1636,1645,1639,1680,1648
964: 3017,2924,3016,3018,2941,3065,2939,2944,2942
2033: 2059,590,524,2006,2068,1955
2877: 2780,2832,2831,2876,2873,2776,2847,3010,2833,2925,2805,2854,2779,2829,2756,2846,2948,2892,2888,2878,2828,2758,2837,2533,2836
954: 
1575: 1642,1641,1643
1590: 1601
2104: 2031,2103,2232,2210,2950,2143,2164,2228,2050,2087,2229,2227,2038
1558: 1537
1548: 1513
564: 2721,2674
511: 
1788: 1970,1870,1863,1807,531
969: 1668,1687
527: 2728,2699
1136: 153,1635,1617,1172,1650,1676
1554: 1479,961,448
987: 
935: 
1397: 1458,554,901
1083: 1618,1063,1065,1615,1612,1067,1069,1620,1066,1623
974: 
907: 515,1580,1547,1527
1598: 1443
930: 
577: 
983: 
525: 1781,1752,506,409
1984: 1855
1564: 1519,1450,1531,1476,1430
910: 413,2370
936: 2968,3012,2910,3011,2949,2894,2885,2905,2984,3029,3027,2987,2896,2903,3002,3053,3052
400: 
401: 
402: 
403: 533
404: 
405: 
406: 
407: 485,2519,2287
408: 
409: 525,506
410: 
411: 1785,1928
412: 
413: 910
414: 
415: 1746,1708
416: 
417: 
418: 
419: 
420: 
421: 548
422: 
423: 
424: 939
425: 
426: 
427: 
428: 
429: 530
430: 1562,1581
431: 968
432: 2772,2742,2586,2123,2864,2862,2806
433: 
434: 
435: 
436: 
437: 
438: 
439: 
440: 
441: 496
442: 545,1846,1729
443: 
444: 2072,2050,2087,2223,1939,2580
445: 
446: 
447: 
448: 1479,1554
449: 1495,1520
450: 938,2468,2566
451: 1768,1832
452: 981,1772,1802,1846,1729
453: 
454: 
455: 
456: 
457: 
458: 
459: 2707,2762
460: 
461: 1631,1184,1149
462: 
463: 
464: 
465: 
466: 
467: 
468: 
469: 
470: 
471: 
472: 2568,2534
473: 
474: 
475: 
476: 
477: 972,549
478: 2026,2119,1970,1174
479: 
480: 
481: 
482: 952
483: 
484: 
485: 2519,2287,407
486: 2744,2807,2796,2789,2996,2907,3062,2995
487: 986
488: 
489: 
490: 
491: 
492: 
493: 560
494: 2929,2737,2891,2922,2879,2928,3048,3043,3042,3041,3046,2811,2930,2990,3049,2989,3061,2900,3023
2976: 2911,2843,2898,2918,2738,2920,2926,2951,2913,2975,3024,2823,3060,2822,2934
2725: 2695
1676: 1650,1635,1136,1672,1424
1612: 1067,1069,1620,1618,1063,1065,1615,1083
1721: 1695,2473
1672: 1424,1650,1676
1615: 1618,1063,1065,1083,1612,1067,1069,1620,1066,1623
1729: 1846,1797,1772,1802,1760,442,545,452
1617: 153,1635,1136,1172
1618: 1063,1065,1615,1083,1612,1067,1066,1623
1620: 1069,965,1612,1067,1063,1065,1615,1083
1627: 1640,1638,1619,1644,1624,1646,1632,1068,1655,1659,1653,1657,1636,1645,1639
1636: 1645,1640,1638,1627,1619,1644,1624,1646,1639,1680,1648
1629: 908,1633
1630: 1655,1659,1653,1654,1657,1658,1632,1068,1656,1640,1638,1619,1624,1639
1631: 1634,550,461
1632: 1068,1656,1630,1655,1659,1653,1654,1657,1658,1640,1638,1627,1619,1624
1633: 1064,1088,908,1629
1634: 2678,2730,550,1631
1638: 1640,1627,1619,1644,1624,1646,1632,1068,1630,1655,1659,1653,1654,1657,1658,1636,1645,1639,1680,1648
1639: 1680,1648,1630,1655,1659,1653,1654,1657,1658,1640,1638,1627,1619,1644,1624,1646,1636,1645
1640: 1638,1627,1619,1644,1624,1646,1632,1068,1630,1655,1659,1653,1654,1657,1658,1636,1645,1639,1680,1648
1641: 1643,1575,1642
1642: 1575,1641,1643
1643: 1641,1575,1642
1644: 1640,1638,1627,1619,1624,1646,1655,1636,1645,1639,1680,1648
1645: 1636,1640,1638,1627,1619,1644,1624,1646,1639,1680,1648
1685: 1290
1648: 1639,1680,1640,1638,1619,1644,1624,1646,1636,1645
1696: 1679
1650: 1676,1635,1136,1672,1424
1651: 1662,700,1253,1278
1677: 853,2364,2465,2377,2476,2475,2523,2512,2427,1700,2464,2488,2040,2392,915,1671
1653: 1630,1655,1659,1654,1657,1658,1632,1068,1656,1640,1638,1627,1619,1624,1639
1654: 1630,1655,1659,1653,1657,1658,1632,1068,1656,1640,1638,1624,1639
1655: 1630,1659,1653,1654,1657,1658,1632,1068,1656,1640,1638,1627,1619,1644,1624,1646,1639
1656: 1632,1068,1630,1655,1659,1653,1654,1657,1658
1657: 1630,1655,1659,1653,1654,1658,1632,1068,1656,1640,1638,1627,1619,1624,1639
1658: 1630,1655,1659,1653,1654,1657,1632,1068,1656,1640,1638,1624,1639
1660: 1496
1720: 962,1703
1662: 1651,1253,1278
1663: 1684,949,157
1664: 1686
1665: 1702,1690,1337
1679: 1696
2823: 3060,2822,2934,2926,2951,2911,2976,2913,2975,2912,2813,3024,3022,3058,3059,2755
1689: 1817,938,2468,2566,2772,2742
2760: 2775,2847,2882,2805,2854,2779,2756,2846,2817,2791,2771
1797: 1772,1802,1760,1846,1729
2851: 2746,2803,2872,2777,2853,2848,2802,2597,2588,2469,2818,2783,2860,2859,2861,2835,2767,2587
1694: 1714
1695: 1721,2473
1697: 1787,2336,2070
1702: 1665,1690,1337
1703: 1720,962
1982: 2998,2966,2147,2958,2135,2953,3006,2122,2144,2955,2169,2163,2062,2160,2130,2077,2133,3031,2093,2121,2137,2113,2134,2114
1767: 996,993,1779
2612: 2683,2657,2682,2694,2704,2611
1707: 1693,1725,1723,1754,1698
1731: 1521,1202,1243,1161
1730: 1834,1870,1841
2728: 2699,527
2701: 2711,2727,2732
1717: 1796,1915,2496,1756,1819
1722: 1745
1723: 1707,1693,1725,1754,1698
1725: 1707,1693,1723,1754,1698
1841: 1870,1730,1834,1863,1807
1728: 1792,1756,1819,2607,2677
1807: 1863,1870,1841,1788,1970
1772: 1797,1802,1760,1846,1729,452
1736: 1751,1776,1960,1769,1771
1737: 1888
1830: 1882,2486,2504,1884,2708,2489,1907,2540,1874
1765: 1718
1740: 1798
1743: 1670
1778: 1847
1745: 1722
1746: 415,1708
1796: 1717,1915,2496,1756,1819
1858: 1820,1064,1088
2312: 2282,2253,2283,2219,2288,2251,2216,2246,2311,2300,2351,2024,2244,2215,2381,2250,2150,2252,2323,2131,2249,2110,2347,2338,2240,2107,2185,2183,1994,2184,2159,2045,2181,2337,2258,2261
1750: 2706,586,2906
1751: 1736,1776,1960
1752: 1781,525
2132: 2260,3001,512,2237,2281,2339,2335,2271,3013,2395,2280,2139,3051,2199,2279,2329,2197,2999,2097,2977,2161,2963
1754: 1680,1707,1693,1725,1723
2321: 2319,2341,2420,2156,2415,2356,2400,2357,2158,2352,2414,2355,2310,2322,2419,2320,2959,2055,2315,2308,2154,2974,2979,2318,2316,2180,2317,2178,2313,2314,2980,2155,2353,1961,2226,2967,2970
1756: 1819,1796,1717,1776,1960,1792,1728
2764: 2839,2818,2747,2773,2793,2597,2745,2783,2860,2835,2767,2744,2807
1760: 1797,1772,1802,1846,1729
1917: 1948,1864,1922,1974,1921,1986,1843,1919
1763: 911,1719,980
3054: 2121,2997,2228,2229,2227,2038,2137,2113,2134,2114,966,2570,2095,3009,2029
1768: 1832,451,572,2525
1769: 1771,1736,1776,1960,507
2742: 2772,1689,2468,2566,2586,2123,432
1771: 1769,1736,1776,1960,507
1773: 2350
1775: 1898
1776: 1960,1751,1736,1769,1771,1756,1819,507
1779: 993,1767
2163: 2062,2160,2256,2130,2162,2964,2177,2247,2235,2248,2129,2250,2150,2252,2323,2131,2249,2144,2955,2169,2188,2186,2259,2107,2185,2138,2182,2183,2998,2966,1982,2133,3031,2093,2127,2170,2037
1783: 1837,1714
1785: 411,1928
2046: 2386,2324,2241,2408,3003,2293,2439,2292,2424,2411,2044,2243,2325,2423,2425,2242,2381,2993,2245,2089,2404,2345,2344
1787: 1697
1789: 1600
2706: 586,1750
1791: 1988
1792: 1728,1756,1819,2607,2677
1793: 1891,2647,2501
1798: 1740
2076: 2204,2187,2188,2186,2107,2185,2138,2182,2183,1994,2184,2159,2045,2181,2258,2127,2170,2037,2236,2201,2140,2043,2272,2091,2049,2108,2092,2090,2075,2115,568,2098,2956
1802: 1797,1772,1760,1846,1729,452,981
1803: 1876,1910,1890,1877,933
2732: 2727,2729,2701,2711,2735
1890: 1910,534,1876,1803
2080: 2052,2137,2113,2134,2114,2054,2049,2108,2092,3009,2029,3063,1942,2011,1963,2065,3044
1867: 1913,2255,2189,2579,2578,995
2722: 2692,945,551,2614,2673
2818: 2839,2764,2747,2773,2597,2746,2803,2851,2872,2783,2860,2859,2861,2835,2767,2744,2807,2796
1844: 1877,933,1766,1836
1973: 1947,2053,2116,1985
1817: 1689
1818: 1978,1766,1836
1819: 1756,1796,1717,1776,1960,1792,1728
1820: 1858,1064,1088
2678: 2730,1634
1919: 1948,1864,1922,1917,1974,1843
2143: 2950,2978,2120,2167,2190,2202,2270,2957,2961,2142,2103,2232,2210,2147,2958,2135,2953,3006,2104,2228,2077
2255: 1867,1913,2189,2579,995
1988: 1791
2042: 568,2098,2956,3015,3021,2999,2097,2977,2003,2994,1987,2141,2074
1832: 1768,451,572,2525
2544: 2435,2195,2451,2507,2441,2437,2340,2382,2391,2992,2422,2988
1834: 1730,1870,1841
1836: 1844,1766,1818,1978
2619: 2578,995,2599,2600,2598,2528
2580: 1939,2223,444,2021,2594,2602
2604: 2652
1843: 1986,1921,1948,1864,1922,1917,1974,1955,1919
1936: 1967,2165,2349,571,940
1846: 1729,1797,1772,1802,1760,442,545,452
1847: 1778
2700: 2675,945,2663,2682,2614,2673
2707: 2762,459,2736,2684
1853: 1606
1855: 1984
2133: 3031,2093,2144,2955,2163,2062,2160,2256,2130,2162,2188,2186,2259,2107,2185,2138,2182,2183,2998,2966,1982,2127,2170,2037,2113,2134,2054,2049,2108,2092
2791: 2817,2775,2760,2805,2854,2779,2829,2756,2846,2757,2771,2838,2533,2836,2842,2820,2750
1863: 1807,1870,1841,1788,1970
1864: 1948,1922,1917,1974,1921,1843,1919
2715: 2734,2735
1987: 2003,2994,2090,2075,2115,568,2098,2956,3015,3021,2999,2030,1966,2042,2141,2074
2127: 2170,2037,2163,2062,2160,2256,2162,2188,2186,2259,2107,2185,2138,2182,2183,1994,2184,2159,2045,2181,2133,3031,2093,2204,2076,2187,2054,2049,2108,2092,2090,2075,2115
1870: 1841,1730,1834,1863,1807,1788,1970
2723: 2664,560
2796: 2818,2783,2860,2859,2861,2835,2767,2587,2744,2807,486,2890,2960,2557
2002: 2193,2277,2405,2191,2196,2993,2245,2089,2404,2345,2344,2437,2382,2275,2094,2332,2391,2066,2281,2339,2335,2271,2395
2878: 2892,2888,2828,2758,2837,2780,2832,2877,2829,2756,2846,2838,2533,2836,2875,2825,2923,2901,2921,2909,2841,2827,2768,2840
1876: 1803,1910,1890,1877
1877: 1876,1803,933,1844
2615: 2659,2290,2096
1882: 1830,575,2486,2504,1884,2708,2489,1907,2540,1874
1883: 1979,1886,1991
1884: 2486,2504,2708,1951,2541,1882,1830,1933,2560,2489,1907,2501,927
1886: 1991,2602,1979,1883,2579
1887: 1912,1965,1941
1888: 1737
1951: 2541,2528,2648,2516,2559,1933,2560,2539,2709,2486,2504,1884,2708
2533: 2838,2836,2780,2832,2877,2831,2805,2854,2779,2829,2756,2846,2817,2791,2892,2888,2878,2828,2758,2837,2842,2825,2923,2909,2841,2827,2768,2840
2694: 2682,2612,2704,2611
2684: 2736,2707,2762
1948: 1864,1922,1917,1974,1921,1986,1843,1919
1970: 1788,1870,1863,1807,2026,2119,478,531
1898: 1775
2653: 2151,540
2222: 2524,2530,2434,2484,2548,2487,2429,2480,2477,2456,2954,2485,2431,2179,2466,2402,2461,2417
2311: 2246,2300,2351,2024,2331,2214,2330,2374,2299,2263,2409,2044,2243,2325,2219,2288,2251,2216,2244,2215,2381,2250,2150,2252,2323,2131,2312,2282,2253,2283,2110,2347,2240
2711: 2701,2729,2727,2732
2695: 2725
2522: 2547,2471,2430,2484,2548,2303,2482,2460,2458,1989,2459,2306,2431
1907: 2489,1882,1830,2486,2504,1884,2708,2540,1874,927
2689: 2646,2610,2564,2609,2704,2611
1910: 1890,534,1876,1803
2660: 977,2690
1912: 1887,1965,1941
1913: 1867,2255,2189,2579,2578,995
2709: 1933,2560,2539,1951,2541,2504,2708,2501
1915: 2496,927,1796,1717
2400: 2432,2403,2415,2356,2306,2179,2466,2461,2157,2417,2962,2307,2301,2305,2357,2158,2352,2414,2355,2310,2322,2389,2304,2965,2406,2231,2320,2959,2055,2315,2319,2341,2420,2156,2321
1921: 569,1948,1864,1922,1917,1974,1986,1843,1955
1922: 1948,1864,1917,1974,1921,1843,1919
2034: 2101,528
1989: 2460,2458,2459,2547,2522,2471,2430,2303,2482,2306,2431,2399,2479,588,2307,2301,2305
1950: 2067,2971,2198,2006,2068,2020,1999,3035
2061: 2018,2141,2074,1998,2027,590
1928: 411,1785
1972: 1995,2015,1942,2011,1963,3004,2036,2065,3044,946,3007,1940,1823
2559: 2516,2648,1951,2541,1933,2560,2539,2647,2501
2864: 2862,2806,2863,432,2804,2887
2031: 2366,2426,2207,2211,2213,2167,2384,1976,2103,2232,2210,583,2164,2104
1933: 2560,2539,2709,1951,2541,2516,2559,2486,2504,1884,2708,2647,2501
2588: 2469,2746,2803,2851,2872,2574,2783,2860,2859,2861,2587
2090: 2075,2115,2127,2170,2037,2204,2076,2187,2236,2201,2140,2043,2272,2091,2049,2108,2092,568,2098,2956,2030,1966,2003,2994,1987
1940: 1823,2073,1992,946,1972,2015,502,1965,1941
1941: 1965,502,1940,1823,1912,1887
1942: 2011,1963,3009,2029,3063,2052,2080,3004,2036,2065,3044,946,1972,1995,2015,3007
1995: 1972,2015,1942,2011,1963,3004,2036,2065,3044,3007
2125: 2542
3043: 2922,2879,2928,3048,3042,3041,3046,2919,3038,3040,3047,3014,2766,2931,3033,2929,2737,2891,2811,2930,2990,3049,2989,3061,2900,494,3023
1947: 1973,2053,2971,2198
1953: 2866,2867,3057,2869,2937,2983,2981,2865,2945,3064,2947,3032,3068
2113: 2137,2134,2114,2998,2966,1982,2133,3031,2093,2121,2997,3054,2054,966,3009,2029,3063,2052,2080
1955: 569,1921,524,2033,2059,1986,1843
2674: 2721,2614,2673,2642,564,2687
2147: 2958,2135,2953,3006,2122,2190,2202,2270,2957,2205,2112,2278,2961,2142,2950,2978,2143,2120,2144,2955,2169,2228,2077,2998,1982
1960: 1776,1751,1736,1769,1771,1756,1819,507
1961: 2980,2155,2353,2959,2315,2319,2341,2156,2321,2154,2238,2979,2318,2316,2180,2317,2178,2313,2972,2314,2225,2226,2967,2970,2205,2112,2278,2961,2142,2964,2177,2247,2235,2248,2129
2901: 2875,2825,2923,2921,2878,2837,2838,2836,2909,2841,2827,2768,2840,2897,2969,2857,2932,2819,3026
1963: 1942,2011,3009,2052,2080,3004,2036,2065,3044,946,1972,1995,2015,3007
1986: 1843,569,1921,524,1948,1917,1974,1955
1965: 1941,502,1940,1823,1912,1887
1966: 2030,2049,2108,2092,2090,2075,2115,568,2098,2956,2003,2994,1987,3004,2036,2065,3044,2141,2074
1967: 1936,2165,2349,571,940
1976: 2366,2426,2207,2211,2213,2165,2349,2031,583,2164
1977: 2039
1978: 1818,1766,1836
1979: 1883,1886
1991: 1886,2602,1883,2579
1992: 2073,946,502,1940,1823
2020: 1999,3035,1950,2006,2068
1994: 2184,2159,2045,2181,2250,2150,2252,2323,2131,2249,2312,2282,2253,2283,2110,2188,2186,2259,2107,2185,2138,2182,2183,2337,2258,2261,2127,2170,2037,2204,2076,2187,2201,2043,2272,2091
1998: 2027,3004,2036,2065,3044,2141,2074,3007,2018,2061,590
1999: 2020,3035,1950,2006,2068
2055: 2320,2959,2315,2307,2301,2305,2432,2403,2415,2356,2400,2357,2158,2352,2414,2355,2310,2322,2389,2304,2965,2406,2231,2319,2341,2420,2156,2321,2346,2318,2316,2180,2317,2178,2313,2314,2980,2155
2030: 1966,2049,2108,2092,2090,2075,2115,568,2098,2956,2003,2994,1987,3004,2036,2065,3044,2141,2074
2003: 2994,1987,2090,2075,2115,568,2098,2956,3015,3021,2999,2030,1966,2042,2141,2074
2004: 534,2057
2108: 2049,2092,2133,3031,2093,2127,2170,2037,2076,2187,2054,2090,2075,2115,2052,2080,2030,1966
2006: 2068,1950,2033,2059,2020,1999,3035
2708: 2486,2504,1884,1951,2541,1882,1830,1933,2560,2539,2709,2489,1907,2501,927
2162: 2163,2062,2160,2256,2130,2964,2177,2247,2235,2248,2129,2250,2150,2252,2323,2131,2249,2144,2955,2169,2188,2186,2259,2107,2185,2138,2182,2183,2966,2133,3031,2093,2127,2170,2037
2105: 2367,2399,2479,588,2307,2301,2305,2348,2168,2389,2304,2965,2406,2231,2233,2385,2383,2166,2359,2208,2346
2026: 2119,478,1970,1174
2011: 1942,1963,3009,2029,3063,2052,2080,3004,2036,2065,3044,1972,1995,2015,3007
2347: 2342,2110,2338,2240,2246,2311,2300,2351,2024,2244,2215,2381,2245,2089,2312,2282,2253,2283,2275,2094,2159,2181,2337,2258,2261,2339
2591: 2672,2575
2015: 1972,1995,1942,2011,1963,3004,2036,2065,3044,3007,1940,1823
2016: 2309,2308,2154,2238,2974,2979,2357,2310,2322,2265,2378,2365,2419,2267,2333,2218,2319,2341,2420,2156,2331,2214,2330,2980,2155,2353,2225,2226,2967,2970,2219,2288,2251,2216
2018: 2061,2141,2074,1998,2027,590
2611: 2704,2612,2689,2646,2694
2021: 2594,1939,2580,2602,2189,2579
2057: 2004,534
2795: 2844,2914,2931,3033,2819,3026,2792,3047,3014,2766,2879,2928,3048,3046,2811,2930,2990,2989,3061,2900
2024: 2246,2311,2300,2351,2331,2214,2330,2374,2299,2263,2409,2044,2243,2325,2219,2288,2251,2216,2244,2215,2381,2250,2150,2252,2323,2131,2312,2282,2253,2283,2110,2347,2240
2027: 1998,3004,2036,2065,3044,2141,2074,3007,2018,2061,590
2146: 2274
2029: 3009,3063,2121,3054,2137,2113,2134,2114,2054,966,2570,2095,2052,2080,1942,2011
2442: 2565,1561,1526
2036: 3004,2065,3044,2030,1966,1942,2011,1963,1972,1995,2015,3007,1998,2027
2037: 2127,2170,2163,2062,2160,2256,2130,2162,2188,2186,2259,2107,2185,2138,2182,2183,1994,2184,2045,2133,3031,2093,2204,2076,2187,2054,2049,2108,2092,2090,2075,2115
2038: 2229,2227,2104,2228,2077,2087,2121,2997,3054,2095
2039: 1977
2040: 2392,915,2377,2476,2475,2523,2512,2427,853,1677,2364,2465,1700,2433,2152,2416,1671,2410,2266,2265,2378,2365,2419,2267,2333,2218
2699: 2728,527
2043: 2236,2201,2140,2272,2091,1994,2184,2045,2181,2337,2258,2261,2281,2339,2204,2076,2187,2280,2139,3051,2199,2279,2090,2075,2115,568,2098,2956,3015,3021,2999
2044: 2243,2325,2293,2394,2262,2439,2292,2374,2299,2263,2409,2386,2324,2241,2046,2408,3003,2246,2311,2300,2351,2024,2244,2215,2381,2993,2245,2089
2045: 1994,2184,2159,2181,2150,2323,2312,2282,2253,2283,2110,2338,2188,2186,2259,2107,2185,2138,2182,2183,2337,2258,2261,2127,2170,2037,2204,2076,2187,2236,2201,2140,2043,2272,2091
2716: 
2346: 2359,2208,2105,2367,2389,2304,2965,2406,2231,2320,2055,2315,2385,2383,2166,2318,2316,2180,2317,2178,2313,2972,2314,2167,2384,2190,2202,2270,2278
2049: 2108,2092,2133,3031,2093,2127,2170,2037,2204,2076,2187,2054,2090,2075,2115,2052,2080,2030,1966
2050: 2164,2104,2072,2087,2223,444
2232: 2103,2210,2211,2213,2167,2384,2190,2270,2031,2950,2978,2143,2120,2164,2104
2052: 2080,2137,2113,2134,2114,2054,2049,2108,2092,3009,2029,3063,1942,2011,1963,3004,2065,3044
2053: 1947,1973,2116,1985
2054: 2966,2133,3031,2093,2127,2170,2037,2137,2113,2134,2114,2049,2108,2092,3009,2029,3063,2052,2080
2059: 2033,524,2006,2068,1955
2190: 2202,2270,2957,2385,2383,2166,2359,2208,2346,2318,2316,2180,2317,2972,2167,2384,2205,2112,2278,2961,2142,2103,2232,2210,2950,2978,2143,2120,2147,2958,2135,2953,3006,2122
2062: 2163,2160,2256,2130,2162,2964,2177,2247,2235,2248,2129,2250,2252,2323,2131,2249,2144,2955,2169,2188,2186,2259,2107,2185,2138,2182,2183,2998,2966,1982,2133,3031,2093,2127,2170,2037
2809: 2778,2801,2808,2824,2797,2915,2850,2904,2855
2065: 3004,2036,3044,2052,2080,2030,1966,1942,2011,1963,1972,1995,2015,3007,1998,2027
2066: 2332,2391,2992,2985,2404,2345,2437,2340,2193,2002,2277,2405,2191,2196,2335,2271,3013,2395,3005,2474
2067: 2971,2198,1950
2068: 2006,1950,2033,2059,2020,1999,3035
2820: 2750,2817,2791,2757,2771,2787,2749,2511,2842,2765,2794
2070: 2336,2369,1697,2473
2575: 2672,2591
2072: 2050,2223,444
2073: 1992,946,502,1940,1823
2074: 2141,2030,1966,2003,2994,1987,2042,1998,2027,2018,2061
2075: 2090,2115,2127,2170,2037,2204,2076,2187,2236,2201,2140,2043,2272,2091,2049,2108,2092,568,2098,2956,2030,1966,2003,2994,1987
2077: 2950,2978,2143,2120,2147,2958,2135,2953,3006,2122,2144,2955,2228,2998,2966,1982,2229,2227,2038,2121,2137,2114
2144: 2955,2169,2205,2112,2961,2142,2964,2177,2247,2235,2248,2129,2147,2958,2135,2953,3006,2122,2163,2062,2160,2256,2130,2162,2077,2998,2966,1982,2133,2093
2103: 2232,2210,2211,2213,2167,2384,2190,2202,2270,2957,2031,2950,2978,2143,2120,2164,2104
2087: 2164,2104,2228,2050,2229,2227,2038,444
2521: 2370
2089: 2993,2245,2044,2386,2324,2241,2046,2408,3003,2423,2425,2242,2244,2381,2404,2345,2344,2110,2347,2338,2240,2275,2094,2193,2002,2277,2405,2191,2196
2091: 2236,2201,2140,2043,2272,1994,2184,2159,2045,2181,2337,2258,2261,2281,2339,2204,2076,2187,2280,2139,3051,2279,2090,2075,2115,568,2098,3015,2999
2092: 2049,2108,2133,3031,2093,2127,2170,2037,2204,2076,2187,2054,2090,2075,2115,2052,2080,2030,1966
2093: 2133,3031,2144,2955,2169,2163,2062,2160,2256,2130,2162,2188,2186,2259,2107,2185,2138,2182,2183,2998,2966,1982,2127,2170,2037,2137,2113,2134,2114,2054,2049,2108,2092
2094: 2275,2244,2381,2993,2245,2089,2404,2345,2344,2342,2110,2347,2338,2240,2193,2002,2277,2405,2191,2196,2337,2258,2261,2281,2339
2095: 966,2570,2229,2227,2038,2121,2997,3054,2137,2114,3009,2029,3063
2096: 2290,2659,2615,2623,2563
2097: 2977,2280,2139,3051,2199,2279,2260,3001,512,2132,2237,2329,2197,3015,3021,2999,2161,2963,2042
2098: 568,2956,2076,2236,2201,2140,2043,2272,2091,2280,2139,3051,2199,2279,2090,2075,2115,3015,3021,2999,2030,1966,2003,2994,1987,2042
3032: 2947,3068,1953,2867,2986,2871,2870,3030,2865,2945,3064,1603,1583
2101: 2034
2641: 2906,514
2202: 2190,2270,2957,2385,2383,2359,2208,2346,2318,2316,2180,2317,2972,2167,2205,2112,2278,2961,2142,2103,2950,2978,2143,2120,2147,2958,2135,2953,2122
2110: 2342,2347,2338,2240,2246,2311,2300,2351,2024,2244,2215,2381,2245,2089,2312,2282,2253,2283,2275,2094,1994,2184,2159,2045,2181,2337,2258,2261,2281,2339
2201: 2236,2140,2043,2272,2091,1994,2184,2159,2045,2181,2337,2258,2261,2281,2339,2204,2076,2187,2280,2139,3051,2199,2279,2090,2075,2115,568,2098,2956,3015,3021,2999
2112: 2205,2278,2961,2142,2359,2208,2318,2316,2180,2317,2178,2313,2972,2314,2980,2155,2353,1961,2190,2202,2270,2957,2964,2177,2978,2120,2147,2958,2135,2953,3006,2122,2144,2955,2169
2114: 2137,2113,2134,2077,2998,2966,1982,3031,2093,2121,2997,3054,2054,966,2570,2095,3009,2029,3063,2052,2080
2115: 2090,2075,2127,2170,2037,2204,2076,2187,2236,2201,2140,2043,2272,2091,2049,2108,2092,568,2098,2956,2030,1966,2003,1987
2116: 1985,1973,2053,991
2117: 2206
2119: 2026,478,1970,1174
2120: 2950,2978,2143,2167,2190,2202,2270,2957,2205,2112,2278,2961,2142,2103,2232,2210,2147,2958,2135,2953,3006,2122,2077
2121: 2997,3054,2228,2077,2998,2966,1982,2229,2227,2038,2137,2113,2134,2114,966,2570,2095,3009,2029,3063
2122: 2147,2958,2135,2953,3006,2190,2202,2270,2957,2205,2112,2278,2961,2142,2964,2177,2978,2120,2144,2955,2169,2077,2998,2966,1982
2123: 2586,2772,2742,432
2238: 2309,2308,2016,2154,2974,2979,2322,2365,2218,2319,2341,2420,2156,2331,2214,2330,2980,2155,2353,1961,2225,2226,2967,2970,2219,2288,2251,2216
2129: 2247,2235,2248,2155,2353,1961,2225,2226,2967,2970,2219,2288,2251,2216,2964,2177,2250,2150,2252,2323,2131,2249,2144,2955,2169,2163,2062,2160,2256,2130,2162,2188,2186,2259,2107,2185,2138,2182,2183
2130: 2163,2062,2160,2256,2162,2964,2177,2247,2235,2248,2129,2250,2150,2252,2323,2131,2249,2144,2955,2169,2188,2186,2259,2107,2185,2138,2182,2183,2998,2966,1982,2133,3031,2093,2037
2131: 2250,2150,2252,2323,2249,2225,2226,2967,2970,2219,2288,2251,2216,2246,2311,2300,2024,2247,2235,2248,2129,2312,2282,2253,2283,2163,2062,2256,2130,2162,2188,2259,2107,2185,2138,2183,1994,2184,2159
2134: 2137,2113,2114,2998,2966,1982,2133,3031,2093,2121,2997,3054,2054,966,3009,2029,3063,2052,2080
2135: 2147,2958,2953,3006,2122,2190,2202,2270,2957,2205,2112,2961,2142,2964,2177,2950,2978,2143,2120,2144,2955,2169,2077,2998,2966,1982
2258: 2337,2261,2312,2282,2253,2283,2342,2110,2347,2338,2240,2275,2094,1994,2184,2159,2045,2181,2281,2339,2204,2076,2187,2236,2201,2140,2043,2272,2091,2280,2139,2279
2137: 2113,2134,2114,2077,2998,2966,1982,3031,2093,2121,2997,3054,2054,966,2570,2095,3009,2029,3063,2052,2080
2138: 2188,2186,2259,2107,2185,2182,2183,2247,2235,2248,2129,2250,2150,2252,2323,2131,2249,2253,2163,2062,2160,2256,2130,2162,1994,2184,2159,2045,2181,2133,3031,2093,2127,2170,2037,2204,2076,2187
2139: 2280,3051,2199,2279,2337,2258,2261,2281,2339,2236,2201,2140,2043,2272,2091,2260,3001,512,2132,2237,568,2098,2956,3015,3021,2999,2097,2977
2140: 2236,2201,2043,2272,2091,2184,2159,2045,2181,2337,2258,2261,2281,2339,2204,2076,2187,2280,2139,3051,2199,2279,2090,2075,2115,568,2098,2956,3015,3021,2999
2141: 2074,2030,1966,2003,2994,1987,2042,1998,2027,2018,2061
2142: 2205,2112,2278,2961,2318,2316,2180,2317,2972,1961,2190,2202,2270,2957,2964,2177,2950,2978,2143,2120,2147,2958,2135,2953,3006,2122,2144,2955,2169
2148: 2224,2498,2499,2286,1487,822
2659: 2615,2290,2096
2150: 2250,2252,2323,2131,2249,2225,2967,2970,2219,2288,2251,2216,2246,2311,2300,2351,2024,2247,2235,2248,2129,2312,2282,2253,2283,2163,2256,2130,2162,2188,2186,2259,2107,2185,2138,2182,2183,1994,2184,2159,2045,2181
2151: 2653,540
2152: 2433,2416,2487,2429,2480,2477,2456,2954,2485,2377,2476,2475,2523,2512,2427,853,2364,2461,2157,2417,2962,2040,2392,915,2357,2158,2352,2414,2355,2310,2322,2265,2378,2365,2419,2333
2377: 2476,2475,2523,2512,2427,2487,2429,2480,2477,2456,2954,2485,853,1677,2364,2465,2461,2157,2962,2433,2152,2416,2040,2392,915
2154: 2309,2308,2016,2238,2974,2979,2357,2158,2355,2310,2322,2265,2365,2419,2218,2319,2341,2420,2156,2321,2331,2214,2330,2980,2155,2353,1961,2225,2226,2967,2970,2219,2288,2251
2155: 2980,2353,1961,2320,2959,2055,2315,2319,2341,2420,2156,2321,2309,2016,2154,2238,2974,2979,2318,2316,2180,2317,2178,2313,2314,2225,2226,2967,2970,2205,2112,2278,2177,2235,2248,2129
2156: 2319,2341,2420,2321,2356,2400,2357,2158,2352,2414,2355,2310,2322,2365,2419,2320,2959,2055,2315,2309,2308,2016,2154,2238,2974,2979,2318,2316,2180,2317,2178,2313,2314,2980,2155,2353,1961,2225,2226,2967,2970
2157: 2461,2417,2962,2487,2429,2480,2477,2456,2485,2377,2475,2512,2427,2179,2466,2402,2433,2152,2416,2415,2356,2400,2357,2158,2352,2414,2355,2310,2322,2265,2378,2365,2419
2158: 2357,2352,2414,2355,2310,2322,2179,2466,2402,2461,2157,2417,2962,2433,2152,2416,2432,2403,2415,2356,2400,2378,2365,2419,2320,2959,2055,2315,2319,2341,2420,2156,2321,2308,2154,2974
2159: 1994,2184,2045,2181,2250,2150,2252,2323,2131,2249,2312,2282,2253,2283,2110,2347,2338,2240,2188,2186,2259,2107,2185,2138,2182,2183,2337,2258,2261,2127,2170,2204,2076,2187,2201,2140,2272,2091
2160: 2163,2062,2256,2130,2162,2964,2177,2247,2235,2248,2129,2323,2249,2144,2955,2169,2188,2186,2259,2107,2185,2138,2182,2183,2998,2966,1982,2133,3031,2093,2127,2170,2037
2161: 2963,2260,3001,512,2132,2237,2329,2197,2529,2097,2977,2145,3025,3055,2173,2358
2164: 1976,2031,2103,2232,2210,2104,2050,2087
2165: 2349,2366,2207,1976,1967,1936,583
2166: 2385,2383,2348,2105,2367,2231,2233,2359,2208,2346,2211,2213,2167,2384,2190,2270
2167: 2384,2233,2385,2383,2166,2359,2208,2346,2211,2213,2190,2202,2270,2957,2031,2103,2232,2210,2950,2978,2143,2120
2168: 2348,2481,2445,2556,2443,2399,2479,588,2105,2367,2233
2169: 2144,2955,2205,2112,2961,2142,2964,2177,2247,2235,2248,2129,2147,2958,2135,2953,3006,2122,2163,2062,2160,2256,2130,2162,2998,2966,1982,2093
2170: 2127,2037,2163,2062,2160,2256,2162,2188,2186,2259,2107,2185,2138,2182,2183,1994,2184,2159,2045,2181,2133,3031,2093,2204,2076,2187,2054,2049,2108,2092,2090,2075,2115
2406: 2389,2304,2965,2231,2307,2301,2305,2432,2403,2415,2356,2400,2105,2367,2320,2959,2055,2315,2346,2317,2178,2313,2314
2658: 2630,977,2683,2657
2173: 2358,2161,2549,2145,3025,3055,580,916
2174: 1487,822,2224,2499,2455
2761: 2935,2797,2915,2850,2904,536
2734: 2715,2735
2177: 2964,2318,2316,2180,2317,2178,2313,2972,2314,2980,2155,2353,1961,2225,2226,2967,2970,2205,2112,2278,2961,2142,2247,2235,2248,2129,2958,2135,2953,3006,2122,2144,2955,2169,2163,2062,2160,2256,2130,2162
2178: 2318,2316,2180,2317,2313,2972,2314,2389,2304,2965,2406,2231,2320,2959,2055,2315,2319,2341,2420,2156,2321,2359,2208,2346,2980,2155,2353,1961,2205,2112,2278,2177
2179: 2466,2402,2484,2548,2524,2222,2530,2434,2487,2429,2480,2456,2485,2306,2431,2461,2157,2417,2962,2307,2301,2305,2432,2403,2415,2356,2400,2357,2158,2352,2414,2355,2310
2180: 2318,2316,2317,2178,2313,2972,2314,2389,2304,2965,2231,2320,2959,2055,2315,2319,2341,2156,2321,2359,2208,2346,2980,2155,2353,1961,2190,2202,2270,2957,2205,2112,2278,2961,2142,2177
2181: 1994,2184,2159,2045,2250,2150,2252,2323,2312,2282,2253,2283,2342,2110,2347,2338,2240,2188,2186,2259,2107,2185,2138,2182,2183,2337,2258,2261,2127,2170,2204,2076,2187,2236,2201,2140,2043,2272,2091
2182: 2188,2186,2259,2107,2185,2138,2183,2247,2248,2129,2250,2150,2252,2323,2249,2282,2253,2163,2062,2160,2256,2130,2162,1994,2184,2159,2045,2181,2133,3031,2093,2127,2170,2037,2204,2076,2187
2183: 2188,2186,2259,2107,2185,2138,2182,2247,2248,2129,2250,2150,2252,2323,2131,2249,2312,2282,2253,2283,2163,2062,2160,2256,2130,2162,1994,2184,2159,2045,2181,2133,2093,2127,2170,2037,2204,2076,2187
2184: 1994,2159,2045,2181,2250,2150,2252,2323,2131,2249,2312,2282,2253,2283,2110,2338,2188,2186,2259,2107,2185,2138,2182,2183,2337,2258,2261,2127,2170,2037,2204,2076,2187,2236,2201,2140,2043,2272,2091
2185: 2188,2186,2259,2107,2138,2182,2183,2247,2248,2129,2250,2150,2252,2323,2131,2249,2312,2282,2253,2283,2163,2062,2160,2256,2130,2162,1994,2184,2159,2045,2181,2133,2093,2127,2170,2037,2204,2076,2187
2186: 2188,2259,2107,2185,2138,2182,2183,2247,2248,2129,2250,2150,2252,2323,2249,2282,2253,2163,2062,2160,2256,2130,2162,1994,2184,2159,2045,2181,2133,3031,2093,2127,2170,2037,2204,2076,2187
2187: 2204,2076,2188,2186,2259,2107,2185,2138,2182,2183,1994,2184,2159,2045,2181,2258,2127,2170,2037,2236,2201,2140,2043,2272,2091,2049,2108,2092,2090,2075,2115
2188: 2186,2259,2107,2185,2138,2182,2183,2247,2248,2129,2250,2150,2252,2323,2131,2249,2282,2253,2163,2062,2160,2256,2130,2162,1994,2184,2159,2045,2181,2133,3031,2093,2127,2170,2037,2204,2076,2187
2189: 2021,2594,2602,2579,1867,1913,2255
2191: 2193,2002,2277,2405,2196,2993,2245,2089,2404,2345,2344,2382,2275,2094,2332,2391,2066,2281,2339,2335,2271,3013,2395
2683: 2657,2630,2658,2633,2661,2663,2682,2612
2193: 2002,2277,2405,2191,2196,2993,2245,2089,2404,2345,2344,2437,2382,2275,2094,2332,2391,2992,2066,2281,2339,2335,2271,2395
2344: 2404,2345,2386,2324,2241,2046,2408,3003,2423,2425,2242,2993,2245,2089,2437,2382,2275,2094,2193,2002,2277,2405,2191,2196
2195: 2544,2435,2451,2507,2441,2437,2340,2391,2992,2985,2422,2988
2196: 2193,2002,2277,2405,2191,2993,2245,2089,2404,2345,2344,2275,2094,2332,2066,2281,2339,2335,2271,3013,2395
2197: 2329,2335,2271,3013,2395,2428,3005,2474,2260,3001,512,2132,2237,2529,2097,2977,2161,2963
2198: 2971,2067,1950,1947
2199: 2280,2139,3051,2279,2281,2236,2201,2140,2043,2260,3001,512,2132,2237,2098,2956,3015,3021,2999,2097,2977
2343: 2436
2203: 2393
2204: 2076,2187,2188,2186,2259,2107,2185,2138,2182,2183,1994,2184,2159,2045,2181,2337,2258,2261,2127,2170,2037,2236,2201,2140,2043,2272,2091,2049,2092,2090,2075,2115,568
2205: 2112,2278,2961,2142,2359,2208,2318,2316,2180,2317,2178,2313,2972,2314,2980,2155,2353,1961,2190,2202,2270,2957,2964,2177,2978,2120,2147,2958,2135,2953,3006,2122,2144,2955,2169
2206: 2117
2207: 2366,2426,2233,2211,2213,2165,2349,1976,2031
2208: 2359,2346,2105,2367,2389,2304,2231,2320,2315,2385,2383,2166,2318,2316,2180,2317,2178,2313,2972,2314,2167,2384,2190,2202,2270,2957,2205,2112,2278,2961
2209: 2446,2448,2483,2447,2481,2445,2556,2443
2210: 2103,2232,2211,2213,2167,2190,2270,2031,2950,2978,2143,2120,2164,2104,2228
2211: 2213,2233,2166,2366,2426,2207,2167,2384,1976,2031,2103,2232,2210
2773: 2747,2793,2786,2856,2880,2784,2777,2853,2848,2597,2745,2839,2818,2764
2213: 2211,2233,2166,2366,2426,2207,2167,2384,1976,2031,2103,2232,2210
2214: 2331,2330,2265,2365,2267,2333,2218,2309,2308,2016,2154,2238,2974,2979,2374,2299,2263,2409,2225,2226,2967,2970,2219,2288,2251,2216,2246,2311,2300,2351,2024
2215: 2244,2381,2374,2299,2263,2409,2044,2243,2325,2324,2241,2408,3003,2246,2311,2300,2351,2024,2245,2312,2282,2283,2110,2347,2338,2240,2275
2216: 2219,2288,2251,2309,2016,2238,2331,2214,2330,2374,2299,2263,2409,2225,2967,2970,2246,2311,2300,2351,2024,2247,2235,2248,2129,2250,2150,2252,2323,2131,2249,2312,2282,2253,2283
2217: 2373,2505,2362,2361,2363,2463,2268,2462,2334,2454,2438,2291,2293,2394,2262,2439,2292,2411
2218: 2267,2333,2416,2040,2392,915,2410,2266,2265,2378,2365,2419,2309,2308,2016,2154,2238,2974,2979,2331,2214,2330,2374,2299,2263,2409
2219: 2288,2251,2216,2309,2308,2016,2154,2238,2974,2979,2331,2214,2330,2374,2299,2263,2409,2225,2226,2967,2970,2246,2311,2300,2351,2024,2247,2235,2248,2129,2250,2150,2252,2323,2131,2249,2312,2253,2283
2353: 2980,2155,1961,2959,2315,2319,2341,2420,2156,2321,2016,2154,2238,2979,2318,2316,2180,2317,2178,2313,2314,2225,2226,2967,2970,2205,2112,2278,2964,2177,2247,2235,2248,2129
2223: 2072,2050,444,1939,2580
2224: 2148,2498,2499,2286,1487,2174,822
2225: 2226,2967,2970,2319,2341,2420,2156,2309,2308,2016,2154,2238,2974,2979,2331,2214,2330,2980,2155,2353,1961,2219,2288,2251,2216,2177,2247,2235,2248,2129,2250,2150,2252,2323,2131,2249
2226: 2225,2967,2970,2319,2341,2420,2156,2321,2309,2308,2016,2154,2238,2974,2979,2331,2214,2330,2980,2155,2353,1961,2219,2288,2251,2177,2247,2235,2248,2129,2131
2227: 2229,2038,2104,2228,2077,2087,2121,2997,3054,966,2570,2095
2228: 2210,2950,2978,2143,2147,2953,3006,2104,2077,2087,2229,2227,2038,2121,2997,3054
2229: 2227,2038,2104,2228,2077,2087,2121,2997,3054,966,2570,2095
2437: 2340,2382,2423,2425,2404,2345,2344,2544,2435,2195,2451,2193,2002,2277,2405,2332,2391,2992,2985,2066,2422,2988
2231: 2389,2304,2965,2406,2307,2301,2305,2400,2105,2367,2320,2055,2315,2385,2383,2166,2359,2208,2346,2318,2316,2180,2317,2178,2313,2972,2314
2235: 2247,2248,2129,2980,2155,2353,1961,2225,2226,2967,2970,2219,2288,2251,2216,2964,2177,2250,2150,2252,2323,2131,2249,2144,2955,2169,2163,2062,2160,2256,2130,2162,2259,2107,2138
2236: 2201,2140,2043,2272,2091,2184,2045,2181,2337,2258,2261,2281,2339,2204,2076,2187,2280,2139,3051,2199,2279,2090,2075,2115,568,2098,2956,3015,3021,2999
2237: 2260,3001,512,2132,2281,2339,2335,2271,3013,2395,2280,2139,3051,2199,2279,2329,2197,2999,2097,2977,2161,2963
2599: 2637,2619,2613,2600,2598,2562,2528
2240: 2342,2110,2347,2338,2246,2311,2300,2351,2024,2244,2215,2381,2245,2089,2312,2282,2253,2283,2275,2094,2159,2181,2337,2258,2261,2339
2241: 2386,2324,2046,2408,3003,2293,2394,2262,2439,2292,2424,2411,2044,2243,2325,2423,2425,2242,2244,2215,2381,2993,2245,2089,2404,2345,2344
2242: 2423,2425,2439,2292,2424,2411,2386,2324,2241,2046,2408,3003,2993,2089,2404,2345,2344,2382
2243: 2044,2325,2293,2394,2262,2439,2292,2374,2299,2263,2409,2386,2324,2241,2046,2408,3003,2246,2311,2351,2024,2244,2215,2381,2245
2244: 2215,2381,2374,2299,2263,2409,2044,2243,2325,2324,2241,2408,3003,2246,2311,2300,2351,2024,2245,2089,2312,2282,2253,2283,2110,2347,2338,2240,2275,2094
2245: 2993,2089,2044,2243,2325,2386,2324,2241,2046,2408,3003,2425,2244,2215,2381,2404,2345,2344,2110,2347,2338,2240,2275,2094,2193,2002,2277,2405,2191,2196
2246: 2311,2300,2351,2024,2331,2214,2374,2299,2263,2409,2044,2243,2325,2219,2288,2251,2216,2244,2215,2381,2250,2150,2252,2323,2131,2312,2282,2253,2283,2110,2347,2338,2240
2247: 2235,2248,2129,2353,1961,2225,2226,2967,2970,2219,2288,2251,2216,2964,2177,2250,2150,2252,2323,2131,2249,2144,2955,2169,2163,2062,2160,2256,2130,2162,2188,2186,2259,2107,2185,2138,2182,2183
2248: 2247,2235,2129,2155,2353,1961,2225,2226,2967,2970,2219,2288,2251,2216,2964,2177,2250,2150,2252,2323,2131,2249,2144,2955,2169,2163,2062,2160,2256,2130,2162,2188,2186,2259,2107,2185,2138,2182,2183
2249: 2250,2150,2252,2323,2131,2225,2967,2970,2219,2288,2251,2216,2300,2247,2235,2248,2129,2312,2282,2253,2163,2062,2160,2256,2130,2162,2188,2186,2259,2107,2185,2138,2182,2183,1994,2184,2159
2250: 2150,2252,2323,2131,2249,2225,2967,2970,2219,2288,2251,2216,2246,2311,2300,2024,2247,2235,2248,2129,2312,2282,2253,2283,2163,2062,2256,2130,2162,2188,2186,2259,2107,2185,2138,2182,2183,1994,2184,2159,2181
2251: 2219,2288,2216,2309,2016,2154,2238,2979,2331,2214,2225,2226,2967,2970,2246,2311,2300,2024,2247,2235,2248,2129,2250,2150,2252,2323,2131,2249,2312,2282,2253
2252: 2250,2150,2323,2131,2249,2225,2967,2970,2219,2288,2251,2216,2246,2311,2300,2024,2247,2235,2248,2129,2312,2282,2253,2283,2163,2062,2256,2130,2162,2188,2186,2259,2107,2185,2138,2182,2183,1994,2184,2159,2181
2253: 2312,2282,2283,2219,2288,2251,2216,2246,2311,2300,2351,2024,2244,2250,2150,2252,2323,2131,2249,2110,2347,2338,2240,2188,2186,2259,2107,2185,2138,2182,2183,1994,2184,2159,2045,2181,2337,2258,2261
2731: 2710
2256: 2163,2062,2160,2130,2162,2964,2177,2247,2235,2248,2129,2250,2150,2252,2323,2131,2249,2144,2955,2169,2188,2186,2259,2107,2185,2138,2182,2183,2966,2133,3031,2093,2127,2170,2037
2663: 2633,2661,2683,2657,945,2614,2673,2675,2700
2259: 2188,2186,2107,2185,2138,2182,2183,2247,2235,2248,2129,2250,2150,2252,2323,2131,2249,2253,2163,2062,2160,2256,2130,2162,1994,2184,2159,2045,2181,2133,3031,2093,2127,2170,2037,2204,2187
2260: 3001,512,2132,2237,2281,2335,2271,2280,2139,3051,2199,2279,2329,2197,3015,2999,2097,2977,2161,2963
2262: 2293,2394,2410,2266,2334,2454,2217,2362,2361,2363,2439,2292,2374,2299,2263,2409,2044,2243,2325,2324,2241,2408
2263: 2374,2299,2409,2267,2333,2218,2293,2394,2262,2331,2214,2330,2044,2243,2325,2219,2288,2216,2246,2311,2300,2351,2024,2244,2215
2600: 2598,2562,2637,2599,2619,2613,2528,2610,2609,2648
2265: 2378,2365,2419,2157,2962,2433,2152,2416,2040,2392,915,2357,2352,2414,2355,2310,2322,2267,2333,2218,2319,2341,2420,2309,2308,2016,2154,2974,2979,2331,2214,2330
2266: 1701,1671,2410,2364,2465,1700,2464,2488,2040,2392,915,2334,2454,2267,2333,2218,2293,2394,2262
2267: 2333,2218,2416,2040,2392,915,1671,2410,2266,2265,2378,2365,2419,2309,2308,2016,2974,2331,2214,2330,2374,2299,2263,2409
2268: 2463,2462,2334,2454,2373,2505,2217,2362,2361,2363
2307: 2301,2305,2460,2458,1989,2459,2306,2431,2179,2466,2399,2479,588,2432,2403,2415,2356,2400,2105,2367,2389,2304,2965,2406,2231,2320,2959,2055,2315
2270: 2190,2202,2957,2385,2383,2166,2359,2208,2346,2318,2316,2180,2317,2972,2167,2384,2205,2112,2278,2961,2142,2103,2232,2210,2950,2978,2143,2120,2147,2958,2135,2953,2122
2271: 2335,3013,2395,2193,2002,2277,2405,2191,2196,2332,2391,2992,2985,2066,2428,3005,2474,2260,3001,512,2132,2237,2329,2197,2529
2272: 2236,2201,2140,2043,2091,1994,2184,2159,2045,2181,2337,2258,2261,2281,2339,2204,2076,2187,2280,2139,3051,2279,2090,2075,2115,568,2098,3015,2999
2469: 2588,2746,2803,2851,2872,2574,2783,2860,2859,2861,2835,2767,2587
2274: 2146
2275: 2094,2244,2215,2381,2993,2245,2089,2404,2345,2344,2342,2110,2347,2338,2240,2193,2002,2277,2405,2191,2196,2337,2258,2261,2281,2339
2669: 
2277: 2193,2002,2405,2191,2196,2993,2245,2089,2404,2345,2344,2437,2340,2382,2275,2094,2332,2391,2992,2985,2066,2339,2335,2271,3013,2395
2278: 2205,2112,2961,2142,2359,2208,2346,2318,2316,2180,2317,2178,2313,2972,2314,2155,2353,1961,2190,2202,2270,2957,2177,2978,2120,2147,2958,2953,2122
2279: 2280,2139,3051,2199,2337,2258,2261,2281,2339,2236,2201,2140,2043,2272,2091,2260,3001,512,2132,2237,568,2098,3015,2999,2097,2977
2280: 2139,3051,2199,2279,2337,2258,2261,2281,2339,2236,2201,2140,2043,2272,2091,2260,3001,512,2132,2237,568,2098,2956,3015,3021,2999,2097,2977
2282: 2312,2253,2283,2288,2251,2216,2246,2311,2300,2351,2024,2244,2215,2381,2250,2150,2252,2323,2131,2249,2110,2347,2338,2240,2188,2186,2107,2185,2182,2183,1994,2184,2159,2045,2181,2337,2258,2261
2283: 2312,2282,2253,2219,2288,2216,2246,2311,2300,2351,2024,2244,2215,2381,2250,2150,2252,2323,2131,2342,2110,2347,2338,2240,2107,2185,2183,1994,2184,2159,2045,2181,2337,2258,2261
2345: 2404,2344,2386,2324,2241,2046,2408,3003,2423,2425,2242,2993,2245,2089,2437,2382,2275,2094,2193,2002,2277,2405,2191,2196,2332,2066
2285: 2396,2584,2545
2286: 2148,2224,2498,2499
2287: 485,2519,407
2288: 2219,2251,2216,2309,2016,2154,2238,2974,2979,2331,2214,2330,2374,2299,2263,2409,2225,2226,2967,2970,2246,2311,2300,2351,2024,2247,2235,2248,2129,2250,2150,2252,2323,2131,2249,2312,2282,2253,2283
2290: 2096,2659,2615,2623,2563
2291: 2438,2463,2373,2505,2217,2362,2361,2363,2388,509,2439,2292,2424,2411
2292: 2439,2334,2454,2373,2505,2217,2362,2361,2363,2438,2291,2293,2394,2262,2424,2411,2044,2243,2325,2386,2324,2241,2046,2408,3003,2423,2425,2242
2293: 2394,2262,2410,2266,2334,2454,2373,2505,2217,2362,2361,2363,2439,2292,2374,2299,2263,2409,2044,2243,2325,2386,2324,2241,2046,2408
2767: 2783,2860,2859,2861,2835,2597,2803,2851,2872,2469,2839,2818,2764,2587,2744,2807,2796
2601: 2769,2514,2467
2543: 2550
2439: 2292,2334,2454,2373,2505,2217,2362,2361,2363,2438,2291,2293,2394,2262,2424,2411,2044,2243,2325,2386,2324,2241,2046,2408,3003,2423,2425,2242
2525: 2371,1768,1832,572
2299: 2374,2263,2409,2267,2333,2218,2293,2394,2262,2331,2214,2330,2044,2243,2325,2219,2288,2216,2246,2311,2300,2351,2024,2244,2215
2300: 2246,2311,2351,2024,2331,2214,2330,2374,2299,2263,2409,2044,2219,2288,2251,2216,2244,2215,2381,2250,2150,2252,2323,2131,2249,2312,2282,2253,2283,2110,2347,2240
2301: 2307,2305,2460,2458,1989,2459,2306,2431,2179,2466,2402,2399,2479,588,2432,2403,2415,2356,2400,2105,2367,2389,2304,2965,2406,2231,2320,2959,2055,2315
2741: 2916,2991,2895,2834,3045,2936,536,2845,3008
2303: 2482,2483,2555,2547,2522,2471,2430,2460,2458,1989,2459,2481,2556,2399,2479,588
2304: 2389,2965,2406,2231,2307,2301,2305,2432,2403,2415,2356,2400,2105,2367,2320,2959,2055,2315,2385,2359,2208,2346,2318,2316,2180,2317,2178,2313,2972,2314
2305: 2307,2301,2460,2458,1989,2459,2306,2431,2179,2466,2402,2399,2479,588,2432,2403,2415,2356,2400,2105,2367,2389,2304,2965,2406,2231,2320,2959,2055,2315
2306: 2431,2547,2522,2471,2430,2484,2548,2524,2530,2434,2460,2458,1989,2459,2179,2466,2402,2399,2479,588,2307,2301,2305,2432,2403,2415,2356,2400
2308: 2309,2016,2154,2238,2974,2979,2357,2158,2352,2414,2355,2310,2322,2265,2378,2365,2419,2267,2333,2218,2319,2341,2420,2156,2321,2331,2214,2330,2980,2225,2226,2967,2970,2219
2309: 2308,2016,2154,2238,2974,2979,2310,2322,2265,2378,2365,2419,2267,2333,2218,2319,2341,2420,2156,2331,2214,2330,2155,2225,2226,2967,2970,2219,2288,2251,2216
2310: 2357,2158,2352,2414,2355,2322,2179,2466,2402,2461,2157,2417,2962,2433,2152,2416,2415,2356,2400,2265,2378,2365,2419,2959,2055,2319,2341,2420,2156,2321,2309,2308,2016,2154,2974,2979
2313: 2318,2316,2180,2317,2178,2972,2314,2389,2304,2965,2406,2231,2320,2959,2055,2315,2319,2341,2420,2156,2321,2359,2208,2346,2980,2155,2353,1961,2205,2112,2278,2177
2314: 2318,2316,2180,2317,2178,2313,2972,2389,2304,2965,2406,2231,2320,2959,2055,2315,2319,2341,2420,2156,2321,2359,2208,2346,2980,2155,2353,1961,2205,2112,2278,2177
2315: 2320,2959,2055,2307,2301,2305,2400,2158,2355,2389,2304,2965,2406,2231,2319,2341,2420,2156,2321,2359,2208,2346,2318,2316,2180,2317,2178,2313,2972,2314,2980,2155,2353,1961
2316: 2318,2180,2317,2178,2313,2972,2314,2389,2304,2231,2320,2959,2055,2315,2319,2341,2156,2321,2359,2208,2346,2980,2155,2353,1961,2190,2202,2270,2957,2205,2112,2278,2961,2142,2177
2317: 2318,2316,2180,2178,2313,2972,2314,2389,2304,2965,2406,2231,2320,2959,2055,2315,2319,2341,2156,2321,2359,2208,2346,2980,2155,2353,1961,2190,2202,2270,2957,2205,2112,2278,2961,2142,2177
2318: 2316,2180,2317,2178,2313,2972,2314,2304,2231,2320,2959,2055,2315,2319,2341,2156,2321,2359,2208,2346,2980,2155,2353,1961,2190,2202,2270,2957,2205,2112,2278,2961,2142,2964,2177
2319: 2341,2420,2156,2321,2432,2403,2415,2356,2400,2357,2158,2352,2414,2355,2310,2322,2265,2378,2365,2419,2320,2959,2055,2315,2309,2308,2016,2154,2238,2974,2979,2318,2316,2180,2317,2178,2313,2314,2980,2155,2353,1961,2225,2226,2967,2970
2320: 2959,2055,2315,2307,2301,2305,2432,2403,2415,2356,2400,2357,2158,2352,2414,2355,2322,2389,2304,2965,2406,2231,2319,2341,2420,2156,2321,2359,2208,2346,2318,2316,2180,2317,2178,2313,2972,2314,2980,2155
2322: 2357,2158,2352,2414,2355,2310,2461,2157,2417,2962,2433,2152,2416,2415,2356,2400,2265,2378,2365,2419,2320,2959,2055,2319,2341,2420,2156,2321,2309,2308,2016,2154,2238,2974,2979
2323: 2250,2150,2252,2131,2249,2225,2219,2288,2251,2216,2246,2311,2300,2024,2247,2235,2248,2129,2312,2282,2253,2283,2163,2062,2160,2256,2130,2162,2188,2186,2259,2107,2185,2138,2182,2183,1994,2184,2159,2045,2181
2324: 2386,2241,2046,2408,3003,2293,2394,2262,2439,2292,2424,2411,2044,2243,2325,2423,2425,2242,2244,2215,2381,2993,2245,2089,2345,2344
2325: 2044,2243,2293,2394,2262,2439,2292,2374,2299,2263,2409,2386,2324,2241,2046,2408,3003,2246,2311,2351,2024,2244,2215,2381,2245
2523: 2377,2476,2475,2512,2427,2487,2429,2480,2477,2456,2954,2485,853,1677,2364,2465,2433,2152,2040,2392,915
2407: 2449,918,2551
2735: 2727,2732,2734,2715
2329: 2197,2335,2271,3013,2395,2428,3005,2474,2260,3001,512,2132,2237,2529,2097,2977,2161,2963
2330: 2331,2214,2265,2378,2365,2419,2267,2333,2218,2309,2308,2016,2154,2238,2974,2979,2374,2299,2263,2409,2225,2226,2970,2219,2288,2216,2311,2300,2024
2331: 2214,2330,2265,2365,2267,2333,2218,2309,2308,2016,2154,2238,2974,2979,2374,2299,2263,2409,2225,2226,2967,2970,2219,2288,2251,2216,2246,2311,2300,2351,2024
2332: 2391,2992,2985,2066,2404,2345,2437,2340,2382,2435,2193,2002,2277,2405,2191,2196,2422,2988,2335,2271,3013,2395,2428,3005,2474
2333: 2267,2218,2152,2416,2040,2392,915,1671,2410,2266,2265,2378,2365,2419,2309,2308,2016,2974,2331,2214,2330,2374,2299,2263,2409
2334: 2454,1700,2464,2488,2463,2268,2462,1671,2410,2266,2373,2217,2362,2361,2363,2293,2394,2262,2439,2292
2335: 2271,3013,2395,2193,2002,2277,2405,2191,2196,2332,2391,2992,2985,2066,2428,3005,2474,2260,3001,512,2132,2237,2329,2197,2529
2336: 2070,2369,1697,2473
2337: 2258,2261,2312,2282,2253,2283,2342,2110,2347,2338,2240,2275,2094,1994,2184,2159,2045,2181,2281,2339,2204,2236,2201,2140,2043,2272,2091,2280,2139,2279
2338: 2342,2110,2347,2240,2246,2351,2244,2215,2381,2993,2245,2089,2312,2282,2253,2283,2275,2094,2184,2159,2045,2181,2337,2258,2261,2281,2339
2339: 2281,2342,2110,2347,2338,2240,2275,2094,2193,2002,2277,2405,2191,2196,2337,2258,2261,2236,2201,2140,2043,2272,2091,2280,2139,2279,2132,2237
2340: 2437,2382,2423,2425,2404,2544,2435,2195,2451,2277,2405,2332,2391,2992,2985,2066,2422,2988
2341: 2319,2420,2156,2321,2356,2400,2357,2158,2352,2414,2355,2310,2322,2265,2365,2419,2320,2959,2055,2315,2309,2308,2016,2154,2238,2974,2979,2318,2316,2180,2317,2178,2313,2314,2980,2155,2353,1961,2225,2226,2967,2970
2342: 2110,2347,2338,2240,2283,2275,2094,2181,2337,2258,2261,2339
2348: 2168,2481,2445,2443,588,2105,2367,2233,2385,2383,2166
2349: 2165,2366,2426,2207,1976,1967,1936,583
2350: 1773
2351: 2246,2311,2300,2024,2331,2214,2374,2299,2263,2409,2044,2243,2325,2219,2288,2216,2244,2215,2381,2150,2312,2282,2253,2283,2110,2347,2338,2240
2352: 2357,2158,2414,2355,2310,2322,2179,2466,2402,2461,2157,2417,2962,2433,2152,2416,2432,2403,2415,2356,2400,2265,2378,2365,2419,2320,2959,2055,2319,2341,2420,2156,2321,2308,2974
2590: 2595,2627,589,2495,2592,2449,2655,2596
2355: 2357,2158,2352,2414,2310,2322,2179,2466,2402,2461,2157,2417,2962,2433,2152,2416,2432,2403,2415,2356,2400,2265,2378,2365,2419,2320,2959,2055,2315,2319,2341,2420,2156,2321,2308,2154,2974,2979
2356: 2432,2403,2415,2400,2306,2431,2179,2466,2402,2461,2157,2417,2962,2307,2301,2305,2357,2158,2352,2414,2355,2310,2322,2389,2304,2965,2406,2320,2959,2055,2319,2341,2420,2156,2321
2357: 2158,2352,2414,2355,2310,2322,2179,2466,2402,2461,2157,2417,2962,2433,2152,2416,2432,2403,2415,2356,2400,2265,2378,2365,2419,2320,2959,2055,2319,2341,2420,2156,2321,2308,2016,2154,2974,2979
2358: 2173,2161,2963,2549,2145,3025,3055,580,916
2359: 2208,2346,2105,2367,2389,2304,2965,2231,2320,2315,2385,2383,2166,2318,2316,2180,2317,2178,2313,2972,2314,2167,2384,2190,2202,2270,2957,2205,2112,2278,2961
2360: 2503
2361: 2373,2505,2217,2362,2363,2463,2268,2462,2334,2454,2438,2291,2293,2394,2262,2439,2292,2424,2411
2362: 2373,2505,2217,2361,2363,2463,2268,2462,2334,2454,2438,2291,2293,2394,2262,2439,2292,2411
2363: 2373,2505,2217,2362,2361,2463,2268,2462,2334,2454,2438,2291,2293,2394,2262,2439,2292,2424,2411
2364: 853,1677,2465,2377,2476,2523,2512,2427,1700,2464,2488,2152,2416,2040,2392,915,1701,1671,2410,2266
2365: 2265,2378,2419,2157,2962,2433,2152,2416,2040,2392,915,2357,2158,2352,2414,2355,2310,2322,2267,2333,2218,2319,2341,2420,2156,2309,2308,2016,2154,2238,2974,2979,2331,2214,2330
2366: 2426,2207,2233,2211,2213,2165,2349,1976,2031
2367: 2105,2399,2479,588,2307,2301,2305,2348,2168,2389,2304,2965,2406,2231,2233,2385,2383,2166,2359,2208,2346
2369: 2336,2070,2473
2370: 2521,910
2371: 2525,572
2485: 2487,2429,2480,2477,2456,2954,2524,2222,2530,2434,2377,2476,2475,2523,2512,2427,2179,2466,2402,2461,2157,2417,2962,2433,2152,2416
2373: 2505,2217,2362,2361,2363,2463,2268,2462,2334,2438,2291,2293,2439,2292,2411
2374: 2299,2263,2409,2267,2333,2218,2293,2394,2262,2331,2214,2330,2044,2243,2325,2219,2288,2216,2246,2311,2300,2351,2024,2244,2215,2381
2555: 2483,2446,2448,2303,2482
2917: 3034,2946,3019,2868,3036,2869,2937,2983,2981
2378: 2265,2365,2419,2461,2157,2417,2962,2433,2152,2416,2040,2392,915,2357,2158,2352,2414,2355,2310,2322,2267,2333,2218,2319,2420,2309,2308,2016,2974,2330
3007: 1942,2011,1963,3004,2036,2065,3044,1972,1995,2015,1998,2027
2477: 2487,2429,2480,2456,2954,2485,2524,2222,2377,2476,2475,2523,2512,2427,2466,2402,2461,2157,2417,2433,2152
2381: 2244,2215,2374,2044,2243,2325,2386,2324,2241,2046,2408,3003,2246,2311,2300,2351,2024,2993,2245,2089,2312,2282,2283,2110,2347,2338,2240,2275,2094
2382: 2437,2340,2423,2425,2242,2404,2345,2344,2544,2435,2451,2193,2002,2277,2405,2191,2332,2391,2992
2383: 2385,2166,2348,2105,2367,2231,2233,2359,2208,2346,2167,2384,2190,2202,2270
2384: 2167,2233,2385,2383,2166,2359,2208,2346,2211,2213,2190,2270,2031,2103,2232
2385: 2383,2166,2348,2105,2367,2389,2304,2231,2233,2359,2208,2346,2167,2384,2190,2202,2270,2957
2386: 2324,2241,2046,2408,3003,2293,2439,2292,2424,2411,2044,2243,2325,2423,2425,2242,2381,2993,2245,2089,2404,2345,2344
2466: 2179,2402,2484,2548,2524,2222,2530,2434,2487,2429,2480,2477,2456,2954,2485,2306,2431,2461,2157,2417,2962,2307,2301,2305,2432,2403,2415,2356,2400,2357,2158,2352,2414,2355,2310
2388: 509,2438,2291,2424,2411,2452,2497
2389: 2304,2965,2406,2231,2479,588,2307,2301,2305,2432,2403,2356,2400,2105,2367,2320,2959,2055,2315,2385,2359,2208,2346,2316,2180,2317,2178,2313,2314
2524: 2222,2530,2434,2484,2548,2487,2429,2480,2477,2456,2954,2485,2306,2431,2179,2466,2402,2461,2417
2391: 2332,2992,2985,2066,2404,2437,2340,2382,2544,2435,2195,2451,2193,2002,2277,2405,2191,2422,2988,2335,2271,3013,2395
2392: 2040,915,2377,2476,2523,2512,2427,853,1677,2364,2465,1700,2433,2152,2416,1671,2410,2266,2265,2378,2365,2419,2267,2333,2218
2393: 2203
2394: 2293,2262,2410,2266,2334,2454,2217,2362,2361,2363,2439,2292,2374,2299,2263,2409,2044,2243,2325,2324,2241,2408
2395: 2335,2271,3013,2193,2002,2277,2405,2191,2196,2332,2391,2992,2985,2066,2422,2988,2428,3005,2474,2132,2237,2329,2197,2529
2396: 2285,2584,2545
2488: 1700,2464,1677,2364,2465,1671,2410,2266,2334,2454
2398: 2573
2399: 2479,588,2303,2482,2460,2458,1989,2459,2306,2431,2307,2301,2305,2168,2105,2367
2570: 966,2095,2229,2227,2121,2997,3054,2137,2114,3009,2029,3063
2402: 2179,2466,2484,2548,2524,2222,2530,2434,2487,2429,2480,2477,2456,2954,2485,2306,2431,2461,2157,2417,2962,2301,2305,2432,2403,2415,2356,2357,2158,2352,2414,2355,2310
2403: 2432,2415,2356,2400,2306,2431,2179,2466,2402,2461,2417,2307,2301,2305,2357,2158,2352,2414,2355,2389,2304,2965,2406,2320,2959,2055,2319
2404: 2345,2344,2386,2241,2046,2408,3003,2423,2425,2242,2993,2245,2089,2437,2340,2382,2275,2094,2193,2002,2277,2405,2191,2196,2332,2391,2992,2985,2066
2405: 2193,2002,2277,2191,2196,2993,2245,2089,2404,2345,2344,2437,2340,2382,2275,2094,2332,2391,2992,2985,2066,2339,2335,2271,3013,2395
2408: 2386,2324,2241,2046,3003,2293,2394,2262,2439,2292,2411,2044,2243,2325,2423,2425,2242,2244,2215,2381,2993,2245,2089,2404,2345,2344
2409: 2374,2299,2263,2267,2333,2218,2293,2394,2262,2331,2214,2330,2044,2243,2325,2219,2288,2216,2246,2311,2300,2351,2024,2244,2215
2410: 1701,1671,2266,2364,2465,1700,2464,2488,2040,2392,915,2334,2454,2267,2333,2218,2293,2394,2262
2411: 2424,2373,2505,2217,2362,2361,2363,2438,2291,2388,2439,2292,2386,2324,2241,2046,2408,3003,2423,2425,2242
2944: 2942,3069,964,2941,3065,2939,2752,2940,2899,3050,2943,3067,2938,944
2560: 1933,2539,2709,2648,1951,2541,2516,2559,2486,2504,1884,2708,2647,2501
2414: 2357,2158,2352,2355,2310,2322,2179,2466,2402,2461,2157,2417,2962,2433,2152,2416,2432,2403,2415,2356,2400,2265,2378,2365,2419,2320,2959,2055,2319,2341,2420,2156,2321,2308,2974
2415: 2432,2403,2356,2400,2306,2431,2179,2466,2402,2461,2157,2417,2962,2307,2301,2305,2357,2158,2352,2414,2355,2310,2322,2304,2965,2406,2320,2959,2055,2319,2420,2321
2416: 2433,2152,2429,2480,2485,2377,2476,2512,2427,2364,2461,2157,2417,2962,2040,2392,915,2357,2158,2352,2414,2355,2310,2322,2265,2378,2365,2419,2267,2333,2218
2417: 2461,2157,2962,2524,2222,2530,2434,2487,2429,2480,2477,2456,2954,2485,2475,2512,2179,2466,2402,2433,2152,2416,2432,2403,2415,2356,2400,2357,2158,2352,2414,2355,2310,2322,2378,2419
2969: 2897,3020,2952,3066,2933,2896,2903,3002,3053,2875,2825,2923,2901,2921,3018,2857,2932,2941,3065,2899
2419: 2265,2378,2365,2461,2157,2417,2962,2433,2152,2416,2040,2392,915,2357,2158,2352,2414,2355,2310,2322,2267,2333,2218,2319,2341,2420,2156,2321,2309,2308,2016,2154,2974,2979,2330
2420: 2319,2341,2156,2321,2415,2356,2400,2357,2158,2352,2414,2355,2310,2322,2265,2378,2365,2419,2320,2959,2055,2315,2309,2308,2016,2154,2238,2974,2979,2178,2313,2314,2980,2155,2353,2225,2226,2967,2970
2422: 2988,2437,2340,2544,2435,2195,2451,2332,2391,2992,2985,3013,2395,2428,3005,2474
2423: 2425,2242,2439,2292,2424,2411,2386,2324,2241,2046,2408,3003,2993,2089,2404,2345,2344,2437,2340,2382
2424: 2411,2361,2363,2438,2291,2388,2439,2292,2386,2324,2241,2046,3003,2423,2425,2242
2425: 2423,2242,2439,2292,2424,2411,2386,2324,2241,2046,2408,3003,2993,2245,2089,2404,2345,2344,2437,2340,2382
2426: 2366,2207,2233,2211,2213,2349,1976,2031
2427: 2377,2476,2475,2523,2512,2487,2429,2480,2477,2456,2954,2485,853,1677,2364,2465,2461,2157,2962,2433,2152,2416,2040,2392,915
2428: 3005,2474,2332,2985,2422,2988,2335,2271,3013,2395,2329,2197,2529
2429: 2487,2480,2477,2456,2954,2485,2524,2222,2434,2377,2476,2475,2523,2512,2427,2179,2466,2402,2461,2157,2417,2962,2433,2152,2416
2430: 2547,2522,2471,2484,2548,2303,2482,2460,2458,1989,2459,2306,2431
2431: 2306,2547,2522,2471,2430,2484,2548,2524,2222,2530,2434,2460,2458,1989,2459,2179,2466,2402,2399,2479,2307,2301,2305,2432,2403,2415,2356
2432: 2403,2415,2356,2400,2306,2431,2179,2466,2402,2461,2417,2307,2301,2305,2357,2158,2352,2414,2355,2389,2304,2965,2406,2320,2055,2319
2433: 2152,2416,2487,2429,2480,2477,2456,2954,2485,2377,2476,2475,2523,2512,2427,2461,2157,2417,2962,2040,2392,915,2357,2158,2352,2414,2355,2310,2322,2265,2378,2365,2419
2434: 2524,2222,2530,2484,2548,2487,2429,2456,2954,2485,2306,2431,2179,2466,2402,2461,2417
2435: 2544,2195,2451,2507,2441,2437,2340,2382,2332,2391,2992,2985,2422,2988
2436: 2343
2438: 2291,2463,2373,2505,2217,2362,2361,2363,2388,509,2439,2292,2424,2411
2471: 2547,2522,2430,2484,2303,2482,2460,2458,1989,2459,2306,2431
2441: 2507,2452,2497,540,2544,2435,2195,2451
2443: 2481,2445,2556,2209,2447,2348,2168
2444: 2491
2445: 2481,2556,2443,2446,2448,2209,2447,2348,2168
2446: 2448,2209,2483,2555,2447,2481,2445,2556
2447: 2446,2448,2209,2481,2445,2556,2443
2448: 2446,2209,2483,2555,2447,2481,2445,2556
2449: 589,2590,2595,2627,918,2655,2596,2407
2450: 2561,578
2451: 2544,2435,2195,2507,2441,2437,2340,2382,2391,2992,2422,2988
2452: 2497,2388,509,2507,2441
2454: 2334,1700,2464,2488,2463,2268,2462,1701,1671,2410,2266,2217,2362,2361,2363,2293,2394,2262,2439,2292
2455: 1487,2174,822
2456: 2487,2429,2480,2477,2954,2485,2524,2222,2530,2434,2377,2476,2475,2523,2512,2427,2179,2466,2402,2461,2157,2417,2962,2433,2152
2652: 2604
2458: 2460,1989,2459,2547,2522,2471,2430,2303,2482,2306,2431,2399,2479,588,2307,2301,2305
2459: 2460,2458,1989,2547,2522,2471,2430,2303,2482,2306,2431,2399,2479,588,2307,2301,2305
2460: 2458,1989,2459,2547,2522,2471,2430,2484,2303,2482,2306,2431,2399,2479,588,2307,2301,2305
2461: 2157,2417,2962,2524,2222,2530,2434,2487,2429,2480,2477,2456,2954,2485,2377,2475,2512,2427,2179,2466,2402,2433,2152,2416,2432,2403,2415,2356,2400,2357,2158,2352,2414,2355,2310,2322,2378,2419
2462: 2463,2268,2334,2454,2373,2505,2217,2362,2361,2363
2463: 2268,2462,2334,2454,2373,2505,2217,2362,2361,2363,2438,2291
2464: 1700,2488,853,1677,2364,2465,1701,1671,2410,2266,2334,2454
2465: 853,1677,2364,2377,2476,2523,2512,2427,1700,2464,2488,2040,2392,915,1701,1671,2410,2266
2467: 2514,2908,2769,2815,2601
2468: 2566,1689,938,2772,2742,450
2542: 2125
2473: 2336,2070,2369,1721,1695
2474: 2428,3005,2332,2992,2985,2066,2422,2988,2335,2271,3013,2395,2329,2197,2529
2475: 2377,2476,2523,2512,2427,2487,2429,2480,2477,2456,2954,2485,853,1677,2461,2157,2417,2962,2433,2152,2040,915
2476: 2377,2475,2523,2512,2427,2487,2429,2480,2477,2456,2954,2485,853,1677,2364,2465,2433,2152,2416,2040,2392,915
2479: 2399,588,2303,2482,2460,2458,1989,2459,2306,2431,2307,2301,2305,2168,2105,2367,2389
2480: 2487,2429,2477,2456,2954,2485,2524,2222,2377,2476,2475,2523,2512,2427,2179,2466,2402,2461,2157,2417,2962,2433,2152,2416
2481: 2445,2556,2443,2446,2448,2209,2303,2482,2447,2348,2168
2482: 2303,2483,2555,2547,2522,2471,2430,2460,2458,1989,2459,2481,2556,2399,2479,588
2483: 2555,2446,2448,2209,2303,2482
2484: 2548,2547,2522,2471,2430,2524,2222,2530,2434,2460,2306,2431,2179,2466,2402
2486: 2504,1884,2708,1951,2541,1882,1830,1933,2560,2489,1907,2501,927
2487: 2429,2480,2477,2456,2954,2485,2524,2222,2530,2434,2377,2476,2475,2523,2512,2427,2179,2466,2402,2461,2157,2417,2433,2152
2489: 1907,1882,1830,2486,2504,1884,2708,2540,1874,927
2710: 2731
2491: 2444
2566: 2468,1689,938,2772,2742,450
2813: 2912,3024,3022,3058,2811,2930,2990,3049,2989,3061,2900,2926,2951,3023,2823,3060,2822,2934,3059,2755
2685: 
2495: 2592,589,2590,2595,2627,2596
2496: 1915,927,1796,1717
2497: 2452,2388,509,2507,2441
2498: 2148,2224,2499,2286,1487,822
2499: 2148,2224,2498,2286,1487,2174,822
2579: 2021,2594,2602,2189,1886,1991,1867,1913,2255
2501: 2516,2559,1933,2560,2539,2709,2486,2504,1884,2708,2647,1793,1891
2595: 2590,2627,589,2495,2592,2449,2655,2596
2503: 2360
2504: 2486,1884,2708,1951,2541,1882,1830,1933,2560,2539,2709,2489,1907,2501,927
2505: 2373,2217,2362,2361,2363,2463,2268,2462,2438,2291,2293,2439,2292,2411
2563: 2623,2290,2096
2507: 2441,2452,2497,540,2544,2435,2195,2451
2738: 2918,2810,2753,2884,2843,2898,2920,2926,2911,2976,2913,2975
2509: 2571,575
2704: 2611,2612,2689,2646,2694
2511: 2749,2748,2821,2569,2793,2757,2771,2787,2745,2820,2750,2765
2512: 2377,2476,2475,2523,2427,2487,2429,2480,2477,2456,2954,2485,853,1677,2364,2465,2461,2157,2417,2962,2433,2152,2416,2040,2392,915
2564: 2610,2609,2689,2646
2514: 2467,2908,2769,2815,2601
2727: 2732,2729,2701,2711,2735
2516: 2559,2648,1951,2541,1933,2560,2539,2647,2501
2613: 2637,2599,2600,2598,2562,2609
2614: 2673,2722,2692,945,2663,2675,2700,2674
2519: 485,2287,407
2528: 2599,2619,2600,2598,2562,2648,1951,2541
2529: 2335,2271,3013,2395,2428,3005,2474,2329,2197,2161,2963
2530: 2524,2222,2434,2484,2548,2487,2456,2954,2485,2306,2431,2179,2466,2402,2461,2417
2539: 1933,2560,2709,2648,1951,2541,2516,2559,2504,2708,2647,2501
2534: 2568,472
2661: 2633,2683,2657,945,2663
2664: 560,2723
2677: 2607,1792,1728
2586: 2123,2772,2742,432
2545: 2584,2285,2396
2571: 2509,575
2547: 2522,2471,2430,2484,2548,2303,2482,2460,2458,1989,2459,2306,2431
2548: 2484,2547,2522,2430,2524,2222,2530,2434,2306,2431,2179,2466,2402
2549: 2145,3025,3055,2173,2358
2550: 2543,2769
2551: 2407,2858,3000
2692: 2722,945,551,2614,2673
2556: 2481,2445,2443,2446,2448,2209,2303,2482,2447,2168
2557: 2890,2960,2796,2996,2907,3062,2995
2561: 2450,578
2562: 2600,2598,2637,2599,2613,2528
2565: 2442,1561,1526
2568: 2534,472
2569: 2821,2785,2855,2786,2856,2880,2784,2748,2793,2757,2749,2511,2745
2572: 2624
2573: 2398
2574: 2588,2469,2587
2576: 
2584: 2545,2285,2396
2587: 2746,2803,2851,2872,2588,2469,2574,2783,2860,2859,2861,2835,2767,2796
2592: 2495,589,2590,2595,2627,2596
2594: 2021,1939,2580,2602,2189,2579
2596: 2655,2495,2592,2590,2595,2627,2449
2597: 2777,2853,2848,2802,2747,2773,2746,2803,2851,2872,2839,2818,2764,2783,2860,2859,2861,2835,2767
2598: 2600,2562,2637,2599,2619,2613,2528,2610,2609,2648
2824: 2778,2801,2809,2808,2797,2915,2785,2855
2607: 2677,1792,1728
2721: 2674,2642,564,2687
2609: 2610,2564,2613,2600,2598,2689,2646
2610: 2564,2609,2600,2598,2689,2646
2747: 2773,2793,2786,2856,2880,2784,2777,2853,2848,2597,2745,2839,2818,2764
2713: 2642,2687
2623: 2563,2290,2096
2624: 2572
2625: 3056,2789,2996,2907,3062,2995,2743,2788,2849,2589
2673: 2614,2722,2692,945,2663,2675,2700,2674
2627: 2590,2595,589,2495,2592,2449,2655,2596
2682: 2683,2657,2612,2675,2700,2694
2775: 2760,2785,2847,2882,2805,2854,2779,2756,2817,2791,2757,2771
2630: 2658,977,2683,2657
2655: 2596,2590,2595,2627,2449
2672: 2591,2575
2633: 2661,2683,2657,945,2663
2771: 2757,2787,2775,2760,2748,2821,2817,2791,2749,2511,2820,2750,2765
2642: 2721,2674,2687,2713
2902: 2982,3036,2937,2983,2981,555,2986,2871,2870,3030
2690: 977,2660
2646: 2689,2610,2564,2609,2704,2611
2647: 2516,2559,1933,2560,2539,2501,1793
2648: 2600,2598,2528,1951,2541,2516,2559,2560,2539
2675: 2700,945,2663,2682,2614,2673
2736: 2684,2707,2762
2737: 2929,2891,2752,2940,2899,2893,2919,3038,3040,3037,3039,3047,2766,3050,2943,3067,2938,2922,2879,2928,3048,3043,3042,3041,3046,944,494
2743: 2788,2849,2884,2789,2996,2907,3062,2995,2920,2625,3056,2913
2744: 2807,2839,2818,2764,2783,2860,2835,2767,2796,486
2745: 2821,2569,2747,2773,2793,2749,2511,2839,2764
2746: 2803,2851,2872,2777,2853,2848,2802,2597,2588,2469,2818,2783,2860,2859,2861,2587
2748: 2785,2855,2786,2856,2821,2569,2757,2771,2787,2749,2511
2749: 2511,2748,2821,2569,2793,2757,2771,2787,2745,2820,2750,2765
2750: 2820,2817,2791,2757,2771,2787,2749,2511,2842,2765,2794
2937: 2983,2981,2917,3034,3036,2869,2902,2982,1953,2866,2867,3057,2986,2871,2870,3030
2752: 2940,2899,2924,3016,3018,3020,2952,3066,2933,2857,2932,2941,3065,2939,2893,2919,3038,3040,3037,3039,2944,2942,3069,3050,2943,3067,2938,2929,2737,2891
2793: 2747,2773,2786,2856,2880,2784,2848,2821,2569,2749,2511,2745,2839,2764
2755: 2912,2813,3024,3022,3058,2823,3060,2822,2934,3059
2756: 2805,2854,2779,2829,2846,2873,2776,2847,2882,2775,2760,2780,2832,2877,2831,2817,2791,2892,2888,2878,2758,2837,2838,2533,2836,2842
2757: 2771,2787,2775,2748,2821,2569,2817,2791,2749,2511,2820,2750,2765
2758: 2892,2888,2878,2828,2837,3010,2833,2780,2832,2877,2831,2805,2854,2779,2829,2756,2846,2948,2838,2533,2836,2825,2923
2850: 2797,2915,2904,2935,2761,2809
2762: 2707,459,2736,2684
2819: 3026,2875,2825,2901,2921,2909,2841,2827,2768,2840,2857,2932,2919,3040,3047,3014,2766,2844,2914,2795,3033
2765: 2757,2771,2787,2749,2511,2820,2750,2794
2766: 3047,3014,2819,3026,2919,3040,2844,2914,2795,2931,3033,2929,2737,2891,2922,2879,2928,3048,3043,3042,3041,3046,2811,2930,2990,3049,2989,3061,2900
2769: 2550,2514,2467,2601
2772: 2742,1689,2468,2566,2586,2123,432
2776: 2873,2876,2847,2882,3010,2833,2925,2780,2832,2877,2831,2805,2854,2779,2829,2756,2846
2777: 2853,2848,2804,2887,2852,2802,2747,2773,2597,2746,2803,2851,2872
2778: 2801,2809,2808,2824,2797,2915,2785,2855
2779: 2805,2854,2829,2756,2846,2873,2776,2847,2882,2775,2760,2780,2832,2877,2831,2817,2791,2892,2888,2828,2758,2837,2838,2533,2836
2780: 2832,2877,2831,2876,2873,2776,2847,2882,3010,2833,2925,2805,2854,2779,2829,2756,2846,2948,2892,2888,2878,2828,2758,2837,2838,2533,2836
2900: 2811,2930,2990,3049,2989,3061,3047,3014,2766,2844,2914,2795,2931,3033,2843,2898,2922,2879,2928,3048,3043,3042,3041,3046,2926,2951,494,3023,2813,3024,3022
2783: 2860,2859,2861,2835,2767,2597,2746,2803,2851,2872,2588,2469,2839,2818,2764,2587,2744,2796
2784: 2880,2786,2856,2848,2821,2569,2747,2773,2793
2785: 2855,2778,2801,2808,2824,2786,2856,2775,2748,2821,2569
2786: 2856,2785,2855,2880,2784,2748,2821,2569,2747,2773,2793
2787: 2757,2771,2748,2817,2749,2511,2820,2750,2765
2788: 2743,2849,2884,2789,3062,2995,2920,2625,3056,2913,2975
2789: 486,2884,2996,2907,3062,2995,2920,2743,2788,2849,2625,3056
2792: 2794,2810,2753,2844,2914,2795,2931,2843,2898
2794: 2820,2750,2765,2792,2810,2753
2797: 2915,2850,2904,2935,2761,2778,2801,2809,2808,2824
2802: 2804,2887,2852,2815,2777,2853,2848,2597,2746,2851
2803: 2746,2851,2872,2777,2853,2848,2597,2588,2469,2818,2783,2860,2859,2861,2835,2767,2587
2804: 2887,2852,2864,2862,2806,2863,2908,2815,2777,2853,2848,2802
2805: 2854,2779,2829,2756,2846,2873,2776,2847,2882,2775,2760,2780,2832,2877,2817,2791,2892,2758,2838,2533,2836
2806: 2864,2862,2863,432,2804,2887
2807: 2744,2839,2818,2764,2835,2767,2796,486
2810: 2753,2794,2792,2884,2843,2898,2918,2738,2920
2882: 2847,2873,2776,2775,2760,2780,2832,2805,2854,2779,2756
2842: 2829,2756,2846,2817,2791,2838,2533,2836,2820,2750,2909,2841,2827,2768,2840
2815: 2908,2804,2887,2852,2514,2467,2802
2905: 2885,2984,2968,3012,2910,3011,2949,2894,3010,2833,2925,936,2948,3029,3027,2987,2896,2903,3002,3053,3052
2817: 2791,2775,2760,2805,2854,2779,2829,2756,2846,2757,2771,2787,2838,2533,2836,2842,2820,2750
2821: 2569,2785,2855,2786,2856,2880,2784,2748,2793,2757,2771,2749,2511,2745
2825: 2875,2923,2901,2921,2892,2888,2878,2828,2758,2837,2838,2533,2836,2909,2841,2827,2768,2840,2897,2969,2819,3026
2826: 3017,3028,3029,3027,2987,2896,2903,3002,3053,3052,2924,3016,3018,2941,3065
2827: 2909,2841,2768,2840,2878,2837,2838,2533,2836,2842,2875,2825,2923,2901,2921,2857,2932,2819,3026
2828: 2892,2888,2878,2758,2837,3010,2833,2925,2780,2832,2877,2831,2854,2779,2829,2846,2948,2838,2533,2836,2875,2825,2923
2829: 2805,2854,2779,2756,2846,2873,2776,2847,2780,2832,2877,2831,2817,2791,2892,2888,2878,2828,2758,2837,2838,2533,2836,2842
2992: 2332,2391,2985,2066,2404,2437,2340,2382,2544,2435,2195,2451,2193,2277,2405,2422,2988,2335,2271,3013,2395,3005,2474
2831: 2780,2832,2877,2876,2873,2776,2847,3010,2833,2925,2854,2779,2829,2756,2846,2948,2892,2888,2828,2758,2533
2832: 2780,2877,2831,2876,2873,2776,2847,2882,3010,2833,2925,2805,2854,2779,2829,2756,2846,2892,2888,2878,2828,2758,2837,2838,2533,2836
2833: 3010,2925,2876,2873,2776,2910,3011,2949,2894,2780,2832,2877,2831,2885,2905,2984,2948,2892,2888,2828,2758
2834: 3045,2936,536,2916,2991,2741,2895
2835: 2783,2860,2859,2861,2767,2597,2803,2851,2872,2469,2839,2818,2764,2587,2744,2807,2796
2836: 2838,2533,2780,2832,2877,2805,2854,2779,2829,2756,2846,2817,2791,2892,2888,2878,2828,2758,2837,2842,2825,2923,2901,2909,2841,2827,2768,2840
2837: 2892,2888,2878,2828,2758,2780,2832,2877,2779,2829,2756,2846,2838,2533,2836,2875,2825,2923,2901,2921,2909,2841,2827,2768,2840
2838: 2533,2836,2780,2832,2805,2854,2779,2829,2756,2846,2817,2791,2892,2888,2878,2828,2758,2837,2842,2825,2923,2901,2909,2841,2827,2768,2840
2839: 2818,2764,2747,2773,2793,2597,2872,2745,2783,2860,2859,2835,2767,2744,2807
2840: 2909,2841,2827,2768,2878,2837,2838,2533,2836,2842,2825,2923,2901,2819
2841: 2909,2827,2768,2840,2878,2837,2838,2533,2836,2842,2875,2825,2923,2901,2921,2932,2819,3026
2843: 2898,2792,2810,2753,2844,2914,2931,2918,2738,2811,2990,2989,2900,2926,2951,2911,2976
2844: 2914,2795,2931,3033,2819,3026,2792,3014,2766,2843,2898,3048,3046,2811,2930,2990,2989,3061,2900
2845: 2916,2991,2741,2895,3008
2846: 2805,2854,2779,2829,2756,2873,2776,2760,2780,2832,2877,2831,2817,2791,2892,2888,2878,2828,2758,2837,2838,2533,2836,2842
2847: 2882,2873,2776,2775,2760,2780,2832,2877,2831,2805,2854,2779,2829,2756
2848: 2777,2853,2804,2852,2880,2784,2802,2747,2773,2793,2597,2746,2803,2851,2872
2849: 2743,2788,2789,2996,2907,3062,2995,2625,3056
2853: 2777,2848,2804,2887,2852,2802,2747,2773,2597,2746,2803,2851,2872
2854: 2805,2779,2829,2756,2846,2873,2776,2847,2882,2775,2760,2780,2832,2877,2831,2817,2791,2892,2828,2758,2838,2533,2836
2855: 2785,2778,2801,2809,2808,2824,2786,2856,2748,2821,2569
2856: 2786,2785,2855,2880,2784,2748,2821,2569,2747,2773,2793
2857: 2932,2875,2901,2921,2827,2897,3020,2952,2969,3066,2933,2819,3026,2752,2940,2899,2893,2919,3038,3040,3037,3039,3047
2858: 3000,2551,1477,1341,2889
2859: 2783,2860,2861,2835,2767,2597,2746,2803,2851,2872,2588,2469,2839,2818,2587,2796
2860: 2783,2859,2861,2835,2767,2597,2746,2803,2851,2872,2588,2469,2839,2818,2764,2587,2744,2796
2861: 2783,2860,2859,2835,2767,2597,2746,2803,2851,2872,2588,2469,2818,2587,2796
2862: 2864,2806,2863,432,2804,2887
2863: 2864,2862,2806,2804,2887,2852
2865: 2945,3064,1953,2866,2867,3057,2947,3032,3068
2866: 1953,2867,3057,2869,2937,2983,2865,2945,3064,3068
2867: 1953,2866,3057,2869,2937,2983,2981,2865,2945,3064,2947,3032,3068
2868: 2946,3019,2917,3034,2869
2869: 2868,2917,3034,3036,2937,2983,2981,1953,2866,2867,3057
2870: 2986,2871,3030,2937,2983,2981,2902,2982,2947,3032,3068,1603,1583
2871: 2986,2870,3030,2937,2983,2981,2902,2982,555,2947,3032,3068,1603,1583
2872: 2746,2803,2851,2777,2853,2848,2597,2588,2469,2839,2818,2783,2860,2859,2861,2835,2767,2587
2987: 2896,2903,3002,3053,3052,936,2885,2905,2984,2948,3029,3027,3028,2826,2924,3016,3018
2875: 2825,2923,2901,2921,2888,2878,2828,2837,2909,2841,2827,2897,3020,2952,2969,3066,2857,2932,2819,3026
2876: 2895,2873,2776,2910,3011,2949,2894,3010,2833,2925,2780,2832,2877,2831
2879: 2922,2928,3048,3043,3042,3041,3046,2893,2919,3038,3040,3037,3047,3014,2766,2914,2795,2931,3033,2929,2737,2891,2811,2930,2990,3049,2989,3061,2900,494
2880: 2784,2786,2856,2848,2821,2569,2747,2773,2793
2996: 2907,3062,2995,486,2960,2557,2789,2743,2849,2625,3056,2589
3008: 2845,2916,2991,2741,2895,2968,3012,3011,2894
2884: 2810,2753,2789,2918,2738,2920,2743,2788
2885: 2905,2984,2968,3012,2910,3011,2949,2894,3010,2833,2925,936,2948,2987,2896,2903,3053,3052
2887: 2804,2852,2864,2862,2806,2863,2908,2815,2777,2853,2802
2888: 2892,2878,2828,2758,2837,3010,2833,2925,2780,2832,2877,2831,2779,2829,2756,2846,2948,2838,2533,2836,2875,2825,2923,2921
2889: 2858,3000
2890: 2960,2557,2796,2907
2891: 2929,2737,2752,2940,2893,2919,3038,3040,3037,3039,3047,3014,2766,3050,2943,3067,2938,2922,2879,2928,3048,3043,3042,3041,3046,494
2892: 2888,2878,2828,2758,2837,3010,2833,2780,2832,2877,2831,2805,2854,2779,2829,2756,2846,2838,2533,2836,2825,2923
2893: 2919,3038,3040,3037,3039,3066,2933,2857,2932,2752,2940,2899,3047,3050,2943,3067,2938,2929,2737,2891,2922,2879,2928,3042,3046
2894: 2910,3011,2949,3008,2876,2968,3012,3010,2833,2925,936,2885,2905,2984,2948
2895: 2916,2991,2741,2834,3045,2936,536,2845,3008,2876
2896: 2987,2903,3002,3053,3052,936,2885,2905,2984,2948,3029,3027,3028,2826,2897,3020,2952,2969
2897: 3020,2952,2969,3066,2933,2896,2903,3002,2875,2825,2923,2901,2921,3018,2857,2932,3065,2899
2898: 2843,2792,2810,2753,2844,2914,2931,2918,2738,2811,2990,2900,2926,2951,2911,2976
2899: 2752,2940,2924,3016,3018,2897,3020,2952,2969,3066,2933,2857,2932,2941,3065,2939,2893,2919,3038,3037,3039,2944,2942,3069,3050,2943,3067,2938,2737
2903: 2987,2896,3002,3053,3052,936,2885,2905,2984,2948,3029,3027,3017,3028,2826,2924,3016,3018,2897,3020,2952,2969,3066,2933
2904: 2797,2915,2850,2935,2761,2809
2906: 2641,1750,514
2907: 2996,3062,2995,486,2890,2960,2557,2789,2743,2849,2625,3056,2589
2908: 2804,2887,2852,2815,2514,2467
2909: 2841,2827,2768,2840,2878,2837,2838,2533,2836,2842,2875,2825,2923,2901,2921,2819,3026
2910: 3011,2949,2894,2876,2968,3012,3010,2833,2925,936,2885,2905,2984,2948
2911: 2976,2843,2898,2918,2738,2920,2926,2951,2913,2975,2823,3060,2822,2934
2912: 2813,3024,3022,3058,2926,2951,3023,2823,3060,2822,2934,3059,2755
2913: 2975,2918,2738,2920,2743,2788,2911,2976,2823,2822,2934
2914: 2844,2795,2931,3033,2819,3026,2792,3047,3014,2766,2843,2898,2879,3048,3046,2811,2930,2990,3049,2989,3061,2900
2915: 2797,2850,2904,2761,2778,2801,2809,2808,2824
2916: 2991,2741,2895,2834,3045,2936,2845,3008
2918: 2738,2810,2753,2884,2843,2898,2920,2926,2951,2911,2976,2913,2975
2919: 2893,3038,3040,3037,3039,3066,2933,2857,2932,2819,3026,2752,2940,2899,3047,3014,2766,3050,2943,2938,2929,2737,2891,2922,2879,2928,3048,3043,3042,3041,3046
2920: 2810,2753,2884,2789,2918,2738,2743,2788,2911,2976,2913,2975
2921: 2875,2825,2923,2901,2888,2878,2837,2909,2841,2827,2897,3020,2952,2969,3066,2933,2857,2932,2819,3026
2922: 2879,2928,3048,3043,3042,3041,3046,2893,2919,3038,3040,3047,2766,3033,2929,2737,2891,2811,2930,2990,3049,2989,3061,2900,494,3023
2923: 2875,2825,2901,2921,2892,2888,2878,2828,2758,2837,2838,2533,2836,2909,2841,2827,2768,2840,2897,2969
2924: 3016,3018,3029,3027,2987,2903,3002,3052,3017,3028,2826,3020,2952,3066,2933,964,2941,3065,2939,2752,2899
2925: 3010,2833,2876,2873,2776,2910,3011,2949,2894,2780,2832,2877,2831,2885,2905,2984,2948,2888,2828
2926: 2951,2931,2843,2898,2918,2738,2811,2930,2990,3049,2989,3061,2900,2911,2976,3023,2912,2813,3024,3022,3058,2823,3060,2822,2934
3062: 2996,2907,2995,486,2960,2557,2789,2743,2788,2849,2625,3056,2589
2928: 2922,2879,3048,3043,3042,3041,3046,2893,2919,3038,3040,3037,3039,3047,3014,2766,2795,2931,3033,2929,2737,2891,2811,2930,2990,3049,2989,3061,2900,494
2929: 2737,2891,2752,2940,2893,2919,3038,3040,3037,3039,3047,2766,3050,2943,3067,2938,2922,2879,2928,3048,3043,3042,3041,3046,944,494
2930: 2811,2990,3049,2989,3061,2900,3047,3014,2766,2844,2914,2795,2931,3033,2922,2879,2928,3048,3043,3042,3041,3046,2926,2951,494,3023,2813,3024,3022
2931: 2844,2914,2795,3033,2792,3047,3014,2766,2843,2898,2879,2928,3048,3043,3041,3046,2811,2930,2990,3049,2989,3061,2900,2926,2951
2932: 2857,2875,2901,2921,2841,2827,2897,3020,2952,2969,3066,2933,2819,3026,2752,2940,2899,2893,2919,3038,3040,3037,3039,3047,3014
2933: 2897,3020,2952,2969,3066,2903,3002,2921,2924,3016,3018,2857,2932,2941,3065,2939,2752,2940,2899,2893,2919,3037,3039
2934: 2823,3060,2822,2926,2951,2911,2976,2913,2975,2912,2813,3024,3022,3058,3059,2755
2935: 2761,2797,2850,2904,2936,536
2936: 536,2935,2834,3045,2916,2991,2741,2895
2938: 3050,2943,3067,2941,3065,2939,2752,2940,2899,2893,2919,3038,3040,3037,3039,2944,2942,3069,2929,2737,2891,944
2939: 2941,3065,3017,2924,3016,3018,3020,2952,3066,2933,964,2752,2940,2899,2944,2942,3069,3050,2943,3067,2938
2940: 2752,2899,3016,3018,3020,2952,3066,2933,2857,2932,2941,3065,2939,2893,2919,3038,3040,3037,3039,2944,2942,3069,3050,2943,3067,2938,2929,2737,2891
2941: 3065,2939,3017,3028,2826,2924,3016,3018,3020,2952,2969,3066,2933,964,2752,2940,2899,2944,2942,3069,3050,2943,3067,2938
2942: 2944,3069,964,2941,3065,2939,2752,2940,2899,3050,2943,3067,2938,944
2943: 3050,3067,2938,2941,3065,2939,2752,2940,2899,2893,2919,3038,3040,3037,3039,2944,2942,3069,2929,2737,2891,944
2945: 2865,3064,1953,2866,2867,3057,2947,3032,3068
2946: 3019,2868,2917,3034
2947: 3032,3068,1953,2867,2986,2871,2870,3030,2865,2945,3064,1603,1583
2948: 2910,3011,2949,2894,3010,2833,2925,2780,2877,2831,2885,2905,2984,2888,2828,2758,2987,2896,2903,3053,3052
2949: 2910,3011,2894,2876,2968,3012,3010,2833,2925,936,2885,2905,2984,2948
2950: 2978,2143,2120,2167,2190,2202,2270,2957,2961,2142,2103,2232,2210,2147,2135,2953,3006,2104,2228,2077
2951: 2926,2931,2843,2898,2918,2811,2930,2990,3049,2989,3061,2900,2911,2976,3023,2912,2813,3024,3022,3058,2823,3060,2822,2934
2952: 2897,3020,2969,3066,2933,2896,2903,3002,3052,2875,2921,2924,3016,3018,2857,2932,2941,3065,2939,2752,2940,2899,3039
2953: 2147,2958,2135,3006,2122,2190,2202,2270,2957,2205,2112,2278,2961,2142,2964,2177,2950,2978,2143,2120,2144,2955,2169,2228,2077,2998,1982
2954: 2487,2429,2480,2477,2456,2485,2524,2222,2530,2434,2377,2476,2475,2523,2512,2427,2466,2402,2461,2417,2433,2152
2955: 2144,2169,2205,2112,2961,2142,2964,2177,2247,2235,2248,2129,2147,2958,2135,2953,3006,2122,2163,2062,2160,2256,2130,2162,2077,2998,2966,1982,2133,3031,2093
2956: 568,2098,2076,2236,2201,2140,2043,2280,2139,3051,2199,2090,2075,2115,3015,3021,2999,2030,1966,2003,2994,1987,2042
2957: 2190,2202,2270,2385,2359,2208,2318,2316,2180,2317,2972,2167,2205,2112,2278,2961,2142,2103,2950,2978,2143,2120,2147,2958,2135,2953,3006,2122
2958: 2147,2135,2953,3006,2122,2190,2202,2270,2957,2205,2112,2278,2961,2142,2964,2177,2978,2143,2120,2144,2955,2169,2077,2998,2966,1982
2959: 2320,2055,2315,2307,2301,2305,2403,2415,2356,2400,2357,2158,2352,2414,2355,2310,2322,2389,2304,2965,2406,2319,2341,2420,2156,2321,2318,2316,2180,2317,2178,2313,2314,2980,2155,2353,1961
2960: 2890,2557,2796,2996,2907,3062,2995
2961: 2205,2112,2278,2142,2359,2208,2318,2316,2180,2317,2972,1961,2190,2202,2270,2957,2964,2177,2950,2978,2143,2120,2147,2958,2135,2953,3006,2122,2144,2955,2169
2962: 2461,2157,2417,2429,2480,2456,2485,2377,2475,2512,2427,2179,2466,2402,2433,2152,2416,2415,2356,2400,2357,2158,2352,2414,2355,2310,2322,2265,2378,2365,2419
2963: 2161,2260,3001,512,2132,2237,2329,2197,2529,2097,2977,2145,3025,3055,2358
2964: 2177,2318,2353,1961,2205,2112,2961,2142,2247,2235,2248,2129,2958,2135,2953,3006,2122,2144,2955,2169,2163,2062,2160,2256,2130,2162
2965: 2389,2304,2406,2231,2307,2301,2305,2432,2403,2415,2356,2400,2105,2367,2320,2959,2055,2315,2359,2346,2180,2317,2178,2313,2314
2966: 2998,1982,2958,2135,3006,2122,2144,2955,2169,2163,2062,2160,2256,2130,2162,2077,2133,3031,2093,2121,2137,2113,2134,2114,2054
2967: 2225,2226,2970,2319,2341,2420,2156,2321,2309,2308,2016,2154,2238,2974,2979,2331,2214,2980,2155,2353,1961,2219,2288,2251,2216,2177,2247,2235,2248,2129,2250,2150,2252,2131,2249
2968: 3012,3008,2910,3011,2949,2894,936,2885,2905,2984
2970: 2225,2226,2967,2319,2341,2420,2156,2321,2309,2308,2016,2154,2238,2974,2979,2331,2214,2330,2980,2155,2353,1961,2219,2288,2251,2216,2177,2247,2235,2248,2129,2250,2150,2252,2131,2249
2971: 2198,2067,1950,1947
2972: 2318,2316,2180,2317,2178,2313,2314,2304,2231,2320,2315,2359,2208,2346,1961,2190,2202,2270,2957,2205,2112,2278,2961,2142,2177
3050: 2943,3067,2938,2941,3065,2939,2752,2940,2899,2893,2919,3038,3040,3037,3039,2944,2942,3069,2929,2737,2891,944
2974: 2309,2308,2016,2154,2238,2979,2357,2158,2352,2414,2355,2310,2322,2265,2378,2365,2419,2267,2333,2218,2319,2341,2420,2156,2321,2331,2214,2330,2980,2155,2225,2226,2967,2970,2219,2288
2975: 2913,2918,2738,2920,2788,2911,2976,2823,3060,2822,2934
2977: 2097,2280,2139,3051,2199,2279,2260,3001,512,2132,2237,2329,2197,3015,3021,2999,2161,2963,2042
2978: 2950,2143,2120,2167,2190,2202,2270,2957,2205,2112,2278,2961,2142,2103,2232,2210,2147,2958,2135,2953,3006,2122,2228,2077
2979: 2309,2308,2016,2154,2238,2974,2357,2355,2310,2322,2265,2365,2419,2218,2319,2341,2420,2156,2321,2331,2214,2330,2980,2155,2353,1961,2225,2226,2967,2970,2219,2288,2251
2980: 2155,2353,1961,2320,2959,2055,2315,2319,2341,2420,2156,2321,2308,2016,2154,2238,2974,2979,2318,2316,2180,2317,2178,2313,2314,2225,2226,2967,2970,2205,2112,2177,2235
2981: 2937,2983,2917,3034,3036,2869,2902,2982,1953,2867,2986,2871,2870,3030
2982: 2902,3036,2937,2983,2981,555,2986,2871,2870,3030
2983: 2937,2981,2917,3034,3036,2869,2902,2982,1953,2866,2867,2986,2871,2870,3030
2984: 2885,2905,2968,3012,2910,3011,2949,2894,2833,2925,936,2948,3029,3027,2987,2896,2903,3002,3053,3052
2985: 2332,2391,2992,2066,2404,2437,2340,2435,2195,2277,2405,2422,2988,2335,2271,3013,2395,2428,3005,2474
2986: 2871,2870,3030,2937,2983,2981,2902,2982,555,2947,3032,1603,1583
2988: 2422,2437,2340,2544,2435,2195,2451,2332,2391,2992,2985,3013,2395,2428,3005,2474
2989: 2811,2930,2990,3049,3061,2900,3047,3014,2766,2844,2914,2795,2931,3033,2843,2922,2879,2928,3048,3043,3042,3041,3046,2926,2951,494,3023,2813,3022
2990: 2811,2930,3049,2989,3061,2900,3047,3014,2766,2844,2914,2795,2931,3033,2843,2898,2922,2879,2928,3048,3043,3042,3041,3046,2926,2951,494,3023,2813,3024,3022
2991: 2916,2741,2895,2834,3045,2936,536,2845,3008
2993: 2245,2089,2044,2386,2324,2241,2046,2408,3003,2423,2425,2242,2381,2404,2345,2344,2338,2275,2094,2193,2002,2277,2405,2191,2196
2994: 2003,1987,2090,2075,568,2098,2956,3015,3021,2999,2030,1966,2042,2141,2074
2995: 2996,2907,3062,486,2960,2557,2789,2743,2788,2849,2625,3056,2589
2997: 2121,3054,2228,2229,2227,2038,2137,2113,2134,2114,966,2570,2095,3009
2998: 2966,1982,2147,2958,2135,2953,3006,2122,2144,2955,2169,2163,2062,2160,2130,2077,2133,3031,2093,2121,2137,2113,2134,2114
2999: 3015,3021,2236,2201,2140,2043,2272,2091,2280,2139,3051,2199,2279,2260,3001,512,2132,2237,568,2098,2956,2097,2977,2003,2994,1987,2042
3000: 2858,2551,1477,1341,2889
3001: 2260,512,2132,2237,2281,2335,2271,2280,2139,3051,2199,2279,2329,2197,3015,2999,2097,2977,2161,2963
3002: 2987,2896,2903,3053,3052,936,2905,2984,3029,3027,3017,3028,2826,2924,3016,3018,2897,3020,2952,2969,3066,2933
3004: 2036,2065,3044,2052,2030,1966,1942,2011,1963,1972,1995,2015,3007,1998,2027
3005: 2428,2474,2332,2992,2985,2066,2422,2988,2335,2271,3013,2395,2329,2197,2529
3006: 2147,2958,2135,2953,2122,2190,2957,2205,2112,2961,2142,2964,2177,2950,2978,2143,2120,2144,2955,2169,2228,2077,2998,2966,1982
3009: 2029,3063,2121,2997,3054,2137,2113,2134,2114,2054,966,2570,2095,2052,2080,1942,2011,1963
3010: 2833,2925,2876,2873,2776,2910,3011,2949,2894,2780,2832,2877,2831,2885,2905,2948,2892,2888,2828,2758
3011: 2910,2949,2894,3008,2876,2968,3012,3010,2833,2925,936,2885,2905,2984,2948
3012: 2968,3008,2910,3011,2949,2894,936,2885,2905,2984
3014: 3047,2766,2932,2819,3026,2919,3040,2844,2914,2795,2931,3033,2891,2879,2928,3048,3043,3046,2811,2930,2990,3049,2989,3061,2900
3015: 3021,2999,2236,2201,2140,2043,2272,2091,2280,2139,3051,2199,2279,2260,3001,568,2098,2956,2097,2977,2003,2994,1987,2042
3016: 2924,3018,3029,3027,2987,2903,3002,3052,3017,3028,2826,3020,2952,3066,2933,964,2941,3065,2939,2752,2940,2899
3017: 3028,2826,3029,3027,2903,3002,3052,2924,3016,3018,964,2941,3065,2939
3018: 2924,3016,3029,3027,2987,2903,3002,3052,3017,3028,2826,2897,3020,2952,2969,3066,2933,964,2941,3065,2939,2752,2940,2899
3019: 2946,2868,2917,3034
3020: 2897,2952,2969,3066,2933,2896,2903,3002,2875,2921,2924,3016,3018,2857,2932,2941,3065,2939,2752,2940,2899,3039
3021: 3015,2999,2236,2201,2140,2043,2280,2139,3051,2199,568,2098,2956,2097,2977,2003,2994,1987,2042
3022: 2912,2813,3024,3058,2811,2930,2990,3049,2989,2900,2926,2951,3023,2823,3060,2822,2934,3059,2755
3023: 2922,3048,3043,3042,3041,2811,2930,2990,3049,2989,3061,2900,2926,2951,494,2912,2813,3024,3022,3058,3059
3024: 2912,2813,3022,3058,2811,2930,2990,3049,2900,2926,2951,2976,3023,2823,3060,2822,2934,3059,2755
3025: 2549,2145,3055,2161,2963,2173,2358
3026: 2819,2875,2825,2901,2921,2909,2841,2827,2768,2857,2932,2919,3040,3037,3039,3047,3014,2766,2844,2914,2795,3033
3027: 3029,936,2905,2984,2987,2896,2903,3002,3053,3052,3017,3028,2826,2924,3016,3018
3028: 3017,2826,3029,3027,2987,2896,2903,3002,3053,3052,2924,3016,3018,2941,3065
3029: 3027,936,2905,2984,2987,2896,2903,3002,3053,3052,3017,3028,2826,2924,3016,3018
3030: 2986,2871,2870,2937,2983,2981,2902,2982,2947,3032,3068,1603,1583
3031: 2133,2093,2955,2163,2062,2160,2256,2130,2162,2188,2186,2259,2107,2138,2182,2998,2966,1982,2127,2170,2037,2137,2113,2134,2114,2054,2049,2108,2092
3033: 2844,2914,2795,2931,2819,3026,3047,3014,2766,2922,2879,2928,3048,3043,3042,3041,3046,2811,2930,2990,3049,2989,3061,2900
3034: 2917,2868,3036,2869,2937,2983,2981
3035: 2020,1999,1950,2006,2068
3036: 2917,3034,2869,2937,2983,2981,2902,2982
3037: 2893,2919,3038,3040,3039,3066,2933,2857,2932,3026,2752,2940,2899,3047,3050,2943,3067,2938,2929,2737,2891,2879,2928,3042
3038: 2893,2919,3040,3037,3039,2857,2932,2752,2940,2899,3047,3050,2943,3067,2938,2929,2737,2891,2922,2879,2928,3048,3043,3042,3041,3046
3039: 2893,2919,3038,3040,3037,3020,2952,3066,2933,2857,2932,3026,2752,2940,2899,3047,3050,2943,3067,2938,2929,2737,2891,2928
3040: 2893,2919,3038,3037,3039,2857,2932,2819,3026,2752,2940,3047,3014,2766,3050,2943,2938,2929,2737,2891,2922,2879,2928,3048,3043,3042,3041,3046
3041: 2922,2879,2928,3048,3043,3042,3046,2919,3038,3040,3047,2766,2931,3033,2929,2737,2891,2811,2930,2990,3049,2989,3061,2900,494,3023
3042: 2922,2879,2928,3048,3043,3041,3046,2893,2919,3038,3040,3037,3047,2766,3033,2929,2737,2891,2811,2930,2990,3049,2989,3061,2900,494,3023
3044: 3004,2036,2065,2052,2080,2030,1966,1942,2011,1963,1972,1995,2015,3007,1998,2027
3045: 2834,2936,536,2916,2991,2741,2895
3046: 2922,2879,2928,3048,3043,3042,3041,2893,2919,3038,3040,3047,3014,2766,2844,2914,2795,2931,3033,2929,2737,2891,2811,2930,2990,3049,2989,3061,2900,494
3047: 3014,2766,2857,2932,2819,3026,2893,2919,3038,3040,3037,3039,2914,2795,2931,3033,2929,2737,2891,2922,2879,2928,3048,3043,3042,3041,3046,2811,2930,2990,3049,2989,3061,2900
3048: 2922,2879,2928,3043,3042,3041,3046,2919,3038,3040,3047,3014,2766,2844,2914,2795,2931,3033,2929,2737,2891,2811,2930,2990,3049,2989,3061,2900,494,3023
3049: 2811,2930,2990,2989,3061,2900,3047,3014,2766,2914,2931,3033,2922,2879,2928,3048,3043,3042,3041,3046,2926,2951,494,3023,2813,3024,3022
3051: 2280,2139,2199,2279,2281,2236,2201,2140,2043,2272,2091,2260,3001,512,2132,2237,568,2098,2956,3015,3021,2999,2097,2977
3052: 2987,2896,2903,3002,3053,936,2885,2905,2984,2948,3029,3027,3017,3028,2826,2924,3016,3018,2952
3053: 2987,2896,2903,3002,3052,936,2885,2905,2984,2948,3029,3027,3028,2826,2969
3055: 2549,2145,3025,2161,2963,2173,2358
3056: 2625,2789,2996,2907,3062,2995,2743,2788,2849,2589
3057: 1953,2866,2867,2869,2937,2865,2945,3064,3068
3058: 2912,2813,3024,3022,2926,2951,3023,2823,3060,2822,2934,3059,2755
3059: 3023,2912,2813,3024,3022,3058,2823,3060,2822,2934,2755
3060: 2823,2822,2934,2926,2951,2911,2976,2975,2912,2813,3024,3022,3058,3059,2755
3061: 2811,2930,2990,3049,2989,2900,3047,3014,2766,2844,2914,2795,2931,3033,2922,2879,2928,3048,3043,3042,3041,3046,2926,2951,494,3023,2813
3063: 3009,2029,2121,2137,2113,2134,2114,2054,966,2570,2095,2052,2080,1942,2011
3064: 2865,2945,1953,2866,2867,3057,2947,3032,3068
3065: 2941,2939,3017,3028,2826,2924,3016,3018,2897,3020,2952,2969,3066,2933,964,2752,2940,2899,2944,2942,3069,3050,2943,3067,2938
3066: 2897,3020,2952,2969,2933,2903,3002,2875,2921,2924,3016,3018,2857,2932,2941,3065,2939,2752,2940,2899,2893,2919,3037,3039
3067: 3050,2943,2938,2941,3065,2939,2752,2940,2899,2893,3038,3037,3039,2944,2942,3069,2929,2737,2891,944
3068: 2947,3032,1953,2866,2867,3057,2871,2870,3030,2865,2945,3064,1603,1583
3069: 2944,2942,2941,3065,2939,2752,2940,2899,3050,2943,3067,2938,944