0: 51,1231,1232,1230,49,38,99,85,63,25,21,1209,1214,45,16,1234,1211,89,1236,88
1: 1235,25,21,1209,1210,1229,1227,1228,1202,17,35,1234,1211,89,1236,88,1208,30,5,1207,1239,1237,48,1203,1233,1238,72,29
2: 86,83,74,6,413,1206,1221,68,79,94,91,41,37,7
3: 168,77,465,185,44,135,26,64,82,61,1204,86,83,74,6
4: 96,487,79,94,91,41,55,28,358,244,365,11
5: 1208,30,1207,1229,1227,1228,1202,17,35,62,134,1,1235,71,480,381,1203,72,29,199
6: 74,168,3,26,64,82,61,1204,56,83,8,2,1206,68,1224
7: 37,2,1206,1221,68,31,42,1225,1223,1222,1224,1220,1219,41,51,1231,55,28,1218,47,1216,1205,10,85,63
8: 26,64,82,61,1204,56,9,98,46,33,74,6,66,78,1206,1221,68,31,42,1225,1223,1222,1224,1220,1219,23,92
9: 56,44,93,12,26,64,82,61,1204,98,46,33,74,8,66,78
10: 1218,47,1216,1205,41,37,7,51,1231,55,28,85,63,75,11,40,1217,32,1226,1213,73,1215,1212,1214,45
11: 75,40,96,487,4,55,28,1218,47,1216,10,365,1217,32,1226,1213,73,1215,1212,419,361,54,97
12: 93,173,463,80,384,216,65,56,9,98,46,33,67
13: 95,98,46,33,67,66,78,43,23,92,76,22,20,90,57
14: 76,22,20,90,57,19,379,38,99,69,25,21,1209,1210,1229,1227,1228,1202,17,35
15: 70,1239,1237,48,1233,1238,72,50,81,416,140,290,225,106,220
16: 85,63,0,25,21,1209,1214,45,1234,1211,89,1236,88,27,59,84,70,60,1239,1237
17: 1202,35,14,69,1210,1229,1227,1228,62,134,1,1235,1208,30,5,1207,71,480,381
18: 54,97,58,32,1226,1213,73,1215,1214,45,361,27,59,84,129,24,164
19: 379,43,52,34,53,284,20,90,57,130,14,69
20: 90,57,95,13,43,52,34,53,76,22,19,379,38,14,69
21: 25,1209,1232,1230,49,38,99,14,0,1210,1229,1227,1228,16,1211,89,88,1
22: 76,66,78,95,13,43,23,92,20,90,57,1232,1230,49,38,99,14
23: 92,8,66,78,95,13,31,42,1225,1223,1222,1224,1220,1219,76,22,51,1231,1232,1230,49,38,99
24: 164,18,58,27,59,84,70,60,129,50,81,416,355,290
25: 21,1209,1232,49,38,99,14,0,1210,1229,1227,1228,16,1234,1211,89,1236,88,1,1235
26: 64,82,61,1204,77,465,185,44,168,3,56,9,83,74,6,8
27: 59,84,32,1226,1213,73,1215,1214,45,16,18,54,97,58,70,60,129,24,164,50
28: 55,91,37,7,96,487,4,1218,47,1216,1205,10,365,75,11,40,1217,32,1226,1213,73,1215,1212
29: 1,1235,1208,30,5,1207,71,480,381,48,1203,1233,1238,72,199,140,232
30: 1208,5,1207,1229,1202,17,35,62,134,1,1235,71,480,381,48,1203,29,199
31: 42,1225,1223,1222,1224,1220,1219,74,8,66,78,1206,1221,68,23,92,37,7,51,1231,1230
32: 1217,1226,1213,73,1215,1212,55,28,1218,47,1216,10,85,75,11,40,1214,45,361,18,54,97,58,27,59,84
33: 98,46,93,12,173,65,56,9,67,8,66,78,95,13
34: 52,53,36,39,43,284,20,19,379,130
35: 1202,17,14,69,1210,1229,1227,1228,62,1,1235,1208,30,5,1207,71,381
36: 39,301,87,43,52,34,53,284
37: 7,2,1206,1221,68,31,42,1225,1223,1222,1224,1220,1219,41,51,1231,55,28,1218,47,1216,1205,10,85,63
38: 99,23,92,76,22,20,90,57,1232,1230,49,14,0,25,21,1209,1210,1229,1227,1228
39: 36,301,87,43,52,34,53,284
40: 75,11,96,487,55,28,1218,47,1216,10,365,1217,32,1226,1213,73,1215,1212,419,361,54,97,58
41: 413,2,1206,1221,68,79,94,91,37,7,4,55,10
42: 31,1225,1223,1222,1224,1220,1219,74,8,66,78,1206,1221,68,23,92,37,7,51,1231,1232,1230,49
43: 67,36,39,95,13,52,34,53,76,22,20,90,57,19,379
44: 185,317,179,463,80,384,77,465,168,3,26,64,82,61,1204,56,9
45: 1214,1218,47,1216,1205,10,85,63,0,1217,32,1226,1213,73,1215,1212,16,18,54,97,58,27,59,84,70,60
46: 98,33,93,12,173,65,56,9,67,8,66,78,95,13
47: 1218,1216,1205,10,37,7,51,1231,55,28,85,63,75,11,40,1217,32,1226,1213,73,1215,1212,1214,45
48: 1203,1233,1238,72,1234,1211,1236,88,1,1235,1208,30,1239,1237,29,15,140,232
49: 1232,1230,42,23,92,76,22,51,1231,38,99,85,63,0,25,21,1209
50: 81,416,27,59,84,70,60,24,164,15,290
51: 1231,1206,1221,68,31,42,1225,1223,1222,1224,1220,1219,23,92,37,7,1232,1230,49,1218,47,1216,1205,10,85,63,0
52: 34,53,36,39,43,284,20,90,57,19,379,130
53: 52,34,36,39,43,284,20,90,57,19,379,130
54: 18,97,58,75,11,40,1217,32,1226,1213,73,1215,1212,1214,45,361,27,59,84,129,164
55: 28,79,94,91,41,37,7,96,487,4,1218,47,1216,1205,10,365,75,11,40,1217,32,1226,1213,73,1215,1212
56: 9,185,44,93,12,173,26,64,82,61,1204,98,46,33,74,6,8,66,78
57: 20,90,95,13,43,52,53,76,22,19,379,38,99,14,69
58: 18,54,97,75,40,1217,32,1226,1213,73,1215,1212,1214,45,361,27,59,84,129,24,164
59: 27,84,1217,32,1226,1213,73,1215,1212,1214,45,16,18,54,97,58,70,60,129,24,164,50
60: 70,1214,45,16,1234,89,1236,88,27,59,84,1239,1237,24,50
61: 26,64,82,1204,77,465,185,44,168,3,56,9,83,74,6,8
62: 134,69,251,1202,17,35,1208,30,5,1207,71,480,381
63: 85,37,7,51,1231,1232,1230,49,1218,47,1216,1205,10,0,1217,1226,73,1215,1212,1214,45,16
64: 26,82,61,1204,77,465,185,44,168,3,56,9,83,74,6,8
65: 216,183,93,12,173,301,87,98,46,33,67
66: 78,56,9,98,46,33,67,8,95,13,31,42,1225,1223,1222,1224,1220,1219,23,92,76,22
67: 93,12,173,65,301,87,98,46,33,66,78,95,13,43
68: 1206,1221,83,74,6,8,2,31,42,1225,1223,1222,1224,1220,1219,41,37,7,51,1231
69: 20,90,57,19,379,130,14,1210,1229,1227,1228,1202,17,35,62,134
70: 60,1214,45,16,1234,1211,89,1236,88,27,59,84,1239,1237,24,164,50,81,416,15
71: 480,381,1202,17,35,62,134,1208,30,5,1207,29,199
72: 48,1203,1233,1238,1234,1211,89,1236,88,1,1235,1208,5,1239,1237,29,15,140,232
73: 1217,32,1226,1213,1215,1212,55,28,1218,47,1216,1205,10,85,63,75,11,40,1214,45,361,18,54,97,58,27,59,84
74: 6,168,3,26,64,82,61,1204,56,9,83,8,2,1206,1221,68,31,42,1225,1223,1222,1224,1220,1219
75: 11,40,96,487,55,28,1218,47,1216,10,365,1217,32,1226,1213,73,1215,1212,419,264,361,54,97,58
76: 22,66,78,95,13,43,23,92,20,90,57,1232,49,38,99,14
77: 465,317,179,185,44,135,168,3,26,64,82,61
78: 66,56,9,46,33,67,8,95,13,31,42,1225,1223,1222,1224,1220,1219,23,92,76,22
79: 94,91,338,103,413,2,41,487,4,55
80: 463,384,116,179,216,185,44,12,173
81: 50,416,84,70,24,164,15,290,225
82: 26,64,61,1204,77,185,44,168,3,56,9,83,74,6,8
83: 135,168,3,26,64,82,61,1204,86,74,6,413,2,1206,1221,68
84: 27,59,1217,32,1226,1213,73,1215,1212,1214,45,16,18,54,97,58,70,60,129,24,164,50,81,416
85: 63,37,7,51,1231,1232,1230,49,1218,47,1216,1205,10,0,1217,32,1226,1213,73,1215,1212,1214,45,16
86: 427,135,168,3,83,338,103,413,2
87: 301,183,65,67,36,39
88: 1234,1211,89,1236,0,25,21,1209,1210,1229,1228,16,1,1235,70,60,1239,1237,48,1203,1233,1238,72
89: 1234,1211,1236,88,0,25,21,1209,1210,1229,1227,1228,16,1,1235,70,60,1239,1237,1203,1233,1238,72
90: 20,57,95,13,43,52,53,76,22,19,38,14,69
91: 79,94,338,103,413,2,41,96,487,4,55,28
92: 23,8,66,78,13,31,42,1225,1223,1222,1224,1220,1219,76,22,51,1231,1232,1230,49,38,99
93: 12,173,463,384,216,65,56,9,98,46,33,67
94: 79,91,338,103,413,2,41,487,4,55
95: 13,98,46,33,67,66,78,43,23,76,22,20,90,57
96: 487,4,91,55,28,358,365,75,11,40
97: 18,54,58,75,11,40,1217,32,1226,1213,73,1215,1212,1214,45,361,27,59,84,129
98: 46,33,93,12,173,65,56,9,67,8,66,95,13
99: 38,23,92,76,22,57,1232,1230,49,14,0,25,21,1209,1210,1227,1228
100: 112,132,367,187,459
101: 466,306,263,420,105,443,294,392,281,246,395
102: 302,485,305,477,131,236
103: 338,86,267,413,219,79,94,91
104: 318,124,321,108,387,362
105: 263,420,119,142,166,143,189,294,101,306
106: 220,15,140,232,225,476
107: 471,155,111,127,489,400,280,207,238,496
108: 387,104,124,321,362,227,349
109: 210,133,421,457,372,137
110: 460,391,123,432,380,455,155
111: 127,155,436,107,489
112: 367,100,187
113: 258,147,166,191,189,443,294,454,276
114: 248,157,296,151
115: 461,233,432,374,155
116: 179,463,80,384,216
117: 241,412,266,437,292
118: 181,196
119: 142,403,166,263,420,105,189,443,294
120: 438,431,354,396,269,484
121: 458,280,238,360,261,201,385,275,331
122: 324,302,477,236,293,175,316
123: 439,391,230,184,110,460
124: 104,108,387,362
125: 298,141,482,253,319,444,412,497
126: 182,251
127: 111,155,436,471,107,489,400
128: 451,208,415,248,428,157,327
129: 361,18,54,97,58,27,59,84,24,164,355
130: 52,34,53,284,339,19,379,182,69,251
131: 236,393,305,102,302,285
132: 367,441,192,389,100,161,224,314,459
133: 210,109,187,421,457,372
134: 62,69,251,1202,17,30,5,1207,71,480,381
135: 77,465,427,168,3,86,83
136: 429,494,442,200,170,139
137: 211,109,252,495
138: 322,282,397,499,394,154,366
139: 200,445,170,136,494,188,442,277,186
140: 1239,1237,48,1203,1233,1238,72,29,15,232,225,106,220,476
141: 313,440,493,125,253,319,444,215
142: 119,403,166,143,263,420,105,189,294
143: 142,263,420,105,392,306
144: 332,328,235,473,382,270,406
145: 308
146: 394,154,366,376,176
147: 258,299,242,351,350,113
148: 461,233
149: 312,277,323,398,186,464,172
150: 418,256,326,320,448
151: 296,375,175,114
152: 452,209,377,158
153: 438,353,396
154: 366,138,499,394,376,146
155: 110,460,432,115,455,111,127,239,471,107
156: 468,158,440,313
157: 415,248,335,451,128,114,327
158: 152,452,209,240,440,156
159: 370,469,279,426,217
160: 404,372,340
161: 346,389,132,224,314,378,333,223
162: 190,396,178,411,450,269,260
163: 
164: 24,18,54,58,27,59,84,70,129,50,81,416,355,290
165: 363,205,410,303,197,171
166: 403,119,142,113,263,420,105,189,443,294,454,276
167: 490,348,474,329
168: 3,77,465,185,44,135,26,64,82,61,1204,86,83,74,6
169: 210
170: 200,445,139,429,136,494,188,442,277,186
171: 165,410,303,429,423,442
172: 342,312,149,347,464,196,328,307,435,235,332
173: 93,12,463,80,384,216,65,56,98,46,33,67
174: 270,435,406,273,481
175: 293,236,122,324,375,316,151
176: 146
177: 291,409,377,483
178: 411,450,467,356,353,162,190
179: 116,317,463,80,384,77,465,185,44
180: 250,424,255,490,226,371,348
181: 196,328,118,254,475,332,382
182: 284,339,130,251,126
183: 308,65,301,87
184: 247,246,230,439,123,461
185: 44,317,179,463,80,384,77,465,168,3,26,64,82,61,56
186: 200,445,170,139,277,323,312,149,462,488,464
187: 112,213,100,421,459,210,133
188: 442,200,445,170,139
189: 443,294,119,142,166,113,263,420,105,454,276
190: 162,353,396,178,411,450,269,484,260
191: 113
192: 389,221,297,441,346,132,367,314
193: 472,363,197,492,336
194: 422,331,325,357,198,318
195: 214,412,437,292
196: 181,328,312,118,342,172,254,332
197: 205,165,363,410,193,336,203,423
198: 318,194,422,331,357
199: 1208,30,5,1207,71,480,381,29,232
200: 445,170,139,136,188,442,186
201: 385,360,121,275,243
202: 227,349,334,287,279
203: 423,197,336,278
204: 
205: 472,165,363,197
206: 402,273,417,304,222,330
207: 280,471,107,489,400,238,496,360,458
208: 415,428,451,128
209: 152,452,359,377,158
210: 109,133,187,421,457,169
211: 137,252,495
212: 240,486
213: 309,187,421,457
214: 195,497
215: 141,313,493,265,253,319,401
216: 116,308,463,80,384,93,12,173,65
217: 426,159,370,373,430,346
218: 325,385,275,422,331,243,357
219: 267,338,103,386
220: 106,15,140,232,225,476
221: 192,389,297,441,346
222: 283,417,206,402,345
223: 161,224,314,333
224: 314,389,132,367,161,459,223
225: 81,416,15,140,290,106,220
226: 255,180,250,371,348,491
227: 349,321,108,326,320,287,202
228: 373,430
229: 
230: 247,246,184,439,123
231: 467,356
232: 48,1203,1233,1238,72,29,199,140,106,220,476
233: 461,148,115,374
234: 296
235: 347,342,172,328,307,435,144,332,270
236: 131,393,305,102,302,477,285,122,324,175
237: 407,433,414,340,337
238: 496,107,489,400,280,207,360,458,121,261,268
239: 380,455,155,453,471
240: 486,158,440,212
241: 117,266,292
242: 249,299,271,351,350,403,258,147
243: 201,385,275,325,218
244: 358,386,487,4,365,419,264
245: 330
246: 247,392,399,101,466,281,395,230,184
247: 246,399,466,230,184
248: 335,285,415,451,128,157,114
249: 299,242,271,350
250: 180,424,255,490,226,371,348
251: 130,182,126,62,134
252: 137,211,495
253: 319,444,141,313,493,125,215,497,401
254: 475,181,196,328,332,473,382
255: 424,289,180,250,226
256: 325,357,321,150,418,326
257: 414,286,266,437,292,407,383
258: 147,299,242,351,113
259: 340,337,383
260: 162,190,269,484
261: 268,238,496,458,121,422,331
262: 369
263: 420,105,119,142,166,143,189,443,294,101,466,306,281
264: 419,358,244,365,75,361
265: 468,274,493,215
266: 241,117,437,292,407,257,414,286
267: 338,103,219
268: 261,238,496,458,422,331
269: 484,396,120,162,190,260
270: 174,307,435,235,144,406,481
271: 249,242
272: 315,478,369
273: 481,174,304,206
274: 483,468,156
275: 458,121,201,385,422,331,243,325,218,357
276: 454,166,113,189,443,294
277: 494,445,170,139,323,398,186,312,149
278: 203,423
279: 426,334,202,159,370,469,373
280: 207,471,107,489,400,364,238,496,360,458,121
281: 263,420,443,294,454,101,466,306,246,395
282: 322,345,310,138,397,499
283: 222,402,322,345,310
284: 36,39,52,34,53,339,19,379,130,182
285: 393,305,131,236,248,335,375
286: 257,414,266,437,407,337,383
287: 326,320,227,349,202,498
288: 462
289: 394,424,376,255
290: 24,164,50,81,416,15,355,225
291: 177,409,474,377,470,483
292: 437,241,117,412,266,195,257
293: 175,122,324,316
294: 189,443,119,142,166,113,263,420,105,454,276,101,306,281
295: 341
296: 151,375,114,234
297: 441,343,346,192,389,221
298: 125,482,319,444,412,497
299: 249,242,351,350,403,258,147
300: 497,401
301: 87,183,65,67,36,39
302: 102,393,305,477,131,236,122,324
303: 410,165,171,429
304: 273,481,206,402,330
305: 393,102,302,285,131,236
306: 101,466,143,263,420,105,294,392,281
307: 435,488,347,464,342,172,235,270
308: 145,216,183
309: 213,421,457,372
310: 322,345,283,282
311: 355
312: 149,277,398,186,347,464,342,172,196,328
313: 141,440,468,156,493,253,319,444,215
314: 224,192,389,132,367,161,459,333,223
315: 327,428,451,272
316: 122,324,293,175
317: 179,77,465,185,44
318: 198,194,104,321,387
319: 253,444,141,313,125,298,215,497,401
320: 326,321,150,418,227,349,287
321: 318,104,256,108,387,418,326,320,227,349
322: 345,310,283,282,138,397,499
323: 398,494,277,186,149
324: 122,302,477,236,375,293,175,316
325: 218,275,194,422,331,243,357,256
326: 320,256,321,150,418,227,349,287
327: 315,428,451,128,157
328: 181,196,312,342,172,254,235,144,332
329: 167,474
330: 304,206,245,341
331: 194,422,458,121,261,268,275,325,218,357,198
332: 144,342,172,181,196,328,254,235,382,406
333: 161,314,378,223
334: 362,202,279,426,469
335: 248,285,415,157
336: 193,197,492,203,423
337: 407,237,414,286,340,383,259
338: 103,86,267,413,219,79,94,91
339: 284,130,182
340: 160,407,237,337,259
341: 330,295
342: 172,312,347,464,196,328,307,435,235,332
343: 297,441
344: 368,438,431
345: 322,310,222,283,282
346: 297,217,192,389,221,161
347: 464,312,488,342,172,307,435,235
348: 371,180,250,490,226,167,491
349: 227,321,108,387,326,320,287,202
350: 351,249,299,242,147
351: 350,299,242,258,147
352: 359
353: 356,153,467,396,178,411,450,190
354: 431,368,438,120
355: 129,24,164,416,290,311
356: 353,231,467,396,178,411,450
357: 275,194,422,331,325,218,198,256
358: 244,386,96,487,4,365,419,264
359: 352,452,209
360: 364,280,207,238,458,121,201,385
361: 365,75,11,40,1217,32,1213,73,1215,1212,419,264,18,54,97,58,129
362: 104,124,108,387,334
363: 165,205,410,193,197
364: 280,360
365: 96,487,4,55,28,358,244,75,11,40,419,264,361
366: 154,138,397,499,394,376,146
367: 132,441,112,192,389,100,224,314,459
368: 344,438,431,354
369: 272,478,262
370: 159,469,279,426,373,430,217
371: 348,180,250,490,226,491
372: 309,421,457,160,109,133
373: 430,279,426,370,469,228,217
374: 233,115
375: 285,324,175,296,151
376: 394,154,366,289,146
377: 491,152,209,291,177,409,483
378: 161,333
379: 19,43,52,34,53,284,20,57,130,14,69
380: 110,460,455,453,239
381: 71,480,1202,17,35,62,134,1208,30,5,1207,29,199
382: 473,181,254,475,144,332
383: 407,257,414,286,337,259
384: 463,80,116,179,216,185,44,93,12,173
385: 201,360,121,275,243,218
386: 219,358,244
387: 108,318,104,124,321,362,349
388: 
389: 192,221,297,441,346,132,367,161,224,314
390: 405
391: 439,123,110,460
392: 399,143,420,101,466,306,246
393: 305,302,285,131,236
394: 138,499,154,366,289,376,146
395: 101,466,281,246
396: 153,438,356,353,120,411,450,162,190,269
397: 499,322,282,138,366
398: 323,277,312,149
399: 392,466,247,246
400: 489,127,471,107,280,207,238,496
401: 253,319,215,497,300
402: 206,417,304,222,283
403: 299,242,425,119,142,166
404: 449,433,160
405: 390
406: 144,332,473,174,270,481,417
407: 237,266,257,414,286,340,337,383
408: 
409: 291,177,491,474,377,470
410: 303,165,363,197,171,429
411: 178,450,467,356,353,396,162,190
412: 482,125,298,117,497,292,195
413: 86,83,338,103,2,79,94,91,41
414: 257,286,266,407,237,337,383
415: 208,248,335,451,128,157
416: 50,81,84,70,1239,1237,24,164,15,355,290,225
417: 406,481,304,206,402,222
418: 150,256,321,326,320
419: 264,358,244,365,75,11,40,361
420: 263,105,119,142,166,143,189,294,392,101,466,306,281
421: 457,213,309,187,372,210,109,133
422: 194,331,261,268,275,325,218,357,198
423: 203,197,171,336,278
424: 289,255,180,250
425: 403
426: 279,334,159,370,469,373,430,217
427: 135,86
428: 208,451,128,315,327
429: 410,303,171,136,442,170
430: 373,426,370,228,217
431: 354,344,368,438,120
432: 110,460,115,455,155
433: 449,404,237
434: 
435: 307,347,464,342,172,235,174,270
436: 111,127,489
437: 292,117,266,195,257,286
438: 344,368,153,431,354,396,120
439: 391,123,230,184
440: 158,240,468,156,141,313
441: 297,343,192,389,221,132,367
442: 188,171,429,136,200,445,170,139
443: 189,294,119,166,113,263,454,276,101,281
444: 253,319,141,313,125,298,497
445: 200,170,139,188,442,277,186
446: 
447: 476
448: 150,882
449: 479,404,433
450: 178,411,356,353,396,162,190
451: 128,208,415,248,428,157,315,327
452: 152,209,359,158
453: 380,239
454: 276,166,113,189,443,294,281
455: 110,460,432,380,155,239,471
456: 
457: 421,213,309,372,210,109,133
458: 121,280,207,238,496,360,261,268,275,331
459: 132,367,100,187,224,314
460: 110,391,123,432,380,455,155
461: 233,184,148,115
462: 488,186,288,464
463: 80,384,116,179,216,185,44,93,12,173
464: 347,186,312,149,462,488,342,172,307,435
465: 77,317,179,185,44,135,168,3,26,64,61
466: 101,306,263,420,392,399,281,247,246,395
467: 231,356,353,178,411
468: 156,483,440,274,313,493,265
469: 159,370,334,279,426,373
470: 474,291,409
471: 107,455,155,127,239,489,400,280,207
472: 205,193
473: 382,254,475,144,406
474: 167,491,329,291,409,470
475: 254,181,473,382
476: 140,232,106,220,447
477: 485,102,302,236,122,324
478: 272,369
479: 449
480: 71,381,1202,17,62,134,1208,30,5,1207,29,199
481: 273,174,270,406,417,304
482: 125,298,412
483: 377,291,177,468,274
484: 269,120,190,260
485: 102,477
486: 240,212
487: 96,4,79,94,91,55,28,358,244,365,75,11,40
488: 462,186,347,464,307
489: 400,111,127,436,471,107,280,207,238,496
490: 180,250,371,348,167
491: 226,371,348,474,377,409
492: 193,336
493: 468,141,313,265,253,215
494: 136,170,139,277,323
495: 252,137,211
496: 238,107,489,400,280,207,458,261,268
497: 125,298,253,319,444,412,401,214,300
498: 287
499: 397,322,282,138,394,154,366
500: 1044,955,1158,1125,578,513,622
501: 
502: 506,669,1112,810,840,853,1030,833
503: 851,961,1191,1069,1183
504: 1188,971,1023,827,703,755,1163
505: 973,820,1070,793
506: 502,669,840,853,510,738,1030,845,833
507: 577,525,615,712
508: 1159,551
509: 828,962,964,537,1176,1016
510: 738,840,506,591,1030,845,1025
511: 966,935,733
512: 863
513: 1178,1158,500,1044,874,1052
514: 916,923,541,572
515: 665,1046,626,1094,810,846
516: 583,777,630,540
517: 980,958,768,886,1006,1085
518: 656,779,764,1098,1009
519: 1032,1011,963,566,749
520: 686
521: 1029,942,687
522: 792,888,892,858,770,989
523: 859,1053,815,702,599,571,593,954,695
524: 1010,879,1050
525: 577,1132,507,676
526: 612
527: 905,1113,928,615,602
528: 678,1117,529,762,545,1101,584
529: 762,653,547,744,528,678,1117
530: 802,546,606,800
531: 
532: 989,880,600,782,743
533: 951,1121,674
534: 1030,845,833,1118,817
535: 588,573,734,597,1125,578,970,622
536: 761,1077
537: 1176,1016,509,828,636,962,964
538: 726,603,930,1021,1067,1073
539: 706,737,978,766,643,555,1024,832,1054,591
540: 939,630,516,583,763
541: 923,572,566,514
542: 1173,632,710,896,594,563,725
543: 
544: 843,654,838,919,799
545: 1101,584,528,678,1117
546: 606,1192,802,530,585
547: 653,614,977,1127,529,762,548,1117
548: 768,854,1127,653,547
549: 1004,684,771,917
550: 672,1193,624,941,872,929,1013,590
551: 508,1159,574,767
552: 824,1186
553: 895,776,1047,1092
554: 988,1005,891,619,722,719,690,914
555: 766,643,1024,539,706,737,978
556: 581,1072,679,994,788
557: 570,1061,831
558: 1137,1140,1114,870,698
559: 1140,942
560: 651,983
561: 576,767,761
562: 1181,747,579
563: 542,1173,896,594,725,1130
564: 1056,1169
565: 763
566: 1011,963,1032,590,923,541,572
567: 1100,1145
568: 723,1063,733,781
569: 865,785,968,805
570: 557,1061,831
571: 859,815,702,1051,867,523,954,695
572: 923,541,590,1011,566,514
573: 588,734,597,535,819,774,1125,578,970,984
574: 628,551,998,789,825,932
575: 808,971,666,922,1001,1023,640,652,1188
576: 767,932,561,1077,761
577: 525,507,676
578: 1125,955,1035,819,500,588,573,597,535,622
579: 747,796,562,1181
580: 985,682,1015,952
581: 663,679,556
582: 613,647,1013
583: 516,777,630,540,763
584: 545,1101,528,678
585: 991,1161,546,870
586: 821,907,605,1019,1034
587: 1136,966,935
588: 573,734,597,535,819,774,578,970,984
589: 850,729,862,847,1116,746
590: 929,877,1164,1032,1011,566,572
591: 539,978,840,1054,510,738,1099,1025
592: 949
593: 523,704
594: 542,1173,563,1130
595: 1103,1170,890
596: 1154,852,759,965
597: 588,573,734,535,819,774,1125,578,970
598: 924,990,1033
599: 906,1098,1009,1053,815,702,523
600: 532,782,743
601: 794,714,823,866
602: 527,1031,928,976,943,724,1060
603: 538,726,930,1021,1067,1073
604: 1104,1196
605: 586,1019,1034,757
606: 546,1192,802,530
607: 1160
608: 864,847,1178
609: 866,925,773
610: 897,1179,750,1168
611: 
612: 526
613: 582,647
614: 618,1012,829,1120,977,854,894,1127,653,547
615: 712,527,507
616: 755,1163,1133,828
617: 1122,1195,814
618: 1002,1012,829,1120,614
619: 891,554,988,1005,722,719,690,914,1064
620: 788,994,1146
621: 848,903,940
622: 500,1125,578,535
623: 1020
624: 1193,909,672,941,550,929
625: 1144
626: 1094,1038,665,927,515,669,1112
627: 694,948,1000,913,1014,1066
628: 655,574,789
629: 
630: 939,777,540,516,583
631: 848,1128,1198
632: 710,542,1173
633: 849,915,869,987
634: 952
635: 646,1018
636: 731,828,537,1176,1078
637: 806,964
638: 764
639: 1068,826,997
640: 1001,808,971,575,708,742,652
641: 711,876,987,769,673,748
642: 1041,985,1015
643: 766,555,1024,539,706,737
644: 949,760
645: 818
646: 635,1018
647: 872,934,672,582,613,1013
648: 842,795,1028,816,811
649: 1145,1055,1100,1174,957
650: 881,1055,1174,957
651: 1039,560,983,1151
652: 1001,808,971,575,1023,640,1188,1089
653: 547,614,1127,529,548,1117
654: 843,544,799,732,826
655: 628,675,998,789
656: 518,764
657: 953,917,664,721
658: 1168
659: 1131,830
660: 1180,934
661: 758,980,837
662: 
663: 1162,696,903,940,967,581,1072
664: 657,953,917
665: 670,1124,1046,626,1094,515
666: 849,922,1001,808,575
667: 899,704,834,875,1190,1057
668: 831,860,1185,798,916
669: 1112,626,1094,810,840,502,506,853
670: 665
671: 1194
672: 934,1193,624,872,647,550
673: 876,641,748,1179
674: 1020,533,951
675: 974,655
676: 577,525,891
677: 689,1143
678: 528,1117,529,545,1101,584
679: 581,556,994
680: 728,692,1090
681: 730,911,904,1196
682: 995,721,985,1015,580
683: 1071,739,699,1109,946,1152
684: 771,902,1004,549
685: 693
686: 520,688
687: 521,942,979
688: 878,686,1065
689: 1143,677,1076
690: 719,914,554,988,891,619,722,1064
691: 820,709,793
692: 728,680,1090,902
693: 685
694: 627,948,1000,913,1014,1066
695: 571,523,954,760
696: 663,1162,967,1072
697: 1091,763,758
698: 870,558,1137,1140,1029,715
699: 1110,739,1122,683
700: 
701: 1007,791,843
702: 1053,815,938,859,599,571,523
703: 1023,827,504,1163
704: 593,844,834,899,667
705: 1152,754
706: 539,737,978,766,643,555,832,1054
707: 1026
708: 742,1147,987,1001,640,750
709: 820,691,822,889
710: 632,542,1173
711: 641,987,769,748
712: 615,507
713: 969
714: 823,967,1072,601,866,925
715: 1029,933,698
716: 982,803,1149,1182
717: 981,945
718: 
719: 690,914,554,619,722,1064
720: 1066
721: 657,953,985,682,995
722: 554,988,1005,619,719,690,914
723: 1063,568,781
724: 602,943,1060
725: 542,1173,896,563,1027
726: 538,603,930,1021
727: 939,1049,735
728: 692,680,1090,902,1097
729: 589,847,1116,746
730: 911,904,1196,681
731: 636,828,1176,1078
732: 654,919,799,1068,826
733: 781,511,1063,568
734: 588,573,597,535,774,970,984
735: 1049,727
736: 1079,912
737: 539,706,978,766,643,555,1024,832,1054
738: 510,840,506,591,1030,845,1025
739: 741,1110,699,1109,683,1071
740: 1059
741: 992,1110,839,772,739
742: 708,1147,987,640,750
743: 782,600,532
744: 529,762
745: 887,1047,850
746: 729,589,862,847,1116,955,1035,1178,1158,1044
747: 579,796,562,1181
748: 876,711,641,673,1179,897
749: 963,1095,1027,1080
750: 708,742,1147,610,1168
751: 553,895,1092
752: 1175,1086
753: 757,783,1194
754: 705,1022
755: 1163,1188,504,1089,1133,616
756: 930,1021,1067,801
757: 605
758: 1091,697,661
759: 1154,596,1002
760: 695,644
761: 536,576,767,561,1077
762: 529,547,744,528,1117
763: 540,583,697,565
764: 779,638,656,518,1098
765: 813,996,1083
766: 643,555,1024,539,706,737
767: 576,551,932,561,761
768: 548,854,1127,958,517,980,886
769: 987,711,641
770: 888,1108,522,792
771: 684,902,549
772: 1110,839,1166,741,992
773: 609
774: 813,819,588,573,734,597,970,984
775: 807,1062,888,1108,770
776: 1047,553,887
777: 939,630,516,583
778: 838,919,807,1062
779: 764,518,1098,1009
780: 981,975
781: 733,723,1063,568
782: 743,600,532,947
783: 753
784: 944,856,1017
785: 865,569,1022,1048,968,805
786: 
787: 977
788: 620,556,994,1146
789: 998,655,628,574,825,932,1135,900
790: 
791: 701,1135
792: 522,892,858,770,989
793: 820,691,505,1070
794: 601,823
795: 810,842,648,816,811
796: 1096,983,747,579,1181
797: 798
798: 1106,1185,668,797
799: 919,544,654,838,732
800: 530,933
801: 756,1170,890
802: 530,546,606
803: 716,1149
804: 993,1199,1102
805: 785,569,968
806: 637,964
807: 1062,778,1138,775,888,858
808: 971,575,666,922,1001,1023,640,652,1188
809: 
810: 515,669,842,846,502,853,795
811: 816,795,648,1028,869
812: 1105,996,895,1092
813: 765,1083,819,774
814: 1195,617,1041
815: 1053,702,938,859,906,599,571,523
816: 811,795,648,1028,869
817: 534,1118,1150,885
818: 898,645
819: 1083,813,774,578,588,573,597
820: 691,505,709,793
821: 1156,1076,586
822: 709,889,1131,910
823: 714,967,1072,601,794,866,925
824: 552
825: 932,574,998,789,1135,1189,900
826: 1068,654,732,639
827: 1023,504,703
828: 616,509,636,731,962,537,1176,1016,1078
829: 1120,618,1012,614,894
830: 659,1156,986
831: 570,557,1164,860,1185,916,668
832: 1054,539,706,737,978,937,1099
833: 502,506,853,1030,845,534
834: 844,704,1088,899,667,1190
835: 990,1033,1038,927
836: 1016
837: 661
838: 778,544,919,799
839: 1110,772,1166,741
840: 669,1112,502,506,591,510,738,1030,845
841: 
842: 846,810,795,648
843: 701,544,654
844: 704,834
845: 1030,840,506,510,738,833,534,1118
846: 842,515,810
847: 1116,729,589,746,608,1178
848: 631,621,1128,903,940
849: 633,869,666,987,1001
850: 745,589,862
851: 503,961,1069
852: 1003,1154,596,965
853: 669,810,502,506,1030,833
854: 894,1120,614,1127,958,548,768
855: 1102,1165,991,1161,1039,1114
856: 1134,944,784
857: 1191,1107
858: 892,807,1062,1138,888,522,792
859: 956,938,1084,1053,815,702,1051,867,571
860: 1185,831,916,668
861: 1057
862: 850,589,746,955,1035
863: 512,1160,999
864: 608
865: 785,569
866: 925,1072,714,823,601,609
867: 1051,1084,859,571,954
868: 924
869: 816,811,849,633
870: 991,1161,585,1114,558,1137,1140,698
871: 975,1087,1119,1123,1132
872: 647,934,672,1193,550,1013
873: 1111,1104,1196,1192,1042
874: 1178,513,1010,1052,879
875: 667
876: 1150,885,641,673,748
877: 1164,941,929,590
878: 688,986,1065,950
879: 1010,1052,874,904,524
880: 1045,997,989,532
881: 1008,650
882: 448
883: 1091
884: 1155,1051,949
885: 1150,817,876
886: 958,768,517,980,1006,1036,1085
887: 745,776,1047,1083
888: 807,1062,775,858,1108,770,522
889: 709,822
890: 801,1170,595
891: 619,676,554,988,1005,690,914,1064
892: 858,1062,1138,522,792,989
893: 1157,908
894: 854,829,1120,614,1127
895: 553,1047,1092,1105,812,996
896: 542,1095,563,725,1027
897: 610,748,1147,1179
898: 818
899: 667,704,834,1190,1057
900: 998,789,825,932,1135,1189
901: 
902: 926,1090,728,692,684,771
903: 940,621,848,663,1162
904: 911,730,1010,1052,879,681
905: 527,1113,1075,1031,928
906: 599,1098,1009,1053,815
907: 999,586,969,1034
908: 893,1157,973
909: 624,941
910: 1131,822
911: 904,730,1010,681
912: 736,1079,1058,924
913: 1000,627,694,948,1014,1066
914: 719,690,554,988,891,619,722,1064
915: 1118,633
916: 1164,831,860,1185,668,514
917: 657,953,1004,549,664
918: 1064
919: 799,544,838,778,732,1138
920: 1153
921: 1197,1186,992
922: 666,1001,808,971,575,1023
923: 541,572,1011,963,566,514
924: 912,598,868,1033
925: 866,714,823,609
926: 1090,902
927: 835,1038,626,1024,1112
928: 1031,1075,527,905,1113,976,602
929: 624,941,550,877,1164,1032,590
930: 1121,538,726,603,1021,756
931: 945,1167,1075
932: 825,574,998,789,576,767,1135,1189,900
933: 800,715
934: 672,1180,660,1193,872,647
935: 966,1136,511,587
936: 
937: 832,1054,1099,1025
938: 956,1084,859,815,702
939: 727,1049,777,630,540
940: 903,621,848,663,1162
941: 909,1193,624,550,929,877,1164
942: 559,521,687,979
943: 1031,976,602,982,724,1182,1060
944: 1144,856,784
945: 717,931,1167
946: 1122,683,1071,1152
947: 782
948: 627,694,1000,913,1066
949: 884,592,644
950: 878,986,1065
951: 533,1121,674
952: 1015,580,634
953: 657,917,1004,664,721
954: 867,571,523,695
955: 1035,862,746,1158,500,1044,1125,578
956: 938,859
957: 1174,650,1055,1100,1145,649
958: 854,1127,768,517,980,886
959: 1082,1171,1074
960: 1124,1046
961: 503,851,1088,1191,1069
962: 964,509,828,537,1176,1016
963: 1011,566,1032,519,923,749
964: 962,806,509,637,537,1016
965: 852,596,1115
966: 935,1136,511,587
967: 663,1162,696,1072,714,823
968: 785,569,1048,805,974
969: 999,907,713,1034
970: 984,774,588,573,734,597,535
971: 808,575,922,1001,1023,640,652,1188,504
972: 1128,1198
973: 908,505,1070
974: 968,675
975: 780,871,1132
976: 1075,1031,928,602,943,982
977: 1012,787,614,547
978: 539,706,737,555,832,1054,591
979: 942,687
980: 517,958,768,661,886
981: 780,717
982: 716,976,943,1182
983: 651,560,1151,796
984: 970,774,588,573,734,1136
985: 721,1041,682,995,642,1015,580
986: 830,878,950
987: 769,849,633,711,641,708,742,1147
988: 554,1005,891,619,722,690,914
989: 892,997,522,792,880,1045,532
990: 598,1033,835
991: 1161,585,1165,855,1114,870
992: 741,1197,921,1110,772
993: 1199,804,1102
994: 1146,679,556,620,788
995: 682,721,985
996: 1105,812,895,1092,765
997: 639,989,880,1045
998: 789,655,574,825,932,1135,1189,900
999: 863,1160,907,969
1000: 913,627,694,948,1014,1066
1001: 849,666,922,808,971,575,708,640,652
1002: 759,618
1003: 852
1004: 549,684,953,917
1005: 554,988,891,619,722
1006: 1036,1085,517,886,1197
1007: 701
1008: 881
1009: 779,518,1098,906,599
1010: 1052,879,874,911,904,524
1011: 963,566,1032,590,519,923,572
1012: 618,829,1120,614,977
1013: 872,647,550,582,1032
1014: 1000,913,627,694,1066
1015: 985,682,642,580,952
1016: 537,1176,509,828,962,964,836
1017: 784
1018: 646,635
1019: 1034,586,605
1020: 674,623
1021: 1067,538,726,603,930,1073,756
1022: 1048,754,785
1023: 922,808,971,575,827,652,1188,504,703
1024: 927,766,643,555,539,737
1025: 1099,1054,591,510,738,937
1026: 707,777
1027: 896,1095,749,725,1080
1028: 648,816,811
1029: 715,698,521
1030: 845,840,502,506,853,510,738,833,534
1031: 928,1075,905,1113,976,602,943
1032: 929,1013,590,519,1011,963,566
1033: 924,598,990,835
1034: 1019,586,907,969,605
1035: 955,862,746,1044,578
1036: 1006,1085,886,1177,1197
1037: 1129,1148,1155
1038: 835,927,626,1094
1039: 855,651,1151
1040: 1060,1086
1041: 814,985,642
1042: 1165,873,1111,1192,1102
1043: 
1044: 500,746,955,1035,1158,1125,513
1045: 880,997,989
1046: 1124,665,960,1094,515
1047: 776,553,895,745,887
1048: 1022,785,968
1049: 735,939,727
1050: 524
1051: 867,1084,859,884,571
1052: 1010,879,874,513,904
1053: 815,702,859,906,599
1054: 832,539,706,737,978,591,937,1099,1025
1055: 650,1100,1174,957,1145,649
1056: 564,1169
1057: 899,667,1190,861
1058: 912
1059: 740
1060: 1182,602,943,724,1040
1061: 570,557
1062: 807,778,1138,775,888,892,858
1063: 723,568,733,781
1064: 891,619,719,690,914,918
1065: 688,878,950
1066: 1000,913,627,694,948,1014,720
1067: 1021,538,603,1073,756
1068: 826,732,639
1069: 1191,961,503,851,1088
1070: 973,505,793
1071: 683,739,1109,946,1152
1072: 663,1162,696,967,714,823,556,866
1073: 538,603,1021,1067
1074: 1082,959,1134
1075: 1167,931,905,1031,928,976
1076: 689,1156,821
1077: 576,536,761
1078: 828,636,731,1176,1129
1079: 736,912
1080: 1095,749,1027
1081: 
1082: 959,1171,1074
1083: 887,765,813,819
1084: 938,859,1051,867
1085: 1006,1036,517,886,1177,1197
1086: 752,1040
1087: 1119,1123,1184,871,1132
1088: 961,834,1191,1069,1190
1089: 652,755,1163,1133
1090: 926,902,728,692,680
1091: 883,697,758
1092: 751,553,895,1105,812,996
1093: 
1094: 626,1038,665,1046,515,669,1112
1095: 896,749,1027,1080
1096: 560,796
1097: 728,1195
1098: 779,764,518,1009,906,599
1099: 1025,832,1054,591,937
1100: 1055,1174,957,1145,649,567
1101: 545,584,528,678,1177
1102: 804,1042,1165,855
1103: 1170,595
1104: 604,1196,873,1111,1192
1105: 812,996,895,1092
1106: 1194,1185,798
1107: 857
1108: 888,770
1109: 739,683,1071
1110: 839,772,1166,741,992,739,699
1111: 873,1104,1192,1042
1112: 669,927,626,1094,840,502
1113: 527,905,1031,928
1114: 855,991,1161,870,558,1137
1115: 965
1116: 847,729,589,746,1178,1158
1117: 528,678,653,547,529,762,545
1118: 845,534,915,817
1119: 1087,1123,1184,871,1132
1120: 829,618,1012,614,854,894,1127
1121: 533,951,930
1122: 617,1195,699,946
1123: 1087,1119,871,1132
1124: 665,1046,960
1125: 578,955,500,1044,573,597,535,622
1126: 1142
1127: 1120,614,854,894,653,547,958,548,768
1128: 1198,631,848,972
1129: 1037
1130: 594,563
1131: 910,822,659
1132: 871,975,1087,1119,1123,525
1133: 1089,755,1163,616
1134: 856,1074
1135: 1189,998,789,825,932,791,900
1136: 984,966,935,587
1137: 558,1140,1114,870,698
1138: 919,807,1062,892,858
1139: 
1140: 558,1137,870,698,559
1141: 1153
1142: 1126
1143: 689,677
1144: 944,625
1145: 649,1055,1100,957,567
1146: 994,620,788
1147: 708,742,987,897,750
1148: 1037
1149: 803,716
1150: 817,885,876
1151: 651,1039,983
1152: 946,705
1153: 1141,920
1154: 852,596,759
1155: 1037,884
1156: 1076,830,821
1157: 893,908
1158: 1116,746,955,1178,500,1044,513
1159: 508,551
1160: 863,607,999
1161: 991,585,1165,855,1114,870
1162: 663,696,903,940,967,1072
1163: 755,1188,504,703,1089,1133,616
1164: 877,941,929,831,590,916
1165: 1042,1102,855,991,1161
1166: 1177,1110,839,772
1167: 1075,945,931
1168: 610,750,658
1169: 564,1056
1170: 1103,801,890,595
1171: 1082,959
1172: 1174
1173: 542,632,710,594,563,725
1174: 957,650,1055,1100,649,1172
1175: 752
1176: 537,1016,509,828,636,731,962,1078
1177: 1101,1036,1085,1197,1166
1178: 847,1116,746,608,1158,874,513
1179: 673,748,610,897
1180: 660,934
1181: 562,796,747,579
1182: 1060,943,982,716
1183: 503,1191
1184: 871,1087,1119,1123
1185: 860,1106,831,798,916,668
1186: 552,1197,921
1187: 
1188: 504,808,971,575,1023,652,755,1163
1189: 1135,998,825,932,900
1190: 834,1088,899,667,1057
1191: 1069,961,503,1088,1183,857
1192: 1104,1196,873,1111,1042,546,606
1193: 624,934,672,941,872,550
1194: 753,1106,671
1195: 1097,617,1122,814
1196: 604,730,1104,681,873,1192
1197: 1006,1036,1085,1177,1186,921,992
1198: 1128,631,972
1199: 804
1202: 17,35,14,69,1210,1229,1227,1228,62,134,1,1208,30,5,1207,71,480,381
1203: 48,1233,1238,72,1234,1211,89,1236,88,1,1235,1208,30,5,1207,1239,1237,29,140,232
1204: 26,64,82,61,44,168,3,56,9,83,74,6,8
1205: 1218,47,1216,10,37,7,51,1231,55,28,85,63,1217,1226,73,1212,1214,45
1206: 1221,68,83,74,6,8,2,31,42,1225,1223,1222,1224,1220,1219,41,37,7,51
1207: 1208,30,5,1229,1227,1202,17,35,62,134,1,71,480,381,1203,29,199
1208: 30,5,1207,1229,1202,17,35,62,1,1235,71,480,381,48,1203,1233,1238,72,29,199
1209: 25,21,49,38,99,14,0,1210,1229,1227,1228,16,1234,1211,89,1236,88,1,1235
1210: 1229,1227,1228,38,99,14,69,25,21,1209,1202,17,35,1211,89,88,1
1211: 1234,89,1236,88,0,25,21,1209,1210,1229,1227,1228,16,1,1235,70,1239,1237,48,1203,1233,1238,72
1212: 1217,32,1226,1213,73,1215,55,28,1218,47,1216,1205,10,85,63,75,11,40,1214,45,361,54,97,58,59,84
1213: 1217,32,1226,73,1215,1212,55,28,1218,47,1216,10,85,75,11,40,1214,45,361,18,54,97,58,27,59,84
1214: 45,1218,47,1216,1205,10,85,63,0,1217,32,1226,1213,73,1215,1212,16,18,54,97,58,27,59,84,70,60
1215: 1217,32,1226,1213,73,1212,55,28,1218,47,1216,10,85,63,75,11,40,1214,45,361,18,54,97,58,27,59,84
1216: 1218,47,1205,10,37,7,51,1231,55,28,85,63,75,11,40,1217,32,1226,1213,73,1215,1212,1214,45
1217: 32,1226,1213,73,1215,1212,55,28,1218,47,1216,1205,10,85,63,75,11,40,1214,45,361,54,97,58,59,84
1218: 47,1216,1205,10,37,7,51,1231,55,28,85,63,75,11,40,1217,32,1226,1213,73,1215,1212,1214,45
1219: 31,42,1225,1223,1222,1224,1220,74,8,66,78,1206,1221,68,23,92,37,7,51
1220: 31,42,1225,1223,1222,1224,1219,74,8,66,78,1206,1221,68,23,92,37,7,51,1231,1230
1221: 1206,68,83,74,8,2,31,42,1225,1223,1222,1224,1220,1219,41,37,7,51,1231
1222: 31,42,1225,1223,1224,1220,1219,74,8,66,78,1206,1221,68,23,92,37,7,51,1231,1230
1223: 31,42,1225,1222,1224,1220,1219,74,8,66,78,1206,1221,68,23,92,37,7,51
1224: 31,42,1225,1223,1222,1220,1219,74,6,8,66,78,1206,1221,68,23,92,37,7,51
1225: 31,42,1223,1222,1224,1220,1219,74,8,66,78,1206,1221,68,23,92,37,7,51,1230
1226: 1217,32,1213,73,1215,1212,55,28,1218,47,1216,1205,10,85,63,75,11,40,1214,45,18,54,97,58,27,59,84
1227: 1210,1229,1228,38,99,14,69,25,21,1209,1202,17,35,1211,89,1,5,1207
1228: 1210,1229,1227,38,99,14,69,25,21,1209,1202,17,35,1234,1211,89,1236,88,1,1235,5
1229: 1210,1227,1228,38,14,69,25,21,1209,1202,17,35,1234,1211,89,1236,88,1,1235,1208,30,5,1207
1230: 1232,49,31,42,1225,1222,1220,23,92,22,51,1231,38,99,85,63,0,21
1231: 51,1221,68,31,42,1222,1220,23,92,37,7,1232,1230,49,1218,47,1216,1205,10,85,63,0
1232: 1230,49,42,23,92,76,22,51,1231,38,99,85,63,0,25,21
1233: 48,1203,1238,72,1234,1211,89,1236,88,1,1235,1208,1239,1237,29,15,140,232
1234: 1211,89,1236,88,0,25,1209,1229,1228,16,1,1235,70,60,1239,1237,48,1203,1233,1238,72
1235: 1,25,1209,1229,1228,17,35,1234,1211,89,1236,88,1208,30,5,1239,1237,48,1203,1233,1238,72,29
1236: 1234,1211,89,88,0,25,1209,1229,1228,16,1,1235,70,60,1239,1237,48,1203,1233,1238,72
1237: 1239,16,1234,1211,89,1236,88,1,1235,70,60,48,1203,1233,1238,72,416,15,140
1238: 48,1203,1233,72,1234,1211,89,1236,88,1,1235,1208,1239,1237,29,15,140,232
1239: 1237,16,1234,1211,89,1236,88,1,1235,70,60,48,1203,1233,1238,72,416,15,140