1574: 1605,480,1597,1253,1278
639: 
1068: 1069,1067,237,1063,1065,1083
1141: 1100
1543: 1536,1502,1566,1482,1349,1397,1458
566: 
949: 965
1581: 456,1562
1445: 1530,1526,1561,482
1126: 1011,1020,1162,153,1128,1136,1037
977: 946
1519: 1564,1531,1557,1499,1571,959,1450,1388,1476,1430,1554,1419,1479
1373: 1394,1467,1525,1365,1379,1476,1430,1554,1479,1506,1478,1345,1317,1415,1346,1431,1393,1426,1316,323
1572: 1527,487,1450,1388,1578,1482
1394: 1373,1467,1365,1379,1478,1345,1317,1415,1346,1431,1393,1426,1316,323
15: 746
754: 69
1459: 1525,1558,1537,1424,1496,1520,959,952,1365,1379,1387,1456
1509: 1357,1454,1345,1317,1415,1346,1431,1393,1426,1323,1448,1484,1428
583: 
1566: 1536,1502,1543,1527,1482,1349,1397
1376: 1501,1474,1514,1430,1554,1479,1506,1478,1464,1393,1426,1316,323,1425,1461
900: 
1520: 1424,1496,1521,1533,1337,1495,952,1459,1525
1337: 1533,1495,1521,1516,1424,1496,1520,952
1383: 1516,1435,1359,1488
643: 
1393: 1464,1426,1316,323,1394,1373,1467,1506,1478,1501,1376,1345,1317,1415,1346,1431,1425,1461,1509,1357,1454,1448,1472,1395,1436
1593: 
29: 
562: 102
740: 
1174: 1062
822: 1487,1404,1503,1480,1396,1387,1456,985,1560,1526,1561
947: 973
563: 567
985: 1387,1456,822,1487,1404,1503,1526,1561,1323
1450: 1388,1578,487,1519,1564,1531,1557,1572,1527,1476,1430,1554,1419,1479,1482
1434: 233,1451,1336,1542,1512,1585
1556: 935,1576,986
995: 966
1491: 1405,1390
1532: 1602,627
957: 243
1540: 1499,1571,959
1367: 1504,1390,1359
961: 
766: 877
1456: 1387,952,1459,1525,822,1487,1404,1503,985
968: 
1587: 1606,969,1601,1590
929: 
939: 921
905: 522
1461: 1425,1501,1376,1464,1393,1426,1316,323,1448,1472,1395,1436
727: 662
572: 
1506: 1478,1365,1476,1430,1554,1419,1479,1373,1467,1501,1376,1474,1514,1431,1464,1393,1426,1316,323,1425
832: 
1533: 1337,1495,1521,1516,1424,1496,1520,952
1479: 1476,1430,1554,1419,959,1519,1564,1531,1557,1450,1388,1578,1365,1373,1467,1506,1478,1501,1376,1474,1514
61: 1398,1409,1539,1489,1410,1460,1399,1452,1429,1406,1400,1433
839: 320,338,659
1550: 1298
1527: 1572,487,1450,1388,1578,1482,1566
1495: 1533,1337,1521,1516,1424,1496,1520,952
1582: 1569,574
922: 
589: 
69: 754
1600: 1413,1589
598: 
1202: 492
1128: 153,1136,1037,1114,1126,1011,1020,1162
587: 
607: 
1571: 1540,1499,1583,1603,959,1519,1564,1531
569: 
996: 545,933,930
854: 
605: 227
916: 
1172: 
1484: 1323,1509,1357,1454,1448,1472,1428,1489,1410,1447,1400
591: 
926: 
1487: 822,1404,1503,1480,1396,1387,1456,985,1560,1561
1513: 1548
1429: 1460,1399,1452,1472,1436,1489,1410,1406,1398,61,1409,1539,1433
944: 
582: 
1295: 
948: 
1349: 1482,1536,1502,1543,1566,1474,1514,1397,1458
1064: 1088,1015,166
588: 
1253: 1278,480,1605,1574
994: 1348,1402
1518: 
1496: 1424,1520,1521,1533,1337,1495,952,1459,1537
1266: 1151
593: 
102: 562
872: 
908: 
1606: 1587,969,1601,1590
955: 
1346: 1345,1317,1415,1431,1394,1373,1467,1464,1393,1426,1316,323,1323,1509,1357,1454,1448
906: 
659: 839
581: 
1539: 1398,61,1409,1489,1460,1429,1400,1433,1444,1470
932: 
575: 
993: 
1475: 1575
851: 137
1395: 1436,1464,1393,1426,1316,323,1425,1461,1448,1472,1410,1399,1452,1406
1428: 1489,1410,1509,1357,1454,1448,1472,1436,1484,1460,1399,1452,1400,1398
119: 
1278: 1253,480,1605,1574
1387: 1456,952,1459,1525,822,1487,1404,1503,985
1316: 1464,1393,1426,323,1394,1373,1467,1506,1478,1501,1376,1474,1514,1345,1317,1415,1346,1431,1425,1461,1448,1395,1436
123: 
1458: 1397,1349,1536,1502,1543,1477
1483: 
975: 
911: 
898: 
597: 
979: 
988: 
963: 
1535: 
1465: 1515,1447,1400,1444,1391,1517
951: 
1348: 1402,994
137: 851
592: 
1063: 237,1065,1083,1069,1067,1068,1066
1562: 456,1581
1569: 1582,574
986: 935,1576,1556
143: 
586: 
903: 157,1588
1589: 1413,1600,1453
596: 
1359: 1383,1435,1504,1367,1480,1396,1488
1451: 1560,233,1526,1561,1434,1542
580: 413,512
894: 
978: 
153: 1128,1136,1037,1114,1126,1011,1020,1162
980: 1382
1151: 1266
568: 
157: 903,1588
965: 949,1053
1413: 1589,1600,1453
902: 1580,1547
1517: 1391,1465,1515,1444
1503: 822,1487,1404,1480,1396,1387,1456,985,1560,1561
1430: 1476,1554,1419,1479,959,1519,1564,1531,1557,1450,1365,1379,1373,1467,1506,1478,1501,1376
1114: 275,153,1128,1136,1037
594: 
166: 1015,1088,1064
820: 
168: 238,682
700: 1009
1528: 1592,521
171: 
746: 15
1547: 1580,475,902
574: 1569,1582
940: 
1065: 237,1063,1083,1069,1067,1068,1066
1382: 980
923: 
1062: 1174
1053: 965
901: 526
1436: 1395,1464,1393,1426,1316,1425,1461,1448,1472,1428,1489,1410,1460,1399,1452,1429,1406
183: 
992: 
1290: 
1336: 233,1434,347,1512
967: 
573: 972
1406: 1395,1436,1460,1399,1452,1429,61,1409,1433
976: 
919: 
1415: 1345,1317,1346,1431,1394,1373,1467,1478,1393,1426,1316,323,1323,1509,1357,1454
1565: 1512,1585,1586
590: 571
1464: 1393,1426,1316,323,1467,1506,1478,1501,1376,1474,1514,1345,1346,1431,1425,1461,1448,1472,1395,1436
1514: 1501,1376,1474,1554,1479,1482,1349,1506,1478,1464,1316,323,1425
962: 451
927: 
1578: 1450,1388,487,1564,1531,1557,1572,1527,1419,1479,1482
584: 
934: 
1531: 1519,1564,1557,1571,959,1450,1388,1578,1476,1430,1554,1419,1479
953: 
1197: 
973: 947
206: 
982: 941
1357: 1509,1454,1345,1317,1415,1346,1431,1393,1426,1323,1448,1484,1428
924: 
1453: 1413,1589
1424: 1496,1520,1521,1533,1337,1495,952,1459,1525,1558,1537
990: 
578: 
1341: 1477
1149: 1184,461
1388: 1450,1578,487,1519,1564,1531,1557,1572,1527,1419,1479,1482
1502: 1536,1543,1566,1482,1349,1397,1458
914: 
1298: 1550
1011: 1126,1020,1162,153,1128,1136,1037
866: 312
925: 
1521: 1533,1337,1495,1424,1496,1520
1100: 1141
1489: 1428,1410,1472,1436,1484,1460,1399,1452,1429,1400,1398,61,1409,1539
941: 982
227: 605
912: 
950: 
943: 
1443: 1598
232: 
233: 1560,1451,1336,1434,1542
1551: 1414,307,1573
1480: 1396,1488,1435,1359,822,1487,1404,1503
579: 
237: 1063,1065,1083,1069,1067,1068,1066
238: 168,682
920: 
1379: 1365,959,1459,1525,1558,1537,1476,1430,1394,1373,1467,1478
599: 439
1580: 1547,475,902
243: 957
1476: 1430,1554,1419,1479,959,1519,1564,1531,1557,1450,1365,1379,1373,1467,1506,1478
971: 
972: 573
1557: 1519,1564,1531,959,1450,1388,1578,1476,1430,1554,1419,1479
1583: 552,1603,1499,1571
877: 766
1447: 1484,1400,1465,1515,1444
1576: 935,1556,986
1345: 1317,1415,1346,1431,1394,1373,1467,1464,1393,1426,1316,323,1323,1509,1357,1454
1526: 1561,822,1404,985,1560,1451,1542,1445,1530
1512: 1585,1336,1434,1542,1565
255: 326
942: 
571: 590
1478: 1506,1365,1379,1476,1430,1554,1419,1479,1394,1373,1467,1501,1376,1474,1514,1415,1431,1464,1393,1426,1316,323,1425
1501: 1376,1474,1514,1430,1554,1479,1482,1506,1478,1464,1393,1426,1316,323,1425,1461
1563: 457
928: 498
1499: 1540,1571,1583,1603,959,1519,1564
567: 563
264: 
909: 
1467: 1394,1373,1365,1379,1476,1430,1554,1479,1506,1478,1345,1317,1415,1346,1431,1464,1393,1426,1316,323
267: 
998: 
853: 1604
585: 
887: 
1525: 1459,1558,1537,1424,1520,959,952,1365,1379,1387,1456,1373
915: 
1009: 700
275: 1342,1066,1114
959: 1540,1499,1571,1519,1564,1531,1557,1459,1525,1558,1537,1365,1379,1476,1430,1419,1479
913: 
278: 442
892: 
1088: 1064,1015,166
281: 
958: 
1597: 1605,1574
1474: 1501,1376,1514,1554,1479,1482,1349,1506,1478,1464,1316,323,1425
1365: 1379,959,1459,1525,1558,1537,1476,1430,1554,1479,1394,1373,1467,1506,1478
1530: 1445,1526,1561,482
682: 238,168
720: 
960: 
984: 
952: 1533,1337,1495,1424,1496,1520,1459,1525,1558,1537,1387,1456
595: 
1561: 1526,822,1487,1404,1503,985,1560,1451,1542,1445,1530
1435: 1516,1383,1359,1480,1396,1488
672: 
999: 
1162: 1126,1011,1020,153,1128,1136,1037
298: 
1470: 1400,1398,1409,1539,1444
300: 327
956: 836
1414: 1551,307,1573
933: 996,545
904: 
1015: 166,1088,1064
1066: 1069,1067,237,1063,1065,1083,275
307: 1551,1414,840
991: 
1268: 1326,552,448,1598
1454: 1509,1357,1345,1317,1415,1346,1431,1393,1323,1484,1428
311: 1005
312: 382,866
313: 
1536: 1502,1543,1566,1482,1349,1397,1458
1280: 1405,1390
1448: 1472,1346,1431,1464,1393,1426,1316,323,1425,1461,1509,1357,1395,1436,1484,1428,1410,1399,1452
989: 
1069: 1067,1068,237,1063,1065,1083,1066
1601: 1590,1587,1606,969
320: 338,839
576: 502
945: 
323: 1464,1393,1426,1316,1394,1373,1467,1506,1478,1501,1376,1474,1514,1345,1317,1415,1346,1431,1425,1461,1448,1395
981: 
946: 977
326: 255
327: 300
1161: 492
570: 
1037: 153,1128,1136,1114,1126,1011,1020,1162
1592: 1528,521
918: 451
1184: 1149,461
1425: 1461,1506,1478,1501,1376,1474,1514,1464,1393,1426,1316,323,1448,1395,1436
1323: 985,1345,1317,1415,1346,1431,1509,1357,1454,1484
1020: 1126,1011,1162,153,1128,1136,1037
1243: 492
338: 320,839
1460: 1399,1452,1429,1472,1436,1428,1489,1410,1406,1400,1398,61,1409,1539,1433
840: 307,1573
938: 936
966: 995
1433: 1460,1429,1406,1398,61,1409,1539
937: 
1477: 1397,1458,1341
921: 939
347: 1336
1326: 1268,552,448,1598
349: 
997: 457
1482: 1349,1450,1388,1578,1572,1527,1536,1502,1543,1566,1501,1474,1514
917: 
836: 956
1468: 454
1342: 275
1067: 1069,1068,237,1063,1065,1083,1066
970: 
1603: 552,1583,1499,1571
1488: 1480,1396,1383,1435,1359
1452: 1460,1399,1429,1448,1472,1395,1436,1428,1489,1410,1406,1400,1398,61,1409
627: 1602,1532
1431: 1345,1317,1415,1346,1394,1373,1467,1506,1478,1464,1393,1426,1316,323,1323,1509,1357,1454,1448
931: 
565: 
1504: 1367,1405,1390,1359
1005: 311
1405: 1280,1491,1390,1504
1573: 1551,1414,840
964: 
815: 
1317: 1345,1415,1346,1431,1394,1373,1467,1393,1426,1316,323,1323,1509,1357,1454
954: 
662: 727
1590: 1601,1587,1606,969
1444: 1447,1400,1398,1539,1465,1515,1470,1517
1558: 1459,1525,1537,1424,959,952,1365,1379
1548: 1513
564: 
817: 437
1586: 1565
969: 1587,1606,1601,1590
382: 312
1136: 153,1128,1037,1114,1126,1011,1020,1162
1554: 1476,1430,1419,1479,1519,1564,1531,1557,1450,1365,1373,1467,1506,1478,1501,1376,1474,1514
987: 
935: 1576,1556,986
1542: 233,1560,1451,1526,1561,1434,1512,1585
1083: 237,1063,1065,1069,1067,1068,1066
974: 
907: 
1598: 1268,1326,448,1443
930: 996
577: 410
983: 
865: 
396: 
1564: 1519,1531,1557,1499,1571,959,1450,1388,1578,1476,1430,1554,1419,1479
910: 
936: 938
400: 
401: 
402: 
403: 
404: 
405: 
406: 
407: 
408: 
409: 
410: 577
411: 
412: 438
413: 580,472
414: 479
415: 
416: 
417: 
418: 
419: 
420: 
421: 526
422: 
423: 
424: 
425: 
426: 
427: 
428: 
429: 
430: 
431: 
432: 
433: 
434: 472
435: 
436: 
437: 817
438: 412
439: 527,599
440: 
441: 
442: 278
443: 
444: 
445: 
446: 
447: 
448: 1268,1326,1598
449: 
450: 
451: 918,962
452: 
453: 
454: 1468
455: 
456: 1562,1581
457: 1563,997
458: 
459: 
460: 
461: 1149,1184
462: 
463: 
464: 
465: 
466: 
467: 
468: 
469: 
470: 
471: 
472: 413,434
473: 
474: 
475: 1580,1547
476: 
477: 
478: 
479: 530,414
480: 1253,1278,1605,1574
481: 
482: 1445,1530
483: 
484: 
485: 
486: 
487: 1450,1388,1578,1572,1527
488: 
489: 
490: 
491: 
492: 1202,1243,1161
493: 
494: 
495: 
496: 561
497: 
498: 928
499: 
500: 
501: 
502: 576
503: 
504: 
505: 
506: 
507: 
508: 
509: 
510: 
511: 
512: 580
513: 
514: 
515: 
516: 
517: 
518: 
519: 
520: 
521: 1592,1528
522: 905
523: 
524: 
525: 
526: 421,901
527: 439
528: 
529: 
530: 479,537
531: 
532: 
533: 
534: 
535: 
536: 
537: 530
538: 
539: 
540: 
541: 
542: 
543: 
544: 
545: 996,933
546: 
547: 
548: 
549: 
550: 
551: 
552: 1268,1326,1583,1603
553: 
554: 
555: 
556: 
557: 
558: 
559: 
560: 
561: 496
1575: 1475
1390: 1405,1280,1491,1504,1367
1391: 1517,1465,1515
1396: 1480,1488,1435,1359,822,1487,1404,1503
1397: 1458,1349,1536,1502,1543,1566,1477
1398: 61,1409,1539,1428,1489,1410,1460,1399,1452,1429,1400,1433,1444,1470
1399: 1460,1452,1429,1448,1472,1395,1436,1428,1489,1410,1406,1398,61,1409
1400: 1484,1428,1489,1410,1460,1452,1447,1398,61,1409,1539,1465,1515,1444,1470
1472: 1448,1464,1393,1461,1395,1436,1484,1428,1489,1410,1460,1399,1452,1429
1402: 1348,994
1560: 1451,822,1487,1404,1503,233,1526,1561,1542
1404: 822,1487,1503,1480,1396,1387,1456,985,1560,1526,1561
1585: 1512,1434,1542,1565
1588: 157,903
1409: 1398,61,1539,1489,1460,1399,1452,1429,1406,1400,1433,1470
1410: 1428,1489,1448,1472,1395,1436,1484,1460,1399,1452,1429,1400,1398,61
1516: 1533,1337,1495,1383,1435
1604: 853
1605: 1574,480,1597,1253,1278
1602: 1532,627
1419: 1476,1430,1554,1479,959,1519,1564,1531,1557,1450,1388,1578,1506,1478
1515: 1465,1447,1400,1444,1391,1517
1426: 1464,1393,1316,323,1394,1373,1467,1506,1478,1501,1376,1345,1317,1415,1346,1431,1425,1461,1509,1357,1448,1395,1436
1537: 1459,1525,1558,1424,1496,959,952,1365,1379