1466: 1407,1337,959,1508,1495,1520,1521,1496,1459,1525,1498,1424
639: 
1068: 1069,1067,1209,237,1063,1065,1083,949
1141: 1100
796: 969
566: 313
949: 1068,237,1063,1065,1266
7: 820
1347: 1483,1495,1520,1494,1337,1440,1516,1533,1521,1496,1459,1525,1473,1435,1462,1401
1126: 1011,1020,1162,153,1128,1136,1037,965
977: 
1375: 1386,1463,1350,1485,1378
1373: 323,1506,1467,1365,1379,1389,1476,1430,1419,1479,1323,1454,1478,1501,1317,1394,1415,1346,1431,1325,1345,1464,1316,1426,1393,1425
1324: 1530,1445,1522,985,1358,1532,42,1455,1441,1437,105,1505,1469,1492
1394: 1317,1415,1346,1431,1325,1345,1323,1454,323,1467,1373,1464,1316,1426,1393,985,1509,1357
15: 29,746
754: 69
17: 
1509: 1357,1408,1317,1394,1415,1346,1431,1325,1345,1426,1393,1522,985,1448,1472,1455,1441,1437,1500,1428
583: 
1441: 42,1455,1437,1522,985,1509,1357,1408,1530,1324,1445,1500,1505,1469,1492,1417,1457,1484,1447
1376: 1474,1478,1501,1514,1510,1511,1527,1482,323,1506,1467,1464,1316,1426,1393,1425,1461,1397,1458,1477,1341
900: 
1520: 1483,1347,1495,1494,1407,1466,1337,1440,1516,1533,1521,1496,1459,1525,1473,1462,1401
1337: 1407,1466,1494,1508,1483,1347,1495,1520,1521,1496,1459,1525,1424
1383: 1359,1302,1280,1440,1516,1473,1435,1405
643: 
1393: 1464,1316,1426,1323,1454,323,1506,1467,1373,1376,1478,1501,1317,1394,1415,1346,1431,1325,1345,1425,1461,1509,1357,1408,1410,1448,1472,1395,1436,1452,1399
1498: 1424,1407,1466,1508,1353,1496,1525,1537
29: 15
562: 
740: 
1174: 1062,1146,1097,1105
822: 1487,1435,1462,1401,1503,1480,1456,1387,1396,1404,1488
947: 975
563: 
985: 1522,1317,1394,1415,1346,1431,1325,1345,1509,1357,1408,1530,1324,1445,42,1455,1441,1437,1500
37: 
646: 
868: 338
995: 551
875: 
42: 1455,1441,1437,1522,985,1530,1324,1445,1500,105,1505,1469,1492,1417,1457,1484
957: 469
44: 223,411
1367: 1451,1405,1480,1504,1396,1488,1336,1382,233,1512,1434
961: 
766: 
814: 63,898,125
968: 
1281: 965,1020,1162
929: 
939: 963
905: 
1534: 1384,1439,1364,574
727: 662
572: 
1257: 
832: 
1533: 1440,1516,1421,1494,1483,1347,1495,1520,1473
792: 
61: 1409,1428,1400,1489,1460,1429,1398,1515,1465,1433,1444,1470
839: 
63: 814,898
1252: 1253,1305,911,1278
65: 
698: 864
922: 579
589: 
69: 754
1469: 1505,1492,1417,1530,1324,1445,42,1455,1441,1437,1500,105,1484,1485,1339
598: 1290,904,1295
1202: 492
1128: 153,1136,1037,1114,965,1126,1011,1020,1162
587: 
607: 
864: 698
569: 590
996: 
854: 
605: 227
916: 
1172: 278,965
1384: 1444,1517,1470,1416,1439,627,1534
591: 
926: 
1487: 822,1435,1462,1503,1480,1456,1387,1396,1404,1488
1265: 
1429: 1460,1410,1448,1395,1436,1452,1399,1402,1348,1406,1428,1489,1409,61,1433
944: 
582: 
1295: 598
948: 
1349: 1527,1482,487,456,1388,1510,1443,1513,1536,1474,1514,1502
1064: 1088
588: 
1253: 1252,911,1278,478
994: 1413,986
1305: 1252
1358: 1532,1385,1526,1530,1324,1445,105
1266: 1096,949,1146,1097,1151,1105
593: 
102: 
872: 
908: 
105: 1358,1532,1530,1324,1445,42,1505,1469,1492,1417,1350,1485
955: 
1346: 1317,1394,1415,1431,1325,1345,1323,1454,323,1506,1467,1373,1464,1316,1426,1393,985,1509,1357,1448,1472
906: 
659: 
581: 592
1522: 985,1317,1325,1345,1509,1357,1408,1530,1324,1445,42,1455,1441,1437,1500
932: 
575: 545
993: 
1364: 574,1534
851: 320,137
1395: 1436,1452,1399,1464,1316,1426,1393,1425,1461,1477,1341,1410,1448,1472,1406,1429
1350: 1485,105,1505,1417,1386,1375,1463,1378
119: 
1278: 911,1253,1252,478
1387: 1456,1462,1401,822,1487
1316: 1464,1426,1393,1323,323,1506,1467,1373,1376,1474,1478,1501,1514,1394,1415,1346,1431,1325,1425,1461,1448,1395,1436
123: 
1209: 1069,1067,1068,237,1063,1065,1083,1066
125: 898,814
975: 947
911: 1278,1253,1252,478
898: 125,63,814
597: 
979: 
988: 
963: 921,939
1302: 1280,1285,1383
1465: 1398,1515,1500,1400,1489,1460,1457,1484,1447,1409,61,1339,1444,1517,1470
951: 
1348: 1402,1406,1397,1458,1477,1341,1436,1452,1429,1370,1524
137: 320,851
592: 581
1063: 237,1065,1083,1069,1067,1209,1068,1066,949,278
140: 
1421: 1494,1440,1533,1483
986: 994
143: 
586: 
903: 
1097: 1146,1151,1096,1266,1105,1174,1062
596: 
1359: 1383,1280,1440,1473,1435,1405,1503,1480
1451: 1367,1405,1503,1480,1504,1396,1404,1488,1336,1382,233,1385,1512,1526,1434
580: 
894: 
978: 
153: 1128,1136,1037,1114,965,1126,1011,1020,1162
980: 
1151: 1146,1097,1096,1266,1105
568: 434
157: 935,1507,1418,1432
965: 1172,153,1128,1136,1037,1126,1011,1020,1162,1281
1413: 1453,1432,994
902: 475
1517: 1444,1398,1465,1470,1416,1384,1439
1523: 1475,1471,1370,1524,1528,1433,1414,307
1430: 1476,1419,1481,1519,1499,952,1531,1450,487,1365,1379,1389,1479,1511,1506,1467,1373,1478
1114: 275,278,153,1128,1136,1037
594: 
166: 1015,311,1005
820: 7
168: 238,682
700: 1009,531
1493: 1369,1412,1361
171: 
746: 15
1361: 1493,1468
574: 1364,1534
940: 
1065: 237,1063,1083,1069,1067,1209,1068,1066,949,278
1382: 1336,1504,1367,1451,1298,1343,233
923: 
1062: 1174,1097
1053: 278
901: 
1343: 1298,1491,1504,1336,1382
183: 
992: 
1290: 598
1336: 1382,1504,1367,1451,1298,1343,233
967: 
573: 
1406: 1402,1348,1461,1477,1341,1395,1436,1452,1399,1460,1429,1370,1524
976: 
919: 
1415: 1317,1394,1346,1431,1325,1345,1323,1454,323,1467,1373,1464,1316,1426,1393,985,1509,1357
1208: 
590: 569
1464: 1316,1426,1393,323,1506,1467,1373,1376,1474,1478,1501,1394,1415,1346,1431,1325,1425,1461,1410,1448,1472,1395,1436,1452,1399
1514: 1376,1474,1478,1501,1419,1479,1388,1510,1511,1349,1527,1482,323,1506,1316,1425,1397,1458
962: 
927: 
199: 384
584: 
934: 
1285: 1302,1280
953: 
1197: 492
973: 
206: 
982: 481
1357: 1509,1408,1317,1394,1415,1346,1431,1325,1345,1426,1393,1522,985,1472,1455,1441,1437
924: 
1453: 1413,1432
1424: 1498,1407,1466,1337,1508,1353,1521,1496,1459,1525,1537,1401
990: 
578: 
1341: 1397,1458,1477,1376,1501,1425,1461,1395,1436,1452,1402,1348,1406
1149: 461,1184
1388: 1479,1510,1511,1481,952,1531,1450,487,456,1419,1349,1527,1482,1506,1474,1478,1501,1514
1502: 1349,1527,1482,1443,1513,1536,1418,1397,1458
914: 467
1298: 1343,1491,1336,1382
1011: 1126,1020,1162,153,1128,1136,1037,965
866: 294,312
925: 425
223: 411,44
1100: 1141
1489: 1428,1400,1408,1410,1452,1399,1500,1460,1429,1457,1484,1447,1398,1515,1465,1409,61
941: 
227: 605
912: 
950: 
943: 
706: 
232: 
233: 1504,1367,1451,1396,1488,1336,1382,1385,1512,1526,1434
1510: 1479,1388,1511,952,1531,1450,487,456,1419,1349,1527,1482,1506,1376,1474,1478,1501,1514
703: 
579: 922
237: 1063,1065,1083,1069,1067,1209,1068,1066,949,278
238: 168,682
920: 
1379: 1365,1389,1476,1430,1323,1454,1467,1373
599: 
604: 
243: 
1370: 1524,1402,1348,1406,1528,1433,1475,1471,1523
971: 
972: 
1508: 959,1407,1466,1337,1353,1521,1496,1498,1424,1537
1105: 1096,1266,1146,1097,1151,1174
877: 
1129: 
251: 
1345: 1317,1394,1415,1346,1431,1325,1323,1454,1467,1373,1426,1393,1522,985,1509,1357,1472
1526: 1385,1512,1434,1451,1396,233,1358,1532
1512: 1385,1526,1434,1367,1451,1396,1404,1488,233
255: 326
942: 
571: 
844: 
1501: 1376,1474,1478,1514,1419,1479,1388,1510,1511,1527,1482,323,1506,1467,1373,1464,1316,1426,1393,1425,1461,1397,1458,1477,1341
1439: 1444,1517,1470,1384,1534
928: 
1499: 1481,1519,952,1353,1537,1531,1450,1476,1430
567: 
264: 365
909: 
1096: 1266,1146,1097,1151,1105
267: 
998: 377
853: 
585: 989,958
887: 
1325: 1317,1394,1415,1346,1431,1345,1323,1454,323,1467,1373,1464,1316,1426,1393,1522,985,1509,1357,1408,1410,1448,1472
915: 
1009: 700,531
275: 1342,1066,278,1114
959: 1518,480,1407,1466,1508,1353
913: 
278: 237,1063,1065,1083,1066,275,1114,1053,1172
892: 
1088: 1064
281: 
958: 585,989
1369: 1412,1493
623: 
1365: 1379,1389,1537,1476,1430,1323,1454,1467,1373
1449: 1535,1412
682: 238,168
720: 384
960: 
984: 
952: 1481,1519,1499,1531,1450,487,1389,1476,1430,1419,1479,1388,1510,1511
595: 
1331: 1342
294: 866,312
672: 
999: 
1162: 1126,1011,1020,153,1128,1136,1037,965,1281
298: 
1363: 
300: 
956: 
1414: 1409,1528,1433,1475,1471,1523,307
933: 
904: 454,598
1015: 166,311,1005
1066: 1069,1067,1209,237,1063,1065,1083,275,278
307: 1528,1475,1471,1523,1414,840
991: 
1268: 552,1326,480
1454: 1323,1365,1379,1389,323,1467,1373,1317,1394,1415,1346,1431,1325,1345,1426,1393
311: 1005,166,1015,557
312: 294,866
313: 396,566
1385: 1512,1526,1434,1451,1396,233,1358
1280: 1302,1285,1306,1383,1359
712: 358
989: 585,958
1069: 1067,1209,1068,237,1063,1065,1083,1066
856: 
320: 851,137
576: 502
945: 
323: 1506,1467,1373,1389,1419,1323,1454,1376,1474,1478,1501,1514,1394,1415,1346,1431,1325,1464,1316,1426,1393,1425,1461
981: 
946: 
326: 255,773
327: 
1161: 
570: 
1037: 153,1128,1136,1114,965,1126,1011,1020,1162
1386: 1375,1463,1350,1485
918: 
1184: 461,1149
1425: 1461,323,1506,1467,1373,1376,1474,1478,1501,1514,1464,1316,1426,1393,1397,1458,1477,1341,1448,1395,1436,1452,1399
1323: 1454,1365,1379,1389,323,1467,1373,1317,1394,1415,1346,1431,1325,1345,1316,1426,1393
1020: 1126,1011,1162,153,1128,1136,1037,965,1281
1243: 492
338: 868
1378: 1350,1485,1391,1339,1375,1463,1416
840: 307
938: 
966: 551
1306: 1280,1390
937: 
634: 627
921: 963
347: 
1326: 552,1268
349: 
997: 
806: 
917: 907
836: 
1339: 1391,1505,1469,1492,1417,1457,1484,1447,1398,1515,1465,1444,1378,1416
1342: 1331,275
1067: 1069,1209,1068,237,1063,1065,1083,1066
970: 
358: 712
1488: 1396,1404,1503,1480,822,1487,1367,1451,233,1512,1434
1452: 1395,1436,1399,1464,1393,1425,1461,1341,1410,1448,1472,1402,1348,1406,1428,1489,1460,1429
627: 1416,1384,634
1431: 1317,1394,1415,1346,1325,1345,1323,1454,323,1506,1467,1373,1464,1316,1426,1393,985,1509,1357,1448
931: 
565: 
365: 264
1005: 311,166,1015,557
1405: 1383,1359,1390,1504,1367,1451
1146: 1097,1151,1096,1266,1105,1174
964: 
815: 
1317: 1394,1415,1346,1431,1325,1345,1323,1454,1467,1373,1426,1393,1522,985,1509,1357
954: 
662: 727
1412: 1369,1449,1535,1493
710: 
667: 473
377: 998
564: 
817: 
688: 
969: 796
382: 
1136: 153,1128,1037,1114,965,1126,1011,1020,1162
384: 720,199
987: 
935: 157,1507,1432
1353: 959,1508,1498,1424,1537,1481,1519,1499
1083: 237,1063,1065,1069,1067,1209,1068,1066,278
974: 
907: 917
391: 
930: 
577: 451
983: 
865: 
396: 313
773: 326
910: 
936: 426
400: 
401: 
402: 
403: 
404: 427
405: 
406: 
407: 422
408: 
409: 
410: 
411: 223,454,44
412: 
413: 
414: 
415: 
416: 
417: 
418: 
419: 
420: 522
421: 
422: 407,560
423: 
424: 
425: 925
426: 936
427: 404
428: 
429: 537
430: 
431: 
432: 
433: 
434: 568
435: 
436: 
437: 
438: 
439: 
440: 
441: 
442: 1403
443: 
444: 
445: 
446: 
447: 
448: 
449: 
450: 
451: 577
452: 
453: 
454: 904,411
455: 
456: 1531,1450,487,1479,1388,1510,1511,1349,1527,1482,1443,1513,1536
457: 
458: 
459: 
460: 
461: 1184,1149
462: 
463: 467
464: 
465: 
466: 
467: 463,914
468: 
469: 957
470: 
471: 
472: 
473: 667
474: 
475: 902
476: 
477: 561
478: 1253,911,1278
479: 
480: 552,1268,959
481: 982
482: 
483: 
484: 
485: 
486: 
487: 1531,1450,1481,1519,952,456,1476,1430,1419,1479,1388,1510,1511,1349,1527,1482
488: 
489: 
490: 
491: 
492: 1197,1202,1243
493: 
494: 
495: 
496: 
497: 
498: 
499: 
500: 
501: 
502: 576
503: 
504: 
505: 
506: 
507: 
508: 
509: 
510: 
511: 
512: 
513: 
514: 
515: 
516: 
517: 
518: 
519: 
520: 
521: 
522: 420
523: 
524: 
525: 
526: 
527: 
528: 
529: 
530: 
531: 700,1009
532: 
533: 
534: 
535: 
536: 
537: 429
538: 
539: 
540: 
541: 
542: 
543: 
544: 
545: 575
546: 
547: 
548: 
549: 
550: 
551: 966,995
552: 1268,1326,480
553: 
554: 
555: 
556: 
557: 311,1005
558: 
559: 
560: 422
561: 477
1389: 1365,1379,1537,952,1476,1430,1419,1323,1454,323,1506,1467,1373
1390: 1306,1405,1504
1391: 1339,1417,1378,1416
1396: 1404,1488,1503,1480,822,1487,1367,1451,233,1385,1512,1526,1434
1397: 1458,1477,1341,1376,1474,1501,1514,1502,1425,1436,1402,1348
1398: 1515,1465,1428,1400,1489,1460,1457,1484,1447,1409,61,1339,1444,1517,1470
1399: 1395,1436,1452,1464,1426,1393,1425,1461,1410,1448,1472,1406,1428,1400,1489,1460,1429
1400: 1428,1489,1408,1410,1472,1399,1500,1460,1457,1484,1447,1398,1515,1465,61
1401: 1483,1347,1495,1520,1521,1496,1459,1525,1424,1462,822,1456,1387
1402: 1348,1406,1397,1458,1477,1341,1436,1452,1429,1370,1524
1403: 442
1404: 1396,1488,1503,1480,822,1487,1451,1512,1434
1407: 1466,1337,1518,959,1508,1495,1520,1521,1496,1525,1498,1424
1408: 1509,1357,1325,1393,1522,985,1410,1448,1472,1455,1441,1437,1500,1428,1400,1489
1409: 61,1489,1460,1429,1398,1515,1465,1528,1433,1444,1470,1414
1410: 1448,1472,1325,1464,1393,1461,1408,1395,1436,1452,1399,1428,1400,1489,1460,1429
1516: 1440,1533,1494,1483,1347,1495,1520,1383,1473,1435,1462
1416: 1391,1339,1517,1378,1384,627
1417: 1505,1469,1492,42,1441,1500,105,1457,1484,1447,1350,1485,1391,1339
1418: 1443,1513,1536,1502,157,1507
1419: 1476,1430,1481,952,1531,1450,487,1389,1479,1388,1510,1511,323,1506,1467,1373,1474,1478,1501,1514
1515: 1398,1465,1500,1428,1400,1489,1460,1457,1484,1447,1409,61,1339,1444,1470
1426: 1464,1316,1393,1323,1454,323,1506,1467,1373,1376,1478,1501,1317,1394,1415,1346,1431,1325,1345,1425,1461,1509,1357,1448,1472,1395,1436,1399
1537: 1508,1353,1498,1424,1481,1519,1499,1365,1389,1476
1428: 1400,1489,1509,1408,1410,1448,1472,1452,1399,1500,1460,1429,1457,1484,1447,1398,1515,61
1432: 157,935,1507,1453,1413
1433: 1528,1460,1429,1370,1524,1409,61,1475,1471,1523,1470,1414
1434: 1385,1512,1526,1367,1451,1396,1404,1488,233
1435: 1473,1440,1516,1347,1383,1359,1462,1503,1480,822,1487
1436: 1395,1452,1399,1464,1316,1426,1393,1425,1461,1397,1458,1477,1341,1410,1448,1472,1402,1348,1406,1429
1437: 42,1455,1441,1522,985,1509,1357,1408,1324,1500,1505,1469,1492,1457,1484
1535: 1449,1412
1440: 1516,1533,1421,1494,1483,1347,1495,1520,1383,1359,1473,1435
1443: 1513,1536,456,1349,1527,1482,1418,1502
1444: 1517,1457,1484,1447,1398,1515,1465,1409,61,1339,1470,1384,1439
1445: 1530,1324,1522,985,1358,1532,42,1455,1441,105,1505,1469
1447: 1457,1484,1441,1500,1428,1400,1489,1492,1417,1398,1515,1465,1339,1444
1448: 1410,1472,1346,1431,1325,1464,1316,1426,1393,1425,1461,1509,1408,1395,1436,1452,1399,1428,1429
1450: 1531,487,1481,1519,1499,952,456,1476,1430,1419,1479,1388,1510,1511
1455: 42,1441,1437,1522,985,1509,1357,1408,1530,1324,1445,1500,1505,1469,1492,1457,1484
1456: 1387,1462,1401,822,1487
1457: 1484,1447,42,1455,1441,1437,1500,1428,1400,1489,1492,1417,1398,1515,1465,1339,1444
1458: 1397,1477,1341,1376,1474,1501,1514,1502,1425,1436,1402,1348
1459: 1521,1496,1525,1466,1337,1483,1347,1495,1520,1424,1462,1401
1460: 1429,1410,1452,1399,1406,1428,1400,1489,1398,1515,1465,1409,61,1433
1461: 1425,323,1376,1501,1464,1316,1426,1393,1477,1341,1410,1448,1472,1395,1436,1452,1399,1406
1462: 1516,1347,1495,1520,1459,1525,1473,1435,1401,1503,822,1487,1456,1387
1463: 1386,1375,1350,1485,1378
1467: 323,1506,1373,1365,1379,1389,1476,1430,1419,1323,1454,1376,1478,1501,1317,1394,1415,1346,1431,1325,1345,1464,1316,1426,1393,1425
1468: 1361
1470: 1398,1515,1465,1409,61,1433,1444,1517,1384,1439
1471: 1475,1523,1370,1524,1528,1433,1414,307
1472: 1410,1448,1346,1325,1345,1464,1426,1393,1461,1509,1357,1408,1395,1436,1452,1399,1500,1428,1400
1473: 1435,1440,1516,1533,1483,1347,1520,1383,1359,1462,1480
1474: 1376,1478,1501,1514,1419,1479,1388,1510,1511,1349,1527,1482,323,1506,1464,1316,1425,1397,1458
1475: 1471,1523,1370,1524,1528,1433,1414,307
1476: 1430,1419,1537,1481,1519,1499,952,1531,1450,487,1365,1379,1389,1479,1511,1506,1467,1373,1478
1477: 1397,1458,1341,1376,1501,1425,1461,1395,1436,1402,1348,1406
1478: 1376,1474,1501,1514,1476,1430,1419,1479,1388,1510,1511,1527,1482,323,1506,1467,1373,1464,1316,1426,1393,1425
1479: 1388,1510,1511,1481,952,1531,1450,487,456,1476,1430,1419,1527,1482,1506,1373,1474,1478,1501,1514
1480: 1503,1359,1473,1435,822,1487,1367,1451,1396,1404,1488
1481: 1519,1499,952,1353,1537,1531,1450,487,1476,1430,1419,1479,1388,1511
1482: 1349,1527,487,456,1479,1388,1510,1511,1443,1513,1536,1376,1474,1478,1501,1514,1502
1483: 1347,1495,1520,1421,1494,1337,1440,1516,1533,1521,1459,1525,1473,1401
1484: 1457,1447,42,1455,1441,1437,1500,1428,1400,1489,1505,1469,1492,1417,1398,1515,1465,1339,1444
1485: 1350,105,1505,1469,1492,1417,1386,1375,1463,1378
1494: 1421,1337,1440,1516,1533,1483,1347,1495,1520,1521
1511: 1479,1388,1510,1481,952,1531,1450,487,456,1476,1430,1419,1527,1482,1506,1376,1474,1478,1501,1514
1491: 1298,1343
1492: 1505,1469,1417,1324,42,1455,1441,1437,1500,105,1457,1484,1447,1485,1339
1495: 1483,1347,1520,1494,1407,1466,1337,1440,1516,1533,1521,1496,1459,1525,1462,1401
1496: 1521,1459,1525,1407,1466,1337,1508,1347,1495,1520,1498,1424,1401
1513: 1443,1536,456,1349,1527,1482,1418,1502
1500: 1522,985,1509,1408,1472,42,1455,1441,1437,1428,1400,1489,1505,1469,1492,1417,1457,1484,1447,1515,1465
1503: 1480,1359,1435,1462,822,1487,1451,1396,1404,1488
1504: 1390,1405,1367,1451,1343,1336,1382,233
1505: 1469,1492,1417,1530,1324,1445,42,1455,1441,1437,1500,105,1484,1350,1485,1339
1506: 323,1467,1373,1389,1476,1430,1419,1479,1388,1510,1511,1376,1474,1478,1501,1514,1346,1431,1464,1316,1426,1393,1425
1507: 157,935,1418,1432
1518: 959,1407
1519: 1481,1499,952,1353,1537,1531,1450,487,1476,1430
1521: 1496,1459,1525,1494,1407,1466,1337,1508,1483,1347,1495,1520,1424,1401
1524: 1370,1402,1348,1406,1528,1433,1475,1471,1523
1525: 1521,1496,1459,1407,1466,1337,1483,1347,1495,1520,1498,1424,1462,1401
1527: 1349,1482,487,456,1479,1388,1510,1511,1443,1513,1536,1376,1474,1478,1501,1514,1502
1528: 1433,1370,1524,1409,1475,1471,1523,1414,307
1536: 1443,1513,456,1349,1527,1482,1418,1502
1530: 1324,1445,1522,985,1358,1532,42,1455,1441,105,1505,1469
1531: 1450,487,1481,1519,1499,952,456,1476,1430,1419,1479,1388,1510,1511
1532: 1358,1526,1530,1324,1445,105