1574: 1605
543: 
1068: 1632,1656,1630,1655,1659,1653,1654,1657,1658,1640,1638,1627,1619,1624
1141: 1100,1688,1656,461,1708,1746
1543: 904,1349
566: 
949: 1651,1662,1640,1638,1627,1619,1644,1624,1636,1645,1639,1646,1686,1664
1581: 1562,903,1474,1514
1445: 1530
1701: 1671,1700
977: 
1519: 1564,1430,1419,1557,1450,1531,1554,1476
1373: 1637,1467,1537,1558
1572: 1527,456
1394: 1379,1415,1365,994,1345,1317,1346,1426,323,1431
535: 
1878: 996,452,1845,1896
1459: 1525
1509: 1357,1345,1428,1489
583: 
1619: 1640,1638,1627,1644,1624,1632,1068,1731,1655,1659,1657,1636,1645,1639,1646,1651,1662,949
1376: 1395,1461,1501,1460
900: 
1520: 1495,552,1424,1456
1337: 1690,1503
500: 
520: 
1393: 1346,1426,1316,323,1431,994,1345,1317,1461,1395
1602: 1532,1528,1592,521
1623: 1066,1521,1618,1063,1065,1609,1083,1615,1731,1053
562: 
509: 
1174: 1062,531
822: 1487
947: 
563: 
985: 487,952,1419,1557
1450: 1531,1554,1519,1564,1430,1479,1476
1434: 1512
1556: 1576
995: 
551: 
1532: 1602,1528,1592,521
957: 
1540: 1499,1571
1687: 1668,1684,1663,1268,1326,1682
961: 
495: 
1456: 1520,1495,1387
968: 
1718: 1765,1713,1733,1697,1787,1694,1714
929: 944
939: 956
905: 
1461: 1346,1393,1426,1316,323,1431,1395,1376,1501
552: 1672,1424,1520,1495
572: 
1506: 1478,1554,1479
560: 
504: 
1479: 1443,1598,1397,1450,1531,1554,1506,1478
61: 1460
539: 
558: 
1527: 1572,456
1495: 1520,552,1424,1456
1582: 1569,403
922: 
589: 
1874: 1872,1899,1893,1873,1895,1770,1897,1839,1868,1914,1907,1830,1882,1884,1871,1838
1600: 1789,477
598: 1788,1901
1202: 1650,1676,1684,1663,1682
1781: 1767,1779,1752,1827,1836
587: 
515: 
1571: 1540,1499,487,952,1419,1557
569: 
996: 1836,1766,1724,1878
1823: 1886,1912,1904,1887,1848,1911,1913,1867,1864,1902,1906,1843,1905,1880
1690: 1337,1503
916: 
1172: 1617,1635,1136
1605: 1574
591: 
926: 
1487: 822
1513: 1548
532: 
944: 929
582: 
1295: 
948: 
1349: 904,1543
1064: 1088,965
588: 
1253: 1278,1617,1635,1136,153,478,1578,1388
994: 1379,1394,1415,1365,1345,1317,1346,1393,1426,1316,323,1431
1518: 1558
1496: 1660,1578,1388,1268,1326
1869: 1785
593: 570
1426: 1346,1393,1316,323,1431,1394,1415,994,1345,1317,1461,1395
544: 
908: 
1606: 1844,1877,1853,1835,1769,1771,1810
955: 
1346: 1393,1426,1316,323,1431,1379,1394,1415,1365,994,1345,1317,1461,1395
906: 
1635: 1617,1136,153,478,1172,1253,1278
581: 
498: 537
932: 406
575: 1762,525,1910,1892,1890,1782,1862,1716,1885,1866
993: 
1646: 1639,1655,1640,1638,1627,1619,1644,1624,1636,1645,1651,1662,949
531: 1062,1174
1395: 1376,1346,1393,1426,1316,323,1431,1461,1501
1428: 1489,1509,1357
513: 
1278: 1253,1617,1635,1136,153,478,1578,1388
1387: 1456
1316: 1346,1393,1426,323,1431,1415,994,1345,1317,1461,1395
1671: 1700,853,1677,1701,915
1458: 1397,1443,1598
506: 991
975: 
911: 1585,1565
555: 
597: 
979: 
988: 497
963: 
1684: 1663,1202,1243,1161,1650,1676,1268,1326,1682,1668,1687
538: 
951: 
1348: 1402
536: 
592: 
1063: 1618,1065,1609,1083,1612,1067,1069,1620,1615,1731,1623,1521
1562: 1581,903,1474,1514
1569: 1582,403
986: 
559: 
586: 1841,1760,1797,1807
903: 1474,1514,1581,1562
1589: 1732
596: 1454,1323
1670: 1743,1723,1698,1745,1722,1733,1713
557: 
580: 
537: 498
978: 
153: 1617,1635,1136,478,1253,1278
980: 
1901: 1788,1793,1804,1860,1870,1834,598
568: 
157: 1588,1501
965: 1064,1088,311,1005
1860: 1856,1821,1730,1793,1804,1834,1788,1901
902: 
556: 
1503: 1404,1337,1690
1430: 1519,1564,1419,1557,1450,1531,1476
541: 
594: 
166: 1015,984
1708: 1746,1100,1141,1656,461,1630,1655,1653,1654,1657,1658
507: 1756,1819,1795,1776,1821,1730
700: 1009
1528: 1602,1532,1592,521
519: 
550: 
1547: 1580,480,1502,1536
574: 
940: 
1065: 1618,1063,1609,1083,1612,1067,1069,1620,1615,1731,1066,1623,1521
1837: 1801,1699,1783
923: 
1062: 1174,531
1053: 1066,1623
901: 
501: 503
1588: 157,1501
992: 
1290: 
534: 1828,1824,1813
967: 546
573: 
547: 
976: 
919: 
1415: 1379,1394,1365,994,1345,1317,1346,1426,1316,323,1431
1565: 911,1585
590: 525
1625: 927,237
1514: 1474,903,1581,1562
962: 1809,1773
927: 1625,237
1578: 1388,1253,1278,1268,1326,1496,1660
584: 
934: 418
1531: 1450,1554,1519,1564,1430,1479,1476
953: 
1197: 1686,1664
973: 
517: 465
982: 
1357: 1509,1345,1317,1428,1489
924: 
1891: 1856,1793,1804
1424: 552,1672,1520,1495,1696,1679
990: 
578: 
1341: 1477
1149: 1184,1811
1388: 1578,1253,1278,1268,1326,1496,1660
1502: 1536,1580,1547
914: 
1419: 1557,1571,1499,985,487,952,1519,1564,1430,1476
1693: 1707,1725,1754,1703,1723,1698,1745,1722
1607: 232
925: 
1521: 1066,1623,1618,1063,1065,1083,1731,1636,1645
1100: 1141,1688,1656,461,1708,1746
1489: 1428,1509,1357
941: 
1659: 1630,1655,1653,1654,1657,1658,1632,1068,1656,461,1640,1638,1627,1619,1624,1639
912: 
950: 
943: 
1443: 1598,959,1397,1458,1479
232: 1607
1742: 1719,1763
1551: 1414
1404: 1503
579: 
237: 927,1806,1881,1908,1625,1820,1858
508: 
920: 
1379: 1394,1415,1365,994,1476,1345,1317,1346,323,1431
599: 
1580: 1547,480,1502,1536
514: 
1476: 1419,1557,1519,1564,1430,1450,1531,1379,1365
971: 
972: 554
1557: 1419,1571,1499,985,487,952,1519,1564,1430,1476
1583: 1603,442,1846,1729,999
1585: 911,1565
1402: 1348
1576: 1556
1345: 1317,1379,1394,1415,1365,994,1346,1393,1426,1316,323,1431,1509,1357
1526: 1561,1398,445
1512: 1434
512: 
942: 
571: 
1478: 1506,1554,1479
1501: 1461,1395,1376,1588,157,1460
1563: 
928: 
1499: 1540,1571,487,952,1419,1557
567: 
528: 
909: 
1467: 1537,1558,1373
524: 525
998: 
853: 1677,1671,1700
585: 
523: 
1525: 1459
915: 1671,1700
1009: 700
533: 
959: 448,1443,1598,1397
913: 
530: 
496: 
1088: 1064,965
522: 
958: 
553: 463,423
1474: 1514,903,1581,1562
1365: 1379,1394,1415,994,1476,1345,1317,1346,323,1431
1530: 1445
510: 
542: 
960: 
984: 1015,166
952: 985,487,1571,1499,1419,1557
595: 
1561: 1526,1398,445
505: 
521: 1592,1602,1532,1528
999: 1583,1603
1795: 1776,981,1756,1819,507
518: 
1680: 1648,1686,1664,1692
502: 
956: 939
1414: 1551
933: 452
904: 1349,1543
1015: 166,984
1066: 1623,1521,1618,1065,1609,1083,1615,1731,1053
549: 
991: 409,506
1268: 1326,1578,1388,1684,1663,1496,1660,1668,1687
1454: 1323,596
311: 1005,965
554: 972
497: 988
1536: 1502,480,1580,1547
548: 
526: 
989: 
1069: 1620,1612,1067,1618,1063,1065,1609,1083,1615
1601: 1590
545: 1845,1896,930
576: 
945: 
323: 1346,1393,1426,1316,1431,1379,1394,1415,1365,994,1345,1317,1461,1395
981: 1717,1796,1736,1751,1795,1776
946: 
516: 
1637: 1373
1161: 1650,1676,1684,1663,1682
570: 593
1716: 1862,525,575
1592: 521,1602,1532,1528
918: 
1184: 1149,1811
1714: 1694,1718,1765,1787,1695,1721
1323: 1454,596
1686: 1664,1651,1662,949,1754,1197,1680,1648
1243: 1650,1676,1684,1663,1682
499: 
1460: 1376,1501,61
1732: 1589
938: 
966: 
1700: 1671,853,1677,1701,915
937: 
1477: 1341
921: 
1698: 1723,1745,1722,1707,1693,1725,1743,1670
1326: 1268,1578,1388,1684,1663,1496,1660,1668,1687
540: 
997: 
503: 501
917: 
1766: 1836,996,1724
1537: 1467,1558,1373
546: 967
1067: 1612,1069,1620,1618,1063,1065,1609,1083
970: 
1603: 1583,442,1846,1729,999
1733: 1743,1670,1718,1765,1713,1697
1668: 1687,1684,1663,1268,1326,1682
1719: 1763,1742,1703,1720,1699
1431: 1346,1393,1426,1316,323,1379,1394,1415,1365,994,1345,1317,1461,1395
931: 
565: 
529: 
1005: 311,965
561: 
1624: 1640,1638,1627,1619,1644,1632,1068,1630,1655,1659,1653,1654,1657,1658,1636,1645,1639,1646,1651,1662,949
964: 
1398: 445,1526,1561
1317: 1345,1379,1394,1415,1365,994,1346,1393,1426,1316,323,1431,1357
954: 
1575: 1642,1641,1643
1590: 1601
1741: 1811
1558: 1518,1467,1537,1373
1548: 1513
564: 
511: 
1788: 1901,1793,1804,1860,1841,1870,1834,598
969: 
527: 
1136: 1617,1635,153,478,1172,1253,1278
1554: 1450,1531,1598,1519,1479,1506,1478
987: 
935: 420
1397: 1458,959,1443,1598,1479
1083: 1618,1063,1065,1609,1612,1067,1069,1620,1615,1731,1066,1623,1521
974: 
907: 
1598: 1443,959,1397,1458,1554,1479
930: 545
577: 1672
983: 
525: 590,524,575,1862,1716
1409: 
1564: 1519,1430,1419,1557,1450,1531,1476
910: 
936: 
400: 437
401: 
402: 
403: 1582,1569
404: 
405: 
406: 932
407: 
408: 
409: 991,1778
410: 
411: 
412: 
413: 
414: 
415: 
416: 
417: 
418: 934
419: 
420: 935
421: 
422: 
423: 463,553
424: 
425: 
426: 
427: 
428: 
429: 
430: 
431: 
432: 
433: 
434: 
435: 
436: 
437: 400
438: 
439: 
440: 
441: 
442: 1825,1791,1583,1603
443: 
444: 
445: 1398,1526,1561
446: 
447: 
448: 959
449: 
450: 
451: 
452: 1878,933,1845
453: 476
454: 
455: 
456: 1572,1527
457: 
458: 
459: 
460: 
461: 1656,1632,1100,1141,1630,1655,1659,1653,1654,1657,1658,1708,1746
462: 
463: 423,553
464: 
465: 517
466: 
467: 
468: 
469: 
470: 
471: 
472: 
473: 
474: 
475: 
476: 453
477: 1789,1600
478: 1617,1635,1136,153,1253,1278
479: 
480: 1580,1547,1536
481: 
482: 
483: 
484: 
485: 
486: 
487: 985,952,1571,1499,1419,1557
488: 
489: 
490: 
491: 
492: 
493: 
494: 
1609: 1618,1063,1065,1083,1612,1067,1069,1620,1615,1731,1066,1623
1699: 1719,1763,1783,1837,1801
1676: 1202,1243,1161,1650,1684,1663,1682
1612: 1067,1069,1620,1618,1063,1065,1609,1083
1721: 1695,1685,1694,1714,1665,1702
1672: 577,552,1424,1696,1679
1615: 1069,1620,1618,1063,1065,1609,1083,1066,1623
1729: 1846,1583,1603
1617: 1635,1136,153,478,1172,1253,1278
1618: 1063,1065,1609,1083,1612,1067,1069,1620,1615,1731,1066,1623,1521
1620: 1069,1612,1067,1618,1063,1065,1609,1083,1615
1627: 1640,1638,1619,1644,1624,1632,1068,1731,1655,1659,1657,1636,1645,1639,1646,1651,1662,949
1636: 1645,1731,1521,1640,1638,1627,1619,1644,1624,1639,1646,1651,1662,949
1629: 1633
1630: 1655,1659,1653,1654,1657,1658,1632,1068,1656,461,1640,1638,1624,1708,1746,1639
1631: 1634
1632: 1068,1656,461,1630,1655,1659,1653,1654,1657,1658,1640,1638,1627,1619,1624
1633: 1629
1634: 1631
1638: 1640,1627,1619,1644,1624,1632,1068,1630,1655,1659,1653,1654,1657,1658,1636,1645,1639,1646,1651,1662,949
1639: 1646,1630,1655,1659,1653,1654,1657,1658,1640,1638,1627,1619,1644,1624,1636,1645,1651,949
1640: 1638,1627,1619,1644,1624,1632,1068,1630,1655,1659,1653,1654,1657,1658,1636,1645,1639,1646,1651,1662,949
1641: 1643,1575,1642
1642: 1575,1641,1643
1643: 1641,1575,1642
1644: 1640,1638,1627,1619,1624,1636,1645,1639,1646,1651,1662,949
1645: 1636,1731,1521,1640,1638,1627,1619,1644,1624,1639,1646,1651,1662,949
1685: 1695,1721,1665
1648: 1680,1686,1664,1692
1696: 1679,1672,1424
1650: 1202,1243,1161,1676,1684,1663,1682
1651: 1662,949,1640,1638,1627,1619,1644,1624,1636,1645,1639,1646,1686,1664
1677: 853,1671,1700
1653: 1630,1655,1659,1654,1657,1658,1632,1068,1656,461,1640,1638,1624,1708,1746,1639
1654: 1630,1655,1659,1653,1657,1658,1632,1068,1656,461,1640,1638,1624,1708,1746,1639
1655: 1630,1659,1653,1654,1657,1658,1632,1068,1656,461,1640,1638,1627,1619,1624,1708,1746,1639,1646
1656: 461,1632,1068,1100,1141,1630,1655,1659,1653,1654,1657,1658,1708,1746
1657: 1630,1655,1659,1653,1654,1658,1632,1068,1656,461,1640,1638,1627,1619,1624,1708,1639
1658: 1630,1655,1659,1653,1654,1657,1632,1068,1656,461,1640,1638,1624,1708,1746,1639
1660: 1496,1578,1388,1268,1326
1720: 1703,1719,1763
1662: 1651,949,1640,1638,1627,1619,1644,1624,1636,1645,1646,1686,1664
1663: 1684,1202,1243,1161,1650,1676,1268,1326,1682,1668,1687
1664: 1686,1651,1662,949,1197,1680,1648
1665: 1702,1685,1695,1721
1679: 1696,1672,1424
1682: 1202,1243,1161,1650,1676,1684,1663,1668,1687
1689: 1768,1817,1790
1688: 1750,1875,1100,1141
1797: 1760,586,1863,1807
1692: 1680,1648
1694: 1714,1718,1765,1695,1721
1695: 1721,1685,1694,1714,1665,1702
1697: 1733,1718,1765,1713,1787
1702: 1665,1695,1721
1703: 1720,1719,1763,1693,1725
1908: 1806,1881,1857,1879,1842,1903,1859,237,1820
1767: 1779,1781,1752
1842: 1903,1882,1871,1838,1857,1879,1835,1881,1908,1859
1707: 1693,1725,1754,1723,1698,1745,1722
1731: 1618,1063,1065,1609,1083,1066,1623,1521,1627,1619,1636,1645
1730: 1756,1819,507,1821,1860,1841,1870,1834
1724: 1836,1766,996
1713: 1718,1765,1743,1670,1733,1697
1717: 1796,1835,1769,1771,1810,981
1722: 1723,1698,1745,1707,1693,1743,1670
1723: 1698,1745,1722,1707,1693,1725,1743,1670
1725: 1707,1693,1754,1703,1723,1698
1841: 1870,1834,1821,1730,586,1788
1728: 1896,1792
1807: 586,1760,1797,1863
1772: 1802,1792
1736: 1751,981
1737: 1888
1830: 1907,1882,1884,1897,1874,1872,1899,1839,1868,1914,1871,1838,1879
1765: 1718,1713,1733,1697,1787,1694,1714
1740: 1847,1778,1798
1743: 1670,1723,1698,1745,1722,1733,1713
1778: 1847,409,1824,1813,1798,1740
1745: 1723,1698,1722,1707,1693,1743,1670
1746: 1708,1100,1141,1656,461,1630,1655,1653,1654,1658
1796: 1717,1835,1769,1771,1810,981
1858: 237,1820,1856
1813: 534,1824,1847,1778,1798
1750: 1875,1688
1751: 1736,981
1752: 1767,1779,1781,1827,1836
1801: 1837,1699,1783
1754: 1686,1707,1693,1725
1857: 1879,1868,1914,1907,1882,1884,1871,1838,1842,1903,1806,1881,1908,1859
1756: 1819,507,1795,1776,1821,1730
1835: 1871,1853,1606,1842,1769,1771,1810,1717,1796
1760: 1797,586,1863,1807
1762: 1864,1902,1906,1843,1910,1892,1890,1782,575
1763: 1719,1742,1703,1720,1699
1825: 1791,442
1768: 1832,1817,1689
1769: 1771,1810,1606,1835,1717,1796
1770: 1873,1895,1909,1849,1893,1897,1874,1872,1899,1839
1771: 1769,1810,1606,1835,1717,1796
1773: 1809,962
1775: 1898,1831
1776: 1795,981,1756,1819,507
1779: 1767,1781,1752
1782: 1910,1892,1890,1762,1864,1906,1843,575,1885,1866
1783: 1811,1699,1837,1801
1785: 1869
1881: 1806,1908,1857,1879,1842,1903,1859,237,1820
1787: 1718,1765,1697,1714
1789: 1600,477
1790: 1817,1689
1791: 1825,442
1792: 1728,1845,1896,1772,1802
1793: 1804,1856,1891,1860,1788,1901
1798: 1847,1778,1813,1740
1809: 1773,962
1802: 1772,1792
1803: 1876,1900,1885,1866,1844,1877,1818,1827
1804: 1793,1856,1821,1891,1860,1788,1901
1890: 1910,1892,1782,1762,1864,1902,1906,1843,575,1880,1885,1866
1806: 1881,1908,1857,1879,1903,1859,237,1820
1867: 1883,1911,1913,1909,1849,1886,1823,1912,1904,1887,1848,1873,1905,1851
1810: 1769,1771,1853,1606,1835,1717,1796
1811: 1149,1184,1741,1783
1844: 1877,1905,1851,1880,1900,1885,1866,1876,1803,1853,1606
1885: 1866,1864,1906,1843,1910,1892,1890,1782,575,1880,1900,1844,1877,1876,1803
1817: 1832,1768,1790,1689
1818: 1803,1828,1827
1819: 1756,507,1795,1776,1821,1730
1820: 1806,1881,1908,237,1858
1821: 1756,1819,507,1856,1730,1804,1860,1841,1870,1834
1824: 534,1847,1778,1813
1859: 1857,1879,1842,1903,1806,1881,1908
1827: 1803,1818,1828,1781,1752
1828: 1818,534,1827
1831: 1775,1898
1832: 1768,1817
1880: 1900,1886,1823,1912,1904,1887,1848,1864,1902,1906,1843,1910,1892,1890,1905,1851,1885,1866,1844,1877
1834: 1841,1870,1821,1730,1860,1788,1901
1836: 1781,1752,1766,996,1724
1838: 1871,1874,1839,1907,1830,1882,1884,1857,1879,1842,1903
1839: 1770,1874,1872,1899,1907,1830,1882,1884,1871,1838
1851: 1905,1913,1867,1912,1887,1848,1906,1843,1880,1900,1844,1877
1843: 1864,1902,1906,1762,1886,1823,1912,1904,1887,1848,1910,1892,1890,1782,1905,1851,1880,1900,1885,1866
1845: 1896,1878,452,1792,545
1846: 1583,1603,1729
1847: 1778,1824,1813,1798,1740
1848: 1886,1823,1912,1904,1887,1883,1911,1913,1867,1864,1902,1906,1843,1905,1851,1880,1900
1849: 1909,1883,1911,1913,1867,1893,1873,1895,1770
1853: 1844,1877,1871,1606,1835,1810
1855: 1894
1856: 1858,1821,1891,1793,1804,1860
1862: 1716,525,575
1863: 1760,1797,1807
1864: 1902,1906,1843,1762,1886,1823,1912,1904,1887,1848,1910,1892,1890,1782,1905,1880,1885,1866
1899: 1874,1872,1893,1873,1895,1770,1897,1839,1868,1914,1907,1830,1882,1884
1866: 1885,1864,1843,1910,1892,1890,1782,575,1880,1844,1877,1876,1803
1868: 1914,1897,1874,1899,1907,1830,1882,1884,1857,1879
1870: 1841,1834,1821,1730,1788,1901
1871: 1838,1874,1839,1907,1830,1882,1884,1853,1857,1879,1842,1903,1835
1872: 1874,1899,1893,1873,1895,1770,1897,1839,1907,1830,1882,1884
1873: 1895,1770,1909,1849,1883,1911,1913,1867,1893,1897,1874,1872,1899
1875: 1750,1688
1876: 1803,1900,1885,1866,1844,1877
1877: 1844,1905,1851,1880,1900,1885,1866,1876,1803,1853,1606
1879: 1857,1868,1914,1907,1830,1882,1884,1871,1838,1842,1903,1806,1881,1908,1859
1882: 1907,1830,1884,1897,1874,1872,1899,1839,1868,1914,1871,1838,1857,1879,1842,1903
1883: 1911,1913,1867,1909,1849,1886,1912,1904,1887,1848,1873,1895,1905
1884: 1907,1830,1882,1897,1874,1872,1899,1839,1868,1914,1871,1838,1857,1879
1886: 1823,1912,1904,1887,1848,1883,1911,1913,1867,1864,1902,1906,1843,1905,1880
1887: 1886,1823,1912,1904,1848,1883,1911,1913,1867,1864,1902,1906,1843,1905,1851,1880,1900
1888: 1737
1892: 1910,1890,1782,1762,1864,1902,1906,1843,575,1880,1885,1866
1893: 1909,1849,1873,1895,1770,1897,1874,1872,1899
1894: 1855
1895: 1873,1770,1909,1849,1883,1911,1893,1897,1874,1872,1899
1896: 1845,1878,1728,1792,545
1897: 1893,1873,1895,1770,1874,1872,1899,1868,1914,1907,1830,1882,1884
1898: 1775,1831
1900: 1880,1912,1887,1848,1906,1843,1905,1851,1885,1844,1877,1876,1803
1902: 1864,1906,1843,1762,1886,1823,1912,1904,1887,1848,1910,1892,1890,1905,1880
1903: 1842,1907,1882,1871,1838,1857,1879,1806,1881,1908,1859
1904: 1886,1823,1912,1887,1848,1883,1911,1913,1867,1864,1902,1906,1843,1905,1880
1905: 1851,1883,1911,1913,1867,1886,1823,1912,1904,1887,1848,1864,1902,1906,1843,1880,1900,1844,1877
1906: 1864,1902,1843,1762,1886,1823,1912,1904,1887,1848,1910,1892,1890,1782,1905,1851,1880,1900,1885
1907: 1830,1882,1884,1897,1874,1872,1899,1839,1868,1914,1871,1838,1857,1879,1903
1909: 1849,1883,1911,1913,1867,1893,1873,1895,1770
1910: 1892,1890,1782,1762,1864,1902,1906,1843,575,1880,1885,1866
1911: 1883,1913,1867,1909,1849,1886,1823,1912,1904,1887,1848,1873,1895,1905
1912: 1886,1823,1904,1887,1848,1883,1911,1913,1867,1864,1902,1906,1843,1905,1851,1880,1900
1913: 1883,1911,1867,1909,1849,1886,1823,1912,1904,1887,1848,1873,1905,1851
1914: 1868,1897,1874,1899,1907,1830,1882,1884,1857,1879