1574: 1605
543: 
1068: 1632,1656,1630,1655,1659,1653,1654,1657,1658,1640,1638,1627,1619,1624
1141: 1100,1699
1543: 1349
566: 1348
949: 
1581: 1562,1474,559,1514,554
1445: 1530,1526,1561
1701: 2040,2392,2334,1700,2410,2454,1671
977: 2563,2623,2602,2579,995,2255,2189,1867,1886,1913,2578
1519: 1564,1430,1531,1499,1479,1554,1450,1476
1373: 1467,1578,1388
1572: 1527,1601,1590,973,970,1458,1397
1394: 1379,1415,1365,903,1588,157,1345,1317,1346,1431
535: 
1939: 2072,2580,2223,2021,2594,966
1459: 952,1525,1456,1503,1404
1509: 1357,1345,1346,1393
583: 2050,2087,2223
1619: 1640,1638,1627,1644,1624,1646,1632,1068,1655,1659,1653,1657,1636,1645,1639,1680
1376: 1501
900: 2360,2491,2444,2503
1520: 1495,1478,1506
1337: 1690,822
500: 463
520: 
1393: 1431,1426,903,1345,1317,1346,1461,1509,1395
1602: 1532,1323,503
1623: 1066,1618,1065,1083,1615,1053,492,1731,1521
562: 
509: 2536,2450,2561
1174: 981,531,1928,1785,1062
822: 1337,1690,1487
947: 
563: 
985: 
1450: 1519,1564,1430,1531,1476
2261: 2272,2091,2140,2201,2234,2159,2342,2094,2110,2282,2339,2240,2337,2089,2345,2404,2338,2181,2149,2258,2045,2204,2323,2132,2280,2139,2279,2281,2236
1556: 1576
995: 2255,2189,1867,1886,1913,977,502,1991,1979,1883
551: 
1532: 1602,1323,503
957: 
1540: 1499,1571,1479,1554
1687: 1668,454
961: 987
495: 420
1456: 1525,1387,1459
968: 
1718: 1765
929: 
939: 
905: 
1461: 1431,1393,1426,1395
552: 
572: 
1506: 1495,1520,1478
560: 2615,2515,2605
504: 
1479: 1554,1540,1499,1571,1519,1564,1430,1588,157,1476
61: 1460
539: 
558: 
1527: 1572,1601,1590,973,970,1458,1397
1495: 1520,1478,1506
2145: 2199,2260,2198,2132,2139,2237,2329,2197,2196,2191,2254,568,2098,2042,2097,2161
922: 
589: 2442,2407,2551,2565
1874: 2540,1872,2509,2571,1770,2486,2504,2489,1830,1882,1884,2554
1600: 1789,1732
598: 586
1202: 
1781: 1752,534,1978,1818,1847,1778
587: 
515: 
1571: 1540,1499,1479,1554,1564
569: 1940,1823,1965,1941,444,1921,1848
996: 525,993
1823: 1940,569,1965,1941,444,1921,1920,1848
1690: 1337,822
916: 2117,2206
1172: 1268,1326,1635,1617,1136
1605: 1574
591: 
926: 2148,2224,2498,2499
1487: 822
1513: 1548
532: 
944: 
582: 2521,2370
1295: 
948: 
1349: 1543
1064: 1088
588: 2555,2483,2446,2448,2209,2447,2556,2481
1253: 700,1009,1278
994: 986
1518: 
1496: 1660,1424,1672,1685,1696
1869: 981
593: 
1426: 1431,1393,903,1345,1317,1346,1461,1395
544: 
908: 1629,1633
1606: 1853,2510,2494,1871,2583,1810,1771,1769,1736,1751
955: 
1346: 1345,1317,1379,1394,1415,1365,903,1431,1393,1426,1509,1357
906: 
1635: 153,1617,1136,1637,1172,1268,1326
581: 
498: 436,471
932: 
575: 1843,1887,1912,1917,1770,1877,1844
993: 996
1646: 1640,1638,1627,1619,1644,1624,1655,1636,1645,1639,1648,1680
531: 1928,1785,1174,1062
1395: 1431,1393,1426,1461
2602: 2579,2021,2594,2563,2623,977,2255,2189,1867,1913
513: 1832,1768,451
1278: 700,1009,1253
1387: 1525,1456
2541: 1951,2528,2559,2516,1933,2560,2539,2486,2504,1914
1671: 2364,915,2465,853,1677,2488,2464,2427,1701,2040,2392,2334,1700,2410,2454,2263,2409,2394,2262
1458: 1397,1572,1527,970,559,1514,554
506: 2034,2101
975: 
911: 2336,2070,2069
555: 
597: 
979: 
988: 
963: 
1684: 1663,1424,1672,1685
538: 
951: 
1348: 1402,566
536: 
592: 
1063: 1618,1065,1609,1083,1615,1612,1067,1069,1620
1562: 1581,1474,559,1514,554
2578: 977,1867,1913,1899,2619,1926
986: 994
559: 1514,554,1458,1397,1474,1562,1581
586: 598,965,2007
903: 1379,1394,1415,1365,1588,157,1345,1317,1346,1431,1393,1426
1589: 1732
596: 
1670: 1743
557: 
580: 1985,2116
537: 
978: 
153: 1635,1617,1136,1637,1268,1326
980: 1787,1697
1974: 1921,1963,1942
568: 2272,2091,2140,2201,2132,2280,2139,2279,2237,2281,2329,2197,2196,2191,2043,2236,2145,2199,2260,2198,2098,2042,2097
157: 1588,1479,1554,1430,1476,1379,1394,1415,1365,903
965: 586
2637: 2613,2616,2599,2632,2603,2639,2612,2630,2642,2611,2610,2564,2609,2493,2646,2645,2647
902: 
556: 
1503: 1404,952,1459
1430: 1519,1564,1531,1479,1554,1450,1588,157,1476
541: 
594: 
166: 1015
1708: 1746
507: 1776,1960,1736,1751
700: 1009,1253,1278
1528: 1592
519: 
550: 
1547: 1580
574: 
940: 2096,2290
1065: 1618,1063,1609,1083,1615,1612,1067,1069,1620,1066,1623
1837: 1783,1719,1763
923: 
1062: 531,1928,1785,1174
1053: 492,1066,1623,1268,1326
901: 
501: 
1588: 157,1479,1430,1476,1379,1394,1415,1365,903
992: 
1290: 
534: 1876,2004,1803,2057,1752,1781,1978,1818
967: 
573: 
547: 
976: 
919: 
1415: 1379,1394,1365,903,1588,157,1345,1317,1346,1431
1565: 1585,1721,1695,962
590: 2036,1995,2018,2061
1625: 237,1858,1820
1514: 559,554,1458,1397,1474,1562,1581
962: 1585,1565
927: 2501,2508,1938,1907,1915,2496,2537,2631,1793
1578: 1388,969,1373
584: 
934: 
1531: 1519,1564,1430,1450,1476
953: 
1197: 
973: 1601,1590,1572,1527
517: 465
982: 414
1357: 1509,1345,1346
924: 
1891: 2631,1793,1629,1633,2593,2641
1424: 1672,1685,1663,1684,1496,1660
990: 
578: 
1341: 1477,2596,2621
1149: 1184
1388: 1578,1373
1502: 1536
914: 
1419: 1557,577
1693: 1707,1725,1754,1723,1698
1607: 232
925: 1953,1825
1521: 1731,1066,1623,1636,1645,1664,1686
1100: 1141,1699
2107: 2150,2184,2185,2183,2238,2251,2131,2225,2249,2219,2288,2252,2312,2250,2253,2300,2283,2216,2259,2138,2248,2256,2162,2129,2247,2234,2159,2163,2062,2175,2182,1994,2188,2186,2064,2187,2181,2149,2258,2323
941: 
1659: 1630,1655,1653,1654,1657,1658,1632,1068,1656,1640,1638,1627,1619,1624,1639
912: 546
950: 
943: 
1443: 1598
232: 1607
2540: 1874,2509,2571,1770,2486,2504,2489,1830,1882,1884,2554,2510
1551: 445,1414
1404: 1503,952,1459
579: 
237: 1625,1858,1820
508: 
920: 
1379: 1394,1415,1365,903,1588,157,1476,1345,1317,1346,1431
599: 
1580: 1547
514: 1629,1633,2593,2641
1476: 1479,1554,1519,1564,1430,1531,1450,1588,157,1379,1365
971: 
972: 529
1557: 1419,577
1583: 909,1603,446
1585: 1565,1721,1695,962
1402: 1348
1576: 1556
1345: 1317,1346,1379,1394,1415,1365,903,1431,1393,1426,1509,1357
1526: 1561,1530,1445
2281: 2132,2280,2139,2279,2237,2094,2282,2339,2089,2345,2404,2338,2002,2193,2066,2405,2277,2272,2091,2140,2261,2201,2329,2197,2196,2191,2236,568,2199,2260
512: 
942: 
571: 2096,2290
1478: 1495,1520,1506
1501: 1376
1563: 
928: 
1499: 1540,1571,1479,1554,1519,1564
567: 
528: 
909: 1603,1583
1467: 1373
524: 1999,2020
998: 
853: 1677,2377,2476,2475,2523,2488,2464,2512,2427,2364,1671,915,2465,2040,2392,1700
585: 576
523: 
1525: 1456,1387,952,1459
915: 2364,1671,2465,2476,2523,853,1677,2433,2512,2152,2427,2040,2392,2334,1700,2410,2454,2419,2416,2310,2378,2265,2365,2379,2263,2333,2409,2394,2262
1009: 700,1253,1278
533: 
959: 
913: 
530: 
496: 
1088: 1064
522: 
958: 
553: 
1474: 559,1514,554,1562,1581
1365: 1379,1394,1415,903,1588,157,1476,1345,1317,1346,1431
1530: 1445,1526,1561
510: 
542: 
960: 999
984: 1719,1763
952: 1459,1525,1503,1404
595: 
1561: 1526,1530,1445
505: 
521: 1592
999: 960
2589: 2625,2469,2587,2617
518: 
1680: 1639,1648,1640,1638,1619,1644,1624,1646,1636,1645,1703,1720,1754
502: 1991,995,2255,2189,1867,1886,1913,1979,1883
956: 
1414: 1551,445
933: 
904: 
1015: 166
1066: 1623,1618,1065,1083,1615,1053,492,1731,1521
549: 
991: 1855,1984,409
1268: 1172,1326,1053,492,153,1635,1617,1136,1637,1676,1650
1454: 2627,2590,1323,2640,2575
311: 1005
554: 559,1514,1458,1397,1474,1562,1581
497: 
1536: 1502
548: 
526: 
989: 
1069: 1620,1612,1067,1063,1065,1609,1083,1615
1601: 1590,973,1572,1527,970
545: 1788,1970,1729,1846,1928,1785
576: 585
945: 2638,2612,2630,2642,2633,2614,2639,2611,2610,2564,2609
2527: 2151,2529
981: 1869,1174
946: 2049,2090,2075,1966,2141,2074,2030,2036,1995,2061
516: 
1637: 153,1635,1617,1136,1268,1326
1161: 
570: 
1985: 2116,580,1950
1592: 521,1528
918: 1773,2350,2545,2449,2595,2596,2621
1184: 1149
1714: 1694
1323: 2596,2621,1454,2640,2575,1532,1602
1686: 1664,1636,1645,1731,1521,1676,1650
1243: 
499: 
1460: 61
1732: 1589,1789,1600
938: 450
966: 1939,2021,2594
1700: 1701,2040,2392,2334,2410,2454,853,1677,2488,2464,2268,2462,2364,1671,915,2465,2266,2263,2409,2394,2262
937: 
1477: 1341,2596,2621
921: 
1698: 1707,1693,1725,1723,1692
1326: 1172,1268,1053,492,153,1635,1617,1136,1637,1676,1650
540: 2428,2568,2534,2529,2422,2474
997: 
503: 2640,1532,1602
917: 
1766: 1836,1798,1740
1537: 1558,1713
546: 912
1067: 1612,1069,1620,1618,1063,1065,1609,1083,1615
970: 1601,1590,1572,1527,1458,1397
1603: 909,446,1583
2233: 2348,2383,2166,2385,2302,2384,2426,2418,2208,2359,1997,2366,2213,2207,2211,2210
1668: 1687,454
1719: 1763,984,1783,1837
1431: 1393,1426,1379,1394,1415,1365,903,1345,1317,1346,1461,1395
931: 
565: 
529: 972
1005: 311
561: 
1624: 1640,1638,1627,1619,1644,1646,1632,1068,1630,1655,1659,1653,1654,1657,1658,1636,1645,1703,1639,1648,1680
964: 
2033: 1948,1864,2059,1955,1922,1919,1910,1890,2057
1317: 1345,1346,1379,1394,1415,1365,903,1431,1393,1426
954: 
1575: 1642,1641,1643
1590: 1601,973,1572,1527,970
2104: 2164,2103,2228,2038,2227,2050,2087,2229
1558: 1537,1692,1713
1548: 1513
564: 
511: 
1788: 1760,1797,1807,1970,545
969: 1578
527: 
1136: 153,1635,1617,1637,1172,1268,1326
1554: 1479,1540,1499,1571,1519,1564,1430,157,1476
987: 480,961
935: 
1397: 1458,1572,1527,970,559,1514,554
1083: 1618,1063,1065,1609,1615,1612,1067,1069,1620,1066,1623
974: 
907: 
1598: 1443
930: 1729,1846,1802
577: 1419,1557
983: 
525: 996
1984: 1855,409,991,1847,1778
1564: 1519,1430,1531,1499,1571,1479,1554,1450,1476
910: 
936: 
400: 
401: 
402: 
403: 
404: 
405: 
406: 
407: 
408: 
409: 1855,1984,991,1847,1778
410: 
411: 
412: 483
413: 
414: 982,429
415: 1750,1875
416: 
417: 
418: 
419: 
420: 495
421: 
422: 
423: 
424: 435
425: 
426: 467
427: 
428: 
429: 414
430: 
431: 
432: 
433: 
434: 
435: 424
436: 498
437: 
438: 
439: 
440: 
441: 
442: 452
443: 
444: 1965,1941,1940,569,1823
445: 1551,1414
446: 1603,1583
447: 
448: 
449: 
450: 938
451: 1832,1768,513
452: 442
453: 
454: 1668,1687
455: 2446,2448,2209,2447
456: 
457: 
458: 
459: 
460: 
461: 
462: 
463: 500
464: 
465: 517
466: 
467: 426
468: 
469: 
470: 
471: 498
472: 
473: 
474: 
475: 
476: 
477: 
478: 1729
479: 
480: 987
481: 
482: 
483: 412
484: 
485: 
486: 
487: 
488: 
489: 
490: 2450,2561,2568,2534
491: 
492: 1053,1651,1066,1623,1268,1326
493: 
494: 
1609: 1618,1063,1065,1083,1615,1612,1067,1069,1620
1699: 1100,1141,1745,1722
1676: 1650,1731,1268,1326,1664,1686
1612: 1067,1069,1620,1618,1063,1065,1609,1083,1615
1721: 1695,1585,1565
1672: 1424,1685,1663,1684,1496,1660
1615: 1618,1063,1065,1609,1083,1612,1067,1069,1620,1066,1623
1729: 1846,930,1772,1802,1970,545,478
1617: 153,1635,1136,1637,1172,1268,1326
1618: 1063,1065,1609,1083,1615,1612,1067,1620,1066,1623
1620: 1069,1612,1067,1618,1063,1065,1609,1083,1615
1627: 1640,1638,1619,1644,1624,1646,1632,1068,1655,1659,1653,1657,1636,1645,1639
1636: 1645,1640,1638,1627,1619,1644,1624,1646,1731,1521,1639,1648,1680,1664,1686
1629: 908,1891,1633,514
1630: 1655,1659,1653,1654,1657,1658,1632,1068,1656,1640,1638,1624,1703,1639
1631: 1634,1688
1632: 1068,1656,1630,1655,1659,1653,1654,1657,1658,1640,1638,1627,1619,1624
1633: 1891,2631,1793,908,1629,2593,2641,514
1634: 1631,1688
1638: 1640,1627,1619,1644,1624,1646,1632,1068,1630,1655,1659,1653,1654,1657,1658,1636,1645,1703,1639,1648,1680
1639: 1648,1680,1630,1655,1659,1653,1654,1657,1658,1640,1638,1627,1619,1644,1624,1646,1636,1645,1703,1720
1640: 1638,1627,1619,1644,1624,1646,1632,1068,1630,1655,1659,1653,1654,1657,1658,1636,1645,1639,1648,1680
1641: 1643,1575,1642
1642: 1575,1641,1643
1643: 1641,1575,1642
1644: 1640,1638,1627,1619,1624,1646,1655,1636,1645,1639,1648,1680
1645: 1636,1640,1638,1627,1619,1644,1624,1646,1731,1521,1639,1648,1680,1664,1686
1685: 1424,1672,1663,1684,1496,1660
1648: 1639,1680,1640,1638,1644,1624,1646,1636,1645,1703,1720,1754
1696: 1496,1679
1650: 1676,1268,1326,1664,1686
1651: 1662,492
1677: 853,2377,2476,2475,2523,2488,2464,2512,2427,2364,1671,915,2465,2040,2392,2334,1700
1653: 1630,1655,1659,1654,1657,1658,1632,1068,1656,1640,1638,1627,1619,1624,1639
1654: 1630,1655,1659,1653,1657,1658,1632,1068,1656,1640,1638,1624,1703,1639
1655: 1630,1659,1653,1654,1657,1658,1632,1068,1656,1640,1638,1627,1619,1644,1624,1646,1703,1639
1656: 1632,1068,1630,1655,1659,1653,1654,1657,1658,1703
1657: 1630,1655,1659,1653,1654,1658,1632,1068,1656,1640,1638,1627,1619,1624,1639
1658: 1630,1655,1659,1653,1654,1657,1632,1068,1656,1640,1638,1624,1639
1660: 1496,1424,1672,1685
1720: 1703,1639,1648,1680,1754,1725
1662: 1651
1663: 1684,1424,1672,1685
1664: 1686,1636,1645,1731,1521,1676,1650
1665: 1702,1713
1679: 1696
1682: 1692
1689: 1817,2468
1688: 1634,1631
1797: 1760,1728,1792,1788,1970
1692: 1723,1682,1698,1558
1694: 1714
1695: 1721,1585,1565
1697: 1787,980
1702: 1665,1713
1703: 1656,1630,1655,1654,1638,1624,1639,1648,1680,1720,1754
1982: 2135,2077,2147,2143,2167,2120,2202,2142,2122,2169,2177,2205,2093,2144,2160,2130,2137,2114,2113,2134
1767: 1779,1877,1844,1771,1769
2612: 2638,2630,945,2642,2633,2614,2639,2637,2613,2611,2610,2564,2609
1707: 1693,1725,1754,1723,1698
1731: 1521,1066,1623,1636,1645,1664,1686,1676
1730: 1834,2007,1870,1841
1926: 2619,2578,1899,2600,2598,2528
1713: 1558,1537,1665,1702
1717: 2607,1804,1796,1756,1819
1722: 1745,1699
1723: 1754,1707,1693,1725,1698,1692
1725: 1707,1693,1720,1754,1723,1698
1841: 1870,1730,1834,2007,1863,1807
1728: 1792,1760,1797
1807: 1863,1870,1841,1788
1772: 1802,1970,1729,1846
1736: 1751,1606,1853,1810,1771,1769,1776,1960,507
1737: 1888
1830: 2489,1882,1884,2554,2540,1874,1770,2486,2504,2510,1907,2494,1871
1765: 1718
1740: 1798,1766,1836
1743: 1670
1778: 1847,1752,1781,1855,1984,409,1978,1818
1745: 1722,1699
1746: 1708
1796: 1717,2607,1804,1756,1819
1858: 1820,2611,2610,2564,2609,2493,2646,2644,2645,2647,2650,2648,2649,237,1625
2312: 2219,2288,2252,2250,2289,2331,2214,2311,2215,2351,2024,2238,2251,2131,2225,2249,2253,2300,2283,2216,2259,2138,2129,2247,2107,2150,2184,2185,2183,2234,2159
1750: 1875,415
1751: 1736,1606,1853,1810,1771,1769,1776,507
1752: 1781,1876,534,1978,1818,1847,1778
2132: 2280,2139,2279,2237,2281,2094,2339,2089,2345,2404,2338,2002,2193,2066,2405,2272,2091,2140,2261,2201,2329,2197,2196,2191,2043,2236,568,2145,2199,2260,2198
1754: 1703,1648,1680,1720,1707,1693,1725,1723
2321: 2319,2341,2420,2156,2314,2406,2320,2415,2356,2357,2158,2352,2414,2355,2419,2310,2365,2379,2178,2055,2315,2313,2400,2308,2016,2154,2322,2318,2316,2180,2317,2278,2226,2155,2353,1961,2235,2112,2238,2225
1756: 1819,1776,1960,1717,2607,1804,1796
2603: 2599,2632,2567,2616,2600,2598,2562,2637,2613
1760: 1797,1728,1792,1788,1970
1917: 1920,1848,575,1843
1763: 1719,984,1783,1837
1825: 1953,925
1768: 1832,451,513
1769: 1810,1771,1779,1767,1606,1853,1736,1751
1770: 575,2540,1874,1830,1882,2554,2510
1771: 1810,1769,1779,1767,1606,1853,1736,1751
1773: 2350,918,2545,2584,2449,2595,2596,2621
1775: 1898
1776: 1960,507,1736,1751,1756,1819
1779: 1767,1877,1844,1771,1769
2163: 2062,2175,2122,2169,2177,2205,2259,2138,2248,2256,2162,2129,2247,2107,2185,2183,2093,2144,2160,2130,2182,1994,2188,2186,2064,2113,2134,2080,2092,2176,2037,2133,2012
1783: 1837,1719,1763
1785: 1928,545,531,1174,1062
2046: 2424,2386,2362,2293,2217,2292,2439,2411,2438,2388,2243,2325,2324,2241,2044,2242,2425,2423,2244,2245,2381,2382,2344,2408,2275
1787: 1697,980
1789: 1600,1732
1790: 2525,2371
1791: 1988
1792: 1728,1760,1797
1793: 2631,927,1891,1633,2593,2641,2572,2624
1798: 1740,1766,1836
2076: 2115,2170,2181,2149,2258,2045,2204,2272,2091,2140,2201,2012,2127,2043,2236,2049,2090,2075
1802: 1772,1970,1729,1846,930
1803: 2004,2057,1876,534
1804: 1717,2607,1796,1756,1819
1890: 1922,1919,1910,1920,1948,1864,2059,1955,2033
2080: 2113,2134,2054,2093,2144,2160,2163,2062,2137,2114,2092,2176,2037,2133,2032,2063,2108
1867: 995,2255,2189,1886,1913,2602,2579,977,502,1991,2578,1979,1883
1810: 1771,1769,1606,1853,1736,1751
1811: 
1844: 1877,575,1843,1779,1767
1973: 2053,1947
1817: 1689
1818: 1978,534,1752,1781,1847,1778
1819: 1756,1776,1960,1717,2607,1804,1796
1820: 1858,2611,2610,2564,2609,2493,2646,2644,2645,2647,2650,2648,2649,237,1625
1938: 2508,1907,1933,2560,2539,2486,2504,1914,2489,1884,2501,927
1919: 1922,1910,1890,1920,1848,1948,1864,2059,1955,2033
2143: 2135,2077,2147,1982,2167,2120,2232,2202,2142,2122,2169,2177,2205,2103,2093,2144,2160,2130,2137,2114,2113
2255: 995,2189,1867,1886,1913,2602,2579,977,502,1991,1979,1883
1988: 1791
2042: 2098,2043,2236,568,2145,2198,1966,2141,2074,2030
1832: 1768,451,513
2544: 2451,2497,2438,2291,2388,2452,2425,2568,2534
1834: 1730,2007,1870,1841
1836: 1766,1798,1740
2619: 1926,2578,1899,2528
2580: 2072,1939,2223,2021,2594
2604: 2652,2490,2643,2640,2575
1843: 575,1917,1844
1936: 1967
1846: 1729,930,1772,1802,1970,545
1847: 1778,1752,1781,1855,1984,409,1978,1818
1848: 1920,1940,569,1823,1948,1864,1917,1922,1919
2234: 2159,2312,2253,2283,2216,2244,2246,2245,2381,2347,2107,2150,2184,2185,2183,2342,2094,2110,2282,2339,2240,2337,2182,1994,2188,2186,2187,2181,2149,2258,2045,2204,2323,2272,2091,2261
1853: 1606,2510,2494,1871,2583,1810,1771,1769,1736,1751
1855: 1984,409,991,1847,1778
2133: 2092,2176,2037,2093,2144,2160,2130,2163,2062,2175,2182,2188,2186,2064,2113,2134,2054,2080,2012,2032,2063,2108,2049
1920: 1848,1940,1823,1986,1948,1864,1917,1922,1919,1910,1890
1863: 1807,1870,1841
1864: 1948,1986,1920,1848,2059,1955,1922,1919,1910,1890,2033
1899: 2605,2578,2618,2582,2619,1926,2599,2632,2600,2598,2562,2528
1987: 2003,2015,1972,2036
2127: 2012,2175,2182,1994,2188,2186,2064,2187,2181,2149,2258,2045,2204,2323,2092,2176,2115,2170,2076,2108,2049
1870: 1841,1730,1834,2007,1863,1807
1871: 2494,2583,2489,1830,1882,2554,2510,1606,1853,2537
1872: 2509,2571,2558,1905,1874
2002: 2193,2066,2405,2277,2382,2275,2437,2340,2435,2195,2089,2345,2404,2338,2332,2395,2391,2132,2280,2139,2279,2237,2281,2329,2197,2196,2191,2335,2271,2254
1875: 1750,415
1876: 534,2004,1803,2057,1752
1877: 1844,575,1779,1767
2615: 560,2515
1882: 2489,1830,1884,2554,2540,1874,1770,2486,2504,1914,2510,1907,2494,1871
1883: 1979,995,2255,2189,1867,1886,1913,502,1991,2558,1905
1884: 2489,1830,1882,2554,2540,1874,2486,2504,1914,2510,2508,1938,1907
1886: 995,2255,2189,1867,1913,977,502,1991,1979,1883
1887: 1912,1905,575
1888: 1737
1951: 2541,2528,2559,2516,1933,2560,2539,2486,2504,1914
2533: 2569,2566
2585: 2573,2543,2398,2550,2467,2285,2495,2592,2514,2601,2574,2627,2590
2617: 2635,2588,2601,2574,2469,2587,2490,2626,2643,2625,2589
1948: 1864,1986,1920,1848,2059,1955,1922,1919,1910,1890,2033
1970: 1760,1797,1772,1802,1788,1729,1846,545
1898: 1775
2605: 560,2567,2618,2582,1899
2222: 2524,2484,2548,2487,2429,2480,2477,2456,2485,2530,2434,2466,2431,2402,2461,2376,2417
2311: 2331,2330,2214,2267,2265,2365,2263,2333,2409,2394,2262,2309,2308,2016,2289,2218,2374,2215,2351,2299,2024,2251,2131,2219,2288,2252,2312,2250,2253,2300,2283,2216
2582: 2618,2605,2567,1899,2616,2599,2632,2600,2598,2562
1905: 1979,1883,2558,1887,1912,1872,2509,2571
2522: 2471,2555,2483,2484,2430,2548,2547,2556,2481,2460,2458,2303,2482,2179,2434
1907: 2508,1938,1933,2486,2504,1914,2489,1830,1882,1884,2554,2501,927,1915,2496,2537
2032: 2063,2108,2054,2080,2092,2176,2037,2133,2012,2049,2065,2011
1910: 1922,1919,1890,1920,1948,1864,2059,1955,2033
2064: 2182,1994,2188,2186,2187,2259,2138,2256,2162,2107,2150,2184,2185,2183,2163,2062,2175,2149,2045,2323,2092,2176,2037,2133,2012,2127,2170
1912: 1887,1905,575
1913: 995,2255,2189,1867,1886,2602,2579,977,502,1991,2578,1979,1883
1914: 2486,2504,1951,2541,1933,2560,2539,2489,1882,1884,2501,2508,1938,1907
1915: 2496,2537,1907,2494,2583,927
2400: 2178,2055,2315,2313,2306,2301,2403,2432,2305,2406,2320,2415,2356,2357,2158,2414,2355,2389,2304,2307,2367,2105,2319,2156,2314,2321,2190,2346,2318,2316,2180,2317,2353
1921: 1974,1963,1942,1940,569,1823
1922: 1919,1910,1890,1920,1848,1948,1864,2059,1955,2033
2034: 506,2101
1989: 2459,2399,2479,2460,2458,2303,2482,2179,2443,2168,2445,2306,2301,2403,2432,2305,2302,2307
1950: 2067,1985,2116
2061: 1995,2018,946,2036,590
1928: 1785,545,531,1174,1062
1972: 2015,2029,2052,2065,2011,1963,1942,2003,1987
2559: 2528,1951,2541,2516,1933,2560,2539
2583: 2494,1871,1606,1853,1915,2496,2537
2031: 1976,2212,2366,2213,2207,2211,2165,2349
1933: 2560,2539,2559,1951,2541,2516,2486,2504,1914,2501,2508,1938,1907
2588: 2557,2591,2629,2601,2469,2587,2617,2635
2090: 2075,2115,2076,2043,2236,946,1966,2141,2074,2030
1940: 569,1823,1965,1941,444,1921,1920,1848
1941: 1965,444,1940,569,1823
1942: 1963,2015,1972,1974,1921
1995: 2018,2061,946,2036,590
2125: 2542
2621: 2596,1773,2350,918,1477,1341,1323
1947: 2053,1973
1953: 1825,925
2113: 2134,2054,2080,2135,2077,2147,1982,2143,2093,2144,2160,2130,2163,2062,2137,2114,2092,2176,2037,2133,2063
1955: 2059,1986,2027,2020,1999,1948,1864,1922,1919,1910,1890,2033
2012: 2127,2163,2062,2175,2182,1994,2188,2186,2064,2187,2181,2149,2045,2204,2323,2092,2176,2037,2133,2115,2170,2076,2032,2108,2049,2075
2147: 2135,2077,1982,2143,2167,2120,2232,2202,2142,2122,2169,2103,2093,2144,2160,2130,2228,2038,2227,2137,2114,2113,2134
1960: 1776,507,1736,1756,1819
1961: 2226,2155,2353,2235,2112,2178,2055,2315,2313,2319,2341,2420,2156,2314,2321,2308,2154,2322,2318,2316,2180,2317,2278,2238,2251,2225,2249,2202,2142,2122,2169,2177,2205,2248,2256,2129,2247
1997: 2208,2359,2348,2383,2166,2385,2302,2384,2307,2367,2105,2233,2190,2346,2231,2213,2207,2211,2210,2167,2232
1963: 1942,2015,1972,1974,1921
1986: 1998,2027,2020,1920,1948,1864,2059,1955
1965: 1941,444,1940,569,1823
1966: 2141,2074,2030,2090,2075,2098,2042,946
1967: 1936
1976: 2031,2212,2366,2213,2207,2211,2165,2349
1977: 2039,2006,2068,2004,2057
1978: 1818,534,1752,1781,1847,1778
1979: 1883,995,2255,2189,1867,1886,1913,502,1991,2558,1905
1991: 502,995,2255,2189,1867,1886,1913,1979,1883
1992: 2073
2020: 2027,1998,1986,524,1999,1955
1994: 2182,2188,2186,2064,2187,2259,2138,2256,2162,2247,2107,2150,2184,2185,2183,2234,2159,2163,2062,2175,2181,2149,2258,2045,2204,2323,2176,2012,2127,2170
1998: 1986,2027,2020,1999
1999: 524,1998,2027,2020,1955
2055: 2178,2315,2313,2400,2306,2301,2403,2432,2305,2406,2320,2415,2356,2357,2158,2352,2414,2355,2389,2304,2307,2367,2105,2319,2341,2420,2156,2314,2321,2190,2318,2316,2180,2317,2353,1961
2030: 1966,2141,2074,2090,2075,2098,2042,946
2003: 1987,2015,1972,2036
2004: 1803,2057,1977,2039,1876,534
2108: 2032,2063,2054,2080,2092,2176,2037,2133,2012,2127,2049,2065,2011
2006: 2068,1977,2039
2007: 1730,1834,586,1870,1841
2162: 2259,2138,2248,2256,2129,2247,2155,2235,2112,2251,2131,2225,2249,2252,2250,2122,2169,2177,2205,2107,2150,2184,2185,2183,2093,2144,2160,2130,2163,2062,2175,2182,1994,2188,2186,2064
2105: 2389,2304,2307,2367,2399,2479,2306,2301,2305,2383,2166,2385,2302,2384,2055,2315,2400,2208,2359,1997,2190,2346,2231,2270,2318,2316,2180,2317,2278
2026: 2119
2011: 2065,2032,2063,2108,2029,2052,2015,1972
2347: 2244,2246,2245,2381,2215,2351,2243,2325,2324,2241,2044,2386,2253,2283,2382,2344,2408,2275,2234,2159,2342,2094,2110,2282,2339,2240,2337,2089,2345,2404,2338
2591: 2557,2629,2597,2511,2588,2469,2587
2015: 1972,2029,2052,2065,2011,1963,1942,2003,1987
2016: 2309,2308,2154,2322,2289,2218,2357,2355,2419,2416,2310,2378,2265,2365,2379,2333,2319,2341,2420,2156,2314,2321,2331,2330,2214,2267,2311,2226,2155,2238,2251,2131,2225,2249,2219,2288,2252,2250
2018: 1995,2061,2036,590
2611: 2610,2564,2609,2637,2613,2638,2612,2630,945,2642,2493,2646,1858,1820
2021: 2594,2072,1939,2580,966,2602,2579
2057: 2004,1803,2033,1977,2039,1876,534
2639: 2576,2651,2606,2616,2633,2614,2637,2613,2638,2612,2630,945,2642,2610,2564,2609
2024: 2374,2215,2351,2299,2263,2333,2409,2394,2262,2293,2331,2330,2214,2267,2311,2243,2325,2044,2219,2288,2252,2312,2250,2253,2300,2283,2216,2244,2246
2027: 2020,1998,1986,1999,1955
2146: 2274
2029: 2052,2065,2011,2015,1972
2442: 589,2407,2551,2565
2036: 946,1995,2018,2061,2003,1987,590
2037: 2092,2176,2133,2093,2144,2160,2163,2062,2175,2188,2064,2113,2134,2054,2080,2012,2032,2063,2108,2049
2038: 2228,2227,2077,2147,2164,2104,2229,2121,2099,2095
2039: 1977,2006,2004,2057
2040: 1701,2392,2334,1700,2410,2454,853,1677,2488,2464,2268,2462,2364,1671,915,2465,2266,2361,2363,2263,2333,2409,2394,2262,2362,2293,2217
2289: 2309,2308,2016,2154,2322,2218,2419,2310,2265,2365,2333,2341,2420,2156,2331,2330,2214,2267,2311,2226,2155,2238,2251,2131,2225,2249,2219,2288,2252,2312,2250
2043: 2236,2204,2272,2091,2140,2201,2132,2280,2139,2279,2237,2115,2076,568,2090,2075,2098,2042
2044: 2243,2325,2324,2241,2293,2292,2439,2374,2215,2351,2299,2024,2424,2386,2046,2253,2300,2283,2216,2244,2246,2245,2381,2347,2382,2344,2408,2275
2045: 2181,2149,2258,2204,2323,2150,2184,2185,2183,2234,2159,2282,2337,2182,1994,2188,2186,2064,2187,2272,2091,2140,2261,2201,2012,2127,2115,2170,2076,2236
2651: 2576,2628,2622,2606,2633,2614,2639
2346: 2190,2231,2270,2383,2166,2385,2302,2384,2389,2304,2307,2367,2105,2400,2208,2359,1997,2318,2316,2180,2317,2278,2210,2167,2120,2232,2202,2142
2049: 2092,2176,2037,2133,2012,2127,2170,2076,2032,2063,2108,946
2050: 2087,2164,2104,583
2232: 2167,2120,2208,2359,1997,2190,2346,2231,2270,2278,2210,2202,2142,2103,2077,2147,2143
2052: 2029,2065,2011,2015,1972
2053: 1973,1947
2054: 2113,2134,2080,2135,2093,2144,2160,2062,2137,2114,2092,2176,2037,2133,2032,2063,2108
2059: 1955,1986,1948,1864,1922,1919,1910,1890,2033
2190: 2346,2231,2270,2166,2302,2384,2389,2304,2307,2367,2105,2178,2055,2315,2313,2400,2208,2359,1997,2318,2316,2180,2317,2278,2210,2167,2120,2232,2202,2142
2062: 2163,2175,2122,2169,2177,2259,2138,2248,2256,2162,2129,2247,2107,2185,2183,2093,2144,2160,2130,2182,1994,2188,2186,2064,2113,2134,2054,2080,2092,2176,2037,2133,2012
2063: 2032,2108,2113,2134,2054,2080,2092,2176,2037,2133,2049,2065,2011
2065: 2011,2032,2063,2108,2029,2052,2015,1972
2066: 2002,2193,2405,2277,2340,2435,2195,2332,2395,2391,2132,2279,2237,2281,2329,2197,2196,2191,2335,2271,2254
2067: 1950
2068: 2006,1977
2069: 911,2473,2369
2070: 2336,911
2575: 2640,1454,1323,2652,2604
2072: 1939,2580,2223,2021
2073: 1992
2074: 1966,2141,2030,2090,2075,2098,2042,946
2075: 2090,2012,2115,2170,2076,2043,2236,946,1966,2141,2074,2030
2077: 2135,2147,1982,2143,2167,2120,2232,2142,2122,2169,2103,2144,2228,2038,2227,2137,2114,2113
2144: 2093,2160,2130,2202,2142,2122,2169,2177,2205,2259,2248,2256,2162,2129,2135,2077,2147,1982,2143,2163,2062,2175,2137,2114,2113,2134,2054,2080,2176,2037,2133
2103: 2210,2167,2120,2232,2202,2142,2077,2147,2143,2164,2104,2228
2087: 2050,2164,2104,583
2521: 2370,582
2089: 2345,2404,2338,2245,2381,2347,2382,2275,2342,2094,2110,2282,2339,2240,2337,2002,2193,2405,2277,2272,2091,2140,2261,2201,2132,2280,2139,2279,2237,2281,2196,2191
2091: 2272,2140,2261,2201,2234,2159,2094,2110,2282,2339,2240,2337,2089,2345,2338,2181,2149,2258,2045,2204,2323,2132,2280,2139,2279,2237,2281,2115,2170,2076,2043,2236,568
2092: 2176,2037,2133,2093,2160,2163,2062,2175,2188,2064,2113,2134,2054,2080,2012,2127,2032,2063,2108,2049
2093: 2144,2160,2130,2122,2169,2177,2259,2138,2256,2162,2135,2147,1982,2143,2163,2062,2175,2137,2114,2113,2134,2054,2080,2092,2176,2037,2133
2094: 2342,2110,2282,2339,2240,2337,2253,2283,2244,2246,2245,2381,2347,2382,2344,2408,2275,2234,2159,2089,2345,2404,2338,2181,2258,2272,2091,2140,2261,2201,2132,2280,2139,2279,2237,2281
2095: 2229,2121,2099,2228,2038,2227,2570
2096: 2290,571,940
2097: 568,2145,2199,2260,2198,2161
2098: 2042,2043,2236,568,2145,2198,1966,2141,2074,2030
2099: 2229,2121,2095,2228,2038,2227,2137,2114,2570
2101: 2034,506
2641: 2593,1891,2631,1793,1633,2572,2624,514
2202: 2142,2190,2346,2231,2270,2318,2316,2180,2317,2278,2155,2353,1961,2235,2112,2167,2120,2232,2122,2169,2177,2205,2103,2135,2147,1982,2143,2144,2130
2110: 2342,2094,2282,2339,2240,2337,2253,2300,2283,2216,2244,2246,2245,2381,2347,2275,2234,2159,2089,2345,2404,2338,2181,2258,2323,2272,2091,2261
2201: 2272,2091,2140,2261,2094,2339,2337,2089,2345,2181,2258,2045,2204,2132,2280,2139,2279,2237,2281,2115,2076,2043,2236,568
2112: 2226,2155,2353,1961,2235,2178,2315,2313,2319,2341,2156,2314,2321,2154,2318,2316,2180,2317,2278,2238,2225,2249,2202,2142,2122,2169,2177,2205,2248,2256,2162,2129,2247
2114: 2137,2135,2077,2147,1982,2143,2093,2144,2160,2130,2228,2227,2113,2134,2054,2080,2121,2099
2115: 2170,2076,2181,2149,2258,2045,2204,2272,2091,2140,2201,2012,2127,2043,2236,2090,2075
2116: 1985,580,1950
2117: 916,2206
2119: 2026
2120: 2167,2232,2190,2346,2231,2270,2317,2278,2210,2202,2142,2103,2135,2077,2147,1982,2143
2121: 2229,2099,2095,2228,2038,2227,2137,2114,2570
2122: 2169,2177,2205,2318,2316,2180,2317,2278,2155,2353,1961,2235,2112,2225,2202,2142,2248,2256,2162,2129,2247,2135,2077,2147,1982,2143,2093,2144,2160,2130,2163,2062
2123: 2586
2238: 2251,2131,2225,2249,2319,2341,2420,2156,2314,2321,2309,2308,2016,2154,2322,2289,2218,2331,2330,2214,2226,2155,2353,1961,2235,2112,2219,2288,2252,2312,2250,2177,2205,2248,2256,2129,2247,2107
2129: 2259,2138,2248,2256,2162,2247,2226,2155,2353,1961,2235,2112,2238,2251,2131,2225,2249,2219,2288,2252,2312,2250,2122,2169,2177,2205,2107,2150,2185,2183,2144,2160,2130,2163,2062,2175
2130: 2093,2144,2160,2202,2142,2122,2169,2177,2205,2259,2138,2248,2256,2162,2129,2247,2135,2147,1982,2143,2163,2062,2175,2137,2114,2113,2134,2176,2133
2131: 2238,2251,2225,2249,2341,2420,2156,2309,2308,2016,2154,2322,2289,2218,2331,2330,2214,2311,2226,2155,2235,2219,2288,2252,2312,2250,2177,2259,2138,2248,2256,2162,2129,2247,2107,2150,2185,2183
2134: 2113,2054,2080,2135,2147,1982,2093,2144,2160,2130,2163,2062,2137,2114,2092,2176,2037,2133,2063
2135: 2077,2147,1982,2143,2167,2120,2202,2142,2122,2169,2177,2205,2093,2144,2160,2130,2137,2114,2113,2134,2054
2258: 2181,2149,2045,2204,2323,2107,2150,2184,2185,2183,2234,2159,2094,2110,2282,2339,2240,2337,2182,1994,2188,2186,2187,2272,2091,2140,2261,2201,2127,2115,2170,2076,2236
2137: 2114,2135,2077,2147,1982,2143,2093,2144,2160,2130,2113,2134,2054,2080,2121,2099
2138: 2259,2248,2256,2162,2129,2247,2251,2131,2225,2249,2252,2312,2250,2177,2107,2150,2184,2185,2183,2093,2160,2130,2163,2062,2175,2182,1994,2188,2186,2064,2187
2139: 2132,2280,2279,2237,2281,2094,2282,2339,2337,2089,2345,2404,2338,2002,2193,2405,2277,2272,2091,2140,2261,2201,2329,2197,2196,2191,2043,2236,568,2145,2199,2260
2140: 2272,2091,2261,2201,2094,2282,2339,2337,2089,2345,2338,2181,2258,2045,2204,2132,2280,2139,2279,2237,2281,2115,2076,2043,2236,568
2141: 1966,2074,2030,2090,2075,2098,2042,946
2142: 2202,2190,2346,2231,2270,2318,2316,2180,2317,2278,2155,2353,1961,2235,2112,2167,2120,2232,2122,2169,2177,2205,2103,2135,2077,2147,1982,2143,2144,2160,2130
2148: 2224,2498,2499,926
2149: 2181,2258,2045,2204,2323,2107,2150,2184,2185,2183,2234,2159,2282,2337,2182,1994,2188,2186,2064,2187,2272,2091,2261,2012,2127,2115,2170,2076
2150: 2107,2184,2185,2183,2251,2131,2249,2219,2288,2252,2312,2250,2253,2300,2283,2216,2259,2138,2256,2162,2129,2247,2234,2159,2175,2182,1994,2188,2186,2064,2187,2181,2149,2258,2045,2204,2323
2151: 2527,2529
2152: 2433,2512,2427,2487,2429,2480,2477,2456,2485,2377,2476,2475,2523,2461,2376,2417,2157,2364,915,2465,2357,2352,2414,2355,2419,2416,2310,2378,2265,2365,2379
2377: 2476,2475,2523,2487,2429,2480,2477,2456,2485,853,1677,2461,2376,2417,2157,2433,2512,2152,2427,2364,2465
2154: 2309,2308,2016,2322,2289,2218,2357,2158,2355,2419,2310,2265,2365,2319,2341,2420,2156,2314,2321,2331,2330,2214,2226,2155,2353,1961,2235,2112,2238,2251,2131,2225,2249,2219,2288,2252,2250
2155: 2226,2353,1961,2235,2112,2178,2315,2313,2319,2341,2420,2156,2314,2321,2309,2308,2016,2154,2322,2289,2318,2316,2180,2317,2278,2238,2251,2131,2225,2249,2202,2142,2122,2169,2177,2205,2248,2256,2162,2129,2247
2156: 2319,2341,2420,2314,2321,2406,2320,2356,2357,2158,2352,2414,2355,2419,2310,2265,2365,2178,2055,2315,2313,2400,2309,2308,2016,2154,2322,2289,2218,2318,2316,2180,2226,2155,2353,1961,2235,2112,2238,2251,2131,2225
2157: 2461,2376,2417,2487,2429,2480,2456,2485,2377,2475,2466,2431,2402,2433,2512,2152,2427,2406,2320,2415,2356,2357,2158,2352,2414,2355,2419,2416,2310,2378,2265,2365,2379
2158: 2357,2352,2414,2355,2431,2461,2376,2417,2157,2406,2320,2415,2356,2419,2416,2310,2378,2265,2365,2379,2178,2055,2315,2313,2400,2319,2341,2420,2156,2314,2321,2308,2154,2322
2159: 2234,2288,2252,2312,2253,2300,2283,2216,2244,2246,2347,2107,2150,2184,2185,2183,2094,2110,2282,2339,2240,2337,2182,1994,2188,2186,2187,2181,2149,2258,2045,2204,2323,2272,2091,2261
2160: 2093,2144,2130,2142,2122,2169,2177,2259,2138,2248,2256,2162,2129,2135,2147,1982,2143,2163,2062,2175,2137,2114,2113,2134,2054,2080,2092,2176,2037,2133
2161: 2145,2199,2260,2198,2097,2173,2358
2164: 2104,2103,2228,2038,2227,2050,2087,2229
2165: 2349,2212,2031,1976
2166: 2383,2385,2302,2384,2443,2168,2445,2399,2479,2306,2301,2305,2348,2389,2304,2307,2367,2105,2233,2208,2359,1997,2190,2346,2231
2167: 2120,2232,2208,2359,1997,2190,2346,2231,2270,2318,2316,2180,2317,2278,2210,2202,2142,2103,2135,2077,2147,1982,2143
2168: 2443,2445,2556,2481,2460,2458,2303,2482,2459,2399,2479,1989,2348,2383,2166,2385,2302
2169: 2122,2177,2205,2318,2316,2180,2278,2155,2353,1961,2235,2112,2225,2202,2142,2248,2256,2162,2129,2247,2135,2077,2147,1982,2143,2093,2144,2160,2130,2163,2062
2170: 2115,2076,2182,1994,2188,2186,2064,2187,2181,2149,2258,2045,2204,2323,2272,2091,2012,2127,2049,2075
2406: 2320,2415,2356,2466,2431,2402,2461,2376,2417,2157,2306,2301,2403,2432,2305,2357,2158,2352,2414,2355,2389,2304,2307,2178,2055,2315,2313,2400,2319,2341,2420,2156,2314,2321
2558: 1979,1883,1905,1872,2509,2571
2173: 2358,2161,2549
2174: 2396,2525,2455
2175: 2163,2062,2177,2259,2138,2248,2256,2162,2129,2247,2107,2150,2184,2185,2183,2093,2144,2160,2130,2182,1994,2188,2186,2064,2187,2092,2176,2037,2133,2012,2127
2176: 2092,2037,2133,2093,2144,2160,2130,2163,2062,2175,2182,1994,2188,2186,2064,2187,2113,2134,2054,2080,2012,2127,2032,2063,2108,2049
2177: 2122,2169,2205,2318,2316,2180,2317,2278,2226,2155,2353,1961,2235,2112,2238,2251,2131,2225,2249,2202,2142,2259,2138,2248,2256,2162,2129,2247,2135,1982,2143,2093,2144,2160,2130,2163,2062,2175
2178: 2055,2315,2313,2400,2406,2320,2356,2357,2158,2355,2389,2304,2319,2341,2420,2156,2314,2321,2190,2270,2318,2316,2180,2317,2278,2226,2155,2353,1961,2235,2112
2179: 2530,2434,2471,2522,2484,2430,2548,2547,2524,2460,2458,2303,2482,2466,2431,2402,2459,2399,2479,1989,2306,2301,2403,2432,2305
2180: 2318,2316,2317,2278,2389,2304,2307,2367,2105,2178,2055,2315,2313,2400,2319,2156,2314,2321,2190,2346,2231,2270,2226,2155,2353,1961,2235,2112,2167,2202,2142,2122,2169,2177,2205
2181: 2149,2258,2045,2204,2323,2107,2150,2184,2185,2183,2234,2159,2094,2110,2282,2339,2240,2337,2182,1994,2188,2186,2187,2272,2091,2140,2261,2201,2012,2127,2115,2170,2076
2182: 1994,2188,2186,2064,2187,2259,2138,2162,2107,2150,2184,2185,2183,2234,2159,2163,2062,2175,2181,2149,2258,2045,2204,2323,2176,2133,2012,2127,2170
2183: 2107,2150,2184,2185,2131,2249,2288,2252,2312,2250,2283,2259,2138,2248,2256,2162,2129,2247,2234,2159,2163,2062,2175,2182,1994,2188,2186,2064,2187,2181,2149,2258,2045,2204,2323
2184: 2107,2150,2185,2183,2249,2252,2312,2253,2283,2259,2138,2162,2234,2159,2175,2182,1994,2188,2186,2064,2187,2181,2149,2258,2045,2204,2323
2185: 2107,2150,2184,2183,2251,2131,2249,2288,2252,2312,2250,2283,2216,2259,2138,2248,2256,2162,2129,2247,2234,2159,2163,2062,2175,2182,1994,2188,2186,2064,2187,2181,2149,2258,2045,2323
2186: 2182,1994,2188,2064,2187,2259,2138,2256,2162,2107,2150,2184,2185,2183,2234,2159,2163,2062,2175,2181,2149,2258,2045,2204,2323,2176,2133,2012,2127,2170
2187: 2182,1994,2188,2186,2064,2259,2138,2107,2150,2184,2185,2183,2234,2159,2175,2181,2149,2258,2045,2204,2323,2176,2012,2127,2170
2188: 2182,1994,2186,2064,2187,2259,2138,2256,2162,2107,2150,2184,2185,2183,2234,2159,2163,2062,2175,2181,2149,2258,2045,2204,2323,2092,2176,2037,2133,2012,2127,2170
2189: 995,2255,1867,1886,1913,2602,2579,977,502,1991,1979,1883
2191: 2329,2197,2196,2089,2345,2404,2338,2002,2193,2066,2405,2277,2332,2395,2391,2132,2280,2139,2279,2237,2281,2335,2271,2254,568,2145,2199,2260,2198
2622: 2628,2567,2576,2651,2606,2616
2193: 2002,2066,2405,2277,2382,2275,2437,2340,2435,2195,2089,2345,2404,2338,2332,2395,2391,2132,2280,2139,2279,2237,2281,2329,2197,2196,2191,2335,2271,2254
2344: 2382,2408,2275,2243,2325,2324,2241,2044,2424,2386,2046,2242,2425,2423,2244,2246,2245,2381,2347,2437,2340,2094,2339,2240,2404,2338,2405,2277
2195: 2435,2425,2437,2340,2002,2193,2066,2405,2277,2332,2395,2391,2422,2474
2196: 2329,2197,2191,2089,2345,2404,2338,2002,2193,2066,2405,2277,2332,2395,2391,2132,2280,2139,2279,2237,2281,2335,2271,2254,568,2145,2199,2260,2198
2197: 2329,2196,2191,2002,2193,2066,2405,2395,2132,2280,2139,2279,2237,2281,2335,2271,2254,568,2145,2199,2260,2198
2198: 2145,2199,2260,2132,2237,2329,2197,2196,2191,2271,2254,568,2098,2042,2097,2161
2199: 2145,2260,2198,2132,2280,2139,2279,2237,2281,2329,2197,2196,2191,2335,2271,2254,568,2097,2161
2343: 2436,2287,2519
2203: 2393
2204: 2181,2149,2258,2045,2323,2150,2184,2183,2234,2159,2282,2337,2182,1994,2188,2186,2187,2272,2091,2140,2261,2201,2012,2127,2115,2170,2076,2043,2236
2205: 2122,2169,2177,2318,2316,2180,2317,2278,2226,2155,2353,1961,2235,2112,2238,2225,2249,2202,2142,2248,2256,2162,2129,2247,2135,1982,2143,2144,2130,2163
2206: 2117,916
2207: 2213,2211,2426,2233,2208,2359,1997,2366,2210,2031,1976
2208: 2359,1997,2348,2383,2166,2385,2302,2384,2389,2304,2307,2367,2105,2233,2190,2346,2231,2270,2213,2207,2211,2210,2167,2232
2209: 2446,2448,2447,2491,2444,588,455
2210: 2233,2208,2359,1997,2190,2346,2231,2270,2213,2207,2211,2167,2120,2232,2103
2211: 2213,2207,2426,2233,2208,2359,1997,2366,2210,2031,1976
2212: 2418,2165,2349,2031,1976
2213: 2207,2211,2426,2233,2208,2359,1997,2366,2210,2031,1976
2214: 2331,2330,2267,2311,2265,2365,2263,2333,2409,2309,2308,2016,2154,2322,2289,2218,2374,2215,2351,2299,2024,2238,2251,2131,2225,2249,2219,2288,2252,2312,2250,2253,2300,2283,2216
2215: 2374,2351,2299,2024,2263,2333,2409,2394,2262,2293,2331,2214,2267,2311,2243,2325,2324,2241,2044,2219,2288,2312,2253,2300,2283,2216,2244,2246,2245,2381,2347
2216: 2253,2300,2283,2331,2330,2214,2267,2311,2374,2215,2351,2299,2024,2044,2219,2288,2252,2312,2250,2244,2246,2107,2150,2185,2234,2159,2110,2240
2217: 2362,2293,2040,2392,2334,2410,2454,2266,2361,2363,2373,2505,2394,2262,2292,2439,2411,2374,2299,2243,2325,2324,2241,2046
2218: 2309,2308,2016,2154,2322,2289,2357,2355,2419,2416,2310,2378,2265,2365,2379,2263,2333,2409,2341,2420,2156,2331,2330,2214,2267,2311,2226,2238,2251,2131,2225,2219,2288,2252,2250
2219: 2288,2252,2312,2250,2309,2308,2016,2154,2289,2218,2331,2330,2214,2267,2311,2215,2351,2024,2238,2251,2131,2225,2249,2253,2300,2283,2216,2248,2129,2247,2107,2150
2353: 2226,2155,1961,2235,2112,2178,2055,2315,2313,2400,2319,2341,2420,2156,2314,2321,2154,2322,2318,2316,2180,2317,2278,2238,2225,2202,2142,2122,2169,2177,2205,2248,2129
2223: 583,2072,1939,2580
2224: 2148,2498,2499,926
2225: 2238,2251,2131,2249,2319,2341,2420,2156,2314,2321,2309,2308,2016,2154,2322,2289,2218,2331,2330,2214,2226,2155,2353,1961,2235,2112,2219,2288,2252,2312,2250,2122,2169,2177,2205,2259,2138,2248,2256,2162,2129,2247,2107
2226: 2155,2353,1961,2235,2112,2178,2315,2313,2319,2341,2420,2156,2314,2321,2309,2308,2016,2154,2322,2289,2218,2318,2316,2180,2278,2238,2251,2131,2225,2249,2177,2205,2248,2256,2129,2247
2227: 2228,2038,2077,2147,2164,2104,2114,2229,2121,2099,2095
2228: 2038,2227,2103,2077,2147,2164,2104,2114,2229,2121,2099,2095
2229: 2121,2099,2095,2164,2104,2228,2038,2227,2570
2437: 2340,2424,2242,2425,2423,2382,2344,2275,2435,2195,2404,2002,2193,2405,2277,2332,2391
2231: 2190,2346,2270,2383,2166,2385,2302,2384,2389,2304,2307,2367,2105,2208,2359,1997,2318,2316,2180,2317,2278,2210,2167,2120,2232,2202,2142
2235: 2226,2155,2353,1961,2112,2178,2315,2313,2319,2341,2156,2314,2321,2154,2318,2316,2180,2317,2278,2238,2251,2131,2225,2249,2202,2142,2122,2169,2177,2205,2248,2256,2162,2129,2247
2236: 2043,2258,2045,2204,2272,2091,2140,2261,2201,2132,2280,2139,2279,2237,2281,2115,2076,568,2090,2075,2098,2042
2237: 2132,2280,2139,2279,2281,2094,2339,2089,2345,2404,2338,2002,2193,2066,2405,2272,2091,2140,2201,2329,2197,2196,2191,2043,2236,568,2145,2199,2260,2198
2599: 2632,2603,2567,2618,2582,1899,2616,2600,2598,2562,2637,2613
2240: 2342,2094,2110,2282,2339,2337,2253,2283,2216,2244,2246,2245,2381,2347,2382,2344,2408,2275,2234,2159,2089,2345,2404,2338,2181,2258,2323,2091,2261
2241: 2243,2325,2324,2044,2394,2362,2293,2217,2292,2439,2374,2215,2351,2299,2424,2386,2046,2253,2244,2246,2245,2381,2347,2382,2344,2408,2275
2242: 2425,2423,2292,2439,2411,2438,2291,2388,2424,2386,2046,2382,2344,2408,2275,2437,2340
2243: 2325,2324,2241,2044,2394,2262,2362,2293,2217,2292,2439,2411,2374,2215,2351,2299,2024,2424,2386,2046,2253,2300,2244,2246,2245,2381,2347,2344,2408
2244: 2246,2245,2381,2347,2374,2215,2351,2299,2024,2243,2325,2324,2241,2044,2386,2046,2253,2300,2283,2216,2344,2408,2275,2234,2159,2094,2110,2282,2339,2240,2337,2338
2245: 2244,2246,2381,2347,2215,2351,2243,2325,2324,2241,2044,2424,2386,2046,2253,2283,2382,2344,2408,2275,2234,2094,2110,2282,2339,2240,2337,2089,2345,2404,2338
2246: 2244,2245,2381,2347,2374,2215,2351,2299,2024,2243,2325,2324,2241,2044,2386,2253,2300,2283,2216,2344,2408,2275,2234,2159,2094,2110,2282,2339,2240,2337,2404,2338
2247: 2259,2138,2248,2256,2162,2129,2226,2155,1961,2235,2112,2238,2251,2131,2225,2249,2219,2288,2252,2312,2250,2122,2169,2177,2205,2107,2150,2185,2183,2130,2163,2062,2175,1994
2248: 2259,2138,2256,2162,2129,2247,2226,2155,2353,1961,2235,2112,2238,2251,2131,2225,2249,2219,2288,2252,2250,2122,2169,2177,2205,2107,2185,2183,2144,2160,2130,2163,2062,2175
2249: 2238,2251,2131,2225,2341,2309,2308,2016,2154,2289,2331,2214,2226,2155,1961,2235,2112,2219,2288,2252,2312,2250,2177,2205,2259,2138,2248,2256,2162,2129,2247,2107,2150,2184,2185,2183
2250: 2219,2288,2252,2312,2309,2308,2016,2154,2289,2218,2331,2330,2214,2311,2024,2238,2251,2131,2225,2249,2253,2300,2283,2216,2259,2138,2248,2256,2162,2129,2247,2107,2150,2185,2183
2251: 2238,2131,2225,2249,2341,2420,2156,2309,2308,2016,2154,2322,2289,2218,2331,2330,2214,2311,2226,2155,1961,2235,2219,2288,2252,2312,2250,2177,2259,2138,2248,2256,2162,2129,2247,2107,2150,2185
2252: 2219,2288,2312,2250,2309,2308,2016,2154,2289,2218,2331,2330,2214,2311,2024,2238,2251,2131,2225,2249,2253,2300,2283,2216,2259,2138,2248,2256,2162,2129,2247,2107,2150,2184,2185,2183,2159
2253: 2300,2283,2216,2331,2214,2311,2374,2215,2351,2299,2024,2243,2325,2241,2044,2219,2288,2252,2312,2250,2244,2246,2245,2381,2347,2107,2150,2184,2234,2159,2094,2110,2282,2339,2240
2254: 2335,2271,2002,2193,2066,2332,2395,2391,2422,2474,2329,2197,2196,2191,2145,2199,2260,2198
2256: 2259,2138,2248,2162,2129,2247,2226,2155,1961,2235,2112,2238,2251,2131,2225,2249,2252,2250,2122,2169,2177,2205,2107,2150,2185,2183,2093,2144,2160,2130,2163,2062,2175,1994,2188,2186,2064
2650: 2648,2493,2646,2644,2645,2647,1858,1820,2649
2259: 2138,2248,2256,2162,2129,2247,2251,2131,2225,2249,2252,2312,2250,2177,2107,2150,2184,2185,2183,2093,2144,2160,2130,2163,2062,2175,2182,1994,2188,2186,2064,2187
2260: 2145,2199,2198,2132,2280,2139,2279,2237,2281,2329,2197,2196,2191,2335,2271,2254,568,2097,2161
2262: 2394,1671,915,2040,2392,2334,1700,2410,2454,2266,2361,2363,2263,2333,2409,2362,2293,2217,2267,2311,2374,2215,2351,2299,2024,2243,2325,2324
2263: 2333,2409,2364,1671,915,2465,2040,2392,1700,2410,2416,2378,2265,2365,2394,2262,2218,2331,2330,2214,2267,2311,2374,2215,2299,2024
2600: 2598,2562,2582,1899,1926,2599,2632,2603,2528
2265: 2419,2416,2310,2378,2365,2379,2376,2157,2433,2152,2364,915,2357,2158,2352,2414,2355,2263,2333,2409,2319,2341,2420,2156,2309,2308,2016,2154,2322,2289,2218,2331,2330,2214,2267,2311
2266: 2361,2363,2488,2464,2268,2463,2462,2040,2392,2334,1700,2410,2454,2373,2505,2394,2262,2362,2293,2217,2292,2439,2411
2267: 2331,2330,2214,2311,2265,2365,2263,2333,2409,2394,2262,2309,2308,2016,2289,2218,2374,2215,2351,2299,2024,2219,2288,2300,2216
2268: 2463,2462,2488,2464,2441,2507,2040,2392,2334,1700,2410,2454,2266,2361,2363,2373,2505
2307: 2389,2304,2367,2105,2459,2399,2479,1989,2306,2301,2403,2432,2305,2406,2320,2383,2166,2385,2302,2384,2055,2315,2313,2400,2208,2359,1997,2190,2346,2231,2270,2180,2317
2270: 2190,2346,2231,2302,2389,2304,2307,2367,2105,2178,2315,2313,2208,2359,2318,2316,2180,2317,2278,2210,2167,2120,2232,2202,2142
2271: 2335,2254,2002,2193,2066,2405,2277,2332,2395,2391,2422,2474,2329,2197,2196,2191,2199,2260,2198
2272: 2091,2140,2261,2201,2234,2159,2094,2110,2282,2339,2337,2089,2345,2338,2181,2149,2258,2045,2204,2323,2132,2280,2139,2279,2237,2281,2115,2170,2076,2043,2236,568
2469: 2587,2557,2591,2629,2588,2601,2617,2635,2625,2589
2274: 2146
2275: 2382,2344,2408,2324,2241,2044,2424,2386,2046,2242,2425,2423,2244,2246,2245,2381,2347,2437,2340,2094,2110,2282,2339,2240,2089,2345,2404,2338,2002,2193,2405,2277
2643: 2490,2626,2574,2627,2590,2617,2635,2652,2604
2277: 2002,2193,2066,2405,2382,2344,2408,2275,2437,2340,2435,2195,2089,2345,2404,2338,2332,2395,2391,2139,2279,2281,2196,2191,2271
2278: 2318,2316,2180,2317,2304,2105,2178,2315,2313,2314,2321,2190,2346,2231,2270,2226,2155,2353,1961,2235,2112,2167,2120,2232,2202,2142,2122,2169,2177,2205
2279: 2132,2280,2139,2237,2281,2094,2282,2339,2337,2089,2345,2404,2338,2002,2193,2066,2405,2277,2272,2091,2140,2261,2201,2329,2197,2196,2191,2043,2236,568,2199,2260
2280: 2132,2139,2279,2237,2281,2094,2282,2339,2337,2089,2345,2404,2338,2002,2193,2405,2272,2091,2140,2261,2201,2329,2197,2196,2191,2043,2236,568,2199,2260
2282: 2342,2094,2110,2339,2240,2337,2253,2283,2244,2246,2245,2381,2347,2275,2234,2159,2089,2345,2404,2338,2181,2149,2258,2045,2204,2323,2272,2091,2140,2261,2280,2139,2279,2281
2283: 2253,2300,2216,2214,2311,2215,2351,2024,2044,2219,2288,2252,2312,2250,2244,2246,2245,2381,2347,2107,2150,2184,2185,2183,2234,2159,2094,2110,2282,2339,2240,2337
2345: 2089,2404,2338,2245,2381,2347,2382,2275,2342,2094,2110,2282,2339,2240,2337,2002,2193,2405,2277,2272,2091,2140,2261,2201,2132,2280,2139,2279,2237,2281,2196,2191
2285: 2495,2592,2550,2467,2514,2585,2573,2543,2398
2286: 2545,2584
2287: 2519,2343,2436
2288: 2219,2252,2312,2250,2309,2308,2016,2154,2289,2218,2331,2330,2214,2267,2311,2215,2351,2024,2238,2251,2131,2225,2249,2253,2300,2283,2216,2248,2129,2247,2107,2150,2185,2183,2159
2290: 2096,571,940
2291: 2438,2388,2452,2497,2294,2292,2439,2411,2544,2451,2424,2242,2425,2423
2292: 2439,2411,2266,2361,2363,2373,2505,2362,2293,2217,2438,2291,2388,2243,2325,2324,2241,2044,2424,2386,2046,2242,2423
2293: 2362,2217,2040,2392,2410,2454,2266,2361,2363,2373,2394,2262,2292,2439,2411,2374,2215,2351,2299,2024,2243,2325,2324,2241,2044,2424,2386,2046
2294: 2497,2441,2507,2373,2505,2439,2411,2438,2291,2452
2601: 2514,2585,2573,2543,2398,2588,2574,2469,2587,2617,2635
2543: 2585,2573,2398,2550,2467,2285,2495,2592,2514,2601,2574,2627,2590
2439: 2292,2411,2266,2361,2363,2373,2505,2294,2362,2293,2217,2438,2291,2388,2243,2325,2324,2241,2044,2424,2386,2046,2242,2425,2423
2525: 2371,1790,2396,2174
2299: 2374,2215,2351,2024,2263,2333,2409,2394,2262,2362,2293,2217,2331,2214,2267,2311,2243,2325,2324,2241,2044,2253,2300,2216,2244,2246,2381
2300: 2253,2283,2216,2331,2330,2214,2267,2311,2374,2215,2351,2299,2024,2243,2325,2044,2219,2288,2252,2312,2250,2244,2246,2107,2150,2159,2110
2301: 2306,2403,2432,2305,2460,2458,2303,2482,2179,2530,2434,2431,2459,2399,2479,1989,2406,2320,2415,2356,2383,2166,2385,2302,2384,2389,2304,2307,2367,2105,2055,2315,2400
2302: 2383,2166,2385,2384,2443,2168,2445,2459,2399,2479,1989,2306,2301,2403,2432,2305,2348,2389,2304,2307,2367,2105,2233,2208,2359,1997,2190,2346,2231,2270
2303: 2460,2458,2482,2555,2483,2471,2522,2430,2547,2556,2481,2179,2443,2168,2445,2459,2399,2479,1989,2306,2301,2305
2304: 2389,2307,2367,2105,2306,2301,2403,2432,2305,2406,2320,2383,2166,2385,2302,2384,2178,2055,2315,2313,2400,2208,2359,2190,2346,2231,2270,2318,2316,2180,2317,2278
2305: 2306,2301,2403,2432,2460,2458,2303,2179,2431,2459,2399,2479,1989,2406,2320,2415,2356,2383,2166,2385,2302,2384,2389,2304,2307,2367,2105,2055,2315,2313,2400
2306: 2301,2403,2432,2305,2460,2458,2303,2482,2179,2530,2434,2466,2431,2402,2459,2399,2479,1989,2406,2320,2415,2356,2383,2166,2385,2302,2384,2389,2304,2307,2367,2105,2055,2315,2313,2400
2308: 2309,2016,2154,2322,2289,2218,2357,2158,2352,2414,2355,2419,2416,2310,2378,2265,2365,2379,2333,2319,2341,2420,2156,2314,2321,2331,2330,2214,2267,2311,2226,2155,1961,2238,2251,2131,2225,2249,2219,2288,2252,2250
2309: 2308,2016,2154,2322,2289,2218,2357,2419,2416,2310,2378,2265,2365,2333,2341,2420,2156,2331,2330,2214,2267,2311,2226,2155,2238,2251,2131,2225,2249,2219,2288,2252,2250
2310: 2419,2416,2378,2265,2365,2379,2461,2376,2417,2157,2433,2152,915,2357,2158,2352,2414,2355,2319,2341,2420,2156,2314,2321,2309,2308,2016,2154,2322,2289,2218,2330
2313: 2178,2055,2315,2400,2306,2305,2406,2320,2356,2357,2158,2355,2389,2304,2307,2319,2341,2420,2156,2314,2321,2190,2270,2318,2316,2180,2317,2278,2226,2155,2353,1961,2235,2112
2314: 2319,2341,2420,2156,2321,2406,2320,2356,2357,2158,2414,2355,2310,2178,2055,2315,2313,2400,2308,2016,2154,2322,2318,2316,2180,2317,2278,2226,2155,2353,1961,2235,2112,2238,2225
2315: 2178,2055,2313,2400,2306,2301,2432,2305,2406,2320,2356,2357,2158,2355,2389,2304,2307,2367,2105,2319,2341,2420,2156,2314,2321,2190,2270,2318,2316,2180,2317,2278,2226,2155,2353,1961,2235,2112
2316: 2318,2180,2317,2278,2389,2304,2367,2105,2178,2055,2315,2313,2400,2319,2341,2156,2314,2321,2190,2346,2231,2270,2226,2155,2353,1961,2235,2112,2167,2202,2142,2122,2169,2177,2205
2317: 2318,2316,2180,2278,2389,2304,2307,2367,2105,2178,2055,2315,2313,2400,2319,2314,2321,2190,2346,2231,2270,2155,2353,1961,2235,2112,2167,2120,2202,2142,2122,2177,2205
2318: 2316,2180,2317,2278,2389,2304,2105,2178,2055,2315,2313,2400,2319,2341,2156,2314,2321,2190,2346,2231,2270,2226,2155,2353,1961,2235,2112,2167,2202,2142,2122,2169,2177,2205
2319: 2341,2420,2156,2314,2321,2406,2320,2415,2356,2357,2158,2352,2414,2355,2419,2310,2265,2365,2379,2178,2055,2315,2313,2400,2308,2016,2154,2322,2318,2316,2180,2317,2226,2155,2353,1961,2235,2112,2238,2225
2320: 2406,2415,2356,2466,2431,2402,2461,2376,2417,2157,2306,2301,2403,2432,2305,2357,2158,2352,2414,2355,2389,2304,2307,2178,2055,2315,2313,2400,2319,2341,2420,2156,2314,2321
2322: 2309,2308,2016,2154,2289,2218,2357,2158,2352,2414,2355,2419,2416,2310,2378,2265,2365,2379,2319,2341,2420,2156,2314,2321,2331,2330,2214,2226,2155,2353,1961,2238,2251,2131,2225
2323: 2181,2149,2258,2045,2204,2107,2150,2184,2185,2183,2234,2159,2110,2282,2339,2240,2337,2182,1994,2188,2186,2064,2187,2272,2091,2261,2012,2127,2170
2324: 2243,2325,2241,2044,2394,2262,2362,2293,2217,2292,2439,2411,2374,2215,2351,2299,2424,2386,2046,2244,2246,2245,2381,2347,2382,2344,2408,2275
2325: 2243,2324,2241,2044,2394,2262,2362,2293,2217,2292,2439,2374,2215,2351,2299,2024,2386,2046,2253,2300,2244,2246,2245,2381,2347,2344,2408
2523: 2377,2476,2475,2487,2429,2480,2477,2456,2485,853,1677,2376,2433,2512,2152,2427,2364,915,2465
2407: 2551,2565,589,2442
2567: 2605,2628,2622,2618,2582,2616,2599,2632,2603
2329: 2197,2196,2191,2002,2193,2066,2405,2332,2395,2391,2132,2280,2139,2279,2237,2281,2335,2271,2254,568,2145,2199,2260,2198
2330: 2331,2214,2267,2311,2419,2416,2310,2378,2265,2365,2379,2263,2333,2409,2309,2308,2016,2154,2322,2289,2218,2024,2238,2251,2131,2225,2219,2288,2252,2250,2300,2216
2331: 2330,2214,2267,2311,2419,2265,2365,2263,2333,2409,2309,2308,2016,2154,2322,2289,2218,2374,2215,2351,2299,2024,2238,2251,2131,2225,2249,2219,2288,2252,2312,2250,2253,2300,2216
2332: 2395,2391,2437,2340,2435,2195,2002,2193,2066,2405,2277,2422,2474,2329,2196,2191,2335,2271,2254
2333: 2263,2409,915,2040,2392,2410,2416,2378,2265,2365,2394,2262,2309,2308,2016,2289,2218,2331,2330,2214,2267,2311,2374,2215,2351,2299,2024
2334: 1701,2040,2392,1700,2410,2454,1677,2488,2464,2268,2463,2462,1671,915,2465,2266,2361,2363,2409,2394,2262,2362,2217
2335: 2271,2254,2002,2193,2066,2405,2332,2395,2391,2422,2474,2329,2197,2196,2191,2199,2260
2336: 2070,911
2337: 2342,2094,2110,2282,2339,2240,2283,2244,2246,2245,2347,2234,2159,2089,2345,2338,2181,2149,2258,2045,2204,2323,2272,2091,2140,2261,2201,2280,2139,2279
2338: 2089,2345,2404,2244,2246,2245,2381,2347,2382,2344,2408,2275,2342,2094,2110,2282,2339,2240,2337,2002,2193,2405,2277,2272,2091,2140,2261,2132,2280,2139,2279,2237,2281,2196,2191
2339: 2342,2094,2110,2282,2240,2337,2253,2283,2244,2246,2245,2381,2347,2382,2344,2408,2275,2234,2159,2089,2345,2404,2338,2181,2258,2323,2272,2091,2140,2261,2201,2132,2280,2139,2279,2237,2281
2340: 2437,2424,2242,2425,2423,2382,2344,2275,2435,2195,2404,2002,2193,2066,2405,2277,2332,2395,2391
2341: 2319,2420,2156,2314,2321,2406,2320,2356,2357,2158,2352,2414,2355,2419,2310,2265,2365,2379,2178,2055,2315,2313,2309,2308,2016,2154,2322,2289,2218,2318,2316,2226,2155,2353,1961,2235,2112,2238,2251,2131,2225,2249
2342: 2094,2110,2282,2339,2240,2337,2347,2234,2089,2345,2338,2261
2348: 2443,2168,2445,2399,2479,2383,2166,2385,2302,2384,2426,2418,2233,2208,2359,1997
2349: 2165,2212,2031,1976
2350: 1773,918,2545,2584,2449,2595,2596,2621
2351: 2374,2215,2299,2024,2333,2394,2262,2293,2331,2214,2267,2311,2243,2325,2324,2241,2044,2219,2288,2312,2253,2300,2283,2216,2244,2246,2245,2381,2347
2352: 2357,2158,2414,2355,2466,2431,2402,2461,2376,2417,2157,2433,2512,2152,2427,2406,2320,2415,2356,2419,2416,2310,2378,2265,2365,2379,2055,2319,2341,2420,2156,2321,2308,2322
2590: 2627,2585,2573,2543,2398,2574,1454,2490,2626,2643
2355: 2357,2158,2352,2414,2431,2461,2376,2417,2157,2152,2406,2320,2415,2356,2419,2416,2310,2378,2265,2365,2379,2178,2055,2315,2313,2400,2319,2341,2420,2156,2314,2321,2308,2016,2154,2322,2218
2356: 2406,2320,2415,2466,2431,2402,2461,2376,2417,2157,2306,2301,2403,2432,2305,2357,2158,2352,2414,2355,2178,2055,2315,2313,2400,2319,2341,2420,2156,2314,2321
2357: 2158,2352,2414,2355,2431,2461,2376,2417,2157,2152,2406,2320,2415,2356,2419,2416,2310,2378,2265,2365,2379,2178,2055,2315,2313,2400,2319,2341,2420,2156,2314,2321,2309,2308,2016,2154,2322,2218
2358: 2173,2161,2549
2359: 2208,1997,2348,2383,2166,2385,2302,2384,2389,2304,2307,2367,2105,2233,2190,2346,2231,2270,2213,2207,2211,2210,2167,2232
2360: 900,2491,2444,2503
2361: 2266,2363,2268,2463,2462,2040,2392,2334,2410,2454,2373,2505,2394,2262,2362,2293,2217,2292,2439,2411
2362: 2293,2217,2040,2392,2334,2410,2454,2266,2361,2363,2373,2505,2394,2262,2292,2439,2411,2374,2299,2243,2325,2324,2241,2046
2363: 2266,2361,2268,2463,2462,2040,2392,2334,2410,2454,2373,2505,2394,2262,2362,2293,2217,2292,2439,2411
2364: 1671,915,2465,2377,2476,2475,2523,853,1677,2464,2433,2512,2152,2427,2040,2392,1700,2416,2378,2265,2379,2263,2409
2365: 2419,2416,2310,2378,2265,2379,2157,2433,2152,915,2357,2158,2352,2414,2355,2263,2333,2409,2319,2341,2420,2156,2321,2309,2308,2016,2154,2322,2289,2218,2331,2330,2214,2267,2311
2366: 2426,2418,2233,2213,2207,2211,2031,1976
2367: 2389,2304,2307,2105,2399,2479,2306,2301,2305,2383,2166,2385,2302,2384,2055,2315,2400,2208,2359,1997,2190,2346,2231,2270,2316,2180,2317
2369: 2473,2069
2370: 2521,582
2371: 2525,1790
2485: 2487,2429,2480,2477,2456,2524,2222,2377,2475,2523,2466,2431,2402,2461,2376,2417,2157,2433,2512,2152,2427
2373: 2505,2268,2463,2462,2441,2507,2266,2361,2363,2294,2362,2293,2217,2292,2439,2411,2438
2374: 2215,2351,2299,2024,2263,2333,2409,2394,2262,2362,2293,2217,2331,2214,2267,2311,2243,2325,2324,2241,2044,2253,2300,2216,2244,2246
2555: 2483,2471,2522,588,2556,2481,2303,2482
2376: 2461,2417,2157,2524,2222,2487,2429,2480,2477,2456,2485,2377,2476,2475,2523,2466,2431,2402,2433,2512,2152,2427,2406,2320,2415,2356,2357,2158,2352,2414,2355,2419,2416,2310,2378,2265,2379
2378: 2419,2416,2310,2265,2365,2379,2376,2417,2157,2433,2512,2152,2427,2364,915,2465,2357,2158,2352,2414,2355,2263,2333,2420,2309,2308,2016,2322,2218,2330
2379: 2419,2416,2310,2378,2265,2365,2461,2376,2417,2157,2433,2512,2152,2427,2364,915,2465,2357,2158,2352,2414,2355,2319,2341,2420,2321,2308,2016,2322,2218,2330
2477: 2487,2429,2480,2456,2485,2524,2222,2377,2476,2475,2523,2402,2461,2376,2433,2512,2152,2427
2381: 2244,2246,2245,2347,2215,2351,2299,2243,2325,2324,2241,2044,2424,2386,2046,2253,2283,2382,2344,2408,2275,2234,2094,2110,2282,2339,2240,2089,2345,2404,2338
2382: 2344,2408,2275,2324,2241,2044,2424,2386,2046,2242,2425,2423,2245,2381,2347,2437,2340,2094,2339,2240,2089,2345,2404,2338,2002,2193,2405,2277
2383: 2166,2385,2302,2384,2443,2168,2445,2399,2479,2306,2301,2305,2348,2389,2304,2307,2367,2105,2233,2208,2359,1997,2346,2231
2384: 2383,2166,2385,2302,2445,2399,2479,2306,2301,2305,2348,2389,2304,2307,2367,2105,2233,2208,2359,1997,2190,2346,2231
2385: 2383,2166,2302,2384,2443,2168,2445,2459,2399,2479,2306,2301,2305,2348,2389,2304,2307,2367,2105,2233,2208,2359,1997,2346,2231
2386: 2424,2046,2293,2292,2439,2411,2388,2243,2325,2324,2241,2044,2242,2425,2423,2244,2246,2245,2381,2347,2382,2344,2408,2275
2466: 2431,2402,2484,2430,2548,2524,2222,2487,2429,2480,2456,2485,2179,2530,2434,2461,2376,2417,2157,2306,2403,2432,2406,2320,2415,2356,2352,2414
2388: 2438,2291,2452,2497,2292,2439,2411,2544,2424,2386,2046,2242,2425,2423
2389: 2304,2307,2367,2105,2479,2306,2301,2403,2432,2305,2406,2320,2383,2166,2385,2302,2384,2178,2055,2315,2313,2400,2208,2359,2190,2346,2231,2270,2318,2316,2180,2317
2524: 2222,2484,2548,2487,2429,2480,2477,2456,2485,2179,2530,2434,2466,2431,2402,2461,2376,2417
2391: 2332,2395,2437,2340,2435,2195,2002,2193,2066,2405,2277,2422,2474,2329,2196,2191,2335,2271,2254
2392: 1701,2040,2334,1700,2410,2454,853,1677,2488,2464,2268,2463,2462,2364,1671,915,2465,2266,2361,2363,2263,2333,2409,2394,2262,2362,2293,2217
2393: 2203
2394: 2262,1671,915,2040,2392,2334,1700,2410,2454,2266,2361,2363,2263,2333,2409,2362,2293,2217,2267,2311,2374,2215,2351,2299,2024,2243,2325,2324,2241
2395: 2332,2391,2340,2435,2195,2002,2193,2066,2405,2277,2422,2474,2329,2197,2196,2191,2335,2271,2254
2396: 2174,2525,2455
2488: 2464,853,1677,2268,2463,2462,1671,2465,2040,2392,2334,1700,2410,2454,2266
2398: 2585,2573,2543,2550,2467,2285,2495,2592,2514,2601,2574,2627,2590
2399: 2459,2479,1989,2556,2460,2458,2303,2482,2179,2443,2168,2445,2306,2301,2305,2348,2383,2166,2385,2302,2384,2307,2367,2105
2570: 2229,2121,2099,2095
2402: 2466,2431,2548,2524,2222,2487,2429,2480,2477,2456,2485,2179,2530,2434,2461,2376,2417,2157,2306,2403,2432,2406,2320,2415,2356,2352,2414
2403: 2306,2301,2432,2305,2460,2458,2179,2530,2434,2466,2431,2402,2459,2479,1989,2406,2320,2415,2356,2302,2389,2304,2307,2055,2400
2404: 2089,2345,2338,2246,2245,2381,2347,2382,2344,2408,2275,2437,2340,2094,2110,2282,2339,2240,2002,2193,2405,2277,2261,2132,2280,2139,2279,2237,2281,2196,2191
2405: 2002,2193,2066,2277,2382,2344,2408,2275,2437,2340,2435,2195,2089,2345,2404,2338,2332,2395,2391,2132,2280,2139,2279,2237,2281,2329,2197,2196,2191,2335,2271
2408: 2382,2344,2275,2243,2325,2324,2241,2044,2424,2386,2046,2242,2425,2423,2244,2246,2245,2381,2347,2094,2339,2240,2404,2338,2405,2277
2409: 2263,2333,2364,1671,915,2465,2040,2392,2334,1700,2410,2265,2365,2394,2262,2218,2331,2330,2214,2267,2311,2374,2215,2299,2024
2410: 1701,2040,2392,2334,1700,2454,2488,2464,2268,2463,2462,1671,915,2266,2361,2363,2263,2333,2409,2394,2262,2362,2293,2217
2411: 2292,2439,2266,2361,2363,2373,2505,2497,2294,2362,2293,2217,2438,2291,2388,2452,2243,2324,2424,2386,2046,2242,2423
2593: 2641,1891,2631,1793,1633,2572,2624,514
2560: 1933,2539,2559,1951,2541,2516,2504,1914,2501,2508,1938
2414: 2357,2158,2352,2355,2466,2431,2402,2461,2376,2417,2157,2433,2152,2406,2320,2415,2356,2419,2416,2310,2378,2265,2365,2379,2055,2400,2319,2341,2420,2156,2314,2321,2308,2322
2415: 2406,2320,2356,2530,2434,2466,2431,2402,2461,2376,2417,2157,2306,2301,2403,2432,2305,2357,2158,2352,2414,2355,2055,2400,2319,2420,2321
2416: 2419,2310,2378,2265,2365,2379,2376,2417,2157,2433,2512,2152,2427,2364,915,2465,2357,2158,2352,2414,2355,2263,2333,2420,2309,2308,2016,2322,2218,2330
2417: 2461,2376,2157,2524,2222,2487,2429,2480,2456,2485,2377,2466,2431,2402,2433,2152,2406,2320,2415,2356,2357,2158,2352,2414,2355,2419,2416,2310,2378,2379
2418: 2426,2348,2233,2212,2366
2419: 2416,2310,2378,2265,2365,2379,2461,2376,2417,2157,2433,2152,915,2357,2158,2352,2414,2355,2319,2341,2420,2156,2321,2309,2308,2016,2154,2322,2289,2218,2331,2330
2420: 2319,2341,2156,2314,2321,2406,2320,2415,2356,2357,2158,2352,2414,2355,2419,2416,2310,2378,2265,2365,2379,2178,2055,2315,2313,2309,2308,2016,2154,2322,2289,2218,2226,2155,2353,1961,2238,2251,2131,2225
2422: 2474,2435,2195,540,2332,2395,2391,2335,2271,2254
2423: 2242,2425,2292,2439,2411,2438,2291,2388,2452,2424,2386,2046,2382,2344,2408,2275,2437,2340
2424: 2386,2046,2293,2292,2439,2411,2438,2291,2388,2243,2324,2241,2044,2242,2425,2423,2245,2381,2382,2344,2408,2275,2437,2340
2425: 2242,2423,2439,2438,2291,2388,2452,2544,2424,2386,2046,2382,2344,2408,2275,2437,2340,2435,2195
2426: 2418,2348,2233,2366,2213,2207,2211
2427: 2433,2512,2152,2487,2429,2480,2477,2485,2377,2476,2475,2523,853,1677,2376,2157,2364,1671,915,2465,2352,2416,2378,2379
2428: 540,2529
2429: 2487,2480,2477,2456,2485,2524,2222,2377,2476,2475,2523,2466,2431,2402,2461,2376,2417,2157,2433,2512,2152,2427
2430: 2484,2548,2547,2471,2522,2460,2458,2303,2482,2179,2530,2434,2466,2431
2431: 2466,2402,2430,2524,2222,2429,2456,2485,2179,2530,2434,2461,2376,2417,2157,2306,2301,2403,2432,2305,2406,2320,2415,2356,2357,2158,2352,2414,2355
2432: 2306,2301,2403,2305,2460,2458,2179,2530,2434,2466,2431,2402,2459,1989,2406,2320,2415,2356,2302,2389,2304,2307,2055,2315,2400
2433: 2512,2152,2427,2487,2429,2480,2477,2456,2485,2377,2476,2475,2523,2461,2376,2417,2157,2364,915,2465,2352,2414,2419,2416,2310,2378,2265,2365,2379
2434: 2179,2530,2522,2484,2430,2548,2547,2524,2222,2460,2458,2466,2431,2402,2306,2301,2403,2432,2415
2435: 2195,2425,2437,2340,2002,2193,2066,2405,2277,2332,2395,2391,2422,2474
2436: 2343,2287,2519
2438: 2291,2388,2452,2373,2505,2497,2294,2292,2439,2411,2544,2424,2046,2242,2425,2423
2471: 2522,2555,2483,2484,2430,2548,2547,2556,2481,2460,2458,2303,2482,2179
2441: 2507,2268,2463,2462,2373,2505,2294
2443: 2168,2445,2556,2460,2458,2303,2482,2459,2399,2479,1989,2348,2383,2166,2385,2302
2444: 2491,2360,900,2446,2448,2209
2445: 2443,2168,2458,2303,2482,2459,2399,2479,1989,2348,2383,2166,2385,2302,2384
2446: 2448,2209,2447,2491,2444,588,455
2447: 2446,2448,2209,588,455
2448: 2446,2209,2447,2491,2444,588,455
2449: 2595,2545,2584,1773,2350,918
2450: 2561,2536,509,490
2451: 2544,2497,2291,2452,2568,2534
2452: 2438,2291,2388,2497,2294,2411,2544,2451,2425,2423
2454: 1701,2040,2392,2334,1700,2410,2488,2464,2268,2463,2462,1671,915,2266,2361,2363,2394,2262,2362,2293,2217
2455: 2396,2174
2456: 2487,2429,2480,2477,2485,2524,2222,2377,2475,2523,2466,2431,2402,2461,2376,2417,2157,2433,2512,2152
2652: 2604,2490,2626,2643,2640,2575
2458: 2460,2303,2482,2471,2522,2430,2547,2179,2530,2434,2443,2168,2445,2459,2399,2479,1989,2306,2301,2403,2432,2305
2459: 2399,2479,1989,2460,2458,2303,2482,2179,2443,2168,2445,2306,2301,2403,2432,2305,2385,2302,2307
2460: 2458,2303,2482,2471,2522,2430,2547,2556,2179,2530,2434,2443,2168,2459,2399,2479,1989,2306,2301,2403,2432,2305
2461: 2376,2417,2157,2524,2222,2487,2429,2480,2477,2456,2485,2377,2475,2466,2431,2402,2433,2512,2152,2406,2320,2415,2356,2357,2158,2352,2414,2355,2419,2310,2379
2462: 2268,2463,2488,2464,2441,2507,2040,2392,2334,1700,2410,2454,2266,2361,2363,2373,2505
2463: 2268,2462,2488,2464,2441,2507,2392,2334,2410,2454,2266,2361,2363,2373,2505
2464: 2488,853,1677,2268,2463,2462,2364,1671,2465,2040,2392,2334,1700,2410,2454,2266
2465: 2364,1671,915,2377,2476,2475,2523,853,1677,2488,2464,2433,2512,2152,2427,2040,2392,2334,1700,2416,2378,2379,2263,2409
2467: 2550,2285,2514,2585,2573,2543,2398
2468: 1689,2566
2542: 2125
2473: 2369,2069
2474: 2422,2435,2195,540,2332,2395,2391,2335,2271,2254
2475: 2377,2476,2523,2487,2429,2480,2477,2456,2485,853,1677,2461,2376,2157,2433,2512,2152,2427,2364,2465
2476: 2377,2475,2523,2487,2429,2480,2477,853,1677,2376,2433,2512,2152,2427,2364,915,2465
2479: 2459,2399,1989,2460,2458,2303,2482,2179,2443,2168,2445,2306,2301,2403,2305,2348,2383,2166,2385,2302,2384,2389,2307,2367,2105
2480: 2487,2429,2477,2456,2485,2524,2222,2377,2476,2475,2523,2466,2402,2461,2376,2417,2157,2433,2512,2152,2427
2481: 2556,2555,2483,2471,2522,588,2303,2482,2168
2482: 2460,2458,2303,2555,2483,2471,2522,2430,2547,2556,2481,2179,2443,2168,2445,2459,2399,2479,1989,2306,2301
2483: 2555,2471,2522,588,2556,2481,2303,2482
2484: 2430,2548,2547,2471,2522,2524,2222,2179,2530,2434,2466
2486: 2504,1914,1951,2541,2540,1874,1933,2489,1830,1882,1884,2554,2501,2508,1938,1907
2487: 2429,2480,2477,2456,2485,2524,2222,2377,2476,2475,2523,2466,2402,2461,2376,2417,2157,2433,2512,2152,2427
2489: 1830,1882,1884,2554,2540,1874,2486,2504,1914,2508,1938,1907,2494,1871
2490: 2626,2643,2574,2627,2590,2617,2635,2652,2604
2491: 2444,2360,900,2446,2448,2209
2566: 2468,2533,2569
2493: 2646,2644,2645,2647,2637,2613,2611,2610,2564,2609,2650,2648,1858,1820,2649
2494: 1871,2583,2489,1830,1882,2554,2510,1606,1853,1915,2496,2537
2495: 2285,2592,2550,2514,2585,2573,2543,2398
2496: 1915,2537,1907,2494,2583,927
2497: 2294,2411,2438,2291,2388,2452,2544,2451
2498: 2148,2224,2499,926
2499: 2148,2224,2498,926
2579: 2602,2021,2594,2563,2623,977,2255,2189,1867,1913
2501: 2516,1933,2560,2539,2486,2504,1914,2508,1938,1907,927
2595: 2449,2545,2584,1773,2350,918
2503: 2360,900,2519
2504: 2486,1914,1951,2541,2540,1874,1933,2560,2539,2489,1830,1882,1884,2501,2508,1938,1907
2505: 2373,2268,2463,2462,2441,2507,2266,2361,2363,2294,2362,2217,2292,2439,2411,2438
2563: 2623,2602,2579,977
2507: 2441,2268,2463,2462,2373,2505,2294
2508: 1938,1907,1933,2560,2539,2486,2504,1914,2489,1884,2501,927
2509: 1872,2571,2558,1905,2540,1874
2510: 2540,1770,1830,1882,1884,2554,2494,1871,1606,1853
2511: 2597,2557,2591,2629
2512: 2433,2152,2427,2487,2429,2480,2477,2456,2485,2377,2476,2475,2523,853,1677,2461,2376,2157,2364,915,2465,2352,2416,2378,2379
2564: 2611,2610,2609,2639,2637,2613,2638,2612,2630,945,2642,2493,2646,2644,2645,2647,1858,1820
2514: 2550,2467,2285,2495,2585,2573,2543,2398,2601
2515: 2615,560
2516: 2559,1951,2541,1933,2560,2539,2501
2613: 2637,2606,2616,2599,2632,2603,2639,2638,2612,2630,2642,2611,2610,2564,2609,2493,2646,2645,2647
2614: 2633,2576,2651,2606,2639,2638,2612,2630,945,2642
2519: 2503,2287,2343,2436
2528: 1899,2619,1926,2600,2598,2562,2559,1951,2541
2529: 540,2428,2151,2527
2530: 2179,2434,2484,2430,2548,2547,2524,2222,2460,2458,2466,2431,2402,2306,2301,2403,2432,2415
2539: 1933,2560,2559,1951,2541,2516,2504,1914,2501,2508,1938
2534: 2568,2544,2451,490,540
2640: 2575,1454,1323,2652,2604,503
2536: 509,2450,2561
2537: 1915,2496,1907,2494,1871,2583,927
2586: 2123
2545: 2584,2286,2449,2595,1773,2350,918
2571: 1872,2509,2558,1905,2540,1874
2547: 2484,2430,2548,2471,2522,2460,2458,2303,2482,2179,2530,2434
2548: 2484,2430,2547,2471,2522,2524,2222,2179,2530,2434,2466,2402
2549: 2173,2358
2550: 2467,2285,2495,2592,2514,2585,2573,2543,2398
2551: 2407,2565,589,2442
2554: 2489,1830,1882,1884,2540,1874,1770,2486,2510,1907,2494,1871
2556: 2481,2555,2483,2471,2522,588,2460,2303,2482,2443,2168,2399
2557: 2591,2629,2597,2511,2588,2469,2587
2561: 2450,2536,509,490
2562: 2600,2598,2618,2582,1899,2599,2632,2603,2528
2565: 2407,2551,589,2442
2568: 2534,2544,2451,490,540
2569: 2533,2566
2572: 2624,2631,1793,2593,2641
2573: 2585,2543,2398,2550,2467,2285,2495,2592,2514,2601,2574,2627,2590
2574: 2585,2573,2543,2398,2601,2627,2590,2617,2635,2490,2626,2643
2576: 2651,2628,2622,2606,2633,2614,2639
2584: 2545,2286,2449,2595,1773,2350
2587: 2469,2557,2591,2629,2588,2601,2617,2635,2625,2589
2592: 2285,2495,2550,2585,2573,2543,2398
2594: 2021,1939,2580,966,2602,2579
2596: 2621,1773,2350,918,1477,1341,1323
2597: 2511,2557,2591,2629
2598: 2600,2562,2618,2582,1899,1926,2599,2632,2603,2528
2606: 2628,2622,2576,2651,2616,2633,2614,2639,2613
2607: 1717,1804,1796,1756,1819
2638: 2612,2630,945,2642,2633,2614,2639,2613,2611,2610,2564,2609
2609: 2611,2610,2564,2639,2637,2613,2638,2612,2630,945,2642,2493,2646,2644,2645,2647,1858,1820
2610: 2611,2564,2609,2639,2637,2613,2638,2612,2630,945,2642,2493,2646,2645,2647,1858,1820
2616: 2628,2622,2567,2618,2582,2606,2599,2632,2603,2639,2637,2613
2618: 2582,2605,2567,1899,2616,2599,2632,2598,2562
2623: 2563,2602,2579,977
2624: 2572,2631,1793,2593,2641
2625: 2589,2469,2587,2617,2635
2626: 2490,2643,2574,2627,2590,2617,2635,2652
2627: 2590,2585,2573,2543,2398,2574,1454,2490,2626,2643
2628: 2622,2567,2576,2651,2606,2616
2629: 2557,2591,2597,2511,2588,2469,2587
2630: 2638,2612,945,2642,2633,2614,2639,2637,2613,2611,2610,2564,2609
2631: 1793,927,1891,1633,2593,2641,2572,2624
2632: 2599,2603,2567,2618,2582,1899,2616,2600,2598,2562,2637,2613
2633: 2614,2576,2651,2606,2639,2638,2612,2630,945
2635: 2617,2588,2601,2574,2469,2587,2490,2626,2643,2625
2642: 2638,2612,2630,945,2614,2639,2637,2613,2611,2610,2564,2609
2644: 2493,2646,2645,2647,2564,2609,2650,2648,1858,1820,2649
2645: 2493,2646,2644,2647,2637,2613,2610,2564,2609,2650,2648,1858,1820,2649
2646: 2493,2644,2645,2647,2637,2613,2611,2610,2564,2609,2650,2648,1858,1820,2649
2647: 2493,2646,2644,2645,2637,2613,2610,2564,2609,2650,2648,1858,1820,2649
2648: 2650,2493,2646,2644,2645,2647,1858,1820,2649
2649: 2493,2646,2644,2645,2647,2650,2648,1858,1820