1574: 1605
543: 
1068: 1069,1067,237,1063,1065,1174,1062
1141: 1197,1100
1543: 1349,448,475,902
566: 
949: 
1581: 1562
1445: 1530,1586
1126: 1011,1020,1162,153,1128,1136,1037
977: 
1519: 1564,952,1450,1531,1476,1430,1554,1479,487
1373: 1379,1394,1415,1365,1476,1430,1506,1478,1467,985,1345,1317,1346,1393,1426,1316,323,1431
1572: 1527,1566
1394: 1379,1415,1373,1459,1525,1365,1561,1526,1467,985,1345,1317,1346,323,1431
535: 
754: 69
1459: 1525,1456,1387,1419,1557,1365,1561,1526,1379,1394,1415
1509: 1357,1345,1428
583: 588
1566: 1527,1572,456
1376: 1501,1554,1479,1425
900: 
1520: 1495,1496,1424,1359,1456,1387
1337: 1521,480
500: 553
520: 
1393: 1346,1426,1316,323,1431,1415,1373,1506,1478,1467,1345,1317,1425,1461,1464,1395,1452,1399,1472
1602: 1532,1592,1528
29: 443
562: 
509: 
1174: 1062,1068,237,1063,1065,1066,1083
822: 1561,1526,1487,1585
947: 973
563: 541
985: 1561,1526,1379,1394,1415,1373,1345,1317
1450: 1531,1558,1537,1519,1564,952,1554,1479,487
1434: 1512
1556: 1576,935
995: 
551: 948
1532: 1602,1592,1528
957: 
1540: 1499,1571
1367: 
961: 
766: 
1456: 1387,1520,1495,1499,1571,1419,1557,1503,1404,1459,1525
968: 
1587: 1606,516,449
929: 
939: 956
905: 
1461: 1425,1464,1346,1393,1426,1316,323,1431,1395,1452,1399,1472
552: 
572: 
1506: 1478,1467,1365,1476,1430,1554,1479,487,1379,1415,1373,1345,1317,1346,1393,1426,1316,323,1431,1425,1464
560: 948
504: 
1479: 1554,487,1519,1564,1450,1531,1430,1506,1478,1376,1501
61: 1398,1460,1409,1551,1414
539: 
558: 
1527: 1572,1566
1495: 1520,1496,1424,1359,1456,1387
1582: 1569
922: 989
589: 
69: 754
1600: 1589,919
598: 
1202: 
1128: 153,1136,1037,1126,1011,1020,1162
587: 
515: 
1571: 1499,1496,1424,1540,1456,1387,1419,1557
569: 
996: 
854: 
605: 227
916: 892
1172: 
1605: 1574
591: 
926: 
1487: 822,1565,1585
1513: 1548,1601,1590,1443,913,488
532: 
944: 
582: 
1295: 
948: 560,551
1349: 1543,448,475,902
1064: 1088
588: 583
1253: 1278
994: 1474,1514
1518: 1496,1424
1496: 1518,1424,1520,1495,1571
1266: 1151,575,507
593: 
1426: 1346,1393,1316,323,1431,1415,1373,1506,1478,1467,1345,1317,1425,1461,1464,1395,1452,1399,1472
544: 
908: 945
1606: 1587,516,449,999
955: 
1346: 1393,1426,1316,323,1431,1394,1415,1373,1506,1478,1467,1345,1317,1425,1461,1464,1395
906: 
659: 
581: 
498: 
932: 416,510
575: 1151,1266,927,507
993: 
1475: 1575
531: 
1395: 1452,1399,1472,1346,1393,1426,1316,323,1431,1425,1461,1464
1428: 1489,1509,1357,1472
513: 
1278: 1253
1387: 1456,1520,1495,1499,1571,1419,1557,1503,1404,1459,1525
1316: 1346,1393,1426,323,1431,1415,1373,1506,1478,1467,1345,1317,1425,1461,1464,1395,1452
1604: 853,915
1458: 1397
506: 
975: 
911: 
555: 
597: 
979: 
988: 
963: 
1535: 
538: 554
951: 
1348: 1402
536: 
592: 
1063: 237,1065,1069,1067,1068,1066,1083,1174,1062
1562: 1581
1569: 1582
986: 1588,157
559: 
586: 
903: 
1589: 1600,919
596: 
1359: 1520,1495,1404
557: 166,1015
580: 892
537: 928
978: 
153: 1128,1136,1037,1126,1011,1020,1162
980: 
1151: 1266,575,507
568: 
157: 1588,986,997
965: 
1413: 1453
902: 475,1349,1543
556: 
1503: 1404,1456,1387,1488
1430: 1476,1519,1564,952,1365,1554,1479,487,1379,1415,1373,1506,1478,1467
541: 563
594: 
166: 1015,311,1005,557
820: 
507: 1151,1266,575
700: 1009,454
1528: 1602,1532,1592
519: 
550: 402
1547: 1580,1601,1590,1443
574: 
940: 
1065: 237,1063,1069,1067,1068,1066,1083,1174,1062
1399: 1395,1452,1472,1393,1426,1425,1461,1464,1460
923: 
1062: 1174,1068,237,1063,1065,1066,1083
1053: 
901: 
501: 
1588: 986,157,997
992: 
1290: 
534: 
967: 
573: 
547: 
976: 
919: 1600,1589
1415: 1379,1394,1373,1459,1525,1365,1476,1430,1561,1526,1506,1478,1467,985,1345,1317,1346,1393,1426,1316,323,1431
1565: 1487,1585
590: 
1464: 1425,1461,1506,1478,1467,1346,1393,1426,1316,323,1431,1395,1452,1399,1472
1514: 1474,994
962: 
927: 575
1578: 1388,448,959,1558,1537
584: 
934: 
1531: 1450,1558,1537,1519,1564,952,1554,1479,487
953: 
1197: 1141,1100
973: 947
517: 
982: 
1357: 1509,1345,1323,1428
924: 
1453: 1413
1424: 1518,1496,1520,1495,1499,1571
990: 942
578: 
1341: 1477,840
1149: 1184
1388: 1578,448,959,1558,1537
1502: 1536
914: 
1419: 1557,1499,1571,1456,1387,1459,1525,1365
1011: 1126,1020,1162,153,1128,1136,1037
1607: 232
925: 974
1521: 1337,480
1100: 1197,1141
1489: 1428,1472,1460,1398
941: 
227: 605
912: 
950: 
943: 
1443: 1580,1547,1601,1590,1513,1548,913,1598
232: 1607
233: 
1551: 1414,61,1398,1409,1470
1404: 1503,1359,1456,1387,1488
579: 
237: 1063,1065,1069,1067,1068,1066,1083,1174,1062
508: 
920: 
1379: 1394,1415,1373,1459,1525,1365,1476,1430,1561,1526,1506,1478,1467,985,1345,1317,1431
599: 
1580: 1547,1601,1590,1443
514: 
1476: 1430,1519,1564,952,1365,1554,487,1379,1415,1373,1506,1478,1467
971: 
972: 
1557: 1419,1499,1571,1456,1387,1459,1525,1365
1583: 1603
1585: 1487,822,1565
1402: 1348
1576: 1556,935
1345: 1317,1561,1379,1394,1415,1373,1506,1467,985,1346,1393,1426,1316,323,1431,1509,1357
1526: 1561,1459,1525,1379,1394,1415,822,985,1317
1512: 1434
512: 
942: 990
571: 
1478: 1506,1467,1365,1476,1430,1554,1479,487,1379,1415,1373,1317,1346,1393,1426,1316,323,1431,1425,1464
1501: 1376,1554,1479,1425
1563: 
928: 537
1499: 1571,1424,1540,1456,1387,1419,1557
567: 570
528: 
909: 
1467: 1506,1478,1365,1476,1430,487,1379,1394,1415,1373,1345,1317,1346,1393,1426,1316,323,1431,1425,1464
524: 525
998: 
853: 1604,915
585: 
523: 
1525: 1459,1456,1387,1419,1557,1365,1561,1526,1379,1394,1415
915: 853,1604
1009: 700,454
533: 
959: 1388,1578,1558,1537
913: 488,1601,1513,1548,1443,1598
530: 
892: 580,916
1088: 1064
522: 420
958: 
553: 500
1474: 1514,994
1365: 1419,1557,1459,1525,1476,1430,1561,1379,1394,1415,1373,1506,1478,1467
1530: 1445,1586
510: 932
542: 565
960: 454
984: 
952: 1519,1564,1558,1537,1450,1531,1476,1430,487
595: 
1561: 1526,1459,1525,1365,1379,1394,1415,822,985,1345,1317
505: 472
521: 
999: 1606
1162: 1126,1011,1020,153,1128,1136,1037
518: 
1470: 1409,1551,1414
502: 
956: 939
1414: 1551,61,1398,1409,1470
933: 
904: 
1015: 166,311,1005,557
1066: 1083,1069,1067,237,1063,1065,1174,1062
549: 
991: 
1268: 1326
1454: 1323,482
311: 1005,166,1015
554: 538
497: 548
1536: 1502
548: 497
526: 
989: 922
1069: 1067,1068,237,1063,1065,1066,1083
1601: 1590,1580,1547,1513,1548,1443,913,488
545: 981
576: 
945: 908
323: 1346,1393,1426,1316,1431,1394,1415,1373,1506,1478,1467,1345,1317,1425,1461,1464,1395
981: 545
946: 
516: 449,1587,1606
327: 
1161: 
570: 567
1037: 153,1128,1136,1126,1011,1020,1162
1592: 1602,1532,1528
918: 
1184: 1149
1425: 1461,1464,1506,1478,1467,1376,1501,1346,1393,1426,1316,323,1431,1395,1452,1399
1323: 1454,1357,482
1020: 1126,1011,1162,153,1128,1136,1037
1243: 
499: 
1460: 1452,1399,1472,1489,61,1398
840: 1341,1477
938: 
966: 
1391: 1515,1444
937: 
1477: 1341,840
921: 
347: 
1326: 1268
540: 
997: 1588,157
503: 427
917: 
1515: 1391,1444
1537: 1558,959,1388,1578,1564,952,1450,1531
546: 
1067: 1069,1068,237,1063,1065,1066,1083
970: 
1603: 1583
1488: 1503,1404
1452: 1395,1399,1472,1393,1426,1316,1425,1461,1464,1460
627: 
1431: 1346,1393,1426,1316,323,1379,1394,1415,1373,1506,1478,1467,1345,1317,1425,1461,1464,1395
931: 
565: 542
529: 
1005: 311,166,1015
561: 
1472: 1395,1452,1399,1393,1426,1461,1464,1428,1489,1460
964: 
1398: 61,1489,1460,1409,1551,1414
1317: 1345,1561,1526,1379,1394,1415,1373,1506,1478,1467,985,1346,1393,1426,1316,323,1431
954: 
1575: 1475
1590: 1601,1580,1547,1513,1548,1443
1444: 1391,1515
1558: 1537,959,1388,1578,1564,952,1450,1531
1548: 1513,1601,1590,1443,913,488
564: 
511: 
1586: 1530,1445
969: 
527: 
1136: 153,1128,1037,1126,1011,1020,1162
1554: 1479,487,1519,1564,1450,1531,1476,1430,1506,1478,1376,1501
987: 
935: 1556,1576
1397: 1458
1083: 1066,1069,1067,237,1063,1065,1174,1062
974: 925
907: 
1598: 1443,913
930: 
577: 
983: 
525: 524
1409: 61,1398,1551,1414,1470
1564: 1519,952,1558,1537,1450,1531,1476,1430,1554,1479,487
910: 
936: 
400: 
401: 
402: 550
403: 
404: 
405: 
406: 
407: 
408: 418
409: 
410: 
411: 
412: 
413: 434
414: 
415: 
416: 932
417: 
418: 408
419: 
420: 522
421: 
422: 
423: 
424: 
425: 431
426: 
427: 503
428: 
429: 
430: 
431: 425
432: 
433: 440
434: 413
435: 
436: 
437: 
438: 
439: 
440: 433
441: 
442: 
443: 29
444: 
445: 460
446: 
447: 
448: 1349,1543,1388,1578
449: 516,1587,1606
450: 
451: 
452: 
453: 
454: 700,1009,960
455: 
456: 1566
457: 
458: 
459: 
460: 445
461: 
462: 
463: 
464: 
465: 
466: 
467: 
468: 
469: 
470: 
471: 
472: 505
473: 
474: 
475: 902,1349,1543
476: 
477: 
478: 
479: 
480: 1337,1521
481: 
482: 1454,1323
483: 
484: 
485: 
486: 
487: 1554,1479,1519,1564,952,1450,1531,1476,1430,1506,1478,1467
488: 913,1601,1513,1548
489: 
490: 
491: 
492: 
493: 
494: 
495: 
496: 