1574: 1875,1750,2701,2706,1605,514
543: 
1068: 1632,1656,1630,1655,1659,1653,1654,1657,1658,1640,1638,1627,1619,1624
1141: 1100,1722,1745
1543: 1349,475
566: 
949: 1721,1695
1581: 1397,1458,1562
1445: 1530,1526,1561
1701: 2410,2392,1700,2454,2334,2266,2040,1671,915
977: 2563,2623,2579,2602,2578
1519: 1564,1430,1531,1499,1450,1476
1373: 1253,1278,969,1685,1467
1572: 1527,554,970,1397,1458
1394: 1379,1415,1365,903,1345,1317,1346,1431
535: 166,1015
1939: 2021,2594,2580,966,2563,2623,2579
1459: 1525,952
1509: 1357,1345,1317,1346,1393,482
583: 2223,2072
1619: 1640,1638,1627,1644,1624,1646,1632,1068,1655,1659,1653,1657,1636,1645,1686,1639
1376: 1501
900: 2491,2444,2446,2448,2209,2447
1520: 1495
1337: 1690
500: 
520: 
1393: 1431,1426,1345,1317,1346,1461,1509,1395
1602: 1532,584
1623: 1066,1618,1063,1065,1609,1083,1615,1053,492,1731,1521
562: 
509: 
1174: 981,545,1062
822: 1487
947: 
563: 
985: 
1450: 1519,1564,1430,1531,1476
2261: 2272,2091,2140,2201,2110,2159,2323,2342,2282,2339,2337,2094,2338,2089,2345,2275,2181,2149,2258,2204,2281,2280,2139,2279,2132,2045,568
1556: 1576
995: 1913,1867
551: 
1532: 1602,584
957: 
1540: 1499,1571
1687: 1668,1419,1557
961: 
495: 
1456: 1387
968: 538
1718: 1765
929: 
939: 
905: 
1461: 1431,1393,1426,1395
552: 1679,1696
572: 1768,1832
1506: 1478
560: 2656,493,2618,2702
504: 
1479: 1499,1571,1554
61: 1460
539: 
558: 
1527: 1572,554,970,1397,1458
1495: 1520
2145: 2549,2198,2161,2097,2074,2141
922: 594
589: 2565,2442,2407,2551
1874: 2540,1872,575,2489,1830,1882,1907,2554
1600: 1789,1732
598: 586
1202: 
1781: 1977,2039,1752
587: 
515: 
1571: 1540,1499,1479,1554,1564
569: 1883,1979,1965,1941
996: 1778,1847,525,1798
1823: 1940,1974,1921,1941,1920,1948,1864
1690: 1337
916: 434,2370,2521,2358,2173
1172: 1268,1326,1635,1617,1136
1605: 2706,514,1629,1633,1875,1750,2701,1574
591: 
926: 2148,2224,2498,2499
1487: 822
1513: 1548,960
532: 
944: 964
582: 2542,2125
1295: 
948: 
1349: 1543,475
1064: 1088,1858,1820,1629,1633
588: 2555,2483,2446,2448,2209,2447,2556,2481,2168
1253: 1290,1278,1637,1373,1685,1467
994: 
1518: 
1496: 1660,1684,1672,1424,1679,1696
2681: 2645,2648,2516,2650,2644,2649,2668,2697
593: 
1426: 1431,1393,1345,1317,1346,1461,1395
544: 
908: 1891,1793
1606: 1853,2554,1871,1810,1736,1751
955: 
1346: 1345,1317,1379,1394,1415,1365,1431,1393,1426,1509,1357
906: 
1635: 153,1617,1136,1268,1326,1651,1172,1676
581: 
498: 471
932: 
575: 1872,1887,1912,1874,2540
993: 
1646: 1640,1638,1627,1619,1644,1624,1655,1636,1645,1686,1639,1648
531: 1928,1785,452,1788,1970,1846,478,1729,545
1395: 1431,1393,1426,1461
2602: 2579,2021,2594,2563,2623,977,2189,2255
513: 
1278: 1290,1253,1637,1373,1685,1467
1387: 1456
2541: 1951,2559,2528,2516,2650,1933,2560,2539,2501,1914,2486,2504,1884,2708
1671: 2465,2364,915,2476,853,1677,2488,2464,2427,1701,2410,2392,1700,2454,2334,2266,2040,2409,2394,2262,2263
1458: 1397,554,1527,1572,970,1562,1581
506: 1775,409,1898,1984,1855
975: 
911: 2473,2369
555: 
597: 
979: 
988: 
963: 
1684: 1663,1672,1424,1496,1660
538: 968
951: 
1348: 1402,468
536: 
592: 
1063: 1618,1065,1609,1083,1615,1612,1067,1069,1620,1066,1623
1562: 1514,1397,1458,1581
2578: 977,1913,1867,1899,2619,1926
986: 
559: 
586: 598
903: 1379,1394,1415,1365,1476,1317
1589: 549,1732
596: 1665,1702,1713
1670: 1743
557: 1746,1708
580: 2358,2173
537: 
978: 
153: 1635,1617,1136,1268,1326,1676,1650
980: 2070,2336
1974: 1921,1972,2015,1998,2027,1823,1940
568: 2115,2181,2149,2258,2204,2272,2091,2140,2201,2261,2281,2280,2139,2279,2237,2132,2076,2045,2043,2236,2090
157: 1588,1554,1379,1365
965: 
2637: 2613,2616,2567,2632,2647,2603,2609,2610,2564,2493,2645
902: 
556: 529
1503: 1404,952
1430: 1519,1564,1531,1450,1476
541: 567
594: 922
166: 1015,535,943,924
1708: 1746,557
507: 1810,1736,1751
700: 1009
1528: 1592,521
519: 
550: 
1547: 1580,573
574: 1551,1414
940: 
1065: 1618,1063,1609,1083,1615,1612,1067,1069,1620,1066,1623,492
1837: 1783,1719,1763,1714,1694
923: 
1062: 1174
1053: 1066,1623,1268,1326
901: 
501: 
1588: 157,1554,1379,1415,1365
992: 
1290: 1253,1278,1685
534: 1910,1890,1877,1844
967: 
573: 1547,1580
547: 
976: 
919: 
1415: 1379,1394,1365,903,1588,1345,1317,1346,1431
1565: 1585
590: 1998,2027,1921,1986
2687: 2699,2679,945,2692,2674,2700,2673,2675,2614,2657,2642,2683,2678,2638
1514: 554,1474,1562
962: 1695,1721
927: 1933,2560,2539,2501,1914,2486,2504,1884,2708,2489,1830,1882,1907,2508,2688,2691,2696,2496
1578: 1388,969
584: 1602,1532
934: 
1531: 1519,1564,1430,1450,1476
953: 
1197: 
973: 1590,1601
517: 
982: 
1357: 1509,1345,1317,1346,482
924: 166,1015
1891: 1793,908
1424: 1672,1663,1684,1496,1660
990: 
578: 2450,2561
1341: 1477,2407,2551,2596,2655
1149: 1184
1388: 1578,969
1502: 1536
914: 
1419: 1557,1668,1687
1693: 1707,1725,1720,1754,1698,1723,1692
1607: 232
925: 1888,1737
1521: 1731,1664,1066,1623,1636,1645,1686
1100: 1141
2107: 2150,2225,2251,2131,2249,2219,2288,2252,2312,2250,2253,2216,2300,2246,2283,2244,2247,2129,2248,2256,2138,2110,2159,2323,2163,2062,2259,2175,2162,2182,1994,2188,2186,2183,2187,2184,2185,2181,2149,2258
941: 
1659: 1630,1655,1653,1654,1657,1658,1632,1068,1656,1640,1638,1627,1619,1624,1639
912: 
950: 
943: 166,1015
1443: 1598
232: 1607
2540: 1874,1872,575,2489,1830,1882,1907,2554
1551: 1414,445,574
1404: 1503,952
579: 
237: 2678,2638,2680,2694,1858,1820
508: 
920: 
1379: 1394,1415,1365,903,1588,157,1476,1345,1317,1346,1431
599: 
1580: 1547,573
514: 2706,1605,1629,1633,1875,1750,2701,1574
1476: 1519,1564,1430,1531,1450,1379,1365,903
971: 
972: 
1557: 1419,1668,1687
1583: 1603,431,446
1585: 1565
1402: 1348,468
1576: 1556
1345: 1317,1346,1379,1394,1415,1365,1431,1393,1426,1509,1357
1526: 1561,1530,1445
2281: 2280,2139,2279,2237,2132,2339,2337,2094,2338,2089,2345,2275,2277,2193,2405,2272,2091,2140,2201,2261,2196,2191,2002,568,2260,2199
512: 2254,2358,2173
942: 
571: 
1478: 1506
1501: 1376
1563: 
928: 
1499: 1540,1571,1479,1554,1519,1564
567: 541
528: 
909: 
1467: 1253,1278,1373,969,1685
524: 1986,2020,1999,1955,2059,2033
998: 
853: 1677,2377,2476,2475,2523,2488,2464,2512,2427,2465,1671,2364,915,2392,1700,2454,2334
585: 2096,2290
523: 440
1525: 1459,952
915: 2465,1671,2364,2476,853,1677,2433,2512,2152,2427,1701,2410,2392,1700,2454,2334,2266,2040,2419,2416,2365,2378,2265,2409,2394,2262,2263
1009: 700
533: 
959: 487
913: 
530: 
496: 
1088: 1064,1858,1820,1629,1633
522: 
958: 
553: 
1474: 1514
1365: 1379,1394,1415,903,1588,157,1476,1345,1317,1346,1431
1530: 1445,1526,1561
510: 
542: 
960: 1513,1548
984: 1699
952: 1503,1404,1459,1525
595: 561
1561: 1526,1530,1445
505: 
521: 1592,1528
999: 
2589: 2625,2635,2698
518: 
1680: 1754,1639,1648,1720,1703,1725
502: 1991,1886,2189,2255,1913,1867
956: 
1414: 1551,445,574
933: 1779,1767,1766,1836
904: 
1015: 166,535,943,924
1066: 1623,1618,1063,1065,1609,1083,1615,1053,492,1686,1731,1521,1664
549: 1589
991: 409,1984,1855,525
1268: 1326,1662,1053,492,1651,1172,153,1635,1617,1136
1454: 1323
311: 1005
554: 1527,1572,1514,1397,1458
497: 983
1536: 1502
548: 
526: 
989: 
1069: 1620,1612,1067,1063,1065,1609,1083,1615
1601: 1590,973
545: 1788,1970,1846,478,1729,1928,1785,531,1174
576: 2393,2203
945: 2699,2679,2687,2692,2674,2700,2673,2675,2614,2657,2642,2683,2678,2638
2668: 2649,2697,2516,2650,1933,2560,2539,2501,1914,2681,2508,2688,2691,2696
981: 1863,1807,1174
946: 2065,2011,2030,1987,2003,1963,1942,1972,2015
516: 917
1637: 1253,1278
1161: 
570: 
1985: 2116,1947
1592: 521,1528
918: 2595,2449,2627,2590,1323
1184: 1149
1714: 1694,1783,1837
1323: 918,2596,2655,1454
1686: 1636,1645,1066,1640,1638,1627,1619,1644,1646,1731,1521,1664
1243: 
499: 
1460: 61
1732: 1589,1789,1600
938: 450
966: 2021,2594,2580,1939
1700: 1701,2410,2392,2454,2334,2266,2040,853,1677,2488,2464,2268,2462,2465,1671,2364,915,2409,2394,2262,2263
937: 
1477: 1341,2407,2551,2596,2655
921: 
1698: 1723,1754,1707,1693,1725,1692
1326: 1268,1662,1053,492,1651,1172,153,1635,1617,1136
540: 2534,2568,2435,2195
997: 
503: 2604,2652,2490,2671
917: 516
1766: 1779,1767,933,1836
1537: 1558,1713
546: 
1067: 1612,1069,1620,1618,1063,1065,1609,1083,1615
970: 1527,1572,1397,1458
1603: 1583,431,446
2233: 2348,2445,2443,2383,2166,2385,2302,2367,2418,2366,2208,2359,1997,2384,2426,2213,2207,2211,2210
1668: 1687,1419,1557
1719: 1783,1837,1763
1431: 1393,1426,1379,1394,1415,1365,1345,1317,1346,1461,1395
931: 
565: 
529: 556
1005: 311
561: 595
1624: 1640,1638,1627,1619,1644,1646,1632,1068,1630,1655,1659,1653,1654,1657,1658,1636,1645,1639,1648
964: 944
2033: 2059,2020,1999,524
1317: 1345,1346,1379,1394,1415,1365,903,1431,1393,1426,1509,1357
954: 
1575: 1642,1641,1643
1590: 1601,973
2104: 2103,2232,2213,2207,2211,2210,2167,2120,2164,2228,2038,2227,2229
1558: 1537,1713
1548: 1513,960
564: 
511: 
1788: 1970,930,1802,1846,478,1729,545,1928,1785,531
969: 1373,1388,1578,1467
527: 
1136: 153,1635,1617,1268,1326,1651,1172,1676,1650
1554: 1479,1499,1571,1588,157
987: 
935: 
1397: 1458,554,1527,1572,970,1562,1581
1083: 1618,1063,1065,1609,1615,1612,1067,1069,1620,1066,1623,492
974: 1888,1737
907: 
1598: 1443
930: 1760,1797,1788,1970,1729
577: 
983: 497
525: 991,1984,1855,1778,1847,996
1984: 1855,409,506,991,525
1564: 1519,1430,1531,1499,1571,1450,1476
910: 
936: 
400: 
401: 
402: 
403: 
404: 
405: 
406: 
407: 
408: 
409: 506,991,1984,1855
410: 
411: 
412: 
413: 
414: 
415: 
416: 
417: 
418: 
419: 
420: 
421: 
422: 2693,2515,2664,2695
423: 
424: 435
425: 
426: 
427: 
428: 
429: 
430: 
431: 1583,1603
432: 2557,2629
433: 
434: 916,2370,2521,2358,2173,2206
435: 424
436: 
437: 
438: 
439: 
440: 523
441: 
442: 1772,1802,1846,1729
443: 
444: 1992,2073,1963
445: 1551,1414
446: 1583,1603
447: 
448: 
449: 
450: 938
451: 
452: 1928,1785,531,1846,478,1729
453: 
454: 1679,1696
455: 2447
456: 
457: 
458: 
459: 
460: 
461: 
462: 484
463: 
464: 
465: 
466: 
467: 
468: 1348,1402
469: 
470: 
471: 498
472: 
473: 
474: 
475: 1349,1543
476: 
477: 
478: 1846,1729,1788,1970,545,1928,1785,531,452
479: 
480: 
481: 
482: 1509,1357
483: 
484: 462
485: 
486: 
487: 959
488: 
489: 
490: 2294,2452,2497,2451,2544
491: 
492: 1618,1065,1083,1615,1066,1623,1268,1326
493: 2693,2515,2664,2695,2656,560,2651,2660,2690,2702
494: 
1609: 1618,1063,1065,1083,1615,1612,1067,1069,1620,1066,1623
1699: 1722,1745,984
1676: 1650,153,1635,1617,1136
1612: 1067,1069,1620,1618,1063,1065,1609,1083,1615
1721: 949,962,1695
1672: 1424,1663,1684,1496,1660
1615: 1618,1063,1065,1609,1083,1612,1067,1069,1620,1066,1623,492
1729: 1846,478,930,1772,1802,442,1788,1970,545,1928,1785,531,452
1617: 153,1635,1136,1268,1326,1172,1676,1650
1618: 1063,1065,1609,1083,1615,1612,1067,1620,1066,1623,492
1620: 1069,1612,1067,1618,1063,1065,1609,1083,1615
1627: 1640,1638,1619,1644,1624,1646,1632,1068,1655,1659,1653,1657,1636,1645,1686,1639
1636: 1645,1686,1640,1638,1627,1619,1644,1624,1646,1521,1664,1639,1648
1629: 1633,1064,1088,1875,1750,2701,2706,1605,514
1630: 1655,1659,1653,1654,1657,1658,1632,1068,1656,1640,1638,1624,1639
1631: 1634
1632: 1068,1656,1630,1655,1659,1653,1654,1657,1658,1640,1638,1627,1619,1624
1633: 1629,1064,1088,1875,1750,2701,2706,1605,514
1634: 1631
1638: 1640,1627,1619,1644,1624,1646,1632,1068,1630,1655,1659,1653,1654,1657,1658,1636,1645,1686,1639,1648
1639: 1648,1630,1655,1659,1653,1654,1657,1658,1640,1638,1627,1619,1644,1624,1646,1636,1645,1720,1703,1680
1640: 1638,1627,1619,1644,1624,1646,1632,1068,1630,1655,1659,1653,1654,1657,1658,1636,1645,1686,1639,1648
1641: 1643,1575,1642
1642: 1575,1641,1643
1643: 1641,1575,1642
1644: 1640,1638,1627,1619,1624,1646,1655,1636,1645,1686,1639,1648
1645: 1636,1686,1640,1638,1627,1619,1644,1624,1646,1521,1664,1639,1648
1685: 1290,1253,1278,1373,1467
1648: 1639,1640,1638,1644,1624,1646,1636,1645,1720,1703,1754,1680
1696: 1679,552,1496,1660,454
1650: 1676,153,1617,1136
1651: 1662,1268,1326,1635,1136
1677: 853,2377,2476,2475,2523,2488,2464,2512,2427,2465,1671,2364,915,2392,1700,2454,2334,2040
1653: 1630,1655,1659,1654,1657,1658,1632,1068,1656,1640,1638,1627,1619,1624,1639
1654: 1630,1655,1659,1653,1657,1658,1632,1068,1656,1640,1638,1624,1639
1655: 1630,1659,1653,1654,1657,1658,1632,1068,1656,1640,1638,1627,1619,1644,1624,1646,1639
1656: 1632,1068,1630,1655,1659,1653,1654,1657,1658
1657: 1630,1655,1659,1653,1654,1658,1632,1068,1656,1640,1638,1627,1619,1624,1639
1658: 1630,1655,1659,1653,1654,1657,1632,1068,1656,1640,1638,1624,1639
1660: 1496,1663,1684,1672,1424,1679,1696
1720: 1703,1639,1648,1754,1680,1693,1725
1662: 1268,1326,1651
1663: 1684,1672,1424,1660
1664: 1731,1521,1066,1636,1645,1686
1665: 1702,596,1713
1679: 1696,552,1496,1660,454
1682: 
1689: 1817
1688: 
1797: 1760,930
1692: 1707,1693,1698,1723
1694: 1714,1783,1837,1763
1695: 962,949,1721
1697: 1787
1702: 1665,596,1713
1703: 1720,1639,1648,1754,1680,1725
1982: 2143,2077,2147,2142,2122,2169,2177,2130,2120,2093,2144,2160,2135,2113,2134
1767: 1779,933,1766,1836
2612: 2682,2658,2639,2630,2610,2493,2657,2683,2611,2704
1707: 1693,1725,1754,1698,1723,1692
1731: 1521,1664,1066,1623,1686
1730: 1834,1870,1841
1926: 2619,2578,1913,1867,1899,2600,2598,2562
1713: 1558,1537,1665,1702,596
1717: 2631,1915,2496,2572,2624,2593,2641,1796
1722: 1745,1141,1699
1723: 1698,1754,1707,1693,1725,1692
1725: 1707,1693,1720,1703,1754,1680,1698,1723
1841: 1870,1730,1834,1863,1807
1728: 1792,1756,1819,1804,2607,2677
1807: 1863,1870,1841,981
1772: 1802,442,1846,1729
1736: 1751,1853,1606,1810,507,2583,1776,1960
1737: 1888,925,974
1830: 2489,1882,1907,1874,2540,2486,2504,1884,2708,2554,927,1871
1765: 1718
1740: 1798
1743: 1670
1778: 1847,525,1978,996
1745: 1722,1141,1699
1746: 1708,557
1796: 2631,1717,2572,2624,2593,2641,2607
1858: 1820,2680,2694,237,1064,1088
2312: 2219,2288,2252,2250,2238,2331,2214,2024,2311,2225,2251,2131,2249,2253,2216,2300,2246,2283,2244,2247,2129,2248,2138,2107,2150,2110,2159,2323
1750: 1875,2701,1629,1633,2706,1605,514,1574
1751: 1736,1853,1606,1810,507,2583,1776,1960
1752: 1977,2039,1781
2132: 2281,2280,2139,2279,2237,2339,2094,2338,2089,2345,2275,2277,2193,2405,2272,2140,2201,2261,2196,2191,2002,568,2043,2236,2260,2199
1754: 1680,1648,1720,1703,1707,1693,1725,1698,1723
2321: 2319,2341,2420,2156,2322,2314,2406,2320,2415,2356,2403,2432,2357,2158,2352,2414,2355,2310,2379,2419,2365,2265,2178,2055,2315,2313,2400,2309,2308,2016,2154,2238,2318,2316,2180,2226,2155,2353,1961,2112,2205,2225
1756: 1819,2583,1776,1960,1804,2607,1728,1792
2603: 2647,2567,2599,2632,2600,2598,2562,2637,2613,2616,2609,2610,2564,2645
1760: 1797,930
1917: 1843,1919,1910,1890
1763: 1719,1783,1837,1694
1825: 1953
1768: 1832,572
1769: 1877,1844,1771
2649: 2668,2697,2648,2650,1933,2539,2501,2681,2508,2688,2691,2696
1771: 1877,1844,1769
1773: 2350,2286,2595,2449,2407,2596,2655
1775: 2053,506,1898
1776: 1960,1736,1751,2583,1756,1819,1804
1779: 1767,933,1766,1836
2163: 2062,2259,2175,2162,2122,2169,2177,2130,2247,2129,2248,2256,2138,2107,2093,2144,2160,2135,2182,1994,2188,2186,2183,2185,2113,2134,2133,2037,2092,2064
1783: 1837,1719,1763,1714,1694
1785: 1928,531,452,1788,1970,1846,478,1729,545
2046: 2386,2324,2408,2293,2292,2439,2411,2388,2438,2243,2044,2241,2242,2425,2423,2424,2381,2245,2344,2382
1787: 1697
1789: 1600,1732
1790: 
1791: 1988
1792: 1728,1756,1819,1804,2607,2677
1793: 1891,908
1798: 1740,1978,996
2076: 2045,2187,2181,2149,2258,2204,2272,2091,2140,2201,2012,2170,2127,2115,568,2049,2108,2090,2075
1802: 1772,442,1788,1846,1729
1803: 1876,1877,1844
1804: 1776,1960,1756,1819,1728,1792
1890: 1910,534,1843,1917,1877,1844
2080: 2054,2052,2029,2113,2134,2133,2037,2092,2121,2099,2114,2137,2063
1867: 1913,2189,2255,502,2578,995,2619,1926
1810: 1853,1606,1736,1751,507
1811: 
1844: 1877,1910,1890,534,1771,1769,1803,1876
1973: 2034,2053
1817: 1689
1818: 1978
1819: 1756,2583,1776,1960,1804,1728,1792
1820: 1858,2680,2694,237,1064,1088
2678: 2638,2699,2679,2687,945,2680,2694,237
1919: 1922,1920,1948,1864,1917
2143: 2077,2147,1982,2167,2202,2142,2278,2122,2169,2177,2130,2120,2093,2144,2160,2135,2113,2134
2255: 2189,2579,2602,1991,1886,502,1913,1867
1988: 1791
2042: 2098,2043,2236,2199
1832: 1768,572
2544: 490,2451,2340,2437
1834: 1730,1870,1841
1836: 1766,1779,1767,933
2619: 1926,2578,1913,1867,1899,2600
2580: 2021,2594,1939,966,2579
2604: 2652,503,2671
1843: 1917,1910,1890
1936: 1967
1846: 478,1729,1772,1802,442,1788,1970,545,1928,1785,531,452
1847: 1778,525,996
2700: 2673,2675,2614,2663,2692,2674,2657,2642,2683,2699,2679,2687,945
2707: 2662,2684,2661,2633,2663,2685,2692,2674,2673,2614
1853: 1606,2554,1871,1810,1736,1751
1855: 1984,409,506,991,525
2133: 2037,2092,2093,2144,2160,2135,2163,2062,2259,2175,2162,2182,1994,2188,2186,2183,2187,2185,2113,2134,2012,2170,2176,2064,2127,2054,2080,2063
1920: 1823,1940,1965,1941,1948,1864,1922,1919
1863: 1807,1870,1841,981
1864: 1948,1823,1940,1986,1920,1955,1922,1919
1899: 2578,2582,2619,1926,2599,2632,2600,2598,2562
1987: 2030,2065,2011,1966,946,2003
2127: 2012,2170,2176,2064,2175,2182,1994,2188,2186,2183,2187,2184,2185,2181,2149,2258,2204,2133,2092,2076,2045,2049,2108,2090,2075
1870: 1841,1730,1834,1863,1807
1871: 2489,1830,1882,1907,2554,1853,1606
1872: 575,1887,1912,1874,2540
2002: 2196,2191,2089,2345,2275,2277,2193,2405,2332,2395,2391,2066,2281,2280,2139,2279,2237,2132,2335,2271,2260,2199,2329,2197
1875: 1750,2701,1629,1633,2706,1605,514,1574
1876: 1803,1877,1844
1877: 1844,1910,1890,534,1771,1769,1803,1876
2615: 2096,2290,2659
1882: 2489,1830,1907,1874,2540,2486,2504,1884,2708,2554,927,1871
1883: 569,1979,1965,1941,1887,1912
1884: 2486,2504,2708,1951,2541,1933,2501,1914,2489,1830,1882,1907,927
1886: 1991,2189,2255,502
1887: 1883,1965,1941,1912,1872,575
1888: 1737,925,974
1951: 2541,2559,2528,2516,2650,1933,2560,2539,2501,1914,2486,2504,1884,2708
2533: 2569,2511
2585: 2398,2573,2543,2285,2495,2592,2601,2574,2627,2590
2684: 2662,2661,2633,2663,2707,2685,2692,2674,2614
1948: 1864,1823,1940,1986,1920,1955,1922,1919
1970: 1788,930,1846,478,1729,545,1928,1785,531
1898: 1775,506
2653: 2151,2450,2561,2568
2222: 2524,2530,2548,2434,2487,2429,2480,2477,2456,2485,2466,2431,2402,2461,2376,2417
2311: 2374,2215,2333,2299,2024,2409,2394,2262,2263,2293,2331,2267,2214,2330,2218,2243,2325,2044,2351,2219,2288,2252,2312,2250,2253,2216,2300,2246,2283,2244
2582: 1899,2567,2599,2632,2600,2598,2562
2695: 422,2693,2515,2664,493,2705,2651,2660,2690
2522: 2471,2430,2547,2555,2483,2484,2548,2556,2481,2460,2458,2303,2482,2179
1907: 2489,1830,1882,1874,2540,2486,2504,1884,2708,2554,927,1871
2686: 2705,2703,2651,2576
1910: 1890,534,1843,1917,1877,1844
2064: 2012,2170,2176,2127,2163,2062,2259,2175,2162,2182,1994,2188,2186,2183,2187,2184,2185,2133,2037,2092,2063,2049,2108
1912: 1883,1965,1941,1887,1872,575
1913: 1867,2189,2255,502,2578,995,2619,1926
1914: 1933,2560,2539,2501,2559,2528,1951,2541,2516,2650,2486,2504,1884,2708,2668,2697,2508,2688,2691,2696,927
1915: 2496,2631,1717
2400: 2178,2055,2315,2313,2306,2301,2305,2307,2406,2320,2415,2356,2403,2432,2357,2158,2352,2414,2355,2389,2304,2105,2319,2341,2420,2156,2321,2314,2190,2346,2231,2270,2318,2316,2180,2317,1961
1921: 1974,1972,2015,1998,2027,590,1823,1940,1986
1922: 1919,1920,1948,1864
2034: 1973,2101,2053
1989: 2459,2399,2479,2556,2481,2460,2458,2303,2482,2179,2168,2306,2301,2305,2307,2445,2443,2302
1950: 2067
2061: 2018,2020,1999
1928: 1785,531,452,1788,1970,1846,478,1729,545
1972: 2015,946,1963,1942,1974,1921
2559: 2528,1951,2541,2516,2650,1933,2560,2539,2501,1914
2583: 1736,1751,1776,1960,1756,1819
2031: 1976,2212,2426,2213,2207,2211,2165,2349
1933: 2560,2539,2501,1914,2559,2528,1951,2541,2516,2650,2486,2504,1884,2708,2649,2668,2697,2508,2688,2691,2696,927
2588: 2601,2469,2587,2635
2090: 2075,2012,2127,2076,2045,2115,568,2049,2108,2030,1966
1940: 1823,1974,1921,1941,1920,1948,1864
1941: 1965,1979,1823,1940,1883,569,1920,1887,1912
1942: 1963,946,1972,2015
1995: 2036,2003
2125: 2542,582
2696: 2508,2688,2691,2516,2650,1933,2560,2539,2501,1914,2504,2708,2649,2668,2697,927
1947: 1985,2116
1953: 1825
2113: 2134,2143,2077,2147,1982,2093,2144,2160,2135,2163,2062,2133,2037,2092,2121,2114,2137,2054,2080,2052
1955: 1986,1948,1864,524
2012: 2170,2176,2064,2127,2175,2182,1994,2188,2186,2183,2187,2184,2185,2149,2258,2204,2133,2037,2092,2076,2045,2063,2049,2108,2090,2075
2147: 2143,2077,1982,2167,2202,2142,2278,2122,2169,2120,2093,2144,2160,2135,2228,2038,2227,2229,2113,2134
1960: 1776,1736,1751,2583,1756,1819,1804
1961: 2226,2155,2353,2235,2112,2205,2178,2315,2313,2400,2319,2341,2420,2156,2322,2321,2314,2154,2238,2318,2316,2180,2317,2225,2251,2249,2202,2142,2278,2122,2169,2177,2130,2247,2129,2248
1997: 2208,2359,2384,2445,2443,2383,2166,2385,2302,2367,2389,2304,2105,2348,2233,2190,2346,2231,2270,2213,2207,2211,2210,2167
1963: 1942,946,1972,2015,444
1986: 1921,1998,2027,590,1948,1864,1955,524
1965: 1941,1979,1883,569,1920,1887,1912
1966: 2049,2108,2090,2075,2030,1987,2003
1967: 1936
1976: 2031,2212,2426,2213,2207,2211,2165,2349
1977: 2039,2004,2057,1752,1781
1978: 1818,1778,1798
1979: 1883,569,1965,1941
1991: 1886,2189,2255,502
1992: 2073,2570,444
2020: 1999,2018,2061,524,2059,2033
1994: 2182,2188,2186,2183,2187,2184,2185,2247,2129,2248,2256,2138,2107,2150,2159,2323,2163,2062,2259,2175,2162,2181,2149,2258,2204,2133,2012,2170,2064,2127,2045
1998: 2027,590,1974,1921,1986
1999: 2020,2018,2061,524,2059,2033
2055: 2178,2315,2313,2400,2306,2301,2305,2307,2406,2320,2415,2356,2403,2432,2357,2158,2414,2355,2389,2304,2105,2319,2156,2321,2314,2190,2346,2231,2270,2318,2316,2180,2317
2030: 1987,2049,2108,2090,2075,2065,2011,1966,946,2003
2003: 2065,2011,2030,1987,1966,946,1995
2004: 2057,1977,2039
2108: 2049,2037,2092,2012,2170,2176,2064,2127,2076,2063,2090,2075,2065,2030,1966
2006: 2068
2708: 2486,2504,1884,1951,2541,1933,2560,2539,2501,1914,2489,1830,1882,1907,2508,2688,2696,927
2162: 2163,2062,2259,2175,2122,2169,2177,2130,2247,2129,2248,2256,2138,2107,2150,2093,2144,2160,2135,2182,1994,2188,2186,2183,2187,2184,2185,2133,2064
2105: 2389,2304,2399,2479,2306,2301,2305,2307,2406,2383,2166,2385,2302,2367,2055,2315,2400,2208,2359,1997,2384,2190,2346,2231,2270,2318,2316,2180,2317
2026: 2119
2011: 2065,2063,2049,2030,1987,946,2003
2347: 2240,2381,2245,2215,2243,2044,2351,2408,2253,2216,2246,2283,2244,2344,2404,2110,2159,2282,2339,2337,2094,2338,2089,2345,2275
2591: 
2015: 1972,946,1963,1942,1974,1921
2016: 2309,2308,2154,2238,2357,2158,2414,2355,2310,2379,2419,2416,2365,2378,2265,2319,2341,2420,2156,2322,2321,2314,2331,2267,2214,2330,2218,2226,2155,2353,2235,2225,2251,2131,2249,2219,2288,2252,2250
2018: 2061,2036,2020,1999
2611: 2704,2630,2612,2682,2658,2609,2610,2564,2493,2657,2683,2646,2689
2021: 2594,2580,1939,966,2563,2623,2579,2602
2057: 2004,1977,2039
2639: 2667,2606,2630,2612,2682,2658
2024: 2374,2215,2333,2299,2311,2409,2394,2262,2263,2293,2331,2267,2214,2330,2218,2243,2325,2044,2351,2219,2288,2252,2312,2250,2253,2216,2300,2246,2283,2244
2027: 1998,590,1974,1921,1986
2146: 2274
2029: 2054,2080,2052,2037,2121,2099,2114,2137,2063,2095
2442: 2565,589
2036: 1995,2018
2037: 2133,2092,2093,2160,2163,2062,2175,2188,2113,2134,2012,2176,2064,2054,2080,2052,2029,2063,2049,2108
2038: 2228,2227,2229,2103,2104,2077,2147,2164,2121,2099,2114,2137
2039: 1977,2004,2057,1752,1781
2040: 1701,2410,2392,1700,2454,2334,2266,1677,2488,2464,2465,1671,2364,915,2361,2363,2409,2394,2262,2263,2293,2362,2217
2699: 2679,2687,945,2692,2674,2700,2673,2675,2614,2642,2678,2638
2043: 2236,2280,2139,2237,2132,2115,568,2260,2199,2098,2042
2044: 2243,2325,2241,2351,2262,2293,2292,2439,2374,2215,2299,2024,2311,2046,2386,2324,2408,2253,2216,2246,2244,2240,2381,2245,2347,2344
2045: 2076,2182,1994,2188,2186,2187,2184,2181,2149,2258,2204,2272,2091,2140,2201,2261,2012,2170,2127,2115,568,2090,2075
2651: 2660,2690,2695,493,2686,2705,2576,2667
2346: 2190,2231,2270,2383,2166,2385,2302,2367,2389,2304,2105,2055,2400,2208,2359,1997,2384,2318,2316,2180,2317,2210,2167,2202,2278
2049: 2108,2037,2092,2012,2170,2176,2064,2127,2076,2063,2090,2075,2065,2011,2030,1966
2050: 2087,2164
2232: 2103,2104,2213,2207,2211,2210,2167,2120,2164,2227,2229
2052: 2054,2080,2029,2113,2134,2037,2092,2121,2099,2114,2137,2063
2053: 1973,2034,1775
2054: 2080,2052,2029,2113,2134,2133,2037,2092,2121,2099,2114,2137,2063
2059: 2033,2020,1999,524
2190: 2346,2231,2270,2302,2367,2389,2304,2105,2178,2055,2315,2313,2400,2208,2359,1997,2384,2318,2316,2180,2317,2210,2167,2202,2142,2278
2062: 2163,2259,2175,2162,2122,2169,2177,2130,2247,2129,2248,2256,2138,2107,2093,2144,2160,2135,2182,1994,2188,2186,2183,2185,2113,2134,2133,2037,2092,2064
2063: 2134,2133,2037,2092,2012,2176,2064,2054,2080,2052,2029,2049,2108,2065,2011
2065: 2011,2063,2049,2108,2030,1987,946,2003
2066: 2332,2395,2391,2277,2193,2405,2422,2474,2196,2191,2002,2335,2271
2067: 1950
2068: 2006
2680: 2694,2678,2638,1858,1820,237
2070: 2336,980
2575: 2672,2574,2627,2590
2072: 2223,583
2073: 1992,444
2074: 2141,2145,2198
2075: 2090,2012,2170,2127,2076,2045,2115,2049,2108,2030,1966
2077: 2143,2147,1982,2167,2202,2142,2122,2169,2120,2093,2144,2160,2135,2228,2038,2227,2229,2113,2134
2144: 2093,2160,2135,2202,2142,2278,2122,2169,2177,2130,2129,2248,2256,2138,2143,2077,2147,1982,2163,2062,2259,2175,2162,2113,2134,2133
2103: 2104,2232,2213,2207,2211,2210,2167,2120,2164,2038,2227,2229
2087: 2050,2164
2521: 2370,916,434
2089: 2345,2275,2240,2381,2245,2347,2344,2404,2282,2339,2337,2094,2338,2277,2193,2405,2140,2201,2261,2281,2280,2139,2279,2237,2132,2196,2191,2002
2091: 2272,2140,2201,2261,2159,2323,2282,2339,2337,2094,2338,2181,2149,2258,2204,2281,2280,2139,2279,2076,2045,2115,568
2092: 2133,2037,2093,2160,2163,2062,2175,2188,2113,2134,2012,2170,2176,2064,2127,2054,2080,2052,2063,2049,2108
2093: 2144,2160,2135,2142,2122,2169,2177,2130,2256,2138,2143,2077,2147,1982,2163,2062,2259,2175,2162,2113,2134,2133,2037,2092
2094: 2342,2282,2339,2337,2338,2253,2246,2244,2240,2381,2245,2347,2344,2404,2110,2159,2089,2345,2275,2181,2258,2272,2091,2140,2201,2261,2281,2280,2139,2279,2237,2132
2095: 2121,2099,2029,2570
2096: 2290,2659,585,2615
2097: 2161,2260,2199,2329,2197,2145,2198
2098: 2042,2043,2236,2260,2199
2099: 2121,2114,2137,2228,2038,2227,2229,2054,2080,2052,2029,2095
2101: 2034
2641: 2572,2624,2593,1717,1796
2202: 2142,2278,2190,2346,2231,2270,2318,2316,2180,2317,2353,1961,2235,2112,2205,2167,2122,2169,2177,2120,2143,2077,2147,2144,2135
2110: 2159,2323,2219,2312,2253,2216,2300,2246,2283,2244,2240,2381,2245,2347,2107,2150,2282,2339,2337,2094,2338,2184,2181,2149,2258,2140,2261
2201: 2272,2091,2140,2261,2159,2342,2282,2339,2337,2094,2338,2089,2345,2275,2181,2149,2258,2204,2281,2280,2139,2279,2237,2132,2076,2045,568
2112: 2226,2155,2353,1961,2235,2205,2178,2315,2313,2319,2341,2156,2321,2314,2154,2238,2318,2316,2180,2317,2225,2249,2202,2142,2278,2122,2169,2177,2130,2247,2129,2248
2114: 2121,2099,2137,2228,2038,2227,2229,2113,2134,2054,2080,2052,2029
2115: 568,2181,2258,2204,2272,2091,2076,2045,2043,2236,2090,2075
2116: 1985,1947
2117: 2206
2119: 2026
2120: 2210,2167,2202,2142,2278,2103,2104,2232,2143,2077,2147,1982,2164,2228,2227
2121: 2099,2114,2137,2228,2038,2227,2229,2113,2134,2054,2080,2052,2029,2095
2122: 2169,2177,2130,2318,2316,2180,2317,2353,1961,2235,2112,2205,2225,2202,2142,2278,2129,2248,2256,2143,2077,2147,1982,2093,2144,2160,2135,2163,2062,2162
2123: 2586
2238: 2309,2308,2016,2154,2357,2355,2310,2419,2365,2265,2319,2341,2420,2156,2322,2321,2314,2331,2214,2330,2218,2226,2155,2353,1961,2235,2112,2205,2225,2251,2131,2249,2219,2288,2252,2312,2250
2129: 2247,2248,2256,2138,2226,2155,2353,1961,2235,2112,2205,2225,2251,2131,2249,2219,2288,2252,2312,2250,2122,2169,2177,2130,2107,2150,2144,2163,2062,2259,2175,2162,1994,2183,2185
2130: 2122,2169,2177,2226,2155,2353,1961,2235,2112,2205,2225,2249,2142,2278,2247,2129,2248,2256,2138,2143,1982,2093,2144,2160,2135,2163,2062,2259,2175,2162
2131: 2225,2251,2249,2341,2420,2156,2322,2309,2308,2016,2154,2238,2331,2214,2330,2218,2226,2155,2353,2235,2219,2288,2252,2312,2250,2177,2247,2129,2248,2256,2138,2107,2150
2134: 2113,2143,2077,2147,1982,2093,2144,2160,2135,2163,2062,2133,2037,2092,2121,2114,2137,2054,2080,2052,2063
2135: 2093,2144,2160,2202,2142,2278,2122,2169,2177,2130,2256,2143,2077,2147,1982,2163,2062,2162,2113,2134,2133
2258: 2181,2149,2204,2107,2150,2110,2159,2323,2282,2339,2337,2094,2338,2182,1994,2188,2186,2183,2187,2184,2185,2272,2091,2140,2201,2261,2012,2170,2127,2076,2045,2115,568
2137: 2121,2099,2114,2228,2038,2227,2229,2113,2134,2054,2080,2052,2029
2138: 2247,2129,2248,2256,2235,2225,2131,2249,2252,2312,2250,2177,2130,2107,2150,2093,2144,2163,2062,2259,2175,2162,2182,1994,2188,2186,2183,2187,2184,2185
2139: 2281,2280,2279,2237,2132,2282,2339,2337,2094,2338,2089,2345,2275,2193,2272,2091,2140,2201,2261,2196,2191,2002,568,2043,2236,2260,2199
2140: 2272,2091,2201,2261,2110,2159,2323,2342,2282,2339,2337,2094,2338,2089,2345,2275,2181,2149,2258,2204,2281,2280,2139,2279,2237,2132,2076,2045,568
2141: 2074,2145,2198
2142: 2202,2278,2190,2270,2318,2316,2180,2317,2155,2353,1961,2235,2112,2205,2167,2122,2169,2177,2130,2120,2143,2077,2147,1982,2093,2144,2160,2135
2148: 2224,2498,2499,926
2149: 2181,2258,2204,2107,2150,2110,2159,2323,2282,2337,2182,1994,2188,2186,2183,2187,2184,2185,2272,2091,2140,2201,2261,2012,2170,2127,2076,2045,568
2150: 2107,2251,2131,2249,2219,2288,2252,2312,2250,2253,2216,2300,2246,2283,2244,2247,2129,2248,2256,2138,2110,2159,2323,2259,2175,2162,2182,1994,2188,2186,2183,2187,2184,2185,2181,2149,2258
2151: 2653,2450,2561,2568
2152: 2433,2512,2427,2487,2429,2480,2477,2456,2485,2377,2476,2475,2523,2461,2376,2417,2157,2465,2364,915,2357,2352,2414,2355,2310,2379,2419,2416,2365,2378,2265
2377: 2476,2475,2523,2487,2429,2480,2477,2456,2485,853,1677,2461,2376,2417,2157,2433,2512,2152,2427,2465,2364
2154: 2309,2308,2016,2238,2357,2158,2355,2310,2419,2365,2265,2319,2341,2420,2156,2322,2321,2314,2331,2214,2330,2218,2226,2155,2353,1961,2235,2112,2205,2225,2251,2131,2249,2219,2288,2252,2250
2155: 2226,2353,1961,2235,2112,2205,2178,2315,2313,2319,2341,2420,2156,2322,2321,2314,2309,2308,2016,2154,2238,2318,2316,2180,2317,2225,2251,2131,2249,2142,2169,2177,2130,2247,2129,2248
2156: 2319,2341,2420,2322,2321,2314,2406,2320,2357,2158,2414,2355,2310,2419,2365,2265,2178,2055,2315,2313,2400,2309,2308,2016,2154,2238,2318,2316,2180,2226,2155,2353,1961,2235,2112,2205,2225,2251,2131,2249
2157: 2461,2376,2417,2487,2429,2480,2477,2456,2485,2377,2475,2466,2431,2402,2433,2512,2152,2427,2320,2415,2356,2357,2158,2352,2414,2355,2310,2379,2419,2416,2365,2378,2265
2158: 2357,2352,2414,2355,2310,2379,2431,2461,2376,2417,2157,2406,2320,2415,2356,2403,2432,2419,2416,2365,2378,2265,2178,2055,2315,2313,2400,2319,2341,2420,2156,2322,2321,2314,2308,2016,2154
2159: 2110,2323,2219,2312,2253,2216,2300,2246,2283,2244,2240,2381,2347,2107,2150,2282,2339,2337,2094,2338,2182,1994,2186,2183,2187,2184,2185,2181,2149,2258,2272,2091,2140,2201,2261
2160: 2093,2144,2135,2142,2122,2169,2177,2130,2256,2143,2077,2147,1982,2163,2062,2175,2162,2113,2134,2133,2037,2092
2161: 2097,2260,2199,2329,2197,2145,2198
2164: 2103,2104,2232,2120,2228,2038,2227,2229,2050,2087
2165: 2349,2212,2031,1976
2166: 2383,2385,2302,2367,2168,2399,2479,2301,2305,2307,2445,2443,2389,2304,2105,2348,2233,2208,2359,1997,2384,2346,2231
2167: 2208,2359,1997,2384,2190,2346,2231,2270,2318,2316,2180,2317,2210,2202,2142,2278,2103,2104,2232,2120,2143,2077,2147
2168: 588,2556,2481,2460,2458,2303,2459,2399,2479,1989,2445,2443,2383,2166,2385,2302,2367
2169: 2122,2177,2130,2318,2316,2180,2317,2155,2353,1961,2235,2112,2205,2225,2202,2142,2278,2247,2129,2248,2256,2143,2077,2147,1982,2093,2144,2160,2135,2163,2062,2162
2170: 2012,2176,2064,2127,2259,2175,2182,1994,2188,2186,2183,2187,2184,2185,2181,2149,2258,2204,2133,2092,2076,2045,2049,2108,2075
2406: 2320,2415,2356,2403,2432,2466,2431,2461,2417,2306,2301,2305,2307,2357,2158,2352,2414,2355,2310,2379,2389,2304,2105,2178,2055,2315,2313,2400,2319,2341,2420,2156,2322,2321,2314
2658: 2612,2682,2639,2613,2630,2610,2564,2493,2657,2683,2611,2704
2173: 2358,512,916,434,580
2174: 2455,2396
2175: 2163,2062,2259,2162,2130,2129,2248,2256,2138,2107,2150,2093,2144,2160,2182,1994,2188,2186,2183,2187,2184,2185,2133,2037,2092,2012,2170,2176,2064,2127
2176: 2012,2170,2064,2127,2175,2188,2186,2133,2037,2092,2063,2049,2108
2177: 2122,2169,2130,2318,2316,2180,2317,2226,2155,2353,1961,2235,2112,2205,2225,2251,2131,2249,2202,2142,2278,2247,2129,2248,2256,2138,2143,1982,2093,2144,2160,2135,2163,2062,2259,2162
2178: 2055,2315,2313,2400,2307,2406,2320,2356,2357,2158,2414,2355,2310,2389,2304,2319,2341,2420,2156,2322,2321,2314,2190,2270,2318,2316,2180,2317,2226,2155,2353,1961,2235,2112,2205
2179: 2471,2522,2430,2547,2484,2530,2548,2434,2460,2458,2303,2482,2466,2431,2402,2459,2399,1989,2306,2301,2305,2307,2403,2432
2180: 2318,2316,2317,2389,2304,2105,2178,2055,2315,2313,2400,2319,2156,2321,2314,2190,2346,2231,2270,2155,2353,1961,2235,2112,2205,2167,2202,2142,2278,2122,2169,2177
2181: 2149,2258,2204,2107,2150,2110,2159,2323,2282,2339,2337,2094,2338,2182,1994,2188,2186,2183,2187,2184,2185,2272,2091,2140,2201,2261,2170,2127,2076,2045,2115,568
2182: 1994,2188,2186,2183,2187,2184,2185,2256,2138,2107,2150,2159,2323,2163,2062,2259,2175,2162,2181,2149,2258,2204,2133,2012,2170,2064,2127,2045
2183: 2182,1994,2188,2186,2187,2184,2185,2247,2129,2248,2256,2138,2107,2150,2159,2323,2163,2062,2259,2175,2162,2181,2149,2258,2133,2012,2170,2064,2127
2184: 2182,1994,2188,2186,2183,2187,2185,2248,2256,2138,2107,2150,2110,2159,2323,2259,2175,2162,2181,2149,2258,2204,2012,2170,2064,2127,2045
2185: 2182,1994,2188,2186,2183,2187,2184,2247,2129,2248,2256,2138,2107,2150,2159,2323,2163,2062,2259,2175,2162,2181,2149,2258,2133,2012,2170,2064,2127
2186: 2182,1994,2188,2183,2187,2184,2185,2256,2138,2107,2150,2159,2323,2163,2062,2259,2175,2162,2181,2149,2258,2204,2133,2012,2170,2176,2064,2127,2045
2187: 2182,1994,2188,2186,2183,2184,2185,2256,2138,2107,2150,2159,2323,2259,2175,2162,2181,2149,2258,2204,2133,2012,2170,2064,2127,2076,2045
2188: 2182,1994,2186,2183,2187,2184,2185,2256,2138,2107,2150,2323,2163,2062,2259,2175,2162,2181,2149,2258,2204,2133,2037,2092,2012,2170,2176,2064,2127,2045
2189: 2255,2579,2602,1991,1886,502,1913,1867
2191: 2196,2002,2089,2345,2275,2277,2193,2405,2332,2395,2391,2066,2281,2280,2139,2279,2237,2132,2335,2271,2260,2199,2329,2197
2683: 2657,2642,2630,2612,2682,2658,2700,2673,2675,2614,2611,2704,2687,945
2193: 2277,2405,2404,2382,2089,2345,2275,2332,2395,2391,2066,2281,2280,2139,2279,2237,2132,2196,2191,2002,2335,2271
2344: 2404,2243,2325,2044,2241,2351,2046,2386,2324,2408,2242,2425,2423,2424,2240,2381,2245,2347,2382,2339,2094,2338,2089,2345,2275,2405
2195: 2422,2474,2435,2340,2437,540,2332,2391
2196: 2191,2002,2089,2345,2275,2277,2193,2405,2332,2395,2391,2066,2281,2280,2139,2279,2237,2132,2335,2271,2260,2199,2329,2197
2197: 2329,2196,2191,2002,2335,2271,2260,2199,2161,2097
2198: 2549,2145,2161,2097,2074,2141
2199: 2260,2281,2280,2139,2279,2237,2132,2196,2191,2002,2335,2271,2043,2236,2329,2197,2098,2042,2161,2097
2343: 2436
2203: 2393,576
2204: 2181,2149,2258,2323,2337,2182,1994,2188,2186,2187,2184,2272,2091,2140,2201,2261,2012,2170,2127,2076,2045,2115,568
2205: 2226,2155,2353,1961,2235,2112,2178,2315,2313,2319,2341,2156,2321,2314,2154,2238,2318,2316,2180,2317,2225,2251,2249,2202,2142,2278,2122,2169,2177,2130,2247,2129,2248,2256
2206: 434,2117
2207: 2213,2211,2366,2348,2233,2208,2359,1997,2426,2210,2031,1976,2103,2104,2232
2208: 2359,1997,2384,2383,2166,2385,2302,2367,2389,2304,2105,2348,2233,2190,2346,2231,2270,2213,2207,2211,2210,2167
2209: 2446,2448,2447,900,588
2210: 2348,2233,2208,2359,1997,2190,2346,2213,2207,2211,2167,2103,2104,2232,2120
2211: 2213,2207,2366,2348,2233,2208,2359,1997,2426,2210,2031,1976,2103,2104,2232
2212: 2418,2366,2426,2165,2349,2031,1976
2213: 2207,2211,2418,2366,2348,2233,2208,2359,1997,2384,2426,2210,2031,1976,2103,2104,2232
2214: 2331,2267,2330,2218,2365,2265,2409,2262,2263,2309,2308,2016,2154,2238,2374,2215,2333,2299,2024,2311,2251,2131,2219,2288,2252,2312,2250,2253,2216,2300,2246,2283,2244
2215: 2374,2333,2299,2024,2311,2394,2262,2293,2331,2267,2214,2243,2325,2044,2241,2351,2219,2288,2253,2216,2300,2246,2283,2244,2240,2381,2245,2347
2216: 2253,2300,2246,2283,2244,2331,2267,2214,2330,2218,2374,2215,2333,2299,2024,2311,2243,2044,2351,2219,2288,2252,2312,2250,2240,2347,2107,2150,2110,2159,2323,2282
2217: 2293,2362,2410,2392,2454,2334,2266,2040,2361,2363,2373,2505,2394,2262,2292,2439,2411,2299,2243,2325,2241,2324
2218: 2331,2267,2214,2330,2419,2416,2365,2378,2265,2409,2263,2309,2308,2016,2154,2238,2374,2333,2299,2024,2311,2251,2131,2219,2288,2252,2250,2216,2300
2219: 2288,2252,2312,2250,2309,2308,2016,2154,2238,2331,2267,2214,2330,2218,2374,2215,2333,2024,2311,2225,2251,2131,2249,2253,2216,2300,2246,2283,2244,2247,2129,2107,2150,2110,2159
2353: 2226,2155,1961,2235,2112,2205,2178,2315,2313,2319,2341,2420,2156,2322,2321,2314,2308,2016,2154,2238,2318,2316,2180,2317,2225,2251,2131,2249,2202,2142,2278,2122,2169,2177,2130,2247,2129,2248
2223: 2072,583
2224: 2148,2498,2499,926
2225: 2251,2131,2249,2319,2341,2420,2156,2322,2321,2314,2309,2308,2016,2154,2238,2331,2330,2226,2155,2353,1961,2235,2112,2205,2219,2288,2252,2312,2250,2122,2169,2177,2130,2247,2129,2248,2256,2138,2107
2226: 2155,2353,1961,2235,2112,2205,2178,2315,2313,2319,2341,2420,2156,2322,2321,2314,2309,2308,2016,2154,2238,2318,2316,2225,2251,2131,2249,2177,2130,2247,2129,2248
2227: 2228,2038,2229,2103,2104,2232,2120,2077,2147,2164,2121,2099,2114,2137
2228: 2038,2227,2229,2104,2120,2077,2147,2164,2121,2099,2114,2137
2229: 2228,2038,2227,2103,2104,2232,2077,2147,2164,2121,2099,2114,2137
2437: 2340,2425,2423,2451,2544,2382,2277,2405,2332,2391,2422,2435,2195
2231: 2190,2346,2270,2383,2166,2385,2302,2367,2389,2304,2105,2055,2400,2208,2359,1997,2384,2318,2316,2180,2317,2167,2202,2278
2235: 2226,2155,2353,1961,2112,2205,2178,2313,2319,2341,2156,2314,2309,2308,2016,2154,2238,2318,2316,2180,2317,2225,2251,2131,2249,2202,2142,2278,2122,2169,2177,2130,2247,2129,2248,2256,2138
2236: 2043,2280,2139,2237,2132,2115,568,2260,2199,2098,2042
2237: 2281,2280,2139,2279,2132,2339,2094,2338,2089,2345,2275,2193,2140,2201,2196,2191,2002,568,2043,2236,2260,2199
2599: 2632,2582,1899,2567,2600,2598,2562,2616,2647,2603
2240: 2381,2245,2347,2215,2243,2325,2044,2351,2324,2408,2253,2216,2300,2246,2283,2244,2344,2404,2110,2159,2282,2339,2337,2094,2338,2089,2345,2275
2241: 2243,2325,2044,2351,2394,2262,2293,2362,2217,2292,2439,2411,2374,2215,2299,2046,2386,2324,2408,2244,2381,2245,2344
2242: 2425,2423,2424,2292,2439,2411,2388,2438,2291,2452,2497,2046,2386,2324,2408,2451,2344,2382
2243: 2325,2044,2241,2351,2394,2262,2263,2293,2362,2217,2292,2439,2374,2215,2333,2299,2024,2311,2046,2386,2324,2408,2253,2216,2246,2244,2240,2381,2245,2347,2344
2244: 2253,2216,2300,2246,2283,2331,2214,2374,2215,2299,2024,2311,2243,2325,2044,2241,2351,2219,2288,2312,2240,2381,2245,2347,2107,2150,2110,2159,2323,2282,2339,2337,2094,2338
2245: 2240,2381,2347,2374,2215,2299,2243,2325,2044,2241,2351,2046,2386,2324,2408,2253,2246,2244,2344,2404,2110,2282,2339,2094,2338,2089,2345,2275
2246: 2253,2216,2300,2283,2244,2331,2214,2374,2215,2299,2024,2311,2243,2325,2044,2351,2219,2288,2312,2240,2381,2245,2347,2107,2150,2110,2159,2323,2282,2339,2337,2094,2338
2247: 2129,2248,2256,2138,2226,2155,2353,1961,2235,2112,2205,2225,2251,2131,2249,2219,2288,2252,2312,2250,2169,2177,2130,2107,2150,2163,2062,2259,2162,1994,2183,2185
2248: 2247,2129,2256,2138,2226,2155,2353,1961,2235,2112,2205,2225,2251,2131,2249,2252,2312,2250,2122,2169,2177,2130,2107,2150,2144,2163,2062,2259,2175,2162,1994,2183,2184,2185
2249: 2225,2251,2131,2341,2156,2309,2308,2016,2154,2238,2331,2226,2155,2353,1961,2235,2112,2205,2219,2288,2252,2312,2250,2177,2130,2247,2129,2248,2256,2138,2107,2150
2250: 2219,2288,2252,2312,2309,2308,2016,2154,2238,2331,2214,2330,2218,2024,2311,2225,2251,2131,2249,2253,2216,2300,2283,2247,2129,2248,2256,2138,2107,2150
2251: 2225,2131,2249,2319,2341,2420,2156,2322,2309,2308,2016,2154,2238,2331,2214,2330,2218,2226,2155,2353,1961,2235,2205,2219,2288,2252,2312,2250,2177,2247,2129,2248,2256,2107,2150
2252: 2219,2288,2312,2250,2309,2308,2016,2154,2238,2331,2214,2330,2218,2024,2311,2225,2251,2131,2249,2253,2216,2300,2283,2247,2129,2248,2256,2138,2107,2150
2253: 2216,2300,2246,2283,2244,2331,2214,2215,2024,2311,2243,2044,2351,2219,2288,2252,2312,2250,2240,2381,2245,2347,2107,2150,2110,2159,2323,2282,2337,2094,2338
2254: 512
2256: 2247,2129,2248,2138,2235,2205,2225,2251,2131,2249,2252,2250,2122,2169,2177,2130,2107,2150,2093,2144,2160,2135,2163,2062,2259,2175,2162,2182,1994,2188,2186,2183,2187,2184,2185
2650: 2516,2559,2528,1951,2541,2648,1933,2560,2539,2501,1914,2681,2649,2668,2697,2508,2688,2691,2696
2259: 2163,2062,2175,2162,2177,2130,2247,2129,2248,2256,2138,2107,2150,2093,2144,2182,1994,2188,2186,2183,2187,2184,2185,2133,2170,2064
2260: 2199,2281,2280,2139,2279,2237,2132,2196,2191,2002,2335,2271,2043,2236,2329,2197,2098,2161,2097
2262: 2394,2263,1671,915,2410,2392,1700,2454,2334,2266,2040,2361,2363,2409,2293,2362,2217,2267,2214,2374,2215,2333,2299,2024,2311,2243,2325,2044,2241,2351
2263: 2394,2262,2465,1671,2364,915,2410,2392,1700,2454,2334,2266,2040,2409,2293,2362,2331,2267,2214,2330,2218,2374,2333,2299,2024,2311,2243,2325
2600: 2598,2562,2582,1899,2619,1926,2599,2632,2647,2603,2528
2265: 2419,2416,2365,2378,2376,2157,2433,2152,2364,915,2357,2158,2352,2414,2355,2310,2379,2409,2319,2341,2420,2156,2322,2321,2309,2308,2016,2154,2238,2331,2267,2214,2330,2218
2266: 1701,2410,2392,1700,2454,2334,2040,2488,2464,2268,2463,2462,2465,1671,2364,915,2361,2363,2409,2394,2262,2263,2293,2362,2217
2267: 2331,2214,2330,2218,2365,2265,2409,2394,2262,2263,2309,2308,2016,2374,2215,2333,2299,2024,2311,2219,2288,2216,2300
2268: 2463,2462,2488,2464,2410,2392,1700,2454,2334,2266,2361,2363,2373,2505
2307: 2306,2301,2305,2460,2458,2179,2431,2459,2399,2479,1989,2406,2320,2415,2356,2403,2432,2383,2166,2385,2302,2367,2389,2304,2105,2178,2055,2315,2313,2400
2270: 2190,2346,2231,2302,2367,2389,2304,2105,2178,2055,2315,2313,2400,2208,2359,1997,2384,2318,2316,2180,2317,2167,2202,2142,2278
2271: 2335,2277,2193,2405,2332,2395,2391,2066,2422,2474,2196,2191,2002,2260,2199,2329,2197
2272: 2091,2140,2201,2261,2159,2323,2282,2339,2337,2094,2181,2149,2258,2204,2281,2280,2139,2279,2132,2076,2045,2115,568
2469: 2587,2588,2635,2625
2274: 2146
2275: 2089,2345,2240,2381,2245,2347,2344,2404,2382,2282,2339,2337,2094,2338,2277,2193,2405,2140,2201,2261,2281,2280,2139,2279,2237,2132,2196,2191,2002
2669: 2490,2698
2277: 2193,2405,2404,2382,2340,2437,2089,2345,2275,2332,2395,2391,2066,2281,2132,2196,2191,2002,2335,2271
2278: 2202,2142,2190,2346,2231,2270,2318,2316,2180,2317,2353,1961,2235,2112,2205,2167,2122,2169,2177,2130,2120,2143,2147,2144,2135
2279: 2281,2280,2139,2237,2132,2339,2337,2094,2338,2089,2345,2275,2193,2272,2091,2140,2201,2261,2196,2191,2002,568,2260,2199
2280: 2281,2139,2279,2237,2132,2282,2339,2337,2094,2338,2089,2345,2275,2193,2272,2091,2140,2201,2261,2196,2191,2002,568,2043,2236,2260,2199
2282: 2342,2339,2337,2094,2338,2253,2216,2300,2246,2283,2244,2240,2381,2245,2347,2110,2159,2323,2089,2345,2275,2181,2149,2258,2272,2091,2140,2201,2261,2280,2139
2283: 2253,2216,2300,2246,2244,2331,2214,2215,2024,2311,2351,2219,2288,2252,2312,2250,2240,2347,2107,2150,2110,2159,2323,2282
2345: 2089,2275,2240,2381,2245,2347,2344,2404,2382,2282,2339,2337,2094,2338,2277,2193,2405,2140,2201,2261,2281,2280,2139,2279,2237,2132,2196,2191,2002
2285: 2550,2514,2467,2495,2592,2601,2585,2398,2573,2543
2286: 2545,2595,2449,2350,1773
2287: 2519
2288: 2219,2252,2312,2250,2309,2308,2016,2154,2238,2331,2267,2214,2330,2218,2374,2215,2333,2024,2311,2225,2251,2131,2249,2253,2216,2300,2246,2283,2244,2247,2129,2107,2150
2290: 2096,2659,585,2615
2291: 2388,2438,2294,2411,2452,2497,2242,2425,2423,2424
2292: 2439,2411,2361,2363,2373,2505,2293,2362,2217,2388,2243,2325,2044,2241,2046,2386,2324,2408,2242,2423,2424
2293: 2362,2217,2410,2392,2454,2266,2040,2361,2363,2373,2505,2394,2262,2263,2292,2439,2411,2374,2215,2333,2299,2024,2311,2243,2325,2044,2241,2351,2046,2386,2324,2408
2294: 2507,2441,2388,2438,2291,2452,2497,490
2601: 2514,2467,2550,2285,2585,2398,2573,2543,2588,2574
2543: 2585,2398,2573,2550,2285,2495,2592,2601,2574,2627,2590
2439: 2292,2411,2361,2363,2373,2505,2293,2362,2217,2388,2438,2243,2325,2044,2241,2046,2386,2324,2408,2242,2425,2423,2424
2525: 2371,2396
2299: 2374,2215,2333,2024,2311,2409,2394,2262,2263,2293,2362,2217,2331,2267,2214,2218,2243,2325,2044,2241,2351,2216,2300,2246,2244,2245
2300: 2253,2216,2246,2283,2244,2331,2267,2214,2330,2218,2374,2215,2333,2299,2024,2311,2351,2219,2288,2252,2312,2250,2240,2107,2150,2110,2159,2323,2282
2301: 2306,2305,2307,2460,2458,2303,2482,2179,2466,2431,2402,2459,2399,2479,1989,2406,2320,2415,2356,2403,2432,2383,2166,2385,2302,2367,2389,2304,2105,2055,2315,2400
2302: 2383,2166,2385,2367,2168,2459,2399,2479,1989,2306,2301,2305,2307,2445,2443,2389,2304,2105,2348,2233,2208,2359,1997,2384,2190,2346,2231,2270
2303: 2460,2458,2482,2555,2483,2471,2522,2430,2547,2484,2548,2556,2481,2179,2168,2459,2399,2479,1989,2306,2301,2305
2304: 2389,2105,2306,2301,2305,2307,2406,2320,2383,2166,2385,2302,2367,2178,2055,2315,2313,2400,2208,2359,1997,2384,2190,2346,2231,2270,2318,2316,2180,2317
2305: 2306,2301,2307,2460,2458,2303,2179,2431,2459,2399,2479,1989,2406,2320,2415,2356,2403,2432,2383,2166,2385,2302,2367,2389,2304,2105,2055,2315,2313,2400
2306: 2301,2305,2307,2460,2458,2303,2482,2179,2466,2431,2402,2459,2399,2479,1989,2406,2320,2415,2356,2403,2432,2383,2385,2302,2367,2389,2304,2105,2055,2315,2400
2308: 2309,2016,2154,2238,2357,2158,2352,2414,2355,2310,2379,2419,2416,2365,2378,2265,2319,2341,2420,2156,2322,2321,2314,2331,2267,2214,2330,2218,2226,2155,2353,2235,2225,2251,2131,2249,2219,2288,2252,2250
2309: 2308,2016,2154,2238,2357,2310,2419,2365,2378,2265,2319,2341,2420,2156,2322,2321,2314,2331,2267,2214,2330,2218,2226,2155,2235,2225,2251,2131,2249,2219,2288,2252,2250
2310: 2357,2158,2352,2414,2355,2379,2461,2376,2417,2157,2433,2152,2406,2320,2415,2356,2419,2416,2365,2378,2265,2178,2319,2341,2420,2156,2322,2321,2314,2309,2308,2016,2154,2238
2313: 2178,2055,2315,2400,2305,2307,2406,2320,2356,2357,2158,2355,2389,2304,2319,2341,2420,2156,2322,2321,2314,2190,2270,2318,2316,2180,2317,2226,2155,2353,1961,2235,2112,2205
2314: 2319,2341,2420,2156,2322,2321,2406,2320,2356,2357,2158,2355,2310,2178,2055,2315,2313,2400,2309,2308,2016,2154,2238,2318,2316,2180,2317,2226,2155,2353,1961,2235,2112,2205,2225
2315: 2178,2055,2313,2400,2306,2301,2305,2307,2406,2320,2415,2356,2357,2158,2355,2389,2304,2105,2319,2341,2420,2156,2322,2321,2314,2190,2270,2318,2316,2180,2317,2226,2155,2353,1961,2112,2205
2316: 2318,2180,2317,2389,2304,2105,2178,2055,2315,2313,2400,2319,2341,2156,2321,2314,2190,2346,2231,2270,2226,2155,2353,1961,2235,2112,2205,2167,2202,2142,2278,2122,2169,2177
2317: 2318,2316,2180,2389,2304,2105,2178,2055,2315,2313,2400,2314,2190,2346,2231,2270,2155,2353,1961,2235,2112,2205,2167,2202,2142,2278,2122,2169,2177
2318: 2316,2180,2317,2389,2304,2105,2178,2055,2315,2313,2400,2319,2341,2420,2156,2321,2314,2190,2346,2231,2270,2226,2155,2353,1961,2235,2112,2205,2167,2202,2142,2278,2122,2169,2177
2319: 2341,2420,2156,2322,2321,2314,2406,2320,2415,2356,2357,2158,2352,2414,2355,2310,2379,2419,2365,2378,2265,2178,2055,2315,2313,2400,2309,2308,2016,2154,2238,2318,2316,2180,2226,2155,2353,1961,2235,2112,2205,2225,2251
2320: 2406,2415,2356,2403,2432,2431,2461,2417,2157,2306,2301,2305,2307,2357,2158,2352,2414,2355,2310,2379,2389,2304,2178,2055,2315,2313,2400,2319,2341,2420,2156,2322,2321,2314
2322: 2319,2341,2420,2156,2321,2314,2406,2320,2415,2356,2357,2158,2352,2414,2355,2310,2379,2419,2416,2365,2378,2265,2178,2315,2313,2309,2308,2016,2154,2238,2226,2155,2353,1961,2225,2251,2131
2323: 2110,2159,2312,2253,2216,2300,2246,2283,2244,2107,2150,2282,2337,2182,1994,2188,2186,2183,2187,2184,2185,2181,2149,2258,2204,2272,2091,2140,2261
2324: 2046,2386,2408,2293,2362,2217,2292,2439,2411,2243,2325,2044,2241,2351,2242,2425,2423,2424,2240,2381,2245,2344,2382
2325: 2243,2044,2241,2351,2394,2262,2263,2293,2362,2217,2292,2439,2374,2215,2333,2299,2024,2311,2386,2324,2408,2246,2244,2240,2381,2245,2344
2523: 2377,2476,2475,2487,2429,2480,2477,2456,2485,853,1677,2376,2433,2512,2152,2427,2465,2364
2407: 589,2350,1773,2551,2596,2655,1341,1477
2567: 2702,2582,2599,2632,2637,2613,2616,2603
2329: 2197,2196,2191,2002,2335,2271,2260,2199,2161,2097
2330: 2331,2267,2214,2218,2419,2416,2365,2378,2265,2409,2263,2309,2308,2016,2154,2238,2374,2333,2024,2311,2225,2251,2131,2219,2288,2252,2250,2216,2300
2331: 2267,2214,2330,2218,2365,2265,2409,2263,2309,2308,2016,2154,2238,2374,2215,2333,2299,2024,2311,2225,2251,2131,2249,2219,2288,2252,2312,2250,2253,2216,2300,2246,2283,2244
2332: 2395,2391,2066,2340,2437,2277,2193,2405,2422,2474,2435,2195,2196,2191,2002,2335,2271
2333: 2374,2215,2299,2024,2311,2409,2394,2262,2263,2293,2331,2267,2214,2330,2218,2243,2325,2351,2219,2288,2216,2300
2334: 1701,2410,2392,1700,2454,2266,2040,853,1677,2488,2464,2268,2463,2462,2465,1671,2364,915,2361,2363,2394,2262,2263,2362,2217
2335: 2271,2277,2193,2405,2332,2395,2391,2066,2422,2474,2196,2191,2002,2260,2199,2329,2197
2336: 2070,980
2337: 2342,2282,2339,2094,2338,2253,2246,2244,2240,2381,2347,2110,2159,2323,2089,2345,2275,2181,2149,2258,2204,2272,2091,2140,2201,2261,2281,2280,2139,2279
2338: 2342,2282,2339,2337,2094,2253,2246,2244,2240,2381,2245,2347,2344,2404,2110,2159,2089,2345,2275,2181,2258,2091,2140,2201,2261,2281,2280,2139,2279,2237,2132
2339: 2342,2282,2337,2094,2338,2246,2244,2240,2381,2245,2347,2344,2404,2110,2159,2089,2345,2275,2181,2258,2272,2091,2140,2201,2261,2281,2280,2139,2279,2237,2132
2340: 2437,2425,2423,2451,2544,2382,2277,2405,2332,2391,2422,2435,2195
2341: 2319,2420,2156,2322,2321,2314,2406,2320,2357,2158,2352,2414,2355,2310,2379,2419,2365,2265,2178,2315,2313,2400,2309,2308,2016,2154,2238,2318,2316,2226,2155,2353,1961,2235,2112,2205,2225,2251,2131,2249
2342: 2282,2339,2337,2094,2338,2140,2201,2261
2348: 2233,2445,2443,2383,2166,2385,2302,2367,2418,2366,2208,2359,1997,2384,2426,2213,2207,2211,2210
2349: 2165,2212,2031,1976
2350: 1773,2545,2286,2595,2449,2407,2596,2655
2351: 2243,2325,2044,2241,2394,2262,2293,2374,2215,2333,2299,2024,2311,2324,2408,2253,2216,2300,2246,2283,2244,2240,2381,2245,2347,2344
2352: 2357,2158,2414,2355,2310,2379,2466,2431,2402,2461,2376,2417,2157,2433,2512,2152,2427,2406,2320,2415,2356,2403,2432,2419,2416,2365,2378,2265,2400,2319,2341,2420,2322,2321,2308
2590: 2627,2585,2398,2573,2543,918,2574,2672,2575
2355: 2357,2158,2352,2414,2310,2379,2431,2461,2376,2417,2157,2152,2406,2320,2415,2356,2403,2432,2419,2416,2365,2378,2265,2178,2055,2315,2313,2400,2319,2341,2420,2156,2322,2321,2314,2308,2016,2154,2238
2356: 2406,2320,2415,2403,2432,2466,2431,2402,2461,2376,2417,2157,2306,2301,2305,2307,2357,2158,2352,2414,2355,2310,2379,2178,2055,2315,2313,2400,2319,2420,2322,2321,2314
2357: 2158,2352,2414,2355,2310,2379,2461,2376,2417,2157,2152,2406,2320,2415,2356,2419,2416,2365,2378,2265,2178,2055,2315,2313,2400,2319,2341,2420,2156,2322,2321,2314,2309,2308,2016,2154,2238
2358: 2173,512,916,434,580
2359: 2208,1997,2384,2383,2166,2385,2302,2367,2389,2304,2105,2348,2233,2190,2346,2231,2270,2213,2207,2211,2210,2167
2360: 2503
2361: 2363,2268,2463,2462,2410,2392,2454,2334,2266,2040,2373,2505,2394,2262,2293,2362,2217,2292,2439,2411
2362: 2293,2217,2410,2392,2454,2334,2266,2040,2361,2363,2373,2505,2394,2262,2263,2292,2439,2411,2374,2299,2243,2325,2241,2324
2363: 2361,2268,2463,2462,2410,2454,2334,2266,2040,2373,2505,2394,2262,2293,2362,2217,2292,2439,2411
2364: 2465,1671,915,2377,2476,2475,2523,853,1677,2464,2433,2512,2152,2427,2392,1700,2334,2266,2040,2416,2365,2378,2265,2409,2263
2365: 2419,2416,2378,2265,2157,2433,2152,2364,915,2357,2158,2352,2414,2355,2310,2379,2409,2319,2341,2420,2156,2322,2321,2309,2308,2016,2154,2238,2331,2267,2214,2330,2218
2366: 2418,2348,2233,2212,2426,2213,2207,2211
2367: 2383,2166,2385,2302,2168,2399,2479,2306,2301,2305,2307,2445,2443,2389,2304,2105,2348,2233,2208,2359,1997,2384,2190,2346,2231,2270
2369: 2473,911
2370: 2521,916,434
2371: 2525,2396
2485: 2487,2429,2480,2477,2456,2524,2222,2377,2475,2523,2466,2431,2402,2461,2376,2417,2157,2433,2512,2152,2427
2373: 2505,2268,2463,2462,2361,2363,2293,2362,2217,2292,2439,2411
2374: 2215,2333,2299,2024,2311,2409,2394,2262,2263,2293,2362,2331,2267,2214,2330,2218,2243,2325,2044,2241,2351,2219,2288,2216,2300,2246,2244,2245
2555: 2483,2471,2522,2430,2547,588,2556,2481,2303,2482
2376: 2461,2417,2157,2524,2222,2487,2429,2480,2477,2456,2485,2377,2476,2475,2523,2466,2431,2402,2433,2512,2152,2427,2415,2356,2357,2158,2352,2414,2355,2310,2379,2419,2416,2378,2265
2378: 2419,2416,2365,2265,2376,2417,2157,2433,2512,2152,2427,2465,2364,915,2357,2158,2352,2414,2355,2310,2379,2319,2420,2322,2309,2308,2016,2330,2218
2379: 2357,2158,2352,2414,2355,2310,2466,2431,2461,2376,2417,2157,2433,2512,2152,2427,2406,2320,2415,2356,2419,2416,2365,2378,2265,2319,2341,2420,2322,2321,2308,2016
2477: 2487,2429,2480,2456,2485,2524,2222,2377,2476,2475,2523,2466,2402,2461,2376,2157,2433,2512,2152,2427
2381: 2240,2245,2347,2215,2243,2325,2044,2241,2351,2046,2386,2324,2408,2253,2246,2244,2344,2404,2110,2159,2282,2339,2337,2094,2338,2089,2345,2275
2382: 2046,2386,2324,2408,2242,2425,2423,2424,2451,2344,2404,2340,2437,2345,2275,2277,2193,2405
2383: 2166,2385,2302,2367,2168,2399,2479,2306,2301,2305,2307,2445,2443,2389,2304,2105,2348,2233,2208,2359,1997,2384,2346,2231
2384: 2208,2359,1997,2445,2443,2383,2166,2385,2302,2367,2389,2304,2105,2348,2233,2190,2346,2231,2270,2213,2167
2385: 2383,2166,2302,2367,2168,2459,2399,2479,2306,2301,2305,2307,2445,2443,2389,2304,2105,2348,2233,2208,2359,1997,2384,2346,2231
2386: 2046,2324,2408,2293,2292,2439,2411,2388,2438,2243,2325,2044,2241,2242,2425,2423,2424,2381,2245,2344,2404,2382
2466: 2431,2402,2530,2434,2524,2222,2487,2429,2480,2477,2456,2485,2179,2461,2376,2417,2157,2306,2301,2406,2415,2356,2403,2432,2352,2414,2379
2388: 2438,2291,2294,2292,2439,2411,2452,2497,2046,2386,2242,2425,2423,2424
2389: 2304,2105,2306,2301,2305,2307,2406,2320,2383,2166,2385,2302,2367,2178,2055,2315,2313,2400,2208,2359,1997,2384,2190,2346,2231,2270,2318,2316,2180,2317
2524: 2222,2484,2530,2548,2434,2487,2429,2480,2477,2456,2485,2466,2431,2402,2461,2376,2417
2391: 2332,2395,2066,2340,2437,2277,2193,2405,2422,2474,2435,2195,2196,2191,2002,2335,2271
2392: 1701,2410,1700,2454,2334,2266,2040,853,1677,2488,2464,2268,2462,2465,1671,2364,915,2361,2409,2394,2262,2263,2293,2362,2217
2393: 2203,576
2394: 2262,2263,1671,915,2410,2392,1700,2454,2334,2266,2040,2361,2363,2409,2293,2362,2217,2267,2374,2215,2333,2299,2024,2311,2243,2325,2241,2351
2395: 2332,2391,2066,2277,2193,2405,2422,2474,2196,2191,2002,2335,2271
2396: 2525,2371,2174,2455
2488: 2464,853,1677,2268,2463,2462,2465,1671,2410,2392,1700,2454,2334,2266,2040
2398: 2585,2573,2543,2550,2285,2495,2592,2601,2574,2627,2590
2399: 2459,2479,1989,2556,2481,2460,2458,2303,2482,2179,2168,2306,2301,2305,2307,2445,2443,2383,2166,2385,2302,2367,2105
2570: 2095,1992
2402: 2466,2431,2530,2434,2524,2222,2487,2429,2480,2477,2456,2485,2179,2461,2376,2417,2157,2306,2301,2415,2356,2403,2432,2352,2414
2403: 2406,2320,2415,2356,2432,2179,2466,2431,2402,2461,2417,2306,2301,2305,2307,2158,2352,2414,2355,2055,2400,2321
2404: 2344,2386,2408,2425,2423,2240,2381,2245,2347,2382,2339,2094,2338,2089,2345,2275,2277,2193,2405
2405: 2277,2193,2344,2404,2382,2340,2437,2089,2345,2275,2332,2395,2391,2066,2281,2132,2196,2191,2002,2335,2271
2408: 2046,2386,2324,2293,2292,2439,2243,2325,2044,2241,2351,2242,2425,2423,2424,2240,2381,2245,2347,2344,2404,2382
2409: 2465,1671,2364,915,2410,2392,1700,2266,2040,2365,2265,2394,2262,2263,2331,2267,2214,2330,2218,2374,2333,2299,2024,2311
2410: 1701,2392,1700,2454,2334,2266,2040,2488,2464,2268,2463,2462,2465,1671,915,2361,2363,2409,2394,2262,2263,2293,2362,2217
2411: 2292,2439,2361,2363,2373,2505,2293,2362,2217,2388,2438,2291,2241,2046,2386,2324,2242,2423,2424
2593: 2572,2624,2641,2631,1717,1796
2560: 1933,2539,2501,1914,2559,2528,1951,2541,2516,2650,2486,2504,2708,2668,2697,2508,2688,2691,2696,927
2414: 2357,2158,2352,2355,2310,2379,2466,2431,2402,2461,2376,2417,2157,2433,2152,2406,2320,2415,2356,2403,2432,2419,2416,2365,2378,2265,2178,2055,2400,2319,2341,2420,2156,2322,2321,2308,2016
2415: 2406,2320,2356,2403,2432,2466,2431,2402,2461,2376,2417,2157,2306,2301,2305,2307,2357,2158,2352,2414,2355,2310,2379,2055,2315,2400,2319,2420,2322,2321
2416: 2419,2365,2378,2265,2461,2376,2417,2157,2433,2512,2152,2427,2465,2364,915,2357,2158,2352,2414,2355,2310,2379,2420,2322,2308,2016,2330,2218
2417: 2461,2376,2157,2524,2222,2487,2429,2480,2456,2485,2377,2466,2431,2402,2433,2152,2406,2320,2415,2356,2403,2432,2357,2158,2352,2414,2355,2310,2379,2419,2416,2378
2418: 2366,2348,2233,2212,2426,2213
2419: 2416,2365,2378,2265,2461,2376,2417,2157,2433,2152,915,2357,2158,2352,2414,2355,2310,2379,2319,2341,2420,2156,2322,2321,2309,2308,2016,2154,2238,2330,2218
2420: 2319,2341,2156,2322,2321,2314,2406,2320,2415,2356,2357,2158,2352,2414,2355,2310,2379,2419,2416,2365,2378,2265,2178,2315,2313,2400,2309,2308,2016,2154,2238,2318,2226,2155,2353,1961,2225,2251,2131
2422: 2474,2435,2195,2340,2437,2332,2395,2391,2066,2335,2271
2423: 2242,2425,2424,2292,2439,2411,2388,2438,2291,2452,2497,2046,2386,2324,2408,2451,2344,2404,2382,2340,2437
2424: 2242,2425,2423,2292,2439,2411,2388,2438,2291,2452,2497,2046,2386,2324,2408,2344,2382
2425: 2242,2423,2424,2439,2388,2438,2291,2452,2497,2046,2386,2324,2408,2451,2344,2404,2382,2340,2437
2426: 2418,2366,2348,2233,2212,2213,2207,2211,2031,1976
2427: 2433,2512,2152,2487,2429,2480,2477,2456,2485,2377,2476,2475,2523,853,1677,2376,2157,2465,1671,2364,915,2352,2379,2416,2378
2428: 2529
2429: 2487,2480,2477,2456,2485,2524,2222,2377,2476,2475,2523,2466,2431,2402,2461,2376,2417,2157,2433,2512,2152,2427
2430: 2471,2522,2547,2555,2483,2484,2530,2548,2434,2460,2458,2303,2482,2179
2431: 2466,2402,2530,2434,2524,2222,2487,2429,2480,2456,2485,2179,2461,2376,2417,2157,2306,2301,2305,2307,2406,2320,2415,2356,2403,2432,2158,2352,2414,2355,2379
2432: 2406,2320,2415,2356,2403,2179,2466,2431,2402,2461,2417,2306,2301,2305,2307,2158,2352,2414,2355,2055,2400,2321
2433: 2512,2152,2427,2487,2429,2480,2477,2456,2485,2377,2476,2475,2523,2461,2376,2417,2157,2465,2364,915,2352,2414,2310,2379,2419,2416,2365,2378,2265
2434: 2484,2530,2548,2430,2547,2524,2222,2179,2466,2431,2402
2435: 2422,2474,2195,2340,2437,540,2332,2391
2436: 2343
2438: 2388,2291,2505,2294,2439,2411,2452,2497,2046,2386,2242,2425,2423,2424
2471: 2522,2430,2547,2555,2483,2484,2548,2556,2481,2460,2458,2303,2482,2179
2441: 2507,2294
2443: 2445,2168,2459,2399,2479,1989,2383,2166,2385,2302,2367,2348,2233,1997,2384
2444: 2491,900
2445: 2443,2168,2459,2399,2479,1989,2383,2166,2385,2302,2367,2348,2233,1997,2384
2446: 2448,2209,2447,900,588
2447: 2446,2448,2209,900,588,455
2448: 2446,2209,2447,900,588
2449: 2595,2584,2545,2286,2350,1773,918
2450: 2561,578,2534,2568,2151,2653
2451: 490,2242,2425,2423,2544,2382,2340,2437
2452: 2497,2294,2388,2438,2291,490,2242,2425,2423,2424
2454: 1701,2410,2392,1700,2334,2266,2040,853,1677,2488,2464,2268,2463,2462,2465,1671,915,2361,2363,2394,2262,2263,2293,2362,2217
2455: 2174,2396
2456: 2487,2429,2480,2477,2485,2524,2222,2377,2475,2523,2466,2431,2402,2461,2376,2417,2157,2433,2512,2152,2427
2652: 2604,503,2671
2458: 2460,2303,2482,2471,2522,2430,2547,2556,2481,2179,2168,2459,2399,2479,1989,2306,2301,2305,2307
2459: 2399,2479,1989,2556,2481,2460,2458,2303,2482,2179,2168,2306,2301,2305,2307,2445,2443,2385,2302
2460: 2458,2303,2482,2471,2522,2430,2547,2484,2530,2548,2556,2481,2179,2168,2459,2399,2479,1989,2306,2301,2305,2307
2461: 2376,2417,2157,2524,2222,2487,2429,2480,2477,2456,2485,2377,2475,2466,2431,2402,2433,2512,2152,2406,2320,2415,2356,2403,2432,2357,2158,2352,2414,2355,2310,2379,2419,2416
2462: 2268,2463,2488,2464,2410,2392,1700,2454,2334,2266,2361,2363,2373,2505
2463: 2268,2462,2488,2464,2410,2454,2334,2266,2361,2363,2373,2505
2464: 2488,853,1677,2268,2463,2462,2465,1671,2364,2410,2392,1700,2454,2334,2266,2040
2465: 1671,2364,915,2377,2476,2475,2523,853,1677,2488,2464,2433,2512,2152,2427,2410,2392,1700,2454,2334,2266,2040,2416,2378,2409,2263
2467: 2514,2550,2285,2601
2468: 2566
2542: 2125,582
2473: 2369,911
2474: 2422,2435,2195,2332,2395,2391,2066,2335,2271
2475: 2377,2476,2523,2487,2429,2480,2477,2456,2485,853,1677,2461,2376,2157,2433,2512,2152,2427,2465,2364
2476: 2377,2475,2523,2487,2429,2480,2477,853,1677,2376,2433,2512,2152,2427,2465,1671,2364,915
2479: 2459,2399,1989,2556,2481,2460,2458,2303,2482,2168,2306,2301,2305,2307,2445,2443,2383,2166,2385,2302,2367,2105
2480: 2487,2429,2477,2456,2485,2524,2222,2377,2476,2475,2523,2466,2431,2402,2461,2376,2417,2157,2433,2512,2152,2427
2481: 2556,2555,2483,2471,2522,588,2460,2458,2303,2482,2168,2459,2399,2479,1989
2482: 2460,2458,2303,2555,2483,2471,2522,2430,2547,2484,2548,2556,2481,2179,2459,2399,2479,1989,2306,2301
2483: 2555,2471,2522,2430,588,2556,2481,2303,2482
2484: 2530,2548,2434,2471,2522,2430,2547,2524,2460,2303,2482,2179
2486: 2504,1884,2708,1951,2541,1933,2560,2501,1914,2489,1830,1882,1907,927
2487: 2429,2480,2477,2456,2485,2524,2222,2377,2476,2475,2523,2466,2431,2402,2461,2376,2417,2157,2433,2512,2152,2427
2489: 1830,1882,1907,1874,2540,2486,2504,1884,2708,2554,927,1871
2490: 2669,2698,503
2491: 2444,900
2566: 2468
2493: 2609,2610,2564,2637,2613,2616,2647,2612,2682,2658,2645,2611,2704,2646,2689,2644
2685: 2576,2662,2684,2661,2633,2663,2707
2495: 2592,2550,2285,2585,2398,2573,2543
2496: 1915,927,2631,1717
2497: 2452,2294,2388,2438,2291,490,2242,2425,2423,2424
2498: 2148,2224,2499,926
2499: 2148,2224,2498,926
2579: 2602,2021,2594,2580,1939,2563,2623,977,2189,2255
2501: 1933,2560,2539,1914,2559,2528,1951,2541,2516,2650,2486,2504,1884,2708,2649,2668,2697,2508,2688,2691,2696,927
2595: 2449,2584,2545,2286,2350,1773,918
2503: 2360
2504: 2486,1884,2708,1951,2541,1933,2560,2539,2501,1914,2489,1830,1882,1907,2508,2688,2696,927
2505: 2373,2268,2463,2462,2361,2363,2293,2362,2217,2292,2439,2411,2438
2563: 2623,2021,2594,1939,2579,2602,977
2507: 2441,2294
2508: 2688,2691,2696,2650,1933,2560,2539,2501,1914,2504,2708,2649,2668,2697,927
2509: 2571
2510: 
2511: 2597,2533,2569
2512: 2433,2152,2427,2487,2429,2480,2477,2456,2485,2377,2476,2475,2523,853,1677,2461,2376,2157,2465,2364,915,2352,2379,2416,2378
2564: 2609,2610,2493,2637,2613,2616,2647,2603,2658,2645,2611,2704,2646,2689,2644
2514: 2467,2550,2285,2601
2515: 422,2693,2664,2695,493
2516: 2650,2559,2528,1951,2541,1933,2560,2539,2501,1914,2681,2668,2697,2688,2696
2613: 2637,2616,2567,2632,2647,2603,2658,2609,2610,2564,2493,2645
2614: 2700,2673,2675,2662,2684,2661,2633,2663,2707,2630,2692,2674,2657,2642,2683,2699,2679,2687,945
2519: 2287
2528: 2559,2600,2598,2562,1951,2541,2648,2516,2650,1933,2560,2539,2501,1914
2529: 2428
2530: 2484,2548,2434,2430,2547,2524,2222,2460,2179,2466,2431,2402
2539: 1933,2560,2501,1914,2559,2528,1951,2541,2516,2650,2504,2708,2649,2668,2697,2508,2688,2691,2696,927
2534: 540,2450,2561,2568
2679: 2699,2687,945,2692,2674,2700,2673,2675,2614,2642,2678,2638
2664: 422,2693,2515,2695,493
2677: 2607,1728,1792
2586: 2123
2545: 2584,2286,2595,2449,2350
2571: 2509
2547: 2471,2522,2430,2555,2484,2530,2548,2434,2460,2458,2303,2482,2179
2548: 2484,2530,2434,2471,2522,2430,2547,2524,2222,2460,2303,2482,2179
2549: 2145,2198
2550: 2285,2514,2467,2495,2592,2601,2398,2543
2551: 2565,589,2407,2596,1341,1477
2554: 1874,2540,2489,1830,1882,1907,1871,1853,1606
2556: 2481,2555,2483,2471,2522,588,2460,2458,2303,2482,2168,2459,2399,2479,1989
2557: 2629,432
2561: 2450,578,2534,2568,2151,2653
2562: 2600,2598,2582,1899,1926,2599,2632,2647,2603,2528
2565: 589,2442,2551
2568: 2450,2561,2534,540,2151,2653
2569: 2533,2511
2572: 2624,2593,2641,2631,1717,1796
2573: 2585,2398,2543,2285,2495,2592,2601,2574,2627,2590
2574: 2601,2585,2398,2573,2543,2627,2590,2635,2672,2575
2576: 2686,2651,2685
2584: 2545,2595,2449
2587: 2469,2588,2635,2625
2592: 2495,2550,2285,2585,2398,2573,2543
2594: 2021,2580,1939,966,2563,2623,2579,2602
2596: 2655,2350,1773,2407,2551,1341,1477,1323
2597: 2511
2598: 2600,2562,2582,1899,1926,2599,2632,2647,2603,2528
2606: 2667,2690,2639
2607: 2677,1796,1756,1728,1792
2638: 2678,2699,2679,2687,945,2680,2694,237
2609: 2610,2564,2493,2637,2613,2616,2647,2603,2645,2611,2704,2646,2689,2644
2610: 2609,2564,2493,2637,2613,2616,2647,2603,2612,2658,2645,2611,2704,2646,2689,2644
2616: 2637,2613,2567,2599,2632,2647,2603,2609,2610,2564,2493
2618: 2656,560,2702
2623: 2563,2021,2594,1939,2579,2602,977
2624: 2572,2593,2641,2631,1717,1796
2625: 2589,2469,2587,2635,2698
2671: 2604,2652,503
2627: 2590,2585,2398,2573,2543,918,2574,2672,2575
2682: 2612,2658,2639,2630,2493,2657,2683,2611,2704
2629: 2557,432
2630: 2639,2612,2682,2658,2673,2614,2657,2683,2611,2704
2631: 1717,1915,2496,2572,2624,2593,1796
2632: 2599,2582,1899,2567,2600,2598,2562,2637,2613,2616,2603
2633: 2662,2684,2661,2663,2707,2685,2692,2674,2673,2614
2635: 2588,2574,2469,2587,2625,2589
2642: 2657,2683,2700,2673,2675,2614,2699,2679,2687,945
2644: 2609,2610,2564,2493,2645,2648,2646,2689,2681
2645: 2637,2613,2647,2603,2609,2610,2564,2493,2648,2646,2689,2644,2681
2646: 2689,2609,2610,2564,2493,2645,2611,2704,2644
2647: 2603,2599,2600,2598,2562,2637,2613,2616,2609,2610,2564,2493,2645,2648
2648: 2647,2528,2645,2650,2644,2681,2649,2697
2675: 2700,2673,2614,2663,2692,2674,2657,2642,2683,2699,2679,2687,945
2655: 2596,2350,1773,2407,1341,1477,1323
2656: 560,493,2618,2702
2657: 2642,2683,2630,2612,2682,2658,2700,2673,2675,2614,2611,2704,2687,945
2659: 2096,2290,2615
2660: 2651,2690,2695,493,2705,2667
2661: 2662,2684,2633,2663,2707,2685,2692,2674,2673,2614
2662: 2684,2661,2633,2663,2707,2685,2692,2674,2673,2614
2663: 2662,2684,2661,2633,2707,2685,2692,2674,2700,2673,2675,2614
2667: 2606,2651,2660,2690,2639
2672: 2575,2574,2627,2590
2673: 2700,2675,2614,2662,2661,2633,2663,2707,2630,2692,2674,2657,2642,2683,2699,2679,2687,945
2674: 2692,2662,2684,2661,2633,2663,2707,2700,2673,2675,2614,2699,2679,2687,945
2688: 2508,2691,2696,2516,2650,1933,2560,2539,2501,1914,2504,2708,2649,2668,2697,927
2689: 2646,2609,2610,2564,2493,2645,2611,2704,2644
2690: 2651,2660,2695,493,2705,2667,2606
2691: 2508,2688,2696,2650,1933,2560,2539,2501,1914,2649,2668,2697,927
2692: 2674,2662,2684,2661,2633,2663,2707,2700,2673,2675,2614,2699,2679,2687,945
2693: 422,2515,2664,2695,493
2694: 2680,2678,2638,1858,1820,237
2697: 2649,2668,2648,2516,2650,1933,2560,2539,2501,1914,2681,2508,2688,2691,2696
2698: 2625,2589,2669,2490
2701: 1875,1750,1629,1633,2706,1605,514,1574
2702: 493,2656,560,2618,2567
2703: 2686,2705
2704: 2611,2630,2612,2682,2658,2609,2610,2564,2493,2657,2683,2646,2689
2705: 2686,2695,2703,2651,2660,2690
2706: 1605,514,1629,1633,1875,1750,2701,1574