1267: 1251,1219,1265,1250,86,6,83,3,1223,1244,1225,1248,1246,1268,78,1247,1266,74,103,1261,1262,1260,1240,1256,1254,1245,1249,1220,1263,1253,37,1224,413,1241,1206,1242,1243,1252,1221,1233,72,1234,1231,1235,1236,1255
1: 449,106,476,88,1211,1209,1210,62,1228,21,447,199,1229,204,416,15,220,433,48,232,1203
1261: 1262,1260,1240,1256,1254,1245,1249,1220,1263,1253,1223,1244,1225,1248,1246,1268,78,1247,1266,90,42,57,1251,1219,1265,1250,1267,86,22,1222,1259,1257,1258,31,1241,1206,1242,1243,1252,1221,1233,72,1234,1231,1235,1236,1255,99,1238,1232,92,76
3: 6,83,465,26,82,64,1204,61,56,185,168,1223,1244,1225,1248,1246,1268,338,135,74,103,1251,1219,1265,1250,1267,86
4: 91,219,338,135,74,103,358,386,37,1224,413,244,487,365,41,68
5: 1208,62,1228,30,35,1202,1227,480,199,1229,204,232,1203,125,482
6: 83,3,465,26,82,64,1204,61,56,185,168,1223,1225,338,135,74,103,1267,86
1266: 78,1247,56,185,66,33,183,95,1223,1244,1225,1248,1246,1268,90,42,57,1251,1219,1265,1250,1267,86,1261,1262,1260,1240,1256,1254,1245,1249,1220,1263,1253,22,1222,1259,1257,1258,31
1268: 1223,1244,1225,1248,1246,64,61,56,185,66,33,83,3,78,1247,1266,74,103,1251,1219,1265,1250,1267,86,1261,1262,1260,1240,1256,1254,1245,1249,1220,1263,1253
9: 46,12,216,116,93,98,484,193,384,463,173,145,56,185,66,33,183,95
1263: 1261,1262,1260,1240,1256,1254,1245,1249,1220,1253,1223,1244,1225,1248,1246,1268,78,1247,1266,42,57,1251,1219,1265,1250,1267,86,22,1222,1259,1257,1258,31,1241,1206,1242,1243,1252,1221,1233,72,1234,1231,1235,1236,1255,99,1232,92,76
11: 1213,1217,32,1215,40,54,1212,104,47,96,28,264,85,1218,55,75,318,73,1226,58,129,1216,419,361,97,124
12: 46,9,216,116,93,98,484,193,384,463,173,145,56,185,66,33,183,95
1265: 1251,1219,1250,1267,86,83,3,1223,1244,1225,1248,1246,1268,78,1247,1266,74,103,1261,1262,1260,1240,1256,1254,1245,1249,1220,1263,1253,37,1224,413,1241,1206,1242,1243,1252,1221,1233,72,1234,1231,1235,1236,1255
1264: 250,245,255,352,381,1207,209,71,30,35,1202,1227,480
15: 416,220,70,164,447,1,449,24,225,60,433,48,290,457
16: 45,41,68,51,1230,49,1205,63,1237,89,1239,85,1218,55,84,73,1226,1214,58,129,1216,59,18,70,164
17: 19,38,99,1238,1232,92,76,69,251,126,25,140,134,106,476,88,1211,1209,1210,62,1228,21
18: 59,85,1218,55,45,16,84,73,1226,1214,58,129,1216,70,164,124,355,27,441,225,60
19: 38,17,99,1238,1232,92,76,69,251,126,25,140,134,106,476,88,1211,1209,1210,62,1228,21
20: 67,183,95,65,39,90,42,57,43,53,22,1222,1259,1257,1258,31,379,182
21: 1210,62,1228,19,38,17,134,381,1211,1209,30,35,1227,1,449,199,1229,204,1208
22: 1222,1259,1257,1258,31,78,1247,1266,90,42,57,20,67,1261,1262,1260,1240,1256,1254,1245,1249,1220,1263,1253,379,1233,72,1234,1231,1235,1236,1255,99,1238,1232,92,76,69
1262: 1261,1260,1240,1256,1254,1245,1249,1220,1263,1253,1246,1268,78,1247,1266,42,57,1251,1219,1265,1250,1267,86,22,1222,1259,1257,1258,31,1241,1206,1242,1243,1252,1221,1233,72,1234,1231,1235,1236,1255,99,1238,1232,92,76
24: 50,225,60,59,70,164,447,355,27,441,416,15,220,221,290,457
25: 140,1233,72,1234,1231,1235,1236,1255,99,1238,1232,92,76,69,63,1237,89,1239,19,38,17,84,106,476,88,1211
26: 465,369,296,151,234,44,191,82,64,1204,61,262,267,168,6,83,3
27: 355,441,73,1226,1214,58,129,59,18,70,164,124,24,50,225,311,221,290
28: 47,96,264,244,487,365,68,104,85,1218,55,75,318,1213,1217,32,1215,40,54,1212,11,73,1226,1214,58,129,1216
29: 125,482,199,204,232,1203
30: 35,1202,1227,134,381,1207,209,1264,1210,62,1228,21,480,199,1229,204,5,1208
31: 22,1222,1259,1257,1258,78,1247,1266,90,42,57,20,67,1261,1262,1260,1240,1256,1254,1245,1249,1220,1263,1253,379,1233,72,1234,1231,1235,1236,1255,99,1238,1232,92,76,69
32: 1213,1217,1215,40,54,1212,11,104,47,96,28,264,85,1218,55,75,318,73,1226,1214,58,129,1216,419,361,97,124
33: 66,384,463,46,12,9,216,173,145,56,185,183,95,1223,1244,1225,1248,1246,1268,78,1247,1266,90,42,57
34: 
35: 30,1202,1227,134,381,1207,209,1264,1210,62,1228,21,480,199,1229,204,5,1208
36: 52,87,488,288,347,39,43,53,130
37: 1224,413,338,135,74,103,1251,1219,1265,1250,1267,86,4,91,1241,1206,1242,1243,1252,1221,487,365,41,68,51,1230,49,1205
38: 19,17,99,1238,1232,92,76,69,251,126,25,140,134,106,476,88,1211,1209,1210,62,1228,21
39: 301,87,488,288,347,65,52,36,20,67,43,53,130
40: 1213,1217,32,1215,54,1212,11,104,47,96,28,264,85,1218,55,75,318,73,1226,1214,58,129,1216,419,361,97,124
41: 68,4,91,37,413,1241,1206,1242,1243,487,365,51,1230,49,1205,47,96,264,85,1218,55,45,16
42: 90,57,66,33,183,95,65,78,1247,1266,20,67,1261,1262,1260,1240,1256,1254,1245,1249,1220,1263,1253,22,1222,1259,1257,1258,31,379
43: 53,65,39,52,36,20,67,130,379,182,339
44: 234,179,317,116,296,151,384,463,465,26,82,64,1204,61,56,185
45: 16,41,68,51,1230,49,1205,63,1237,89,1239,85,1218,55,84,73,1226,1214,58,129,1216,59,18,70,164
46: 12,9,216,116,93,98,484,193,384,463,173,145,56,185,66,33,183,95
47: 96,28,264,244,487,365,41,68,104,85,1218,55,75,318,1213,1217,32,1215,40,54,1212,11,73,1226,1214,58,129,1216
48: 433,447,1,449,199,1229,204,416,15,220,232,1203
49: 51,1230,1205,37,1224,413,1241,1206,1242,1243,1252,1221,1233,72,1234,1231,1235,1236,1255,41,68,63,1237,89,1239,85,1218,55,45,16,84
50: 24,225,60,59,70,164,447,355,27,441,416,220,221,290,457
51: 1230,49,1205,37,1224,413,1241,1206,1242,1243,1252,1221,1233,72,1234,1231,1235,1236,1255,41,68,63,1237,89,1239,85,1218,55,45,16,84
52: 36,488,288,347,39,43,53,130
53: 43,65,39,52,36,20,67,130,379,182,339
54: 1213,1217,32,1215,40,1212,11,104,47,28,264,85,1218,55,75,318,73,1226,1214,58,129,1216,419,361,97,124
55: 85,1218,487,365,41,68,51,1230,49,1205,47,96,28,264,45,16,1213,1217,32,1215,40,54,1212,11,73,1226,1214,58,129,1216,59,18
56: 185,234,44,384,463,46,12,9,216,82,64,1204,61,66,33,6,83,3,1223,1244,1225,1248,1246,1268,78,1247,1266
57: 90,42,66,33,183,95,65,78,1247,1266,20,67,1261,1262,1260,1240,1256,1254,1245,1249,1220,1263,1253,22,1222,1259,1257,1258,31,379
58: 73,1226,1214,129,1216,47,96,28,264,85,1218,55,45,16,1213,1217,32,1215,40,54,1212,11,59,18,361,97,124,355,27,441
59: 18,85,1218,55,45,16,84,73,1226,1214,58,129,70,164,124,355,27,441,24,50,225,60
60: 24,50,225,59,18,70,164,447,355,441,416,15,220,290,457
61: 82,64,1204,296,234,44,384,463,465,26,56,185,168,6,83,3,1223,1244,1225,1248,1246,1268
62: 1210,1228,21,19,38,17,134,381,1207,209,1211,1209,30,35,1202,1227,1,449,199,1229,204,5,1208
63: 1237,89,1239,1241,1206,1242,1243,1252,1221,1233,72,1234,1231,1235,1236,1255,99,1238,1232,92,76,51,1230,49,1205,25,140,45,16,84,106,476,88
64: 82,1204,61,296,234,44,384,463,465,26,56,185,168,6,83,3,1223,1244,1225,1248,1268
65: 173,145,301,87,488,288,183,95,39,90,42,57,20,67,43,53
66: 33,384,463,46,12,9,216,173,145,56,185,183,95,1223,1244,1225,1248,1246,1268,78,1247,1266,90,42,57
67: 20,183,95,65,39,90,42,57,43,53,22,1222,1259,1257,1258,31,379,182
68: 41,4,91,37,1224,413,1241,1206,1242,1243,1252,1221,487,365,51,1230,49,1205,47,96,28,264,85,1218,55,45,16
69: 22,1222,1259,1257,1258,31,379,182,99,1238,1232,92,76,251,126,25,140,19,38,17,134
70: 164,45,16,84,106,476,88,59,18,447,355,27,441,24,50,225,60,416,15,220
71: 352,1264,480
72: 1233,1234,1231,1235,1236,1255,1251,1219,1265,1250,1267,86,1261,1262,1260,1240,1256,1254,1245,1249,1220,1263,1253,22,1222,1259,1257,1258,31,1241,1206,1242,1243,1252,1221,99,1238,1232,92,76,51,1230,49,1205,63,1237,89,1239,25,140
73: 1226,1214,58,129,1216,47,96,28,264,85,1218,55,45,16,1213,1217,32,1215,40,54,1212,11,59,18,361,97,124,355,27,441
74: 103,168,6,83,3,1223,1244,1225,1248,1246,1268,338,135,1251,1219,1265,1250,1267,86,4,91,37,1224,413,1241,1206,1242,1243,1252,1221
75: 318,446,104,47,96,28,264,1213,1217,32,1215,40,54,1212,11,419,361,97
76: 99,1238,1232,92,1261,1262,1260,1240,1256,1254,1245,1249,1220,1263,1253,22,1222,1259,1257,1258,31,379,1233,72,1234,1231,1235,1236,1255,69,63,1237,89,1239,25,140,19,38,17
77: 369,296,151
78: 1247,1266,56,185,66,33,183,95,1223,1244,1225,1248,1246,1268,90,42,57,1251,1219,1265,1250,1267,86,1261,1262,1260,1240,1256,1254,1245,1249,1220,1263,1253,22,1222,1259,1257,1258,31
79: 163,94,229
80: 179,317,116,484
81: 221,290,457
82: 64,1204,61,296,234,44,384,463,465,26,56,185,168,6,83,3
83: 6,3,465,26,82,64,1204,61,56,185,168,1223,1244,1225,1248,1246,1268,338,135,74,103,1251,1219,1265,1250,1267,86
84: 51,1230,49,1205,63,1237,89,1239,25,140,45,16,106,476,88,59,18,70,164,447
85: 1218,55,487,365,41,68,51,1230,49,1205,47,96,28,264,45,16,1213,1217,32,1215,40,54,1212,11,73,1226,1214,58,129,1216,59,18
86: 1251,1219,1265,1250,1267,6,83,3,1223,1244,1225,1248,1246,1268,78,1247,1266,74,103,1261,1262,1260,1240,1256,1254,1245,1249,1220,1263,1253,37,1224,413,1241,1206,1242,1243,1252,1221,1233,72,1234,1231,1235,1236,1255
87: 488,288,308,301,347,65,39,36
88: 106,476,63,1237,89,1239,25,140,19,38,17,84,1211,1209,70,164,447,1,449
89: 63,1237,1239,1241,1206,1242,1243,1252,1221,1233,72,1234,1231,1235,1236,1255,99,1238,1232,92,76,51,1230,49,1205,25,140,45,16,84,106,476,88
90: 42,57,66,33,183,95,65,78,1247,1266,20,67,1261,1240,1256,1254,1245,22,1222,1259,1257,1258,31,379
91: 4,219,338,135,74,103,358,386,37,1224,413,244,487,365,41,68
92: 99,1238,1232,76,1261,1262,1260,1240,1256,1254,1245,1249,1220,1263,1253,22,1222,1259,1257,1258,31,379,1233,72,1234,1231,1235,1236,1255,69,63,1237,89,1239,25,140,19,38,17
93: 98,484,116,193,384,463,46,12,9,216,173,145
94: 79,163,229,111,115
95: 183,46,12,9,216,173,145,301,66,33,65,78,1247,1266,90,42,57,20,67
96: 47,28,264,244,487,365,41,68,104,85,1218,55,75,318,1213,1217,32,1215,40,1212,11,73,1226,1214,58,129,1216
97: 361,75,318,1213,1217,32,1215,40,54,1212,11,73,1226,58,129,1216,419,124,311
98: 93,484,116,193,384,463,46,12,9,216,173,145
99: 1238,1232,92,76,1261,1262,1260,1240,1256,1254,1245,1249,1263,1253,22,1222,1259,1257,1258,31,379,1233,72,1234,1231,1235,1236,1255,69,63,1237,89,1239,25,140,19,38,17
100: 112,213,421,133,187,459,210
101: 420,306,230,247,246
102: 302,393,305,485,285,131,324,175,236
103: 74,168,6,83,3,1223,1244,1225,1248,1246,1268,338,135,1251,1219,1265,1250,1267,86,4,91,37,1224,413,1241,1206,1242,1243,1252,1221
104: 111,115,244,487,365,446,47,96,28,264,75,318,1213,1217,32,1215,40,54,1212,11
105: 263,420,142,425,189,166,143,294,306
106: 476,88,63,1237,89,1239,25,140,19,38,17,84,1211,1209,70,164,447,1,449
107: 
108: 362,256,387,227,349,326
109: 421,133,372,210,252,211,137
110: 391
111: 115,94,229,358,386,244,446,104
112: 132,367,100
113: 299,258,147,189,166,443,294,454,276
114: 157,315,248,272,478
115: 111,94,229,358,386,244,446,104
116: 80,179,317,93,98,484,234,44,384,463,46,12,9,216
117: 292,412,298
118: 196,312,464,181,254
119: 249,299,189,166
120: 190,353,438,431,354,396,269
121: 261,238,268,458,218,331,422
122: 324,175,477,302,293,316
123: 247,184,281,439,391,461
124: 1213,1217,32,1215,40,54,1212,11,73,1226,1214,58,129,1216,59,18,361,97,355,27,441,311,221
125: 29,482,199,1229,204,5,1208,232,1203
126: 251,379,182,339,69,250,245,255,19,38,17,134,381,1207,209
127: 155,380,455,239,471,207
128: 428,208,415
129: 73,1226,1214,58,1216,47,96,28,264,85,1218,55,45,16,1213,1217,32,1215,40,54,1212,11,59,18,361,97,124,355,27,441
130: 39,52,36,43,53,182,339,284
131: 285,393,305,102,302,236
132: 367,112,192,389,314
133: 421,213,309,100,372,210,109
134: 69,251,126,250,245,255,19,38,17,381,1207,209,1211,1209,1210,62,1228,21,30,35,1202,1227
135: 338,262,267,168,6,83,3,219,74,103,358,386,4,91,37,1224,413
136: 410,303,429,170,171,203,423,278
137: 495,160,109,252
138: 397,322,282,366
139: 429,170,171,442,200,188,445,186
140: 25,1233,72,1234,1231,1235,1236,1255,99,1238,1232,92,76,69,63,1237,89,1239,19,38,17,84,106,476,88,1211,1209
141: 313,444,240,440,156,493,468,253
142: 425,143,420,105
143: 142,425,263,420,105
144: 406,235,332,328,270,473
145: 173,93,98,484,193,308,46,12,9,216,301,66,33,183,95,65
146: 154,176
147: 258,350,403,299,113
148: 281,461,233,374
149: 186,277,462,445,172
150: 418,243,321
151: 296,77,179,317,369,234,44,191,465,26,1204
152: 158
153: 388,467,356
154: 366,394,499,376,146
155: 127,460,380,432,455
156: 493,468,483,141,313,444,265,253,215
157: 451,315,248,114
158: 152,240,440
159: 370,469,279,426,373
160: 495,137,252,340,259
161: 389,314,346,378,223
162: 178,411,450,269,260
163: 262,267,79,219,94,229,358,386
164: 70,45,16,84,106,476,88,59,18,447,355,27,441,24,50,225,60,416,15,220
165: 410,303,408,205,363,197
166: 189,249,119,299,258,113,263,105,443,294
167: 490,377,329
168: 191,465,26,82,64,1204,61,262,267,6,83,3,219,338,135,74,103
169: 187,459,210,211
170: 429,171,303,136,442,200,139
171: 429,170,410,303,136,139
172: 464,149,196,181,435,235,342,332
173: 145,93,98,484,193,308,46,12,9,216,301,66,33,183,95,65
174: 270,307,435,235,406,273,481
175: 122,324,477,485,102,302,316
176: 146,490
177: 291,274
178: 411,450,467,356,162
179: 317,80,116,296,151,234,44,384,463
180: 348,424,226,371
181: 196,118,172,464,254,332
182: 20,67,43,53,130,379,339,69,251,126,250,245,255
183: 95,46,12,9,216,173,145,301,66,33,65,78,1247,1266,90,42,57,20,67
184: 399,230,247,246,123,439
185: 56,234,44,384,463,46,12,9,216,82,64,1204,61,66,33,6,83,3,1223,1244,1225,1248,1246,1268,78,1247,1266
186: 277,149,139,323,462,445
187: 367,100,459,224,169
188: 200,139,462,445
189: 166,119,299,258,113,263,105,443,294,454,276
190: 120,353,438,354,396,269
191: 369,296,151,427,465,26,262,267,168
192: 389,314,297,132,367
193: 93,98,484,308,46,12,9,216,173,145,301
194: 198,422,357
195: 214,412,298,300,266,437
196: 118,312,172,464,181,254
197: 205,363,165,336,203,423
198: 194,422,357
199: 1229,204,1211,1209,1210,62,1228,21,30,35,1202,1227,1,449,5,1208,433,48,232,1203,29,125,482
200: 170,442,139,188,462,445
201: 360,385,364
202: 334,279,426,370,469
203: 423,197,136,336,278
204: 199,1229,1211,1209,1210,62,1228,21,30,35,1202,1227,1,449,5,1208,433,48,232,1203,29,125,482
205: 363,410,165,197
206: 402,273,417,304,330
207: 127,239,471,489,280,238,496
208: 415,128
209: 381,1207,251,126,250,245,255,352,134,1264,62,30,35,1202,1227,480
210: 100,133,459,109,169,211
211: 210,109,169
212: 240,486
213: 309,100,421,133
214: 195,412,298,300,497
215: 313,444,156,493,253,319,497,401
216: 46,12,9,116,93,98,484,193,384,463,173,145,56,185,66,33,183,95
217: 430,373,346,378
218: 275,331,360,458,121,385,364,325
219: 262,267,168,163,338,135,229,358,386,4,91
220: 416,15,70,164,447,1,449,24,50,225,60,433,48,290,457
221: 124,355,27,441,24,50,225,311,290,457,81
222: 405,382,310
223: 161,224,333
224: 187,223
225: 24,50,60,59,18,70,164,447,355,27,441,416,15,220,221,290,457
226: 424,180,348,371
227: 349,326,256,108,321,287
228: 
229: 79,163,219,94,358,386,111,115,244
230: 392,101,466,399,247,246,184
231: 467,356
232: 1203,1,449,199,1229,204,5,1208,433,48,29,125,482
233: 461,148,374,432
234: 44,179,317,116,296,151,384,463,465,26,82,64,1204,61,56,185
235: 342,172,464,307,435,332,174,270,406,144
236: 375,285,131,102,302,324
237: 407,337,257
238: 496,207,489,280,268,458,261,121
239: 471,453,455,127,207
240: 486,158,212,440,141
241: 266,437
242: 271,351
243: 150,418,448
244: 229,358,386,4,91,111,115,487,365,446,104,47,96,28,264
245: 250,255,182,339,284,251,126,352,134,381,1207,209,1264
246: 247,101,230,184
247: 246,101,230,184,123,281
248: 315,157,327,114,272
249: 119,351,166
250: 245,255,182,339,284,251,126,352,134,381,1207,209,1264
251: 126,379,182,339,69,250,245,255,19,38,17,134,381,1207,209
252: 372,109,495,137,160
253: 141,313,444,156,493,468,215,412,319,497,401
254: 196,118,181,332,475
255: 250,245,182,339,284,251,126,352,134,381,1207,209,1264
256: 387,362,108,321,227,349,326
257: 286,237,266,437,407,414
258: 147,403,299,189,166,113
259: 495,160
260: 162,269
261: 121,238,496,268,458,331
262: 267,427,191,465,26,168,163,219,338,135
263: 420,105,189,166,143,443,294,306
264: 47,96,28,244,487,365,41,68,104,85,1218,55,75,318,1213,1217,32,1215,40,54,1212,11,73,1226,1214,58,129,1216
265: 483,274,156,493,468
266: 437,241,195,257
267: 262,427,191,465,26,168,163,219,338,135
268: 238,496,261,121
269: 396,120,190,162,260
270: 174,307,435,235,342,406,144,481
271: 242,718
272: 315,248,114,478
273: 481,174,304,206
274: 177,483,265
275: 218,331,385,364,325,357
276: 454,189,113,443,294
277: 186,149,323,398,445
278: 136,203,423
279: 426,334,202,159,370,469
280: 471,207,400,238,360,458
281: 247,123,148,461
282: 322,397,138
283: 322,295
284: 130,339,250,245,255,352
285: 131,393,305,102,335,236,375
286: 257,407,383,414
287: 227,349,326,320,498
288: 87,488,308,301,347,65,39,52,36
289: 376,394,499,366
290: 457,355,27,441,24,50,225,60,416,15,220,221,81
291: 377,470,474,177
292: 117,412,298
293: 122,324,316
294: 443,189,166,113,263,105,454,276,306
295: 283,341
296: 151,77,179,317,369,234,44,191,465,26,82,64,1204,61
297: 192,389
298: 412,292,117,300,319,497,214,195
299: 119,258,147,189,166,113
300: 319,497,412,298,401,214,195
301: 193,308,173,145,87,488,288,183,95,65,39
302: 102,305,477,485,131,122,324,175,236
303: 410,165,136,429,170,171
304: 273,481,206,402,330
305: 393,285,131,102,302
306: 263,420,105,294,101
307: 435,235,342,174,270
308: 193,173,145,301,87,488,288
309: 213,421,133,372
310: 405,222,322
311: 361,97,124,355,27,441,221
312: 323,398,196,118
313: 141,444,440,156,493,468,253,215
314: 192,389,132,367,161
315: 248,157,327,114,272,478
316: 122,324,175,293
317: 179,80,116,296,151,234,44,384,463
318: 75,446,104,47,96,28,264,1213,1217,32,1215,40,54,1212,11,419,361,97
319: 300,497,253,215,412,298,401
320: 498,287
321: 256,150,418,227,349,326
322: 310,283,282,397,138
323: 398,494,312,186,277
324: 122,175,477,102,302,236,293,316
325: 385,275,218,357
326: 227,349,256,387,108,321,287
327: 428,315,248,350,403
328: 332,475,406,144,473,382
329: 167,474
330: 304,206,341
331: 275,218,458,261,121,385
332: 172,464,181,254,235,342,328,144
333: 378,223
334: 202,362,279,426,469
335: 451,285,415
336: 197,492,203,423
337: 407,237,340
338: 135,262,267,168,6,83,3,219,74,103,358,386,4,91,37,1224,413
339: 43,53,130,182,284,251,126,250,245,255,352
340: 407,337,160
341: 330,295
342: 235,172,464,307,435,332,270
343: 
344: 
345: 
346: 389,430,217,161,378
347: 87,488,288,39,52,36
348: 180,424,226,490,371
349: 227,326,256,387,108,321,287
350: 403,327,147
351: 242,249
352: 339,284,250,245,255,381,1207,209,1264,71
353: 438,356,396,120,190
354: 431,438,120,190
355: 27,441,73,1226,1214,58,129,1216,59,18,70,164,124,24,50,225,60,311,221,290,457
356: 153,353,231,467,178,411,450
357: 275,422,325,198,194
358: 386,163,219,338,135,229,4,91,111,115,244,487,365
359: 452
360: 400,280,458,201,385,218
361: 97,75,318,1213,1217,32,1215,40,54,1212,11,73,1226,1214,58,129,1216,419,124,311
362: 108,256,387,334
363: 205,410,165,197
364: 201,385,275,218
365: 487,358,386,4,91,37,1224,413,244,41,68,104,47,96,28,264,85,1218,55
366: 154,138,394,499,376,289
367: 132,112,192,314,187
368: 431,472
369: 77,296,151,427,191,465,26
370: 159,469,202,279,426,373
371: 226,180,348,491
372: 309,404,421,133,109,252
373: 426,159,370,430,217
374: 148,233,432
375: 236,285
376: 289,394,499,154,366
377: 167,491,291,470,474
378: 430,217,346,161,333
379: 90,42,57,20,67,43,53,22,1222,1259,1257,1258,31,182,99,1238,1232,92,76,69,251,126
380: 460,461,432,155,127
381: 1207,209,251,126,250,245,255,352,134,1264,1210,62,1228,21,30,35,1202,1227,480
382: 328,475,473,405,222
383: 414,407,286
384: 463,179,317,116,93,98,484,234,44,46,12,9,216,82,64,1204,61,56,185,66,33
385: 360,458,201,275,218,331,364,325
386: 358,163,219,338,135,229,4,91,111,115,244,487,365
387: 256,362,108,349,326
388: 153
389: 192,314,297,132,346,161
390: 1022
391: 439,123,110,460
392: 466,230
393: 305,285,131,102
394: 499,154,366,376,289
395: 148
396: 353,438,120,190,269
397: 138,322,282
398: 323,312,277
399: 466,230,184
400: 471,280,360
401: 253,215,300,319,497
402: 206,481,417,304
403: 350,327,258,147
404: 372
405: 222,382,310
406: 144,235,328,174,270,473,481,417
407: 337,237,257,286,340,383,414
408: 165
409: 452
410: 303,165,205,363,136,429,171
411: 178,450,467,356,162
412: 298,292,117,253,300,319,497,214,195
413: 37,1224,338,135,74,103,1251,1219,1265,1250,1267,86,4,91,1241,1206,1242,1243,1252,1221,487,365,41,68,51,1230,49,1205
414: 383,407,257,286
415: 208,451,335,128
416: 15,220,70,164,447,1,449,24,50,225,60,433,48,290,457
417: 406,481,304,206,402
418: 150,243,321
419: 75,318,1213,1217,32,1215,40,54,1212,11,361,97
420: 263,105,142,143,101,306
421: 133,213,309,100,372,109
422: 121,357,198,194
423: 203,197,136,336,278
424: 226,180,348
425: 142,143,105
426: 279,334,202,159,370,469,373
427: 369,191,262,267
428: 128,327
429: 170,171,410,303,136,442,139
430: 217,373,346,378
431: 354,438,368,120
432: 461,233,380,155
433: 48,447,1,449,199,1229,204,416,15,220,232,1203
434: 1108,778,775
435: 307,172,235,342,174,270
436: 489
437: 266,241,195,257
438: 353,431,354,396,120,190
439: 391,184,123,460
440: 158,240,486,141,313,468
441: 355,27,73,1226,1214,58,129,59,18,70,164,124,24,50,225,60,311,221,290,457
442: 429,170,494,200,139
443: 294,189,166,113,263,454,276
444: 141,313,156,493,468,253,215
445: 462,200,139,188,186,277,149
446: 111,115,244,104,75,318
447: 84,106,476,88,1211,1209,70,164,1,449,24,50,225,60,416,15,220,433,48
448: 243,1139
449: 1,106,476,88,1211,1209,1210,62,1228,21,447,199,1229,204,416,15,220,433,48,232,1203
450: 178,411,356,162
451: 335,415,157
452: 409,359
453: 455,239
454: 276,189,113,443,294
455: 453,155,127,239,471
456: 
457: 290,355,441,24,50,225,60,416,15,220,221,81
458: 280,238,360,261,121,385,218,331
459: 100,187,210,169
460: 380,439,391,461,155
461: 233,123,281,148,460,380,432
462: 445,200,188,186,149
463: 384,179,317,116,93,98,484,234,44,46,12,9,216,82,64,1204,61,56,185,66,33
464: 172,196,118,181,235,342,332
465: 26,369,296,151,234,44,191,82,64,1204,61,262,267,168,6,83,3
466: 399,392,230
467: 231,153,356,178,411
468: 156,493,440,483,141,313,444,265,253
469: 159,370,334,202,279,426
470: 474,377,291
471: 239,455,127,207,400,280
472: 368
473: 328,475,406,144,382
474: 470,377,329,291
475: 254,328,473,382
476: 106,88,63,1237,89,1239,25,140,19,38,17,84,1211,1209,70,164,447,1,449
477: 485,302,122,324,175
478: 315,114,272
479: 
480: 381,1207,209,1264,71,30,35,1202,1227,5,1208
481: 273,174,270,406,417,304,402
482: 29,125,199,1229,204,5,1208,232,1203
483: 274,156,493,468,265
484: 93,98,80,116,193,384,463,46,12,9,216,173,145
485: 477,102,302,175
486: 240,212,440
487: 365,358,386,4,91,37,1224,413,244,41,68,104,47,96,28,264,85,1218,55
488: 87,288,308,301,347,65,39,52,36
489: 436,207,238,496
490: 348,176,167
491: 371,377
492: 336
493: 156,468,483,141,313,444,265,253,215
494: 442,323
495: 137,160,252,259
496: 238,207,489,268,261
497: 300,319,253,215,412,298,401,214
498: 320,287
499: 394,154,366,376,289
500: 513,955,1035,1125,1044,622
501: 
502: 840,1112,669,833,853,1030,915
503: 851,1191,1069,1183
504: 755,1023,575,827,1188,703,1163,616
505: 973,908,820,793
506: 555,840,1112,591,510,738,1030
507: 712,615,525
508: 1159,818
509: 1133,962,806,537,1176
510: 738,506,840,1112,591,1030,845
511: 535,573,578,734,984,622
512: 863,1070
513: 500,955,1125,1044,622
514: 541,566,923
515: 669,626,1094,810,842,853
516: 630,939,540,583
517: 980,958,886,1085
518: 764,779,656,1098,599
519: 1011,1095,749,963
520: 686
521: 1029,942,687
522: 792,858,770,989,892,888
523: 815,702,571,954,593,695
524: 879,1050
525: 507,577,1064,752
526: 
527: 1113,905,615,928,602
528: 678,548,529,1117,762,768,545,1101,584
529: 1117,762,768,528,548
530: 802,546,606
531: 
532: 989,880,600,1082,1074
533: 951,674
534: 845,738,1030,915,1025,1118,817
535: 511,578,984,622
536: 646,761,1018
537: 1176,1016,509,962,806,636
538: 726,1021,1067,1073
539: 766,643,1024,555,737,832,1054,978,591
540: 727,630,939,516,583,763
541: 566,514,923
542: 632,1173,1027,594,563
543: 995
544: 843,701,732,838,807
545: 1101,584,728,768,528,678,548,614,692,1177
546: 606,1192,802,530,585,800
547: 1127,854,768
548: 528,678,529,1117,762,768,614,545,1101,584
549: 917,664
550: 1032,672,1193,909,872,929,941,1013,590
551: 1159,628
552: 824,662,837
553: 1092,751,1047
554: 988,1005,891,619,722,719
555: 927,1024,539,506,1112
556: 581,994
557: 831,860,570,1185,916,572
558: 1137,1114,870,1140,698
559: 1140,698,942
560: 1039,983,651,1151
561: 
562: 1181,1100,649
563: 542,594,725
564: 1056,777,1169
565: 583,697,763
566: 541,916,514,668
567: 1145,621,1100
568: 935,966,1063
569: 785,805
570: 1061,831,557
571: 859,954,815,702,523,695
572: 916,1164,831,860,557
573: 578,588,774,734,984,622,511
574: 628,655,675,998,789
575: 882,971,827,1188,504,755,1023,703
576: 767,825,1077
577: 676,525
578: 573,588,774,734,984,622,511,535
579: 881,650,649
580: 952,898,634
581: 556,1072,788
582: 613,647,1013
583: 540,516,697,763,565
584: 545,1101,728,528,678,548,692,1177
585: 1111,1192,1042,1165,546,606
586: 907,821,605,757,1019,1034
587: 966
588: 597,813,970,774,573,578,734,984
589: 850,729,862,1116,746
590: 550,1032,929,941,877,1164,1011
591: 539,506,1054,978,510,738,1099
592: 
593: 523,875
594: 890,801,542,563,1130,725
595: 1103,629,1130
596: 759,1002,618
597: 1083,819,813,970,765,588,774
598: 1146,620,924,1033
599: 1098,779,518,1053,906
600: 888,792,989,532,743
601: 714,866,823
602: 527,1113,928,976,724
603: 726
604: 681,730,1104,1196
605: 757,586,821,1019,1034
606: 546,1192,802,530,585
607: 
608: 681
609: 925,866,788,773
610: 1179,1147,750,658,1168
611: 1144,625,784,1017
612: 
613: 582,710,647
614: 768,678,548,886,545,1101,1085
615: 712,527,1113,905,507
616: 1163,1188,504,755,1023,703
617: 1122,1195,814
618: 596,1002,977,883,1120,829
619: 891,676,554,988,722,914
620: 994,598,1146
621: 567,1145,1198
622: 500,513,573,578,1044,511,535
623: 1020
624: 1093
625: 1144,611,784
626: 1094,1038,665,927,669,515
627: 694,948,913,1000,1014
628: 574,551,655,675,998,789,932
629: 1103,595
630: 939,540,516
631: 848,1198,1128
632: 1173,710,647,542,1027
633: 666,922,987,1001,849
634: 952,580
635: 1018,646
636: 1078,1066,731,537,1176,1016
637: 1168,658
638: 764
639: 1068
640: 1001,849,808,971,708,742,652,1188,1089
641: 885,876,1150,897,748
642: 1041,985,1015
643: 766,1024,706,737,539
644: 949
645: 818
646: 536,761,1018,635
647: 710,1067,582,613,632,1173
648: 846,795,1028
649: 1100,579,562,650,1174,1055,1145
650: 579,881,649,957,1055
651: 983,1096,560
652: 1188,1001,808,971,640,755,1023,1089
653: 854,894,883,1120,829,1127
654: 1189,900,1077
655: 628,574,675,789
656: 1009,518
657: 953,664,1004,721
658: 610,1179,1168,637
659: 830
660: 1180,934
661: 758
662: 824,837,552
663: 696,679
664: 549,657,953
665: 1124,1046,626,1094
666: 922,816,633,1001,849
667: 834,844,961,899,1088
668: 566
669: 515,626,810,840,502,1112,853
670: 
671: 1106,798
672: 934,1193,872,550,1032
673: 897,748,1179
674: 1020,533,951
675: 655,628,574,998,789
676: 812,577,988,891,619
677: 1070,689
678: 528,548,1117,762,768,614,545,1101,584,728,692
679: 920,663
680: 692,1097
681: 604,608,730,1196
682: 721
683: 1071,739,699,1109,946,1152
684: 771,902,917
685: 735
686: 520
687: 521,942,979
688: 1065
689: 677,986
690: 914,918,1064
691: 820,793
692: 678,926,545,1101,584,728,1090,1177,680
693: 735
694: 627,948,913,1000,1014
695: 571,954,523
696: 903,1162,663,1072
697: 763,1091,583,758,565
698: 870,558,1137,1029,559
699: 1110,1122,683,739,946
700: 794,972
701: 843,1135,791,544
702: 815,956,938,867,1053,859,571,954,523
703: 575,827,504,755,1023,1163,616
704: 844,834
705: 754,1152,865
706: 766,643,737,832,978
707: 1026,1049,777
708: 742,1147,987,1001,849,640,750,1089
709: 822
710: 647,1067,613,632,1173
711: 769,987
712: 615,507
713: 969
714: 967,1072,601,866,823
715: 800,933
716: 1149,803
717: 981,780,1132,945,1075
718: 271
719: 722,1136,554
720: 1148,1066,731
721: 657,953,682
722: 719,554,988,891,619
723: 1063,781
724: 602,976,1060
725: 594,563,1130
726: 603,538
727: 939,540
728: 545,1101,584,678,692,1177
729: 589,847,1116
730: 681,604,911,904
731: 1066,828,720,1078,636
732: 843,791,544,826
733: 781,935,1063
734: 984,588,774,1136,573,578,511
735: 693,685
736: 912
737: 766,643,1024,706,539,832,1054,978
738: 510,506,840,591,1030,1099,1025,534,845
739: 683,1071,772,699,1109
740: 1059
741: 992,921,839,1110,772
742: 708,1147,987,849,640,750,1089
743: 600,1157,947
744: 926
745: 887,850,1083,819
746: 589,862,1116,955,1035,1125
747: 1151,1181
748: 641,897,1179,673
749: 519,1011,1095,963,896,1080
750: 708,742,1147,610,1089
751: 1184,1092,553
752: 525,1064,1175
753: 1194,783,1106
754: 705,865
755: 504,1023,808,971,575,652,1188,703,1163,616
756: 930,1021,1067
757: 605,586,821,1019,1034
758: 1091,697,661
759: 596,1002
760: 
761: 1077,646,536
762: 529,1117,768,528,678,548
763: 697,540,583,565
764: 638,779,518
765: 813,970,996,1105,895,1047,1083,597,819
766: 643,1024,706,737,539
767: 576,825
768: 547,529,1117,762,528,678,548,614,545,1101
769: 711,817,869,987
770: 775,522
771: 684,902,917
772: 741,992,839,1110,1109,739
773: 609,925
774: 597,813,970,588,1136,573,578,734,984
775: 434,778,770
776: 887
777: 1026,1049,707,564,1056
778: 1062,838,434,775
779: 764,518,1053,1098,599
780: 717,981,1132
781: 733,723,1063
782: 1074,947
783: 753,1194
784: 625,611,1017,809
785: 569,865,805
786: 
787: 1012
788: 581,866,609,925
789: 998,655,628,574,675,932,1135,900
790: 
791: 1135,900,843,701,1189,732
792: 522,858,799,989,880,892,600,888
793: 820,973,691,505
794: 700,972
795: 842,846,833,648
796: 1096
797: 
798: 1106,671
799: 1138,858,792,989,880,892
800: 546,715,933
801: 1173,890,1170,594
802: 530,546,606
803: 1149,716,982
804: 1199,993,1102,991
805: 785,569
806: 962,509,537,1176,1016
807: 838,544,919
808: 971,922,1001,849,640,652,1188,755,1023
809: 1017,784
810: 842,1094,669,515,846,853
811: 816
812: 1105,1123,1005,676,988,891
813: 970,765,996,895,1083,597,819,588,774,1136
814: 1195,617,1041
815: 702,867,1053,859,571,954,523
816: 811,666,922
817: 534,1118,869,1150,769
818: 508,1159
819: 1083,597,745,887,813,765
820: 793,691,505
821: 1156,1076,586,907,605,757
822: 709,910,1131
823: 866,714,601,925
824: 662,552
825: 576,767,932,900
826: 732,1068
827: 882,575,504,703
828: 1014,731
829: 618,977,1120,653
830: 659
831: 860,557,570,877,1164,916,572
832: 1054,978,706,737,539,937,1099
833: 853,842,502,795,915
834: 667,704,844,961,899,1088
835: 1033,990,1038,927
836: 962,1016
837: 1186,662,921,552
838: 807,544,919,1062,778
839: 1110,1166,741,772
840: 502,1112,669,506,853,510,738,1030
841: 1170
842: 810,515,846,833,853,795
843: 701,791,544,732
844: 704,834,667,961
845: 534,510,738,1030,915,1025,1118
846: 810,842,795,648
847: 1116,729,1158
848: 631,1128,940
849: 1001,633,666,922,808,708,742,640
850: 745,589,862
851: 503,1069,1183
852: 1003,965
853: 833,669,515,810,842,840,502,1112,915
854: 894,653,1120,1127,547,958
855: 991,1102,1165,1039,1114
856: 1134,944
857: 1191,1183
858: 1062,1138,799,522,792
859: 571,954,1084,815,702,1051
860: 831,557,1185,916,572
861: 
862: 850,589,746,955,1035
863: 512,1160
864: 1158,1178
865: 705,754,785
866: 823,714,601,788,609,925
867: 956,938,1053,815,702
868: 1058
869: 1118,817,769,987
870: 1161,1114,558,1137,698
871: 1087,1119,975,1123
872: 672,1193,550,1032,1013
873: 1111,1104,1196,1192,1042
874: 1178,904,1010,1052,879
875: 593
876: 1150,885,641
877: 1164,909,929,941,831,590
878: 1156
879: 1010,1052,874,904,524
880: 989,892,799,792,532,1082
881: 1008,579,650,957
882: 1139,575,827
883: 618,1120,653
884: 1037,1129,1084,1155,1051
885: 876,1150,641
886: 958,517,980,614,1006,1036,1085
887: 745,776,1083,819
888: 600,522,792,989
889: 910
890: 1170,801,594
891: 619,812,676,554,988,722,914
892: 989,880,799,522,792
893: 1157
894: 854,653,1120,1127,958
895: 1105,1047,1092,996,813,970,765,1005
896: 1027,1095,749,1080
897: 641,748,673
898: 580
899: 1088,834,667,961,1190
900: 998,789,932,825,1135,791,654,1189
901: 1050
902: 1090,684,771
903: 696
904: 911,874,730,1010,1052,879
905: 527,1113,1075,615,928
906: 1053,1098,599
907: 586,986,1156,1076,821
908: 973,505
909: 1193,550,941,877
910: 1131,822,889,1143
911: 904,730,1010
912: 736,924,1058
913: 1000,627,694,948
914: 690,918,891,619,1064
915: 502,833,853,1030,534,845,1118
916: 572,831,860,557,566
917: 684,771,549,1004
918: 690,914,1064
919: 838,807,1062,1138
920: 1153,1141,679
921: 1186,837,741,992
922: 666,816,633,1001,849,808
923: 514,541,963
924: 912,598,1146,1058
925: 609,866,823,788,773
926: 744,692,1090
927: 835,1038,626,1024,555
928: 1075,527,1113,905,1031,602
929: 941,550,1032,877,1164,590
930: 1121,1021,756
931: 
932: 628,998,789,825,1135,900
933: 800,715
934: 672,1180,660,1193
935: 733,966,568
936: 
937: 832,1054,978,1099
938: 956,867,1053,702
939: 630,727,540,516
940: 848,1128,972
941: 929,1193,909,550,1032,877,1164,590
942: 559,521,687,979
943: 1031,976,982,1182
944: 1144,856
945: 717,981,1167,1075
946: 699,1122,683,1071,1152
947: 743,782
948: 627,694,913,1000
949: 644
950: 1061,1106
951: 533,674
952: 580,1015,634
953: 657,664,1004,721
954: 859,571,815,702,523,695
955: 1035,862,746,1125,500,513
956: 938,867,1053,702
957: 881,650,1174,1172
958: 854,894,1127,517,980,886
959: 1171
960: 
961: 844,834,667,899,1088,1190
962: 806,509,537,1176,1016,836
963: 519,1011,749,923,1080
964: 
965: 852,1115
966: 935,587,568
967: 1162,1072,714
968: 1022
969: 1160,999,713
970: 813,765,895,597,1005,588,774,1136
971: 808,1001,575,640,652,1188,755,1023
972: 940,794,700
973: 908,793,505
974: 
975: 1132,871
976: 1031,602,943,724,1182
977: 1002,618,1012,829
978: 832,1054,706,737,539,591,937,1099
979: 942,687
980: 517,958,886,1006,1085
981: 717,780,1132,945
982: 943,803,1182
983: 651,1096,560,1151
984: 734,588,774,1136,573,578,511,535
985: 1041,642
986: 1143,689,1156,1076,907
987: 869,633,711,769,708,742,1147
988: 554,1005,812,676,891,619,722
989: 880,892,799,522,792,600,888,532
990: 1033,835
991: 855,804,1102,1165,1039
992: 741,921,1110,772
993: 804,1199,1102
994: 620,556,1146
995: 543
996: 1092,1105,895,1047,1083,813,765
997: 1045
998: 789,628,574,675,932,1135,900
999: 1160,969
1000: 913,627,694,948,1014
1001: 849,633,666,922,808,971,708,640,652
1002: 759,596,618,977
1003: 852
1004: 917,657,953
1005: 1105,895,970,812,554,988
1006: 1036,1085,980,886,1197
1007: 
1008: 881
1009: 656
1010: 1052,879,874,911,904
1011: 590,519,749,963
1012: 977,787
1013: 872,550,1032,582
1014: 1000,627,694,828
1015: 642,952
1016: 537,1176,962,806,636,836
1017: 809,611,784
1018: 635,646,536
1019: 1034,586,605,757
1020: 674,623
1021: 1067,538,930,1073,756
1022: 390,968
1023: 504,755,808,971,575,652,1188,703,1163,616
1024: 927,766,643,555,737,539
1025: 738,1030,534,845
1026: 1049,777,707
1027: 632,542,1095,896
1028: 648
1029: 698,521
1030: 506,840,502,1112,510,738,915,1025,534,845,1118
1031: 928,976,943
1032: 550,672,1193,872,929,941,1013,590
1033: 598,990,835
1034: 1019,586,605,757
1035: 955,862,746,1125,500
1036: 1006,1085,886,1197
1037: 1129,1155,884
1038: 835,927,626,1094
1039: 991,855,560
1040: 1060,1086
1041: 814,985,642
1042: 1165,873,1111,1192,1102,585
1043: 
1044: 1125,500,513,622
1045: 997,1082,1171
1046: 1124,665,1094
1047: 1105,895,1092,553,996,765
1048: 
1049: 1026,777,707
1050: 524,901
1051: 1084,884,859
1052: 1010,879,874,904
1053: 779,956,938,867,1098,599,815,702,906
1054: 832,978,737,539,591,937,1099
1055: 650,1100,649,1174,1145
1056: 564,777,1169
1057: 1107
1058: 912,924,868
1059: 740
1060: 1182,724,1040
1061: 950,570
1062: 778,838,919,1138,858
1063: 723,733,781,568
1064: 525,752,690,914,918
1065: 688
1066: 731,720,1078,636
1067: 1021,538,1073,756,710,647
1068: 826,639
1069: 1191,503,851,1183
1070: 677,512
1071: 683,739,1109,946,1152
1072: 696,967,1162,714,581
1073: 538,1021,1067
1074: 532,1082,782
1075: 717,945,1167,905,928
1076: 1156,986,907,821
1077: 576,761,654
1078: 636,1066,731,1176
1079: 
1080: 1095,749,963,896
1081: 
1082: 880,1045,532,1171,1074
1083: 597,819,745,887,996,813,765
1084: 884,1051,859
1085: 1006,1036,517,980,886,614,1197
1086: 1175,1040
1087: 1119,871,1184,1123
1088: 899,834,667,961,1190
1089: 708,742,1147,640,652,750
1090: 926,692,902
1091: 697,758
1092: 553,751,996,1105,895,1047
1093: 624
1094: 626,1038,665,1046,515,810
1095: 519,1027,749,896,1080
1096: 796,983,651
1097: 680,1195
1098: 599,779,518,1053,906
1099: 832,1054,978,591,738,937
1100: 649,562,1055,567,1145
1101: 545,584,728,768,528,678,548,614,692,1177
1102: 804,1199,1042,1165,991,855
1103: 1170,629,595
1104: 604,1196,873,1111,1192
1105: 895,1047,1092,996,765,1005,812
1106: 950,753,671,798
1107: 1057
1108: 434
1109: 772,683,1071,739
1110: 839,1166,741,992,772,699
1111: 873,1104,1192,1042,585
1112: 840,502,555,669,506,853,510,1030
1113: 527,905,615,928,602
1114: 855,1161,870,558,1137
1115: 965
1116: 847,729,589,746,1125
1117: 529,762,768,528,678,548
1118: 1030,915,534,845,817,869
1119: 1087,871,1184,1123
1120: 618,883,829,854,894,653,1127
1121: 930
1122: 617,1195,699,946
1123: 1087,1119,871,812
1124: 665,1046
1125: 1116,746,955,1035,500,513,1044
1126: 
1127: 547,1120,854,894,653,958
1128: 1198,848,631,940
1129: 1037,1155,884
1130: 594,595,725
1131: 910,822
1132: 717,981,780,975
1133: 509
1134: 856
1135: 998,789,932,900,701,791,1189
1136: 813,970,774,734,984,719
1137: 558,1114,870,1140,698
1138: 919,1062,858,799
1139: 448,882
1140: 558,1137,559
1141: 1153,920
1142: 
1143: 910,986
1144: 944,625,611
1145: 567,621,1100,649,1055
1146: 598,994,620,924
1147: 708,742,987,610,750,1089
1148: 720
1149: 803,716
1150: 876,817,885,641
1151: 983,560,747
1152: 683,1071,946,705
1153: 1141,920
1154: 
1155: 1037,1129,884
1156: 1076,986,907,878,821
1157: 893,743
1158: 847,864
1159: 508,818,551
1160: 863,999,969
1161: 1165,1114,870
1162: 967,696,1072
1163: 616,1188,504,755,1023,703
1164: 877,929,941,831,590,572
1165: 1042,1102,585,991,855,1161
1166: 1177,839,1110
1167: 945,1075
1168: 637,610,1179,658
1169: 564,1056
1170: 890,841,801,1103
1171: 1045,1082,959
1172: 957,1174
1173: 632,710,647,801,542
1174: 649,957,1055,1172
1175: 752,1086
1176: 537,1016,509,962,806,1078,636
1177: 545,1101,584,728,692,1166
1178: 864,874
1179: 610,748,673,658,1168
1180: 660,934
1181: 747,562
1182: 1060,976,943,982
1183: 503,851,1191,1069,857
1184: 751,1087,1119,871
1185: 860,557
1186: 837,921
1187: 
1188: 652,808,971,575,640,504,755,1023,1163,616
1189: 654,1135,900,791
1190: 961,1191,899,1088
1191: 1069,503,1183,1190,857
1192: 1104,1196,873,1111,1042,585,546,606
1193: 934,672,909,872,550,1032,941
1194: 753,783
1195: 1097,617,1122,814
1196: 681,604,1104,873,1192
1197: 1006,1036,1085
1198: 621,631,1128
1199: 804,993,1102
1202: 30,35,1227,134,381,1207,209,1264,1210,62,1228,480,199,1229,204,5,1208
1203: 232,1,449,199,1229,204,5,1208,433,48,29,125,482
1204: 82,64,61,296,151,234,44,384,463,465,26,56,185,168,6,83,3,1223
1205: 51,1230,49,37,1224,413,1241,1206,1242,1243,1252,1221,1233,72,1234,1231,1235,1236,1255,41,68,63,1237,89,1239,85,1218,55,45,16,84
1206: 1241,1242,1243,1252,1221,74,103,1251,1219,1265,1250,1267,86,1261,1262,1260,1240,1256,1254,1245,1249,1220,1263,1253,37,1224,413,1233,72,1234,1231,1235,1236,1255,41,68,51,1230,49,1205,63,1237,89,1239
1207: 381,209,251,126,250,245,255,352,134,1264,62,30,35,1202,1227,480
1208: 5,1210,62,1228,21,30,35,1202,1227,480,199,1229,204,232,1203,125,482
1209: 1211,140,19,38,17,134,106,476,88,1210,62,1228,21,447,1,449,199,1229,204
1210: 62,1228,21,19,38,17,134,381,1211,1209,30,35,1202,1227,1,449,199,1229,204,1208
1211: 1209,25,140,19,38,17,134,106,476,88,1210,62,1228,21,447,1,449,199,204
1212: 1213,1217,32,1215,40,54,11,104,47,96,28,264,85,1218,55,75,318,73,1226,1214,58,129,1216,419,361,97,124
1213: 1217,32,1215,40,54,1212,11,104,47,96,28,264,85,1218,55,75,318,73,1226,1214,58,129,1216,419,361,97,124
1214: 73,1226,58,129,1216,47,96,28,264,85,1218,55,45,16,1213,1217,32,1215,40,54,1212,59,18,361,124,355,27,441
1215: 1213,1217,32,40,54,1212,11,104,47,96,28,264,85,1218,55,75,318,73,1226,1214,58,129,1216,419,361,97,124
1216: 73,1226,1214,58,129,47,96,28,264,85,1218,55,45,16,1213,1217,32,1215,40,54,1212,11,18,361,97,124,355
1217: 1213,32,1215,40,54,1212,11,104,47,96,28,264,85,1218,55,75,318,73,1226,1214,58,129,1216,419,361,97,124
1218: 85,55,487,365,41,68,51,49,1205,47,96,28,264,45,16,1213,1217,32,1215,40,54,1212,11,73,1226,1214,58,129,1216,59,18
1219: 1251,1265,1250,1267,86,83,3,1223,1244,1225,1248,1246,1268,78,1247,1266,74,103,1261,1262,1260,1240,1256,1254,1245,1249,1220,1263,1253,37,1224,413,1241,1206,1242,1243,1252,1221,1233,72,1234,1231,1235,1236,1255
1220: 1261,1262,1260,1240,1256,1254,1245,1249,1263,1253,1223,1244,1225,1248,1246,1268,78,1247,1266,42,57,1251,1219,1265,1250,1267,86,22,1222,1259,1257,1258,31,1241,1206,1242,1243,1252,1221,1233,72,1234,1231,1235,1255,1232,92,76
1221: 1241,1206,1242,1243,1252,74,103,1251,1219,1265,1250,1267,86,1261,1262,1260,1240,1254,1245,1249,1220,1263,1253,37,1224,413,1233,72,1234,1231,1235,1236,1255,68,51,1230,49,1205,63,1237,89
1222: 22,1259,1257,1258,31,78,1247,1266,90,42,57,20,67,1261,1262,1260,1240,1256,1254,1245,1249,1220,1263,1253,379,1233,72,1234,1231,1235,1236,1255,99,1238,1232,92,76,69
1223: 1244,1225,1248,1246,1268,64,1204,61,56,185,66,33,6,83,3,78,1247,1266,74,103,1251,1219,1265,1250,1267,86,1261,1240,1254,1245,1249,1220,1263,1253
1224: 37,413,338,135,74,103,1251,1219,1265,1250,1267,86,4,91,1241,1206,1242,1243,1252,1221,487,365,68,51,1230,49,1205
1225: 1223,1244,1248,1246,1268,64,61,56,185,66,33,6,83,3,78,1247,1266,74,103,1251,1219,1265,1250,1267,86,1261,1240,1254,1245,1249,1220,1263,1253
1226: 73,1214,58,129,1216,47,96,28,264,85,1218,55,45,16,1213,1217,32,1215,40,54,1212,11,59,18,361,97,124,355,27,441
1227: 30,35,1202,134,381,1207,209,1264,1210,62,1228,21,480,199,1229,204,5,1208
1228: 1210,62,21,19,38,17,134,381,1211,1209,30,35,1202,1227,1,449,199,1229,204,5,1208
1229: 199,204,1209,1210,62,1228,21,30,35,1202,1227,1,449,5,1208,433,48,232,1203,125,482
1230: 51,49,1205,37,1224,413,1241,1206,1242,1243,1252,1221,1233,72,1234,1231,1235,1236,1255,41,68,63,1237,89,1239,85,55,45,16,84
1231: 1233,72,1234,1235,1236,1255,1251,1219,1265,1250,1267,86,1261,1262,1260,1240,1256,1254,1245,1249,1220,1263,1253,22,1222,1259,1257,1258,31,1241,1206,1242,1243,1252,1221,99,1238,1232,92,76,51,1230,49,1205,63,1237,89,1239,25,140
1232: 99,1238,92,76,1261,1262,1260,1240,1256,1254,1245,1249,1220,1263,1253,22,1222,1259,1257,1258,31,379,1233,72,1234,1231,1235,1236,1255,69,63,1237,89,1239,25,140,19,38,17
1233: 72,1234,1231,1235,1236,1255,1251,1219,1265,1250,1267,86,1261,1262,1260,1240,1256,1254,1245,1249,1220,1263,1253,22,1222,1259,1257,1258,31,1241,1206,1242,1243,1252,1221,99,1238,1232,92,76,51,1230,49,1205,63,1237,89,1239,25,140
1234: 1233,72,1231,1235,1236,1255,1251,1219,1265,1250,1267,86,1261,1262,1260,1240,1256,1254,1245,1249,1220,1263,1253,22,1222,1259,1257,1258,31,1241,1206,1242,1243,1252,1221,99,1238,1232,92,76,51,1230,49,1205,63,1237,89,1239,25,140
1235: 1233,72,1234,1231,1236,1255,1251,1219,1265,1250,1267,86,1261,1262,1260,1240,1256,1254,1245,1249,1220,1263,1253,22,1222,1259,1257,1258,31,1241,1206,1242,1243,1252,1221,99,1238,1232,92,76,51,1230,49,1205,63,1237,89,1239,25,140
1236: 1233,72,1234,1231,1235,1255,1251,1219,1265,1250,1267,86,1261,1262,1260,1240,1256,1254,1245,1249,1263,1253,22,1222,1259,1257,1258,31,1241,1206,1242,1243,1252,1221,99,1238,1232,92,76,51,1230,49,1205,63,1237,89,1239,25,140
1237: 63,89,1239,1241,1206,1242,1243,1252,1221,1233,72,1234,1231,1235,1236,1255,99,1238,1232,92,76,51,1230,49,1205,25,140,45,16,84,106,476,88
1238: 99,1232,92,76,1261,1262,1260,1240,1256,1254,1245,1249,1253,22,1222,1259,1257,1258,31,379,1233,72,1234,1231,1235,1236,1255,69,63,1237,89,1239,25,140,19,38,17
1239: 63,1237,89,1241,1206,1242,1243,1252,1233,72,1234,1231,1235,1236,1255,99,1238,1232,92,76,51,1230,49,1205,25,140,45,16,84,106,476,88
1240: 1261,1262,1260,1256,1254,1245,1249,1220,1263,1253,1223,1244,1225,1248,1246,1268,78,1247,1266,90,42,57,1251,1219,1265,1250,1267,86,22,1222,1259,1257,1258,31,1241,1206,1242,1243,1252,1221,1233,72,1234,1231,1235,1236,1255,99,1238,1232,92,76
1241: 1206,1242,1243,1252,1221,74,103,1251,1219,1265,1250,1267,86,1261,1262,1260,1240,1256,1254,1245,1249,1220,1263,1253,37,1224,413,1233,72,1234,1231,1235,1236,1255,41,68,51,1230,49,1205,63,1237,89,1239
1242: 1241,1206,1243,1252,1221,74,103,1251,1219,1265,1250,1267,86,1261,1262,1260,1240,1256,1254,1245,1249,1220,1263,1253,37,1224,413,1233,72,1234,1231,1235,1236,1255,41,68,51,1230,49,1205,63,1237,89,1239
1243: 1241,1206,1242,1252,1221,74,103,1251,1219,1265,1250,1267,86,1261,1262,1260,1240,1256,1254,1245,1249,1220,1263,1253,37,1224,413,1233,72,1234,1231,1235,1236,1255,41,68,51,1230,49,1205,63,1237,89,1239
1244: 1223,1225,1248,1246,1268,64,61,56,185,66,33,83,3,78,1247,1266,74,103,1251,1219,1265,1250,1267,86,1261,1240,1254,1245,1249,1220,1263,1253
1245: 1261,1262,1260,1240,1256,1254,1249,1220,1263,1253,1223,1244,1225,1248,1246,1268,78,1247,1266,90,42,57,1251,1219,1265,1250,1267,86,22,1222,1259,1257,1258,31,1241,1206,1242,1243,1252,1221,1233,72,1234,1231,1235,1236,1255,99,1238,1232,92,76
1246: 1223,1244,1225,1248,1268,61,56,185,66,33,83,3,78,1247,1266,74,103,1251,1219,1265,1250,1267,86,1261,1262,1260,1240,1256,1254,1245,1249,1220,1263,1253
1247: 78,1266,56,185,66,33,183,95,1223,1244,1225,1248,1246,1268,90,42,57,1251,1219,1265,1250,1267,86,1261,1262,1260,1240,1256,1254,1245,1249,1220,1263,1253,22,1222,1259,1257,1258,31
1248: 1223,1244,1225,1246,1268,64,61,56,185,66,33,83,3,78,1247,1266,74,103,1251,1219,1265,1250,1267,86,1261,1240,1254,1245,1249,1220,1263,1253
1249: 1261,1262,1260,1240,1256,1254,1245,1220,1263,1253,1223,1244,1225,1248,1246,1268,78,1247,1266,42,57,1251,1219,1265,1250,1267,86,22,1222,1259,1257,1258,31,1241,1206,1242,1243,1252,1221,1233,72,1234,1231,1235,1236,1255,99,1238,1232,92,76
1250: 1251,1219,1265,1267,86,83,3,1223,1244,1225,1248,1246,1268,78,1247,1266,74,103,1261,1262,1260,1240,1256,1254,1245,1249,1220,1263,1253,37,1224,413,1241,1206,1242,1243,1252,1221,1233,72,1234,1231,1235,1236,1255
1251: 1219,1265,1250,1267,86,83,3,1223,1244,1225,1248,1246,1268,78,1247,1266,74,103,1261,1262,1260,1240,1256,1254,1245,1249,1220,1263,1253,37,1224,413,1241,1206,1242,1243,1252,1221,1233,72,1234,1231,1235,1236,1255
1252: 1241,1206,1242,1243,1221,74,103,1251,1219,1265,1250,1267,86,1261,1262,1260,1240,1256,1254,1245,1249,1220,1263,1253,37,1224,413,1233,72,1234,1231,1235,1236,1255,68,51,1230,49,1205,63,1237,89,1239
1253: 1261,1262,1260,1240,1256,1254,1245,1249,1220,1263,1223,1244,1225,1248,1246,1268,78,1247,1266,42,57,1251,1219,1265,1250,1267,86,22,1222,1259,1257,1258,31,1241,1206,1242,1243,1252,1221,1233,72,1234,1231,1235,1236,1255,99,1238,1232,92,76
1254: 1261,1262,1260,1240,1256,1245,1249,1220,1263,1253,1223,1244,1225,1248,1246,1268,78,1247,1266,90,42,57,1251,1219,1265,1250,1267,86,22,1222,1259,1257,1258,31,1241,1206,1242,1243,1252,1221,1233,72,1234,1231,1235,1236,1255,99,1238,1232,92,76
1255: 1233,72,1234,1231,1235,1236,1251,1219,1265,1250,1267,86,1261,1262,1260,1240,1256,1254,1245,1249,1220,1263,1253,22,1222,1259,1257,1258,31,1241,1206,1242,1243,1252,1221,99,1238,1232,92,76,51,1230,49,1205,63,1237,89,1239,25,140
1256: 1261,1262,1260,1240,1254,1245,1249,1220,1263,1253,1246,1268,78,1247,1266,90,42,57,1251,1219,1265,1250,1267,86,22,1222,1259,1257,1258,31,1241,1206,1242,1243,1252,1233,72,1234,1231,1235,1236,1255,99,1238,1232,92,76
1257: 22,1222,1259,1258,31,78,1247,1266,90,42,57,20,67,1261,1262,1260,1240,1256,1254,1245,1249,1220,1263,1253,379,1233,72,1234,1231,1235,1236,1255,99,1238,1232,92,76,69
1258: 22,1222,1259,1257,31,78,1247,1266,90,42,57,20,67,1261,1262,1260,1240,1256,1254,1245,1249,1220,1263,1253,379,1233,72,1234,1231,1235,1236,1255,99,1238,1232,92,76,69
1259: 22,1222,1257,1258,31,78,1247,1266,90,42,57,20,67,1261,1262,1260,1240,1256,1254,1245,1249,1220,1263,1253,379,1233,72,1234,1231,1235,1236,1255,99,1238,1232,92,76,69
1260: 1261,1262,1240,1256,1254,1245,1249,1220,1263,1253,1246,1268,78,1247,1266,42,57,1251,1219,1265,1250,1267,86,22,1222,1259,1257,1258,31,1241,1206,1242,1243,1252,1221,1233,72,1234,1231,1235,1236,1255,99,1238,1232,92,76