1574: 1605
1390: 1491,410
1068: 965,1069,1067,237,1063,1065,1083
1141: 1100,577
1543: 1349,1482,1578,1554,1479,1501,1376
566: 405
949: 
1581: 1562,1566
1445: 1530,1400,1586,1391
1126: 1011,1020,1162,153,1128,1136,1037,492
977: 
1519: 1564,1531,1557,1537,959,1558,1450,1476,1430,1419,1479
1373: 1394,1415,1365,1379,1467,952,1476,1430,1419,1525,1459,1506,1478,1345,1317,1431,1346,1426,1316,323
1572: 1598,1443,1527
1394: 1373,1415,1365,1379,1467,1525,1459,1345,1317,1431,1346,1393,1426,323
15: 
754: 69,740
1459: 1525,952,1456,1387,1373,1394,1415,1365,1379,1467,1345,1317,1431,1346
1509: 1357,1345,1317,1431,1346,1464,1393,1426,985,1448,1472,1410,1428
583: 
1566: 1581,1562,1536
1376: 1501,1554,1479,1349,1543,1506,1478,1464,1393,1426,1316,323,1425,1461,1474,1514
900: 490
1520: 1495,1435,1456,1387
1337: 1521,552,1499,1571,959
1383: 1483,1435
643: 
1393: 1464,1426,1316,323,1394,1415,1506,1501,1376,1345,1317,1431,1346,1425,1461,1509,1357,1448,1472,1410,1395
1602: 1465,1532,627
29: 
562: 
740: 69,754
1174: 1062
822: 1487,1526,1404,1396,1503,985,1561
947: 559
563: 
985: 1561,1345,1317,1431,1346,822,1487,1526,1509,1357,1454,1323
1450: 1519,1564,1531,1557,1578,1388,1476,1430,1419,1554,1479,1482
1434: 1512,1336
1556: 1576,935
995: 485
1491: 1390,410
1532: 1602,1465,627
957: 
1540: 1499,1571,1537,959,1558
1367: 1504,233
961: 917
766: 
1456: 1387,1520,1495,1525,1459,1404,1396
968: 
1587: 1606
929: 
939: 921
905: 
1461: 1425,1501,1376,1464,1393,1426,1316,323,1474,1514,1448,1472,1410,1395,1436
727: 520
572: 
1506: 1478,1476,1430,1419,1554,1479,1373,1467,1501,1376,1431,1464,1393,1426,1316,323,1425
560: 
1410: 1448,1472,1464,1393,1426,1461,1509,1395,1428,1489,1460,1399,1452
1479: 1554,1519,1564,1531,1557,1450,1578,1388,1476,1430,1419,1349,1482,1543,1506,1478,1501,1376
61: 1489,1460,1399,1452,1429,1444,1398,1539
839: 820
558: 
1527: 1598,1443,1572
1495: 1520,1435,1456,1387
1582: 1569,476
922: 
589: 
69: 754,740
1600: 1589
598: 1295,1290
1202: 
1128: 153,1136,1037,1114,1126,1011,1020,1162
587: 518
607: 
1571: 1540,1499,1537,959,1558,1337,1521,552,1268,1326,1424,1496
569: 
996: 930
854: 
605: 227
916: 472,512
1172: 
1605: 1574
591: 
926: 980
1487: 822,1526,1404,1396,1503,985,1561
1513: 1548,488
1429: 1436,1460,1399,1452,61
944: 
582: 
1295: 598
948: 
1349: 1482,1543,1578,1388,1554,1479,1501,1376
1064: 1088,166
588: 
1253: 1278
994: 1477,1341,307
1518: 
1496: 1424,1499,1571,1537,1558,952
1266: 1151
593: 
1426: 1464,1393,1316,323,1373,1394,1415,1467,1506,1478,1501,1376,1345,1317,1431,1346,1425,1461,1509,1357,1448,1472,1410,1395
872: 
908: 
1606: 1587
955: 
1346: 1345,1317,1431,1459,1373,1394,1415,1467,1464,1393,1426,1316,323,985,1509,1357,1448,1472
906: 
659: 
581: 
1539: 1444,1398,61,1409,1470,1551,1414
932: 
575: 
993: 
1475: 1575,935
851: 137,320
1395: 1464,1393,1426,1316,323,1425,1461,1474,1514,1448,1472,1410,1436,1399
1428: 1489,1509,1357,1448,1472,1410,1454,1323,1460,1399,1452,1398
119: 
1278: 1253
1387: 1456,1520,1495,1525,1459,1396
1316: 1464,1393,1426,323,1373,1415,1467,1506,1478,1501,1376,1345,1317,1431,1346,1425,1461,1448,1472,1395
1604: 853
1458: 1397,1502,1536,1563,997
1483: 1383
975: 401
911: 1280
555: 
597: 
979: 
988: 
963: 921
1535: 
1465: 1602,1532,627
951: 
1348: 1402
137: 851,320
592: 
1063: 237,1065,1083,1069,1067,1068,965,1066
1562: 1581,1566
1569: 1582,476
986: 1477,1341
559: 947
586: 409
903: 1588,157
1589: 1600
596: 
1359: 
557: 
580: 568
894: 
978: 
153: 1128,1136,1037,1114,492,1126,1011,1020,1162
980: 926
1151: 1266
568: 580
157: 1588,903
965: 1068,1069,1067,237,1063,1065,1083
1413: 1453,522
902: 
556: 
1503: 1488,1404,1396,822,1487
1430: 1476,1419,1519,1564,1531,1557,1450,1554,1479,1373,1365,1379,1467,1506,1478
1114: 275,153,1128,1136,1037
594: 
166: 1088,1064,1015
820: 839
168: 238,682
700: 1009
1528: 1592
171: 
746: 
1547: 1580
574: 
940: 
1065: 237,1063,1083,1069,1067,1068,965,1066
1399: 1460,1452,1472,1410,1395,1428,1489,1429,1398,61
923: 
1062: 1174
1053: 
901: 
1436: 1425,1461,1474,1514,1395,1429
1588: 157,903
992: 
1290: 598
1336: 347,1434,1512
967: 
573: 
1396: 1404,1456,1387,1503,822,1487
976: 464
919: 
1415: 1373,1394,1365,1379,1467,1525,1459,1345,1317,1431,1346,1393,1426,1316,323
1565: 1585,482
590: 
1464: 1393,1426,1316,323,1506,1478,1501,1376,1345,1317,1431,1346,1425,1461,1509,1357,1448,1472,1410,1395
1514: 1474,1501,1376,1425,1461,1395,1436
962: 918
927: 
1578: 1388,1450,1554,1479,1349,1482,1543
584: 
934: 
1531: 1519,1564,1557,1537,1558,1450,1476,1430,1419,1554,1479
953: 
1197: 
973: 
206: 
982: 
1357: 1509,1345,1317,1431,1346,1464,1393,1426,323,985,1448,1472,1428
924: 
1453: 1413,522
1424: 1496,1499,1571,1537,959,1558,952
990: 
578: 
1341: 1477,986,994
1149: 1184
1388: 1578,1450,1554,1479,1349,1482
1502: 1536,1458
914: 
1419: 1476,1430,1519,1564,1531,1557,1450,1554,1479,1373,1467,1506,1478
1011: 1126,1020,1162,153,1128,1136,1037,492
1607: 232
925: 974
1521: 1337,552,1499,1571,959
1100: 1141
1489: 1428,1410,1454,1460,1399,1452,1444,1398,61
941: 
227: 605
912: 
950: 
943: 510
1443: 1598,1572,1527
232: 1607
233: 1488,1367,1504
1551: 1414,1539,1409,307,1470
1404: 1396,1456,1488,1503,822,1487
579: 989
237: 1063,1065,1083,1069,1067,1068,965,1066
238: 168,682
920: 
1379: 1373,1394,1415,1365,1467,952,1476,1430,1525,1459,1345,1317,1431
599: 
1580: 1547
243: 
1476: 1430,1419,1519,1564,1531,1557,1450,1554,1479,1373,1365,1379,1467,1506,1478
971: 
972: 
1557: 1519,1564,1531,1537,1450,1476,1430,1419,1554,1479
1583: 448,487,1603
1585: 1565,482
1402: 1348,457
1576: 1556,457
1345: 1317,1431,1346,1525,1459,1373,1394,1415,1365,1379,1467,1464,1393,1426,1316,323,985,1509,1357,1448,1472
1526: 822,1487,985,1561
1512: 1434,1336
255: 326
942: 
571: 
1478: 1506,1476,1430,1419,1554,1479,1373,1467,1501,1376,1464,1426,1316,323,1425
1501: 1376,1554,1479,1349,1482,1543,1506,1478,1464,1393,1426,1316,323,1425,1461,1474,1514
1563: 997,1397,1458
928: 
1499: 1540,1571,1537,959,1558,1337,1521,1268,1326,1424,1496
567: 
264: 
909: 433
1467: 1373,1394,1415,1365,1379,952,1476,1430,1419,1525,1459,1506,1478,1345,1317,1431,1346,1426,1316,323
267: 
998: 494
853: 1604
585: 
887: 
1525: 1459,952,1456,1387,1373,1394,1415,1365,1379,1467,1345,1317
915: 
1009: 700
275: 1342,1066,1114
959: 1540,1499,1571,1537,1558,1337,1521,1268,1326,1424,1519,1564
913: 
278: 
892: 
1088: 1064,166
281: 
958: 
1597: 
1474: 1514,1501,1376,1425,1461,1395,1436
1365: 1373,1394,1415,1379,1467,952,1476,1430,1525,1459,1345,1317,1431
1530: 1445,1400,1586,1391
682: 238,168
720: 
960: 
984: 
952: 1424,1496,1525,1459,1373,1365,1379,1467
595: 
1561: 985,822,1487,1526,1323
1435: 1383,1520,1495
672: 
999: 411
1162: 1126,1011,1020,153,1128,1136,1037,492
298: 
1470: 1539,1409,1551,1414
300: 
956: 
1414: 1551,1539,1409,307,1470
933: 
904: 
1015: 166
1066: 1069,1067,237,1063,1065,1083,275
307: 994,1409,1551,1414,840
991: 
1268: 1326,487,1603,1499,1571,1537,959,1558
1454: 1323,985,1428,1489,1400
311: 1005
554: 
313: 
1536: 1502,1566,1397,1458
1280: 911
1448: 1472,1410,1345,1317,1431,1346,1464,1393,1426,1316,323,1425,1461,1509,1357,1395,1428
989: 579
1069: 1067,1068,965,237,1063,1065,1083,1066
1601: 1590
320: 851,137
576: 455
945: 
323: 1464,1393,1426,1316,1373,1394,1415,1467,1506,1478,1501,1376,1345,1317,1431,1346,1425,1461,1357,1448,1472,1395
981: 
946: 
326: 255
327: 
1161: 
570: 
1037: 153,1128,1136,1114,1126,1011,1020,1162
1592: 1528
918: 962
1184: 1149
1425: 1461,1506,1478,1501,1376,1464,1393,1426,1316,323,1474,1514,1448,1472,1395,1436
1323: 1454,985,1561,1428,1400
1020: 1126,1011,1162,153,1128,1136,1037,492
1243: 
338: 
1460: 1399,1452,1410,1428,1489,1429,1444,1398,61
840: 307
938: 494
966: 
1391: 1530,1445,1515,1586
937: 
1477: 1341,986,994
921: 963,939
347: 1336
1326: 1268,487,1603,1499,1571,959
1400: 1454,1323,1530,1445,1515
997: 1563,1397,1458
1482: 1349,1543,1450,1578,1388,1554,1479,1501
917: 961
1515: 1400,1444,1398,1391
1537: 1540,1499,1571,959,1558,1268,1424,1496,1519,1564,1531,1557
1342: 275
1067: 1069,1068,965,237,1063,1065,1083,1066
970: 
1603: 487,1268,1326,1583,448
1488: 1404,233,1503
1452: 1460,1399,1472,1410,1428,1489,1429,1398,61
627: 1586,1602,1465,1532
1431: 1345,1317,1346,1459,1373,1394,1415,1365,1379,1467,1506,1464,1393,1426,1316,323,985,1509,1357,1448,1472
931: 
565: 
1504: 1367,233
1005: 311
561: 
1472: 1448,1410,1345,1431,1346,1464,1393,1426,1316,323,1425,1461,1509,1357,1395,1428,1399,1452
964: 
1398: 1444,1428,1489,1460,1399,1452,61,1515,1539
1317: 1345,1431,1346,1525,1459,1373,1394,1415,1365,1379,1467,1464,1393,1426,1316,323,985,1509,1357,1448
954: 
1575: 1475,935
1590: 1601
1444: 1398,1489,1460,61,1515,1539
1558: 1540,1499,1571,1537,959,1268,1424,1496,1519,1564,1531
1548: 1513,488
564: 
817: 
1586: 1530,1445,1391,627
969: 
382: 
1136: 153,1128,1037,1114,492,1126,1011,1020,1162
1554: 1479,1564,1531,1557,1450,1578,1388,1476,1430,1419,1349,1482,1543,1506,1478,1501,1376
987: 
935: 1556,1475,1575
1397: 1458,1536,1563,997
1083: 237,1063,1065,1069,1067,1068,965,1066
974: 925
907: 
1598: 1443,1572,1527
930: 996
577: 1141
983: 
865: 
1409: 1539,307,1470,1551,1414
1564: 1519,1531,1557,1537,959,1558,1450,1476,1430,1419,1554,1479
910: 
936: 
400: 
401: 975
402: 
403: 517
404: 
405: 566
406: 458
407: 422
408: 
409: 586
410: 1390,1491
411: 999
412: 
413: 489
414: 
415: 
416: 
417: 449
418: 
419: 
420: 
421: 526
422: 407
423: 
424: 
425: 
426: 
427: 
428: 
429: 
430: 529
431: 
432: 
433: 909
434: 
435: 
436: 
437: 
438: 
439: 
440: 
441: 
442: 
443: 
444: 
445: 
446: 
447: 553
448: 1583,487,1603
449: 417
450: 
451: 
452: 
453: 
454: 
455: 576
456: 
457: 1402,1576
458: 406
459: 
460: 
461: 
462: 
463: 
464: 976
465: 
466: 
467: 
468: 
469: 
470: 
471: 
472: 512,916
473: 
474: 
475: 
476: 1569,1582
477: 
478: 
479: 
480: 
481: 
482: 1565,1585
483: 
484: 
485: 995
486: 
487: 1268,1326,1603,1583,448
488: 1513,1548
489: 413
490: 900
491: 
492: 153,1136,1126,1011,1020,1162
493: 
494: 938,998
495: 
496: 
497: 
498: 
499: 
500: 
501: 
502: 
503: 
504: 
505: 509
506: 
507: 
508: 
509: 505
510: 943
511: 
512: 472,916
513: 
514: 
515: 
516: 
517: 403
518: 587
519: 
520: 727
521: 
522: 1413,1453
523: 
524: 
525: 
526: 421
527: 
528: 
529: 430
530: 
531: 
532: 
533: 
534: 
535: 
536: 
537: 
538: 
539: 
540: 
541: 
542: 
543: 
544: 
545: 
546: 
547: 
548: 
549: 
550: 
551: 
552: 1337,1521,1571
553: 447