1574: 1605,311,1005,1612,1067
543: 
1068: 1632,1656,1630,1655,1659,1653,1654,1657,1658,1640,1638,1627,1619,1624
1141: 1100,1656
1543: 1349,475
566: 
949: 
1581: 1514,1474,556,1562
1445: 1530,2148,2224,2498,2499,410,2326,2407,2442,2071,2470,589,1551,1414
1701: 2040,2392,2410,1671,2266,2413,1700,2394
977: 
1519: 1564,1430,1531,1499,1571,1554,1479,1450,1476
1373: 1467
1572: 1527,1397,1458
1394: 1379,1415,1365,1419,1557,1501,1345,1317,1346,323,1431
535: 943
1939: 2515,2021,2518
1459: 1525
1509: 1357,1501,1345,1393,1376,1428
583: 2050,1976,2031,2290,2096,2164,2104,2223,2072,2087
1619: 1640,1638,1627,1644,1624,1646,1632,1068,1731,1655,1659,1653,1657,1636,1645,1639
1376: 1501,1345,1317,1509,1357,1525
900: 455,2287,2418
1520: 1495,1499,1571,1554,1479
1337: 1690,911,2336,2070,2274,2146,1487
500: 423
520: 
1393: 1346,1426,1316,323,1431,1345,1317,1461,1509,1395
1602: 1532,1477,1341
1623: 1053,1618,1065,1083,1615,492,1066,1662,1651
562: 
509: 490
1174: 1062
822: 1487,2148,2224,2498,2499,410
947: 
563: 541
985: 
1450: 1519,1564,1430,1531,1478,1506,1476
2261: 2342,2094,2337,2282,2339,2347,2253,2246,2240,2245,2044,2381,2234,2110,2283,2159,2345,2338,2404,2089,2204,2181,2149,2045,2323,2258,2272,2091,2276,2281,2279,2139,2280
1556: 1576
995: 1979,1883
551: 
1532: 1602,1477,1341
957: 
1540: 1499,1571,1554,1479
1687: 454,1668,1496,1660,1637
961: 480,987
495: 
1456: 1387,1419,1557
968: 
1718: 1765,1713
929: 
939: 
905: 
1461: 1346,1393,1426,1316,323,1431,1395
552: 1672,1424
572: 
1506: 1478,1450,903
560: 2506,1895,2014,2500
504: 
1479: 1540,1499,1571,1554,1520,1495,1519,1564,1430,1531
61: 1460
539: 
558: 
1527: 1572,1397,1458
1495: 1520,1499,1571,1479
2145: 2199,2198,2281,2132,2237,2329,2197,2260,2271,2043,2236,2254,2098,2074,2042,2097,580,2161
922: 
589: 2326,1530,1445,2407,2442,2071,2470,1551,1414,1477,1341
1874: 2509,1770,1951,1926,2493,1872,2516,2486,1830,1882,1884
1600: 1789
598: 1804,1860,1841,1870,1730,1834,586
1202: 1682,1663,1684
1781: 1779,1767,1752,1766
587: 
515: 
1571: 1540,1499,1554,1479,1520,1495,1519,1564,1430
569: 1992,2073,1886,1942,946,1963
996: 1798,1740
1823: 1904,1941,1965,1940,1920,1848
1690: 1337,911,2336,2070,2274,2146,1487
916: 2173,2358
1172: 1136,1635,1617
1605: 1574,311,1005,1612,1067
591: 
926: 2350,2326,918,1773
1487: 1690,1337,822
1513: 1548,904
532: 
944: 
582: 
1295: 454
948: 
1349: 1543,475
1064: 1088,415
588: 2303,2483,2482,2481,2460,2458,2447,2444,2168,2491,2399,2479
1253: 1278,700,1009,1869
994: 
1518: 
1496: 1660,1668,1687
1869: 1253,1278,1635
593: 
1426: 1346,1393,1316,323,1431,1415,1588,1345,1317,1461,1395
544: 
908: 1633,1629
1606: 1853,1839,1851,1900,1835,1877,1844,1871,1769,1771,1810
955: 
1346: 1393,1426,1316,323,1431,1379,1394,1415,1365,1588,157,1345,1317,1461,1395
906: 
1635: 153,1617,1869,1172,1136,1268,1326
581: 
498: 928
932: 
575: 1917,1922,1919,1910,1890,1843,1900,1876,1803
993: 
1646: 1640,1638,1627,1619,1644,1624,1655,1636,1645,1639
531: 
1395: 1346,1393,1426,1316,323,1431,1461
1428: 1509,1357,482
513: 2371,2257
1278: 1253,700,1009,1869
1387: 1456,1419,1557
1316: 1346,1393,1426,323,1431,1588,157,1345,1317,1461,1395
1671: 1701,2040,2392,2410,2266,2413,853,1677,2488,2464,2462,2465,1700,2364,2334,2454,915,2263,2409,2333,2394,2262
1458: 1397,1527,1572,1514,1474
506: 
975: 
911: 1697,1690,1337,2069,2336,2070,2274,2146
555: 
597: 
979: 
988: 
963: 
1684: 1663,1268,1650,1676,1202,1243,1161,1682
538: 
951: 
1348: 1402
536: 
592: 
1063: 1618,1065,1609,1083,1615,1612,1067,1069,1620,2084,1521,1731
1562: 556,1581
1569: 
986: 
559: 
586: 1841,1870,1730,1834,598,1804
903: 1478,1506
1589: 1732,912
596: 
1670: 1743,1745,1722,1723,1698,1713
557: 
580: 2097,2145,2198,2098,2074,2042,2161,2206,2117
537: 
978: 
153: 1635,1617,1136,1268,1326
980: 
1974: 1921,1963,1942,946,1941,1965,1986,1955
568: 1966,2030,2116,1985,2206,2117,1950,2067
157: 1588,1476,1379,1415,1365,1317,1346,1316,323,1431
965: 1891,1793
1860: 1804,598,1841,1870,1730,1834
902: 
556: 1562,1581
1503: 1404
1430: 1519,1564,1531,1571,1554,1479,1450,1476
541: 563
594: 
166: 1015,1688
1708: 1746,1632,1656,1630,1655,1653,1654,1657,1658
507: 1760,1797
700: 1009,1253,1278
1528: 1592
519: 
550: 
1547: 1580
574: 
940: 
1065: 1618,1063,1609,1083,1615,1612,1067,1069,1620,2119,2026,2084,1521,492,1731,1066,1623
1837: 1783
923: 
1062: 1174
1053: 1623,1066,1662,1651
901: 
501: 
1588: 157,1476,1379,1415,1365,1317,1346,1426,1316,323,1431
992: 
1290: 
534: 1818,1978
967: 
573: 
547: 
976: 
919: 997
1415: 1379,1394,1365,1419,1557,1588,157,1501,1345,1317,1346,1426,323,1431
1565: 1585,1721,1695,1702
590: 2020,1995,2018,2061,1950,2067,1999
1625: 237,945,1633,1629
1514: 1474,1397,1458,1581
962: 1697
927: 1934,2496,1879,1938,1914,2508,2502,1907,1915,1820,1858
1578: 1388
584: 503,533
934: 
1531: 1519,1564,1430,1554,1479,1450,1476
953: 
1197: 1664,1686,1650
973: 
517: 
982: 
1357: 1509,1501,1345,1376,1428
924: 1742
1891: 1793,965
1424: 577,1672,552
990: 
578: 
1341: 1477,2407,2442,2071,2470,589,1551,1414,1532,1602
1149: 1184
1388: 1578
1502: 1536,456
914: 
1419: 1387,1456,1557,1379,1394,1415,1365
1693: 1707,1725,1754,1703,1720,1723,1698
1607: 232
925: 431
1521: 1612,1067,1618,1063,1065,1609,1083,1615,1731,1066
1100: 1141,1656
2107: 2150,2184,2185,2238,2251,2131,2225,2154,2219,2288,2289,2250,2252,2024,2312,2244,2300,2253,2216,2246,2259,2138,2249,2256,2162,2247,2129,2248,2234,2110,2283,2159,2163,2062,2176,2175,2182,2064,2188,2186,1994,2187,2183,2181,2149,2323,2258
941: 530
1659: 1630,1655,1653,1654,1657,1658,1632,1068,1656,1640,1638,1627,1619,1624,1639
912: 549,1589
950: 
943: 535
1443: 1598
232: 1607
1742: 924,1699
1551: 1414,1530,1445,589,1477,1341
1404: 1503
579: 
237: 1625,945,1633,1629
508: 
920: 
1379: 1394,1415,1365,1419,1476,1557,1588,157,1345,1317,1346,323,1431
599: 
1580: 1547
514: 
1476: 1519,1564,1430,1531,1450,1379,1365,1588,157
971: 
972: 491
1557: 1387,1456,1419,1379,1394,1415,1365
1583: 1603
1585: 1565,1721,1695,1702
1402: 1348
1576: 1556
1345: 1317,1379,1394,1415,1365,1501,1346,1393,1426,1316,323,1431,1376,1509,1357
1526: 1561
2281: 2132,2237,2279,2139,2280,2094,2282,2339,2261,2275,2345,2338,2404,2089,2002,2193,2191,2196,2272,2091,2276,2329,2197,2260,2140,2201,2043,2236,2145,2199,2198
512: 2370,2088
942: 
571: 
1478: 1506,1450,903
1501: 1394,1415,1345,1317,1376,1509,1357
1563: 
928: 498
1499: 1540,1571,1554,1479,1520,1495,1519,1564
567: 
528: 
909: 
1467: 1373
524: 2033,2059,2004,2057,1922
998: 
853: 1677,2377,2476,2475,2488,2464,2433,2375,2427,2512,2465,1700,2364,2040,2392,1671,2413
585: 576
523: 
1525: 1459,1376
915: 2265,2263,2409,2333,2365,2433,2375,2152,2427,2512,2465,1700,2364,2040,2392,2410,1671,2266,2413,2419,2416,2310,2378,2394,2262,2299,2267,2309,2308,2016,2221,2322,2311,2330,2214,2218,2331,2374
1009: 700,1253,1278
533: 584
959: 
913: 
530: 941
496: 
1088: 1064,415
522: 
958: 
553: 
1474: 1514,1397,1458,1581
1365: 1379,1394,1415,1419,1476,1557,1588,157,1345,1317,1346,1431
1530: 1445,2148,2224,2498,2499,410,2326,2407,2442,2071,2470,589,1551,1414
510: 
542: 
960: 
984: 
952: 1696
595: 
1561: 1526
505: 
521: 
999: 
1795: 1776,1960,1792,1728
518: 
1680: 1648,1664,1686
502: 444,1979,1883
956: 
1414: 1551,1530,1445,589,1477,1341
933: 545,1772,1802
904: 1548,1513
1015: 166,1688
1066: 1521,1618,1065,1083,1615,1731,1053,1623,1662,1651
549: 912
991: 1778,1847,409,1984,1855
1268: 1662,1651,1136,153,1635,1617,1326,1663,1684
1454: 1323,2398,2490
311: 1005,1605,1574
554: 
497: 
1536: 1502,456
548: 
526: 
989: 
1069: 1620,1612,1067,2119,2026,2084,1618,1063,1065,1609,1083,1615
1601: 1590
545: 933,1772,1802
576: 585
945: 1633,1625,237
323: 1346,1393,1426,1316,1431,1379,1394,1415,1588,157,1345,1317,1461,1395
981: 1970,1788
946: 1942,1972,2015,569,1974,1921,1963
516: 411
1637: 1668,1687
1161: 1682,1663,1684
570: 
1985: 2206,2117,2098,2042,2116,568
1592: 1528
918: 1773,2350,926,2326,2286,2449,2407,2442,2071,2470
1184: 1149
1714: 1694
1323: 1454,2398,2490
1686: 1197,1664,1650,1648,1680,1676
1243: 1682,1663,1684
499: 
1460: 61
1732: 1589
938: 
966: 2189,2255,2223,2072,2087
1700: 2465,2364,2476,853,1677,2488,2464,2375,2427,2512,1701,2040,2392,2410,1671,2266,2413,915,2263,2409,2394,2262
937: 
1477: 1341,2407,2442,2071,2470,589,1551,1414,1532,1602
921: 
1698: 1723,1703,1720,1707,1693,1725,1745,1722,1743,1670
1326: 1136,153,1635,1617,1268,454
540: 490,2192,2328,2428,2435,2195
997: 919
503: 584
917: 
1766: 1781,1752,525,1836
1537: 1558
546: 
1067: 1612,1605,1574,1069,1620,1521,1618,1063,1065,1609,1083,1615
970: 
1603: 1583
2233: 2348,2445,2209,2446,2448,2447,2168,2443,2399,2298,2479,2360,2503,2421,2383,2166,2385,1997,2208,2359,2346,2384,2231
1668: 454,1496,1660,1687,1637
1719: 1763
1431: 1346,1393,1426,1316,323,1379,1394,1415,1365,1588,157,1345,1317,1461,1395
931: 
565: 
529: 
1005: 311,1605,1574
561: 
1624: 1640,1638,1627,1619,1644,1646,1632,1068,1630,1655,1659,1653,1654,1657,1658,1636,1645,1639
964: 
2033: 524,2059,1986,1955,1948,1864,2004,2057,1922
1317: 1345,1379,1394,1415,1365,1588,157,1501,1346,1393,1426,1316,323,1431,1376
954: 
1575: 1642,1641,1643
1590: 1601
2104: 2164,1976,2031,2103,2229,2227,2038,2228,583,2050,2087
1558: 1537
1548: 1513,904
564: 
511: 
1788: 1970,1863,1807,981
969: 
527: 
1136: 1172,1662,1651,153,1635,1617,1268,1326
1554: 1540,1499,1571,1479,1520,1519,1564,1430,1531
987: 961
935: 
1397: 1458,1527,1572,1514,1474
1083: 1618,1063,1065,1609,1615,1612,1067,1069,1620,2119,2026,2084,1521,492,1731,1066,1623
974: 
907: 
1598: 1443
930: 452
577: 1672,1424
983: 
525: 1766,1836
1984: 1855,409,1778,1847,991
1564: 1519,1430,1531,1499,1571,1554,1479,1450,1476
910: 
936: 
400: 
401: 
402: 
403: 
404: 
405: 
406: 
407: 
408: 
409: 1984,1855,1778,1847,991
410: 822,2148,2224,2498,2499,1530,1445
411: 516
412: 
413: 
414: 429
415: 1064,1088
416: 
417: 
418: 
419: 
420: 
421: 
422: 
423: 500
424: 
425: 
426: 
427: 
428: 
429: 414
430: 
431: 925
432: 
433: 
434: 2173,2358,2239
435: 
436: 
437: 
438: 
439: 
440: 
441: 
442: 478
443: 
444: 502,1991,1979,1883
445: 
446: 
447: 
448: 
449: 
450: 
451: 
452: 930
453: 
454: 1326,1295,1668,1660,1687
455: 900,2287,2343,1936
456: 1536,1502
457: 
458: 
459: 
460: 
461: 
462: 
463: 
464: 
465: 
466: 
467: 
468: 
469: 
470: 
471: 
472: 
473: 
474: 
475: 1349,1543
476: 
477: 
478: 442
479: 
480: 961
481: 
482: 1428
483: 
484: 
485: 
486: 
487: 
488: 
489: 
490: 2452,2450,2497,2513,2296,2451,2388,2478,509,2242,2425,2423,2472,2192,540
491: 972
492: 2119,2026,2084,2007,1618,1065,1083,1615,1623
493: 
494: 
1609: 1618,1063,1065,1083,1615,1612,1067,1069,1620,2119,2026,2084,1521,1731
1699: 1742
1676: 1664,1686,1650,1663,1684,1682,1692
1612: 1067,1605,1574,1069,1620,1521,1618,1063,1065,1609,1083,1615
1721: 1695,1585,1565
1672: 577,552,1424
1615: 1618,1063,1065,1609,1083,1612,1067,1069,1620,2119,2026,2084,1521,492,1731,1066,1623
1729: 1846,1772,1802
1617: 153,1635,1172,1136,1268,1326
1618: 1063,1065,1609,1083,1615,1612,1067,1069,1620,2084,1521,492,1731,1066,1623
1620: 1069,1612,1067,2119,2026,2084,1618,1063,1065,1609,1083,1615
1627: 1640,1638,1619,1644,1624,1646,1632,1068,1731,1655,1659,1653,1657,1636,1645,1639
1636: 1645,1640,1638,1627,1619,1644,1624,1646,1639
1629: 908,1633,1625,237
1630: 1655,1659,1653,1654,1657,1658,1708,1632,1068,1656,1640,1638,1624,1639
1631: 1634
1632: 1068,1708,1656,1630,1655,1659,1653,1654,1657,1658,1640,1638,1627,1619,1624
1633: 945,908,1625,237,1629
1634: 1631
1638: 1640,1627,1619,1644,1624,1646,1632,1068,1630,1655,1659,1653,1654,1657,1658,1636,1645,1639
1639: 1630,1655,1659,1653,1654,1657,1658,1640,1638,1627,1619,1644,1624,1646,1636,1645
1640: 1638,1627,1619,1644,1624,1646,1632,1068,1630,1655,1659,1653,1654,1657,1658,1636,1645,1639
1641: 1643,1575,1642
1642: 1575,1641,1643
1643: 1641,1575,1642
1644: 1640,1638,1627,1619,1624,1646,1655,1636,1645,1639
1645: 1636,1640,1638,1627,1619,1644,1624,1646,1639
1685: 1692
1648: 1680,1664,1686
1696: 1679,952
1650: 1197,1664,1686,1663,1684,1676,1682
1651: 1662,1066,1053,1623,1136,1268
1677: 853,2377,2476,2475,2488,2464,2375,2427,2512,2465,1700,2364,2040,2392,1671,2413
1653: 1630,1655,1659,1654,1657,1658,1708,1632,1068,1656,1640,1638,1627,1619,1624,1639
1654: 1630,1655,1659,1653,1657,1658,1708,1632,1068,1656,1640,1638,1624,1639
1655: 1630,1659,1653,1654,1657,1658,1708,1632,1068,1656,1640,1638,1627,1619,1644,1624,1646,1639
1656: 1746,1708,1632,1068,1630,1655,1659,1653,1654,1657,1658,1100,1141
1657: 1630,1655,1659,1653,1654,1658,1708,1632,1068,1656,1640,1638,1627,1619,1624,1639
1658: 1630,1655,1659,1653,1654,1657,1708,1632,1068,1656,1640,1638,1624,1639
1660: 1496,454,1668,1687
1720: 1703,1707,1693,1725,1745,1722,1723,1698
1662: 1651,1066,1053,1623,1136,1268
1663: 1684,1268,1650,1676,1202,1243,1161,1682
1664: 1197,1686,1650,1648,1680,1676
1665: 1702
1679: 1696
1682: 1202,1243,1161,1650,1663,1684,1676,1692
1689: 1817,1790,2514,2467,2123,2468,2495
1688: 166,1015
1797: 1760,507
1692: 1676,1682,1685
1694: 1714
1695: 1721,1585,1565
1697: 1787,962,911
1702: 1585,1565,1665
1703: 1720,1693,1725,1745,1722,1698
1982: 2093,2144,2130,2160,2202,2143,2142,2270,2122,2169,2112,2205,2177,2256,2162,2135,2077,2147,2137,2163,2062,2121,2099,2114,2092,2113,2134,2133
1767: 1779,1877,1844,1781,1769,1771,1752
1842: 2494,1871,1835,1838,2510,2502,1796,1717
1707: 1693,1725,1754,1720,1723,1698
1731: 1521,1618,1063,1065,1609,1083,1615,1066,1627,1619
1730: 1841,1870,1834,586,598,1804,1860
1926: 1951,2493,1946,2517,1899,1874,2509,1933,2516,2486
1713: 1723,1743,1670,1718,1765
1717: 1796,1842,1769,1771,1810,1736,1776,1960
1722: 1745,1703,1720,1723,1698,1743,1670
1723: 1698,1720,1707,1693,1745,1722,1743,1670,1713
1725: 1707,1693,1754,1703,1720,1698
1841: 1870,1730,1834,586,598,1804,1860,1863,1807
1728: 1792,1795
1807: 1863,1841,1870,1970,1788
1772: 1802,545,933,1729,1846
1736: 1769,1771,1810,1779,1796,1717,1751,1776,1960
1737: 1888
1830: 2489,1882,1884,1874,2509,1872,1839,2486,1835,1838,2510,1879,1907,2494,1871
1765: 1718,1713
1740: 1798,996,1988,1791
1743: 1670,1745,1722,1723,1698,1713
1778: 1847,991,409,1984
1745: 1722,1703,1720,1723,1698,1743,1670
1746: 1708,1656
1796: 1717,1842,1769,1771,1810,1736,1776
1858: 1820,1934,927,2496,1915
2312: 2219,2288,2289,2250,2252,2024,2311,2214,2331,2325,2351,2215,2243,2238,2251,2131,2225,2154,2244,2300,2253,2216,2246,2259,2138,2249,2247,2129,2107,2150,2184,2185,2234,2110,2283,2159
1750: 1875
1751: 1769,1771,1810,1779,1736,1776
1752: 1781,1779,1767,1766,1836
2132: 2281,2237,2279,2139,2280,2094,2345,2338,2404,2089,2002,2193,2191,2196,2272,2091,2276,2329,2197,2260,2140,2075,2201,2043,2236,2145,2199,2198
1754: 1707,1693,1725
2321: 2341,2420,2156,2319,2406,2320,2415,2356,2400,2432,2357,2158,2352,2414,2355,2157,2379,2419,2416,2310,2378,2178,2314,2315,2313,2055,2309,2308,2016,2221,2322,2318,2316,2180,2317,2278,1961,2155,2353,2235,2226,2238,2225,2154
1756: 1819,1776,1960
1835: 1838,2510,1839,1851,2489,1830,1882,1884,1606,1853,1907,2494,1842,1871
1760: 1797,507
1917: 1906,1920,1848,1887,1912,1922,1919,1910,1890,1880,1843,575
1763: 1719
1825: 1953
1768: 1832
1769: 1771,1810,1606,1877,1844,1779,1767,1796,1717,1736,1751
1770: 1905,1874,2509,1872,1839
1771: 1769,1810,1606,1853,1877,1844,1779,1767,1796,1717,1736,1751
1773: 918,2350,926,2326,2286,2449,2407,2071
1775: 1898
1776: 1960,1796,1717,1736,1751,1756,1819,1795
1779: 1767,1877,1844,1781,1769,1771,1752,1736,1751
2163: 2062,2176,2175,2122,2169,2112,2205,2177,2259,2138,2249,2256,2162,2247,2129,2248,2107,2150,2184,2185,2093,2144,2130,1982,2160,2182,2064,2188,2186,1994,2187,2183,2037,2092,2113,2134,2133,2049,2012,2108
1783: 1837
1785: 1928
2046: 2424,2217,2361,2362,2438,2292,2291,2478,2386,2293,2324,2241,2242,2425,2423,2245,2044,2382,2344,2408,2381,2437
1787: 1697
1789: 1600
1790: 1689,1817,2514,2467,2123,2468,2285,2495
1791: 1988,1798,1740
1792: 1728,1795
1793: 1891,965
1798: 1740,996,1988,1791
2076: 2049,2012,2108,2115,2127,2170,2075,2090,2047,2102,2141,1966,2030
1802: 1772,545,933,1729,1846
1803: 1876,575,1900,1877,1844
1804: 1860,598,1841,1870,1730,1834,586
1890: 1922,1919,1910,1920,1948,1906,1917,1843,575
2080: 2054,2037,2092,2113,2134,2135,2077,2147,2137,2093,2144,2160,2121,2099,2114,2133,2063,2095,2019,2065,2011
1867: 1913,1940,1887,1912,1905
1810: 1769,1771,1606,1853,1877,1844,1796,1717,1736,1751
1811: 
1844: 1877,1851,1900,1876,1803,1606,1853,1769,1771,1810,1779,1767
1973: 2053,2101,2034,2058
1817: 1689,1790,2514,2467,2123,2468
1818: 1978,534
1819: 1756,1776,1960
1820: 1858,1934,927,2496,1915
1938: 1879,1914,2508,1933,2504,2489,2501,2502,1907,1934,927,2496,1915
1919: 1922,1910,1890,1920,1848,1948,1864,1906,1917,1843,575
2143: 2202,2142,2270,2318,2316,2180,2317,2278,2190,1961,2353,2235,2167,2120,2232,2122,2169,2112,2205,2177,2229,2227,2038,2228,2135,2077,2147,2137,2093,2144,2130,1982,2160
2255: 966,2189,2223,2072,2087
1988: 1791,1798,1740
2042: 2098,2074,2043,2236,2145,2198,2141,2097,580,2116,1985,2206,2117
1832: 1768
1880: 1887,1912,1906,1917,1905,1843,1839,1851,1900
1834: 1841,1870,1730,586,598,1804,1860
1836: 1752,1766,525
1838: 1835,2510,1839,2489,1830,1882,1884,2502,1907,2494,1842,1871
1839: 1770,1905,1880,1872,1851,2489,1830,1882,1884,1835,1838,2510,1606,1853
1851: 1905,1880,1843,1839,1900,1835,1606,1853,1844
1843: 1887,1912,1906,1917,1922,1919,1910,1890,1880,575,1851,1900
1936: 1967,455,2287,2418,2343,2436,2165,2349
1846: 1729,1772,1802
1847: 1778,991,409,1984
1848: 1920,1823,1904,1986,1955,1940,1948,1864,1887,1912,1906,1917,1922,1919
2234: 2110,2283,2159,2312,2244,2300,2253,2216,2246,2240,2245,2044,2107,2150,2184,2185,2094,2337,2282,2339,2261,2347,2182,2188,2186,1994,2187,2183,2204,2181,2149,2045,2323,2258,2272,2091,2276
1853: 1606,1839,1851,1900,1835,1877,1844,1771,1810
1855: 1984,409,991
2133: 2063,2093,2144,2130,1982,2160,2163,2062,2176,2175,2064,2188,2186,2183,2080,2054,2037,2092,2113,2134,2049,2012,2108,2065,2011,2102
1920: 1848,1823,1904,1986,1955,1940,1948,1864,1906,1917,1922,1919,1910,1890
1863: 1807,1841,1870,1970,1788
1864: 1948,1986,1955,1920,1848,2033,1906,1922,1919,1910
1899: 1946,2517,1951,1926,2493,2516
1987: 2003,1995,2036,2052,2029,1972,2015
2127: 2115,2170,2182,2064,2188,2186,1994,2187,2183,2204,2181,2149,2045,2323,2258,2049,2012,2108,2075,2090,2047,2102,2076
1870: 1841,1730,1834,586,598,1804,1860,1863,1807
1871: 2494,1842,2489,1830,1882,1835,1838,2510,1606,1907
1872: 1770,1905,1874,2509,1839,2486,1830,1882,1884
2002: 2193,2191,2196,2382,2344,2381,2277,2340,2437,2405,2435,2195,2275,2345,2338,2404,2089,2332,2395,2391,2066,2281,2132,2237,2279,2139,2280,2329,2197,2260,2335,2271
1875: 1750
1876: 1803,575,1900,1877,1844
1877: 1844,1900,1876,1803,1606,1853,1769,1771,1810,1779,1767
1879: 1938,1914,2508,1933,2486,2504,2489,1830,1882,1884,2501,2502,1907,1934,927,2496,1915
1882: 2489,1830,1884,1874,2509,1872,1839,2486,1835,1838,2510,1879,1907,2494,1871
1883: 1979,502,444,1991,1886,995
1884: 2489,1830,1882,1874,2509,1872,1839,2486,2504,1835,1838,2510,1879,1914,1907,2494
1886: 1991,1992,2073,569,1979,1883,1941,1965
1887: 1912,1913,1940,1848,1867,1906,1917,1905,1880,1843
1888: 1737
1951: 1926,2493,1946,2517,1899,1874,2509,1933,2516,2486,2504
1893: 
1894: 
1895: 2014,2500,560,2506
1948: 1864,1986,1955,1920,1848,2033,1906,1922,1919,1910,1890
1970: 1788,1863,1807,981
1898: 1775
1900: 1880,1843,575,1851,1876,1803,1606,1853,1877,1844
2222: 2456,2434,2484,2487,2429,2480,2477,2430,2402,2431,2466,2179,2461,2376,2417,2485
2311: 2330,2214,2218,2331,2265,915,2409,2333,2365,2394,2262,2299,2267,2309,2308,2016,2325,2351,2215,2243,2374,2238,2251,2131,2154,2219,2288,2289,2250,2252,2024,2312,2244,2300,2253,2216,2246
1904: 1823,1941,1965,1913,1940,1920,1848
1905: 1867,1887,1912,1770,1880,1872,1839,1851
1906: 1917,1940,1920,1848,1948,1864,1887,1912,1922,1919,1910,1890,1880,1843
1907: 2502,2486,2504,2489,1830,1882,1884,1835,1838,2510,1879,1938,1914,2508,2494,1871,1934,927,2496,1915
2032: 2065,2011,2037,2092,2063,2049,2012,2108,2047,2102,2052,2029
1910: 1922,1919,1890,1920,1948,1864,1906,1917,1843,575
2064: 2182,2188,2186,1994,2187,2183,2259,2138,2249,2256,2162,2247,2107,2150,2184,2185,2159,2163,2062,2176,2175,2149,2323,2133,2063,2049,2012,2108,2127,2170
1912: 1887,1913,1940,1848,1867,1906,1917,1905,1880,1843
1913: 1904,1940,1867,1887,1912
1914: 1879,1938,2508,1933,2516,2486,2504,2489,1884,2501,2502,1907,1934,927
1915: 1879,1938,2508,2502,1907,1934,927,2496,1820,1858
2400: 2406,2320,2415,2356,2432,2431,2179,2461,2417,2306,2301,2307,2305,2403,2357,2158,2352,2414,2355,2389,2302,2304,2178,2314,2315,2313,2055,2321,2341,2420,2156,2319
1921: 1974,1963,1942,946,1941,1965,1986,1955
1922: 1919,1910,1890,1920,1848,1948,1864,524,2033,1906,1917,1843,575
2034: 2053,1973,2101,2058
1989: 2399,2298,2459,2479,2303,2483,2482,2481,2460,2471,2401,2458,2430,2444,2168,2443,2306,2301,2307,2305,2403,2445,2385,2302
1950: 2067,1966,2030,2018,2061,568,590,2020
2061: 2018,1966,2030,1995,1950,2067,590,2020
1928: 1785
1972: 2015,2052,2029,2003,1987,1995,2036,946
2058: 1931,2053,1973,2034,2039,2068
1931: 2020,1999,2058
2031: 1976,2212,2366,2207,2426,2211,2213,2210,2103,2290,2096,583,2050,2164,2104
1933: 2516,1951,1926,2493,2486,2504,2501,1879,1938,1914,2508
1934: 927,2496,1879,1938,1914,2508,2502,1907,1915,1820,1858
2090: 2140,2075,2201,2204,2149,2045,2272,2091,2115,2127,2170,2043,2236,2076,2141,2074
1940: 1823,1904,1913,1920,1848,1867,1887,1912,1906
1941: 1965,1991,1886,1942,1974,1921,1963,1823,1904
1942: 946,569,1941,1965,1974,1921,1963
1995: 2003,1987,2036,2029,1972,2015,2018,2061,590
2125: 2412,2354,2151,2254,2370,2239,2088
1946: 2517,1899,1951,1926,2493,2516
1947: 
1953: 1825
2113: 2080,2054,2037,2092,2134,2135,2077,2147,2137,2093,2144,2130,1982,2160,2163,2062,2176,2121,2099,2114,2133,2063
1955: 1986,1974,1921,1998,2027,1920,1848,1948,1864,2033,2059
2012: 2049,2108,2163,2062,2176,2175,2182,2064,2188,2186,1994,2187,2183,2204,2181,2149,2045,2323,2258,2133,2063,2115,2127,2170,2065,2032,2047,2102,2076
2147: 2135,2077,2137,2167,2120,2232,2202,2143,2142,2270,2122,2169,2229,2227,2038,2228,2093,2144,2130,1982,2121,2099,2114,2080,2054,2113,2134
1960: 1776,1717,1736,1756,1819,1795
1961: 2155,2353,2235,2226,2178,2314,2315,2313,2321,2341,2420,2156,2319,2308,2221,2322,2318,2316,2180,2317,2278,2190,2238,2251,2225,2154,2202,2143,2142,2270,2122,2169,2112,2205,2177,2162,2247,2129,2248
1997: 2421,2348,2233,2445,2383,2166,2385,2208,2359,2346,2384,2231,2366,2207,2426,2211,2213,2210
1963: 1974,1921,569,1942,946,1941,1965
1986: 1955,1974,1921,1998,2027,1920,1848,1948,1864,2033,2059
1965: 1941,1991,1886,1942,1974,1921,1963,1823,1904
1966: 2030,2076,2141,2074,2018,2061,1950,568
1967: 1936,2287,2418,2343,2436,2165,2349
1976: 2031,2212,2366,2207,2426,2211,2213,2210,2103,2290,2096,583,2050,2164,2104
1977: 2039,2004,2057,2068,2006
1978: 1818,534
1979: 1883,502,444,1991,1886,995
1991: 1886,1992,2073,444,1979,1883,1941,1965
1992: 2073,1991,1886,569
2020: 590,2018,2061,1950,1998,2027,1999,1931
1994: 2182,2064,2188,2186,2187,2183,2259,2138,2249,2256,2162,2247,2129,2107,2150,2184,2185,2234,2110,2283,2159,2163,2062,2176,2175,2204,2181,2149,2045,2323,2258,2049,2012,2108,2127,2170
1998: 2027,2020,1999,1986,1955
1999: 590,2020,1998,2027,1931
2055: 2178,2314,2315,2313,2306,2301,2307,2305,2403,2406,2320,2415,2356,2400,2432,2357,2158,2352,2414,2355,2379,2389,2302,2304,2321,2341,2420,2156,2319,2367,2318,2316,2180
2030: 1966,2076,2141,2074,2018,2061,1950,568
2003: 1987,1995,2036,2052,2029,1972,2015
2004: 2057,524,2033,2059,2039,1977
2108: 2049,2012,2163,2062,2176,2175,2182,2064,2188,2186,1994,2187,2183,2149,2133,2063,2115,2127,2170,2065,2011,2032,2047,2102,2076
2006: 1977,2068
2007: 2119,2026,2084,492
2162: 2259,2138,2249,2256,2247,2129,2248,1961,2155,2353,2235,2226,2238,2251,2131,2225,2289,2250,2252,2122,2169,2112,2205,2177,2107,2150,2184,2185,2093,2144,2130,1982,2160,2163,2062,2176,2175,2182,2064,2188,2186,1994,2183
2105: 2367,2383,2166,2385,2389,2302,2304,2178,2315,2313,2208,2359,2346,2384,2231,2318,2316,2180,2317,2278,2190,2167,2120,2232,2202,2270
2026: 2119,2084,1069,1620,2007,1065,1609,1083,1615,492
2011: 2065,2032,2080,2054,2037,2092,2133,2063,2049,2108,2102,2052,2029
2347: 2342,2094,2337,2282,2339,2261,2244,2300,2253,2216,2246,2240,2245,2044,2382,2344,2408,2381,2234,2110,2283,2159,2275,2345,2338,2404,2089,2181,2323,2258,2091,2276
2014: 1895,2500,560,2506
2015: 1972,2052,2029,2003,1987,1995,2036,946
2016: 2309,2308,2221,2322,2357,2355,2157,2379,2419,2416,2310,2378,2265,915,2263,2409,2333,2365,2321,2341,2420,2156,2319,2311,2330,2214,2218,2331,2155,2226,2238,2251,2131,2225,2154,2219,2288,2289,2250,2252,2024
2018: 2061,1966,2030,1995,2036,1950,2067,590,2020
2019: 2095,2121,2099,2080,2054,2037,2092
2021: 2518,1939,2515
2057: 2004,524,2033,2059,2039,1977
2084: 2119,2026,1069,1620,2007,1618,1063,1065,1609,1083,1615,492
2024: 2219,2288,2289,2250,2252,2312,2309,2308,2016,2311,2330,2214,2218,2331,2325,2351,2215,2243,2374,2238,2251,2131,2225,2154,2244,2300,2253,2216,2246,2107,2150,2283
2027: 1998,2020,1999,1986,1955
2146: 2336,2070,2274,911,1690,1337,2069
2029: 2052,2065,2011,2032,1972,2015,2003,1987,1995,2036
2442: 2407,2071,2470,2326,1530,1445,918,589,1477,1341
2036: 2003,1987,1995,2029,1972,2015,2018
2037: 2080,2054,2092,2113,2134,2137,2093,2144,2130,2160,2163,2062,2176,2121,2099,2114,2133,2063,2095,2019,2065,2011,2032
2038: 2229,2227,2228,2210,2167,2120,2232,2143,2103,2077,2147,2164,2104,2121,2099
2039: 1977,2058,2004,2057,2068
2040: 1701,2392,2410,1671,2266,2413,853,1677,2488,2464,2465,1700,2364,2334,2454,2363,2265,915,2263,2409,2333,2365,2394,2262,2299,2267,2217,2361,2362
2289: 2219,2288,2250,2252,2024,2312,2309,2308,2016,2221,2322,2311,2330,2214,2218,2331,2215,2238,2251,2131,2225,2154,2300,2253,2216,2259,2249,2256,2162,2247,2129,2248,2107,2150
2043: 2236,2272,2091,2276,2281,2132,2237,2279,2139,2280,2260,2140,2075,2090,2201,2145,2199,2198,2141,2098,2074,2042
2044: 2240,2245,2325,2351,2215,2243,2386,2293,2324,2241,2046,2424,2244,2300,2253,2216,2246,2382,2344,2408,2381,2234,2110,2283,2094,2337,2282,2339,2261,2347,2275,2345,2338,2404,2089
2045: 2204,2181,2149,2323,2258,2184,2234,2159,2337,2282,2261,2182,2188,2186,1994,2187,2272,2091,2276,2012,2115,2127,2170,2140,2075,2090,2201
2047: 2102,2049,2012,2108,2115,2127,2065,2032,2076
2346: 2208,2359,2384,2231,2348,2233,2383,2166,2385,2389,2302,2304,1997,2367,2105,2207,2211,2213,2210,2167,2120,2232
2049: 2012,2108,2163,2062,2176,2175,2182,2064,2188,2186,1994,2187,2183,2149,2133,2063,2115,2127,2170,2065,2011,2032,2047,2102,2076
2050: 583,1976,2031,2290,2096,2164,2104,2223,2072,2087
2232: 2167,2120,2208,2359,2346,2231,2105,2190,2210,2143,2270,2103,2229,2227,2038,2228,2077,2147
2052: 2029,2065,2011,2032,1972,2015,2003,1987
2053: 1973,2101,2034,2058
2054: 2080,2037,2092,2113,2134,2135,2077,2147,2137,2093,2144,2160,2121,2099,2114,2133,2063,2095,2019,2065,2011
2059: 524,2033,1986,1955,2004,2057
2190: 2318,2316,2180,2317,2278,2389,2302,2304,2178,2314,2315,2313,2367,2105,1961,2353,2235,2167,2120,2232,2202,2143,2142,2270,2122,2169,2112,2205,2177
2062: 2163,2176,2175,2122,2169,2112,2205,2177,2259,2138,2249,2256,2162,2247,2129,2248,2107,2184,2185,2093,2144,2130,1982,2160,2182,2064,2188,2186,1994,2183,2037,2092,2113,2134,2133,2049,2012,2108
2063: 2133,2093,2160,2176,2064,2080,2054,2037,2092,2113,2134,2049,2012,2108,2065,2011,2032,2102
2065: 2011,2032,2080,2054,2037,2092,2133,2063,2049,2012,2108,2047,2102,2052,2029
2066: 2332,2395,2391,2277,2405,2435,2195,2002,2193,2191,2196,2422,2474,2329,2197,2260,2335,2271
2067: 1950,2018,2061,568,590
2068: 2058,2039,1977,2006
2069: 2369,2473,911,2257,2336,2070,2274,2146
2070: 2336,2274,2146,911,1690,1337,2369,2069,2473
2071: 2407,2442,2470,2326,1530,1445,918,1773,589,1477,1341
2072: 2223,2087,2290,2096,583,2050,2164,966,2189,2255
2073: 1992,1991,1886,569
2074: 2098,2042,2140,2075,2090,2201,2043,2236,2145,2198,2141,580,1966,2030,2116
2075: 2140,2090,2201,2204,2045,2272,2091,2132,2115,2127,2170,2043,2236,2076,2141,2074
2077: 2135,2147,2137,2120,2232,2143,2142,2122,2169,2229,2227,2038,2228,2144,1982,2121,2099,2114,2080,2054,2113,2134
2144: 2093,2130,1982,2160,2202,2143,2142,2122,2169,2112,2205,2177,2256,2162,2248,2135,2077,2147,2137,2163,2062,2176,2175,2121,2099,2114,2080,2054,2037,2092,2113,2134,2133
2103: 2207,2211,2213,2210,2167,2120,2232,1976,2031,2229,2227,2038,2228,2164,2104
2087: 2223,2072,2290,2096,583,2050,2164,2104,966,2189,2255
2088: 2125,2412,2370,512,2173,2358
2089: 2275,2345,2338,2404,2240,2245,2044,2382,2381,2277,2405,2342,2094,2337,2282,2339,2261,2347,2002,2193,2191,2196,2272,2091,2276,2281,2132,2237,2279,2139,2280,2329,2197
2091: 2272,2276,2234,2110,2094,2337,2282,2339,2261,2347,2345,2338,2404,2089,2204,2181,2149,2045,2323,2258,2281,2132,2237,2279,2139,2280,2140,2075,2090,2201,2043,2236
2092: 2080,2054,2037,2113,2134,2135,2137,2093,2144,2130,1982,2160,2163,2062,2176,2175,2121,2099,2114,2133,2063,2095,2019,2065,2011,2032
2093: 2144,2130,1982,2160,2143,2142,2122,2169,2112,2205,2177,2259,2138,2249,2256,2162,2247,2129,2248,2135,2147,2137,2163,2062,2176,2175,2114,2080,2054,2037,2092,2113,2134,2133,2063
2094: 2342,2337,2282,2339,2261,2347,2244,2253,2246,2240,2245,2044,2382,2344,2408,2381,2234,2110,2283,2275,2345,2338,2404,2089,2181,2323,2258,2272,2091,2276,2281,2132,2237,2279,2139,2280
2095: 2019,2121,2099,2080,2054,2037,2092
2096: 2290,2165,2349,1976,2031,583,2050,2223,2072,2087
2097: 580,2145,2199,2198,2254,2098,2042,2161,2239,2206,2117
2098: 2074,2042,2043,2236,2145,2198,2141,2097,580,2116,1985,2206,2117
2099: 2121,2114,2229,2227,2038,2228,2135,2077,2147,2137,2144,1982,2080,2054,2037,2092,2113,2134,2095,2019
2101: 2053,1973,2034
2102: 2047,2133,2063,2049,2012,2108,2115,2127,2170,2065,2011,2032,2076
2202: 2143,2142,2270,2367,2105,2318,2316,2180,2317,2278,2190,1961,2155,2353,2235,2226,2167,2120,2122,2169,2112,2205,2177,2135,2147,2144,2130,1982
2110: 2234,2283,2159,2312,2244,2300,2253,2216,2246,2240,2245,2044,2107,2150,2184,2342,2094,2337,2282,2339,2261,2347,2182,1994,2187,2181,2323,2258,2091,2276
2201: 2140,2075,2090,2204,2181,2149,2045,2258,2272,2091,2276,2281,2132,2237,2279,2139,2280,2043,2236,2141,2074
2112: 2122,2169,2205,2177,2318,2316,2180,2317,2278,2190,1961,2155,2353,2235,2226,2238,2251,2131,2225,2202,2143,2142,2270,2259,2249,2256,2162,2247,2129,2248,2135,2093,2144,2130,1982,2160,2163,2062
2114: 2121,2099,2229,2135,2077,2147,2137,2093,2144,2130,1982,2160,2080,2054,2037,2092,2113,2134
2115: 2127,2170,2188,2186,2204,2149,2045,2049,2012,2108,2140,2075,2090,2047,2102,2076
2116: 2098,2074,2042,1985,2206,2117,568
2117: 1985,2206,2098,2042,2097,580,2161,2239,2116,568
2119: 2026,2084,1069,1620,2007,1065,1609,1083,1615,492
2120: 2167,2232,2346,2231,2367,2105,2318,2316,2180,2317,2278,2190,2210,2202,2143,2142,2270,2103,2229,2227,2038,2228,2135,2077,2147
2121: 2099,2114,2229,2227,2038,2228,2135,2077,2147,2137,2144,1982,2080,2054,2037,2092,2113,2134,2095,2019
2122: 2169,2112,2205,2177,2318,2316,2180,2317,2278,2190,1961,2155,2353,2235,2225,2202,2143,2142,2270,2259,2138,2249,2256,2162,2247,2129,2248,2135,2077,2147,2137,2093,2144,2130,1982,2160,2163,2062
2123: 2514,2467,2468,1689,1817,1790,2285,2495,2469,2511,2398,2490
2238: 2251,2131,2225,2154,2321,2341,2420,2156,2319,2309,2308,2016,2221,2322,2311,2330,2214,2218,2331,1961,2155,2353,2235,2226,2219,2288,2289,2250,2252,2024,2312,2112,2205,2177,2249,2256,2162,2247,2129,2248,2107
2129: 2259,2138,2249,2256,2162,2247,2248,1961,2155,2353,2235,2226,2238,2251,2131,2225,2154,2219,2288,2289,2250,2252,2312,2122,2169,2112,2205,2177,2107,2150,2184,2185,2093,2130,2160,2163,2062,2175,1994,2183
2130: 2093,2144,1982,2160,2202,2143,2142,2122,2169,2112,2205,2177,2259,2138,2249,2256,2162,2247,2129,2248,2135,2147,2137,2163,2062,2176,2175,2114,2037,2092,2113,2134,2133
2131: 2238,2251,2225,2154,2341,2156,2309,2308,2016,2221,2311,2214,2331,2155,2353,2235,2226,2219,2288,2289,2250,2252,2024,2312,2112,2205,2177,2259,2138,2249,2256,2162,2247,2129,2248,2107,2150,2184,2185
2134: 2080,2054,2037,2092,2113,2135,2077,2147,2137,2093,2144,2130,1982,2160,2163,2062,2176,2121,2099,2114,2133,2063
2135: 2077,2147,2137,2120,2202,2143,2142,2270,2122,2169,2112,2205,2177,2093,2144,2130,1982,2160,2121,2099,2114,2080,2054,2092,2113,2134
2258: 2204,2181,2149,2045,2323,2107,2150,2184,2234,2110,2283,2159,2094,2337,2282,2339,2261,2347,2182,2188,2186,1994,2187,2183,2272,2091,2276,2012,2127,2170,2140,2201
2137: 2135,2077,2147,2143,2142,2122,2169,2093,2144,2130,1982,2160,2121,2099,2114,2080,2054,2037,2092,2113,2134
2138: 2259,2249,2256,2162,2247,2129,2248,2235,2251,2131,2225,2288,2250,2252,2312,2122,2169,2177,2107,2150,2184,2185,2093,2130,2160,2163,2062,2176,2175,2182,2064,2188,2186,1994,2187,2183
2139: 2281,2132,2237,2279,2280,2094,2337,2282,2339,2261,2275,2345,2338,2404,2089,2002,2193,2191,2196,2272,2091,2276,2329,2197,2260,2140,2201,2043,2236,2199,2198
2140: 2075,2090,2201,2204,2181,2149,2045,2258,2272,2091,2276,2281,2132,2237,2279,2139,2280,2115,2043,2236,2141,2074
2141: 2140,2075,2090,2201,2043,2236,2076,2098,2074,2042,1966,2030
2142: 2202,2143,2270,2318,2316,2180,2317,2278,2190,1961,2155,2353,2235,2167,2120,2122,2169,2112,2205,2177,2135,2077,2147,2137,2093,2144,2130,1982,2160
2148: 2224,2498,2499,822,410,1530,1445
2149: 2204,2181,2045,2323,2258,2107,2150,2184,2185,2234,2159,2337,2261,2182,2064,2188,2186,1994,2187,2183,2272,2091,2276,2049,2012,2108,2115,2127,2170,2140,2090,2201
2150: 2107,2184,2185,2251,2131,2225,2154,2219,2288,2289,2250,2252,2024,2312,2244,2300,2253,2216,2246,2259,2138,2249,2256,2162,2247,2129,2248,2234,2110,2283,2159,2163,2175,2182,2064,2188,2186,1994,2187,2183,2181,2149,2323,2258
2151: 2354,2332,2395,2391,2422,2474,2335,2271,2254,2125,2412,2370
2152: 2433,2375,2427,2512,2487,2429,2480,2477,2377,2476,2475,2461,2376,2417,2485,2465,2364,2357,2158,2352,2414,2355,2157,2379,2419,2416,2310,2378,2265,915
2377: 2476,2475,2487,2429,2480,2477,853,1677,2376,2485,2433,2375,2152,2427,2512,2465,2364
2154: 2238,2251,2131,2225,2321,2341,2420,2156,2319,2309,2308,2016,2221,2322,2311,2330,2214,2218,2331,1961,2155,2353,2235,2226,2219,2288,2289,2250,2252,2024,2312,2177,2249,2256,2247,2129,2248,2107,2150
2155: 1961,2353,2235,2226,2178,2314,2313,2321,2341,2420,2156,2319,2309,2308,2016,2221,2322,2318,2316,2180,2317,2278,2238,2251,2131,2225,2154,2202,2142,2122,2169,2112,2205,2177,2249,2256,2162,2247,2129,2248
2156: 2321,2341,2420,2319,2400,2357,2158,2414,2355,2419,2310,2178,2314,2315,2313,2055,2309,2308,2016,2221,2322,2318,2316,2180,2317,2278,1961,2155,2353,2235,2226,2238,2251,2131,2225,2154
2157: 2357,2158,2352,2414,2355,2379,2431,2466,2461,2376,2417,2485,2433,2375,2152,2427,2512,2406,2320,2415,2356,2419,2416,2310,2378,2321,2420,2319,2309,2308,2016,2221,2322
2158: 2357,2352,2414,2355,2157,2379,2431,2461,2376,2417,2152,2406,2320,2415,2356,2400,2432,2419,2416,2310,2378,2178,2314,2315,2313,2055,2321,2341,2420,2156,2319,2308,2221,2322
2159: 2234,2110,2283,2219,2288,2250,2252,2312,2244,2300,2253,2216,2246,2240,2107,2150,2184,2185,2337,2282,2339,2261,2347,2182,2064,2188,2186,1994,2187,2183,2204,2181,2149,2045,2323,2258,2276
2160: 2093,2144,2130,1982,2143,2142,2122,2169,2112,2205,2177,2259,2138,2249,2256,2162,2247,2129,2248,2135,2137,2163,2062,2176,2175,2114,2080,2054,2037,2092,2113,2134,2133,2063
2161: 2239,2145,2199,2198,2254,2097,580,2206,2117
2164: 2104,1976,2031,2103,2229,2227,2038,2228,583,2050,2223,2072,2087
2165: 2349,1936,1967,2212,2393,2203,2290,2096
2166: 2383,2385,2168,2443,2298,2301,2307,2305,2348,2233,2445,2389,2302,2304,1997,2208,2359,2346,2384,2231,2367,2105
2167: 2120,2232,2208,2359,2346,2384,2231,2367,2105,2318,2316,2180,2317,2278,2190,2210,2202,2143,2142,2270,2103,2229,2227,2038,2228,2147
2168: 2444,2443,2491,588,2303,2483,2482,2481,2460,2458,2209,2446,2448,2447,1989,2399,2298,2459,2479,2421,2348,2233,2445,2383,2166,2385
2169: 2122,2112,2205,2177,2318,2278,2190,1961,2155,2353,2235,2225,2202,2143,2142,2270,2259,2138,2249,2256,2162,2247,2129,2248,2135,2077,2147,2137,2093,2144,2130,1982,2160,2163,2062,2176,2175
2170: 2115,2127,2182,2064,2188,2186,1994,2187,2183,2204,2181,2149,2045,2323,2258,2272,2049,2012,2108,2075,2090,2102,2076
2406: 2320,2415,2356,2400,2432,2430,2402,2431,2466,2179,2461,2376,2417,2485,2306,2301,2307,2305,2403,2357,2158,2352,2414,2355,2157,2379,2389,2302,2178,2314,2315,2313,2055,2321,2319
2221: 2309,2308,2016,2322,2357,2158,2352,2414,2355,2157,2379,2419,2310,2378,2265,915,2365,2321,2341,2420,2156,2319,2330,2214,2218,2331,1961,2155,2353,2235,2226,2238,2251,2131,2225,2154,2219,2288,2289,2250,2252
2173: 434,2358,2239,2088,916
2174: 2396,2455,2350,2286,2449
2175: 2163,2062,2176,2169,2177,2259,2138,2249,2256,2162,2247,2129,2248,2107,2150,2184,2185,2093,2144,2130,2160,2182,2064,2188,2186,1994,2187,2183,2092,2133,2049,2012,2108
2176: 2163,2062,2175,2169,2177,2259,2138,2249,2256,2162,2107,2184,2185,2093,2144,2130,2160,2182,2064,2188,2186,1994,2187,2183,2037,2092,2113,2134,2133,2063,2049,2012,2108
2177: 2122,2169,2112,2205,2318,2316,2180,2317,2278,2190,1961,2155,2353,2235,2226,2238,2251,2131,2225,2154,2202,2143,2142,2270,2259,2138,2249,2256,2162,2247,2129,2248,2135,2093,2144,2130,1982,2160,2163,2062,2176,2175
2178: 2314,2315,2313,2055,2306,2301,2307,2305,2403,2406,2320,2415,2356,2400,2432,2357,2158,2352,2414,2355,2389,2302,2304,2321,2341,2420,2156,2319,2367,2105,2318,2316,2180,2317,2278,2190,1961,2155,2353,2235,2226
2179: 2402,2431,2466,2484,2456,2434,2222,2487,2429,2430,2461,2376,2417,2485,2306,2301,2307,2305,2403,2406,2320,2415,2356,2400,2432,2352
2180: 2318,2316,2317,2278,2190,2389,2302,2304,2178,2314,2315,2313,2055,2321,2341,2156,2319,2367,2105,1961,2155,2353,2235,2226,2167,2120,2202,2143,2142,2270,2122,2112,2205,2177
2181: 2204,2149,2045,2323,2258,2107,2150,2184,2185,2234,2110,2283,2159,2094,2337,2282,2339,2261,2347,2182,2188,2186,1994,2187,2183,2272,2091,2276,2012,2127,2170,2140,2201
2182: 2064,2188,2186,1994,2187,2183,2259,2138,2249,2256,2162,2107,2150,2184,2185,2234,2110,2283,2159,2163,2062,2176,2175,2204,2181,2149,2045,2323,2258,2049,2012,2108,2127,2170
2183: 2182,2064,2188,2186,1994,2187,2259,2138,2249,2256,2162,2247,2129,2248,2107,2150,2184,2185,2234,2283,2159,2163,2062,2176,2175,2181,2149,2323,2258,2133,2049,2012,2108,2127,2170
2184: 2107,2150,2185,2131,2219,2288,2250,2252,2312,2300,2253,2259,2138,2249,2256,2162,2247,2129,2234,2110,2283,2159,2163,2062,2176,2175,2182,2064,2188,2186,1994,2187,2183,2204,2181,2149,2045,2323,2258
2185: 2107,2150,2184,2251,2131,2225,2219,2288,2250,2252,2312,2259,2138,2249,2256,2162,2247,2129,2248,2234,2283,2159,2163,2062,2176,2175,2182,2064,2188,2186,1994,2187,2183,2181,2149,2323
2186: 2182,2064,2188,1994,2187,2183,2259,2138,2249,2256,2162,2107,2150,2184,2185,2234,2283,2159,2163,2062,2176,2175,2204,2181,2149,2045,2323,2258,2133,2049,2012,2108,2115,2127,2170
2187: 2182,2064,2188,2186,1994,2183,2259,2138,2107,2150,2184,2185,2234,2110,2283,2159,2163,2176,2175,2204,2181,2149,2045,2323,2258,2049,2012,2108,2127,2170
2188: 2182,2064,2186,1994,2187,2183,2259,2138,2256,2162,2107,2150,2184,2185,2234,2159,2163,2062,2176,2175,2204,2181,2149,2045,2323,2258,2133,2049,2012,2108,2115,2127,2170
2189: 966,2255,2223,2072,2087
2191: 2002,2193,2196,2382,2381,2277,2340,2437,2405,2435,2195,2275,2345,2338,2404,2089,2332,2395,2391,2066,2281,2132,2237,2279,2139,2280,2329,2197,2260,2335,2271
2192: 2296,2451,2388,2478,490,2242,2425,2423,2472,540,2277,2340,2437,2405,2328,2428,2435,2195
2193: 2002,2191,2196,2382,2344,2408,2381,2277,2340,2437,2405,2435,2195,2275,2345,2338,2404,2089,2332,2395,2391,2066,2281,2132,2237,2279,2139,2280,2329,2197,2260,2335,2271
2344: 2382,2408,2381,2386,2293,2324,2241,2046,2424,2242,2425,2423,2240,2245,2044,2277,2340,2437,2405,2094,2339,2347,2275,2338,2404,2002,2193
2195: 2328,2428,2435,2242,2425,2423,2472,2192,540,2277,2340,2437,2405,2002,2193,2191,2332,2395,2391,2066
2196: 2002,2193,2191,2382,2381,2277,2405,2275,2345,2338,2404,2089,2395,2066,2281,2132,2237,2279,2139,2280,2329,2197,2260,2335,2271
2197: 2329,2260,2275,2404,2089,2002,2193,2191,2196,2332,2395,2391,2066,2281,2132,2237,2279,2139,2335,2271,2145,2199,2198,2254
2198: 2145,2199,2281,2132,2237,2279,2139,2329,2197,2260,2043,2236,2254,2098,2074,2042,2097,580,2161
2199: 2145,2198,2281,2132,2237,2279,2139,2280,2329,2197,2260,2335,2271,2043,2236,2254,2097,2161
2343: 2287,2418,2436,2360,2503,2421,455,1936,1967,2212,2366
2203: 2393,2165,2349
2204: 2181,2149,2045,2323,2258,2184,2234,2159,2337,2261,2182,2188,2186,1994,2187,2272,2091,2276,2012,2115,2127,2170,2140,2075,2090,2201
2205: 2122,2169,2112,2177,2318,2316,2180,2317,2278,2190,1961,2155,2353,2235,2226,2238,2251,2131,2225,2202,2143,2142,2270,2249,2256,2162,2247,2129,2248,2135,2093,2144,2130,1982,2160,2163,2062
2206: 1985,2117,2098,2042,2097,580,2161,2239,2116,568
2207: 2426,2211,2213,1997,2208,2359,2346,2212,2366,2210,1976,2031,2103
2208: 2359,2346,2384,2231,2348,2233,2383,2166,2385,2389,2302,2304,1997,2367,2105,2207,2426,2211,2213,2210,2167,2232
2209: 2446,2448,2447,2444,2168,2443,2491,2360,2503,2421,2348,2233,2445
2210: 1997,2208,2359,2346,2231,2207,2426,2211,2213,2167,2120,2232,1976,2031,2103,2229,2227,2038,2228
2211: 2207,2426,2213,1997,2208,2359,2346,2212,2366,2210,1976,2031,2103
2212: 2366,2287,2418,2343,2436,2207,2426,2211,2165,2349,1976,2031
2213: 2207,2426,2211,1997,2208,2359,2346,2366,2210,1976,2031,2103
2214: 2311,2330,2218,2331,2265,915,2409,2333,2365,2262,2299,2267,2309,2308,2016,2221,2322,2325,2351,2215,2243,2374,2238,2251,2131,2225,2154,2219,2288,2289,2250,2252,2024,2312,2244,2300,2253,2216,2246
2215: 2325,2351,2243,2374,2333,2262,2299,2267,2311,2330,2214,2218,2331,2293,2324,2241,2219,2288,2289,2252,2024,2312,2244,2300,2253,2216,2246,2240,2044
2216: 2244,2300,2253,2246,2311,2330,2214,2218,2331,2325,2351,2215,2243,2374,2241,2219,2288,2289,2250,2252,2024,2312,2240,2044,2107,2150,2234,2110,2283,2159,2282,2347
2217: 2361,2362,2040,2392,2410,2266,2413,2334,2454,2411,2363,2439,2394,2262,2299,2267,2438,2292,2325,2243,2374,2386,2293,2046
2218: 2311,2330,2214,2331,2419,2416,2310,2378,2265,915,2263,2409,2333,2365,2394,2262,2299,2267,2309,2308,2016,2221,2322,2325,2351,2215,2243,2374,2238,2154,2219,2288,2289,2024,2300,2216
2219: 2288,2289,2250,2252,2024,2312,2309,2308,2016,2221,2311,2330,2214,2218,2331,2351,2215,2238,2251,2131,2225,2154,2244,2300,2253,2216,2246,2249,2247,2129,2248,2107,2150,2184,2185,2283,2159
2353: 1961,2155,2235,2226,2178,2314,2315,2313,2321,2341,2420,2156,2319,2308,2221,2322,2318,2316,2180,2317,2278,2190,2238,2251,2131,2225,2154,2202,2143,2142,2270,2122,2169,2112,2205,2177,2249,2256,2162,2247,2129,2248
2223: 2072,2087,2290,2096,583,2050,2164,966,2189,2255
2224: 2148,2498,2499,822,410,1530,1445
2225: 2238,2251,2131,2154,2321,2341,2420,2156,2319,2309,2308,2016,2221,2322,2214,2331,1961,2155,2353,2235,2226,2219,2288,2289,2250,2252,2024,2312,2122,2169,2112,2205,2177,2259,2138,2249,2256,2162,2247,2129,2248,2107,2150,2185
2226: 1961,2155,2353,2235,2178,2314,2321,2341,2420,2156,2319,2309,2308,2016,2221,2322,2318,2316,2180,2278,2238,2251,2131,2225,2154,2202,2112,2205,2177,2249,2256,2162,2247,2129,2248
2227: 2229,2038,2228,2210,2167,2120,2232,2143,2103,2077,2147,2164,2104,2121,2099
2228: 2229,2227,2038,2210,2167,2120,2232,2143,2270,2103,2077,2147,2164,2104,2121,2099
2229: 2227,2038,2228,2210,2167,2120,2232,2143,2103,2077,2147,2164,2104,2121,2099,2114
2437: 2277,2340,2405,2046,2424,2242,2425,2423,2472,2192,2382,2344,2408,2381,2328,2428,2435,2195,2275,2338,2002,2193,2191
2231: 2208,2359,2346,2384,2348,2233,2383,2166,2385,2389,2302,2304,1997,2367,2105,2210,2167,2120,2232
2235: 1961,2155,2353,2226,2178,2314,2321,2341,2420,2156,2319,2308,2221,2322,2318,2316,2180,2317,2278,2190,2238,2251,2131,2225,2154,2202,2143,2142,2270,2122,2169,2112,2205,2177,2259,2138,2249,2256,2162,2247,2129,2248
2236: 2043,2272,2091,2281,2132,2237,2279,2139,2280,2260,2140,2075,2090,2201,2145,2199,2198,2141,2098,2074,2042
2237: 2281,2132,2279,2139,2280,2094,2345,2338,2404,2089,2002,2193,2191,2196,2272,2091,2276,2329,2197,2260,2140,2201,2043,2236,2145,2199,2198
2239: 2161,2254,2125,2412,2097,2206,2117,434,2173,2358
2240: 2245,2044,2325,2351,2215,2243,2324,2241,2244,2300,2253,2216,2246,2382,2344,2408,2381,2234,2110,2283,2159,2342,2094,2337,2282,2339,2261,2347,2275,2345,2338,2404,2089
2241: 2386,2293,2324,2299,2325,2351,2215,2243,2374,2046,2424,2244,2300,2253,2216,2246,2240,2245,2044,2382,2344,2408,2381
2242: 2425,2423,2472,2438,2291,2451,2388,2478,490,2046,2424,2192,2382,2344,2408,2381,2277,2340,2437,2405,2328,2435,2195
2243: 2325,2351,2215,2374,2333,2394,2262,2299,2267,2217,2361,2362,2311,2330,2214,2218,2386,2293,2324,2241,2024,2312,2244,2300,2253,2216,2246,2240,2245,2044
2244: 2300,2253,2216,2246,2311,2330,2214,2325,2351,2215,2243,2374,2386,2293,2324,2241,2219,2288,2024,2312,2240,2245,2044,2107,2150,2234,2110,2283,2159,2094,2337,2282,2339,2347
2245: 2240,2044,2325,2243,2386,2324,2241,2046,2424,2244,2253,2246,2382,2344,2408,2381,2234,2110,2283,2094,2337,2282,2339,2261,2347,2275,2345,2338,2404,2089
2246: 2244,2300,2253,2216,2311,2214,2325,2351,2215,2243,2374,2386,2293,2324,2241,2219,2288,2024,2312,2240,2245,2044,2107,2150,2234,2110,2283,2159,2094,2337,2282,2339,2261,2347
2247: 2259,2138,2249,2256,2162,2129,2248,1961,2155,2353,2235,2226,2238,2251,2131,2225,2154,2219,2288,2289,2250,2252,2312,2122,2169,2112,2205,2177,2107,2150,2184,2185,2093,2130,2160,2163,2062,2175,2064,1994,2183
2248: 2259,2138,2249,2256,2162,2247,2129,1961,2155,2353,2235,2226,2238,2251,2131,2225,2154,2219,2288,2289,2250,2252,2122,2169,2112,2205,2177,2107,2150,2185,2093,2144,2130,2160,2163,2062,2175,2183
2249: 2259,2138,2256,2162,2247,2129,2248,2155,2353,2235,2226,2238,2251,2131,2225,2154,2219,2288,2289,2250,2252,2312,2122,2169,2112,2205,2177,2107,2150,2184,2185,2093,2130,2160,2163,2062,2176,2175,2182,2064,2186,1994,2183
2250: 2219,2288,2289,2252,2024,2312,2309,2308,2016,2221,2311,2214,2331,2238,2251,2131,2225,2154,2300,2253,2216,2259,2138,2249,2256,2162,2247,2129,2248,2107,2150,2184,2185,2283,2159
2251: 2238,2131,2225,2154,2341,2156,2309,2308,2016,2221,2322,2311,2214,2331,1961,2155,2353,2235,2226,2219,2288,2289,2250,2252,2024,2312,2112,2205,2177,2259,2138,2249,2256,2162,2247,2129,2248,2107,2150,2185
2252: 2219,2288,2289,2250,2024,2312,2309,2308,2016,2221,2311,2214,2331,2215,2238,2251,2131,2225,2154,2300,2253,2216,2259,2138,2249,2256,2162,2247,2129,2248,2107,2150,2184,2185,2283,2159
2253: 2244,2300,2216,2246,2311,2214,2331,2325,2351,2215,2243,2241,2219,2288,2289,2250,2252,2024,2312,2240,2245,2044,2107,2150,2184,2234,2110,2283,2159,2094,2337,2282,2339,2261,2347
2254: 2329,2197,2260,2335,2271,2354,2151,2145,2199,2198,2125,2412,2097,2161,2239
2256: 2259,2138,2249,2162,2247,2129,2248,2155,2353,2235,2226,2238,2251,2131,2225,2154,2288,2289,2250,2252,2122,2169,2112,2205,2177,2107,2150,2184,2185,2093,2144,2130,1982,2160,2163,2062,2176,2175,2182,2064,2188,2186,1994,2183
2257: 2371,2369,2069,2473,513
2259: 2138,2249,2256,2162,2247,2129,2248,2235,2251,2131,2225,2288,2289,2250,2252,2312,2122,2169,2112,2177,2107,2150,2184,2185,2093,2130,2160,2163,2062,2176,2175,2182,2064,2188,2186,1994,2187,2183
2260: 2329,2197,2404,2002,2193,2191,2196,2395,2066,2281,2132,2237,2279,2139,2280,2335,2271,2043,2236,2145,2199,2198,2254
2262: 2394,2299,2267,2465,1700,2364,2040,2392,2410,1671,2266,2413,2334,2454,2363,2265,915,2263,2409,2333,2365,2217,2361,2362,2311,2330,2214,2218,2325,2351,2215,2243,2374,2293
2263: 2265,915,2409,2333,2365,2375,2427,2465,1700,2364,2040,2392,2410,1671,2266,2413,2416,2378,2394,2262,2299,2267,2309,2016,2330,2218,2374
2421: 2360,2503,2209,2446,2448,2447,2168,2443,2348,2233,2445,2287,2418,2343,2436,1997
2265: 915,2263,2409,2333,2365,2375,2152,2465,2364,2040,2392,2419,2416,2310,2378,2394,2262,2299,2267,2309,2308,2016,2221,2322,2311,2330,2214,2218,2331,2374
2266: 1701,2040,2392,2410,1671,2413,2488,2464,2268,2463,2462,2465,1700,2364,2334,2454,2411,2363,915,2263,2409,2333,2394,2262,2299,2267,2217,2361,2362
2267: 2394,2262,2299,2364,2040,2392,2410,2266,2265,915,2263,2409,2333,2365,2217,2362,2311,2330,2214,2218,2331,2325,2351,2215,2243,2374,2293
2268: 2463,2462,2373,2488,2464,2441,2507,2492,2505,2410,2266,2413,2334,2454,2411,2363
2307: 2306,2301,2305,2403,2482,2460,2471,2401,2458,2430,2431,2466,2179,1989,2399,2298,2459,2479,2406,2320,2415,2356,2400,2432,2383,2166,2385,2389,2302,2304,2178,2314,2315,2313,2055
2270: 2202,2143,2142,2367,2105,2318,2316,2180,2317,2278,2190,1961,2353,2235,2167,2120,2232,2122,2169,2112,2205,2177,2228,2135,2147,1982
2271: 2335,2002,2193,2191,2196,2332,2395,2391,2066,2422,2474,2329,2197,2260,2354,2151,2145,2199,2254
2272: 2091,2276,2234,2094,2337,2282,2339,2261,2345,2338,2404,2089,2204,2181,2149,2045,2323,2258,2281,2132,2237,2279,2139,2280,2170,2140,2075,2090,2201,2043,2236
2469: 2511,2514,2467,2123,2468,2285,2495,2398,2490
2274: 2336,2070,2146,911,1690,1337,2069
2275: 2345,2338,2404,2089,2240,2245,2044,2382,2344,2408,2381,2277,2340,2437,2405,2094,2282,2339,2347,2002,2193,2191,2196,2276,2281,2279,2139,2280,2329,2197
2276: 2272,2091,2234,2110,2283,2159,2342,2094,2337,2282,2339,2261,2347,2275,2345,2338,2404,2089,2204,2181,2149,2045,2323,2258,2281,2132,2237,2279,2139,2280,2140,2201,2043
2277: 2340,2437,2405,2424,2242,2425,2423,2472,2192,2382,2344,2408,2381,2328,2435,2195,2275,2345,2338,2404,2089,2002,2193,2191,2196,2395,2391,2066
2278: 2318,2316,2180,2317,2190,2389,2304,2178,2314,2315,2313,2321,2341,2156,2319,2367,2105,1961,2155,2353,2235,2226,2167,2120,2202,2143,2142,2270,2122,2169,2112,2205,2177
2279: 2281,2132,2237,2139,2280,2094,2337,2282,2339,2261,2275,2345,2338,2404,2089,2002,2193,2191,2196,2272,2091,2276,2329,2197,2260,2140,2201,2043,2236,2199,2198
2280: 2281,2132,2237,2279,2139,2094,2337,2282,2339,2261,2275,2345,2338,2404,2089,2002,2193,2191,2196,2272,2091,2276,2260,2140,2201,2043,2236,2199
2282: 2342,2094,2337,2339,2261,2347,2244,2300,2253,2216,2246,2240,2245,2044,2382,2408,2381,2234,2110,2283,2159,2275,2345,2338,2404,2089,2181,2045,2323,2258,2272,2091,2276,2281,2279,2139,2280
2283: 2234,2110,2159,2219,2288,2250,2252,2024,2312,2244,2300,2253,2216,2246,2240,2245,2044,2107,2150,2184,2185,2094,2337,2282,2339,2261,2347,2182,2186,1994,2187,2183,2181,2323,2258,2276
2345: 2275,2338,2404,2089,2240,2245,2044,2382,2381,2277,2405,2342,2094,2337,2282,2339,2261,2347,2002,2193,2191,2196,2272,2091,2276,2281,2132,2237,2279,2139,2280
2285: 2495,1790,2514,2467,2123,2468,2469,2511,2398,2490
2286: 2449,2174,2396,2455,2350,918,1773
2287: 2418,2343,2436,900,2360,2503,2421,455,1936,1967,2212,2366
2288: 2219,2289,2250,2252,2024,2312,2309,2308,2016,2221,2311,2330,2214,2218,2331,2351,2215,2238,2251,2131,2225,2154,2244,2300,2253,2216,2246,2259,2138,2249,2256,2247,2129,2248,2107,2150,2184,2185,2283,2159
2290: 2096,2165,2349,1976,2031,583,2050,2223,2072,2087
2291: 2438,2292,2411,2363,2294,2439,2452,2450,2497,2513,2296,2451,2388,2478,2386,2046,2424,2242,2425,2423
2292: 2438,2291,2334,2454,2411,2363,2294,2439,2452,2497,2513,2217,2361,2362,2296,2451,2478,2386,2293,2046
2293: 2386,2324,2241,2394,2262,2299,2267,2217,2361,2362,2438,2292,2325,2351,2215,2243,2374,2046,2424,2244,2300,2246,2044,2344,2408,2381
2294: 2439,2463,2373,2441,2507,2492,2505,2457,2411,2363,2452,2450,2497,2513,2361,2438,2292,2291,2296,2451,2388,2478
2470: 2407,2442,2071,2326,1530,1445,918,589,1477,1341
2296: 2451,2388,2478,2294,2452,2450,2497,2513,2438,2292,2291,490,2425,2423,2472,2192
2439: 2294,2463,2373,2441,2507,2492,2505,2457,2334,2454,2411,2363,2452,2497,2513,2217,2361,2362,2438,2292,2291,2478
2298: 1989,2399,2459,2479,2303,2483,2482,2481,2460,2471,2401,2458,2444,2168,2443,2491,2306,2301,2307,2305,2403,2348,2233,2445,2383,2166,2385,2389,2302,2304
2299: 2394,2262,2267,2040,2392,2410,2266,2363,2265,915,2263,2409,2333,2365,2217,2361,2362,2311,2330,2214,2218,2325,2351,2215,2243,2374,2386,2293,2324,2241
2300: 2244,2253,2216,2246,2311,2330,2214,2218,2331,2325,2351,2215,2243,2374,2293,2324,2241,2219,2288,2289,2250,2252,2024,2312,2240,2044,2107,2150,2184,2234,2110,2283,2159,2282,2347
2301: 2306,2307,2305,2403,2303,2483,2482,2481,2460,2471,2401,2458,2430,2402,2431,2466,2179,1989,2399,2298,2459,2479,2406,2320,2415,2356,2400,2432,2383,2166,2385,2389,2302,2304,2178,2315,2313,2055
2302: 2389,2304,1989,2399,2298,2459,2479,2306,2301,2307,2305,2403,2406,2320,2400,2432,2383,2166,2385,2178,2314,2315,2313,2055,2208,2359,2346,2384,2231,2367,2105,2318,2316,2180,2317,2190
2303: 2483,2482,2481,2460,2471,2401,2458,588,2430,2444,2168,2443,2491,1989,2399,2298,2459,2479,2306,2301,2305
2304: 2389,2302,2298,2306,2301,2307,2305,2403,2320,2400,2432,2383,2166,2385,2178,2314,2315,2313,2055,2208,2346,2384,2231,2367,2105,2318,2316,2180,2317,2278,2190
2305: 2306,2301,2307,2403,2303,2483,2482,2481,2460,2471,2401,2458,2430,2431,2466,2179,1989,2399,2298,2459,2479,2406,2320,2415,2356,2400,2432,2383,2166,2385,2389,2302,2304,2178,2314,2315,2313,2055
2306: 2301,2307,2305,2403,2303,2483,2482,2481,2460,2471,2401,2458,2430,2402,2431,2466,2179,1989,2399,2298,2459,2479,2406,2320,2415,2356,2400,2432,2383,2385,2389,2302,2304,2178,2315,2313,2055
2308: 2309,2016,2221,2322,2357,2158,2414,2355,2157,2379,2419,2416,2310,2378,2265,915,2409,2333,2365,2321,2341,2420,2156,2319,2311,2330,2214,2218,2331,1961,2155,2353,2235,2226,2238,2251,2131,2225,2154,2219,2288,2289,2250,2252,2024
2309: 2308,2016,2221,2322,2357,2157,2379,2419,2416,2310,2378,2265,915,2263,2409,2333,2365,2321,2341,2420,2156,2311,2330,2214,2218,2331,2155,2226,2238,2251,2131,2225,2154,2219,2288,2289,2250,2252,2024
2310: 2419,2416,2378,2461,2376,2417,2433,2375,2152,2357,2158,2352,2414,2355,2157,2379,2265,915,2365,2321,2341,2420,2156,2319,2309,2308,2016,2221,2322,2218
2313: 2178,2314,2315,2055,2306,2301,2307,2305,2403,2406,2320,2415,2356,2400,2432,2357,2158,2414,2355,2389,2302,2304,2321,2341,2420,2156,2319,2367,2105,2318,2316,2180,2317,2278,2190,1961,2155,2353
2314: 2178,2315,2313,2055,2307,2305,2403,2406,2320,2415,2356,2400,2432,2357,2158,2352,2414,2355,2389,2302,2304,2321,2341,2420,2156,2319,2318,2316,2180,2317,2278,2190,1961,2155,2353,2235,2226
2315: 2178,2314,2313,2055,2306,2301,2307,2305,2403,2406,2320,2415,2356,2400,2432,2357,2158,2355,2389,2302,2304,2321,2341,2156,2319,2367,2105,2318,2316,2180,2317,2278,2190,1961,2353
2316: 2318,2180,2317,2278,2190,2389,2302,2304,2178,2314,2315,2313,2055,2321,2341,2156,2319,2367,2105,1961,2155,2353,2235,2226,2167,2120,2202,2143,2142,2270,2122,2112,2205,2177
2317: 2318,2316,2180,2278,2190,2389,2302,2304,2178,2314,2315,2313,2321,2341,2156,2319,2367,2105,1961,2155,2353,2235,2167,2120,2202,2143,2142,2270,2122,2112,2205,2177
2318: 2316,2180,2317,2278,2190,2389,2302,2304,2178,2314,2315,2313,2055,2321,2341,2420,2156,2319,2367,2105,1961,2155,2353,2235,2226,2167,2120,2202,2143,2142,2270,2122,2169,2112,2205,2177
2319: 2321,2341,2420,2156,2406,2320,2415,2356,2400,2432,2357,2158,2352,2414,2355,2157,2379,2419,2310,2378,2178,2314,2315,2313,2055,2308,2016,2221,2322,2318,2316,2180,2317,2278,1961,2155,2353,2235,2226,2238,2225,2154
2320: 2406,2415,2356,2400,2432,2402,2431,2466,2179,2461,2376,2417,2306,2301,2307,2305,2403,2357,2158,2352,2414,2355,2157,2379,2389,2302,2304,2178,2314,2315,2313,2055,2321,2420,2319
2322: 2309,2308,2016,2221,2357,2158,2352,2414,2355,2157,2379,2419,2416,2310,2378,2265,915,2365,2321,2341,2420,2156,2319,2330,2214,2218,2331,1961,2155,2353,2235,2226,2238,2251,2225,2154,2289
2323: 2204,2181,2149,2045,2258,2107,2150,2184,2185,2234,2110,2283,2159,2094,2337,2282,2339,2261,2347,2182,2064,2188,2186,1994,2187,2183,2272,2091,2276,2012,2127,2170
2324: 2386,2293,2241,2299,2362,2325,2351,2215,2243,2374,2046,2424,2244,2300,2246,2240,2245,2044,2382,2344,2408,2381
2325: 2351,2215,2243,2374,2333,2394,2262,2299,2267,2217,2362,2311,2330,2214,2218,2386,2293,2324,2241,2024,2312,2244,2300,2253,2216,2246,2240,2245,2044
2326: 926,1530,1445,918,1773,2407,2442,2071,2470,589
2407: 2442,2071,2470,2326,1530,1445,918,1773,589,1477,1341
2328: 2428,2435,2195,2242,2425,2423,2472,2192,540,2277,2340,2437,2405,2332,2391,2422
2329: 2197,2260,2275,2404,2089,2002,2193,2191,2196,2332,2395,2391,2066,2281,2132,2237,2279,2139,2335,2271,2145,2199,2198,2254
2330: 2311,2214,2218,2331,2419,2378,2265,915,2263,2409,2333,2365,2394,2262,2299,2267,2309,2308,2016,2221,2322,2325,2351,2215,2243,2374,2238,2154,2219,2288,2289,2024,2244,2300,2216
2331: 2311,2330,2214,2218,2419,2265,915,2333,2365,2267,2309,2308,2016,2221,2322,2351,2215,2374,2238,2251,2131,2225,2154,2219,2288,2289,2250,2252,2024,2312,2300,2253,2216
2332: 2395,2391,2066,2405,2328,2428,2435,2195,2002,2193,2191,2422,2474,2329,2197,2335,2271,2354,2151
2333: 2265,915,2263,2409,2365,2465,2364,2040,2392,2410,1671,2266,2394,2262,2299,2267,2309,2308,2016,2311,2330,2214,2218,2331,2325,2351,2215,2243,2374
2334: 2454,2411,2363,2488,2464,2268,2463,2462,2373,2505,2040,2392,2410,1671,2266,2413,2439,2394,2262,2217,2361,2362,2292
2335: 2271,2002,2193,2191,2196,2332,2395,2391,2066,2422,2474,2329,2197,2260,2354,2151,2199,2254
2336: 2070,2274,2146,911,1690,1337,2369,2069,2473
2337: 2342,2094,2282,2339,2261,2347,2244,2253,2246,2240,2245,2044,2381,2234,2110,2283,2159,2345,2338,2404,2089,2204,2181,2149,2045,2323,2258,2272,2091,2276,2279,2139,2280
2338: 2275,2345,2404,2089,2240,2245,2044,2382,2344,2408,2381,2277,2340,2437,2405,2342,2094,2337,2282,2339,2261,2347,2002,2193,2191,2196,2272,2091,2276,2281,2132,2237,2279,2139,2280
2339: 2342,2094,2337,2282,2261,2347,2244,2253,2246,2240,2245,2044,2382,2344,2408,2381,2234,2110,2283,2159,2275,2345,2338,2404,2089,2181,2323,2258,2272,2091,2276,2281,2279,2139,2280
2340: 2277,2437,2405,2424,2242,2425,2423,2472,2192,2382,2344,2408,2381,2328,2428,2435,2195,2275,2338,2002,2193,2191
2341: 2321,2420,2156,2319,2356,2400,2357,2158,2352,2414,2355,2379,2419,2310,2178,2314,2315,2313,2055,2309,2308,2016,2221,2322,2318,2316,2180,2317,2278,1961,2155,2353,2235,2226,2238,2251,2131,2225,2154
2342: 2094,2337,2282,2339,2261,2347,2240,2110,2345,2338,2089,2276
2348: 2233,2445,2209,2446,2448,2447,2168,2443,2399,2298,2479,2360,2503,2421,2383,2166,2385,1997,2208,2359,2346,2384,2231
2349: 2165,1936,1967,2212,2393,2203,2290,2096
2350: 2174,2455,926,2286,2449,918,1773
2351: 2325,2215,2243,2374,2333,2262,2299,2267,2311,2330,2214,2218,2331,2386,2293,2324,2241,2219,2288,2024,2312,2244,2300,2253,2216,2246,2240,2044
2352: 2357,2158,2414,2355,2157,2379,2402,2431,2466,2179,2461,2376,2417,2485,2433,2375,2152,2406,2320,2415,2356,2400,2432,2419,2416,2310,2378,2178,2314,2055,2321,2341,2420,2319,2221,2322
2354: 2151,2332,2391,2422,2474,2335,2271,2254,2125,2412,2370
2355: 2357,2158,2352,2414,2157,2379,2431,2461,2376,2417,2433,2152,2406,2320,2415,2356,2400,2432,2419,2416,2310,2378,2178,2314,2315,2313,2055,2321,2341,2420,2156,2319,2308,2016,2221,2322
2356: 2406,2320,2415,2400,2432,2402,2431,2466,2179,2461,2376,2417,2485,2306,2301,2307,2305,2403,2357,2158,2352,2414,2355,2157,2379,2178,2314,2315,2313,2055,2321,2341,2420,2319
2357: 2158,2352,2414,2355,2157,2379,2431,2461,2376,2417,2433,2152,2406,2320,2415,2356,2400,2419,2416,2310,2378,2178,2314,2315,2313,2055,2321,2341,2420,2156,2319,2309,2308,2016,2221,2322
2358: 434,2173,2239,2088,916
2359: 2208,2346,2384,2231,2348,2233,2383,2166,2385,2302,1997,2367,2105,2207,2426,2211,2213,2210,2167,2232
2360: 2503,2421,2209,2446,2448,2447,2348,2233,2287,2418,2343,2436
2361: 2217,2362,2040,2392,2410,2266,2413,2334,2454,2411,2363,2294,2439,2394,2262,2299,2438,2292,2243,2374,2386,2293,2046
2362: 2217,2361,2040,2392,2410,2266,2413,2334,2454,2411,2363,2439,2394,2262,2299,2267,2292,2325,2243,2374,2386,2293,2324,2046
2363: 2334,2454,2411,2268,2463,2462,2373,2505,2040,2392,2410,2266,2413,2294,2439,2394,2262,2299,2217,2361,2362,2438,2292,2291
2364: 2465,1700,2377,2476,2475,853,1677,2488,2464,2433,2375,2152,2427,2512,2040,2392,2410,1671,2266,2413,2416,2378,2265,915,2263,2409,2333,2365,2394,2262,2267
2365: 2265,915,2263,2409,2333,2375,2364,2040,2392,2419,2416,2310,2378,2394,2262,2299,2267,2309,2308,2016,2221,2322,2311,2330,2214,2218,2331,2374
2366: 2212,2287,2418,2343,2436,1997,2207,2426,2211,2213,1976,2031
2367: 2105,2383,2166,2385,2389,2302,2304,2178,2315,2313,2055,2208,2359,2346,2384,2231,2318,2316,2180,2317,2278,2190,2167,2120,2202,2270
2369: 2069,2473,2257,2336,2070
2370: 2354,2151,2125,2412,512,2088
2371: 2257,513
2485: 2461,2376,2417,2456,2434,2222,2487,2429,2480,2477,2377,2476,2475,2402,2431,2466,2179,2433,2152,2406,2415,2356,2352,2414,2157,2379
2373: 2268,2463,2462,2441,2507,2492,2505,2410,2413,2334,2454,2411,2363,2294,2439
2374: 2325,2351,2215,2243,2265,915,2263,2409,2333,2365,2394,2262,2299,2267,2217,2361,2362,2311,2330,2214,2218,2331,2293,2324,2241,2024,2244,2300,2216,2246
2375: 2433,2152,2427,2512,2429,2480,2477,2377,2476,2475,853,1677,2461,2376,2417,2465,1700,2364,2352,2414,2157,2379,2419,2416,2310,2378,2265,915,2263,2409,2365
2376: 2461,2417,2485,2456,2222,2487,2429,2480,2477,2377,2476,2475,2402,2431,2466,2179,2433,2375,2152,2427,2512,2406,2320,2415,2356,2357,2158,2352,2414,2355,2157,2379,2419,2416,2310,2378
2378: 2419,2416,2310,2461,2376,2417,2433,2375,2152,2427,2512,2465,2364,2357,2158,2352,2414,2355,2157,2379,2265,915,2263,2409,2365,2321,2420,2319,2309,2308,2016,2221,2322,2330,2218
2379: 2357,2158,2352,2414,2355,2157,2431,2461,2376,2417,2485,2433,2375,2152,2427,2512,2406,2320,2415,2356,2419,2416,2310,2378,2055,2321,2341,2420,2319,2309,2308,2016,2221,2322
2477: 2487,2429,2480,2456,2222,2377,2476,2475,2376,2485,2433,2375,2152,2427,2512
2381: 2382,2344,2408,2386,2293,2324,2241,2046,2424,2242,2425,2423,2240,2245,2044,2277,2340,2437,2405,2094,2337,2282,2339,2261,2347,2275,2345,2338,2404,2089,2002,2193,2191,2196
2382: 2344,2408,2381,2386,2324,2241,2046,2424,2242,2425,2423,2472,2240,2245,2044,2277,2340,2437,2405,2094,2282,2339,2347,2275,2345,2338,2404,2089,2002,2193,2191,2196
2383: 2166,2385,2168,2443,2399,2298,2479,2306,2301,2307,2305,2348,2233,2445,2302,2304,1997,2208,2359,2346,2384,2231,2367,2105
2384: 2208,2359,2346,2231,2348,2233,2445,2383,2166,2385,2302,2304,1997,2367,2105,2167
2385: 2383,2166,2168,2443,1989,2399,2298,2459,2479,2306,2301,2307,2305,2348,2233,2445,2389,2302,2304,1997,2208,2359,2346,2384,2231,2367,2105
2386: 2293,2324,2241,2299,2217,2361,2362,2438,2292,2291,2325,2351,2243,2046,2424,2244,2246,2245,2044,2382,2344,2408,2381
2466: 2402,2431,2179,2484,2456,2434,2222,2487,2429,2480,2430,2461,2376,2417,2485,2306,2301,2307,2305,2403,2406,2320,2415,2356,2432,2352,2414,2157
2388: 2296,2451,2478,2294,2452,2450,2497,2513,2438,2291,490,2424,2242,2425,2423,2472,2192
2389: 2302,2304,2298,2306,2301,2307,2305,2403,2406,2320,2400,2432,2166,2385,2178,2314,2315,2313,2055,2208,2346,2231,2367,2105,2318,2316,2180,2317,2278,2190
2478: 2296,2451,2388,2294,2439,2452,2450,2497,2513,2438,2292,2291,490,2046,2424,2242,2425,2423,2472,2192
2391: 2332,2395,2066,2277,2405,2328,2428,2435,2195,2002,2193,2191,2422,2474,2329,2197,2335,2271,2354,2151
2392: 1701,2040,2410,1671,2266,2413,853,1677,2488,2464,2465,1700,2364,2334,2454,2363,2265,915,2263,2409,2333,2365,2394,2262,2299,2267,2217,2361,2362
2393: 2203,2165,2349
2394: 2262,2299,2267,2465,1700,2364,1701,2040,2392,2410,1671,2266,2413,2334,2454,2363,2265,915,2263,2409,2333,2365,2217,2361,2362,2311,2330,2218,2325,2243,2374,2293
2395: 2332,2391,2066,2277,2405,2435,2195,2002,2193,2191,2196,2422,2474,2329,2197,2260,2335,2271,2151
2396: 2174,2455,2286
2488: 2464,853,1677,2268,2463,2462,2465,1700,2364,2040,2392,2410,1671,2266,2413,2334,2454
2398: 2490,2514,2467,2123,2468,2285,2495,2469,2511,1323,1454
2399: 1989,2298,2459,2479,588,2303,2483,2482,2481,2460,2471,2401,2458,2444,2168,2443,2491,2306,2301,2307,2305,2348,2233,2445,2383,2385,2302
2401: 2303,2483,2482,2481,2460,2471,2458,2484,2430,1989,2399,2298,2459,2479,2306,2301,2307,2305,2403
2402: 2431,2466,2179,2484,2456,2434,2222,2487,2429,2480,2430,2461,2376,2417,2485,2306,2301,2403,2406,2320,2415,2356,2432,2352,2414
2403: 2306,2301,2307,2305,2460,2401,2458,2430,2402,2431,2466,2179,1989,2298,2459,2406,2320,2415,2356,2400,2432,2389,2302,2304,2178,2314,2315,2313,2055
2404: 2275,2345,2338,2089,2240,2245,2044,2382,2344,2408,2381,2277,2405,2094,2337,2282,2339,2261,2347,2002,2193,2191,2196,2272,2091,2276,2281,2132,2237,2279,2139,2280,2329,2197,2260
2405: 2277,2340,2437,2424,2242,2425,2423,2472,2192,2382,2344,2408,2381,2328,2428,2435,2195,2275,2345,2338,2404,2089,2002,2193,2191,2196,2332,2395,2391,2066
2408: 2382,2344,2381,2386,2293,2324,2241,2046,2424,2242,2425,2423,2240,2245,2044,2277,2340,2437,2405,2094,2282,2339,2347,2275,2338,2404,2193
2409: 2265,915,2263,2333,2365,2375,2465,1700,2364,2040,2392,2410,1671,2266,2413,2416,2378,2394,2262,2299,2267,2309,2308,2016,2311,2330,2214,2218,2374
2410: 1701,2040,2392,1671,2266,2413,2488,2464,2268,2463,2462,2373,2465,1700,2364,2334,2454,2411,2363,915,2263,2409,2333,2394,2262,2299,2267,2217,2361,2362
2411: 2334,2454,2363,2268,2463,2462,2373,2441,2507,2492,2505,2410,2266,2413,2294,2439,2217,2361,2362,2438,2292,2291
2412: 2125,2354,2151,2254,2370,2239,2088
2413: 1701,2040,2392,2410,1671,2266,853,1677,2488,2464,2268,2463,2462,2373,2465,1700,2364,2334,2454,2411,2363,915,2263,2409,2394,2262,2217,2361,2362
2414: 2357,2158,2352,2355,2157,2379,2402,2431,2466,2461,2376,2417,2485,2433,2375,2152,2406,2320,2415,2356,2400,2432,2419,2416,2310,2378,2178,2314,2313,2055,2321,2341,2420,2156,2319,2308,2221,2322
2415: 2406,2320,2356,2400,2432,2402,2431,2466,2179,2461,2376,2417,2485,2306,2301,2307,2305,2403,2357,2158,2352,2414,2355,2157,2379,2178,2314,2315,2313,2055,2321,2420,2319
2416: 2419,2310,2378,2461,2376,2417,2433,2375,2152,2427,2512,2465,2364,2357,2158,2352,2414,2355,2157,2379,2265,915,2263,2409,2365,2321,2420,2309,2308,2016,2322,2218
2417: 2461,2376,2485,2456,2434,2222,2487,2429,2480,2402,2431,2466,2179,2433,2375,2152,2406,2320,2415,2356,2400,2432,2357,2158,2352,2414,2355,2157,2379,2419,2416,2310,2378
2418: 2287,2343,2436,900,2360,2503,2421,1936,1967,2212,2366
2419: 2416,2310,2378,2461,2376,2417,2433,2375,2152,2357,2158,2352,2414,2355,2157,2379,2265,915,2365,2321,2341,2420,2156,2319,2309,2308,2016,2221,2322,2330,2218,2331
2420: 2321,2341,2156,2319,2320,2415,2356,2400,2357,2158,2352,2414,2355,2157,2379,2419,2416,2310,2378,2178,2314,2313,2055,2309,2308,2016,2221,2322,2318,1961,2155,2353,2235,2226,2238,2225,2154
2422: 2474,2328,2428,2332,2395,2391,2066,2335,2271,2354,2151
2423: 2242,2425,2472,2438,2291,2296,2451,2388,2478,490,2046,2424,2192,2382,2344,2408,2381,2277,2340,2437,2405,2328,2428,2435,2195
2424: 2046,2438,2291,2451,2388,2478,2386,2293,2324,2241,2242,2425,2423,2472,2245,2044,2382,2344,2408,2381,2277,2340,2437,2405
2425: 2242,2423,2472,2438,2291,2296,2451,2388,2478,490,2046,2424,2192,2382,2344,2408,2381,2277,2340,2437,2405,2328,2428,2435,2195
2426: 2207,2211,2213,1997,2208,2359,2212,2366,2210,1976,2031
2427: 2433,2375,2152,2512,2429,2480,2477,2377,2476,2475,853,1677,2376,2465,1700,2364,2157,2379,2416,2378,915,2263
2428: 2328,2435,2195,2425,2423,2472,2192,540,2340,2437,2405,2332,2391,2422,2474
2429: 2487,2480,2477,2456,2434,2222,2377,2476,2475,2402,2431,2466,2179,2461,2376,2417,2485,2433,2375,2152,2427,2512
2430: 2484,2456,2434,2222,2303,2483,2482,2481,2460,2471,2401,2458,2402,2431,2466,2179,1989,2459,2479,2306,2301,2307,2305,2403,2406,2432
2431: 2402,2466,2179,2484,2456,2434,2222,2487,2429,2480,2430,2461,2376,2417,2485,2306,2301,2307,2305,2403,2406,2320,2415,2356,2400,2432,2357,2158,2352,2414,2355,2157,2379
2432: 2406,2320,2415,2356,2400,2430,2402,2431,2466,2179,2417,2306,2301,2307,2305,2403,2158,2352,2414,2355,2389,2302,2304,2178,2314,2315,2313,2055,2321,2319
2433: 2375,2152,2427,2512,2487,2429,2480,2477,2377,2476,2475,853,2461,2376,2417,2485,2465,2364,2357,2352,2414,2355,2157,2379,2419,2416,2310,2378,915
2434: 2456,2222,2484,2487,2429,2430,2402,2431,2466,2179,2461,2417,2485
2435: 2328,2428,2195,2242,2425,2423,2472,2192,540,2277,2340,2437,2405,2002,2193,2191,2332,2395,2391,2066
2436: 2287,2418,2343,2360,2503,2421,1936,1967,2212,2366
2438: 2292,2291,2411,2363,2294,2439,2452,2450,2497,2513,2217,2361,2296,2451,2388,2478,2386,2293,2046,2424,2242,2425,2423
2471: 2303,2483,2482,2481,2460,2401,2458,2484,2430,1989,2399,2298,2459,2479,2306,2301,2307,2305
2441: 2507,2492,2505,2268,2463,2462,2373,2457,2454,2411,2294,2439,2452
2443: 2444,2168,2491,2303,2482,2481,2460,2458,2209,2446,2448,2447,1989,2399,2298,2459,2479,2421,2348,2233,2445,2383,2166,2385
2444: 2168,2443,2491,588,2303,2483,2482,2481,2460,2458,2209,2446,2448,2447,1989,2399,2298,2459,2479,2445
2445: 2348,2233,2209,2446,2448,2447,2444,2168,2443,2491,1989,2399,2298,2459,2479,2421,2383,2166,2385,1997,2384
2446: 2209,2448,2447,2444,2168,2443,2491,2360,2503,2421,2348,2233,2445
2447: 2209,2446,2448,588,2444,2168,2443,2491,2360,2503,2421,2348,2233,2445
2448: 2209,2446,2447,2444,2168,2443,2491,2360,2503,2421,2348,2233,2445
2449: 2286,2174,2455,2350,918,1773
2450: 2452,2497,2513,2492,2457,2294,2438,2291,2296,2451,2388,2478,490
2451: 2296,2388,2478,2294,2452,2450,2497,2513,2438,2292,2291,490,2424,2242,2425,2423,2472,2192
2452: 2450,2497,2513,2441,2507,2492,2457,2294,2439,2438,2292,2291,2296,2451,2388,2478,490
2454: 2334,2411,2363,2488,2464,2268,2463,2462,2373,2441,2507,2505,2040,2392,2410,1671,2266,2413,2439,2394,2262,2217,2361,2362,2292
2455: 2174,2396,2350,2286,2449
2456: 2434,2222,2484,2487,2429,2480,2477,2430,2402,2431,2466,2179,2461,2376,2417,2485
2457: 2441,2507,2492,2505,2294,2439,2452,2450,2497,2513
2458: 2303,2483,2482,2481,2460,2471,2401,2484,588,2430,2444,2168,2443,2491,1989,2399,2298,2459,2479,2306,2301,2307,2305,2403
2459: 1989,2399,2298,2479,2303,2483,2482,2481,2460,2471,2401,2458,2430,2444,2168,2443,2306,2301,2307,2305,2403,2445,2385,2302
2460: 2303,2483,2482,2481,2471,2401,2458,2484,588,2430,2444,2168,2443,2491,1989,2399,2298,2459,2479,2306,2301,2307,2305,2403
2461: 2376,2417,2485,2456,2434,2222,2487,2429,2480,2402,2431,2466,2179,2433,2375,2152,2512,2406,2320,2415,2356,2400,2357,2158,2352,2414,2355,2157,2379,2419,2416,2310,2378
2462: 2268,2463,2373,2488,2464,2441,2507,2492,2505,2410,1671,2266,2413,2334,2454,2411,2363
2463: 2268,2462,2373,2488,2464,2441,2507,2492,2505,2410,2266,2413,2334,2454,2411,2363,2294,2439
2464: 2488,853,1677,2268,2463,2462,2465,1700,2364,2040,2392,2410,1671,2266,2413,2334,2454
2465: 1700,2364,2377,2476,2475,853,1677,2488,2464,2433,2375,2152,2427,2512,2040,2392,2410,1671,2266,2413,2416,2378,2265,915,2263,2409,2333,2394,2262
2467: 2514,2123,2468,1689,1817,1790,2285,2495,2469,2511,2398,2490
2468: 2514,2467,2123,1689,1817,1790,2285,2495,2469,2511,2398,2490
2472: 2242,2425,2423,2296,2451,2388,2478,490,2424,2192,2382,2277,2340,2437,2405,2328,2428,2435,2195
2473: 2369,2069,2257,2336,2070
2474: 2422,2428,2332,2395,2391,2066,2335,2271,2354,2151
2475: 2377,2476,2487,2429,2480,2477,853,1677,2376,2485,2433,2375,2152,2427,2512,2465,2364
2476: 2377,2475,2487,2429,2480,2477,853,1677,2376,2485,2433,2375,2152,2427,2512,2465,1700,2364
2479: 1989,2399,2298,2459,588,2303,2483,2482,2481,2460,2471,2401,2458,2430,2444,2168,2443,2491,2306,2301,2307,2305,2348,2233,2445,2383,2385,2302
2480: 2487,2429,2477,2456,2222,2377,2476,2475,2402,2431,2466,2461,2376,2417,2485,2433,2375,2152,2427,2512
2481: 2303,2483,2482,2460,2471,2401,2458,588,2430,2444,2168,2443,2491,1989,2399,2298,2459,2479,2306,2301,2305
2482: 2303,2483,2481,2460,2471,2401,2458,588,2430,2444,2168,2443,2491,1989,2399,2298,2459,2479,2306,2301,2307,2305
2483: 2303,2482,2481,2460,2471,2401,2458,2484,588,2430,2444,2168,2491,1989,2399,2298,2459,2479,2306,2301,2305
2484: 2456,2434,2222,2483,2460,2471,2401,2458,2430,2402,2431,2466,2179
2486: 2504,1951,1926,1874,2509,1872,1933,2516,2489,1830,1882,1884,1879,1914,1907
2487: 2429,2480,2477,2456,2434,2222,2377,2476,2475,2402,2431,2466,2179,2461,2376,2417,2485,2433,2152
2489: 1830,1882,1884,2509,1839,2486,2504,1835,1838,2510,1879,1938,1914,2508,2502,1907,2494,1871
2490: 2398,2514,2467,2123,2468,2285,2495,2469,2511,1323,1454
2491: 2444,2168,2443,588,2303,2483,2482,2481,2460,2458,2209,2446,2448,2447,2399,2298,2479,2445
2492: 2441,2507,2505,2268,2463,2462,2373,2457,2411,2294,2439,2452,2450,2497,2513
2493: 1951,1926,1946,2517,1899,1874,1933,2516
2494: 1842,1871,2489,1830,1882,1884,1835,1838,2510,2502,1907
2495: 2285,1689,1790,2514,2467,2123,2468,2469,2511,2398,2490
2496: 1934,927,1879,1938,2508,2502,1907,1915,1820,1858
2497: 2452,2450,2513,2507,2492,2457,2294,2439,2438,2292,2291,2296,2451,2388,2478,490
2498: 2148,2224,2499,822,410,1530,1445
2499: 2148,2224,2498,822,410,1530,1445
2500: 1895,2014,560,2506
2501: 1933,2516,2504,1879,1938,1914,2508
2502: 1907,2504,2489,1838,1879,1938,1914,2508,2494,1842,1934,927,2496,1915
2503: 2360,2421,2209,2446,2448,2447,2348,2233,2287,2418,2343,2436
2504: 2486,1951,1933,2516,2489,1884,2501,1879,1938,1914,2508,2502,1907
2505: 2441,2507,2492,2268,2463,2462,2373,2457,2334,2454,2411,2363,2294,2439
2506: 560,1895,2014,2500
2507: 2441,2492,2505,2268,2463,2462,2373,2457,2454,2411,2294,2439,2452,2497
2508: 1879,1938,1914,1933,2504,2489,2501,2502,1907,1934,927,2496,1915
2509: 1874,1770,1951,1926,1872,2516,2486,2489,1830,1882,1884
2510: 1835,1838,1839,2489,1830,1882,1884,1907,2494,1842,1871
2511: 2469,2514,2467,2123,2468,2285,2495,2398,2490
2512: 2433,2375,2152,2427,2429,2480,2477,2377,2476,2475,853,1677,2461,2376,2465,1700,2364,2157,2379,2416,2378,915
2513: 2452,2450,2497,2492,2457,2294,2439,2438,2292,2291,2296,2451,2388,2478,490
2514: 2467,2123,2468,1689,1817,1790,2285,2495,2469,2511,2398,2490
2515: 1939,2021,2518
2516: 1933,1946,2517,1899,1951,1926,2493,1874,2509,2486,2504,2501,1914
2517: 1946,1899,1951,1926,2493,2516
2518: 2021,1939,2515