1267: 1251,1219,1265,1250,1252,1249,74,83,1223,1244,1225,1248,1246,8,1266,78,1247,86,103,1261,1262,1260,1240,1256,1254,1258,1257,1220,1263,31,1253,1245,37,1224,2,1241,1206,1242,1243,1230,1221,1233,72,1234,1231,1235,1236,1255
1: 106,476,88,21,1209,1211,1210,1229,1228,62,447,199,416,15,449,433,48,1203,232
2: 37,1224,338,86,103,1251,1219,1265,1250,1252,1249,1267,74,413,91,1241,1206,1242,1243,1230,1221,487,68,7,41,51,1205,49
3: 135,168,191,465,26,82,64,1204,61,262,267,6,83,219,338,86,103
4: 163,219,338,386,229,413,91,111,115,358,365,244,487,68
5: 204,1208,1229,1228,62,30,35,1202,1227,480,199,1203,232
6: 83,465,26,82,64,1204,61,56,185,135,168,3,1223,1225,8,338,86,103,74
7: 41,413,91,37,1224,2,1241,1206,1242,1243,1230,1221,487,68,51,1205,49,47,96,28,85,1218,55,10
8: 1223,1244,1225,1248,1246,1266,82,64,1204,61,56,185,66,9,33,6,83,78,1247,86,103,1251,1219,1265,1250,1252,1249,1267,74,1261,1262,1260,1240,1256,1254,1258,1257,1220,1263,31,1253,1245
9: 66,33,384,46,12,98,173,145,216,56,185,67,183,1244,1248,8,78,42,57,95
10: 7,41,51,1205,49,63,1237,1239,89,85,1218,55,16,73,1226,1214,58,129,1216,164,18,59,45,84,60,70
11: 1213,1217,32,1215,40,1212,97,54,264,47,96,28,85,1218,55,75,104,318,73,1226,58,129,1216,419,361,311,124
12: 46,98,463,116,93,484,193,384,173,145,216,56,185,66,9,33,67,183
13: 23,67,183,65,39,90,42,57,95,43,22,1222,92,1259,379,20,182,53
14: 25,38,140,1233,72,1234,1231,1235,1236,1255,99,1238,1232,69,76,63,1237,1239,89,19,17,16,106,476,88,21,1209,1211
15: 416,84,60,70,447,1,24,50,225,449,433,220
16: 51,1205,49,63,1237,1239,89,25,38,140,14,10,106,476,88,164,18,59,45,84,60,70,447
17: 19,99,1238,1232,69,76,251,126,25,38,140,14,134,106,476,88,21,1209,1211,1210,1229,1228,62
18: 164,59,45,85,1218,55,10,16,73,1226,1214,58,129,1216,84,60,70,311,27,124,355,24,50,225
19: 17,99,1238,1232,69,76,251,126,25,38,140,14,134,106,476,88,21,1209,1211,1210,1229,1228,62
20: 379,90,42,57,95,23,13,43,22,1222,92,1259,182,53,99,1238,1232,69,76,251,126
21: 1209,1211,38,140,14,19,17,134,106,476,88,1210,1229,1228,62,447,1,199
22: 1222,92,1259,78,1247,90,42,57,95,23,13,1261,1262,1260,1240,1256,1254,1258,1257,1220,1263,31,1253,1245,379,20,1233,72,1234,1231,1235,1236,1255,99,1238,1232,69,76
23: 13,67,183,65,39,90,42,57,95,43,22,1222,92,1259,379,20,182,53
24: 50,225,164,18,59,45,84,60,70,447,355,416,15,290,441,220
25: 38,140,14,1233,72,1234,1231,1235,1236,99,1238,1232,69,76,63,1237,1239,89,19,17,16,106,476,88
26: 465,296,369,234,317,44,191,82,64,1204,61,262,267,135,168,3,6,83
27: 311,124,54,73,1226,1214,58,129,164,18,59,45,361,355,290,441
28: 47,96,358,365,244,487,68,7,264,85,1218,55,75,104,318,1213,1217,32,1215,40,1212,97,11,54,73,1226,58,129,1216
29: 199,204,1203,232,125
30: 35,1202,1227,134,381,1207,352,1264,209,1210,1229,1228,62,480,199,5,204,1208
31: 1261,1262,1260,1240,1256,1254,1258,1257,1220,1263,1253,1245,1246,8,1266,78,1247,42,57,95,1251,1219,1265,1250,1252,1249,1267,74,22,1222,92,1259,1241,1206,1242,1243,1230,1221,1233,72,1234,1231,1235,1236,1255,99,1238,1232
32: 1213,1217,1215,40,1212,97,11,54,264,47,96,28,85,1218,55,75,104,318,73,1226,58,129,1216,419,361,311,124
33: 66,9,384,46,12,98,173,145,216,56,185,67,183,1223,1244,1225,1248,1246,8,1266,78,1247,90,42,57,95
34: 347
35: 30,1202,1227,134,381,1207,352,1264,209,1210,1229,1228,62,480,199,5,204,1208
36: 52,87,488,288,39,43,130
37: 1224,2,338,86,103,1251,1219,1265,1250,1252,1249,1267,74,413,91,1241,1206,1242,1243,1230,1221,487,68,7,41,51,1205,49
38: 25,140,14,1233,72,1234,1231,1235,1236,1255,99,1238,1232,69,76,63,1237,1239,89,19,17,16,106,476,88,21,1209,1211
39: 301,87,488,288,65,52,36,23,13,43,130
40: 1213,1217,32,1215,1212,97,11,54,264,47,96,28,85,1218,55,75,104,318,73,1226,1214,58,129,1216,419,361,311,124
41: 7,413,91,37,1224,2,1206,1243,1230,487,68,51,1205,49,47,96,85,1218,55,10
42: 90,57,95,66,9,33,67,183,65,78,1247,23,13,1261,1262,1260,1240,1256,1254,1258,1257,1220,1263,31,1253,1245,22,1222,92,1259,379,20
43: 65,39,52,36,23,13,130,379,20,182,53,339,245,284
44: 234,317,179,463,116,296,369,384,465,26,82,64,1204,61,56,185
45: 164,18,59,85,1218,55,10,16,73,1226,1214,58,129,1216,84,60,70,311,27,124,355,24,50,225
46: 12,98,463,116,93,484,193,384,173,145,216,56,185,66,9,33,67,183
47: 96,28,358,365,244,487,68,7,41,264,85,1218,55,75,104,318,1213,1217,32,1215,40,1212,97,11,54,73,1226,1214,58,129,1216
48: 1203,232,1,199,204,1208,449,433
49: 51,1205,37,1224,2,1241,1206,1242,1243,1230,1221,1233,72,1234,1231,1235,1236,1255,7,41,63,1237,1239,89,85,1218,55,10,16
50: 24,225,164,18,59,45,84,60,70,447,355,416,15,290,441,220
51: 1205,49,37,1224,2,1241,1206,1242,1243,1230,1221,1233,72,1234,1231,1235,1236,1255,7,41,63,1237,1239,89,85,1218,55,10,16
52: 36,488,288,39,43,130
53: 182,23,13,43,130,379,20,339,245,284,69,76,251,126,250
54: 1213,1217,32,1215,40,1212,97,11,264,47,28,85,1218,55,75,104,318,73,1226,1214,58,129,1216,419,361,311,27,124
55: 85,1218,487,68,7,41,51,1205,49,47,96,28,10,1213,1217,32,1215,40,1212,97,11,54,73,1226,1214,58,129,1216,164,18,59,45
56: 185,234,317,44,384,46,12,98,82,64,1204,61,66,9,33,6,83,1223,1244,1225,1248,1246,8,1266,78,1247
57: 90,42,95,66,9,33,67,183,65,78,1247,23,13,1261,1262,1260,1240,1256,1254,1258,1257,1220,1263,31,1253,1245,22,1222,92,1259,379,20
58: 73,1226,1214,129,1216,47,28,85,1218,55,10,1213,1217,32,1215,40,1212,97,11,54,164,18,59,45,361,311,27,124,355
59: 164,18,45,85,1218,55,10,16,73,1226,1214,58,129,84,60,70,311,27,124,355,24,50,225
60: 84,70,10,16,106,476,88,164,18,59,45,447,355,24,50,225,416,15
61: 82,64,1204,296,369,234,317,44,384,465,26,56,185,135,168,3,6,83,1223,1244,1225,1248,1246,8
62: 1210,1229,1228,19,17,134,381,1207,21,1209,1211,30,35,1202,1227,1,199,5,204,1208
63: 1237,1239,89,1241,1206,1242,1243,1230,1221,1233,72,1234,1231,1235,1236,1255,99,1238,1232,51,1205,49,25,38,140,14,10,16,106,476,88
64: 82,1204,61,296,369,234,317,44,384,465,26,56,185,135,168,3,6,83,1223,1244,1225,1248,1246,8
65: 173,145,216,301,87,488,288,67,183,39,90,42,57,95,23,13,43
66: 9,33,384,46,12,98,173,145,216,56,185,67,183,1223,1244,1225,1248,1246,8,1266,78,1247,90,42,57,95
67: 183,46,12,98,173,145,216,301,66,9,33,65,78,1247,90,42,57,95,23,13
68: 487,4,413,91,37,1224,2,358,365,244,7,41,264,47,96,28,85,1218,55
69: 76,22,1222,92,1259,379,20,182,53,99,1238,1232,251,126,25,38,140,14,19,17,134
70: 84,60,10,16,106,476,88,164,18,59,45,447,355,24,50,225,416,15
71: 255,352,1264,209,480
72: 1233,1234,1231,1235,1236,1255,1251,1219,1265,1250,1252,1249,1267,74,1261,1262,1260,1240,1256,1254,1258,1257,1220,1263,31,1253,1245,22,1222,92,1259,1241,1206,1242,1243,1230,1221,99,1238,1232,51,1205,49,63,1237,1239,89,25,38,140,14
73: 1226,1214,58,129,1216,47,96,28,85,1218,55,10,1213,1217,32,1215,40,1212,97,11,54,164,18,59,45,361,311,27,124,355
74: 1251,1219,1265,1250,1252,1249,1267,6,83,1223,1244,1225,1248,1246,8,1266,78,1247,86,103,1261,1262,1260,1240,1256,1254,1258,1257,1220,1263,31,1253,1245,37,1224,2,1241,1206,1242,1243,1230,1221,1233,72,1234,1231,1235,1236,1255
75: 104,318,446,264,47,96,28,1213,1217,32,1215,40,1212,97,11,54,419,361
76: 69,22,1222,92,1259,379,20,182,53,99,1238,1232,251,126,25,38,140,14,19,17,134
77: 151,296,369
78: 1247,56,185,66,9,33,67,183,1223,1244,1225,1248,1246,8,1266,90,42,57,95,1251,1219,1265,1250,1252,1249,1267,74,1261,1262,1260,1240,1256,1254,1258,1257,1220,1263,31,1253,1245,22,1222,92,1259
79: 163,94,386,229
80: 179,463,116,484
81: 290,441,220,457
82: 64,1204,61,296,369,234,317,44,384,465,26,56,185,135,168,3,6,83,8
83: 6,465,26,82,64,1204,61,56,185,135,168,3,1223,1244,1225,1248,1246,8,1266,338,86,103,1251,1219,1265,1250,1252,1249,1267,74
84: 60,70,10,16,106,476,88,164,18,59,45,447,355,24,50,225,416,15
85: 1218,55,487,68,7,41,51,1205,49,47,96,28,10,1213,1217,32,1215,40,1212,97,11,54,73,1226,1214,58,129,1216,164,18,59,45
86: 103,135,168,3,6,83,1223,1244,1225,1248,1246,8,1266,338,1251,1219,1265,1250,1252,1249,1267,74,413,91,37,1224,2,1241,1206,1242,1243,1230,1221
87: 488,288,308,301,65,39,36
88: 106,476,63,1237,1239,89,25,38,140,14,19,17,16,21,1209,1211,84,60,70,447,1
89: 63,1237,1239,1241,1206,1242,1243,1230,1221,1233,72,1234,1231,1235,1236,1255,99,1238,1232,51,1205,49,25,38,140,14,10,16,106,476,88
90: 42,57,95,66,33,67,183,65,78,1247,23,13,1261,1240,1257,1245,22,1222,92,1259,379,20
91: 413,219,338,86,103,4,37,1224,2,358,365,244,487,68,7,41
92: 22,1222,1259,78,1247,90,42,57,95,23,13,1261,1262,1260,1240,1256,1254,1258,1257,1220,1263,31,1253,1245,379,20,1233,72,1234,1231,1235,1236,1255,99,1238,1232,69,76
93: 484,463,116,193,384,46,12,98,173,145,216
94: 79,163,386,229,111,115
95: 90,42,57,66,9,33,67,183,65,78,1247,23,13,1261,1262,1260,1240,1256,1254,1258,1257,1220,1263,31,1253,1245,22,1222,92,1259,379,20
96: 47,28,358,365,244,487,68,7,41,264,85,1218,55,75,104,1213,1217,32,1215,40,1212,11,73,1226,129,1216
97: 1213,1217,32,1215,40,1212,11,54,264,47,28,85,1218,55,75,104,318,73,1226,1214,58,129,1216,419,361,311,124
98: 46,12,463,116,93,484,193,384,173,145,216,56,185,66,9,33,67,183
99: 1238,1232,1261,1262,1260,1240,1256,1254,1258,1257,1220,1263,31,1253,1245,22,1222,92,1259,379,20,1233,72,1234,1231,1235,1236,1255,69,76,63,1237,1239,89,25,38,140,14,19,17
100: 112,213,421,133,187,459
101: 294,306,247,246
102: 393,305,302,477,285,131,324,175,236
103: 86,135,168,3,6,83,1223,1244,1225,1248,1246,8,1266,338,1251,1219,1265,1250,1252,1249,1267,74,413,91,37,1224,2,1241,1206,1242,1243,1230,1221
104: 75,318,446,264,47,96,28,1213,1217,32,1215,40,1212,97,11,54,419,361
105: 263,420,425,119,166,189,143,306
106: 476,88,63,1237,1239,89,25,38,140,14,19,17,16,21,1209,1211,84,60,70,447,1
107: 436
108: 362,256,387,227,326,349,202
109: 421,133,372,210,252,211,137
110: 391,453,455
111: 115,94,386,229,4,358,365,244,446,264
112: 132,367,100
113: 299,258,147,189,443,454,276
114: 157,315,272,478
115: 111,94,386,229,4,358,365,244,446,264
116: 463,80,179,93,484,234,317,44,384,46,12,98
117: 444,241,412,298,292
118: 196,181,254
119: 166,249,299,425,189,263,105
120: 396,190,353,438,431,354,269
121: 261,238,268,458,218,331,422
122: 324,175,477,293,316
123: 247,184,281,439,461
124: 311,27,1213,1217,32,1215,40,1212,97,11,54,73,1226,1214,58,129,1216,164,18,59,45,361,355,290,441
125: 1203,232,29,482
126: 251,379,20,182,53,339,245,284,69,76,250,19,17,134,381,1207
127: 155,380,432,455,239,471,489
128: 428,327
129: 73,1226,1214,58,1216,47,96,28,85,1218,55,10,1213,1217,32,1215,40,1212,97,11,54,164,18,59,45,361,311,27,124,355
130: 39,52,36,43,182,53,339,245,284
131: 285,393,305,302,102,236,375
132: 367,112,192,389,314
133: 421,213,309,100,372,210,109
134: 69,76,251,126,250,19,17,381,1207,21,1209,1211,1210,1229,1228,62,30,35,1202,1227
135: 168,3,191,465,26,82,64,1204,61,262,267,6,83,219,338,86,103
136: 278,171,429,203,423,200,170,188
137: 495,109,252,160
138: 397,322,282,499,154,366
139: 442,494,200,170,188,445,149,186
140: 25,38,14,1233,72,1234,1231,1235,1236,1255,99,1238,1232,69,76,63,1237,1239,89,19,17,16,106,476,88,21,1209,1211
141: 313,444,240,440,468,156,253
142: 425,143,420
143: 142,425,166,263,420,105
144: 406,235,332,328,475,270,473
145: 173,216,93,484,193,308,46,12,98,301,66,9,33,67,183,65
146: 176
147: 258,403,351,350,299,113
148: 281,461,233,374
149: 462,445,200,139,186,277
150: 418,243,321
151: 77,296,369
152: 158
153: 388,467,356
154: 366,138,394,499,376
155: 127,460,380,432,455
156: 493,468,483,141,313,444,265,253
157: 451,248,315,114
158: 152,240,440
159: 370,469,279,426,373
160: 259,252,340,495,137
161: 217,389,314,346,378,223,333
162: 178,411,450,269,260
163: 262,267,79,219,94,386,229,4
164: 18,59,45,85,1218,55,10,16,73,1226,1214,58,129,1216,84,60,70,311,27,124,355,24,50,225
165: 410,303,408,205,363,197
166: 119,249,299,425,189,143,263,420,105,443
167: 348,377,329,474
168: 135,3,191,465,26,82,64,1204,61,262,267,6,83,219,338,86,103
169: 187,459,210,211
170: 200,171,429,442,136,139,188,445
171: 410,303,429,203,423,136,170
172: 464,196,181,435,235,342,332
173: 145,216,93,484,193,308,46,12,98,301,66,9,33,67,183,65
174: 270,307,435,235,406,273,481
175: 122,324,302,477,102,236,316
176: 490,146
177: 291,274,483
178: 411,450,467,356,162
179: 80,463,116,296,369,234,317,44,384
180: 424,226,371,348
181: 254,464,196,118,172,332,475
182: 53,23,13,43,130,379,20,339,245,284,69,76,251,126,250
183: 67,46,12,98,173,145,216,301,66,9,33,65,78,1247,90,42,57,95,23,13
184: 399,230,247,246,123,439
185: 56,234,317,44,384,46,12,98,82,64,1204,61,66,9,33,6,83,1223,1244,1225,1248,1246,8,1266,78,1247
186: 277,139,323,462,445,149
187: 367,100,459,169
188: 136,200,170,139,462,445
189: 299,258,119,166,113,263,105,443,294,306,454,276
190: 120,396,353,438,431,354,269
191: 296,369,427,465,26,262,267,135,168,3
192: 389,314,297,132,367
193: 93,484,308,46,12,98,173,145,216,301
194: 198,331,422,357
195: 266,437,241,412,298,292,214
196: 312,464,118,172,181,254
197: 205,363,165,336,203,423
198: 194,331,422,357
199: 21,1209,1211,1210,1229,1228,62,30,35,1202,1227,1,5,204,1208,449,433,48,1203,232,29
200: 170,442,136,139,188,462,445,149
201: 385,364,360,275,218
202: 334,108,279,426,469
203: 423,197,171,336,278,136
204: 5,1208,1210,1229,1228,62,30,35,1202,1227,480,199,48,1203,232,29
205: 363,410,165,197
206: 402,273,417,304,330
207: 280,239,471,400,238
208: 415
209: 352,1264,250,255,381,1207,71,30,35,1202,1227,480
210: 133,459,109,169,211
211: 210,109,169
212: 240,486
213: 309,100,421,133
214: 412,300,195,266
215: 401,497,253,300,319
216: 173,145,93,484,193,308,46,12,98,301,66,9,33,67,183,65
217: 373,389,430,346,161
218: 275,360,458,121,201,385,364,331
219: 262,267,135,168,3,163,338,386,229,4,413,91
220: 24,50,225,416,15,449,433,81,457
221: 290,441
222: 405,382,310
223: 333,161,224
224: 223
225: 24,50,164,18,59,45,84,60,70,447,355,416,15,290,441,220
226: 424,180,371,348
227: 326,349,256,108,321,287
228: 
229: 386,79,163,219,94,4,111,115,358,365,244
230: 392,399,466,247,246,184
231: 467,356
232: 48,1203,1,199,5,204,1208,449,433,29,125
233: 461,281,148,374,432
234: 317,44,179,463,116,296,369,384,465,26,82,64,1204,61,56,185
235: 342,172,307,435,332,174,270,406,144
236: 375,285,131,102,324,175
237: 337,407
238: 496,489,280,207,268,458,261,121
239: 471,453,455,127,207
240: 486,158,212,440,141
241: 117,298,292,195,266,437
242: 271,718,351
243: 150,448
244: 358,365,386,229,4,413,91,111,115,487,68,446,264,47,96,28
245: 339,284,43,130,182,53,251,126,250,255
246: 247,101,230,184
247: 246,101,230,184,123,281
248: 327,428,157,315,272
249: 351,299,425,119,166
250: 182,53,339,245,284,251,126,255,134,381,1207,352,1264,209
251: 126,379,20,182,53,339,245,284,69,76,250,19,17,134,381,1207
252: 372,109,495,137,160
253: 141,313,444,156,493,300,319,401,497,215
254: 181,464,196,118,332,475
255: 339,245,284,250,381,1207,352,1264,209,71
256: 387,362,108,227,326,349
257: 286,266,437,407,414
258: 147,403,299,189,113
259: 160,495
260: 162,269
261: 121,238,496,268,458,331
262: 267,427,191,465,26,135,168,3,163,219,338
263: 420,105,119,166,189,143,443,294,306
264: 111,115,358,365,244,487,68,446,47,96,28,75,104,318,1213,1217,32,1215,40,1212,97,11,54
265: 468,274,483,156,493
266: 195,437,241,214,257
267: 262,427,191,465,26,135,168,3,163,219,338
268: 238,496,261,121
269: 120,396,190,162,260
270: 174,307,435,235,342,406,144,481
271: 242,718
272: 248,315,114,478
273: 481,174,304,206
274: 483,177,468,265
275: 218,201,385,364,331,325,357
276: 454,189,113,443,294,306
277: 186,323,398,312,445,149,464
278: 136,203,423
279: 426,334,202,159,370,469
280: 207,471,400,238,360,458
281: 247,123,148,461,233
282: 322,283,397,138
283: 322,282
284: 339,245,43,130,182,53,251,126,250,255
285: 131,393,305,102,236,375
286: 257,407,383,414
287: 321,227,326,349,320,498
288: 87,488,308,301,65,39,52,36
289: 394,499,424,376
290: 441,311,27,124,355,24,50,225,221,81
291: 377,470,177
292: 412,298,117,241,195,437
293: 122,324,316
294: 443,306,189,263,454,276,101
295: 341,499
296: 369,77,151,179,234,317,44,191,465,26,82,64,1204,61
297: 192,389
298: 412,292,117,241,300,319,195
299: 403,351,249,258,147,119,166,189,113
300: 319,253,412,298,401,497,215,214
301: 193,308,173,145,216,87,488,288,67,183,65,39
302: 485,393,305,477,131,102,175
303: 410,165,171,429
304: 273,481,206,402,330
305: 393,302,285,131,102
306: 443,294,189,263,420,105,454,276,101
307: 435,235,342,174,270
308: 193,173,145,216,301,87,488,288
309: 213,421,133,372
310: 405,222
311: 27,124,1213,1217,32,1215,40,1212,97,11,54,73,1226,1214,58,129,1216,164,18,59,45,361,355,290,441
312: 323,398,277,464,196
313: 141,444,440,468,156,493,253
314: 192,389,132,367,161
315: 157,248,327,114,272,478
316: 122,324,175,293
317: 234,44,179,463,116,296,369,384,465,26,82,64,1204,61,56,185
318: 75,104,446,264,47,28,1213,1217,32,1215,40,1212,97,11,54,419,361
319: 300,253,412,298,401,497,215
320: 287,498
321: 150,418,227,326,349,287
322: 283,282,397,138
323: 398,312,494,186,277
324: 122,175,477,102,236,293,316
325: 275,331,357
326: 227,349,256,387,108,321,287
327: 248,428,128,315,350
328: 475,332,406,144,473,382
329: 474,167
330: 304,206,345,341
331: 261,121,275,218,422,325,357,198,194
332: 172,181,254,235,342,328,475,144
333: 223,161,378
334: 202,362,279,426,469
335: 415,451
336: 197,492,203,423
337: 407,237,340
338: 262,267,135,168,3,6,83,219,86,103,4,413,91,37,1224,2
339: 245,284,43,130,182,53,251,126,250,255
340: 337,160
341: 330,345,295
342: 235,172,307,435,332,270
343: 
344: 
345: 330,341
346: 373,217,389,430,161,378
347: 
348: 226,180,371,167,491
349: 227,326,256,387,108,321,287
350: 327,403,147
351: 403,242,249,299,147
352: 1264,209,250,255,381,1207,71,30,35,1202,1227,480
353: 438,120,396,190
354: 431,438,120,396,190
355: 73,1226,1214,58,129,1216,164,18,59,45,84,60,70,311,27,124,24,50,225,290,441
356: 153,231,467,178,411,450
357: 275,331,422,325,198,194
358: 365,244,386,229,4,413,91,111,115,487,68,446,264,47,96,28
359: 452,409
360: 400,280,458,201,385,364,218
361: 75,104,318,1213,1217,32,1215,40,1212,97,11,54,73,1226,1214,58,129,1216,419,311,27,124
362: 108,256,387,334
363: 205,410,165,197
364: 201,385,360,458,275,218
365: 358,244,386,229,4,413,91,111,115,487,68,446,264,47,96,28
366: 154,138,394,499,376
367: 132,112,192,314,187
368: 472
369: 296,77,151,179,234,317,44,191,465,26,82,64,1204,61
370: 159,469,279,426,373
371: 226,180,348,491
372: 309,404,421,133,109,252
373: 426,159,370,217,430,346
374: 148,233
375: 236,285,131
376: 394,499,154,366,289,490
377: 491,167,291,470
378: 430,346,161,333
379: 20,90,42,57,95,23,13,43,22,1222,92,1259,182,53,99,1238,1232,69,76,251,126
380: 460,432,455,155,127
381: 1207,251,126,250,255,134,352,1264,209,1210,1229,1228,62,30,35,1202,1227,480
382: 473,328,475,405,222
383: 414,407,286
384: 179,463,116,93,484,234,317,44,46,12,98,82,64,1204,61,56,185,66,9,33
385: 201,364,360,275,218
386: 229,79,163,219,94,4,111,115,358,365,244
387: 256,362,108,326,349
388: 153
389: 192,314,297,217,132,346,161
390: 1022
391: 439,110,460
392: 399,466,230
393: 305,302,285,131,102
394: 499,154,366,289,376
395: 148
396: 120,190,353,438,354,269
397: 138,322,282
398: 323,312,277,464
399: 466,392,230,184
400: 471,280,207,360
401: 497,215,253,300,319
402: 206,481,417,304
403: 351,350,299,258,147
404: 372
405: 222,382,310
406: 144,235,328,174,270,473,481,417
407: 337,237,257,286,383,414
408: 165
409: 452,359
410: 303,165,205,363,171,429
411: 178,450,467,356,162
412: 298,292,117,300,319,195,214
413: 91,219,338,86,103,4,37,1224,2,358,365,244,487,68,7,41
414: 383,407,257,286
415: 208,335,451
416: 15,84,60,70,447,1,24,50,225,449,433,220
417: 406,481,304,206,402
418: 150,321
419: 75,104,318,1213,1217,32,1215,40,1212,97,11,54,361
420: 263,105,142,166,143,306
421: 133,213,309,100,372,109
422: 121,331,357,198,194
423: 203,197,171,336,278,136
424: 289,226,180
425: 142,249,119,166,143,105
426: 279,334,202,159,370,469,373
427: 191,262,267
428: 128,248,327
429: 410,303,171,442,136,170
430: 373,217,346,378
431: 354,438,120,190
432: 460,380,233,155,127
433: 449,447,1,199,416,15,48,1203,232,220
434: 1108,778,1062,775
435: 307,172,235,342,174,270
436: 489,107
437: 195,266,241,292,257
438: 353,431,354,120,396,190
439: 391,184,123,460
440: 158,240,486,468,141,313
441: 290,311,27,124,355,24,50,225,221,81
442: 429,494,200,170,139
443: 294,306,166,189,113,263,454,276
444: 141,313,156,117,253
445: 462,149,200,170,139,188,186,277
446: 111,115,358,365,244,264,75,104,318
447: 16,106,476,88,21,1209,1211,84,60,70,1,24,50,225,416,15,449,433
448: 243,1139
449: 433,447,1,199,416,15,48,1203,232,220
450: 178,411,356,162
451: 335,415,157
452: 409,359
453: 110,455,239
454: 276,189,113,443,294,306
455: 110,380,453,155,127,239,471
456: 
457: 220,81
458: 280,238,496,360,261,121,364,218
459: 100,187,210,169
460: 380,432,439,391,461,155
461: 233,123,281,148,460
462: 445,149,200,188,186
463: 116,80,179,93,484,234,317,44,384,46,12,98
464: 398,312,277,196,172,181,254
465: 26,296,369,234,317,44,191,82,64,1204,61,262,267,135,168,3,6,83
466: 399,392,230
467: 231,153,356,178,411
468: 440,274,483,141,313,156,493,265
469: 159,370,334,202,279,426
470: 377,474,291
471: 239,455,127,400,280,207
472: 368
473: 382,328,475,406,144
474: 329,167,470
475: 328,181,254,332,144,473,382
476: 106,88,63,1237,1239,89,25,38,140,14,19,17,16,21,1209,1211,84,60,70,447,1
477: 485,302,102,122,324,175
478: 315,114,272
479: 
480: 381,1207,352,1264,209,71,30,35,1202,1227,5,204,1208
481: 273,174,270,406,417,304,402
482: 125
483: 274,177,468,156,493,265
484: 93,80,463,116,193,384,46,12,98,173,145,216
485: 302,477
486: 240,212,440
487: 68,4,413,91,37,1224,2,358,365,244,7,41,264,47,96,28,85,1218,55
488: 87,288,308,301,65,39,52,36
489: 127,436,238,496
490: 176,376
491: 377,371,348
492: 336
493: 156,468,483,313,265,253
494: 442,139,323
495: 137,252,259,160
496: 238,489,268,458,261
497: 401,215,253,300,319
498: 320,287
499: 394,295,138,154,366,289,376
500: 1125,1044,955,1035,622
501: 
502: 853,1112,669,840,833,842,1030,915
503: 851,1191,1069,1183
504: 755,1023,575,827,1188,703,1163,616
505: 793,973,908,820
506: 840,539,1112,591,510,738,1030
507: 712,577,525
508: 1159,818,551
509: 806,1133,962,537,1176,1016
510: 738,840,506,591,1030
511: 573,578,734,622,984,535
512: 863,1070
513: 1125,1044,1052
514: 541,566,923
515: 669,626,1094,810,853,1112,842
516: 630,939,540
517: 958,886,980,1085
518: 764,779,656,1098
519: 963,1011,1095,749
520: 686
521: 1029,942,687
522: 792,858,799,989,888
523: 571,815,593,954,695
524: 911,904,1010,1052,879,1050
525: 507,577
526: 612
527: 1113,905,615,928,602,976
528: 678,548,529,1117,762,768,926,545,1101,584
529: 1117,762,768,528,548
530: 606,1196,1192,802,546
531: 938
532: 989,880,600,1082
533: 951,674
534: 1030,1118,845,1025,817
535: 622,511,733,935
536: 761,646
537: 1176,1016,509,806,828,962,636
538: 1021,1073
539: 1024,766,555,737,506,832,1054,978,591
540: 630,939,516,583,565,763
541: 566,514,923
542: 632,1173,1027,594,563,725
543: 995
544: 843,701,732,838,807
545: 1101,584,768,614,528,678,548,1177,728
546: 1192,530,606,802,585,1161,800
547: 1127,1120,854,768
548: 528,678,529,1117,762,768,614,545,1101,584
549: 684,771,917,664
550: 1032,672,1193,909,872,929,941,1013,590
551: 818,508,1159
552: 662,1186,837
553: 751,1047,1092
554: 988,1005,891,619,722,719
555: 643,927,539,1024
556: 581,994
557: 570,831,860,1185,916
558: 1137,1114,870,1140,698,559
559: 1140,558,1137,698,942
560: 983,651,1151
561: 
562: 1181,649,1100
563: 725,542,594
564: 1056,1049,1169,777
565: 583,540,697,763
566: 541,916,514,923
567: 1145,621,1100
568: 935,966,1063
569: 785,805
570: 1061,831,557
571: 702,867,815,859,523
572: 877,1164,831,860,590,916
573: 578,588,774,734,511
574: 655,628,675,998,789,932
575: 504,755,1023,971,827,1188,703,1163
576: 767,825,1077,761
577: 507,676,525
578: 573,588,774,734,511,984
579: 881,1008,650,649
580: 898,952
581: 967,1072,556
582: 613,647,1013
583: 565,540,697,763
584: 545,1101,528,678,548,926,692,1177,728,680
585: 873,1111,1192,606,1042,1165,546
586: 907,1076,821,605,757,1019,1034
587: 966
588: 597,813,774,573,578,734
589: 850,729,746,1116,1035,862
590: 550,1032,929,941,877,1164,572,1011
591: 539,840,506,1054,510,738,1099
592: 
593: 523
594: 890,801,542,563,725,1130
595: 629,1130
596: 759,1002,618
597: 1083,996,819,765,813,970,588,774
598: 620,1146,924,1033
599: 1098,779,1053,906
600: 888,792,532,743
601: 714,866,823
602: 527,1113,976,724
603: 726,1121
604: 1196,681,730,1104
605: 757,586,821,1019,1034
606: 530,1196,1192,802,585,546
607: 
608: 681
609: 866,788,925,773
610: 1179,1147,750,748,658,1168,637
611: 784,625,1017
612: 526
613: 582,647,710
614: 768,678,548,886,545,1101
615: 712,527,1113,905
616: 1163,1188,504,755,1133
617: 1122,1195,814
618: 596,1002,829,977,1120
619: 891,676,554,988,722,914
620: 598,1146,994
621: 567,1145,1198,631
622: 500,1044,511,535
623: 1020
624: 1093
625: 1144,611,784
626: 1094,1038,665,927,669,515
627: 694,948,913,1014
628: 655,574,675,998,789
629: 1103,595
630: 939,540,516
631: 1198,621,848,1128,940
632: 1173,710,647,542,1027
633: 666,922,987,849,1001
634: 952
635: 646,1018
636: 1078,731,828,537,1176,1016
637: 1168,610,658
638: 764
639: 1068
640: 1089,849,1001,808,971,708,742,652,1188
641: 885,876,1150,897
642: 985,1041,1015
643: 555,927,1024
644: 949
645: 818
646: 761,536,635,1018
647: 582,613,710,632,1173
648: 846,795,1028
649: 650,579,562,1100,957,1174,1055
650: 649,579,881,957,1174,1055
651: 983,1096,560
652: 1188,1001,808,971,640,1089,755,1023
653: 854,894,883,1120,1127
654: 1189,900,1077
655: 574,628,675,998,789
656: 1009,518
657: 953,664,1004,721
658: 610,1179,1168,637
659: 830
660: 1180,934
661: 758
662: 552,837
663: 696,679
664: 549,657,953
665: 1124,1046,626,1094
666: 922,816,633,849,1001
667: 834,961,704,899,1088
668: 1185,797
669: 515,626,810,840,853,1112,502,842
670: 788,925
671: 1194,1106,798
672: 934,1193,872,550,1032
673: 897,748,1179
674: 1020,533,951
675: 655,574,628,998,789
676: 812,577,988,891,619
677: 689
678: 528,548,1117,762,768,614,926,545,1101,584,692
679: 663,920
680: 584,692,1177,728
681: 608,730,1196,604
682: 721
683: 1071,739,699,1109,946,1152
684: 771,902,549,917
685: 735
686: 520
687: 521,942,979
688: 1065
689: 677
690: 914,1064,918
691: 820,709
692: 678,926,1101,584,1090,728,680
693: 735
694: 627,948,913,1014
695: 859,523,954,875
696: 903,663,1162,1072
697: 763,1091,583,565,758
698: 870,558,1137,1029,559
699: 739,839,1110,772,683,946
700: 794,972
701: 843,1135,791,544,732
702: 571,867,956,938,1053,815
703: 827,504,1023,575,1163
704: 844,834,961,667
705: 754,1152,865
706: 766,737,832,978
707: 1026,1049
708: 742,1147,750,987,849,1001,640,1089
709: 691,822
710: 1067,613,647,632,1173
711: 769,869,987
712: 615,507
713: 969
714: 967,1072,601,866,823
715: 800,933
716: 1149,803
717: 981,780,945,1132
718: 242,271
719: 722,554,1136
720: 1148,1066
721: 1004,657,953,682
722: 719,554,988,891,619,1136
723: 1063,781
724: 602,976,1060
725: 563,542,594
726: 603,538
727: 939
728: 1177,545,1101,584,692,680
729: 589,847,746,1116
730: 681,911,904,604
731: 828,1066,1176,1078,636
732: 843,701,791,544,826
733: 781,535,935,1063
734: 588,774,573,578,1136,511,984
735: 693,685
736: 912
737: 766,706,539,1024,832,1054,978
738: 510,840,506,591,1030,1099
739: 699,741,1110,772,1109,683,1071,946
740: 1059
741: 992,921,839,1110,772,739
742: 708,1147,750,987,849,640,1089
743: 600,1157,947
744: 
745: 887,850,819,1083
746: 1116,729,589,955,1035,862,1125
747: 1181
748: 897,610,1179,673
749: 519,963,1011,1095,1080
750: 708,742,1147,1089,610
751: 553,1184,1047,1092
752: 1064,1175
753: 1194,783
754: 705,865
755: 504,1023,575,971,652,1188,1163,616
756: 930,1021,1067
757: 605,586,821,1019,1034
758: 1091,697,763,661
759: 596,1002
760: 
761: 576,1077,536,646
762: 529,1117,768,528,678,548
763: 697,540,583,565,758
764: 638,518
765: 813,970,996,1083,597,895
766: 706,737,539,1024
767: 576,825
768: 614,547,529,1117,762,528,678,548,545
769: 711,817,869,987
770: 775
771: 684,902,549,917
772: 741,992,1110,739,699,1109
773: 609
774: 597,813,970,588,573,578,734,1136
775: 434,770
776: 887
777: 1026,1049,564,1056
778: 1062,838,807,919,434,1138,858
779: 518,1053,1098,599
780: 717,981,975,1132
781: 733,723,1063
782: 1074
783: 753,1194
784: 611,625,1017
785: 569,805
786: 
787: 1012
788: 925,866,994,609,670
789: 998,655,574,628,675,932,1135,900
790: 1181
791: 1135,1189,843,701,732
792: 522,858,799,989,880,892,600,888
793: 505,973,820
794: 700,972
795: 846,833,842,648
796: 1096
797: 668
798: 1106,671,1185
799: 1138,858,522,792,989,892
800: 715,546,933
801: 890,1170,594
802: 530,606,546
803: 1149,716,982
804: 1199,993,1102,991
805: 785,569,974
806: 509,1133,962,537,1176
807: 838,544,919,778
808: 971,922,1001,640,1089,652,1188,1023
809: 1017
810: 669,515,846,853,1112,842
811: 816
812: 1105,1123,895,1005,676
813: 765,970,996,1083,597,895,588,774
814: 1195,1004,617,1041
815: 938,1053,571,702,867,859,523
816: 811,666,922
817: 534,1118,845,1025,1150,769
818: 551,508,1159
819: 745,887,1083,597
820: 691,505,793,889
821: 1076,1156,586,605,757
822: 709,1131,910
823: 866,714,601,925
824: 
825: 932,998,576,767,900
826: 732,1068
827: 882,504,1023,575,703
828: 731,537,1176,1078,636
829: 977,618,1012,1120
830: 659
831: 860,570,877,1164,572,557,916
832: 1054,978,706,737,539,937,1099
833: 842,853,502,795,915
834: 961,667,704,844,899,1088
835: 1033,990,1038,927
836: 1016
837: 1186,662,552,921
838: 807,544,919,778,1062
839: 1110,1197,1166,741,699
840: 506,669,853,1112,502,591,510,738,1030
841: 
842: 833,669,515,810,846,853,1112,502,795,915
843: 701,791,544,732
844: 704,834,961
845: 1118,1030,915,534,817
846: 810,842,795,648
847: 729,1158,1116,1178
848: 631,1128,940
849: 633,666,922,987,1001,708,742,640
850: 745,589
851: 503,1069,1183
852: 965,1003
853: 1112,502,669,515,810,840,833,842,915
854: 894,653,1120,1127,547,958
855: 991,1102,1165,1039,1114
856: 1134,944
857: 1191,1069,1183
858: 778,1062,1138,799,522,792
859: 571,815,1051,954,695
860: 831,572,557,916
861: 1057
862: 955,1035,589,746,1116,1125
863: 512,1160
864: 1158,1178
865: 705,754
866: 823,714,601,788,925,609
867: 571,702,956,938,1053,815
868: 1058
869: 1118,711,769,987
870: 1161,1114,558,1137,698
871: 1087,1119,975,1123
872: 672,1193,550,1032,1013
873: 1111,1104,1196,1192,1042,585
874: 1178,904,1010,1052,879
875: 695
876: 1150,885,641
877: 1164,572,909,929,941,831,590
878: 
879: 1010,1052,874,904,524
880: 989,892,792,1045,532,1082
881: 579,1008,650
882: 1139,827
883: 1115,653
884: 1155,1037
885: 876,1150,641
886: 958,614,517,980,1006,1036,1085
887: 745,776,819,1083
888: 600,522,792
889: 820
890: 1170,801,594
891: 619,676,554,988,722,914
892: 989,880,799,792,1045
893: 1157
894: 854,653,1120,1127,958
895: 996,1105,812,765,813,970,1005
896: 1027,1095,1080
897: 641,748,673
898: 580
899: 834,961,667,1190,1088
900: 1189,998,789,932,825,1135,654
901: 1050
902: 1090,684,771
903: 696
904: 911,874,730,1010,1052,879,524
905: 527,1113,1075,615,928
906: 1053,1098,599
907: 986,1076,586
908: 973,505
909: 550,941,877,1164
910: 822,1131
911: 904,730,1010,524
912: 736,924,1058
913: 627,694,948
914: 690,891,619,1064,918
915: 853,502,833,842,1030,845
916: 572,831,860,557,566
917: 684,771,549,1004
918: 690,914
919: 838,807,778,1062,1138
920: 1153,1141,679
921: 1186,837,741,992
922: 666,816,633,849,1001,808
923: 963,514,541,566,1043
924: 912,598,1146,1058
925: 788,866,823,609,670
926: 528,678,584,692,1090
927: 835,1038,626,555,643
928: 1075,527,1113,905,1031,976
929: 941,550,1032,877,1164,590
930: 1121,1021,756
931: 1167
932: 825,574,998,789,1135,1189,900
933: 800,715
934: 672,1180,660,1193
935: 535,733,966,568
936: 
937: 832,1054,1099
938: 956,531,702,867,815
939: 630,727,540,516
940: 1128,631,848
941: 929,1193,909,550,1032,877,1164,590
942: 559,521,687,979
943: 1031,976,982
944: 1144,856
945: 717,1167,1075
946: 739,699,1122,683,1071,1152
947: 1157,743
948: 627,694,913
949: 644
950: 1061,1106
951: 533,674
952: 1015,580,634
953: 657,664,1004,721
954: 859,523,695
955: 1035,862,746,500,1125,1044
956: 938,1053,702,867
957: 650,649,1174,1172
958: 854,894,1127,517,886
959: 1171
960: 
961: 834,667,704,844,899,1190,1088
962: 509,806,537,1176,1016
963: 1011,519,749,923
964: 
965: 852,1003,1115
966: 587,935,568
967: 1162,581,1072,714
968: 1022
969: 1160,999,713
970: 765,813,996,1105,1083,597,895,774
971: 808,1001,640,652,1188,755,1023,575
972: 794,700
973: 908,505,793
974: 805
975: 780,1132,871
976: 527,928,1031,943,602,724,1182
977: 829,618,1012
978: 832,1054,706,737,539,1024,1099
979: 942,687
980: 517,886,1006,1036,1085
981: 717,780,1132
982: 943,803,1182
983: 651,1096,560
984: 578,734,1136,511
985: 1041,642
986: 1143,907,1076,1156
987: 869,633,711,769,849,708,742,1147
988: 554,1005,676,891,619,722
989: 880,892,799,522,792,532
990: 1033,835
991: 855,804,1102,1042,1165
992: 741,1197,921,772
993: 804,1199,1102
994: 556,788,620
995: 543
996: 1047,1092,1105,1083,597,765,813,970,895
997: 1045,1171
998: 789,655,574,628,675,932,825,1135,1189,900
999: 1160,969
1000: 1014
1001: 633,666,922,849,808,971,708,640,1089,652
1002: 759,596,618
1003: 852,965
1004: 917,657,953,814,721
1005: 1105,812,895,554,988
1006: 1036,1085,886,980
1007: 
1008: 579,881
1009: 656
1010: 1052,879,874,911,904,524
1011: 963,590,519,749
1012: 829,977,787
1013: 872,550,1032,582
1014: 1000,627,694,1066
1015: 642,952
1016: 537,1176,509,962,636,836
1017: 611,784,809
1018: 646,635
1019: 1034,586,605,757
1020: 674,623
1021: 538,930,1073,756,1067
1022: 968,390
1023: 504,755,575,808,971,827,652,1188,703,1163
1024: 539,766,555,643,737,978
1025: 534,817
1026: 1049,707,777
1027: 632,542,1095,896
1028: 648
1029: 698,521
1030: 840,506,1112,502,510,738,915,534,845
1031: 943,928,976
1032: 550,672,1193,872,929,941,1013,590
1033: 598,990,835
1034: 1019,586,605,757
1035: 955,862,589,746,1116,500,1125
1036: 1006,1085,886,980,1197
1037: 1129,1155,884
1038: 835,927,626,1094
1039: 855,1114
1040: 1060,1086
1041: 985,814,642
1042: 1165,873,1111,1192,1102,585,991
1043: 923
1044: 500,1125,955,513,622
1045: 880,892,997,1082,1171
1046: 1124,665,1094
1047: 553,1092,996,1105
1048: 
1049: 1026,707,564,777
1050: 524,901
1051: 1084,859
1052: 1010,879,874,513,904,524
1053: 779,956,1098,599,702,867,815,906
1054: 832,978,737,539,591,937,1099
1055: 650,649,1100,1174,1145
1056: 564,1169,777
1057: 1107,861
1058: 912,924,868
1059: 740
1060: 1040,724
1061: 950,570
1062: 778,838,919,434,1138,858
1063: 723,733,781,568
1064: 752,690,914
1065: 688
1066: 1014,731,720,1148,1078
1067: 1021,1073,756,710
1068: 826,639
1069: 1191,503,851,1183,857
1070: 512
1071: 683,739,1109,946,1152
1072: 696,967,1162,581,714
1073: 538,1021,1067
1074: 782
1075: 945,1167,1113,905,928
1076: 1156,986,907,586,821
1077: 576,1189,761,654
1078: 636,731,828,1066,1176
1079: 
1080: 1095,749,896
1081: 
1082: 880,1045,532,1171
1083: 597,745,887,996,819,765,813,970
1084: 1051
1085: 1006,1036,517,886,980
1086: 1175,1040
1087: 1119,871,1184,1123
1088: 1190,834,961,667,1191,899
1089: 640,1001,808,708,742,1147,750,652
1090: 926,692,902
1091: 697,758
1092: 553,1047,996,1105
1093: 624
1094: 626,1038,665,1046,515
1095: 519,1027,749,896,1080
1096: 796,983,651
1097: 1195
1098: 599,779,518,1053,906
1099: 832,1054,978,591,738,937
1100: 562,649,1055,567,1145
1101: 545,584,614,528,678,548,692,1177,728
1102: 804,1199,1042,1165,991,855
1103: 629
1104: 1196,604,873,1111,1192
1105: 1047,1092,996,812,970,895,1005
1106: 950,671,798
1107: 1057
1108: 434
1109: 772,739,683,1071
1110: 839,1166,741,772,739,699
1111: 873,1104,1192,1042,585
1112: 853,502,669,515,810,840,506,842,1030
1113: 527,905,1075,615,928,602
1114: 855,1161,1039,870,558,1137
1115: 965,883
1116: 746,729,589,847,1035,862,1125
1117: 529,762,768,528,678,548
1118: 845,534,817,869
1119: 1087,871,1184,1123
1120: 618,829,854,894,653,1127,547
1121: 603,930
1122: 617,1195,946
1123: 1087,1119,871,812
1124: 665,1046
1125: 500,1044,746,1116,955,1035,862,513
1126: 
1127: 547,1120,854,894,653,958
1128: 940,1198,631,848
1129: 1037
1130: 594,595
1131: 822,910
1132: 780,717,981,975
1133: 616,509,806
1134: 856
1135: 998,789,932,1189,900,701,791
1136: 774,734,722,719,984
1137: 558,1114,870,1140,698,559
1138: 919,778,1062,858,799
1139: 448,882
1140: 558,1137,559
1141: 1153,920
1142: 
1143: 986
1144: 944,625
1145: 567,621,1100,1055
1146: 598,620,924
1147: 708,742,750,987,1089,610
1148: 720,1066
1149: 803,716
1150: 876,817,885,641
1151: 560
1152: 683,1071,946,705
1153: 1141,920
1154: 
1155: 884,1037
1156: 1076,986,821
1157: 893,743,947
1158: 847,864,1178
1159: 508,818,551
1160: 863,999,969
1161: 546,1114,870
1162: 967,696,1072
1163: 616,1188,504,755,1023,575,703
1164: 877,572,909,929,941,831,590
1165: 1042,1102,585,991,855
1166: 1177,1197,839,1110
1167: 931,945,1075
1168: 637,610,1179,658
1169: 564,1056
1170: 890,801
1171: 1045,997,1082,959
1172: 957,1174
1173: 632,710,647,542
1174: 650,649,957,1055,1172
1175: 752,1086
1176: 537,1016,509,806,731,828,962,1078,636
1177: 728,545,1101,584,680,1197,1166
1178: 1158,847,864,874
1179: 610,748,673,658,1168
1180: 660,934
1181: 747,790,562
1182: 976,982
1183: 503,851,1191,1069,857
1184: 1087,1119,871
1185: 557,798,668
1186: 837,552,921
1187: 
1188: 652,808,971,640,504,755,1023,575,1163,616
1189: 900,998,932,1135,1077,791,654
1190: 1088,961,1191,899
1191: 1069,503,1183,1190,1088,857
1192: 1104,1196,873,1111,530,606,1042,585,546
1193: 934,672,872,550,1032,941
1194: 753,783,671
1195: 1097,617,1122,814
1196: 604,681,1104,873,1192,530,606
1197: 1036,1177,1166,992,839
1198: 631,621,1128
1199: 804,993,1102
1202: 30,35,1227,134,381,1207,352,1264,209,1229,1228,62,480,199,5,204,1208
1203: 48,232,1,199,5,204,1208,449,433,29,125
1204: 82,64,61,296,369,234,317,44,384,465,26,56,185,135,168,3,6,83,1223,1225,1248,8
1205: 51,49,37,1224,2,1241,1206,1242,1243,1230,1221,1233,72,1234,1231,1235,1236,1255,7,41,63,1237,1239,89,85,1218,55,10,16
1206: 1241,1242,1243,1230,1221,86,103,1251,1219,1265,1250,1252,1249,1267,74,1261,1262,1260,1240,1256,1254,1258,1257,1220,1263,31,1253,1245,37,1224,2,1233,72,1234,1231,1235,1236,1255,7,41,51,1205,49,63,1237,1239,89
1207: 381,251,126,250,255,134,352,1264,209,62,30,35,1202,1227,480
1208: 5,204,1210,1229,1228,62,30,35,1202,1227,480,199,48,1203,232
1209: 21,1211,38,140,14,19,17,134,106,476,88,1210,1229,1228,62,447,1,199
1210: 1229,1228,62,19,17,134,381,21,1209,1211,30,35,1227,1,199,204,1208
1211: 21,1209,38,140,14,19,17,134,106,476,88,1210,1229,1228,62,447,1,199
1212: 1213,1217,32,1215,40,97,11,54,264,47,96,28,85,1218,55,75,104,318,73,1226,1214,58,129,1216,419,361,311,124
1213: 1217,32,1215,40,1212,97,11,54,264,47,96,28,85,1218,55,75,104,318,73,1226,1214,58,129,1216,419,361,311,124
1214: 73,1226,58,129,1216,47,85,1218,55,10,1213,1217,1215,40,1212,97,54,164,18,59,45,361,311,27,124,355
1215: 1213,1217,32,40,1212,97,11,54,264,47,96,28,85,1218,55,75,104,318,73,1226,1214,58,129,1216,419,361,311,124
1216: 73,1226,1214,58,129,47,96,28,85,1218,55,10,1213,1217,32,1215,40,1212,97,11,54,164,18,45,361,311,124,355
1217: 1213,32,1215,40,1212,97,11,54,264,47,96,28,85,1218,55,75,104,318,73,1226,1214,58,129,1216,419,361,311,124
1218: 85,55,487,68,7,41,51,1205,49,47,96,28,10,1213,1217,32,1215,40,1212,97,11,54,73,1226,1214,58,129,1216,164,18,59,45
1219: 1251,1265,1250,1252,1249,1267,74,83,1223,1244,1225,1248,1246,8,1266,78,1247,86,103,1261,1262,1260,1240,1256,1254,1258,1257,1220,1263,31,1253,1245,37,1224,2,1241,1206,1242,1243,1230,1221,1233,72,1234,1231,1235,1236,1255
1220: 1261,1262,1260,1240,1256,1254,1258,1257,1263,31,1253,1245,1223,1244,1225,1248,1246,8,1266,78,1247,42,57,95,1251,1219,1265,1250,1252,1249,1267,74,22,1222,92,1259,1241,1206,1242,1243,1230,1221,1233,72,1234,1231,1235,1255,99,1232
1221: 1241,1206,1242,1243,1230,86,103,1251,1219,1265,1250,1252,1249,1267,74,1261,1262,1260,1256,1254,1258,1220,1263,31,1253,37,1224,2,1233,72,1234,1231,1235,1236,1255,7,51,1205,49,63,1237,89
1222: 22,92,1259,78,1247,90,42,57,95,23,13,1261,1262,1260,1240,1256,1254,1258,1257,1220,1263,31,1253,1245,379,20,1233,72,1234,1231,1235,1236,1255,99,1238,1232,69,76
1223: 1244,1225,1248,1246,8,1266,64,1204,61,56,185,66,33,6,83,78,1247,86,103,1251,1219,1265,1250,1252,1249,1267,74,1261,1262,1260,1240,1256,1254,1220,1263,1253,1245
1224: 37,2,338,86,103,1251,1219,1265,1250,1252,1249,1267,74,413,91,1241,1206,1242,1243,1230,1221,487,68,7,41,51,1205,49
1225: 1223,1244,1248,1246,8,1266,64,1204,61,56,185,66,33,6,83,78,1247,86,103,1251,1219,1265,1250,1252,1249,1267,74,1261,1262,1260,1240,1256,1254,1220,1263,1253,1245
1226: 73,1214,58,129,1216,47,96,28,85,1218,55,10,1213,1217,32,1215,40,1212,97,11,54,164,18,59,45,361,311,27,124,355
1227: 30,35,1202,134,381,1207,352,1264,209,1210,1229,1228,62,480,199,5,204,1208
1228: 1210,1229,62,19,17,134,381,21,1209,1211,30,35,1202,1227,1,199,5,204,1208
1229: 1210,1228,62,19,17,134,381,21,1209,1211,30,35,1202,1227,1,199,5,204,1208
1230: 1241,1206,1242,1243,1221,86,103,1251,1219,1265,1250,1252,1249,1267,74,1261,1262,1260,1240,1256,1254,1258,1257,1220,1263,31,1253,1245,37,1224,2,1233,72,1234,1231,1235,1236,1255,7,41,51,1205,49,63,1237,1239,89
1231: 1233,72,1234,1235,1236,1255,1251,1219,1265,1250,1252,1249,1267,74,1261,1262,1260,1240,1256,1254,1258,1257,1220,1263,31,1253,1245,22,1222,92,1259,1241,1206,1242,1243,1230,1221,99,1238,1232,51,1205,49,63,1237,1239,89,25,38,140,14
1232: 99,1238,1261,1262,1260,1240,1256,1254,1258,1257,1220,1263,31,1253,1245,22,1222,92,1259,379,20,1233,72,1234,1231,1235,1236,1255,69,76,63,1237,1239,89,25,38,140,14,19,17
1233: 72,1234,1231,1235,1236,1255,1251,1219,1265,1250,1252,1249,1267,74,1261,1262,1260,1240,1256,1254,1258,1257,1220,1263,31,1253,1245,22,1222,92,1259,1241,1206,1242,1243,1230,1221,99,1238,1232,51,1205,49,63,1237,1239,89,25,38,140,14
1234: 1233,72,1231,1235,1236,1255,1251,1219,1265,1250,1252,1249,1267,74,1261,1262,1260,1240,1256,1254,1258,1257,1220,1263,31,1253,1245,22,1222,92,1259,1241,1206,1242,1243,1230,1221,99,1238,1232,51,1205,49,63,1237,1239,89,25,38,140,14
1235: 1233,72,1234,1231,1236,1255,1251,1219,1265,1250,1252,1249,1267,74,1261,1262,1260,1240,1256,1254,1258,1257,1220,1263,31,1253,1245,22,1222,92,1259,1241,1206,1242,1243,1230,1221,99,1238,1232,51,1205,49,63,1237,1239,89,25,38,140,14
1236: 1233,72,1234,1231,1235,1255,1251,1219,1250,1252,1249,1267,74,1261,1262,1260,1256,1254,1258,1257,31,1253,1245,22,1222,92,1259,1241,1206,1242,1243,1230,1221,99,1238,1232,51,1205,49,63,1237,1239,89,25,38,140,14
1237: 63,1239,89,1241,1206,1242,1243,1230,1221,1233,72,1234,1231,1235,1236,1255,99,1238,1232,51,1205,49,25,38,140,14,10,16,106,476,88
1238: 99,1232,1261,1262,1260,1240,1256,1254,1258,1257,31,1253,1245,22,1222,92,1259,379,20,1233,72,1234,1231,1235,1236,1255,69,76,63,1237,1239,89,25,38,140,14,19,17
1239: 63,1237,89,1241,1206,1242,1243,1230,1233,72,1234,1231,1235,1236,1255,99,1238,1232,51,1205,49,25,38,140,14,10,16,106,476,88
1240: 1261,1262,1260,1256,1254,1258,1257,1220,1263,31,1253,1245,1223,1244,1225,1248,1246,8,1266,78,1247,90,42,57,95,1251,1219,1265,1250,1252,1249,1267,74,22,1222,92,1259,1206,1242,1230,1233,72,1234,1231,1235,1255,99,1238,1232
1241: 1206,1242,1243,1230,1221,86,103,1251,1219,1265,1250,1252,1249,1267,74,1261,1262,1260,1256,1254,1258,1257,1220,1263,31,1253,1245,37,1224,2,1233,72,1234,1231,1235,1236,1255,7,51,1205,49,63,1237,1239,89
1242: 1241,1206,1243,1230,1221,86,103,1251,1219,1265,1250,1252,1249,1267,74,1261,1262,1260,1240,1256,1254,1258,1257,1220,1263,31,1253,1245,37,1224,2,1233,72,1234,1231,1235,1236,1255,7,51,1205,49,63,1237,1239,89
1243: 1241,1206,1242,1230,1221,86,103,1251,1219,1265,1250,1252,1249,1267,74,1261,1262,1260,1256,1254,1258,1257,1220,1263,31,1253,1245,37,1224,2,1233,72,1234,1231,1235,1236,1255,7,41,51,1205,49,63,1237,1239,89
1244: 1223,1225,1248,1246,8,1266,64,61,56,185,66,9,33,83,78,1247,86,103,1251,1219,1265,1250,1249,1267,74,1261,1260,1240,1256,1254,1220,1263,1253,1245
1245: 1261,1262,1260,1240,1256,1254,1258,1257,1220,1263,31,1253,1223,1244,1225,1248,1246,8,1266,78,1247,90,42,57,95,1251,1219,1265,1250,1252,1249,1267,74,22,1222,92,1259,1241,1206,1242,1243,1230,1233,72,1234,1231,1235,1236,1255,99,1238,1232
1246: 1223,1244,1225,1248,8,1266,64,61,56,185,66,33,83,78,1247,86,103,1251,1219,1265,1250,1252,1249,1267,74,1261,1262,1260,1240,1256,1254,1258,1257,1220,1263,31,1253,1245
1247: 78,56,185,66,33,67,183,1223,1244,1225,1248,1246,8,1266,90,42,57,95,1251,1219,1265,1250,1252,1249,1267,74,1261,1262,1260,1240,1256,1254,1258,1257,1220,1263,31,1253,1245,22,1222,92,1259
1248: 1223,1244,1225,1246,8,1266,64,1204,61,56,185,66,9,33,83,78,1247,86,103,1251,1219,1265,1250,1249,1267,74,1261,1240,1254,1220,1263,1253,1245
1249: 1251,1219,1265,1250,1252,1267,74,83,1223,1244,1225,1248,1246,8,1266,78,1247,86,103,1261,1262,1260,1240,1256,1254,1258,1257,1220,1263,31,1253,1245,37,1224,2,1241,1206,1242,1243,1230,1221,1233,72,1234,1231,1235,1236,1255
1250: 1251,1219,1265,1252,1249,1267,74,83,1223,1244,1225,1248,1246,8,1266,78,1247,86,103,1261,1262,1260,1240,1256,1254,1258,1257,1220,1263,31,1253,1245,37,1224,2,1241,1206,1242,1243,1230,1221,1233,72,1234,1231,1235,1236,1255
1251: 1219,1265,1250,1252,1249,1267,74,83,1223,1244,1225,1248,1246,8,1266,78,1247,86,103,1261,1262,1260,1240,1256,1254,1258,1257,1220,1263,31,1253,1245,37,1224,2,1241,1206,1242,1243,1230,1221,1233,72,1234,1231,1235,1236,1255
1252: 1251,1219,1265,1250,1249,1267,74,83,1223,1225,1246,8,1266,78,1247,86,103,1261,1262,1260,1240,1256,1254,1258,1257,1220,1263,31,1253,1245,37,1224,2,1241,1206,1242,1243,1230,1221,1233,72,1234,1231,1235,1236,1255
1253: 1261,1262,1260,1240,1256,1254,1258,1257,1220,1263,31,1245,1223,1244,1225,1248,1246,8,1266,78,1247,42,57,95,1251,1219,1265,1250,1252,1249,1267,74,22,1222,92,1259,1241,1206,1242,1243,1230,1221,1233,72,1234,1231,1235,1236,1255,99,1238,1232
1254: 1261,1262,1260,1240,1256,1258,1257,1220,1263,31,1253,1245,1223,1244,1225,1248,1246,8,1266,78,1247,42,57,95,1251,1219,1265,1250,1252,1249,1267,74,22,1222,92,1259,1241,1206,1242,1243,1230,1221,1233,72,1234,1231,1235,1236,1255,99,1238,1232
1255: 1233,72,1234,1231,1235,1236,1251,1219,1265,1250,1252,1249,1267,74,1261,1262,1260,1240,1256,1254,1258,1257,1220,1263,31,1253,1245,22,1222,92,1259,1241,1206,1242,1243,1230,1221,99,1238,1232,51,1205,49,63,1237,1239,89,38,140,14
1256: 1261,1262,1260,1240,1254,1258,1257,1220,1263,31,1253,1245,1223,1244,1225,1246,8,1266,78,1247,42,57,95,1251,1219,1265,1250,1252,1249,1267,74,22,1222,92,1259,1241,1206,1242,1243,1230,1221,1233,72,1234,1231,1235,1236,1255,99,1238,1232
1257: 1261,1262,1260,1240,1256,1254,1258,1220,1263,31,1253,1245,1246,8,1266,78,1247,90,42,57,95,1251,1219,1265,1250,1252,1249,1267,74,22,1222,92,1259,1241,1206,1242,1243,1230,1233,72,1234,1231,1235,1236,1255,99,1238,1232
1258: 1261,1262,1260,1240,1256,1254,1257,1220,1263,31,1253,1245,1246,8,1266,78,1247,42,57,95,1251,1219,1265,1250,1252,1249,1267,74,22,1222,92,1259,1241,1206,1242,1243,1230,1221,1233,72,1234,1231,1235,1236,1255,99,1238,1232
1259: 22,1222,92,78,1247,90,42,57,95,23,13,1261,1262,1260,1240,1256,1254,1258,1257,1220,1263,31,1253,1245,379,20,1233,72,1234,1231,1235,1236,1255,99,1238,1232,69,76
1260: 1261,1262,1240,1256,1254,1258,1257,1220,1263,31,1253,1245,1223,1244,1225,1246,8,1266,78,1247,42,57,95,1251,1219,1265,1250,1252,1249,1267,74,22,1222,92,1259,1241,1206,1242,1243,1230,1221,1233,72,1234,1231,1235,1236,1255,99,1238,1232
1261: 1262,1260,1240,1256,1254,1258,1257,1220,1263,31,1253,1245,1223,1244,1225,1248,1246,8,1266,78,1247,90,42,57,95,1251,1219,1265,1250,1252,1249,1267,74,22,1222,92,1259,1241,1206,1242,1243,1230,1221,1233,72,1234,1231,1235,1236,1255,99,1238,1232
1262: 1261,1260,1240,1256,1254,1258,1257,1220,1263,31,1253,1245,1223,1225,1246,8,1266,78,1247,42,57,95,1251,1219,1265,1250,1252,1249,1267,74,22,1222,92,1259,1241,1206,1242,1243,1230,1221,1233,72,1234,1231,1235,1236,1255,99,1238,1232
1263: 1261,1262,1260,1240,1256,1254,1258,1257,1220,31,1253,1245,1223,1244,1225,1248,1246,8,1266,78,1247,42,57,95,1251,1219,1265,1250,1252,1249,1267,74,22,1222,92,1259,1241,1206,1242,1243,1230,1221,1233,72,1234,1231,1235,1255,99,1232
1264: 352,209,250,255,381,1207,71,30,35,1202,1227,480
1265: 1251,1219,1250,1252,1249,1267,74,83,1223,1244,1225,1248,1246,8,1266,78,1247,86,103,1261,1262,1260,1240,1256,1254,1258,1257,1220,1263,31,1253,1245,37,1224,2,1241,1206,1242,1243,1230,1221,1233,72,1234,1231,1235,1255
1266: 1223,1244,1225,1248,1246,8,56,185,66,33,83,78,1247,86,103,1251,1219,1265,1250,1252,1249,1267,74,1261,1262,1260,1240,1256,1254,1258,1257,1220,1263,31,1253,1245