1221: 1225,1223,1224,1204,64,1248,1244,1268,1279,61,1271,1265,1270,1272,1276,1277,1266,1269
1248: 1244,1268,1279,1246,1225,1221,1223,1271,1265,1270,1272,1276,1277,1266,1247,1220,1263,1278,1240
1261: 1259,1257,31,1256,1258,1260,1251,1274,1262
1213: 1226,1215,73,1212,1217,1216,1218,1214
1229: 1202,1208,1228,1209,1210,1227,5
5: 1229,1202,1208,30,452,1227
1258: 1259,1257,31,1256,1260,1261,1274,1262
1266: 1271,1265,1270,1272,1276,1277,1248,1244,1268,1279,1246,1225,1221,1223,1247,1220,1263,1278,1240,1269
1268: 1248,1244,1279,1246,1225,1221,1223,1224,1271,1265,1270,1272,1276,1277,1266,1220,1263,1278,1240
1227: 1229,1202,1208,30,5
1263: 1247,1220,1278,1240,1248,1244,1268,1279,1246,1271,1265,1270,1272,1276,1277,1266,1269
11: 32,1212,1217
1247: 1220,1263,1278,1240,1248,1244,1246,1276,1277,1266
1265: 1271,1270,1272,1276,1277,1266,1248,1244,1268,1279,1225,1221,1223,1224,1220,1263,1278,1240,1269
73: 1226,1215,1213,1212,1217,1216,1218,1214
15: 
1260: 1259,1257,31,1256,1258,1261,1274,1262
1223: 1225,1221,1224,1204,64,1248,1244,1268,1279,61,1271,1265,1270,1272,1276,1277,1266,1269
1257: 1259,31,1256,1258,1260,1261,1274,1262
1259: 1257,31,1256,1258,1260,1261,1274,1262
1204: 64,61,1225,1221,1223,1224
21: 1228
1244: 1248,1268,1279,1246,1225,1221,1223,1271,1265,1270,1272,1276,1277,1266,1247,1220,1263,1278,1240
1262: 1261,1259,1257,31,1256,1258,1260,1274,209
24: 
93: 
1240: 1247,1220,1263,1278,1248,1244,1268,1279,1246,1271,1265,1270,1272,1276,1277,1266,1269
1210: 1229,1208,1211,1203
1256: 1259,1257,31,1258,1260,1261,1274,1262
1225: 1221,1223,1224,1204,64,1248,1244,1268,1279,61,1271,1265,1270,1272,1276,1277,1266
30: 1229,1202,1208,1227,5
31: 1259,1257,1256,1258,1260,1261,1274,1262
32: 11,1212,1217,1216
1269: 1221,1223,1271,1265,1270,1272,1276,1277,1266,1220,1263,1278,1240,1273,1251
1218: 1214,1212,1217,1216,1226,1215,73,1213
1211: 1210,1203
1276: 1271,1265,1270,1272,1277,1266,1248,1244,1268,1279,1246,1225,1221,1223,1247,1220,1263,1278,1240,1269
1224: 1225,1221,1223,1204,64,1268,1279,61,1271,1265,1270,1272,1277
1202: 1229,1208,1228,1209,30,1227,5
1279: 1248,1244,1268,1246,1225,1221,1223,1224,1271,1265,1270,1272,1276,1277,1266,1220,1263,1278,1240
209: 1251,1274,1262,1249,1254
1216: 1212,1217,32,1218,1214,1226,1215,73,1213
1217: 1212,1216,11,32,1218,1214,1226,1215,73,1213
1241: 1273
1254: 1249,1251,1274,209
1249: 1254,1251,1274,209
1226: 1215,73,1213,1212,1217,1216,1218,1214
1270: 1271,1265,1272,1276,1277,1266,1248,1244,1268,1279,1225,1221,1223,1224,1220,1263,1278,1240,1269
1207: 1228,1209
1214: 1218,1212,1217,1216,1226,1215,73,1213
1215: 1226,73,1213,1212,1217,1216,1218,1214
1220: 1247,1263,1278,1240,1248,1244,1268,1279,1246,1271,1265,1270,1272,1276,1277,1266,1269
452: 5
1228: 1207,21,1209,1229,1202,1208
1251: 1269,1261,1274,1249,1254,209
1274: 1261,1259,1257,31,1256,1258,1260,1251,1262,1249,1254,209
1271: 1265,1270,1272,1276,1277,1266,1248,1244,1268,1279,1246,1225,1221,1223,1224,1220,1263,1278,1240,1269
1278: 1247,1220,1263,1240,1248,1244,1268,1279,1246,1271,1265,1270,1272,1276,1277,1266,1269
1272: 1271,1265,1270,1276,1277,1266,1248,1244,1268,1279,1225,1221,1223,1224,1220,1263,1278,1240,1269
1277: 1271,1265,1270,1272,1276,1266,1248,1244,1268,1279,1246,1225,1221,1223,1224,1247,1220,1263,1278,1240,1269
1246: 1248,1244,1268,1279,1271,1276,1277,1266,1247,1220,1263,1278,1240
61: 1204,64,1225,1221,1223,1224
1273: 1269,1241
1209: 1207,1228,1229,1202,1208
64: 1204,61,1225,1221,1223,1224
1203: 1211,1210
1212: 1217,1216,11,32,1218,1214,1226,1215,73,1213
1208: 1229,1202,1228,1209,30,1210,1227,5