1574: 1584,1587,1443,1590,1519,487,1583,1546,1579
639: 
1068: 1069,1067,237,1063,1065,1083
1141: 911,1100
1543: 1536,1502,1527,1482,1566,1349,1474,1514
566: 405
949: 1266,1053,965
1581: 1562,456,1548,1513,1418
1347: 1520,1533,1495,1483,1440,1516,1521,1496,1337,1424,1473,1401
1126: 1011,1020,1162,153,1128,1136,1037
977: 
1519: 487,1574,1584,1499,1571,952,1583,1546,1531,1564,1450,1388
1373: 1506,1467,1478,1365,1379,1476,1430,1376,1501,1345,1394,1415,1346,1431,1464,1393,1426,1316,323,1425
1572: 1527,1482,1583,1546,1579,1450,1388,1578,1566,1479,1554
1394: 1345,1415,1346,1431,1454,1323,1373,1467,1317,1393,1426,1316,323,1509,1357
15: 29
754: 69,740
17: 232
1509: 1357,1408,1317,1345,1394,1415,1346,1431,1393,1426,1448,1428
583: 
1566: 1579,1513,1572,1527,1482,1536,1543
1376: 1501,1479,1554,1506,1373,1467,1478,1474,1514,1464,1393,1426,1316,323,1425,1461
900: 940
1520: 1533,1347,1495,1483,1440,1516,1521,1496,1337,1424,1401
1337: 1521,1496,1424,1520,1533,1347,1495,1498,1537,1401,1459,1525
1383: 1440,1280,1405,1359,1367,1488,1435,1480
643: 
1393: 1464,1426,1316,323,1506,1373,1467,1478,1376,1501,1345,1394,1415,1346,1431,1425,1461,1509,1357,1408,1448,1395
1498: 1537,1558,952,1521,1496,1337,1424,1401,1459,1525,1365,1379
29: 15
562: 
740: 820,754
1174: 1062
822: 1487,1480,1456,1396,1503,1404,1387,1560,1561,1469,985
947: 
563: 
985: 1469,822,1487,1387,1317,1561
37: 
646: 
1556: 1576,1523,1471,994,1475,1575
995: 
875: 976
1532: 1586,482,1582,105,1350,1569,1386,1463
957: 
1540: 1499,1571,952
1367: 1359,1488,1383,1405,1435,1480,1504,1396,1503
961: 
766: 
814: 125,898
968: 
1587: 1443,1590,902,1574,1584,1547,1580,1546,1579
929: 
939: 
905: 
1568: 1342
727: 662
572: 
1584: 1574,1587,1443,1590,1519,487,1583,1546,1579
832: 
1533: 1520,1347,1495,1483,1440,1516,1521,1496,1337,1424,1401
792: 
61: 1409,1472,1410,1460,1429,1452,1399,1406,1515,1539,1400,1489,1398,1433,1470
839: 
1550: 1565,1585,1336,1512,1385,1298,1382,1582,1569
1527: 1572,1482,1583,1546,1579,1450,1388,1578,1566,1479,1554,1543
65: 
1582: 1385,1550,1565,1585,1569,1532,1586
922: 
589: 460
69: 754
1469: 985,822,1487
598: 1295,1290
1202: 
1128: 153,1136,1037,278,1114,1126,1011,1020,1162
587: 
607: 
1571: 1540,1499,952,552,1268,1519,487,1531,1564
569: 
996: 1369
854: 
605: 227,820
916: 580
1172: 278
1559: 1528,1573,1591
591: 
926: 980
1487: 822,1456,1396,1503,1404,1387,1560,1561,1469,985
1265: 
1429: 1460,1452,1399,1436,1472,1410,1406,1489,1398,1409,61,1433
944: 
582: 
1295: 598
948: 
1349: 1482,1536,1502,1543,1474,1514
1064: 1088
588: 940
1253: 1278,478
994: 1471,1524,1523,1556,1576
1552: 457,1588,157
1524: 1370,1348,1402,1589,1523,1471,994
1266: 1151,949
593: 
102: 
872: 
908: 
105: 1570,1445,1544,1530,1350,1532,1586,1386,1463
955: 
1346: 1345,1394,1415,1431,1454,1323,1506,1373,1467,1478,1317,1464,1393,1426,1316,323,1509,1357,1448
906: 
659: 
581: 592,954
1539: 1515,1400,1489,1398,1410,1460,1447,1409,61,1444,1465,1470
932: 
575: 
993: 
1544: 1530,1445,1492,1417,1505,105
851: 137
1395: 1436,1464,1393,1426,1316,323,1425,1461,1448,1472,1452,1399
1350: 1505,105,1485,1532,1586,1386,1463,1378
119: 
1278: 1253,478
1387: 1462,1456,1454,1323,822,1487,985
1316: 1464,1393,1426,323,1506,1373,1467,1478,1376,1501,1394,1415,1346,1431,1425,1461,1448,1395,1436
123: 
1209: 1069,1067,1342
125: 814,898
975: 
911: 1100,1141
898: 125,814
597: 574
979: 
988: 515
963: 
1302: 1129
1465: 1444,1484,1447,1515,1539,1400,1489,1398,1391,1339,1470,1517
951: 
1348: 1341,1507,1477,1402,1370,1524
137: 851
592: 581
1063: 237,1065,1083,1069,1067,1068,1066
1562: 1581,456,1548,1513,1418
1569: 1550,1565,1585,1582,1532,1586,482
986: 1471,1576
143: 
586: 409
903: 
1589: 1402,1370,1524,1471
596: 962
1359: 1367,1488,1280,1383,1405,1435,1480,1504,1396
1451: 233,1396,1503,1404,1560,1434,1542,1526
580: 472,916
894: 
978: 
153: 1128,1136,1037,278,1114,1126,1011,1020,1162
980: 926
1151: 1266
568: 
157: 1588,1552
965: 949,1053,492
1413: 1453,935
902: 1587,1443,1547,1580
1517: 1391,1339,1444,1465,1470,627
1523: 1524,1471,994,307,1556,1576
1430: 1476,1419,1557,1531,1564,1450,1365,1379,1479,1554,1506,1373,1467,1478
1114: 275,278,153,1128,1136,1037
594: 
166: 1015,415,535,311,1005
820: 740,227,605
168: 238,682
700: 1009,1468
1528: 1573,1414,1551,840,1559,1591
171: 
746: 
1547: 1580,902,1587,1443,1590,456,1548,1579,1513
574: 597
940: 588,900
1065: 237,1063,1083,1069,1067,1068,1066
1382: 1298,347,1336,1512,1550,1565,1585
923: 
1062: 1174
1053: 949,965
901: 
1343: 1363,347
183: 
992: 
1290: 598
1336: 1434,347,1512,1298,1382,1550,1565,1585
967: 546
573: 
1406: 1436,1460,1429,1452,1399,61
976: 875
919: 
1415: 1345,1394,1346,1431,1454,1323,1373,1467,1317,1393,1426,1316,323,1509,1357,1448
1208: 1129,1306
590: 
1464: 1393,1426,1316,323,1506,1373,1467,1478,1376,1501,1346,1431,1425,1461,1448,1395,1436
1514: 1474,1479,1554,1349,1543,1376,1501,1425
962: 596
927: 
1578: 1450,1388,487,1583,1546,1531,1564,1572,1527,1482,1419,1557,1479,1554
584: 533
934: 
1531: 1564,1499,1571,952,1519,487,1583,1546,1450,1388,1578,1476,1430,1419,1557,1479,1554
953: 
1197: 
973: 
206: 
982: 
1357: 1509,1408,1317,1345,1394,1415,1346,1431,1393,1426,1448
924: 543
1453: 935,1413
1424: 1521,1496,1337,1520,1533,1347,1495,1498,1537,1558,1401,1459,1525
990: 942
578: 
1341: 1458,1397,1507,1477,1348
1149: 1184,461
1388: 1450,1578,1519,487,1583,1546,1531,1564,1572,1527,1482,1419,1557,1479,1554
1502: 1536,1543,1482,1349,1474
914: 463
1298: 1382,347,1336,1512,1550,1565,1585
1011: 1126,1020,1162,153,1128,1136,1037
866: 294,312
925: 
1521: 1496,1337,1424,1520,1533,1347,1495,1498,1537,1401,1459,1525
1100: 911,1141
1489: 1515,1539,1400,1398,1457,1428,1472,1410,1460,1429,1452,1399,1447,1409,61,1465
941: 
227: 605,820
912: 
950: 
943: 402
706: 
232: 17
233: 1451,1396,1560,1434,1542,1526
1551: 1414,1470,307,1528,1573
703: 
579: 
237: 1063,1065,1083,1069,1067,1068,1066
238: 168,682
920: 504
1379: 1365,1498,1537,1558,1459,1525,1476,1430,1454,1323,1373,1467
599: 
604: 
243: 
1370: 1524,1348,1402,1589,1471
971: 
972: 
1557: 1476,1430,1419,1531,1564,1450,1388,1578,1479,1554,1478
1583: 1546,1574,1584,1443,1519,487,1531,1564,1450,1388,1578,1572,1527
877: 
1129: 1302,1208
1576: 1556,1523,1471,994,986,1475,1575
1345: 1394,1415,1346,1431,1454,1323,1373,1467,1317,1393,1426,1509,1357,1448
1526: 1542,233,1451,1560,1561,1434,1512,1570,1445
1512: 1434,1542,1526,1336,1570,1385,1298,1382,1550,1565,1585
255: 326
942: 990
571: 
844: 
1501: 1376,1479,1554,1506,1373,1467,1478,1474,1514,1464,1393,1426,1316,323,1425,1461
1563: 
928: 
1499: 1540,1571,952,959,552,1268,1519,487,1531,1564
567: 
264: 
909: 
1546: 1583,1574,1584,1587,1443,1519,487,1579,1531,1564,1450,1388,1578,1572,1527
267: 
998: 
853: 
585: 989
887: 
1525: 1459,1521,1496,1337,1424,1498,1537,1558,1401,1365,1379,1462,1454,1323
915: 540
1009: 700,1468
275: 1342,1066,278,1114
959: 480,1326,552,1268,1518,1499,952
913: 
278: 1066,275,1114,1172,153,1128,1136,1037
892: 
1088: 1064
281: 
958: 
1369: 856,933,996
623: 
1365: 1379,1498,1537,1558,1459,1525,1476,1430,1454,1323,1373,1467
1530: 1544,1445,1505,105
682: 238,168
720: 
960: 
984: 
952: 1540,1499,1571,959,1268,1519,487,1498,1537,1558,1531,1564
595: 
1561: 822,1487,1560,985,1542,1526
294: 866
672: 
999: 
1162: 1126,1011,1020,153,1128,1136,1037
298: 
1363: 1343
300: 
956: 
1414: 1551,1470,307,1528,1573
933: 1369
904: 411
1015: 166,415,535,311,1005
1066: 1069,1067,237,1063,1065,1083,275,278
307: 1433,1523,1414,1551,840
991: 
1268: 552,480,1326,959,1499,1571,952,487
1454: 1323,1459,1525,1365,1379,1462,1456,1387,1317,1345,1394,1415,1346,1431
311: 1005,1015,166
312: 382,866
313: 
1385: 1570,1434,1542,1512,1550,1565,1585,1582
1280: 1383,1390,1405,1359
712: 358
989: 585
1069: 1067,1209,1068,237,1063,1065,1083,1066
856: 1369
320: 
576: 
945: 
323: 1464,1393,1426,1316,1506,1373,1467,1478,1376,1501,1394,1415,1346,1431,1425,1461,1448,1395
981: 
946: 
326: 255
327: 577
1161: 
570: 
1037: 153,1128,1136,278,1114,1126,1011,1020,1162
1386: 1463,105,1350,1485,1532,1586,482
918: 
1184: 1149,461
1425: 1461,1506,1373,1467,1478,1376,1501,1474,1514,1464,1393,1426,1316,323,1448,1395,1436
1323: 1454,1459,1525,1365,1379,1462,1456,1387,1317,1345,1394,1415,1346,1431
1020: 1126,1011,1162,153,1128,1136,1037
1243: 
338: 
1378: 1350,1485,1391,1339,1463
840: 307,1475,1575,1528,1573
938: 
966: 
1306: 1208,1390,1491
937: 
634: 627,1416
921: 
347: 1343,1336,1298,1382
1326: 480,959,552,1268
349: 
997: 
806: 
917: 
836: 
1339: 1391,1492,1417,1505,1484,1447,1515,1400,1485,1444,1465,1378,1517
1342: 1209,1568,275
1067: 1069,1209,1068,237,1063,1065,1083,1066
970: 
358: 712
1488: 1359,1367,1383,1435,1480,1504,1396,1503,1404
1452: 1460,1429,1399,1448,1395,1436,1428,1472,1410,1406,1489,1398,1409,61
627: 1517,634
1431: 1345,1394,1415,1346,1454,1323,1506,1373,1467,1478,1317,1464,1393,1426,1316,323,1509,1357,1448
931: 
565: 
365: 
1005: 311,1015,166
1405: 1280,1383,1390,1491,1359,1367,1504
1573: 1528,1414,1551,840,1559,1591
964: 
815: 
1317: 1454,1323,1345,1394,1415,1346,1431,985,1509,1357
954: 581
662: 727
1590: 1587,1443,1574,1584,1547,1580,1579
710: 
1558: 1498,1537,952,1496,1424,1401,1459,1525,1365,1379
1548: 456,1547,1580,1513,1581,1562
564: 
817: 
1586: 1532,482,1582,105,1350,1569,1386,1463
969: 
382: 312
1136: 153,1128,1037,278,1114,1126,1011,1020,1162
1554: 1479,1531,1450,1388,1578,1572,1527,1476,1430,1419,1557,1506,1478,1376,1501,1474,1514
987: 
935: 1453,1413
1542: 1526,233,1451,1560,1561,1434,1512,1570,1385
1083: 237,1063,1065,1069,1067,1068,1066
974: 
907: 
391: 
930: 
577: 451,327
983: 
865: 
396: 
1564: 1531,1499,1571,952,1519,487,1583,1546,1450,1388,1578,1476,1430,1419,1557,1479
910: 
936: 
400: 
401: 
402: 943
403: 
404: 427
405: 566
406: 
407: 422
408: 
409: 586
410: 
411: 516,904
412: 
413: 512
414: 
415: 1015,166
416: 
417: 
418: 
419: 
420: 
421: 
422: 407
423: 
424: 466
425: 
426: 
427: 404
428: 
429: 
430: 491
431: 
432: 
433: 
434: 
435: 
436: 
437: 
438: 
439: 
440: 
441: 
442: 
443: 
444: 
445: 
446: 
447: 
448: 475
449: 
450: 
451: 577
452: 
453: 
454: 
455: 490
456: 1548,1547,1580,1513,1581,1562
457: 1552
458: 
459: 
460: 589
461: 1149,1184
462: 
463: 914
464: 
465: 
466: 424
467: 
468: 
469: 
470: 
471: 
472: 580
473: 
474: 
475: 448
476: 
477: 
478: 1253,1278
479: 
480: 1326,959,552,1268
481: 
482: 1532,1586,1569,1386,1463
483: 
484: 
485: 
486: 
487: 1519,552,1268,1574,1584,1499,1571,952,1583,1546,1531,1564,1450,1388,1578
488: 
489: 
490: 455
491: 430
492: 965
493: 
494: 
495: 
496: 
497: 
498: 
499: 
500: 
501: 
502: 
503: 
504: 920
505: 
506: 
507: 
508: 
509: 
510: 
511: 519
512: 413
513: 
514: 
515: 988
516: 411
517: 
518: 
519: 511
520: 
521: 
522: 529
523: 
524: 
525: 534
526: 
527: 
528: 
529: 522
530: 
531: 
532: 
533: 584
534: 525
535: 1015,166
536: 
537: 
538: 
539: 
540: 915
541: 
542: 
543: 924
544: 
545: 
546: 967
547: 
548: 
549: 
550: 
551: 
552: 1268,480,1326,959,1499,1571,487
553: 
554: 
555: 
556: 
557: 
558: 
559: 
560: 
561: 
1575: 1475,1556,1576,840
1390: 1491,1306,1280,1405
1391: 1339,1417,1485,1444,1465,1378,1517
1396: 1503,1404,1359,1367,1488,1435,1480,822,1487,233,1451,1560
1397: 1458,1341,1474,1507,1477
1398: 1515,1539,1400,1489,1457,1428,1472,1410,1460,1429,1452,1447,1409,61,1444,1465,1470
1399: 1460,1429,1452,1448,1395,1436,1428,1472,1410,1406,1489,61
1400: 1515,1539,1489,1398,1457,1428,1472,1410,1460,1484,1447,61,1339,1444,1465
1401: 1520,1533,1347,1495,1521,1496,1337,1424,1498,1537,1558,1459,1525,1462,1456
1402: 1507,1477,1348,1370,1524,1589
1560: 1396,1503,1404,822,1487,233,1451,1561,1542,1526
1404: 1396,1503,1488,1435,1480,822,1487,1451,1560
1585: 1550,1565,1336,1512,1385,1298,1382,1582,1569
1408: 1509,1357,1393,1448,1457,1428,1472,1410
1409: 61,1410,1460,1429,1452,1515,1539,1489,1398,1433,1470
1410: 1428,1472,1408,1436,1457,1460,1429,1452,1399,1484,1447,1515,1539,1400,1489,1398,1409,61
1516: 1440,1483,1520,1533,1347,1495,1473
1416: 634
1417: 1492,1505,1457,1544,1484,1447,1485,1391,1339
1418: 1513,1581,1562
1419: 1476,1430,1557,1531,1564,1450,1388,1578,1479,1554,1506,1478
1515: 1539,1400,1489,1398,1457,1428,1410,1460,1484,1447,1409,61,1339,1444,1465,1470
1426: 1464,1393,1316,323,1506,1373,1467,1478,1376,1501,1345,1394,1415,1346,1431,1425,1461,1509,1357,1448,1395
1537: 1498,1558,952,1521,1496,1337,1424,1401,1459,1525,1365,1379
1428: 1472,1410,1509,1408,1448,1457,1460,1452,1399,1484,1447,1515,1400,1489,1398
1565: 1550,1585,1336,1512,1570,1385,1298,1382,1582,1569
1433: 1429,1409,61,1470,307
1434: 233,1451,1542,1526,1336,1512,1570,1385
1435: 1480,1383,1473,1359,1367,1488,1396,1503,1404
1436: 1395,1464,1316,1425,1461,1448,1472,1410,1460,1429,1452,1399,1406
1579: 1574,1584,1587,1443,1590,1547,1580,1546,1572,1527,1566
1535: 
1440: 1516,1483,1520,1533,1347,1495,1383,1473
1443: 1587,1590,902,1574,1584,1547,1580,1583,1546,1579
1444: 1465,1447,1515,1539,1400,1398,1391,1339,1470,1517
1445: 1526,1570,1544,1530,105
1447: 1484,1457,1428,1410,1492,1417,1515,1539,1400,1489,1398,1339,1444,1465
1448: 1345,1415,1346,1431,1464,1393,1426,1316,323,1425,1461,1509,1357,1408,1395,1436,1428,1472,1452,1399
1450: 1388,1578,1519,487,1583,1546,1531,1564,1572,1527,1476,1430,1419,1557,1479,1554
1570: 1385,1434,1542,1526,1512,1445,1565,105
1456: 1462,1401,1454,1323,822,1487,1387
1457: 1408,1428,1472,1410,1492,1417,1484,1447,1515,1400,1489,1398
1458: 1397,1341,1507,1477
1459: 1525,1521,1496,1337,1424,1498,1537,1558,1401,1365,1379,1462,1454,1323
1460: 1429,1452,1399,1436,1428,1472,1410,1406,1515,1539,1400,1489,1398,1409,61
1461: 1425,1467,1376,1501,1464,1393,1426,1316,323,1448,1395,1436
1462: 1456,1401,1459,1525,1454,1323,1387
1463: 1386,105,1350,1485,1532,1586,482,1378
1467: 1506,1373,1478,1365,1379,1476,1430,1376,1501,1345,1394,1415,1346,1431,1464,1393,1426,1316,323,1425,1461
1468: 700,1009
1470: 1515,1539,1398,1409,61,1433,1444,1465,1517,1414,1551
1471: 994,1370,1524,1589,1523,986,1556,1576
1472: 1428,1410,1408,1448,1395,1436,1457,1460,1429,1452,1399,1400,1489,1398,61
1473: 1440,1516,1347,1495,1435,1480
1474: 1514,1479,1554,1349,1536,1502,1543,1376,1501,1425,1397
1475: 1575,1556,1576,840
1476: 1430,1419,1557,1531,1564,1450,1365,1379,1479,1554,1506,1373,1467,1478
1477: 1507,1458,1397,1341,1348,1402
1478: 1506,1373,1467,1476,1430,1419,1557,1479,1554,1376,1501,1346,1431,1464,1393,1426,1316,323,1425
1479: 1554,1531,1564,1450,1388,1578,1572,1527,1482,1476,1430,1419,1557,1506,1478,1376,1501,1474,1514
1480: 1435,1383,1473,1359,1367,1488,1396,1503,1404,822
1536: 1502,1543,1482,1566,1349,1474
1482: 1572,1527,1388,1578,1566,1479,1349,1536,1502,1543
1483: 1440,1516,1520,1533,1347,1495
1484: 1447,1457,1428,1410,1492,1417,1505,1515,1400,1339,1465
1485: 1417,1505,1350,1391,1339,1386,1463,1378
1588: 157,1552
1580: 1547,902,1587,1443,1590,456,1548,1579,1513
1491: 1390,1306,1405
1492: 1417,1505,1457,1544,1484,1447,1339
1495: 1520,1533,1347,1483,1440,1516,1521,1496,1337,1424,1473,1401
1496: 1521,1337,1424,1520,1533,1347,1495,1498,1537,1558,1401,1459,1525
1513: 1547,1580,456,1548,1581,1562,1566,1418
1591: 1528,1573,1559
1503: 1396,1404,1367,1488,1435,1480,822,1487,1451,1560
1504: 1405,1359,1367,1488
1505: 1492,1417,1544,1530,1484,1350,1485,1339
1506: 1373,1467,1478,1476,1430,1419,1479,1554,1376,1501,1346,1431,1464,1393,1426,1316,323,1425
1507: 1477,1458,1397,1341,1348,1402
1518: 959