1466: 1407,1423,1508,1442,1392,1497,1337,1424,1459,1495,1496,1401
639: 
1068: 1069,1067,1209,237,1063,1065,1083,1091
1141: 1100,492,410
796: 
566: 
949: 1096,1105
7: 405,820
1347: 1462,1440,1483,1473,1337,1424,1459,1495,1496,1401,1435,822,1487,1456,1387
1126: 1011,1020,1162,153,1128,1136,1037,1281
977: 
1375: 1386,1463,1350,1378
1373: 1430,1467,1476,1353,1498,1481,1450,1499,1438,952,1365,1379,1479,1388,1419,1511,1323,1454,1389,323,1506,1478
1324: 1318,1445,1358,42,1455,1469,1505
1394: 1317,1415,1346,1431,1325,1372,1323,1454,1389,323,1345,985,1464,1316,1426,1393,1411,1357,1509
15: 29,746
754: 69
17: 
1509: 1411,1357,1345,985,1317,1394,1415,1346,1431,1325,1426,1393,1410,1448,1408,1472,1455,1437,1441
583: 
1441: 1437,1500,1411,1357,1509,1408,42,1455,1428,1400,1417,1469,1505,1457,1484,1492,1339,1447
1376: 1474,1478,1501,1479,1388,1419,1510,1511,456,1422,323,1506,1427,1482,1397,1458,1464,1316,1426,1425,1341,1461,1436,1477
900: 
1392: 959,1442,480,1407,1466,1423,1508
1337: 1424,1459,1495,1496,1401,1497,1407,1466,1423,1508,1347
1383: 1280,1302,1440,1483,1473
643: 
1393: 1464,1316,1426,1323,1454,1389,323,1506,1478,1501,1317,1394,1415,1346,1431,1325,1425,1341,1461,1436,1411,1357,1509,1410,1448,1408,1452,1472,1399,1395
1498: 1353,1481,1450,1499,1438,1365,1379,1373,1430,1476
29: 15
562: 
740: 
1174: 1062,1097
822: 1487,1347,1462,1435,1480,1404,1503,1456,1387,1396,1434
947: 975
563: 
985: 1345,1456,1387,1372,1323,1454,1389,1317,1394,1415,1346,1431,1325,1411,1357,1509
37: 
646: 
868: 253,521
995: 
875: 
42: 1455,1318,1324,1445,1358,1437,1441,1500,1417,1469,1505,1457,1484,1492,1339,1447
957: 469
44: 
1367: 1451,1504,1405,1488,1359,1480,1336,1382,1396,1434,233,1385
961: 
766: 
814: 63,898,125
968: 
1281: 1126,1011,1020,1162
929: 
939: 963
905: 
1318: 1324,1445,1358,42,1455,1417,1469,1505
727: 662
572: 
1257: 410,1208
832: 
1319: 1253
792: 
61: 1409,1428,1400,1489,1460,1429,1433,1398,1465,1444,1470
839: 
63: 814,898
1252: 1305,1253,1278
65: 
698: 864
922: 
589: 
69: 754
1469: 1417,1505,1318,1324,42,1455,1437,1441,1500,1457,1484,1492,1339,1447,105,1485
598: 1295
1202: 
1128: 153,1136,1037,1114,278,1126,1011,1020,1162
587: 
607: 
864: 698
569: 
996: 
854: 
605: 227
916: 
1172: 965,278
1384: 1439,1416,1444,1470,1364
591: 
926: 
1487: 822,1347,1462,1435,1480,1404,1503,1456,1387,1396,1434
1265: 1208
1429: 1460,1410,1448,1452,1472,1399,1395,1406,1402,1348,1428,1489,1433,1409,61
944: 
582: 
1295: 598
948: 
1349: 1420,1502,456,1422,1443,1418,1427,1482,1397,1458
1064: 1088
588: 
1253: 1278,1252,1319,911
994: 1453,1413
1305: 1252
1358: 1318,1324,1445,42
1266: 1146,1097,1151,1096,1105
593: 
102: 
872: 
908: 
105: 1350,1417,1469,1505,1485,1386,1463,1378
955: 
1346: 1317,1394,1415,1431,1325,1323,1454,1389,323,1506,1345,985,1464,1316,1426,1393,1411,1357,1509,1448,1472
906: 
659: 
581: 592
845: 991,586
932: 550
575: 
993: 
1364: 1384,1439,627,634
851: 137
1395: 1406,1464,1316,1426,1393,1425,1341,1461,1436,1477,1410,1448,1408,1452,1472,1399,1402,1348,1428,1429
1350: 105,1485,1386,1375,1463,1378
119: 
1278: 1253,1252,911
1387: 1456,1347,1462,822,1487,1372,985
1316: 1464,1426,1393,1323,1389,323,1506,1376,1474,1478,1501,1394,1415,1346,1431,1325,1425,1341,1461,1436,1477,1411,1448,1452,1472,1399,1395
123: 
1209: 1069,1067,442,1068,237,1063,1065,1083,1066
125: 898,814
975: 947
911: 1253,1278
898: 125,63,814
597: 
979: 
988: 
963: 939
1302: 1280,1285,1306,1383
1465: 1398,1500,1400,1489,1457,1484,1492,1339,1447,61,1416,1391,1444,1470
951: 
1348: 1402,1425,1341,1461,1436,1477,1395,1406,1429,1433
137: 851
592: 581
1063: 237,1065,1083,1069,1067,1209,1068,1066,1091
140: 
1421: 1494,478,1497,1483
986: 
143: 
586: 991,845
903: 
1097: 1146,1151,1266,1096,1105,1174,1062
596: 
1359: 1488,1405,1435,1480,1404,1503,1336,1367,1451,1504,1396,1434
1451: 1367,1504,1405,1488,1359,1435,1480,1404,1503,1336,1382,1396,1434,233,1385
580: 505
894: 
978: 
153: 1128,1136,1037,1114,278,1126,1011,1020,1162
980: 
1151: 1146,1097,1266,1096,1105
568: 434
157: 1507,1420,935,1432,1453,1413
965: 1172,1091,1114,278,1053
1413: 1453,157,1507,1432,994
902: 
1422: 456,952,1479,1388,1419,487,1510,1511,1376,1474,1478,1501,1427,1482,1397,1458,1349,1420,1502
1423: 1407,1466,1508,1442,1392,1497,1337,1495,1496
1430: 1373,1467,1476,1353,1498,1481,1450,1499,1438,952,1365,1379,1479,1388,1419,487,1510,1511,1389,1506,1478
1114: 278,275,965,153,1128,1136,1037
594: 
166: 1015
820: 7
168: 238,682
700: 1009,531
1493: 1361,1412,1369
171: 
746: 15
1361: 1493,1369,1403,1468
574: 
940: 
1065: 237,1063,1083,1069,1067,1209,1068,1066,1091
1382: 1336,1405,1343,1491,1367,1451,1504,233
923: 
1062: 1174,1146,1097
1053: 1091,1105,965
901: 526
1343: 1491,1336,1382,1298
183: 
992: 
1290: 
1336: 1382,1405,1488,1359,1343,1491,1367,1451,1504,233
967: 
573: 919
1406: 1395,1464,1425,1341,1461,1436,1477,1410,1448,1452,1472,1399,1402,1348,1428,1489,1460,1429,1433
976: 
919: 573
1415: 1317,1394,1346,1431,1325,1323,1454,1389,323,1345,985,1464,1316,1426,1393,1411,1357,1509,1448
1208: 1257,1265
590: 
1464: 1316,1426,1393,323,1506,1376,1474,1478,1501,1394,1415,1346,1431,1325,1425,1341,1461,1436,1477,1411,1410,1448,1408,1452,1472,1399,1395,1406
1372: 1365,1379,1456,1387,1323,1454,1389,1345,985,1317,1394
962: 
927: 
199: 384
584: 
934: 
1285: 1306,1280,1302
953: 
1197: 492
973: 
206: 
982: 481
1357: 1411,1509,1345,985,1317,1394,1415,1346,1431,1325,1426,1393,1408,1472,1455,1437,1441
924: 
1453: 1413,157,1507,1432,994
1424: 1337,1459,1495,1496,1401,1497,1407,1466,1508,1347
990: 
578: 
1341: 1425,1461,1436,1477,323,1376,1474,1501,1427,1482,1397,1458,1464,1316,1426,1393,1448,1452,1399,1395,1406,1402,1348
1149: 1184,461
1388: 1479,1419,487,1510,1511,1481,1450,952,1373,1430,1467,456,1422,1506,1376,1474,1478,1501,1427,1482
1502: 1349,1420,456,1422,1443,1418,1427,1482,1397,1458
914: 
1298: 1343,1491
1011: 1126,1020,1162,153,1128,1136,1037,1281
866: 294,312
925: 425
223: 
1100: 1141,492,410
1489: 1428,1400,1410,1408,1406,1437,1500,1460,1429,1457,1484,1447,1398,1465,1409,61
941: 
227: 605
912: 
950: 
943: 
706: 
232: 
233: 1336,1382,1367,1451,1504,1396,1434,1385
1510: 1479,1388,1419,487,1511,952,1430,1467,456,1422,1506,1376,1474,1478,1501,1427,1482,1397,1458
703: 
579: 
237: 1063,1065,1083,1069,1067,1209,1068,1066,1091
238: 168,682
920: 
1379: 1365,1498,1373,1430,1467,1476,1372,1323,1454,1389
599: 
604: 
243: 
1370: 1471,1433,1414,1475
971: 
972: 
1442: 959,1392,1497,1407,1466,1423,1508
1105: 949,1091,1096,1053,1146,1097,1151,1266
877: 
1129: 492
251: 
1345: 985,1372,1323,1454,1317,1394,1415,1346,1431,1325,1411,1357,1509
253: 868,521
1091: 1068,237,1063,1065,1083,1066,1105,1053,965
255: 326
942: 
571: 524
844: 
1501: 1376,1474,1478,1467,1479,1388,1419,1510,1511,456,1422,323,1506,1427,1482,1397,1458,1464,1316,1426,1393,1425,1341,1461,1436,1477
1439: 1384,1416,1444,1470,627,1364
928: 
1499: 1481,1450,1438,1353,1498,952,1373,1430,1467,1476
567: 
264: 365
909: 
1096: 949,1105,1146,1097,1151,1266
267: 688
998: 936
853: 
585: 958
887: 
1325: 1317,1394,1415,1346,1431,1323,1454,323,1345,985,1464,1316,1426,1393,1411,1357,1509,1410,1448,1408,1472
915: 
1009: 700,531
275: 1342,1066,1114,278
959: 1268,1326,1442,1392,480
913: 
278: 1114,1066,275,1172,965,153,1128,1136,1037
892: 
1088: 1064
281: 
958: 585
1369: 1412,1361,1493
623: 
1365: 1379,1498,1438,1373,1430,1467,1476,1372,1323,1454,1389
1449: 1412
682: 238,168
720: 384
960: 981
984: 543
952: 1481,1450,1499,1438,1373,1430,1467,1476,1479,1388,1419,487,1510,1511,1422
595: 474
1331: 1342
294: 866,312
672: 
999: 
1162: 1126,1011,1020,153,1128,1136,1037,1281
298: 
1363: 
300: 
956: 
1414: 1475,1433,1370,1471,1409,307
933: 
904: 454
1015: 166
1066: 1069,1067,1209,237,1063,1065,1083,275,1091,278
307: 1414,1475,840
991: 845,586
1268: 1326,552,959
1454: 1323,1389,1365,1379,1373,1467,1372,323,1345,985,1317,1394,1415,1346,1431,1325,1426,1393
311: 1005,557
312: 294,866
313: 396
1385: 1367,1451,1504,1396,1434,233
1280: 1302,1285,1306,1383,1390
712: 358
989: 
1069: 1067,1209,442,1068,237,1063,1065,1083,1066
856: 
320: 
576: 
945: 
323: 1506,1373,1467,1419,1511,1323,1454,1389,1376,1474,1478,1501,1394,1415,1346,1431,1325,1464,1316,1426,1393,1425,1341,1461,1436,1477
981: 960
946: 
326: 255
327: 
1161: 
570: 
1037: 153,1128,1136,1114,278,1126,1011,1020,1162
1386: 1375,1463,1350,105,1485
918: 
1184: 1149,461
1425: 1341,1461,1436,1477,323,1506,1376,1474,1478,1501,1427,1482,1397,1458,1464,1316,1426,1393,1448,1452,1472,1399,1395,1406,1402,1348
1323: 1454,1389,1365,1379,1373,1467,1372,323,1345,985,1317,1394,1415,1346,1431,1325,1316,1426,1393
1020: 1126,1011,1162,153,1128,1136,1037,1281
1243: 
338: 
1378: 1350,105,1485,1416,1391,1375,1463
840: 307
938: 
966: 
1306: 1285,1280,1302,1390
937: 
634: 627,1364
921: 
347: 
1326: 1268,959
349: 
997: 
806: 
917: 907
836: 
1339: 1457,1484,1492,1447,42,1437,1441,1500,1400,1417,1469,1505,1398,1465,1485,1416,1391,1444,1470
1342: 1331,275
1067: 1069,1209,442,1068,237,1063,1065,1083,1066
970: 
358: 712
1488: 1359,1405,1435,1480,1404,1503,1336,1367,1451,1504,1396,1434
1452: 1410,1448,1408,1472,1399,1464,1316,1426,1393,1425,1341,1461,1436,1477,1411,1395,1406,1428,1460,1429
627: 1439,1364,634
1431: 1317,1394,1415,1346,1325,1323,1454,1389,323,1506,1345,985,1464,1316,1426,1393,1411,1357,1509,1448,1472
931: 
565: 
365: 264
1005: 311,557
1405: 1390,1488,1359,1336,1382,1367,1451,1504
1146: 1097,1151,1266,1096,1105,1062
964: 
815: 
1317: 1394,1415,1346,1431,1325,1372,1323,1454,1389,1345,985,1426,1393,1411,1357,1509
954: 
662: 727
1412: 1369,1449,1493
710: 
667: 473
377: 
564: 
817: 
688: 267
969: 
382: 
1136: 153,1128,1037,1114,278,1126,1011,1020,1162
384: 720,199
987: 
935: 157,1432
1353: 1498,1481,1450,1499,1438,1373,1430,1476
1083: 237,1063,1065,1069,1067,1209,1068,1066,1091
974: 
907: 497,917
391: 
930: 
577: 451
983: 
865: 
396: 313
773: 
910: 
936: 426,998
400: 
401: 
402: 
403: 
404: 
405: 7
406: 
407: 560
408: 
409: 
410: 1100,1141,1257
411: 454
412: 
413: 
414: 
415: 
416: 
417: 
418: 
419: 
420: 
421: 
422: 
423: 519
424: 
425: 925
426: 936
427: 
428: 
429: 537,498,530
430: 
431: 
432: 
433: 
434: 568
435: 
436: 
437: 
438: 
439: 
440: 
441: 
442: 1069,1067,1209
443: 
444: 
445: 
446: 
447: 
448: 
449: 
450: 
451: 577
452: 
453: 
454: 904,411
455: 
456: 1422,1479,1388,1419,487,1510,1511,1376,1474,1478,1501,1427,1482,1397,1458,1349,1420,1502
457: 
458: 
459: 
460: 
461: 1184,1149
462: 
463: 467
464: 
465: 
466: 
467: 463
468: 
469: 957
470: 
471: 
472: 
473: 667
474: 595
475: 
476: 
477: 561
478: 1421,1494,1497
479: 
480: 959,1392
481: 982
482: 
483: 
484: 
485: 
486: 
487: 1479,1388,1419,1510,1511,1481,1450,952,1430,456,1422,1506,1474,1478,1427,1482
488: 
489: 540
490: 
491: 
492: 1197,1100,1141,1129
493: 
494: 
495: 
496: 
497: 907
498: 537,429
499: 
500: 
501: 
502: 
503: 
504: 
505: 580
506: 
507: 
508: 
509: 528
510: 
511: 
512: 
513: 
514: 
515: 
516: 
517: 
518: 
519: 423
520: 
521: 253,868
522: 
523: 
524: 571
525: 
526: 901
527: 
528: 509
529: 556
530: 429
531: 700,1009
532: 
533: 
534: 
535: 
536: 
537: 429,498
538: 
539: 
540: 489
541: 
542: 
543: 984
544: 
545: 
546: 
547: 
548: 
549: 
550: 932
551: 
552: 1268
553: 
554: 
555: 
556: 529
557: 311,1005
558: 
559: 
560: 407
561: 477
1389: 1323,1454,1365,1379,1373,1430,1467,1476,1372,323,1506,985,1317,1394,1415,1346,1431,1316,1426,1393
1390: 1306,1280,1405
1391: 1416,1417,1505,1484,1339,1465,1485,1444,1378
1396: 1434,1488,1359,1435,1480,1404,1503,822,1487,1367,1451,1504,233,1385
1397: 1427,1482,1458,1510,456,1422,1376,1474,1501,1349,1420,1502,1425,1341,1436,1477
1398: 1465,1437,1500,1428,1400,1489,1460,1457,1484,1492,1339,1447,1409,61,1416,1444,1470
1399: 1410,1448,1408,1452,1472,1464,1316,1426,1393,1425,1341,1461,1436,1477,1411,1395,1406,1428,1400,1460,1429
1400: 1428,1489,1411,1410,1408,1472,1399,1437,1441,1500,1460,1457,1484,1492,1339,1447,1398,1465,61
1401: 1337,1424,1459,1495,1496,1497,1407,1466,1347,1462
1402: 1348,1425,1341,1461,1436,1477,1395,1406,1429
1403: 1361,1468
1404: 1435,1480,1503,1462,1488,1359,822,1487,1451,1504,1396,1434
1407: 1466,1423,1508,1442,1392,1497,1337,1424,1459,1495,1496,1401
1408: 1410,1448,1452,1472,1399,1325,1464,1426,1393,1461,1411,1357,1509,1395,1437,1441,1500,1428,1400,1489
1409: 61,1489,1460,1429,1433,1398,1414,1475
1410: 1448,1408,1452,1472,1399,1325,1464,1426,1393,1461,1436,1411,1509,1395,1406,1437,1428,1400,1489,1460,1429
1411: 1357,1509,1345,985,1317,1394,1415,1346,1431,1325,1464,1316,1426,1393,1410,1448,1408,1452,1472,1399,1455,1437,1441,1428,1400
1416: 1391,1417,1484,1339,1398,1465,1485,1444,1470,1378,1384,1439
1417: 1469,1505,1318,42,1441,1500,1457,1484,1492,1339,1447,105,1485,1416,1391
1418: 1443,1349,1420,1502
1419: 1479,1388,487,1510,1511,1481,1450,952,1373,1430,1467,1476,456,1422,323,1506,1376,1474,1478,1501,1427,1482
1420: 1349,1502,456,1422,1443,1418,1427,1482,1397,1458,157,1507
1426: 1464,1316,1393,1323,1454,1389,323,1506,1376,1478,1501,1317,1394,1415,1346,1431,1325,1425,1341,1461,1436,1411,1357,1509,1410,1448,1408,1452,1472,1399,1395
1427: 1482,1397,1458,1479,1388,1419,487,1510,1511,456,1422,1376,1474,1478,1501,1349,1420,1502,1425,1341,1436,1477
1428: 1400,1489,1411,1410,1448,1408,1452,1472,1399,1395,1406,1437,1441,1500,1460,1429,1457,1492,1447,1398,61
1432: 935,157,1507,1453,1413
1433: 1406,1348,1460,1429,1370,1471,1409,61,1414,1475
1434: 1396,1488,1359,1435,1480,1404,1503,822,1487,1367,1451,1504,233,1385
1435: 1480,1404,1503,1347,1462,1488,1359,822,1487,1451,1504,1396,1434
1436: 1425,1341,1461,1477,323,1376,1474,1501,1427,1397,1458,1464,1316,1426,1393,1410,1448,1452,1472,1399,1395,1406,1402,1348
1437: 1441,1500,1411,1357,1509,1410,1408,1472,42,1455,1428,1400,1489,1469,1505,1457,1484,1492,1339,1447,1398
1438: 1481,1450,1499,1353,1498,952,1365,1373,1430,1467,1476
1440: 1483,1473,1494,1383,1347,1462
1443: 1418,1349,1420,1502
1444: 1470,1457,1484,1339,1447,1398,1465,61,1416,1391,1384,1439
1445: 1318,1324,1358,42,1455
1447: 1457,1484,1492,1339,42,1455,1437,1441,1500,1428,1400,1489,1417,1469,1505,1398,1465,1444,1470
1448: 1410,1408,1452,1472,1399,1415,1346,1431,1325,1464,1316,1426,1393,1425,1341,1461,1436,1477,1411,1509,1395,1406,1428,1429
1450: 1481,1499,1438,1353,1498,952,1373,1430,1467,1476,1479,1388,1419,487,1511
1455: 42,1411,1357,1509,1318,1324,1445,1437,1441,1500,1469,1505,1457,1484,1492,1447
1456: 1387,1347,1462,822,1487,1372,985
1457: 1484,1492,1339,1447,42,1455,1437,1441,1500,1428,1400,1489,1417,1469,1505,1398,1465,1444
1458: 1427,1482,1397,1510,1511,456,1422,1376,1474,1478,1501,1349,1420,1502,1425,1341,1436,1477
1459: 1337,1424,1495,1496,1401,1497,1407,1466,1508,1347,1462
1460: 1429,1410,1452,1399,1406,1428,1400,1489,1433,1398,1409,61
1461: 1425,1341,1436,1477,323,1376,1501,1464,1316,1426,1393,1410,1448,1408,1452,1472,1399,1395,1406,1402,1348
1462: 1347,1440,1483,1473,1459,1401,1435,1480,1404,1503,822,1487,1456,1387
1463: 1386,1375,1350,105,1485,1378
1467: 1373,1430,1476,1481,1450,1499,1438,952,1365,1379,1479,1388,1419,1510,1511,1323,1454,1389,323,1506,1478,1501
1468: 1361,1403
1470: 1444,1339,1447,1398,1465,61,1416,1384,1439
1471: 1370,1433,1414,1475
1472: 1410,1448,1408,1452,1399,1346,1431,1325,1464,1316,1426,1393,1425,1461,1436,1411,1357,1509,1395,1406,1437,1428,1400,1429
1473: 1440,1483,1494,1497,1383,1347,1462
1474: 1376,1478,1501,1479,1388,1419,487,1510,1511,456,1422,323,1506,1427,1482,1397,1458,1464,1316,1425,1341,1436,1477
1475: 1414,1433,1370,1471,1409,307
1476: 1373,1430,1467,1353,1498,1481,1450,1499,1438,952,1365,1379,1479,1419,1511,1389,1506,1478
1477: 1425,1341,1461,1436,323,1376,1474,1501,1427,1482,1397,1458,1464,1316,1448,1452,1399,1395,1406,1402,1348
1478: 1376,1474,1501,1373,1430,1467,1476,1479,1388,1419,487,1510,1511,456,1422,323,1506,1427,1482,1458,1464,1316,1426,1393,1425
1479: 1388,1419,487,1510,1511,1481,1450,952,1373,1430,1467,1476,456,1422,1506,1376,1474,1478,1501,1427,1482
1480: 1435,1404,1503,1462,1488,1359,822,1487,1367,1451,1504,1396,1434
1481: 1450,1499,1438,1353,1498,952,1373,1430,1467,1476,1479,1388,1419,487,1511
1482: 1427,1397,1458,1479,1388,1419,487,1510,1511,456,1422,1376,1474,1478,1501,1349,1420,1502,1425,1341,1477
1483: 1440,1473,1421,1494,1497,1383,1347,1462
1484: 1457,1492,1339,1447,42,1455,1437,1441,1500,1400,1489,1417,1469,1505,1398,1465,1485,1416,1391,1444
1485: 1417,1469,1505,1484,1339,1350,105,1416,1391,1386,1463,1378
1494: 1421,478,1497,1440,1483,1473
1511: 1479,1388,1419,487,1510,1481,1450,952,1373,1430,1467,1476,456,1422,323,1506,1376,1474,1478,1501,1427,1482,1458
1491: 1343,1336,1382,1298
1492: 1457,1484,1339,1447,42,1455,1437,1441,1500,1428,1400,1417,1469,1505,1398,1465
1495: 1337,1424,1459,1496,1401,1497,1407,1466,1423,1508,1347
1496: 1337,1424,1459,1495,1401,1497,1407,1466,1423,1508,1347
1497: 478,1442,1421,1494,1407,1466,1423,1508,1483,1473,1337,1424,1459,1495,1496,1401
1500: 1437,1441,1408,42,1455,1428,1400,1489,1417,1469,1505,1457,1484,1492,1339,1447,1398,1465
1503: 1435,1480,1404,1462,1488,1359,822,1487,1451,1504,1396,1434
1504: 1367,1451,1405,1488,1359,1435,1480,1404,1503,1336,1382,1396,1434,233,1385
1505: 1417,1469,1318,1324,42,1455,1437,1441,1500,1457,1484,1492,1339,1447,105,1485,1391
1506: 323,1373,1430,1467,1476,1479,1388,1419,487,1510,1511,1389,1376,1474,1478,1501,1346,1431,1464,1316,1426,1393,1425
1507: 157,1420,1432,1453,1413
1508: 1407,1466,1423,1442,1392,1497,1337,1424,1459,1495,1496