1574: 965,415,1605
543: 
1068: 1632,1656,1630,1655,1659,1653,1654,1657,1658,1640,1638,1627,1619,1624
1141: 1100
1543: 1349
566: 
949: 
1581: 1562
1445: 1530,822
1701: 1700,1671,2410,2266,2488,2464,2465,2364,2392
977: 2603,2637,2613,2616
1519: 1564,903,1450,1531,1476,1430
1373: 1467,1685
1572: 1527,554,970,559
1394: 1379,1415,1365,1431,1346
535: 
1939: 2580,2021,2594,444,2579,2602
1459: 1525
1509: 1357,1393,1346,482
583: 2165,2349,2031,1976,2050,2087
1619: 1640,1638,1627,1644,1624,1646,1632,1068,1630,1655,1659,1653,1657,1636,1645,1639,1664,1686
1376: 1501
900: 
1520: 1495
1337: 1690
500: 
520: 
1393: 1431,1426,1346,1461,1509,1357,1395
1602: 1532,1477,1341
1623: 1066,1618,1063,1065,1609,1083,1615,1053
562: 
509: 
1174: 1062,2119,2026
822: 1530,1445,1487
947: 
563: 
985: 
1450: 1531,1519,1564,903,1476,1430
2261: 2272,2091,2201,2337,2258,2140,2181,2323,2283,2159,2342,2282,2110,2089,2339,2275,2094,2345,2338,2045,2184,2204,1994,2281,2132,2139,2279,2280
1556: 1576
995: 1913,2189,2255,1991,1886,2578,1867,2619
551: 2687,2642
1532: 1602
957: 538
1540: 1499,1571
1687: 1668,1685
961: 
495: 
1456: 1387,1557,1419,1554,1479
968: 
1718: 1765
929: 
939: 424
905: 
1461: 1431,1393,1426,1346,1395
552: 1202,1243,1161
572: 1832,1768,2525,2371
1506: 1478
560: 2664,2723
504: 
1479: 1554,1456
61: 1460
539: 
558: 519
1527: 554,1474,1514,1572,559
1495: 1520
2145: 2198,2173,2358
922: 
589: 2174,2455
1874: 2540,1882,575,2489,1830,1907
1600: 1789,549,474
598: 965
1202: 552
1781: 1752,996
587: 
515: 
1571: 1540,1499
569: 1948,1864,1922,1921,1823,1920,1843,1917,1919,1986,1955
996: 1752,1781
1823: 1974,1921,1940,1920,1948,1864,1922,569
1690: 1337
916: 
1172: 1268,1326,153,1635,1617,1136
1605: 415,1574,311,1005
591: 
926: 
1487: 822
1513: 1548
532: 
944: 
582: 
1295: 1424
948: 2728,2699
1349: 1543
1064: 1088,1820,1858,1633,1629
588: 2556,2481,2482,2303,2460,2458,1989,2479,2399,2459,2445,2443,2168,2233,2383,2166,2385,2367
1253: 1278,1290
994: 
1518: 577
1496: 1660,1663,1684
2729: 2713,1820,1858
593: 
1426: 1431,1393,1346,1461,1395
544: 
908: 1891,1793
1606: 1853,2583,1751,1736
955: 
1346: 1431,1393,1426,1379,1394,1415,1365,1461,1509,1357,1395
906: 974
1635: 153,1617,1136,1268,1326,1637,1172
581: 
498: 
932: 945
575: 1882,2489,1830,1907,1874,2540
993: 1740,1798
1646: 1640,1638,1627,1619,1644,1624,1655,1636,1645,1639,1664,1686
531: 981
1395: 1431,1393,1426,1346,1461
2602: 2579,2021,2594,1939,2563,2623,1913
513: 1697,1787
1278: 1253,1290
1387: 1456,1557,1419
2541: 1951,2528,2516,2559,1933,2560,2539,2709,2486,2504,1884,2708
1671: 1701,1700,2410,2266,853,1677,2488,2464,2462,2465,2364,2392,2040,2454,2334,2333,2394,2262,2263,2409
1458: 559,1397
506: 409,1855,1984
975: 
911: 980
555: 
597: 
979: 
988: 
963: 
1684: 1663,1496,1660
538: 957
951: 
1348: 1402,441
536: 
592: 
1063: 1618,1065,1609,1083,1615,1612,1067,1069,1620,492,1066,1623
1562: 1581
2578: 1867,1913,995,2619
986: 
559: 1527,1572,1397,1458
586: 1633,1629,1750,2706
903: 1519,1564,1450,1531,1476,1430
1589: 1732
596: 
1670: 1743
557: 1634,1631
580: 1947,1973
537: 
978: 
153: 1635,1617,1136,1268,1326,1637,1172
980: 911
1974: 1921,1823,2015,1998,2027,1940,1948,1864
568: 2076,2182,2183,2188,2186,2127,2170,2045,2184,2204,1994,2187,2272,2091,2258,2181,2108,2049,2090,2075,2115
157: 1588
965: 1574,598
2637: 2613,2609,2564,2610,977,2616,2630,2611,2704,2658,2493
902: 
556: 
1503: 1404
1430: 1476,1519,1564,903,1450,1531,1379,1365
541: 
594: 
166: 1015,943
1708: 1746
507: 1771,1751,1736
700: 1009
1528: 1592
519: 558
550: 
1547: 1580,548,907,573
574: 1551,1414
940: 2072
1065: 1618,1063,1609,1083,1615,1612,1067,1069,1620,492,1066,1623
1837: 1783,1763,1719
923: 
1062: 1174,2119,2026
1053: 1066,1623,1268,1326
901: 
501: 
1588: 157
992: 
1290: 1278,1253
534: 2004,2057,1876
967: 
573: 1580,1547
547: 
976: 
919: 
1415: 1379,1394,1365,1431,1346
1565: 1585
590: 2033,2059,2006,2068
2687: 2642,2721,2674,2675,2700,2614,2657,2673,551
1514: 1474,973,1527,554
962: 1721,1695
927: 1933,2560,2539,2709,2486,2504,1884,2708,2489,1830,1907,2501,1915,2496
1578: 1388
584: 
934: 
1531: 1450,1519,1564,903,1476,1430
953: 
1197: 
973: 1474,1514
517: 465,1551,1414
982: 
1357: 1509,1431,1393,1346,482
924: 1184
1891: 1793,908
1424: 1676,1650,1672,1295
990: 2695,2725,422
578: 
1341: 1477,1602
1149: 943,1184
1388: 1578
1502: 1536
914: 
1419: 1557,1456,1387
1693: 1707,1725,1703,1720,1754,1723,1698
1607: 232
925: 1888,1737
1521: 1636,1645,1731,1664,1686
1100: 1141
2107: 2150,2185,2225,2251,2131,2249,2219,2288,2312,2252,2250,2253,2244,2246,2300,2216,2162,2247,2248,2256,2129,2323,2283,2159,2163,2062,2175,2259,2138,2182,2183,2188,2186,2127,2170,2184,1994,2187
941: 
1659: 1630,1655,1653,1654,1657,1658,1632,1068,1656,1640,1638,1627,1619,1624,1639
912: 
950: 
943: 166,1015,1149,1184
1443: 1598
232: 1607
2540: 1874,1882,575,2489,1830,1907
1551: 574,465,517,404,1414
1404: 1503
579: 
2720: 2576
508: 
920: 
1379: 1394,1415,1365,1476,1430,1431,1346
599: 
1580: 1547,548,907,573
514: 2593,2641
1476: 1430,1519,1564,903,1450,1531,1379,1365
971: 
972: 
1557: 1419,1456,1387
1583: 1603
1585: 1565
1402: 1348,441
1576: 1556
2657: 2675,2700,2614,2673,2661,2663,2682,2683,2674,2687,2642
1526: 1561
2281: 2132,2139,2279,2280,2282,2089,2339,2275,2094,2345,2338,2405,2193,2272,2091,2261,2201,2337,2258,2140,2181,2196,2191,2237,2002,2260,2199
512: 2549,2161,2097
942: 
571: 1936,1967
1478: 1506
1501: 1376
1563: 
928: 
1499: 1540,1571
567: 435
528: 
909: 1888,1737
1467: 1373,1685
524: 2033,2059
998: 
853: 1677,2377,2476,2475,2523,2512,2488,2464,2433,2427,2152,915,2465,2364,2392,2040,1700,1671
585: 
523: 
1525: 1459
915: 2433,2427,2152,2429,2480,2477,2377,2476,2475,2523,2512,853,1677,2157,2379,2465,2364,2392,2040,2352,2414,2310,2419,2416,2365,2378,2265,2267,2333,2218
1009: 700
533: 
959: 
913: 
530: 958
496: 
1088: 1064,1820,1858,1633,1629
522: 
958: 530
553: 
1474: 1514,973,1527,554
1365: 1379,1394,1415,1476,1430,1431,1346
1530: 1445,822
510: 
542: 
960: 475
984: 1184
952: 
595: 
1561: 1526
505: 
521: 1592
999: 1928,1785
2589: 2625
518: 
1680: 1754,1648,1639,1664,1686,1725,1682
502: 1992,2073,1941
956: 
1414: 404,465,517,574,1551
933: 1766,1803,1877,1844,1836
904: 
1015: 166,943
1066: 1623,1618,1063,1065,1609,1083,1615,1053
549: 1789,1600
991: 1973,2053
1268: 1326,1053,1637,1172,153,1635,1617,1136
1454: 1323,2590,2627,2575,2672,503
311: 1005,1605
554: 1527,1474,1514,1572
497: 
1536: 1502
548: 1580,1547,907
526: 
989: 437
1069: 1620,492,1612,1067,1063,1065,1609,1083,1615
1601: 983,1590
545: 
576: 1936,1967
945: 932,2661,2633,2663
2730: 2678,2715
981: 531,1797,1772,1802,1760
946: 2029,2052,2121,2099,2065,2011
516: 
1637: 1268,1326,153,1635,1617,1136
1161: 552
570: 
1985: 2116,489
1592: 1528,521
918: 1773,2286,2595,2449,2407,2350,2655,2596
1184: 1149,943,924,984
1714: 1694,1745,1722
1323: 1454,2590,2627,2575,2672,503
1686: 1664,1640,1638,1627,1619,1644,1624,1646,1636,1645,1731,1639,1521,1648,1680
1243: 552
499: 
1460: 61
1732: 1589
938: 
966: 2050,2087
1700: 1701,1671,2410,2266,853,1677,2488,2464,2268,2462,2465,2364,2392,2040,2454,2334,2394,2263,2409
937: 
1477: 1341,1602
921: 
1698: 1723,1707,1693,1725,1682,1692
1326: 1268,1053,1637,1172,153,1635,1617,1136
540: 472
997: 
503: 2575,2672,1454,1323,2669,931
917: 449
1766: 933,1803,1877,1844,1836
1537: 1558
546: 
1067: 1612,1069,1620,492,1618,1063,1065,1609,1083,1615
970: 1572
1603: 1953,1825,1583
2233: 2445,2443,2168,588,2479,2399,2383,2166,2385,2367,2418,1997,2348,2208,2359,2384
1668: 1687,1685
1719: 1763,1837,1783
1431: 1393,1426,1346,1379,1394,1415,1365,1461,1357,1395
931: 503
565: 
529: 
1005: 311,1605
561: 
1624: 1640,1638,1627,1619,1644,1646,1632,1068,1630,1655,1659,1653,1654,1657,1658,1636,1645,1639,1664,1686
964: 
2033: 2059,2006,590,524,1999,2020,2068
2733: 422,2717
954: 
1575: 1642,1641,1643,468
1590: 1601
2104: 2164,1976,2210,2103,2143,2228,2038,2227,2229,2050,2087
1558: 1537
1548: 1513
564: 2724,2736,2707
511: 1697,1787
1788: 1970,478,1870,1841,1863,1807
969: 
527: 
1136: 153,1635,1617,1268,1326,1637,1172
1554: 1479,1456
987: 
935: 
1397: 559,1458
1083: 1618,1063,1065,1609,1615,1612,1067,1069,1620,492,1066,1623
974: 906
907: 548,1580,1547
1598: 1443
930: 1797,1772,1802,1760
577: 1518
983: 1601
525: 
1984: 1855,506
1564: 1519,903,1450,1531,1476,1430
910: 413
936: 
400: 
401: 
402: 
403: 
404: 1414,1551
405: 
406: 
407: 
408: 
409: 2039,1977,506,1855
410: 
411: 1988
412: 
413: 910
414: 
415: 1574,1605
416: 
417: 
418: 
419: 
420: 
421: 
422: 990,2695,2725,2733,2717
423: 
424: 939
425: 431
426: 
427: 
428: 
429: 
430: 
431: 425
432: 
433: 
434: 
435: 567,469
436: 
437: 989
438: 
439: 2724,2707
440: 
441: 1348,1402
442: 1729
443: 
444: 2580,1939,1883
445: 
446: 
447: 
448: 
449: 917
450: 1689
451: 1832,1768
452: 1729,1846
453: 
454: 
455: 2448,2446,2447,2209
456: 
457: 
458: 
459: 
460: 
461: 1634,1631
462: 
463: 
464: 
465: 517,1551,1414
466: 
467: 
468: 1641,1643,1575,1642
469: 435
470: 
471: 
472: 540
473: 
474: 1789,1600
475: 960
476: 
477: 
478: 1970,1788,1863
479: 
480: 
481: 
482: 1509,1357
483: 
484: 
485: 2287
486: 
487: 
488: 
489: 2116,1985,2206,2117
490: 
491: 
492: 1069,1620,1612,1067,1618,1063,1065,1609,1083,1615
493: 2690,2660
494: 
1609: 1618,1063,1065,1083,1615,1612,1067,1069,1620,492,1066,1623
2725: 2695,2203,2393,990,422
1676: 1650,1424,1672
1612: 1067,1069,1620,492,1618,1063,1065,1609,1083,1615
1721: 1695,962
1672: 1676,1650,1424
1615: 1618,1063,1065,1609,1083,1612,1067,1069,1620,492,1066,1623
1729: 1846,1797,1772,1802,442,452
1617: 153,1635,1136,1268,1326,1637,1172
1618: 1063,1065,1609,1083,1615,1612,1067,492,1066,1623
1620: 1069,492,1612,1067,1063,1065,1609,1083,1615
1627: 1640,1638,1619,1644,1624,1646,1632,1068,1655,1659,1653,1657,1636,1645,1639,1664,1686
1636: 1645,1640,1638,1627,1619,1644,1624,1646,1731,1639,1664,1686,1521
1629: 1633,1064,1088,1750,2711,2706,586
1630: 1655,1659,1653,1654,1657,1658,1632,1068,1656,1640,1638,1619,1624,1639
1631: 1634,461,557
1632: 1068,1656,1630,1655,1659,1653,1654,1657,1658,1640,1638,1627,1619,1624
1633: 1629,1064,1088,1750,2711,2706,586
1634: 1631,461,557
1638: 1640,1627,1619,1644,1624,1646,1632,1068,1630,1655,1659,1653,1654,1657,1658,1636,1645,1639,1664,1686
1639: 1630,1655,1659,1653,1654,1657,1658,1640,1638,1627,1619,1644,1624,1646,1636,1645,1664,1686,1648,1680
1640: 1638,1627,1619,1644,1624,1646,1632,1068,1630,1655,1659,1653,1654,1657,1658,1636,1645,1639,1664,1686
1641: 1643,1575,1642,468
1642: 1575,1641,1643,468
1643: 1641,1575,1642,468
1644: 1640,1638,1627,1619,1624,1646,1655,1636,1645,1639,1664,1686
1645: 1636,1640,1638,1627,1619,1644,1624,1646,1731,1639,1664,1686,1521
1685: 1467,1373,1687,1668
1648: 1754,1680,1639,1664,1686,1720,1725,1682
1696: 1679
1650: 1676,1424,1672
1651: 1662
1677: 853,2377,2476,2475,2523,2512,2488,2464,2427,915,2465,2364,2392,2040,1700,1671,2266
1653: 1630,1655,1659,1654,1657,1658,1632,1068,1656,1640,1638,1627,1619,1624,1639
1654: 1630,1655,1659,1653,1657,1658,1632,1068,1656,1640,1638,1624,1639
1655: 1630,1659,1653,1654,1657,1658,1632,1068,1656,1640,1638,1627,1619,1644,1624,1646,1639
1656: 1632,1068,1630,1655,1659,1653,1654,1657,1658
1657: 1630,1655,1659,1653,1654,1658,1632,1068,1656,1640,1638,1627,1619,1624,1639
1658: 1630,1655,1659,1653,1654,1657,1632,1068,1656,1640,1638,1624,1639
1660: 1496,1663,1684
1720: 1703,1754,1648,1707,1693,1725
1662: 1651
1663: 1684,1496,1660
1664: 1686,1640,1638,1627,1619,1644,1624,1646,1636,1645,1731,1639,1521,1648,1680
1665: 1702
1679: 1696
1682: 1754,1648,1680,1723,1698
1689: 1817,450
1688: 
1797: 1772,1802,1760,930,981,1729
1692: 1723,1698
1694: 1714,1745,1722
1695: 1721,962
1697: 1787,511,513
1702: 1665
1703: 1720,1754,1707,1693,1725
1982: 2147,2077,2135,2202,2142,2278,2205,2122,2169,2177,2130,2143,2093,2144,2160,2228,2137,2114,2113,2134,2054,2080
1767: 1779,1791
2612: 2630,2611,2704,2658,2639,2682,2683,2493
1707: 1693,1725,1703,1720,1754,1723,1698
1731: 1636,1645,1664,1686,1521
1730: 1834,1870,1841
2728: 2699,2710,948,2731
2701: 1875,2680,1750,2711,2706
1717: 1796,1915,2496,2583,2572,2624
1722: 1745,1714,1694
1723: 1698,1707,1693,1725,1682,1692
1725: 1707,1693,1703,1720,1754,1648,1680,1723,1698
1841: 1870,1730,1834,1863,1807,1970,1788
1728: 1792,1756,1819,2607,2677
1807: 1863,1870,1841,1970,1788
1772: 1797,1802,1760,930,981,1729,1846
1736: 1751,1606,1853,507,1776,1960
1737: 1888,925,909
1830: 2489,1907,1882,575,2486,2504,1884,2708,1874,2540,927
1765: 1718
1740: 1798,993
1743: 1670
1778: 1847
1745: 1722,1714,1694
1746: 1708
1796: 1717,1915,2496,2583,2572,2624
1858: 1820,2729,1064,1088
2312: 2219,2288,2252,2250,2309,2238,2331,2214,2311,2024,2225,2251,2131,2249,2253,2244,2246,2300,2216,2162,2247,2256,2129,2107,2150,2185,2323,2283,2159
1750: 2711,2706,1633,1629,586,1875,2701
1751: 1736,1606,1853,507,1776,1960
1752: 1781,996
2132: 2281,2139,2279,2280,2089,2339,2275,2094,2345,2338,2405,2193,2277,2272,2091,2261,2201,2337,2140,2196,2191,2237,2002,2260,2199
1754: 1648,1680,1703,1720,1707,1693,1725,1682
2321: 2319,2341,2420,2156,2322,2432,2320,2415,2356,2403,2357,2158,2352,2414,2355,2310,2419,2416,2365,2378,2265,2055,2178,2400,2314,2313,2315,2406,2309,2308,2016,2154,2238,2318,2316,2226,2155,2353,1961,2235,2225
1756: 1819,1776,1960,2607,1792,1728
2603: 977,2600,2598,2562,2599,2610,2616
1760: 1797,1772,1802,930,981
1917: 1843,1919,1920,1948,1864,1922,569,1986,1955,1910,1890
1763: 1719,1837,1783
1825: 1953,1603
1768: 1832,451,572
1769: 1771,1877,1844
2742: 2569,2533,2741,2737,2511,2597,2739
1771: 1769,1877,1844,507
1773: 918,2286,2595,2449,2407,2350,2551,2655,2596
1775: 1898,2101,2034
1776: 1960,1751,1736,1756,1819
1779: 1767,1791
2163: 2062,2175,2259,2138,2122,2169,2177,2130,2162,2247,2248,2256,2129,2107,2185,2093,2144,2160,2182,2183,2188,2186,2127,2170,2113,2054,2080,2037,2092,2133
1783: 1837,1763,1719
1785: 1928,999
2046: 2324,2241,2408,2386,2243,2363,2361,2292,2439,2388,2424,2411,2044,2423,2425,2242,2245,2381,2344,2404
1787: 1697,511,513
1789: 1600,549,474
2706: 1750,2711,1633,1629,586,1875,2701
1791: 1988,1779,1767
1792: 1728,1756,1819,2607,2677
1793: 1891,908
1798: 1740,993
2076: 568,2045,2204,2187,2272,2091,2258,2108,2049,2090,2075,2115
1802: 1797,1772,1760,930,981,1729,1846
1803: 1876,1877,1844,1766,933
2732: 2735,2734,2727,2680,2715
1890: 1910,1843,1917,1986,1955
2080: 2113,2134,2054,2135,1982,2093,2144,2160,2163,2137,2114,2037,2092,2133,2121,2099
1867: 2578,1913,2189,2255,995,2619
2722: 2692,2721,2674
1811: 
1844: 1877,1769,1876,1803,1771,1766,933,1836
1973: 2053,1947,580,1950,991
1817: 1689
1818: 1978
1819: 1756,1776,1960,1792,1728
1820: 1858,2729,1064,1088
2678: 2730,2715
1919: 1843,1917,1920,1948,1864,1922,569
2143: 2232,2167,2120,2202,2142,2278,2205,2210,2103,2147,2077,2135,1982,2104,2164,2228,2038,2227,2229
2255: 2189,2579,1913,1991,1886,1867,995
1988: 1791,411
2042: 2043,2236,2098,2161
1832: 1768,451,572
2544: 2435,2195,2451
1834: 1730,1870,1841
1836: 1877,1844,1766,933
2619: 2578,1867,995,2600
2580: 1939,2021,2594,444
2604: 2652
1843: 1917,1919,1920,1948,1864,1922,569,1986,1955,1910,1890
1936: 1967,571,576
1846: 1729,1772,1802,452
1847: 1778
2700: 2675,2614,2657,2673,2663,2683,2721,2674,2687,2642
2707: 2724,564,439
1853: 1606,2583,1751,1736
1855: 1984,409,506
2133: 2037,2092,2093,2144,2160,2163,2062,2175,2259,2138,2182,2188,2186,2127,2170,2113,2134,2054,2080
1920: 1940,1921,1823,1941,1948,1864,1922,569,1843,1917,1919
1863: 1807,1870,1841,1970,478,1788
1864: 1948,1922,569,1940,1974,1921,1823,1920,1843,1917,1919
2715: 2727,2730,2678,2732,2735,2734
1987: 2003,2030,1966,1995,2036
2127: 2182,2183,2188,2186,2170,2162,2107,2185,2323,2163,2062,2175,2259,2138,2045,2184,2204,1994,2187,2037,2092,2133,568
1870: 1841,1730,1834,1863,1807,1970,1788
2723: 2664,560
2667: 2606,2690,2660,2639
2002: 2196,2191,2237,2089,2339,2275,2094,2345,2338,2405,2193,2277,2332,2395,2391,2066,2281,2132,2139,2279,2280,2335,2271,2329,2197,2260,2199
1875: 2701,1750,2711,2706
1876: 1803,534,1877,1844
1877: 1844,1769,1876,1803,1771,1766,933,1836
2615: 2659,2096,2290
1882: 575,2486,2504,1884,2708,2489,1830,1907,1874,2540
1883: 1979,444,1992,1991,1886
1884: 2486,2504,2708,1951,2541,1882,1933,2489,1830,1907,2501,927
1886: 1991,1979,1883,2189,2255,995
1887: 1912,1941,1965
1888: 1737,925,909
1951: 2541,2528,2516,2559,1933,2560,2539,2709,2486,2504,1884,2708
2533: 2741,2569,2742,2737,2511
2694: 2646
2684: 2736,2716,2724
1948: 1864,1922,569,1940,1974,1921,1823,1920,1843,1917,1919
1970: 478,1788,1870,1841,1863,1807
1898: 1775,2101,2034
2653: 2151,2450,2561,2568,2534
2222: 2524,2466,2402,2484,2548,2434,2530,2487,2429,2480,2477,2456,2485,2179,2431,2461,2417
2311: 2299,2024,2267,2333,2218,2394,2262,2263,2409,2374,2243,2325,2331,2214,2330,2044,2215,2351,2219,2288,2312,2250,2253,2244,2246,2300,2216
2711: 1750,2706,1633,1629,2680,1875,2701
2695: 2725,2203,2393,990,422
2522: 2547,2430,2471,2555,2483,2484,2548,2556,2481,2482,2303,2460,2458,1989,2179
1907: 2489,1830,1882,575,2486,2504,1884,2708,1874,2540,927
2689: 2493,2613,2609,2564,2610,2630,2611,2704,2658,2647,2646,2644
1910: 1890,1843,1917,1986,1955
2660: 2690,493,2667
1912: 1887,1941,1965,2571
1913: 2563,2623,2579,2602,2189,2255,2578,1867,995
2709: 1933,2560,2539,1951,2541,2504,2708,2501,927
1915: 2496,927,2583,1717,1796
2400: 2055,2178,2314,2313,2315,2406,2306,2301,2305,2307,2432,2320,2415,2356,2403,2357,2158,2355,2105,2304,2389,2319,2341,2156,2321,2270,2346,2231,2190,2318,2316,2180,2317,2155,2353,1961
1921: 1974,1823,2015,1998,2027,1940,1920,1948,1864,1922,569
1922: 1948,1864,569,1940,1921,1823,1920,1843,1917,1919
2034: 2101,1775,1898
1989: 2460,2458,2547,2522,2430,2471,2556,2482,2303,2179,588,2479,2399,2459,2306,2301,2305,2307
1950: 1947,2067,1999,2020,1973,2053
2061: 2018,1995,2036,1998,2027
1928: 1785,999
1972: 1963,1942,2015
2559: 2516,2528,1951,2541,1933,2560,2539,2501
2583: 1606,1853,1915,2496,1717,1796
2031: 2212,2366,2426,2211,2207,2165,2349,1976,583
1933: 2560,2539,2709,2528,1951,2541,2516,2559,2486,2504,1884,2708,2501,927
2588: 2469,2587
2090: 2075,2115,568,2076,2108,2049,2030,1966
1940: 1974,1921,1823,1920,1948,1864,1922
1941: 1965,502,1920,1887,1912
1942: 1963,1972,2015
1995: 1987,2003,2036,1998,2027,2018,2061
2125: 2542
2717: 422,2733
1947: 580,1950,1973,2053
1953: 1825,1603
2113: 2134,2054,2080,2147,2077,2135,1982,2093,2144,2160,2163,2137,2114,2037,2092,2133,2121,2099
1955: 1986,569,1843,1917,1910,1890
2674: 2721,2661,2663,2675,2700,2614,2657,2673,2692,2722,2687,2642
2147: 2077,2135,1982,2120,2202,2142,2278,2122,2169,2143,2144,2228,2038,2227,2229,2137,2114,2113,2134
1960: 1776,1751,1736,1756,1819
1961: 2226,2155,2353,2235,2055,2178,2400,2314,2313,2315,2319,2341,2420,2156,2321,2154,2238,2318,2316,2180,2317,2225,2249,2202,2142,2278,2205,2122,2169,2177,2112,2130,2247,2248,2129
1997: 2348,2445,2443,2168,2233,2383,2166,2385,2367,2418,2208,2359,2384,2366,2426,2211,2207,2232,2213,2167
1963: 1942,1972,2015
1986: 1955,569,1843,1917,1910,1890
1965: 1941,1887,1912
1966: 2030,2108,2049,2090,2075,2065,2011,1987,2003
1967: 1936,571,576
1976: 2366,2426,2211,2207,2232,2213,2167,2031,2210,2103,583,2104,2164
1977: 409,2039
1978: 1818
1979: 1883,1992,1991,1886
1991: 1886,1979,1883,2189,2255,995
1992: 1979,1883,2073,502
2020: 2067,1999,1950,2033,2059,2006,2068
1994: 2045,2184,2204,2187,2107,2150,2185,2323,2283,2159,2282,2110,2182,2183,2188,2186,2127,2170,2091,2261,2258,2181,568
1998: 2027,1995,2036,2015,2018,2061,1974,1921
1999: 2067,2020,1950,2033,2059,2006,2068
2055: 2178,2400,2314,2313,2315,2406,2306,2301,2305,2307,2432,2320,2415,2356,2403,2357,2158,2414,2355,2105,2304,2389,2319,2341,2420,2156,2322,2321,2270,2346,2231,2190,2318,2316,2180,2317,2155,2353,1961
2030: 1966,2108,2049,2090,2075,2065,2011,1987,2003
2003: 1987,2030,1966,1995,2036
2004: 2057,534
2108: 2049,2037,2092,568,2076,2090,2075,2115,2065,2011,2030,1966
2006: 2033,2059,590,1999,2020,2068
2708: 2486,2504,1884,1951,2541,1882,1933,2560,2539,2709,2489,1830,1907,2501,927
2162: 2247,2248,2256,2129,2235,2225,2131,2249,2312,2252,2250,2122,2169,2177,2112,2130,2107,2150,2185,2093,2144,2160,2163,2062,2175,2259,2138,2182,2183,2188,2186,2127,2170
2105: 2304,2389,2479,2399,2459,2306,2301,2305,2307,2432,2320,2403,2383,2166,2385,2367,2055,2178,2400,2313,2315,2406,2208,2359,2384,2270,2346,2231,2190
2026: 2119,1174,1062
2011: 2065,2108,2049,2029,946,2052,2030,1966
2347: 2240,2245,2381,2044,2215,2351,2324,2408,2253,2244,2246,2216,2344,2283,2159,2282,2110,2339,2275,2094,2338
2591: 
2015: 1963,1942,1972,1998,1974,1921
2016: 2309,2308,2154,2238,2357,2355,2310,2419,2416,2365,2378,2265,2267,2333,2218,2319,2341,2420,2156,2322,2321,2331,2214,2330,2226,2155,2235,2225,2251,2131,2249,2219,2288,2252,2250
2018: 2061,1995,2036,1998,2027
2611: 2612,2630,2704,2658,2637,2613,2609,2564,2610,2682,2493,2689,2646
2021: 2594,2580,1939,2579,2602
2057: 2004,534
2639: 2667,2606,2682,2683,2612,2630,2658
2024: 2311,2299,2267,2333,2218,2394,2262,2263,2409,2374,2243,2325,2331,2214,2330,2044,2215,2351,2219,2288,2312,2253,2244,2246,2300,2216,2245,2381
2027: 1998,1995,2018,2061,1974,1921
2146: 2274
2029: 946,2052,2121,2099,2065,2011
2442: 2565,2407,2350,2551
2036: 1987,2003,1995,1998,2018,2061
2037: 2092,2133,2093,2144,2160,2163,2062,2175,2259,2127,2170,2113,2134,2054,2080,2108,2049
2038: 2228,2227,2229,2143,2147,2077,2104,2164,2137,2114,2121,2099
2039: 409,1977
2040: 2465,2364,2392,2512,853,1677,2488,2464,2433,2427,2152,915,1700,1671,2410,2266,2416,2365,2378,2265,2267,2333,2218,2394,2262,2263,2409,2374
2699: 2728,2710,948,2731
2043: 2236,2098,2260,2199,2042
2044: 2215,2351,2394,2262,2374,2293,2243,2363,2325,2292,2439,2311,2299,2024,2046,2324,2241,2408,2386,2244,2246,2300,2216,2240,2347,2245,2381,2344
2045: 2184,2204,1994,2187,2185,2323,2159,2282,2182,2183,2188,2186,2127,2170,2272,2091,2261,2201,2337,2258,2140,2181,568,2076
2716: 2736,2684
2346: 2270,2231,2190,2383,2166,2385,2367,2105,2304,2389,2055,2178,2400,2313,2315,2208,2359,2384,2318,2316,2180,2317,2167,2120,2202,2278
2049: 2108,2037,2092,568,2076,2090,2075,2115,2065,2011,2030,1966
2050: 2087,583,2104,2164,966
2232: 2213,2167,1997,2208,2359,2211,2207,2120,1976,2210,2103,2143
2052: 2029,946,2121,2099,2065,2011
2053: 1973,1947,1950,991
2054: 2113,2134,2080,2135,1982,2093,2144,2160,2163,2062,2137,2114,2037,2092,2133,2121,2099
2059: 2033,2006,590,524,1999,2020,2068
2190: 2270,2346,2231,2166,2367,2105,2304,2389,2055,2178,2400,2314,2313,2315,2406,2208,2359,2384,2318,2316,2180,2317,2167,2120,2202,2142,2278,2205
2062: 2163,2175,2259,2138,2122,2169,2177,2130,2162,2247,2248,2256,2129,2107,2185,2093,2144,2160,2188,2186,2127,2170,2054,2037,2092,2133
2739: 2597,2569,2742,2737,2511,2557,2738
2065: 2011,2108,2049,2029,946,2052,2030,1966
2066: 2332,2395,2391,2340,2437,2405,2193,2277,2422,2474,2196,2191,2237,2002,2335,2271,2329,2197,2428
2067: 1999,2020,1950
2068: 1999,2020,2033,2059,2006,590
2680: 2727,2711,2732,2735,2734,2701
2070: 2336
2575: 2672,2398,2590,2627,1454,1323,503
2072: 2223,940
2073: 1992,502
2074: 2141
2075: 2090,2115,568,2076,2108,2049,2030,1966
2077: 2147,2135,1982,2120,2142,2122,2169,2143,2144,2228,2038,2227,2229,2137,2114,2113,2134
2144: 2093,2160,2202,2142,2278,2205,2122,2169,2177,2112,2130,2162,2247,2248,2256,2129,2147,2077,2135,1982,2163,2062,2175,2259,2138,2113,2134,2054,2080,2037,2092,2133
2103: 2210,2211,2207,2232,2213,2167,2120,1976,2143,2104,2164
2087: 2050,583,2104,2164,966
2521: 2370
2089: 2339,2275,2094,2345,2338,2240,2404,2405,2193,2277,2261,2201,2337,2140,2281,2132,2139,2279,2280,2196,2191,2237,2002
2091: 2272,2261,2201,2337,2258,2140,2181,2159,2282,2339,2094,2338,2045,2184,2204,1994,2187,2281,2132,2139,2279,2280,568,2076
2092: 2037,2133,2093,2144,2160,2163,2062,2175,2127,2170,2113,2134,2054,2080,2108,2049
2093: 2144,2160,2122,2169,2177,2130,2162,2256,2135,1982,2163,2062,2175,2259,2138,2137,2114,2113,2134,2054,2080,2037,2092,2133
2094: 2089,2339,2275,2345,2338,2240,2347,2245,2381,2344,2342,2282,2110,2405,2193,2277,2272,2091,2261,2201,2337,2258,2140,2181,2281,2132,2139,2279,2280,2196,2191,2237,2002
2095: 2570
2096: 2290,2615,2659
2097: 2260,2199,2161,512
2098: 2043,2236,2199,2161,2042
2099: 2121,2228,2038,2227,2229,2137,2114,2113,2134,2054,2080,2029,946,2052
2101: 2034,1775,1898
2641: 2593,514
2202: 2142,2278,2205,2270,2346,2231,2190,2318,2316,2180,2317,2353,1961,2235,2120,2122,2169,2177,2112,2143,2147,2135,1982,2144
2110: 2342,2282,2253,2244,2246,2216,2240,2347,2245,2381,2323,2283,2159,2339,2275,2094,2338,2184,1994,2261,2201,2337,2258,2140,2181
2201: 2272,2091,2261,2337,2258,2140,2181,2159,2282,2110,2089,2339,2094,2345,2338,2045,2204,2281,2132,2139,2279,2280
2112: 2122,2169,2177,2130,2318,2316,2180,2317,2226,2155,2353,1961,2235,2225,2249,2202,2142,2278,2205,2162,2247,2248,2256,2129,2135,2144
2114: 2137,2147,2077,2135,1982,2093,2160,2228,2038,2227,2229,2113,2134,2054,2080,2121,2099
2115: 2090,2075,568,2076,2108,2049
2116: 1985,489
2117: 2206,489
2119: 2026,1174,1062
2120: 2208,2359,2270,2346,2231,2190,2180,2317,2232,2213,2167,2202,2142,2278,2205,2210,2103,2143,2147,2077,2135
2121: 2099,2228,2038,2227,2229,2137,2114,2113,2134,2054,2080,2029,946,2052
2122: 2169,2177,2112,2130,2318,2316,2180,2317,2353,1961,2235,2202,2142,2278,2205,2162,2247,2248,2256,2129,2147,2077,2135,1982,2093,2144,2160,2163,2062
2123: 2586,2550
2238: 2309,2308,2016,2154,2357,2310,2419,2365,2265,2218,2319,2341,2420,2156,2322,2321,2331,2214,2330,2226,2155,2353,1961,2235,2225,2251,2131,2249,2219,2288,2312,2252,2250
2129: 2162,2247,2248,2256,2226,2155,2353,1961,2235,2225,2251,2131,2249,2312,2252,2250,2122,2169,2177,2112,2130,2107,2150,2144,2163,2062,2259,2138
2130: 2122,2169,2177,2112,2318,2226,2155,2353,1961,2235,2225,2131,2249,2142,2278,2205,2162,2247,2248,2256,2129,2135,1982,2093,2144,2160,2163,2062,2175,2259,2138
2131: 2225,2251,2249,2341,2420,2156,2309,2308,2016,2154,2238,2331,2214,2330,2226,2155,2235,2219,2288,2312,2252,2250,2177,2130,2162,2247,2248,2256,2129,2107,2150
2134: 2113,2054,2080,2147,2077,2135,1982,2093,2144,2160,2137,2114,2037,2092,2133,2121,2099
2135: 2147,2077,1982,2120,2202,2142,2278,2205,2122,2169,2177,2112,2130,2143,2093,2144,2160,2228,2137,2114,2113,2134,2054,2080
2258: 2272,2091,2261,2201,2337,2140,2181,2323,2283,2159,2282,2110,2339,2094,2338,2045,2184,2204,1994,2187,2281,2139,2279,2280,568,2076
2137: 2114,2147,2077,2135,1982,2093,2160,2228,2038,2227,2229,2113,2134,2054,2080,2121,2099
2138: 2163,2062,2175,2259,2177,2130,2162,2247,2248,2256,2129,2107,2150,2185,2093,2144,2160,2182,2183,2188,2186,2127,2170,2133
2139: 2281,2132,2279,2280,2089,2339,2094,2345,2338,2193,2272,2091,2261,2201,2337,2258,2140,2181,2196,2191,2237,2002,2260,2199
2140: 2272,2091,2261,2201,2337,2258,2181,2159,2342,2282,2110,2089,2339,2275,2094,2345,2338,2045,2204,2281,2132,2139,2279,2280
2141: 2074
2142: 2202,2278,2205,2270,2190,2318,2316,2180,2317,2353,1961,2120,2122,2169,2177,2112,2130,2143,2147,2077,2135,1982,2144
2148: 2224,2498,2499
2659: 2615,2096,2290
2150: 2107,2185,2225,2251,2131,2249,2219,2288,2312,2252,2250,2253,2244,2246,2300,2216,2162,2247,2256,2129,2323,2283,2159,2175,2259,2138,2182,2183,2188,2186,2184,1994,2187
2151: 2653,2450,2561,2568,2534
2152: 2433,2427,915,2487,2429,2480,2477,2456,2485,2377,2476,2475,2523,2512,853,2461,2157,2417,2379,2465,2364,2392,2040,2357,2352,2414,2355,2310,2419,2416,2365,2378,2265
2377: 2476,2475,2523,2512,2487,2429,2480,2477,2456,2485,853,1677,2461,2157,2417,2379,2433,2427,2152,915,2465,2364
2154: 2309,2308,2016,2238,2357,2158,2355,2310,2419,2365,2265,2218,2319,2341,2420,2156,2322,2321,2331,2214,2330,2226,2155,2353,1961,2235,2225,2251,2131,2249,2219,2288,2252,2250
2155: 2226,2353,1961,2235,2055,2178,2400,2314,2313,2315,2319,2341,2420,2156,2322,2321,2309,2308,2016,2154,2238,2318,2316,2180,2225,2251,2131,2249,2205,2169,2177,2112,2130,2247,2248,2256,2129
2156: 2319,2341,2420,2322,2321,2320,2357,2158,2414,2355,2310,2419,2365,2265,2055,2178,2400,2314,2313,2315,2406,2309,2308,2016,2154,2238,2318,2316,2180,2226,2155,2353,1961,2235,2225,2251,2131,2249
2157: 2461,2417,2379,2466,2402,2487,2429,2480,2477,2456,2485,2377,2476,2475,2523,2512,2431,2433,2427,2152,915,2415,2356,2357,2158,2352,2414,2355,2310,2419,2416,2365,2378,2265
2158: 2357,2352,2414,2355,2310,2431,2461,2157,2417,2379,2432,2320,2415,2356,2403,2419,2416,2365,2378,2265,2055,2178,2400,2314,2313,2406,2319,2341,2420,2156,2322,2321,2308,2154
2159: 2323,2283,2312,2253,2244,2246,2240,2347,2107,2150,2185,2282,2110,2182,2183,2188,2186,2045,2184,2204,1994,2187,2272,2091,2261,2201,2337,2258,2140,2181
2160: 2093,2144,2122,2169,2177,2130,2162,2248,2256,2135,1982,2163,2062,2175,2259,2138,2137,2114,2113,2134,2054,2080,2037,2092,2133
2161: 2260,2199,2098,2097,2042,512
2164: 2104,1976,2210,2103,2143,2228,2038,2227,2229,2050,2087
2165: 2349,2212,2031,583
2166: 2383,2385,2367,588,2479,2399,2306,2301,2305,2307,2445,2443,2168,2233,2105,2304,2389,1997,2348,2208,2359,2384,2270,2346,2231,2190
2167: 2232,2213,1997,2348,2208,2359,2384,2270,2346,2231,2190,2211,2207,2120,1976,2210,2103,2143
2168: 2445,2443,2233,588,2479,2399,2459,2383,2166,2385,2367,2418,1997,2348,2208,2359,2384
2169: 2122,2177,2112,2130,2318,2316,2180,2317,2226,2155,2353,1961,2235,2225,2249,2202,2142,2278,2205,2162,2247,2248,2256,2129,2147,2077,2135,1982,2093,2144,2160,2163,2062
2170: 2182,2183,2188,2186,2127,2162,2256,2107,2185,2163,2062,2175,2259,2138,2045,2184,1994,2187,2037,2092,2133,568
2406: 2055,2178,2400,2314,2313,2315,2306,2301,2305,2307,2432,2320,2415,2356,2403,2357,2158,2352,2414,2355,2105,2304,2389,2319,2341,2156,2322,2321,2270,2231,2190,2318,2316
2658: 2612,2630,2611,2704,2639,2637,2613,2609,2564,2610,2682,2493,2689
2173: 2358,2198,2145
2174: 2455,589
2175: 2163,2062,2259,2138,2130,2162,2248,2256,2107,2150,2185,2093,2144,2160,2182,2183,2188,2186,2127,2170,2037,2092,2133
2734: 2732,2735,2727,2680,2715
2177: 2122,2169,2112,2130,2318,2316,2180,2317,2226,2155,2353,1961,2235,2225,2251,2131,2249,2202,2142,2278,2205,2162,2247,2248,2256,2129,2135,1982,2093,2144,2160,2163,2062,2259,2138
2178: 2055,2400,2314,2313,2315,2406,2301,2305,2307,2320,2403,2357,2158,2355,2105,2304,2389,2319,2341,2420,2156,2322,2321,2270,2346,2231,2190,2318,2316,2180,2317,2226,2155,2353,1961,2235
2179: 2547,2522,2430,2471,2484,2548,2434,2530,2524,2222,2466,2402,2460,2458,1989,2431,2459,2306,2301,2305,2307,2432,2415,2403
2180: 2318,2316,2317,2304,2389,2055,2178,2400,2314,2313,2315,2156,2270,2346,2231,2190,2155,2353,1961,2235,2120,2202,2142,2278,2205,2122,2169,2177,2112
2181: 2272,2091,2261,2201,2337,2258,2140,2323,2283,2159,2342,2282,2110,2339,2094,2338,2045,2184,2204,1994,2187,2281,2139,2279,2280,568
2182: 2183,2188,2186,2127,2170,2162,2107,2150,2185,2323,2283,2159,2163,2175,2259,2138,2045,2184,2204,1994,2187,2133,568
2183: 2182,2188,2186,2127,2170,2162,2256,2107,2150,2185,2323,2283,2159,2163,2175,2259,2138,2045,2184,2204,1994,2187,568
2184: 2045,2204,1994,2187,2107,2150,2185,2323,2283,2159,2282,2110,2182,2183,2188,2186,2127,2170,2272,2091,2261,2337,2258,2181,568
2185: 2107,2150,2249,2312,2252,2250,2253,2244,2246,2162,2256,2323,2283,2159,2163,2062,2175,2259,2138,2182,2183,2188,2186,2127,2170,2045,2184,2204,1994,2187
2186: 2182,2183,2188,2127,2170,2162,2256,2107,2150,2185,2323,2159,2163,2062,2175,2259,2138,2045,2184,2204,1994,2187,2133,568
2187: 2045,2184,2204,1994,2107,2150,2185,2323,2159,2282,2182,2183,2188,2186,2127,2170,2272,2091,2258,2181,568,2076
2188: 2182,2183,2186,2127,2170,2162,2256,2107,2150,2185,2323,2159,2163,2062,2175,2259,2138,2045,2184,2204,1994,2187,2133,568
2189: 2255,2579,1913,1991,1886,1867,995
2191: 2196,2237,2002,2089,2339,2275,2094,2345,2338,2405,2193,2277,2332,2395,2391,2066,2281,2132,2139,2279,2280,2335,2271,2329,2197,2260,2199
2683: 2682,2639,2612,2630,2675,2700,2614,2657,2673
2193: 2405,2277,2404,2340,2437,2089,2339,2275,2094,2345,2338,2332,2395,2391,2066,2281,2132,2139,2279,2196,2191,2237,2002,2335,2271,2329,2197
2344: 2044,2215,2351,2046,2324,2241,2408,2386,2423,2425,2242,2240,2347,2245,2381,2404,2275,2094,2338
2195: 2435,2544,2451,2340,2437,2422
2196: 2191,2237,2002,2089,2339,2275,2094,2345,2338,2405,2193,2277,2332,2395,2391,2066,2281,2132,2139,2279,2280,2335,2271,2260,2199
2197: 2335,2271,2329,2193,2332,2395,2391,2066,2422,2474,2191,2237,2002,2428,2529,2260,2199
2198: 2145,2173,2358
2199: 2260,2281,2132,2139,2279,2280,2196,2191,2237,2002,2335,2271,2329,2197,2043,2236,2098,2161,2097
2343: 2436
2203: 2393,2695,2725
2204: 2045,2184,1994,2187,2185,2159,2282,2182,2183,2188,2186,2127,2272,2091,2261,2201,2337,2258,2140,2181,568,2076
2205: 2202,2142,2278,2270,2190,2318,2316,2180,2317,2226,2155,2353,1961,2235,2120,2122,2169,2177,2112,2130,2143,2135,1982,2144
2206: 2117,489
2207: 2211,2418,1997,2348,2208,2359,2366,2426,2232,2213,2167,2031,1976,2210,2103
2208: 2359,2384,2443,2168,2233,2383,2166,2385,2367,2105,2304,2389,1997,2348,2270,2346,2231,2190,2211,2207,2232,2213,2167,2120
2209: 2446,2447,2448,455
2210: 2103,2211,2207,2232,2213,2167,2120,1976,2143,2104,2164
2211: 2207,1997,2348,2208,2359,2366,2426,2232,2213,2167,2031,1976,2210,2103
2212: 2418,2366,2426,2165,2349,2031
2213: 2232,2167,1997,2348,2208,2359,2211,2207,2120,1976,2210,2103
2214: 2331,2330,2365,2265,2267,2333,2218,2263,2374,2309,2308,2016,2154,2238,2311,2299,2024,2225,2251,2131,2249,2219,2288,2312,2252,2250,2253,2246,2300,2216
2215: 2044,2351,2394,2262,2374,2243,2325,2292,2439,2311,2299,2024,2324,2241,2408,2253,2244,2246,2300,2216,2240,2347,2245,2381,2344
2216: 2253,2244,2246,2300,2331,2214,2330,2311,2299,2024,2044,2215,2351,2219,2288,2312,2252,2250,2347,2107,2150,2323,2283,2110
2217: 2362,2454,2334,2488,2464,2268,2463,2462,2410,2266,2505,2373,2394,2262,2293,2243,2363,2361,2325,2292,2439
2218: 2267,2333,915,2465,2392,2040,2419,2416,2365,2378,2265,2394,2262,2263,2409,2374,2309,2308,2016,2154,2238,2331,2214,2330,2311,2299,2024
2219: 2288,2312,2252,2250,2309,2308,2016,2154,2238,2331,2214,2330,2311,2024,2225,2251,2131,2249,2253,2244,2246,2300,2216,2247,2107,2150,2323,2283
2353: 2226,2155,1961,2235,2055,2178,2400,2314,2313,2315,2319,2341,2156,2321,2154,2238,2318,2316,2180,2317,2225,2249,2202,2142,2278,2205,2122,2169,2177,2112,2130,2247,2248,2256,2129
2223: 2072
2224: 2148,2498,2499
2225: 2251,2131,2249,2319,2341,2420,2156,2322,2321,2309,2308,2016,2154,2238,2331,2214,2330,2226,2155,2353,1961,2235,2219,2288,2312,2252,2250,2169,2177,2112,2130,2162,2247,2248,2256,2129,2107,2150
2226: 2155,2353,1961,2235,2178,2314,2319,2341,2420,2156,2322,2321,2309,2308,2016,2154,2238,2318,2316,2225,2251,2131,2249,2205,2169,2177,2112,2130,2247,2248,2256,2129
2227: 2228,2038,2229,2143,2147,2077,2104,2164,2137,2114,2121,2099
2228: 2038,2227,2229,2143,2147,2077,2135,1982,2104,2164,2137,2114,2121,2099
2229: 2228,2038,2227,2143,2147,2077,2104,2164,2137,2114,2121,2099
2437: 2340,2382,2404,2435,2195,2405,2193,2277,2332,2395,2391,2066,2422,2474
2231: 2270,2346,2190,2383,2166,2385,2367,2105,2304,2389,2055,2178,2400,2314,2313,2315,2406,2208,2359,2384,2318,2316,2180,2317,2167,2120,2202,2278
2235: 2226,2155,2353,1961,2178,2314,2313,2319,2341,2420,2156,2321,2309,2308,2016,2154,2238,2318,2316,2180,2317,2225,2251,2131,2249,2202,2278,2205,2122,2169,2177,2112,2130,2162,2247,2248,2256,2129
2236: 2043,2098,2260,2199,2042
2237: 2196,2191,2002,2089,2339,2094,2345,2338,2405,2193,2277,2395,2066,2281,2132,2139,2279,2280,2335,2271,2329,2197,2260,2199
2599: 2600,2598,2562,2603,2616,2528
2240: 2347,2245,2381,2044,2215,2351,2324,2241,2408,2253,2244,2246,2344,2283,2159,2282,2110,2089,2339,2275,2094,2345,2338
2241: 2046,2324,2408,2386,2293,2243,2363,2361,2325,2292,2439,2424,2411,2044,2215,2351,2423,2425,2242,2240,2245,2381,2344
2242: 2423,2425,2292,2439,2388,2424,2411,2452,2497,2046,2324,2241,2408,2386,2382,2344,2404
2243: 2293,2363,2361,2325,2410,2266,2217,2362,2454,2334,2373,2394,2262,2263,2409,2374,2292,2439,2311,2299,2024,2044,2215,2351,2046,2324,2241,2408,2386
2244: 2253,2246,2300,2216,2331,2311,2299,2024,2044,2215,2351,2219,2288,2312,2240,2347,2245,2381,2107,2150,2185,2323,2283,2159,2282,2110
2245: 2240,2347,2381,2299,2024,2044,2215,2351,2046,2324,2241,2408,2386,2244,2246,2344,2283,2110,2339,2275,2094,2338
2246: 2253,2244,2300,2216,2331,2214,2311,2299,2024,2044,2215,2351,2219,2288,2312,2252,2250,2240,2347,2245,2381,2107,2150,2185,2323,2283,2159,2282,2110
2247: 2162,2248,2256,2129,2226,2155,2353,1961,2235,2225,2251,2131,2249,2219,2288,2312,2252,2250,2122,2169,2177,2112,2130,2107,2150,2144,2163,2062,2259,2138
2248: 2162,2247,2256,2129,2226,2155,2353,1961,2235,2225,2251,2131,2249,2252,2250,2122,2169,2177,2112,2130,2107,2144,2160,2163,2062,2175,2259,2138
2249: 2225,2251,2131,2341,2156,2309,2308,2016,2154,2238,2214,2226,2155,2353,1961,2235,2219,2288,2312,2252,2250,2169,2177,2112,2130,2162,2247,2248,2256,2129,2107,2150,2185
2250: 2219,2288,2312,2252,2309,2308,2016,2154,2238,2331,2214,2311,2225,2251,2131,2249,2253,2246,2300,2216,2162,2247,2248,2256,2129,2107,2150,2185,2323
2251: 2225,2131,2249,2341,2420,2156,2322,2309,2308,2016,2154,2238,2331,2214,2330,2226,2155,2235,2219,2288,2312,2252,2250,2177,2247,2248,2256,2129,2107,2150
2252: 2219,2288,2312,2250,2309,2308,2016,2154,2238,2331,2214,2225,2251,2131,2249,2253,2246,2300,2216,2162,2247,2248,2256,2129,2107,2150,2185,2323,2283
2253: 2244,2246,2300,2216,2331,2214,2311,2024,2215,2351,2219,2288,2312,2252,2250,2240,2347,2107,2150,2185,2323,2283,2159,2282,2110
2731: 2728,2699,2710
2256: 2162,2247,2248,2129,2226,2155,2353,2235,2225,2251,2131,2249,2312,2252,2250,2122,2169,2177,2112,2130,2107,2150,2185,2093,2144,2160,2163,2062,2175,2259,2138,2183,2188,2186,2170
2663: 2661,2633,945,2721,2674,2675,2700,2614,2657,2673
2259: 2163,2062,2175,2138,2177,2130,2162,2247,2248,2256,2129,2107,2150,2185,2093,2144,2160,2182,2183,2188,2186,2127,2170,2037,2133
2260: 2199,2281,2132,2139,2279,2280,2196,2191,2237,2002,2335,2271,2329,2197,2043,2236,2161,2097
2262: 2394,2263,2409,2374,2392,2040,1671,2410,2266,2217,2362,2454,2334,2267,2333,2218,2293,2243,2363,2361,2325,2331,2330,2311,2299,2024,2044,2215,2351
2263: 2394,2262,2409,2374,2465,2364,2392,2040,1700,1671,2410,2266,2267,2333,2218,2293,2243,2325,2331,2214,2330,2311,2299,2024
2600: 2598,2562,2599,2619,2603,2616,2528
2265: 2419,2416,2365,2378,2157,2379,2433,2152,915,2465,2364,2392,2040,2357,2158,2352,2414,2355,2310,2267,2333,2218,2319,2341,2420,2156,2322,2321,2309,2308,2016,2154,2238,2331,2214,2330
2266: 1701,1700,1671,2410,1677,2488,2464,2268,2463,2462,2465,2364,2392,2040,2217,2362,2454,2334,2267,2333,2394,2262,2263,2409,2374,2293,2243,2363,2361,2325
2267: 2333,2218,915,2465,2364,2392,2040,2410,2266,2416,2365,2378,2265,2394,2262,2263,2409,2374,2309,2308,2016,2331,2214,2330,2311,2299,2024
2268: 2463,2462,2488,2464,1700,2410,2266,2217,2362,2454,2334,2505,2373
2307: 2306,2301,2305,2460,2458,1989,2179,2431,2479,2399,2459,2432,2320,2415,2356,2403,2383,2166,2385,2367,2105,2304,2389,2055,2178,2400,2314,2313,2315,2406
2270: 2346,2231,2190,2166,2367,2105,2304,2389,2055,2178,2400,2314,2313,2315,2406,2208,2359,2384,2318,2316,2180,2317,2167,2120,2202,2142,2278,2205
2271: 2335,2329,2197,2405,2193,2277,2332,2395,2391,2066,2422,2474,2196,2191,2237,2002,2428,2260,2199
2272: 2091,2261,2201,2337,2258,2140,2181,2159,2282,2339,2094,2338,2045,2184,2204,2187,2281,2132,2139,2279,2280,568,2076
2469: 2588,2587
2274: 2146
2275: 2089,2339,2094,2345,2338,2240,2347,2245,2381,2344,2404,2110,2405,2193,2277,2261,2337,2140,2281,2132,2196,2191,2002
2669: 503
2277: 2405,2193,2404,2340,2437,2089,2339,2275,2094,2345,2338,2332,2395,2391,2066,2132,2196,2191,2237,2002,2335,2271
2278: 2202,2142,2205,2270,2346,2231,2190,2318,2316,2180,2317,2353,1961,2235,2120,2122,2169,2177,2112,2130,2143,2147,2135,1982,2144
2279: 2281,2132,2139,2280,2089,2339,2094,2345,2338,2193,2272,2091,2261,2201,2337,2258,2140,2181,2196,2191,2237,2002,2260,2199
2280: 2281,2132,2139,2279,2089,2339,2094,2345,2338,2272,2091,2261,2201,2337,2258,2140,2181,2196,2191,2237,2002,2260,2199
2282: 2342,2110,2253,2244,2246,2240,2347,2323,2283,2159,2339,2094,2338,2045,2184,2204,1994,2187,2272,2091,2261,2201,2337,2258,2140,2181,2281
2283: 2323,2159,2219,2288,2312,2252,2253,2244,2246,2300,2216,2240,2347,2245,2381,2107,2150,2185,2282,2110,2182,2183,2184,1994,2261,2337,2258,2181
2345: 2089,2339,2275,2094,2338,2240,2405,2193,2277,2261,2201,2337,2140,2281,2132,2139,2279,2280,2196,2191,2237,2002
2285: 2550,2543
2286: 2595,1773,918,2350
2287: 2519,485
2288: 2219,2312,2252,2250,2309,2308,2016,2154,2238,2331,2214,2330,2311,2299,2024,2225,2251,2131,2249,2253,2244,2246,2300,2216,2247,2107,2150,2323,2283
2290: 2096,2615,2659
2291: 2438,2505,2373,2439,2388,2424,2411,2452,2497
2292: 2439,2217,2362,2505,2373,2293,2243,2363,2361,2325,2388,2424,2411,2044,2215,2046,2324,2241,2408,2386,2423,2425,2242
2293: 2243,2363,2361,2325,2410,2266,2217,2362,2454,2334,2505,2373,2394,2262,2263,2409,2374,2292,2439,2299,2044,2324,2241,2386
2724: 564,2736,2684,439,2707
2601: 2467,2514,2550,2543,2574
2543: 2285,2550,2467,2514,2601,2573
2439: 2292,2217,2362,2505,2373,2291,2293,2243,2363,2361,2325,2388,2424,2411,2044,2215,2046,2324,2241,2408,2386,2423,2425,2242
2525: 2371,572
2299: 2311,2024,2267,2333,2218,2394,2262,2263,2409,2374,2293,2243,2325,2331,2214,2330,2044,2215,2351,2288,2244,2246,2300,2216,2245
2300: 2253,2244,2246,2216,2331,2214,2330,2311,2299,2024,2044,2215,2351,2219,2288,2312,2252,2250,2107,2150,2323,2283
2301: 2306,2305,2307,2460,2458,1989,2179,2431,2479,2399,2459,2432,2320,2415,2356,2403,2383,2166,2385,2367,2105,2304,2389,2055,2178,2400,2314,2313,2315,2406
2741: 2533,2569,2742,2737,2511
2303: 2556,2481,2482,2555,2483,2547,2522,2430,2471,2460,2458,1989,588,2479,2399,2459
2304: 2105,2389,2399,2306,2301,2305,2307,2320,2403,2383,2166,2385,2367,2055,2178,2400,2314,2313,2315,2406,2208,2359,2384,2270,2346,2231,2190,2318,2316,2180,2317
2305: 2306,2301,2307,2460,2458,1989,2179,2431,2479,2399,2459,2432,2320,2415,2356,2403,2383,2166,2385,2367,2105,2304,2389,2055,2178,2400,2314,2313,2315,2406
2306: 2301,2305,2307,2460,2458,1989,2179,2431,2479,2399,2459,2432,2320,2415,2356,2403,2383,2166,2385,2367,2105,2304,2389,2055,2400,2313,2315,2406
2308: 2309,2016,2154,2238,2357,2158,2352,2414,2355,2310,2419,2416,2365,2378,2265,2267,2333,2218,2319,2341,2420,2156,2322,2321,2331,2214,2330,2226,2155,2235,2225,2251,2131,2249,2219,2288,2252,2250
2309: 2308,2016,2154,2238,2310,2419,2365,2378,2265,2267,2333,2218,2319,2341,2420,2156,2322,2321,2331,2214,2330,2226,2155,2235,2225,2251,2131,2249,2219,2288,2312,2252,2250
2310: 2357,2158,2352,2414,2355,2461,2157,2417,2379,2433,2152,915,2320,2415,2356,2419,2416,2365,2378,2265,2319,2341,2420,2156,2322,2321,2309,2308,2016,2154,2238
2313: 2055,2178,2400,2314,2315,2406,2306,2301,2305,2307,2320,2403,2158,2105,2304,2389,2319,2341,2156,2321,2270,2346,2231,2190,2318,2316,2180,2317,2155,2353,1961,2235
2314: 2055,2178,2400,2313,2315,2406,2301,2305,2307,2320,2356,2403,2357,2158,2355,2304,2389,2319,2341,2420,2156,2322,2321,2270,2231,2190,2318,2316,2180,2317,2226,2155,2353,1961,2235
2315: 2055,2178,2400,2314,2313,2406,2306,2301,2305,2307,2320,2403,2105,2304,2389,2319,2341,2156,2321,2270,2346,2231,2190,2318,2316,2180,2317,2155,2353,1961
2316: 2318,2180,2317,2304,2389,2055,2178,2400,2314,2313,2315,2406,2319,2341,2156,2321,2270,2346,2231,2190,2226,2155,2353,1961,2235,2202,2142,2278,2205,2122,2169,2177,2112
2317: 2318,2316,2180,2304,2389,2055,2178,2400,2314,2313,2315,2270,2346,2231,2190,2353,1961,2235,2120,2202,2142,2278,2205,2122,2169,2177,2112
2318: 2316,2180,2317,2304,2389,2055,2178,2400,2314,2313,2315,2406,2319,2341,2156,2321,2270,2346,2231,2190,2226,2155,2353,1961,2235,2202,2142,2278,2205,2122,2169,2177,2112,2130
2319: 2341,2420,2156,2322,2321,2432,2320,2415,2356,2403,2357,2158,2352,2414,2355,2310,2419,2416,2365,2378,2265,2055,2178,2400,2314,2313,2315,2406,2309,2308,2016,2154,2238,2318,2316,2226,2155,2353,1961,2235,2225
2320: 2432,2415,2356,2403,2431,2461,2417,2306,2301,2305,2307,2357,2158,2352,2414,2355,2310,2105,2304,2389,2055,2178,2400,2314,2313,2315,2406,2319,2341,2420,2156,2322,2321
2322: 2319,2341,2420,2156,2321,2320,2415,2356,2357,2158,2352,2414,2355,2310,2419,2416,2365,2378,2265,2055,2178,2314,2406,2309,2308,2016,2154,2238,2226,2155,2225,2251
2323: 2283,2159,2219,2288,2312,2252,2250,2253,2244,2246,2300,2216,2107,2150,2185,2282,2110,2182,2183,2188,2186,2127,2045,2184,1994,2187,2261,2258,2181
2324: 2046,2241,2408,2386,2293,2243,2363,2361,2325,2292,2439,2424,2411,2044,2215,2351,2423,2425,2242,2240,2347,2245,2381,2344
2325: 2293,2243,2363,2361,2410,2266,2217,2362,2394,2262,2263,2409,2374,2292,2439,2311,2299,2024,2044,2215,2351,2324,2241
2523: 2377,2476,2475,2512,2487,2429,2480,2477,2456,2485,853,1677,2157,2433,2427,2152,915,2465,2364
2407: 2350,2551,2565,2442,1773,918,2655,2596
2735: 2732,2734,2727,2680,2715
2329: 2335,2271,2197,2193,2332,2395,2391,2066,2422,2474,2191,2237,2002,2428,2529,2260,2199
2330: 2331,2214,2419,2416,2365,2378,2265,2267,2333,2218,2394,2262,2263,2409,2374,2309,2308,2016,2154,2238,2311,2299,2024,2225,2251,2131,2219,2288,2300,2216
2331: 2214,2330,2365,2265,2267,2333,2218,2394,2262,2263,2409,2374,2309,2308,2016,2154,2238,2311,2299,2024,2225,2251,2131,2219,2288,2312,2252,2250,2253,2244,2246,2300,2216
2332: 2395,2391,2066,2404,2340,2437,2435,2405,2193,2277,2422,2474,2196,2191,2002,2335,2271,2329,2197,2428,2529
2333: 2267,2218,915,2465,2364,2392,2040,1671,2410,2266,2419,2416,2365,2378,2265,2394,2262,2263,2409,2374,2309,2308,2016,2331,2214,2330,2311,2299,2024
2334: 2217,2362,2454,2488,2464,2268,2463,2462,1700,1671,2410,2266,2505,2373,2394,2262,2409,2293,2243,2363,2361
2335: 2271,2329,2197,2405,2193,2277,2332,2395,2391,2066,2422,2474,2196,2191,2237,2002,2428,2529,2260,2199
2336: 2070
2337: 2272,2091,2261,2201,2258,2140,2181,2283,2159,2342,2282,2110,2089,2339,2275,2094,2345,2338,2045,2184,2204,2281,2132,2139,2279,2280
2338: 2089,2339,2275,2094,2345,2240,2347,2245,2381,2344,2342,2282,2110,2405,2193,2277,2272,2091,2261,2201,2337,2258,2140,2181,2281,2132,2139,2279,2280,2196,2191,2237,2002
2339: 2089,2275,2094,2345,2338,2240,2347,2245,2381,2342,2282,2110,2405,2193,2277,2272,2091,2261,2201,2337,2258,2140,2181,2281,2132,2139,2279,2280,2196,2191,2237,2002
2340: 2437,2382,2404,2435,2195,2405,2193,2277,2332,2395,2391,2066,2422,2474
2341: 2319,2420,2156,2322,2321,2320,2357,2158,2414,2355,2310,2419,2365,2265,2055,2178,2400,2314,2313,2315,2406,2309,2308,2016,2154,2238,2318,2316,2226,2155,2353,1961,2235,2225,2251,2131,2249
2342: 2282,2110,2339,2094,2338,2261,2337,2140,2181
2348: 1997,2445,2443,2168,2233,2383,2166,2385,2367,2418,2208,2359,2384,2366,2426,2211,2207,2213,2167
2349: 2165,2212,2031,583
2350: 2407,2551,2286,2565,2442,1773,918,2655,2596
2351: 2044,2215,2394,2262,2374,2243,2325,2311,2299,2024,2324,2241,2408,2253,2244,2246,2300,2216,2240,2347,2245,2381,2344
2352: 2357,2158,2414,2355,2310,2431,2461,2157,2417,2379,2433,2427,2152,915,2432,2320,2415,2356,2403,2419,2416,2365,2378,2265,2406,2319,2420,2322,2321,2308
2590: 2627,2573,2495,2398,2575,2672,1454,1323
2355: 2357,2158,2352,2414,2310,2431,2461,2157,2417,2379,2152,2432,2320,2415,2356,2403,2419,2416,2365,2378,2265,2055,2178,2400,2314,2406,2319,2341,2420,2156,2322,2321,2308,2016,2154
2356: 2432,2320,2415,2403,2431,2461,2157,2417,2379,2306,2301,2305,2307,2357,2158,2352,2414,2355,2310,2055,2400,2314,2406,2319,2420,2322,2321
2357: 2158,2352,2414,2355,2310,2461,2157,2417,2379,2433,2152,2432,2320,2415,2356,2403,2419,2416,2365,2378,2265,2055,2178,2400,2314,2406,2319,2341,2420,2156,2322,2321,2308,2016,2154,2238
2358: 2173,2198,2145
2359: 2208,2384,2443,2168,2233,2383,2166,2385,2367,2105,2304,2389,1997,2348,2270,2346,2231,2190,2211,2207,2232,2213,2167,2120
2360: 2444,2491,2503
2361: 2293,2243,2363,2325,2410,2266,2217,2362,2454,2334,2505,2373,2394,2262,2292,2439,2046,2324,2241,2386
2362: 2217,2454,2334,2488,2464,2268,2463,2462,2410,2266,2505,2373,2394,2262,2409,2293,2243,2363,2361,2325,2292,2439
2363: 2293,2243,2361,2325,2410,2266,2217,2362,2454,2334,2505,2373,2394,2262,2292,2439,2044,2046,2324,2241,2386
2364: 2465,2392,2040,2377,2476,2475,2523,2512,853,1677,2488,2464,2433,2427,2152,915,1701,1700,1671,2410,2266,2416,2365,2378,2265,2267,2333,2394,2263,2409
2365: 2419,2416,2378,2265,2157,2379,2433,2152,915,2465,2364,2392,2040,2357,2158,2352,2414,2355,2310,2267,2333,2218,2319,2341,2420,2156,2322,2321,2309,2308,2016,2154,2238,2331,2214,2330
2366: 2426,2418,1997,2348,2212,2211,2207,2031,1976
2367: 2383,2166,2385,588,2479,2399,2459,2306,2301,2305,2307,2445,2443,2168,2233,2105,2304,2389,1997,2348,2208,2359,2384,2270,2346,2231,2190
2369: 2473
2370: 2521
2371: 2525,572
2485: 2487,2429,2480,2477,2456,2524,2222,2466,2402,2377,2476,2475,2523,2512,2431,2461,2157,2417,2379,2433,2427,2152
2373: 2505,2268,2463,2462,2217,2362,2454,2334,2438,2291,2293,2243,2363,2361,2292,2439,2411
2374: 2394,2262,2263,2409,2392,2040,2410,2266,2267,2333,2218,2293,2243,2325,2331,2214,2330,2311,2299,2024,2044,2215,2351
2555: 2483,2547,2522,2430,2471,2556,2481,2482,2303
2740: 2629,2557,2738
2378: 2419,2416,2365,2265,2157,2417,2379,2433,2427,2152,915,2465,2364,2392,2040,2357,2158,2352,2414,2355,2310,2267,2333,2218,2319,2420,2322,2321,2309,2308,2016,2330
2379: 2461,2157,2417,2402,2429,2480,2456,2485,2377,2475,2512,2431,2433,2427,2152,915,2415,2356,2357,2158,2352,2414,2355,2310,2419,2416,2365,2378,2265
2477: 2487,2429,2480,2456,2485,2524,2222,2466,2402,2377,2476,2475,2523,2512,2461,2157,2433,2427,2152,915
2381: 2240,2347,2245,2024,2044,2215,2351,2046,2324,2241,2408,2386,2244,2246,2344,2283,2110,2339,2275,2094,2338
2382: 2388,2424,2452,2497,2423,2425,2242,2404,2340,2437
2383: 2166,2385,2367,588,2479,2399,2306,2301,2305,2307,2445,2443,2168,2233,2105,2304,2389,1997,2348,2208,2359,2384,2346,2231
2384: 2208,2359,2445,2443,2168,2233,2383,2166,2385,2367,2105,2304,2389,1997,2348,2270,2346,2231,2190,2167
2385: 2383,2166,2367,588,2479,2399,2459,2306,2301,2305,2307,2445,2443,2168,2233,2105,2304,2389,1997,2348,2208,2359,2384,2346,2231
2386: 2046,2324,2241,2408,2293,2243,2363,2361,2292,2439,2388,2424,2411,2044,2423,2425,2242,2245,2381,2344
2466: 2524,2222,2402,2484,2548,2434,2530,2487,2429,2480,2477,2456,2485,2179,2431,2461,2157,2417
2388: 2424,2411,2438,2291,2292,2439,2452,2497,2046,2386,2423,2425,2242,2382
2389: 2105,2304,2479,2399,2306,2301,2305,2307,2320,2383,2166,2385,2367,2055,2178,2400,2314,2313,2315,2406,2208,2359,2384,2270,2346,2231,2190,2318,2316,2180,2317
2524: 2222,2466,2402,2484,2548,2434,2530,2487,2429,2480,2477,2456,2485,2179,2431,2461,2417
2391: 2332,2395,2066,2404,2340,2437,2435,2405,2193,2277,2422,2474,2196,2191,2002,2335,2271,2329,2197,2428,2529
2392: 2465,2364,2040,2512,853,1677,2488,2464,2427,2152,915,1701,1700,1671,2410,2266,2416,2365,2378,2265,2267,2333,2218,2394,2262,2263,2409,2374
2393: 2203,2695,2725
2394: 2262,2263,2409,2374,2465,2364,2392,2040,1700,1671,2410,2266,2217,2362,2454,2334,2267,2333,2218,2293,2243,2363,2361,2325,2331,2330,2311,2299,2024,2044,2215,2351
2395: 2332,2391,2066,2340,2437,2405,2193,2277,2422,2474,2196,2191,2237,2002,2335,2271,2329,2197,2428,2529
2396: 2455
2488: 2464,853,1677,2268,2463,2462,2465,2364,2392,2040,1701,1700,1671,2410,2266,2217,2362,2454,2334
2398: 2573,2495,2574,2590,2627,2635,2575,2672
2399: 2479,2459,2556,2482,2303,2460,2458,1989,588,2306,2301,2305,2307,2445,2443,2168,2233,2383,2166,2385,2367,2105,2304,2389
2570: 2095
2402: 2524,2222,2466,2548,2434,2530,2487,2429,2480,2477,2456,2485,2179,2431,2461,2157,2417,2379
2403: 2432,2320,2415,2356,2179,2431,2461,2417,2306,2301,2305,2307,2357,2158,2352,2414,2355,2105,2304,2055,2178,2400,2314,2313,2315,2406,2319,2321
2404: 2046,2408,2423,2425,2242,2382,2344,2340,2437,2089,2275,2405,2193,2277,2332,2391
2405: 2193,2277,2404,2340,2437,2089,2339,2275,2094,2345,2338,2332,2395,2391,2066,2281,2132,2196,2191,2237,2002,2335,2271
2408: 2046,2324,2241,2386,2243,2292,2439,2424,2044,2215,2351,2423,2425,2242,2240,2347,2245,2381,2344,2404
2409: 2394,2262,2263,2374,2465,2364,2392,2040,1700,1671,2410,2266,2362,2334,2267,2333,2218,2293,2243,2325,2331,2330,2311,2299,2024
2410: 1701,1700,1671,2266,2488,2464,2268,2463,2462,2465,2364,2392,2040,2217,2362,2454,2334,2267,2333,2394,2262,2263,2409,2374,2293,2243,2363,2361,2325
2411: 2388,2424,2505,2373,2438,2291,2292,2439,2452,2497,2046,2324,2241,2386,2423,2425,2242
2593: 2641,514
2560: 1933,2539,2709,2528,1951,2541,2516,2559,2486,2504,2708,2501,927
2414: 2357,2158,2352,2355,2310,2431,2461,2157,2417,2379,2433,2152,915,2432,2320,2415,2356,2403,2419,2416,2365,2378,2265,2055,2406,2319,2341,2420,2156,2322,2321,2308
2415: 2432,2320,2356,2403,2179,2431,2461,2157,2417,2379,2306,2301,2305,2307,2357,2158,2352,2414,2355,2310,2055,2400,2406,2319,2322,2321
2416: 2419,2365,2378,2265,2461,2157,2417,2379,2433,2427,2152,915,2465,2364,2392,2040,2357,2158,2352,2414,2355,2310,2267,2333,2218,2319,2420,2322,2321,2308,2016,2330
2417: 2461,2157,2379,2524,2222,2466,2402,2487,2429,2480,2456,2485,2377,2431,2433,2152,2432,2320,2415,2356,2403,2357,2158,2352,2414,2355,2310,2419,2416,2378
2418: 2445,2443,2168,2233,1997,2348,2212,2366,2426,2207
2419: 2416,2365,2378,2265,2461,2157,2417,2379,2433,2152,915,2357,2158,2352,2414,2355,2310,2333,2218,2319,2341,2420,2156,2322,2321,2309,2308,2016,2154,2238,2330
2420: 2319,2341,2156,2322,2321,2320,2356,2357,2158,2352,2414,2355,2310,2419,2416,2365,2378,2265,2055,2178,2314,2309,2308,2016,2154,2238,2226,2155,1961,2235,2225,2251,2131
2422: 2474,2340,2437,2435,2195,2332,2395,2391,2066,2335,2271,2329,2197,2428,2529
2423: 2425,2242,2292,2439,2388,2424,2411,2452,2497,2046,2324,2241,2408,2386,2382,2344,2404
2424: 2388,2411,2438,2291,2292,2439,2452,2497,2046,2324,2241,2408,2386,2423,2425,2242,2382
2425: 2423,2242,2292,2439,2388,2424,2411,2452,2497,2046,2324,2241,2408,2386,2382,2344,2404
2426: 2366,2418,1997,2348,2212,2211,2207,2031,1976
2427: 2433,2152,915,2487,2429,2480,2477,2456,2485,2377,2476,2475,2523,2512,853,1677,2157,2379,2465,2364,2392,2040,2352,2416,2378
2428: 2529,2332,2395,2391,2066,2422,2474,2335,2271,2329,2197
2429: 2487,2480,2477,2456,2485,2524,2222,2466,2402,2377,2476,2475,2523,2512,2461,2157,2417,2379,2433,2427,2152,915
2430: 2547,2522,2471,2555,2483,2484,2548,2434,2530,2482,2303,2460,2458,1989,2179
2431: 2548,2434,2530,2524,2222,2466,2402,2456,2485,2179,2461,2157,2417,2379,2306,2301,2305,2307,2432,2320,2415,2356,2403,2158,2352,2414,2355
2432: 2320,2415,2356,2403,2179,2431,2461,2417,2306,2301,2305,2307,2357,2158,2352,2414,2355,2105,2055,2400,2406,2319,2321
2433: 2427,2152,915,2487,2429,2480,2477,2456,2485,2377,2476,2475,2523,2512,853,2461,2157,2417,2379,2465,2364,2040,2357,2352,2414,2310,2419,2416,2365,2378,2265
2434: 2484,2548,2530,2547,2430,2524,2222,2466,2402,2460,2179,2431
2435: 2195,2544,2451,2340,2437,2332,2391,2422,2474
2436: 2343
2438: 2291,2505,2373,2388,2424,2411,2452,2497
2471: 2547,2522,2430,2555,2483,2484,2548,2556,2481,2482,2303,2460,2458,1989,2179
2441: 2507,2451
2443: 2445,2168,2233,588,2479,2399,2459,2383,2166,2385,2367,2418,1997,2348,2208,2359,2384
2444: 2491,2360
2445: 2443,2168,2233,588,2479,2399,2459,2383,2166,2385,2367,2418,1997,2348,2384
2446: 2447,2209,2448,455
2447: 2446,2209,2448,455
2448: 455,2446,2447,2209
2449: 2595,2592,1773,918,2495
2450: 2561,2151,2653
2451: 2507,2441,2435,2195,2544
2452: 2497,2438,2291,2388,2424,2411,2423,2425,2242,2382
2454: 2217,2362,2334,2488,2464,2268,2463,2462,1700,1671,2410,2266,2505,2373,2394,2262,2293,2243,2363,2361
2455: 2174,2396,589
2456: 2487,2429,2480,2477,2485,2524,2222,2466,2402,2377,2476,2475,2523,2512,2431,2461,2157,2417,2379,2433,2427,2152
2652: 2604
2458: 2460,1989,2547,2522,2430,2471,2556,2482,2303,2179,588,2479,2399,2459,2306,2301,2305,2307
2459: 2479,2399,2556,2481,2482,2303,2460,2458,1989,2179,588,2306,2301,2305,2307,2445,2443,2168,2385,2367,2105
2460: 2458,1989,2483,2547,2522,2430,2471,2484,2548,2434,2482,2303,2179,588,2479,2399,2459,2306,2301,2305,2307
2461: 2157,2417,2379,2524,2222,2466,2402,2487,2429,2480,2477,2456,2485,2377,2475,2431,2433,2152,2432,2320,2415,2356,2403,2357,2158,2352,2414,2355,2310,2419,2416
2462: 2268,2463,2488,2464,1700,1671,2410,2266,2217,2362,2454,2334,2505,2373
2463: 2268,2462,2488,2464,2410,2266,2217,2362,2454,2334,2505,2373
2464: 2488,853,1677,2268,2463,2462,2465,2364,2392,2040,1701,1700,1671,2410,2266,2217,2362,2454,2334
2465: 2364,2392,2040,2377,2476,2475,2523,2512,853,1677,2488,2464,2433,2427,2152,915,1701,1700,1671,2410,2266,2416,2365,2378,2265,2267,2333,2218,2394,2263,2409
2467: 2514,2601,2550,2543
2468: 2566
2542: 2125
2473: 2369
2474: 2422,2340,2437,2435,2332,2395,2391,2066,2335,2271,2329,2197,2428,2529
2475: 2377,2476,2523,2512,2487,2429,2480,2477,2456,2485,853,1677,2461,2157,2379,2433,2427,2152,915,2465,2364
2476: 2377,2475,2523,2512,2487,2429,2480,2477,2456,2485,853,1677,2157,2433,2427,2152,915,2465,2364
2479: 2399,2459,2556,2481,2482,2303,2460,2458,1989,588,2306,2301,2305,2307,2445,2443,2168,2233,2383,2166,2385,2367,2105,2389
2480: 2487,2429,2477,2456,2485,2524,2222,2466,2402,2377,2476,2475,2523,2512,2461,2157,2417,2379,2433,2427,2152,915
2481: 2556,2482,2303,2555,2483,2522,2471,588,2479,2459
2482: 2556,2481,2303,2555,2483,2547,2522,2430,2471,2460,2458,1989,588,2479,2399,2459
2483: 2555,2547,2522,2430,2471,2556,2481,2482,2303,2460
2484: 2548,2434,2530,2547,2522,2430,2471,2524,2222,2466,2460,2179
2486: 2504,1884,2708,1951,2541,1882,1933,2560,2489,1830,1907,2501,927
2487: 2429,2480,2477,2456,2485,2524,2222,2466,2402,2377,2476,2475,2523,2512,2461,2157,2417,2433,2427,2152
2489: 1830,1907,1882,575,2486,2504,1884,2708,1874,2540,927
2710: 2728,2699,2731
2491: 2444,2360
2566: 2468
2493: 2689,2637,2613,2609,2564,2610,2616,2612,2630,2611,2704,2658,2647,2646
2685: 
2495: 2592,2595,2449,2573,2398,2590,2627
2496: 1915,927,2583,1717,1796
2497: 2452,2438,2291,2388,2424,2411,2423,2425,2242,2382
2498: 2148,2224,2499
2499: 2148,2224,2498
2579: 2602,2021,2594,1939,2563,2623,1913,2189,2255
2501: 2516,2559,1933,2560,2539,2709,2486,2504,1884,2708,927
2595: 2449,2286,2592,1773,918,2495
2503: 2360
2504: 2486,1884,2708,1951,2541,1882,1933,2560,2539,2709,2489,1830,1907,2501,927
2505: 2373,2268,2463,2462,2217,2362,2454,2334,2438,2291,2293,2363,2361,2292,2439,2411
2563: 2623,2579,2602,1913
2507: 2441,2451
2738: 2557,2597,2739,2629,2740
2509: 2571
2704: 2612,2630,2611,2658,2637,2613,2609,2564,2610,2682,2493,2689,2646
2511: 2737,2533,2741,2569,2742,2597,2739
2512: 2377,2476,2475,2523,2487,2429,2480,2477,2456,2485,853,1677,2157,2379,2433,2427,2152,915,2465,2364,2392,2040
2564: 2637,2613,2609,2610,2616,2630,2611,2704,2658,2493,2689,2647
2514: 2467,2601,2550,2543
2727: 2680,2715,2732,2735,2734
2516: 2559,2528,1951,2541,1933,2560,2539,2501
2613: 2637,2609,2564,2610,977,2616,2630,2611,2704,2658,2493,2689,2647
2614: 2675,2700,2657,2673,2661,2633,2663,2683,2721,2674,2687,2642
2519: 2287
2528: 2600,2598,2562,2599,1951,2541,2648,2516,2559,1933,2560,2539
2529: 2428,2332,2395,2391,2422,2474,2335,2329,2197
2530: 2484,2548,2434,2547,2430,2524,2222,2466,2402,2179,2431
2539: 1933,2560,2709,2528,1951,2541,2516,2559,2504,2708,2501,927
2534: 2568,2151,2653
2661: 2633,2663,945,2674,2675,2614,2657,2673
2664: 2723,560
2677: 2607,1792,1728
2586: 2123
2545: 2584
2571: 2509,1912
2547: 2522,2430,2471,2555,2483,2484,2548,2434,2530,2482,2303,2460,2458,1989,2179
2548: 2484,2434,2530,2547,2522,2430,2471,2524,2222,2466,2402,2460,2179,2431
2549: 512
2550: 2123,2285,2543,2467,2514,2601
2551: 2407,2350,2565,2442,1773,2655,2596
2692: 2722,2721,2674
2556: 2481,2482,2303,2555,2483,2522,2471,2458,1989,588,2479,2399,2459
2557: 2738,2597,2739,2629,2740
2561: 2450,2151,2653
2562: 2600,2598,2599,2603,2616,2528
2565: 2442,2407,2350,2551
2568: 2534,2151,2653
2569: 2742,2533,2741,2737,2511,2597,2739
2572: 2624,1717,1796
2573: 2543,2495,2574,2398,2590,2627
2574: 2601,2573,2398,2635
2576: 2690,2720
2584: 2545
2587: 2588,2469
2592: 2595,2449,2495
2594: 2021,2580,1939,2579,2602
2596: 2655,1773,918,2407,2350,2551
2597: 2739,2569,2742,2737,2511,2557,2738
2598: 2600,2562,2599,2603,2616,2528
2606: 2667,2639
2607: 2677,1756,1792,1728
2721: 2674,2663,2675,2700,2614,2673,2692,2722,2687,2642
2609: 2637,2613,2564,2610,2616,2630,2611,2704,2658,2493,2689,2647
2610: 2637,2613,2609,2564,2603,2616,2630,2611,2704,2658,2493,2689,2647
2616: 977,2603,2600,2598,2562,2599,2637,2613,2609,2564,2610,2493,2647
2713: 2729
2623: 2563,2579,2602,1913
2624: 2572,1717,1796
2625: 2589
2673: 2675,2700,2614,2657,2661,2633,2663,2683,2721,2674,2687,2642
2627: 2590,2573,2495,2398,2575,2672,1454,1323
2682: 2683,2639,2612,2630,2611,2704,2658,2657
2629: 2740,2557,2738
2630: 2612,2611,2704,2658,2639,2637,2613,2609,2564,2610,2682,2683,2493,2689
2655: 2596,1773,918,2407,2350,2551
2672: 2575,2398,2590,2627,1454,1323,503
2633: 2661,2663,945,2614,2673
2635: 2574,2398
2642: 2687,2721,2674,2675,2700,2614,2657,2673,551
2644: 2689,2647,2648,2646
2690: 2660,493,2576,2667
2646: 2611,2704,2493,2689,2647,2644,2694
2647: 2613,2609,2564,2610,2616,2493,2689,2648,2646,2644
2648: 2528,2647,2644
2675: 2700,2614,2657,2673,2661,2663,2683,2721,2674,2687,2642
2736: 2684,2716,2724,564
2737: 2511,2533,2741,2569,2742,2597,2739