1574: 448,480,1599,1605,1268,1326,552
639: 
1068: 1151,1266,1069,1067,237,1063,1065,1083,965
1141: 410,1100,911
1543: 1536,1502,1349,1566,1482,1474,1514,1458
566: 
949: 965,1053
1581: 1562
1347: 1533,1520,1495,1424,1496,952,1473,1435,1516,1525,1480,1396,1387,1456
1126: 1011,1020,1162,153,1128,1136,1037
977: 
1519: 1531,1564,1419,1557,1499,1571,1546,487,1450,1388,1578,1476,1430,1554,1479
1373: 1506,1478,1467,1365,1379,1476,1430,1479,1394,1501,1376,1345,1317,1415,1346,1431,1464,1393,1426,1316,323,1425
1572: 1527,1450,1388,1578,1566,1482,1349
1394: 1365,1379,1467,1373,1323,1454,1345,1317,1415,1346,1431,1393,1426,1316,323
15: 746
754: 69
17: 
1509: 1357,1323,1454,1345,1317,1415,1346,1431,1393,1426,1448,1484,1428
583: 
1566: 1572,1527,1482,1536,1502,1543,1349
1376: 1501,1554,1479,1506,1478,1467,1373,1474,1514,1464,1393,1426,1316,323,1425
900: 
1520: 1533,1495,1521,1337,1424,1496,952,1473,1435,1516,1347,1525
1337: 1521,1483,959,1533,1520,1495,1424,1496,952
1383: 1435,1504,1359,1367,1488
643: 
1393: 1464,1426,1316,323,1394,1478,1467,1373,1501,1376,1345,1317,1415,1346,1431,1425,1509,1357,1448,1395,1461
1593: 1602,1532,1582,1569
29: 
562: 
740: 
1174: 1062
822: 1503,1487,1404,1480,1396,1387,1456,1560,985
947: 
563: 
985: 822,1503,1487,1404,1323,1454,1560,1445,1530
1505: 1445,1530,105,1492,1417,482,1485
646: 513
1556: 1576,1475,1575
995: 
1491: 1390,1405,1504
1532: 1602,1593
957: 
1540: 1499,1571,959
1367: 1359,1488,1383,1504,1396
961: 
766: 
1485: 1505,1492,1417,1447,482,1465,1339,1378,1391
968: 
1587: 1597,1601,1599,1590,1598,1443
929: 
939: 
905: 
1492: 1417,1484,1505,1447,1485,1465,1339
727: 662
572: 
1506: 1478,1467,1373,1365,1379,1476,1430,1554,1479,1501,1376,1431,1426,1316,323
832: 
1533: 1520,1495,1483,1521,1337,1440,1424,1496,952,1516,1347
792: 
61: 1409,1398,1539,1472,1410,1460,1399,1452,1429,1406,1400,1489,1433
839: 320
1550: 1582,1569
1527: 1572,1450,1388,1578,1566,1479,1482
65: 
1582: 1569,1550,1593
922: 
589: 
69: 754
1600: 1589,994,997,935
598: 
1202: 492
1128: 153,1136,1037,1114,1126,1011,1020,1162
587: 
607: 
1571: 1540,1499,1583,1603,959,1546,487,1537,1531,1564,1519
569: 
996: 
854: 
605: 227,820
916: 580
1172: 
1484: 1509,1357,1448,1428,1472,1410,1492,1417,1447,1515,1400,1489
591: 
926: 931
1487: 822,1503,1404,1480,1396,1387,1456,1560,985
1513: 1548,1547,1580,456
1429: 1460,1399,1452,1436,1472,1410,1406,1489,1409,61,1398,1539,1433
944: 
582: 
1295: 
948: 
1349: 1536,1502,1543,1572,1566,1482,1474,1514,1458
1064: 1088
588: 
1253: 1278
994: 1589,1600,997,935
1518: 959
1496: 1424,952,1521,1337,959,1533,1520,1495,1558,1347,1525
1266: 1151,311,1005,1068
593: 532
102: 
872: 
908: 
105: 1542,1445,1530,1570,1505,482
955: 
1346: 1345,1317,1415,1431,1394,1478,1467,1373,1323,1454,1464,1393,1426,1316,323,1509,1357,1448
906: 
659: 338
581: 
1539: 1409,61,1398,1410,1460,1429,1515,1400,1489,1433,1444,1470
932: 
575: 
993: 
1475: 1575,1556,1576
851: 137
1395: 1436,1461,1464,1393,1426,1316,323,1425,1448,1472,1399,1452
1599: 1605,448,1574,1597,1587,1268,1326,552
119: 
1278: 1253
1387: 1456,1347,1525,1459,822,1503,1487,1404
1316: 1464,1393,1426,323,1394,1506,1478,1467,1373,1501,1376,1345,1317,1415,1346,1431,1425,1448,1395,1461
123: 
1473: 1435,1516,1520,1495,1347,1488,1480,1396
1483: 1521,1337,1440,1533
975: 
911: 1141,1100,1129
898: 
597: 453,574
979: 
988: 
963: 
1507: 1341,1477,1348,1402
1465: 1339,1492,1417,1447,1515,1400,1485,1444,1378,1391,1517
951: 
1348: 1402,1507
137: 851
592: 
1063: 237,1065,1083,1069,1067,1068,1066,278,965
1562: 1581
1569: 1582,1550,1593
986: 
143: 
586: 991
903: 
1589: 1600,994,997,935
596: 451,1363
1359: 1367,1488,1383,1435,1504,1480,1396
1451: 233,1526,1512,1434,1542,1561
580: 916
894: 
978: 594
153: 1128,1136,1037,1114,1126,1011,1020,1162
980: 
1151: 1266,311,1005,1068
568: 512
157: 1588
965: 1068,237,1063,1065,1083,949
1413: 1453
902: 1601,475,1590,1547,1580
1517: 1391,1465,1339,1444,1378,627
1503: 822,1487,1404,1480,1396,1387,1456,1560,985
1430: 1476,1554,1531,1564,1519,1419,1557,1450,1365,1379,1479,1506,1478,1467,1373
1114: 275,153,1128,1136,1037
594: 978
166: 1015
820: 605
168: 238,682
700: 1009,454,1468
1528: 1592
171: 
746: 15
1547: 1580,902,1548,1513
574: 453,597
940: 490,455
1065: 237,1063,1083,1069,1067,1068,1066,278,965
1382: 
923: 
1062: 1174
1053: 949
901: 
1343: 
183: 
992: 544
1290: 
1336: 233,1512,1434,347
967: 
573: 
1406: 1436,1460,1399,1452,1429,1409,61,1433
976: 
919: 
1415: 1345,1317,1346,1431,1394,1467,1373,1323,1454,1393,1426,1316,323,1509,1357
1208: 1306,1129
590: 
1464: 1393,1426,1316,323,1478,1467,1373,1501,1376,1346,1431,1425,1448,1395,1436,1461
1514: 1474,1479,1482,1543,1349,1501,1376,1458,1425,1397
962: 
927: 
1578: 1450,1388,1546,487,1531,1564,1519,1419,1557,1572,1527,1554,1479,1482
584: 
934: 
1531: 1564,1519,1419,1557,1571,1546,487,1450,1388,1578,1476,1430,1554,1479
953: 
1197: 492
973: 
206: 
982: 
1357: 1509,1323,1454,1345,1317,1415,1346,1431,1393,1426,1448,1484,1428
924: 
1453: 1413
1424: 1496,952,1521,1337,959,1533,1520,1495,1537,1558,1347,1525,1459
990: 
578: 
1341: 1397,1477,1458,1507
1149: 1184
1388: 1450,1578,487,1531,1564,1519,1419,1557,1572,1527,1554,1479,1482
1502: 1536,1543,1349,1566,1482,1458
914: 
1298: 
1011: 1126,1020,1162,153,1128,1136,1037
866: 294
925: 
1521: 1337,1483,959,1533,1520,1495,1424,1496,952
1100: 1141,410,911
1489: 1515,1400,1484,1428,1472,1410,1460,1399,1452,1429,1447,1409,61,1398,1539,1444
941: 
227: 605
912: 
950: 
943: 
1591: 
232: 
233: 1451,1526,1336,1512,1434,1542,1561
1551: 1414,1470,307,1573
1480: 1396,1473,1435,1516,1347,1359,1488,822,1503,1487,1404
579: 
237: 1063,1065,1083,1069,1067,1068,1066,278,965
238: 168,682
920: 
1379: 1365,1537,1558,1459,1476,1430,1394,1506,1467,1373
599: 439
1580: 1547,902,1548,1513
243: 
1476: 1430,1554,1531,1564,1519,1419,1557,1450,1365,1379,1479,1506,1478,1467,1373
971: 
972: 
1557: 1531,1564,1519,1419,487,1450,1388,1578,1476,1430,1554,1479
1583: 1603,1268,1326,1499,1571,1546,487
877: 
1129: 911,1306,1208
1576: 1556,1475,1575
1345: 1317,1415,1346,1431,1394,1467,1373,1323,1454,1393,1426,1316,323,1509,1357
1526: 233,1451,1560,1512,1542,1561,1445,1530
1512: 1434,233,1451,1526,1336,1542,1561,1570
255: 326
942: 
571: 
1478: 1506,1467,1373,1365,1476,1430,1554,1479,1501,1376,1346,1431,1464,1393,1426,1316,323,1425
1501: 1376,1479,1506,1478,1467,1373,1474,1514,1464,1393,1426,1316,323,1425
1563: 
928: 
1499: 1540,1571,1583,1603,959,1546,487,1564,1519
567: 
264: 461
909: 440,570
1546: 487,1583,1603,1499,1571,1531,1564,1519,1450,1578
267: 
998: 
853: 1604
585: 958
887: 
1525: 1520,1495,1424,1496,952,1537,1558,1347,1459,1387,1456
915: 
1009: 700,454,1468
275: 1342,1066,278,1114
959: 1518,1521,1337,1540,1499,1571,1424,1496,952,1537,1558
913: 
278: 1066,1069,1067,1342,237,1063,1065,1083,275
892: 
1088: 1064
281: 
958: 585,989
1597: 1587,1601,1599,1605,1590,1598,1443
1474: 1514,1479,1482,1543,1349,1501,1376,1458,1425,1397
1365: 1379,1537,1558,1459,1476,1430,1394,1506,1478,1467,1373
1530: 1445,1526,1560,985,1542,1561,1570,105,1505
682: 238,168
720: 
960: 531
984: 937
952: 1424,1496,1521,1337,959,1533,1520,1495,1537,1558,1347,1525,1459
595: 
1561: 1542,233,1451,1526,1560,1512,1434,1445,1530
294: 866
672: 
999: 
1162: 1126,1011,1020,153,1128,1136,1037
298: 
1363: 451,596
300: 
956: 
1414: 1551,1470,307,1573
933: 
904: 411
1015: 166
1066: 278,1069,1067,237,1063,1065,1083,275
307: 1433,1551,1414,1573,840
991: 586
1268: 1326,552,480,448,1574,1599,1605,1583,1603
1454: 1323,1394,1345,1317,1415,1346,1431,985,1509,1357
311: 1005,1151,1266
312: 382
313: 
1536: 1502,1543,1349,1566,1482,1458
1280: 1405,1306,1390
712: 358
989: 958
1069: 1067,1068,237,1063,1065,1083,1066,278
1601: 475,1597,1587,1590,902
320: 839
576: 
945: 
323: 1464,1393,1426,1316,1394,1506,1478,1467,1373,1501,1376,1345,1317,1415,1346,1431,1425,1448,1395,1461
981: 
946: 
326: 255
327: 
1161: 
570: 909,440
1037: 153,1128,1136,1114,1126,1011,1020,1162
1592: 1528
918: 
1184: 1149
1425: 1478,1467,1373,1501,1376,1474,1514,1464,1393,1426,1316,323,1448,1395,1436,1461
1323: 1454,1394,1345,1317,1415,1346,1431,985,1509,1357
1020: 1126,1011,1162,153,1128,1136,1037
1243: 492
338: 659
1378: 482,1485,1465,1339,1391,1517
840: 307,1573
938: 
966: 
1306: 1208,1129,1280
937: 984
1477: 1341,1397,1458,1507
921: 
347: 1336
1326: 1268,552,480,448,1574,1599,1605,1583,1603
349: 
997: 1589,1600,994,935
1482: 1388,1578,1572,1527,1566,1479,1536,1502,1543,1349,1474,1514
917: 
836: 
1339: 1465,1492,1417,1447,1515,1400,1485,1444,1378,1391,1517
1342: 278,275
1067: 1069,1068,237,1063,1065,1083,1066,278
970: 
358: 712
1488: 1359,1367,1383,1473,1435,1504,1480,1396
1452: 1460,1399,1429,1448,1395,1436,1461,1428,1472,1410,1406,1489,1409,61,1398
627: 1517
1431: 1345,1317,1415,1346,1394,1506,1478,1467,1373,1323,1454,1464,1393,1426,1316,323,1509,1357,1448
931: 926
565: 
1504: 1405,1383,1390,1491,1359,1367,1488
1005: 311,1151,1266
1405: 1280,1390,1491,1504
1573: 307,1551,1414,840
964: 
815: 
1317: 1345,1415,1346,1431,1394,1467,1373,1323,1454,1393,1426,1316,323,1509,1357
954: 
662: 727
1590: 1601,1597,1587,902
710: 
1558: 1537,959,1424,1496,952,1525,1459,1365,1379
1548: 1513,1547,1580,456
564: 
817: 
1586: 1585,1565
969: 
382: 312
1136: 153,1128,1037,1114,1126,1011,1020,1162
1554: 1476,1430,1531,1564,1519,1419,1557,1450,1388,1578,1479,1506,1478,1467,1376
987: 
935: 1589,1600,994,997
1542: 1561,233,1451,1526,1560,1512,1434,1445,1530,1570,105
1083: 237,1063,1065,1069,1067,1068,1066,278,965
974: 
907: 
391: 420
930: 
577: 
983: 
865: 
396: 
1564: 1531,1519,1419,1557,1499,1571,1546,487,1450,1388,1578,1476,1430,1554,1479
910: 
936: 
400: 
401: 
402: 
403: 
404: 
405: 
406: 
407: 
408: 
409: 534
410: 1141,1100
411: 904
412: 
413: 
414: 498,530
415: 
416: 458
417: 
418: 
419: 446
420: 391
421: 
422: 
423: 
424: 
425: 
426: 
427: 
428: 
429: 479
430: 
431: 
432: 
433: 
434: 
435: 
436: 
437: 
438: 
439: 599
440: 909,570
441: 
442: 
443: 
444: 
445: 
446: 419
447: 
448: 1574,480,1599,1605,1268,1326
449: 
450: 
451: 1363,596
452: 
453: 574,597
454: 700,1009,1468
455: 490,940
456: 1548,1513
457: 
458: 416
459: 535
460: 
461: 264
462: 
463: 
464: 
465: 
466: 
467: 
468: 
469: 
470: 
471: 
472: 
473: 
474: 
475: 1601,902
476: 
477: 
478: 
479: 429
480: 448,1574,1268,1326,552
481: 
482: 105,1505,1417,1485,1378
483: 
484: 
485: 
486: 
487: 1546,1583,1603,1499,1571,1531,1564,1519,1419,1557,1450,1388,1578
488: 
489: 
490: 455,940
491: 554
492: 1197,1202,1243
493: 
494: 553
495: 
496: 
497: 
498: 414
499: 
500: 
501: 
502: 
503: 
504: 
505: 
506: 
507: 
508: 
509: 
510: 
511: 
512: 568
513: 646
514: 
515: 
516: 
517: 
518: 
519: 
520: 
521: 
522: 
523: 
524: 
525: 
526: 
527: 
528: 
529: 
530: 414
531: 960
532: 593
533: 
534: 409
535: 459
536: 
537: 
538: 
539: 
540: 
541: 
542: 
543: 
544: 992
545: 
546: 
547: 
548: 
549: 
550: 
551: 
552: 1268,1326,480,1574,1599,1605
553: 494
554: 491
555: 
556: 
557: 
558: 
559: 
560: 
561: 
1575: 1475,1556,1576
1390: 1491,1405,1280,1504
1391: 1517,1485,1465,1339,1444,1378
1396: 1480,1473,1435,1347,1359,1367,1488,822,1503,1487,1404
1397: 1341,1477,1474,1514,1458
1398: 1409,61,1539,1428,1472,1410,1460,1399,1452,1429,1515,1400,1489,1433,1444,1470
1399: 1460,1452,1429,1448,1395,1436,1461,1428,1472,1410,1406,1489,1409,61,1398
1400: 1515,1489,1484,1428,1472,1410,1460,1447,61,1398,1539,1465,1339,1444
1472: 1428,1410,1448,1395,1436,1461,1484,1460,1399,1452,1429,1400,1489,61,1398
1402: 1348,1507
1560: 822,1503,1487,1404,1526,985,1542,1561,1445,1530
1404: 822,1503,1487,1480,1396,1387,1456,1560,985
1585: 1565,1586
1588: 157
1409: 61,1398,1539,1410,1460,1399,1452,1429,1406,1489,1433,1470
1410: 1428,1472,1448,1436,1484,1460,1399,1452,1429,1515,1400,1489,1409,61,1398,1539
1516: 1473,1435,1440,1533,1520,1495,1347,1480
1604: 853
1417: 1492,1484,1505,1447,482,1485,1465,1339
1602: 1532,1593
1419: 1531,1564,1519,1557,487,1450,1388,1578,1476,1430,1554,1479
1515: 1400,1489,1484,1428,1410,1447,1398,1539,1465,1339,1444
1426: 1464,1393,1316,323,1394,1506,1478,1467,1373,1501,1376,1345,1317,1415,1346,1431,1425,1509,1357,1448,1395,1461
1537: 1558,959,1571,1424,952,1525,1459,1365,1379
1428: 1472,1410,1509,1357,1448,1484,1460,1399,1452,1447,1515,1400,1489,1398
1565: 1585,1586
1433: 1460,1429,1406,1409,61,1398,1539,307
1434: 1512,233,1451,1336,1542,1561
1435: 1473,1516,1520,1383,1347,1359,1488,1480,1396
1436: 1395,1461,1464,1425,1448,1472,1410,1460,1399,1452,1429,1406
1603: 1583,1268,1326,1598,1499,1571,1546,487
1535: 
1440: 1483,1533,1516
1443: 1598,1597,1587
1444: 1447,1515,1400,1489,1398,1539,1465,1339,1470,1391,1517
1445: 1530,1526,1560,985,1542,1561,1570,105,1505
1447: 1484,1428,1492,1417,1515,1400,1489,1485,1465,1339,1444
1448: 1346,1431,1464,1393,1426,1316,323,1425,1509,1357,1395,1436,1461,1484,1428,1472,1410,1460,1399,1452
1450: 1388,1578,1546,487,1531,1564,1519,1419,1557,1572,1527,1476,1430,1554,1479
1570: 1512,1542,1445,1530,105
1456: 1387,1347,1525,1459,822,1503,1487,1404
1598: 1443,1597,1587,1603
1458: 1536,1502,1543,1349,1474,1514,1341,1397,1477
1459: 1424,952,1537,1558,1525,1365,1379,1387,1456
1460: 1399,1452,1429,1448,1436,1428,1472,1410,1406,1400,1489,1409,61,1398,1539,1433
1461: 1395,1436,1464,1393,1426,1316,323,1425,1448,1472,1399,1452
1495: 1533,1520,1521,1337,1424,1496,952,1473,1516,1347,1525
1479: 1531,1564,1519,1419,1557,1450,1388,1578,1527,1476,1430,1554,1482,1506,1478,1467,1373,1501,1376,1474,1514
1467: 1506,1478,1373,1365,1379,1476,1430,1554,1479,1394,1501,1376,1345,1317,1415,1346,1431,1464,1393,1426,1316,323,1425
1468: 700,1009,454
1470: 1409,1398,1539,1444,1551,1414
1605: 1599,448,1574,1597,1268,1326,552