1267: 1274,1273,1224,1275,1221,74,168,6,1270,1271,1225,1265,1279,1268,1272,1277,1266,1276,1220,1247,1278,1263,1269,103,1254,1249,1251,1240,1219,1250,1245,413,1243,1231,1206,1241,1242,1252,1235,1253,1238,72,1233
854: 894,1120,1127,958
1261: 31,1256,1259,1257,1258,1260,1262,1220,1247,1278,1263,1269,95,1222,57,1254,1249,1251,1240,1219,1250,1245,92,1252,1235,1253,1238,72,1233,1232,1255,76,251
785: 569
1135: 998,900
5: 1202,409,1227,30,1208,35
6: 74,168,465,296,61,64,1204,185,1223,262,1271,1225,1265,1272,338,103,1267
1266: 1270,1271,1225,1265,1279,1268,1272,1277,185,1248,1244,1223,78,1246,74,168,1276,1220,1247,1278,1263,1269,103,1274,1273,1224,1275,1267,1221,1254,1249,1251,1240,1219,1250,1245
1268: 1270,1271,1225,1265,1279,1272,1277,1266,61,185,1248,1244,1223,78,1246,74,168,1276,1220,1247,1278,1263,1269,103,1274,1273,1224,1275,1267,1254,1249,1251,1240,1219,1250,1245
9: 46,216,463,12,98,484,384,193,145,1248,1244,78,1246,173
1263: 1276,1220,1247,1278,1269,1248,1244,1223,78,1246,173,1270,1271,1225,1265,1279,1268,1272,1277,1266,95,1222,1274,1273,1224,1275,1267,1254,1249,1251,1240,1219,1250,1245,31,1256,1259,1257,1260,1261
11: 28,40,96,32,446,104,318,1217,1216,1212,75,419,54,1215,1213,97
12: 98,116,93,463,484,384,9,46,216,193,145
1265: 1270,1271,1225,1279,1268,1272,1277,1266,61,185,1248,1244,1223,78,1246,74,168,6,1276,1220,1247,1278,1263,1269,103,1274,1273,1224,1275,1267,1221,1254,1249,1251,1240,1219,1250,1245
1264: 209,76,251,245,255,250,25,134,126,1207,480,106,1211,381,1209,1228
15: 457,164,449,199,204,416,60,24,433,232,225,220
1260: 31,1256,1259,1257,1258,1261,1262,1220,1263,1269,95,1222,57,1254,1249,1251,1240,1219,1250,1245,92,1252,1235,1253,1238,72,1233,1232,1255,76,251
1223: 1248,1244,234,317,384,216,61,64,1204,185,78,1246,74,168,6,1270,1271,1225,1265,1279,1268,1272,1277,1266,1276,1220,1247,1278,1263,1269
18: 1214,221,318,47,487,129,49,1218,1217,1216,1226,73,1212,355,54,58,1215,1213,124,441,59,27
1259: 31,1256,1257,1258,1260,1261,1262,1220,1247,1278,1263,1269,95,1222,57,1254,1249,1251,1240,1219,1250,1245,92,1252,1235,1253,1238,72,1233,1232,1255,76,251
781: 733,723,1063
21: 1210,106,1211,381,1209,1228,199,204,125,1229,433,232,482
773: 609
1262: 31,1256,1259,1257,1258,1260,1261,95,1222,57,1254,1249,1251,1240,1219,1250,1245,92,1252,1235,1253,1238,72,1233,1232,1255,76,251
24: 416,60,355,164,449,441,59,27,15,457,290,225,50
25: 134,126,1232,76,251,245,99,1239,209,1264,476,447,106,1211,381,1209
933: 
27: 441,59,18,221,355,164,124,416,24,311,290,225,50
28: 11,40,96,32,446,104,318,47,1218,1217,1216,1226,73,1212,75,419,54,58,1215,1213,97
29: 1203,48,482
30: 1227,1208,35,1202,409,125,1229,5
31: 1256,1259,1257,1258,1260,1261,1262,1220,1263,95,1222,57,1254,1249,1251,1240,1219,1250,1245,92,1252,1235,1253,1238,72,1233,1232,1255,76,251
32: 28,11,40,96,446,104,318,1218,1217,1216,1226,73,1212,75,419,54,58,1215,1213,97
1269: 1276,1220,1247,1278,1263,1248,1244,1223,78,1246,173,1270,1271,1225,1265,1279,1268,1272,1277,1266,95,1222,1274,1273,1224,1275,1267,1221,1254,1249,1251,1240,1219,1250,1245,1256,1259,1260,1261
34: 
35: 1227,30,1208,1202,409,125,1229,5
36: 52,130,339,345,284
774: 573,588
783: 
763: 697,540
40: 28,11,96,32,446,104,318,47,1218,1217,1216,1226,73,1212,75,419,54,58,1215,1213,97
41: 1205,51,386,358,413,1243,1231,1206,1241,1242,365,264,1230,1236,318,47,487,129,49
948: 627,694
941: 929,1193,550,877,1164,590
1093: 
939: 630,540,516
46: 9,216,463,12,98,484,384,193,145,78,173
47: 318,244,365,264,1205,41,51,104,487,129,28,40,96,1218,1217,1216,1226,73,1212,1214,18,221
48: 482,199,204,125,433,232,220,29,1203
49: 1205,41,51,1230,1236,1237,63,1234,487,129,88,89,1214,18,221,355,164
50: 225,441,59,27,416,60,24,457,290
51: 1205,41,386,358,413,1243,1231,1206,1241,1242,365,264,1230,1236,318,47,487,129,49
52: 288,488,347,379,130,36
1153: 
54: 58,1215,1213,97,28,11,40,96,32,1218,1217,1216,1226,73,1212,1214,18,221,419,124,361,311
1086: 1040
1271: 1270,1225,1265,1279,1268,1272,1277,1266,61,185,1248,1244,1223,78,1246,74,168,6,1276,1220,1247,1278,1263,1269,103,1274,1273,1224,1275,1267,1221,1254,1249,1251,1240,1219,1250,1245
57: 173,90,183,488,347,95,1222,379,31,1256,1259,1257,1258,1260,1261,1262,92,182
58: 54,1215,1213,97,28,40,96,32,1218,1217,1216,1226,73,1212,1214,18,221,419,124,361,311
59: 441,27,1214,18,221,355,164,124,416,24,311,290,225,50
60: 416,24,355,164,449,441,15,457,290,225,50
61: 64,1204,185,151,82,234,317,384,465,296,1248,1244,1223,262,74,168,6,1270,1271,1225,1265,1279,1268,1272
1080: 1095,749,963
63: 1237,1234,1243,1231,1206,1241,1242,1252,1235,1253,1238,72,1233,1232,1255,1230,1236,99,1239,49,88,89,476,447
64: 61,1204,185,151,82,234,317,384,465,296,1244,1223,262,74,168,6,1225
934: 672,1180,660,1193
1071: 683,1109,946
906: 1053,1098
779: 1053,1098
775: 
1272: 1270,1271,1225,1265,1279,1268,1277,1266,61,185,1248,1244,1223,78,1246,74,168,6,1276,1220,1278,1263,1269,103,1274,1273,1224,1275,1267,1221,1254,1249,1251,1240,1219,1250,1245
71: 352,409
72: 1252,1235,1253,1238,1233,1274,1273,1224,1275,1267,1221,1254,1249,1251,1240,1219,1250,1245,31,1256,1259,1257,1258,1260,1261,1262,1243,1231,1206,1241,1242,1232,1255,1230,1236,1237,63,1234,99,1239
73: 1218,1217,1216,1226,1212,104,318,47,487,129,28,40,96,32,1214,18,221,419,54,58,1215,1213,97,124
74: 168,6,465,296,61,64,1204,185,1248,1244,1223,262,1270,1271,1225,1265,1279,1268,1272,1277,1266,338,103,1274,1273,1224,1275,1267,1221
75: 28,11,40,96,32,419
76: 251,31,1256,1259,1257,1258,1260,1261,1262,92,182,1232,1255,245,99,1239,25,134,126,209,1264
77: 
78: 1246,384,9,46,216,193,145,1248,1244,1223,173,1270,1271,1225,1265,1279,1268,1272,1277,1266,1276,1220,1247,1278,1263,1269,95,1222
79: 94
80: 116
81: 
82: 234,317,179,463,151,384,465,296,61,64,1204,185
916: 860,831
911: 904,730,1010
776: 887
767: 576
87: 288,488,347
88: 89,1230,1236,1237,63,1234,99,1239,49,476,447,355,164,449
89: 88,1230,1236,1237,63,1234,99,1239,49,476,447,355,164,449
90: 183,193,145,301,288,173,488,347,95,1222,57,379
868: 
92: 95,1222,57,379,31,1256,1259,1257,1258,1260,1261,1262,182,1232,1255,76,251,245
93: 116,463,12,98,484
94: 79,163,229,107
95: 1222,78,1246,173,90,183,1276,1220,1247,1278,1263,1269,57,1254,1249,1251,1240,1219,1250,1245,31,1256,1259,1257,1258,1260,1261,1262,92
96: 28,11,40,32,446,104,318,47,1218,1217,1216,1226,73,1212,75,419,54,58,1215,1213,97
97: 54,58,1215,1213,28,11,40,96,32,1218,1217,1216,1226,73,1212,221,419,124,361,311
98: 12,116,93,463,484,384,9,46,216,193,145
99: 1239,1252,1235,1253,1238,72,1233,1232,1255,76,251,1237,63,1234,25,134,126,88,89,476,447,106,1211
1168: 610
1166: 839
1164: 877,929,941,831,590
103: 262,74,168,6,1270,1271,1225,1265,1279,1268,1272,1277,1266,338,1274,1273,1224,1275,1267,1221,386,358,413,1243,1231,1206,1241,1242
104: 107,244,115,365,264,446,318,47,28,11,40,96,32,1218,1217,1216,1226,73,1212
105: 263,420,189,143
106: 1211,99,1239,25,134,126,209,1264,476,447,381,1209,449,199,204,1210,21
107: 94,229,111,244,115,446,104
108: 362,387,227,349
109: 252,421,372,210,137
1155: 1037
111: 163,219,135,338,229,386,358,107,244,115,365,264
112: 132
113: 258,147,189,443,454,276
114: 315,272,478
115: 244,229,111,386,358,107,365,264,446,104,318
116: 80,93,179,463,12,98
1003: 852
1238: 1252,1235,1253,72,1233,1274,1273,1275,1267,1254,1249,1251,1240,1219,1250,1245,31,1256,1259,1257,1258,1260,1261,1262,1243,1231,1206,1241,1242,1232,1255,1230,1236,1237,63,1234,99,1239
119: 189
120: 396,431,354,269
1127: 1120,854,894,958
122: 324,477,293,316
1209: 381,25,134,126,209,1264,480,106,1211,1228,199,204,1210,21,125,1229
124: 1218,1217,1216,1226,73,1212,1214,18,221,355,54,58,1215,1213,97,441,59,27,361,311,290
125: 1229,381,1209,1228,1202,409,1210,21,1227,30,1208,35,48,482
126: 25,134,1232,1255,76,251,245,99,1239,209,1264,476,447,106,1211,381,1209
1119: 1087,1184,1123
1109: 683,1071
129: 487,365,264,1205,41,51,1230,1236,318,47,49,1218,1217,1216,1226,73,1212,1214,18,221,355
130: 488,347,52,379,36,182,339,345,284
131: 285,393,305
132: 112,192,389
1090: 
134: 25,126,1232,1255,76,251,245,99,1239,209,1264,476,447,106,1211,381,1209
135: 219,267,191,262,163,338,229,111,386,358
1084: 1051
137: 109,252,495
975: 
858: 1138,522,792
766: 737,706,539
141: 313,240,440,253
1237: 63,1234,1243,1231,1206,1241,1242,1252,1235,1253,1238,72,1233,1232,1255,1230,1236,99,1239,49,88,89,476,447
143: 263,420,105
144: 406,235,332,270,473
145: 193,12,98,484,308,9,46,216,301,78,1246,173,90,183
1069: 1191,503,851
147: 258,113
148: 461,233,374
850: 745,589
150: 418
151: 179,82,234,317,369,465,296,61,64,1204,185
152: 158
1065: 
154: 366,394,376
155: 460,455
1257: 31,1256,1259,1258,1260,1261,1262,1220,1247,1263,95,1222,57,1254,1249,1251,1240,1219,1250,1245,92,1252,1235,1253,1238,72,1233,1232,1255,76,251
1278: 1276,1220,1247,1263,1269,1248,1244,1223,78,1246,173,1270,1271,1225,1265,1279,1268,1272,1277,1266,95,1222,1274,1273,1224,1275,1267,1254,1249,1251,1240,1219,1250,1245,1259,1261
158: 152,240,440
159: 370,469,279,426
1061: 570
161: 389,378
162: 178,411,450,269,260
163: 267,191,219,135,94,229,111
164: 49,88,89,476,447,355,449,441,59,27,416,60,24,15,457
165: 410,303,363,197
804: 993,1102
167: 329
168: 74,6,465,296,61,64,1204,185,1248,1244,1223,262,1270,1271,1225,1265,1279,1268,1272,1277,1266,338,103,1274,1273,1224,1275,1267,1221
169: 210
1120: 618,854,894,1127
944: 1144,856
172: 196,181,435,235,342,332
173: 9,46,216,193,145,301,78,1246,90,183,1276,1220,1247,1278,1263,1269,95,1222,57
174: 270,307,435,235,406,273,481
1006: 1036,1085,886
176: 376
177: 291,274
178: 411,450,467,356,162
179: 116,463,151,82,234,317,384
180: 424,226,371
181: 196,172,342,332
182: 57,379,130,92,339,345,76,251,245,255,250
183: 90,193,145,301,288,173,488,347,95,1222,57,379
184: 247,246,439
185: 61,64,1204,151,82,234,317,384,465,296,1248,1244,1223,262,74,168,6,1270,1271,1225,1265,1279,1268,1272,1277,1266
186: 323,462,445,277
1029: 698,521
188: 200,278,462,445
189: 119,258,113,263,105,443,454,276
989: 522,792,600,532,880
191: 427,369,465,296,267,262,163,219,135,338
192: 389,297,132
193: 145,12,98,484,308,9,46,216,301,78,1246,173,90,183
194: 198,422,357
1212: 1218,1217,1216,1226,73,104,318,47,487,129,28,11,40,96,32,1214,18,221,419,54,58,1215,1213,97,124
196: 172,181
197: 363,165,336,203,423
198: 194,422,357
199: 204,476,447,106,1211,381,1209,449,1210,21,15,457,433,232,48,482
200: 188,462,445
201: 360,385
1014: 627,694
203: 423,197,336,278
204: 199,476,447,106,1211,381,1209,449,1210,21,15,457,433,232,48,482
1007: 
206: 402,273,417,304,330
1008: 
945: 717,981,1167
209: 1264,76,251,245,255,250,25,134,126,1207,480,106,1211,381,1209,1228
210: 109,169
1279: 1270,1271,1225,1265,1268,1272,1277,1266,61,185,1248,1244,1223,78,1246,74,168,1276,1220,1247,1278,1263,1269,103,1274,1273,1224,1275,1267,1254,1251,1240,1219,1250,1245
212: 240,486
213: 309,421
214: 412
1274: 1273,1224,1275,1267,1221,74,168,1270,1271,1225,1265,1279,1268,1272,1277,1266,1276,1220,1247,1278,1263,1269,103,1254,1249,1251,1240,1219,1250,1245,413,1243,1231,1206,1241,1242,1252,1235,1253,1238,72,1233
216: 9,46,463,12,98,484,384,193,145,1248,1244,1223,78,1246,173
1258: 31,1256,1259,1257,1260,1261,1262,95,1222,57,1254,1249,1251,1240,1219,1250,1245,92,1252,1235,1253,1238,72,1233,1232,1255,76,251
1255: 1232,1254,1249,1251,1240,1219,1250,1245,31,1256,1259,1257,1258,1260,1261,1262,92,1252,1235,1253,1238,72,1233,76,251,1237,63,1234,99,1239,134,126
219: 135,267,191,262,163,338,229,111,386,358
220: 15,457,433,232,48,482
221: 1214,18,318,47,487,129,49,1218,1217,1216,1226,73,1212,355,54,58,1215,1213,97,124,441,59,27
1251: 1254,1249,1240,1219,1250,1245,1270,1271,1225,1265,1279,1268,1272,1277,1266,1276,1220,1247,1278,1263,1269,95,1222,1274,1273,1224,1275,1267,1221,31,1256,1259,1257,1258,1260,1261,1262,1243,1231,1206,1241,1242,1252,1235,1253,1238,72,1233,1232,1255
1249: 1254,1251,1240,1219,1250,1245,1270,1271,1265,1268,1272,1277,1266,1276,1220,1247,1278,1263,1269,95,1222,1274,1273,1224,1275,1267,1221,31,1256,1259,1257,1258,1260,1261,1262,1243,1231,1206,1241,1242,1252,1235,1253,1238,72,1233,1232,1255
1248: 1244,1223,234,317,384,9,216,61,185,78,1246,74,168,1270,1271,1225,1265,1279,1268,1272,1277,1266,1276,1220,1247,1278,1263,1269
225: 50,441,59,27,416,60,24,15,457,290
226: 424,180,371
227: 349,108,287
228: 
229: 163,219,135,94,111,107,244,115
1243: 1231,1206,1241,1242,103,1274,1273,1224,1275,1267,1221,1254,1249,1251,1240,1219,1250,1245,413,1252,1235,1253,1238,72,1233,1205,41,51,1230,1236,1237,63,1234
231: 467,356
232: 433,449,199,204,1210,21,15,457,48,482,220
233: 461,148,374
234: 82,317,179,463,151,384,465,296,61,64,1204,185,1248,1244,1223
235: 342,172,307,435,332,174,270,406,144
1234: 1237,63,1243,1231,1206,1241,1242,1252,1235,1253,1238,72,1233,1232,1255,1230,1236,99,1239,49,88,89,476,447
1231: 1243,1206,1241,1242,103,1274,1273,1224,1275,1267,1221,1254,1249,1251,1240,1219,1250,1245,413,1252,1235,1253,1238,72,1233,1205,41,51,1230,1236,1237,63,1234
238: 496,489,268,261
239: 455
240: 486,158,212,440,141
792: 522,858,989,600,880
1229: 125,381,1209,1228,1202,409,1210,21,1227,30,1208,35,482
1227: 30,1208,35,1202,409,125,1229,5
244: 115,229,111,386,358,107,365,264,446,104,318,47
245: 92,182,339,345,76,251,255,250,25,134,126,209,1264,1207,480
246: 247,184
247: 246,184
1222: 95,78,1246,173,90,183,1276,1220,1247,1278,1263,1269,57,1254,1249,1251,1240,1219,1250,1245,31,1256,1259,1257,1258,1260,1261,1262,92
1221: 1274,1273,1224,1275,1267,74,168,1270,1271,1265,1272,1277,1266,1269,103,1254,1249,1251,1240,1219,1250,1245,413,1243,1231,1206,1241,1242,1252,1235,1253,72,1233
250: 255,182,339,345,284,245,352,209,1264,1207,480
251: 76,31,1256,1259,1257,1258,1260,1261,1262,92,182,1232,1255,245,99,1239,25,134,126,209,1264
252: 109,372,137,495
253: 141,313,412,401
1213: 54,58,1215,97,28,11,40,96,32,1218,1217,1216,1226,73,1212,1214,18,221,419,124,361,311
255: 250,182,339,345,284,245,352,209,1264,1207,480
1208: 1227,30,35,1228,1202,409,125,1229,5
257: 286,414
258: 147,189,113
1204: 61,64,185,151,82,234,317,384,465,296,1223,262,74,168,6,1225
260: 162,269
261: 238,496,268
262: 369,465,296,61,64,1204,185,191,74,168,6,219,135,338,103
263: 420,105,189,143,443
264: 365,111,386,358,413,244,115,1205,41,51,104,318,47,487,129
265: 274
1123: 1087,1119
267: 427,369,191,163,219,135
268: 238,496,261
269: 120,396,162,260
270: 174,307,435,235,342,406,144,481
1138: 919,858
272: 315,114,478
273: 481,174,304,206
274: 177,265
275: 385,325,357
276: 454,189,113,443
277: 186,323,398,445
278: 203,423,188
279: 426,334,159,370,469
1114: 870,558,1137
810: 626,1094,669
282: 322,397
1117: 529,528,678
284: 130,36,339,345,255,250,352
285: 131,393,305
286: 257,383,414
287: 227,349
288: 308,301,87,90,183,488,347,52
1113: 527,905
290: 124,441,59,27,416,60,24,311,225,50
291: 470,177
1147: 708,742,987,610
293: 122,324,316
1102: 993,804,1042,1165
295: 341
296: 465,151,82,234,317,369,61,64,1204,185,191,262,74,168,6
297: 192,389
1078: 636,1176
1250: 1254,1249,1251,1240,1219,1245,1270,1271,1225,1265,1279,1268,1272,1277,1266,1276,1220,1247,1278,1263,1269,95,1222,1274,1273,1224,1275,1267,1221,31,1256,1259,1257,1258,1260,1261,1262,1243,1231,1206,1241,1242,1252,1235,1253,1238,72,1233,1232,1255
1073: 538,1021
301: 484,308,193,145,288,173,90,183,488,347
1240: 1254,1249,1251,1219,1250,1245,1270,1271,1225,1265,1279,1268,1272,1277,1266,1276,1220,1247,1278,1263,1269,95,1222,1274,1273,1224,1275,1267,1221,31,1256,1259,1257,1258,1260,1261,1262,1243,1231,1206,1242,1252,1235,1253,1238,72,1233,1232,1255
303: 410,165,429
304: 273,481,206,402,330
305: 393,285,131
1053: 779,956,1098,906
307: 435,235,342,174,270
308: 484,193,145,301,288
309: 213,421,372
891: 619,676,554,988
311: 54,58,1215,1213,97,124,441,59,27,361,290
1036: 1006,1085,886
313: 141,440,253
1034: 1019,586,605
315: 114,272,478
316: 122,324,293
317: 82,234,179,463,151,384,465,296,61,64,1204,185,1248,1244,1223
318: 47,244,115,365,264,1205,41,51,104,487,129,28,11,40,96,32,1218,1217,1216,1226,73,1212,1214,18,221
1021: 538,930,1073,756
1013: 872,550,582,613
1010: 1052,879,874,911,904
322: 282
323: 398,494,186,277
324: 122,477,293,316
325: 275,357
949: 644
1002: 759,618
1001: 666,808,971,708,742,640,652
329: 167
330: 304,206,341
983: 1096
332: 172,181,235,342,144
979: 687
334: 362,279,469
999: 
336: 197,492,203,423
974: 
338: 191,262,74,168,6,219,135,103,111,386,358,413
339: 345,379,130,36,182,284,245,255,250,352
340: 
341: 330,295
342: 235,172,181,307,435,332,270
343: 
864: 
345: 339,379,130,36,182,284,245,255,250,352
822: 
347: 488,301,288,87,90,183,52,57,379,130
958: 854,894,1127,886,517
349: 227,387,108,287
350: 428
808: 971,1001,640,652,1188,755
352: 339,345,284,255,250,1207,480,71
1241: 1243,1231,1206,1242,103,1274,1273,1224,1275,1267,1221,1254,1249,1251,1219,1250,1245,413,1252,1235,1253,1238,72,1233,1205,41,51,1230,1236,1237,63,1234
354: 431,120,396
355: 487,129,49,88,89,1214,18,221,164,124,441,59,27,416,60,24
356: 231,467,178,411,450
357: 275,422,325,198,194
358: 386,219,135,338,103,111,413,244,115,365,264,1205,41,51
359: 
360: 201,385
361: 419,54,58,1215,1213,97,124,311
362: 108,387,334
363: 410,165,197
856: 1134,944
365: 264,111,386,358,413,244,115,1205,41,51,104,318,47,487,129
366: 154,394,376
879: 1010,1052,874,904
900: 1135,998
369: 151,427,465,296,267,191,262
370: 159,469,279,426
371: 226,180,491
372: 309,404,421,109,252
923: 541,963
374: 148,233
921: 1186,741,992
376: 394,154,366,176
1145: 567,1100
378: 161
379: 90,183,488,347,52,57,130,92,182,339,345
1157: 893
381: 1209,25,134,126,209,1264,1207,480,106,1211,1228,199,204,1210,21,125,1229
905: 527,1113
383: 414,286
384: 179,463,12,98,82,234,317,9,46,216,61,64,1204,185,1248,1244,1223,78,1246
385: 360,201,275
386: 358,219,135,338,103,111,413,244,115,365,264,1205,41,51
387: 362,108,349
893: 1157
389: 192,297,132,161
833: 795
391: 439,460
886: 517,958,1006,1036,1085
393: 305,285,131
394: 154,366,376
395: 148
396: 120,354,269
397: 282
398: 323,277
877: 1164,929,941,831,590
876: 885
401: 253
402: 206,481,417,304
872: 672,1193,550,1013
404: 372
405: 
406: 144,235,174,270,473,481,417
814: 1195,617
1225: 1270,1271,1265,1279,1268,1272,1277,1266,61,64,1204,185,1248,1244,1223,78,1246,74,168,6,1276,1220,1247,1278,1263,1269,103,1274,1273,1224,1275,1267,1251,1240,1219,1250,1245
409: 1202,1207,480,71,1228,125,1229,1227,30,1208,35,5
410: 303,165,363,429
411: 178,450,467,356,162
412: 253,214
413: 338,103,1274,1273,1224,1275,1267,1221,386,358,1243,1231,1206,1241,1242,365,264,1205,41,51,1230,1236
414: 383,257,286
1230: 1236,413,1243,1231,1206,1241,1242,1252,1235,1253,1238,72,1233,1205,41,51,1237,63,1234,487,129,49,88,89
416: 60,24,355,164,449,441,59,27,15,457,290,225,50
417: 406,481,304,206,402
418: 150
419: 28,11,40,96,32,1218,1217,1216,1226,73,1212,75,54,58,1215,1213,97,361
420: 263,105,143
421: 213,309,372,109
422: 357,198,194
423: 203,197,336,278
424: 226,180
1276: 1220,1247,1278,1263,1269,1248,1244,1223,78,1246,173,1270,1271,1225,1265,1279,1268,1272,1277,1266,95,1222,1274,1273,1224,1275,1267,1254,1249,1251,1240,1219,1250,1245
426: 279,159,370,469
427: 369,267,191
428: 350
429: 410,303
1242: 1243,1231,1206,1241,103,1274,1273,1224,1275,1267,1221,1254,1249,1251,1240,1219,1250,1245,413,1252,1235,1253,1238,72,1233,1205,41,51,1230,1236,1237,63,1234
431: 354,120
1235: 1252,1253,1238,72,1233,1274,1273,1224,1275,1267,1221,1254,1249,1251,1240,1219,1250,1245,31,1256,1259,1257,1258,1260,1261,1262,1243,1231,1206,1241,1242,1232,1255,1230,1236,1237,63,1234,99,1239
433: 232,449,199,204,1210,21,15,457,48,482,220
1232: 1255,1254,1249,1251,1240,1219,1250,1245,31,1256,1259,1257,1258,1260,1261,1262,92,1252,1235,1253,1238,72,1233,76,251,1237,63,1234,99,1239,25,134,126
435: 307,172,235,342,174,270
436: 489
880: 532,792,989,600
852: 1003
439: 391,184,460
440: 158,240,486,141,313
441: 59,27,1214,18,221,355,164,124,416,60,24,311,290,225,50
1216: 1218,1217,1226,73,1212,104,318,47,487,129,28,11,40,96,32,1214,18,221,419,54,58,1215,1213,97,124
443: 189,113,263,454,276
1210: 21,106,1211,381,1209,1228,199,204,125,1229,433,232,482
445: 462,186,188,200,277
446: 107,244,115,104,28,11,40,96,32
447: 476,1237,63,1234,99,1239,25,134,126,88,89,106,1211,164,449,199,204
1206: 1243,1231,1241,1242,103,1274,1273,1224,1275,1267,1221,1254,1249,1251,1240,1219,1250,1245,413,1252,1235,1253,1238,72,1233,1205,41,51,1230,1236,1237,63,1234
449: 88,89,476,447,106,1211,164,199,204,416,60,24,15,457,433,232
450: 178,411,356,162
1205: 41,51,386,358,413,1243,1231,1206,1241,1242,365,264,1230,1236,318,47,487,129,49
452: 
848: 1128
454: 276,189,113,443
455: 155,239
860: 916,831
457: 15,164,449,199,204,416,60,24,433,232,225,50,220
885: 876
1195: 1097,617,1122,814
460: 439,391,461,155
461: 233,148,460
462: 445,186,188,200
463: 116,93,179,12,98,82,234,317,384,9,46,216
1233: 1252,1235,1253,1238,72,1274,1273,1224,1275,1267,1221,1254,1249,1251,1240,1219,1250,1245,31,1256,1259,1257,1258,1260,1261,1262,1243,1231,1206,1241,1242,1232,1255,1230,1236,1237,63,1234,99,1239
465: 296,151,82,234,317,369,61,64,1204,185,191,262,74,168,6
1188: 652,808,971,640,504,755,1163
467: 231,356,178,411
962: 509,537,1176,836
469: 159,370,334,279,426
470: 291
1180: 660,934
472: 
473: 406,144
1017: 
1172: 1174
476: 447,1237,63,1234,99,1239,25,134,126,88,89,106,1211,164,449,199,204
477: 122,324
478: 315,114,272
479: 
480: 1207,245,255,250,352,209,1264,381,1209,1228,1202,409
481: 273,174,270,406,417,304,402
482: 48,199,204,1210,21,125,1229,433,232,220,29,1203
898: 
484: 93,12,98,308,9,46,216,193,145,301
1203: 29,48,482
486: 240,212,440
487: 129,365,264,1205,41,51,1230,1236,318,47,49,1218,1217,1216,1226,73,1212,1214,18,221,355
488: 347,301,288,87,90,183,52,57,379,130
489: 436,238,496
820: 
491: 371
492: 336
1085: 1006,1036,886,517
494: 323
495: 252,137
496: 238,489,268,261
1137: 558,1114,870,698
1228: 209,1264,480,381,1209,1202,409,1210,21,125,1229,1208
1134: 856
500: 955
1054: 832,737,539,591,937,1099
1063: 723,733,781
503: 851,1191,1069
504: 755,1163,827,1188
505: 973
1122: 617,1195,946
1101: 545,528,678,584
508: 1159
509: 962,537,1176
510: 738,591,1030
1111: 873,1104,1192,1042
512: 
1103: 629
1100: 567,1145
1099: 832,1054,591,738,937
516: 630,939,540
517: 886,958,1085
1096: 983
519: 1095,749,963
520: 686
521: 1029,687
522: 792,858,989
523: 593,695
836: 962
1087: 1119,1184,1123
795: 833,648
527: 1113,905
528: 529,1117,678,545,1101,584
529: 1117,528
1215: 54,58,1213,97,28,11,40,96,32,1218,1217,1216,1226,73,1212,1214,18,221,419,124,361,311
531: 
532: 880,989,600
533: 951,674
1068: 639
832: 1054,706,737,539,937,1099
536: 1018
537: 1176,509,962,636
538: 726,1021,1073
539: 737,766,832,1054,591
540: 630,939,516,763
541: 923
542: 563,632,594
1247: 1276,1220,1278,1263,1269,1248,1244,1223,78,1246,173,1270,1271,1225,1265,1279,1268,1277,1266,95,1222,1274,1275,1267,1254,1249,1251,1240,1219,1250,1245,1259,1257,1261
544: 843,838
545: 1101,528,678,584
1270: 1271,1225,1265,1279,1268,1272,1277,1266,61,185,1248,1244,1223,78,1246,74,168,1276,1220,1247,1278,1263,1269,103,1274,1273,1224,1275,1267,1221,1254,1249,1251,1240,1219,1250,1245
838: 544,919
1050: 
1196: 1104,873,1192
550: 672,1193,872,929,941,1013,590
870: 1114,558,1137,698
1042: 1165,873,1111,1192,1102
1040: 1086
554: 988,891,619
1169: 564,1056
556: 
894: 854,1120,1127,958
558: 1137,1114,870,698
1031: 
839: 1166,741
1020: 674,623
831: 570,877,1164,916,860
563: 542,632,594
564: 1056,1169
946: 1122,683,1071
951: 533,674
567: 1145,1100
998: 1135,900
569: 785
570: 1061,831
890: 594
967: 1072,714
573: 588,774
992: 741,921
851: 503,1069
576: 767,1077
987: 711,708,742,1147
982: 1182
963: 519,749,923,1080
1052: 1010,879,874,904
956: 1053
582: 613,1013
953: 657,664,721
584: 528,678,545,1101
1219: 1254,1249,1251,1240,1250,1245,1270,1271,1225,1265,1279,1268,1272,1277,1266,1276,1220,1247,1278,1263,1269,95,1222,1274,1273,1224,1275,1267,1221,31,1256,1259,1257,1258,1260,1261,1262,1243,1231,1206,1241,1242,1252,1235,1253,1238,72,1233,1232,1255
586: 821,605,1019,1034
887: 745,776,1083
588: 573,774
589: 850,729
590: 550,929,941,877,1164
591: 539,1054,510,738,1099
592: 
593: 523
594: 890,542,563
937: 832,1054,1099
929: 941,550,877,1164,590
927: 835,1038,626
1253: 1252,1235,1238,72,1233,1274,1273,1224,1275,1267,1221,1254,1249,1251,1240,1219,1250,1245,31,1256,1259,1257,1258,1260,1261,1262,1243,1231,1206,1241,1242,1232,1255,1230,1236,1237,63,1234,99,1239
1254: 1249,1251,1240,1219,1250,1245,1270,1271,1265,1279,1268,1272,1277,1266,1276,1220,1247,1278,1263,1269,95,1222,1274,1273,1224,1275,1267,1221,31,1256,1259,1257,1258,1260,1261,1262,1243,1231,1206,1241,1242,1252,1235,1253,1238,72,1233,1232,1255
600: 792,989,532,880
601: 714
802: 
903: 
1174: 1172
605: 586,821,1019,1034
1149: 707
821: 586,605
912: 736
609: 773
610: 1147,1168
1037: 1155
904: 911,874,730,1010,1052,879
613: 582,1013
1105: 
899: 834
1019: 1034,586,605
617: 1122,1195,814
618: 1002,1120
619: 891,676,554,988
1184: 751,1087,1119
1202: 409,480,1228,125,1229,1227,30,1208,35
843: 544
623: 1020
1207: 480,245,255,250,352,209,1264,381,409
625: 1144
626: 1094,1038,665,927,669,810
627: 694,948,1014
866: 1072,714
629: 1103
630: 939,540,516
874: 904,1010,1052,879
632: 542,563
1277: 1270,1271,1225,1265,1279,1268,1272,1266,185,1248,1244,1223,78,1246,74,168,1276,1220,1247,1278,1263,1269,103,1274,1273,1224,1275,1267,1221,1254,1249,1251,1240,1219,1250,1245
634: 952
1273: 1274,1224,1275,1267,1221,74,168,1270,1271,1225,1265,1279,1268,1272,1277,1266,1276,1220,1278,1263,1269,103,1254,1249,1251,1240,1219,1250,1245,413,1243,1231,1206,1241,1242,1252,1235,1253,1238,72,1233
636: 1078,537,1176
1252: 1235,1253,1238,72,1233,1274,1273,1224,1275,1267,1221,1254,1249,1251,1240,1219,1250,1245,31,1256,1259,1257,1258,1260,1261,1262,1243,1231,1206,1241,1242,1232,1255,1230,1236,1237,63,1234,99,1239
638: 
639: 1068
640: 1001,808,971,708,742,652,1188
1246: 78,384,9,216,193,145,1248,1244,1223,173,1270,1271,1225,1265,1279,1268,1272,1277,1266,1276,1220,1247,1278,1263,1269,95,1222
642: 
1236: 1230,413,1243,1231,1206,1241,1242,1252,1235,1253,1238,72,1233,1205,41,51,1237,63,1234,487,129,49,88,89
644: 949
645: 
1226: 1218,1217,1216,73,1212,104,318,47,487,129,28,40,96,32,1214,18,221,419,54,58,1215,1213,97,124
1224: 1274,1273,1275,1267,1221,74,168,1270,1271,1225,1265,1279,1268,1272,1277,1266,1276,1220,1278,1263,1269,103,1254,1249,1251,1240,1219,1250,1245,413,1243,1231,1206,1241,1242,1252,1235,1253,72,1233
648: 795,1028
1220: 1276,1247,1278,1263,1269,1248,1244,1223,78,1246,173,1270,1271,1225,1265,1279,1268,1272,1277,1266,95,1222,1274,1273,1224,1275,1267,1254,1249,1251,1240,1219,1250,1245,31,1256,1259,1257,1260,1261
1218: 1217,1216,1226,73,1212,104,318,47,487,129,28,40,96,32,1214,18,221,419,54,58,1215,1213,97,124
1217: 1218,1216,1226,73,1212,104,318,47,487,129,28,11,40,96,32,1214,18,221,419,54,58,1215,1213,97,124
652: 1188,1001,808,971,640,755
1214: 18,221,318,47,487,129,49,1218,1217,1216,1226,73,1212,355,54,58,1215,1213,124,441,59
835: 1038,927
655: 
656: 
657: 953,664,721
834: 899
659: 
660: 1180,934
661: 
1193: 934,672,872,550,941
1191: 1069,503
664: 657,953
665: 1046,626,1094
666: 1001
1186: 921
993: 804,1102
669: 626,1094,810
1182: 982
671: 
672: 934,1193,872,550
1097: 1195
674: 1020,533,951
1171: 
676: 988,891,619
677: 689
678: 1117,528,545,1101,584
1167: 945
1165: 1042,1102
1163: 504,755,971,1188
682: 721
683: 1071,1109,946
684: 
873: 1111,1104,1196,1192,1042
686: 520
687: 521,979
1275: 1274,1273,1224,1267,1221,74,168,1270,1271,1225,1265,1279,1268,1272,1277,1266,1276,1220,1247,1278,1263,1269,103,1254,1249,1251,1240,1219,1250,1245,413,1243,1231,1206,1241,1242,1252,1235,1253,1238,72,1233
689: 677
1176: 537,509,962,1078,636
1077: 576
1083: 745,887
1144: 944,625
694: 627,948,1014
695: 523
1095: 519,749,1080
697: 763,1091
698: 870,558,1137,1029
1128: 848
1115: 
1104: 1196,873,1111,1192
1094: 626,1038,665,1046,669,810
1091: 697
827: 504
705: 754
706: 737,766,832
707: 1026
708: 742,1147,987,1001,640
1056: 564,1169
1192: 1104,1196,873,1111,1042
711: 987
1211: 106,99,25,134,126,209,1264,476,447,381,1209,449,199,204,1210,21
713: 
714: 967,1072,601,866
1072: 967,714,866
1244: 1248,1223,234,317,384,9,216,61,64,185,78,1246,74,168,1270,1271,1225,1265,1279,1268,1272,1277,1266,1276,1220,1247,1278,1263,1269
717: 981,945
1239: 99,1252,1235,1253,1238,72,1233,1232,1255,76,251,1237,63,1234,25,134,126,88,89,476,447,106
1245: 1254,1249,1251,1240,1219,1250,1270,1271,1225,1265,1279,1268,1272,1277,1266,1276,1220,1247,1278,1263,1269,95,1222,1274,1273,1224,1275,1267,1221,31,1256,1259,1257,1258,1260,1261,1262,1243,1231,1206,1241,1242,1252,1235,1253,1238,72,1233,1232,1255
720: 
721: 657,953,682
1059: 740
723: 1063,781
724: 
1051: 1084
726: 538
1046: 665,1094
1038: 835,927,626,1094
729: 589,847
730: 911,904
919: 838,1138
1030: 510,738
733: 781,1063
1028: 648
1026: 707
736: 912
737: 766,706,539,832,1054
738: 510,591,1030,1099
930: 1021,756
740: 1059
741: 992,921,839
742: 708,1147,987,1001,640
1018: 536
847: 729
745: 887,850,1083
1098: 779,1053,906
747: 
988: 554,676,891,619
749: 519,1095,963,1080
981: 717,945
751: 1184
973: 505
753: 
754: 705
755: 504,1163,808,971,652,1188
756: 930,1021
971: 808,1001,640,652,1188,755,1163
1256: 31,1259,1257,1258,1260,1261,1262,1220,1263,1269,95,1222,57,1254,1249,1251,1240,1219,1250,1245,92,1252,1235,1253,1238,72,1233,1232,1255,76,251
759: 1002
1159: 508
955: 500
952: 634