0: 23,49,92,99,22,31,74,42,8,1206,78,13,66,95,43,90,57,20,76,7,1205,51,37,68,38,14,1210,85,45,10,88,89,16,63,1,21,1211,1209,25
1: 21,1211,1209,25,23,49,92,0,99,22,38,14,1210,19,17,69,88,89,16,63,35,1207,1202,5,60,70,72,1203,1208,48
2: 83,3,168,61,6,26,56,1204,82,86,31,74,42,8,1206,78,79,94,91,41,7,1205,51,37,68
3: 168,135,465,77,427,103,61,6,26,413,86,83,2
4: 96,75,338,79,94,91,41,358,55,47,11,28,1218,1216,487,73,32,1213,54,40,1212,1217
5: 35,1207,1202,38,14,1210,19,17,69,1,21,1211,1209,25,71,62,30,72,1203,1208,48,29
6: 61,26,465,77,64,44,3,168,56,1204,82,86,83,2,31,74,42,8,1206
7: 1205,51,37,68,83,2,31,74,42,8,1206,78,13,66,91,41,23,49,92,0,99,22,55,47,11,28,1218,1216,85,45,10,88,89,16,63
8: 31,74,42,1206,78,61,6,26,56,1204,82,9,33,83,2,13,66,95,91,41,7,1205,51,37,68,23,49,92,0,99,22
9: 33,44,98,65,46,56,1204,82,67,39,31,74,42,8,1206,78,13,66,95,43,90,57,20,76
10: 85,45,91,41,7,1205,51,37,68,23,49,92,0,99,22,55,47,11,28,1218,1216,88,89,16,63,73,32,1213,54,40,1212,1217,58,59,84,1215,1214,60,70
11: 55,47,28,1218,1216,79,91,41,7,37,68,96,75,4,85,45,10,73,32,1213,40,1212,1217,84,1215,1214
12: 93,98,65,46,173,384,183,64,80,44,56,82,33,67,39
13: 66,95,56,1204,82,9,33,67,39,31,74,42,8,1206,78,43,90,57,20,76,7,1205,51,37,68,23,49,92,0,99,22,38,14,1210
14: 38,1210,13,66,95,43,90,57,20,76,53,52,23,49,92,0,99,22,19,17,69,88,89,16,63,1,21,1211,1209,25,35,1207,1202,5
15: 60,70,72,1203,1208,48,81,140,416
16: 88,89,63,7,1205,51,37,68,23,49,92,0,99,22,38,14,1210,85,45,10,1,21,1211,1209,25,58,59,84,1215,1214,60,70,72
17: 19,69,43,90,57,20,76,53,52,379,38,14,1210,1,21,1211,1209,25,35,1207,1202,5,71,62,30
18: 27,24,73,32,1213,54,1212,1217,58,59,84,1215,1214,70,361,97,50,164,129
19: 17,69,43,90,57,20,76,53,52,379,38,14,1210,1,21,1211,1209,25,35,1207,1202,5,71,62,30
20: 43,90,57,76,9,33,67,39,36,34,13,66,95,53,52,23,49,92,0,99,22,38,14,1210,19,17,69
21: 1,1211,1209,25,23,49,92,0,99,22,38,14,1210,19,17,69,88,89,16,63,35,1207,1202,5,60,70,72,1203,1208,48
22: 23,49,92,0,99,31,74,42,8,1206,78,13,66,95,43,90,57,20,76,7,1205,51,37,68,38,14,1210,85,45,10,88,89,16,63,1,21,1211,1209,25
23: 49,92,0,99,22,31,74,42,8,1206,78,13,66,95,43,90,57,20,76,7,1205,51,37,68,38,14,1210,85,45,10,88,89,16,63,1,21,1211,1209,25
24: 27,18,73,1213,54,58,59,84,1215,1214,60,70,361,97,81,50,164,129,416
25: 1,21,1211,1209,23,49,92,0,99,22,38,14,1210,19,17,69,88,89,16,63,35,1202,5,60,70,72
26: 61,6,465,77,64,80,44,3,168,56,1204,82,86,83,2,31,74,42,8,1206,78
27: 24,18,73,32,1213,54,58,59,84,1215,1214,70,361,97,81,50,355,164,129
28: 55,47,11,1218,1216,91,41,7,51,37,68,96,75,4,85,45,10,73,32,1213,54,40,1212,1217,58,59,84,1215,1214
29: 1207,5,71,62,30,381,1203,1208,48,480,140,199
30: 71,62,19,17,69,134,35,1207,1202,5,381,1203,1208,48,29,480
31: 74,42,8,1206,78,61,6,26,56,1204,82,9,33,83,2,13,66,95,91,41,7,1205,51,37,68,23,49,92,0,99,22
32: 73,1213,54,40,1212,1217,75,4,55,47,11,28,1218,1216,85,45,10,58,59,84,1215,1214,419,361,97,27,18
33: 9,64,80,44,93,12,98,65,46,87,56,1204,82,67,39,31,74,42,8,1206,78,13,66,95,43,90,57,20,76
34: 36,87,67,39,43,90,57,20,76,53,52,379
35: 1207,1202,5,38,14,1210,19,17,69,1,21,1211,1209,25,71,62,30,72,1203,1208
36: 34,87,67,39,43,90,57,20,76,53,52,379
37: 7,1205,51,68,83,2,31,74,42,8,1206,78,13,66,95,91,41,23,49,92,0,99,22,55,47,11,28,1218,1216,85,45,10,88,89,16,63
38: 14,1210,13,66,95,43,90,57,20,76,53,52,23,49,92,0,99,22,19,17,69,88,89,16,63,1,21,1211,1209,25,35,1207,1202,5
39: 67,93,12,98,65,46,87,9,33,36,34,13,66,95,43,90,57,20,76,53,52
40: 73,32,1213,54,1212,1217,96,75,4,55,47,11,28,1218,1216,85,45,10,58,59,84,1215,1214,419,361,97
41: 91,86,83,2,31,74,42,8,1206,94,7,1205,51,37,68,4,55,47,11,28,1218,1216,85,45,10
42: 31,74,8,1206,78,61,6,26,56,1204,9,33,83,2,13,66,95,91,41,7,1205,51,37,68,23,49,92,0,99,22
43: 90,57,20,76,9,33,67,39,36,34,13,66,95,53,52,23,49,92,0,99,22,38,14,1210,19,17,69
44: 64,80,179,173,384,77,93,12,98,65,46,61,6,26,56,1204,82,9,33
45: 85,10,91,41,7,1205,51,37,68,23,49,92,0,99,22,55,47,11,28,1218,1216,88,89,16,63,73,32,1213,54,40,1212,1217,58,59,84,1215,1214,60,70
46: 93,12,98,65,173,64,80,44,56,1204,82,9,33,67,39
47: 55,11,28,1218,1216,91,41,7,1205,51,37,68,75,4,85,45,10,73,32,1213,40,1212,1217,58,59,84,1215,1214
48: 1203,1208,1,21,1211,1209,5,62,30,72,29,15,140
49: 23,92,0,99,22,31,74,42,8,1206,78,13,66,95,43,90,57,20,76,7,1205,51,37,68,38,14,1210,85,45,10,88,89,16,63,1,21,1211,1209,25
50: 81,58,84,70,72,27,24,18,164,129,416
51: 7,1205,37,68,83,2,31,74,42,8,1206,78,13,66,95,91,41,23,49,92,0,99,22,55,47,28,1218,1216,85,45,10,88,89,16,63
52: 53,67,39,36,34,43,90,57,20,76,379,38,14,19,17,69
53: 52,67,39,36,34,43,90,57,20,76,379,38,14,1210,19,17,69
54: 73,32,1213,40,1212,1217,4,55,28,1218,1216,85,45,10,58,59,84,1215,1214,419,361,97,27,24,18
55: 47,11,28,1218,1216,79,94,91,41,7,1205,51,37,68,96,75,4,85,45,10,73,32,1213,54,40,1212,1217,58,59,84,1215,1214
56: 1204,82,77,64,80,44,93,12,98,65,46,61,6,26,9,33,83,2,31,74,42,8,1206,78,13,66,95
57: 43,90,20,76,9,33,67,39,36,34,13,66,95,53,52,23,49,92,0,99,22,38,14,1210,19,17,69
58: 59,84,1215,1214,55,47,28,1218,1216,85,45,10,88,16,63,73,32,1213,54,40,1212,1217,60,70,361,97,27,24,18,50
59: 58,84,1215,1214,55,47,28,1218,1216,85,45,10,88,89,16,63,73,32,1213,54,40,1212,1217,60,70,97,27,24,18
60: 70,85,45,10,88,89,16,63,1,21,1211,1209,25,58,59,84,1215,1214,72,24,15
61: 6,26,77,64,44,3,168,56,1204,82,86,83,2,31,74,42,8,1206,78
62: 71,30,19,17,69,134,182,35,1207,1202,5,381,1203,1208,48,29,480
63: 88,89,16,7,1205,51,37,68,23,49,92,0,99,22,38,14,1210,85,45,10,1,21,1211,1209,25,58,59,84,1215,1214,60,70,72
64: 80,44,179,384,77,93,12,98,65,46,61,6,26,56,1204,82,33
65: 93,12,98,46,173,384,183,64,80,44,87,56,1204,82,9,33,67,39
66: 13,95,56,1204,82,9,33,67,39,31,74,42,8,1206,78,43,90,57,20,76,7,1205,51,37,68,23,49,92,0,99,22,38,14,1210
67: 39,93,12,98,65,46,87,9,33,36,34,13,66,95,43,90,57,20,76,53,52
68: 7,1205,51,37,83,2,31,74,42,8,1206,78,13,66,91,41,23,49,92,0,99,22,55,47,11,28,1218,1216,85,45,10,88,89,16,63
69: 19,17,43,90,57,20,76,53,52,379,38,14,1210,1,21,1211,1209,25,35,1207,1202,5,71,62,30
70: 60,85,45,10,88,89,16,63,1,21,1211,1209,25,58,59,84,1215,1214,72,27,24,18,81,50,15
71: 62,30,19,17,69,134,182,35,1207,1202,5,381,1203,1208,29,480
72: 88,89,16,63,1,21,1211,1209,25,35,1207,1202,5,60,70,1203,1208,48,81,50,15,140
73: 32,1213,54,40,1212,1217,75,4,55,47,11,28,1218,1216,85,45,10,58,59,84,1215,1214,361,97,27,24,18
74: 31,42,8,1206,78,61,6,26,56,1204,82,9,33,83,2,13,66,95,91,41,7,1205,51,37,68,23,49,92,0,22
75: 96,4,91,358,55,47,11,28,1218,1216,487,73,32,1213,40,1212,1217
76: 43,90,57,20,9,33,67,39,36,34,13,66,95,53,52,23,49,92,0,99,22,38,14,1210,19,17,69
77: 185,179,465,64,44,3,168,61,6,26,56,1204,82
78: 31,74,42,8,1206,61,26,56,1204,9,33,83,2,13,66,95,91,7,1205,51,37,68,23,49,92,0,99,22
79: 94,413,86,83,2,338,91,358,96,4,55,11
80: 64,44,179,173,384,93,12,98,65,46,26,56,82,33
81: 50,84,70,72,27,24,15,164,129,416
82: 56,1204,77,64,80,44,12,98,65,46,61,6,26,9,33,83,2,31,74,8,1206,13,66
83: 2,3,168,61,6,26,56,1204,82,86,31,74,42,8,1206,78,79,94,91,41,7,1205,51,37,68
84: 58,59,1215,1214,55,47,11,28,1218,1216,85,45,10,88,89,16,63,73,32,1213,54,40,1212,1217,60,70,361,97,27,24,18,81,50
85: 45,10,91,41,7,1205,51,37,68,23,49,92,0,99,22,55,47,11,28,1218,1216,88,89,16,63,73,32,1213,54,40,1212,1217,58,59,84,1215,1214,60,70
86: 427,103,3,168,61,6,26,413,83,2,338,79,94,91,41
87: 173,183,301,93,65,33,67,39,36,34
88: 89,16,63,7,1205,51,37,68,23,49,92,0,99,22,38,14,1210,85,45,10,1,21,1211,1209,25,58,59,84,1215,1214,60,70,72
89: 88,16,63,7,1205,51,37,68,23,49,92,0,99,22,38,14,1210,85,45,10,1,21,1211,1209,25,59,84,60,70,72
90: 43,57,20,76,9,33,67,39,36,34,13,66,95,53,52,23,49,92,0,99,22,38,14,1210,19,17,69
91: 41,86,83,2,31,74,42,8,1206,78,79,94,7,1205,51,37,68,96,75,4,55,47,11,28,1218,1216,85,45,10
92: 23,49,0,99,22,31,74,42,8,1206,78,13,66,95,43,90,57,20,76,7,1205,51,37,68,38,14,1210,85,45,10,88,89,16,63,1,21,1209,25
93: 12,98,65,46,173,384,183,64,80,44,87,56,33,67,39
94: 79,413,86,83,2,338,91,41,358,96,4,55
95: 13,66,56,9,33,67,39,31,74,42,8,78,43,90,57,20,76,51,37,23,49,92,0,99,22,38,14
96: 75,4,338,79,94,91,358,55,11,28,487,40
97: 361,73,32,1213,54,40,1212,1217,58,59,84,1215,1214,419,27,24,18,164,129
98: 93,12,65,46,173,384,183,64,80,44,56,82,9,33,67,39
99: 23,49,92,0,22,31,42,8,78,13,66,95,43,90,57,20,76,7,1205,51,37,68,38,14,1210,85,45,10,88,89,16,63,1,21,1209,25
100: 459,132,187,367,224,133,223,169
101: 105,420,263,166,143,392,189,443,294,466,306
102: 477,302,485,131
103: 427,135,465,3,168,267,413,86
104: 198,194,124,357,256,321,418,318,387
105: 420,263,101,142,119,166,143,392,189,443,294,306
106: 232,476,220,447
107: 239,380,455,460,471,453,280
108: 387,362,320,227,349
109: 210,421,372,457,133,211,137
110: 111,432,123,115,455,155,460
111: 110,432,123,461,115,233,155,127
112: 132,187
113: 258,191,166,189,443,454,276
114: 157,248,296,315,451
115: 461,148,123,110,111,432,233,374
116: 
117: 412,298,292,266,437,195
118: 398,149,328,172,181,196
119: 299,425,403,142,166,105,420,263,189,443,294
120: 484,153,438,431,354,368,396,269
121: 201,360,458,275,385,218
122: 477,485,375,293,316,324,175
123: 439,391,461,115,110,111,432
124: 446,194,198,104
125: 482,141,444,412,298,401,497,319
126: 
127: 111,155,460,436,489,496
128: 327,208,415,428,157,242,315
129: 164,361,97,27,24,18,81,50,355,416,311,225,290
130: 284,379,251,339
131: 393,305,102,285,151,375,236
132: 112,192,389,441,314,367,224,459,100
133: 187,421,459,100,210,109,169
134: 182,379,251,339,71,62,30,381
135: 185,465,427,103,3,168
136: 442,410,303,429,171
137: 109,211,252,495
138: 394,499,397,154,366,376
139: 170,494,200,445,323,288,277,186,312,488,398,149
140: 72,1203,1208,48,29,15,199,232
141: 440,156,468,313,493,215,482,125,444,253
142: 299,119,143,105,420
143: 392,142,105,420,263,101,306
144: 332,254,235,473,382,406
145: 
146: 376,394,154,366,176
147: 350,271,242,249,351,403,258,191
148: 461,115
149: 398,139,323,277,186,312,488,118,347,464,342,328,172,196
150: 448,321,418,318
151: 335,285,131,236,248,296
152: 452,209,359,177,158,377
153: 388,438,356,353,396,190,120
154: 366,397,394,138,376,146,176,434
155: 460,110,111,432,455,127,239
156: 468,158,377,440,141,313,265,493
157: 114,248,415,327,128,315,451
158: 152,452,209,377,240,440,156
159: 370,469,279,426,217
160: 237,404,372,252,340
161: 314,389,333,224,378,223
162: 450,356,353,396,190,178,411,269
163: 
164: 129,361,97,27,24,18,81,50,355,416,311,225,290
165: 363,408,193,410,303,197,171
166: 299,119,113,105,420,263,101,189,443,294,276
167: 490,348,474,329
168: 3,135,465,77,427,103,61,6,26,413,86,83,2
169: 100,133,210
170: 442,494,200,445,139
171: 429,165,363,410,303,197,136,203,423
172: 342,328,277,186,312,398,149,118,347,464,181,196,235,332
173: 384,463,216,183,80,44,93,12,98,65,46,87
174: 270,435,406,273,481
175: 293,316,324,122,375,236,234
176: 154,376,146,434
177: 409,152,291,377,483
178: 411,467,356,190,162,450
179: 317,463,185,465,77,64,80,44
180: 250,424,289,226,371,490
181: 196,118,328,172,475,332,254,473
182: 134,379,251,339,71,62,381
183: 216,173,384,301,93,12,98,65,87
184: 230,246,399,247,281,439,461
185: 179,135,465,77
186: 277,312,488,200,445,139,323,288,462,398,149,347,464,172
187: 112,213,421,459,100,133,210
188: 200,445,288,462
189: 443,294,119,166,113,105,420,263,101,454,276
190: 396,153,356,353,178,411,162,450
191: 147,351,258,113
192: 389,221,441,297,346,217,132,314
193: 205,472,165,363,197
194: 422,331,275,446,124,325,357,198,104
195: 437,412,117,298,292,214,456
196: 181,149,118,328,172,475,332,254
197: 193,205,165,363,410,171,336,203,423
198: 104,194,422,331,446,124,357,256
199: 1203,1208,29,480,140,232
200: 445,442,170,188,139,288,462,186
201: 121,364,360,385
202: 279,426,370,469,228,373
203: 423,197,171,336,278
204: 
205: 193,472,363,197
206: 402,273,417,283,304,330,245,222
207: 280,489,496,471,453,238,400,364,360,458
208: 415,428,327,128
209: 152,452,359,158,377
210: 109,187,421,457,133,169
211: 109,252,137,495
212: 240,486
213: 309,187,421,457
214: 497,437,195,300
215: 313,265,493,468,141,253
216: 308,463,173,384,183
217: 346,159,370,297,373,192,221,430
218: 325,243,121,275,385,422,331,357,256
219: 267,386
220: 106
221: 192,389,441,297,346,217,333,314
222: 206,402,345,322
223: 161,314,367,224,459,100
224: 367,389,132,161,314,459,100,223
225: 290,355,164,129,416,311
226: 180,250,371,491,348
227: 349,108,320,498,326,287
228: 202
229: 
230: 246,399,247,184
231: 467,485,356
232: 140,199,106,476
233: 461,115,111,374
234: 236,175,296
235: 342,328,172,307,435,144,332,254,270
236: 375,285,131,151,324,175,296,234
237: 160,404,340
238: 400,489,496,280,207,360,458,261,268
239: 107,380,455,155,460,453
240: 486,158,440,212
241: 
242: 428,327,128,271,315,249,147,350,351
243: 325,218,275,385,331,357,256
244: 487,365,264
245: 330,304,206
246: 230,399,466,306,247,281,184
247: 281,466,230,246,399,184
248: 114,157,151,296,451
249: 271,242,147,350,403,258
250: 180,424,255,289,226,371
251: 339,130,284,379,134,182
252: 160,211,137,495
253: 141,313,265,493,215,444,401,497,319
254: 144,332,328,181,196,475,235,473,382
255: 424,289,250
256: 357,275,331,325,243,218,198,104,321,418,318
257: 414,286,456,433,266,437,337,407,383
258: 249,147,403,191,113
259: 340,337,407
260: 269
261: 268,238,458,422,331
262: 369
263: 105,420,101,119,166,143,189,443,294,306
264: 244,365,419
265: 313,493,215,156,468,253
266: 117,433,437,337,407,257,414,286,456
267: 427,103,219,413,386,338
268: 261,238,422,446
269: 396,120,484,162,260
270: 174,307,435,235,406,481
271: 242,249,147,350
272: 315,451,478
273: 481,174,304,206
274: 377,483,156,468,493
275: 385,121,194,422,331,325,243,218,357,256
276: 454,166,113,189,443,294
277: 186,312,488,445,139,323,288,398,149,347,464,172
278: 203,423
279: 426,202,334,159,370,469
280: 207,107,471,453,238,400,364,360,458
281: 247,466,306,246,399,395,184
282: 310,322,499,397
283: 417,405,206,402,345,390
284: 130,379,251,339
285: 393,305,335,131,151,375,236
286: 257,414,456,266,437,337,383
287: 320,227,349,498,326
288: 462,188,200,445,139,277,186,312,488,347,464
289: 424,255,180,250
290: 225,355,164,129,416,311
291: 491,409,348,177,470,483
292: 412,117,298,195
293: 316,324,175,122,375
294: 189,443,119,166,105,420,263,101,454,276,306
295: 341
296: 151,236,114,248,234
297: 343,346,217,192,389,221,441
298: 412,117,292,125,195
299: 425,403,142,119,166
300: 401,497,319,214
301: 183,87
302: 477,102,485
303: 410,165,429,171,136,442
304: 273,481,206,402,330,245
305: 393,285,131
306: 466,143,392,105,420,263,101,294,246,399,281
307: 435,347,464,342,235,270
308: 216
309: 213,421,372,457
310: 405,345,390,322,282
311: 355,164,129,225,290
312: 277,186,488,445,139,288,462,398,149,347,464,342,172
313: 265,493,215,440,156,468,141,444,253
314: 161,192,389,221,441,132,333,367,224,223
315: 428,327,128,114,157,242,451,351,272
316: 293,324,175,122,375
317: 463,179
318: 256,104,321,418,387,150,448,320,349
319: 401,497,482,125,444,253,300
320: 418,318,108,448,227,349,498,326,287
321: 418,325,256,104,318,150,448
322: 345,390,310,222,282,499,397
323: 494,139,277,186,398,149
324: 293,316,175,122,375,236
325: 243,218,275,385,194,422,331,357,256,321
326: 498,448,320,227,349,287
327: 128,208,415,428,157,242,315,451
328: 342,172,149,118,347,464,181,196,435,235,332,254
329: 167,474
330: 245,304,206,341
331: 194,422,261,275,385,325,243,218,357,256,198
332: 144,254,342,328,172,181,196,235,473,382
333: 346,389,221,161,314,378
334: 362,279,426,469
335: 285,415,151
336: 197,492,203,423
337: 407,433,266,257,414,286,340,259,383
338: 267,413,86,386,79,94,358,96,4
339: 251,130,284,379,134,182
340: 259,160,237,337,407
341: 330,295
342: 328,172,312,488,149,347,464,307,435,235,332
343: 297,441
344: 438,431,354
345: 390,283,405,310,222,322
346: 217,297,373,192,389,221,430,333
347: 464,288,462,277,186,312,488,149,342,328,172,307,435
348: 491,409,226,371,167,490,474,291
349: 227,318,108,387,320,326,287
350: 147,271,242,249,351,403
351: 242,315,147,350,191
352: 359
353: 356,388,153,467,396,190,411,162
354: 431,368,344,438,120,484
355: 419,361,27,164,129,311,225,290
356: 353,388,153,231,467,396,190,178,411,162,450
357: 256,275,385,194,422,331,325,243,218,198,104
358: 386,338,79,94,96,75,4,487
359: 352,152,452,209
360: 471,453,280,207,238,364,458,201,121
361: 97,73,32,1213,54,40,1212,1217,58,84,1215,1214,419,27,24,18,355,164,129
362: 108,387,334
363: 165,193,205,410,197,171
364: 471,453,280,207,360,201
365: 487,244,419,264
366: 154,397,394,138,376,146,434
367: 224,389,132,314,459,100,223
368: 431,354,120
369: 262
370: 159,469,279,426,202,373,217
371: 180,250,226,490,491,348
372: 457,309,421,160,109
373: 426,202,370,346,217,430
374: 115,233
375: 236,285,131,122,293,316,324,175
376: 146,394,138,154,366,176
377: 152,209,177,158,483,440,156
378: 333,161
379: 36,34,130,284,53,52,251,339,19,17,69,134,182
380: 455,239,107
381: 134,182,71,62,30,29,480
382: 473,475,144,332,254,406
383: 337,257,414,286
384: 173,463,216,183,64,80,44,93,12,98,65
385: 275,201,121,331,325,243,218,357
386: 219,267,413,338,358
387: 108,104,318,362,349
388: 153,467,356,353
389: 192,221,441,297,346,132,333,161,314,367,224
390: 345,283,405,310,322
391: 439,123,432
392: 143,105,420,101,466,306
393: 305,285,131
394: 138,154,366,376,146
395: 466,306,281
396: 190,153,438,356,353,120,484,411,162,450,269
397: 322,282,499,138,154,366
398: 149,139,323,277,186,312,488,118,464,172
399: 230,246,466,306,247,281,184
400: 238,489,496,280,207,458
401: 497,319,482,125,444,253,300
402: 206,417,283,304,222
403: 249,147,350,299,425,258,119
404: 160,237
405: 283,345,390,310
406: 144,473,382,174,270,481,417
407: 337,449,433,266,257,414,340,259
408: 165,410
409: 491,348,177,291
410: 303,408,165,363,197,429,171,136
411: 178,467,356,353,396,190,162,450
412: 117,298,292,482,125,195
413: 427,103,3,168,267,86,386,338,79,94
414: 257,286,456,266,337,407,383
415: 335,208,428,327,128,157
416: 24,81,50,15,164,129,225,290
417: 406,481,283,304,206,402
418: 321,256,104,318,150,448,320
419: 487,32,54,40,365,361,97,264,355
420: 105,263,101,142,119,166,143,392,189,443,294,306
421: 213,309,187,372,457,133,210,109
422: 194,331,261,268,275,446,325,218,357,198
423: 203,197,429,171,336,278
424: 255,289,180,250
425: 299,403,119
426: 279,202,334,159,370,469,373
427: 103,135,465,3,168,267,413,86
428: 415,327,128,242,315
429: 171,410,303,136,442,423
430: 373,346,217
431: 354,368,344,438,120,484
432: 110,111,439,391,123,115,455,155
433: 449,266,337,407,257
434: 154,366,176
435: 307,347,342,328,235,174,270
436: 127,489,496
437: 195,117,266,214,257,286,456
438: 344,153,431,354,396,120,484
439: 391,184,123,432
440: 158,377,240,156,468,141,313,493
441: 192,389,221,297,343,132,314
442: 136,303,429,170,200
443: 189,294,119,166,113,105,420,263,101,454,276
444: 141,313,482,125,253,401,497,319
445: 200,170,188,139,288,462,277,186,312,488
446: 124,268,194,422,198
447: 106,476
448: 150,321,418,318,320,498,326
449: 433,407
450: 162,356,396,190,178,411
451: 327,114,157,248,315,272
452: 152,209,359,158
453: 471,239,107,280,207,364,360
454: 276,113,189,443,294
455: 110,432,380,155,460,239,107
456: 257,414,286,266,437,195
457: 372,213,309,421,210,109
458: 280,207,238,400,360,261,121
459: 100,132,187,367,224,133,223
460: 155,110,455,127,239,107,489
461: 115,184,148,123,111,233
462: 288,188,200,445,186,312,488,347,464
463: 317,216,179,173,384
464: 347,288,462,277,186,312,488,398,149,342,328,172,307
465: 185,179,135,77,427,103,3,168,6,26
466: 306,392,101,246,399,247,281,395
467: 231,388,356,353,178,411
468: 156,440,141,313,265,493,215
469: 159,370,334,279,426,202
470: 474,291,483
471: 453,107,280,207,364,360
472: 193,205
473: 382,181,475,144,332,254,406
474: 167,490,348,329,470
475: 181,196,254,473,382
476: 232,106,447
477: 102,302,485,122
478: 272
479: 
480: 71,62,30,381,29,199
481: 273,174,270,406,417,304
482: 125,141,444,412,401,497,319
483: 177,291,470,377,274
484: 120,438,431,354,396,269
485: 302,477,102,231,122
486: 240,212
487: 358,96,75,4,244,365,419
488: 277,186,312,445,139,288,462,398,149,347,464,342
489: 496,460,127,436,207,238,400
490: 167,180,371,491,348,474
491: 409,348,226,371,490,291
492: 336
493: 313,265,215,440,156,468,274,141,253
494: 170,139,323
495: 211,252,137
496: 489,127,436,207,238,400
497: 401,319,482,125,444,253,214,300
498: 326,448,320,227,287
499: 322,282,397,138
500: 746,955,1044,578,1116,1125,597,1158
501: 583,763
502: 810,626,1094,853,515,846,669,842
503: 851,1191,1069,1183
504: 1188,1023,827,1000,755,1163,703
505: 973,820,793
506: 1030,510,833,534,845
507: 1064,676,891,918
508: 1159,574,551
509: 1133,828,962,537,1176
510: 738,840,591,1030,506
511: 535,1136,966,733,568,935
512: 863
513: 874,1158,1010,1052,879,524
514: 916,831,860,1164,566,572,668,923,541
515: 665,1046,626,1094,853,846,810,502,842
516: 777,1026,630,583
517: 958,768,1127,980,886,1006,1085
518: 656,779,764,1098
519: 963,1011,1032,590,572
520: 686
521: 715,1029,942,687
522: 792,775,807,892,770,888,989
523: 599,859,1053,702,571,695
524: 879,911,904,1010,1052,513,681,1050
525: 1132,615
526: 1172,612
527: 905,1113,1031,928,615,602
528: 678,1117,548,529,744,545,1101,584
529: 744,977,547,762,653,528,678,1117,548
530: 585,991,870,933
531: 1148
532: 989,600,782
533: 951,1121,674
534: 833,1030,506,845
535: 597,734,1136,511,966
536: 561,1077,635
537: 1176,509,636,962,1016
538: 726,603,930,1021,1073
539: 706,737,555,766,832,1054,978,1099
540: 939,727,630,583,763
541: 923,572,514,1043
542: 1173,632,896,594,563,725
543: 682,995,985,1015
544: 843,791,654,838,919,799
545: 1101,584,528,678,1117,548
546: 585,1192,606,802
547: 977,787,614,1120,1012,762,653,529
548: 528,678,1117,529,545,1101,584
549: 684,902
550: 1193,941,624,872,929,1013,1032,590
551: 508,1159,825,576,767,932
552: 980,824
553: 1092,895,776,751,996,887,1047,765
554: 988,891,619,722,690
555: 539,706,737,766,978
556: 679,581,696,994,788,620
557: 831,570,860,916
558: 1137,698,870,1140,559
559: 1140,558,1137,698,715
560: 983,1096
561: 576,767,1077,761,536
562: 1151,1181
563: 1173,542,896,594,1130,725,1142
564: 1056,1169
565: 662,837
566: 1164,572,929,877,590,514,1011
567: 1100,1145,649,631
568: 511,733,781,935
569: 968,785,1048,805
570: 1061,831,557
571: 1051,954,702,523,949,884,695
572: 1164,566,590,514,519,1011,923,541
573: 819,588,813,578,1125,597,774,734
574: 634,508,1159,825
575: 808,971,666,849,922,1001,1023,640,1188
576: 767,932,551,561,1077,761
577: 1123,1087,812,676
578: 862,1035,955,1044,573,500,1125,597
579: 796,747,1181
580: 682,995,543,898
581: 679,663,696,556
582: 613,1013
583: 630,540,516,777,501
584: 545,1101,528,678,548,680
585: 546,1192,606,802,991,530
586: 821,907,605,1019,1034
587: 1136,966,935
588: 573,819,813,597,774,734
589: 850,729,862,608,746
590: 550,929,1032,1164,566,572,519,963,1011
591: 1099,1054,978,510,738,937,1150,1025
592: 
593: 704
594: 1130,1173,542,563,1142
595: 629
596: 852,759
597: 1125,955,1044,578,573,819,588,500,535
598: 912,924,1079,1058
599: 859,867,1053,954,702,523
600: 532,782
601: 823,714,866,794
602: 527,1113,1031,928,1075,976,1175,724
603: 538,726,930
604: 
605: 586,1019,1034,757
606: 1196,1192,585,546
607: 1160
608: 847,729,589,746,1178,1116
609: 866,925,773,670,1124
610: 897,748,1147,1179,750,1168
611: 1070
612: 526
613: 582,647
614: 1120,1012,618,787,977,547,854,653
615: 525,527,712
616: 703,1014,828,731
617: 1122,699,1195,739,814
618: 1002,829,614,1120,1012
619: 891,554,988,1064,722,690,918
620: 1146,556,788
621: 1141,1162,903
622: 733,781
623: 1020
624: 941,909,1193,550
625: 1144,1070
626: 1094,853,1038,665,927,515,1112,669,502
627: 694,948,913,1014
628: 655
629: 595
630: 939,540,516,777,583
631: 1145,649,567,1198
632: 1067,710,801,1173,542
633: 666,849,987,769,1001
634: 952,818,574
635: 1077,536,1018
636: 731,1078,828,537,1176
637: 962
638: 764
639: 826,1068,997
640: 1089,1001,808,971,575,708,742,652
641: 817,915,876,987,711,769
642: 985,1015
643: 1033,766
644: 949,884
645: 818
646: 
647: 1073,613
648: 811,795,1028,816
649: 1145,1055,1100,957,1174,567,631
650: 1055,1174
651: 855,1039
652: 1001,808,971,575,640,1089,1188
653: 614,977,547,762,529,1127,1117
654: 1135,843,791,1189,544
655: 628,789,675
656: 518,764,1098
657: 953,917,664,721
658: 750,1168
659: 1131
660: 1180,934
661: 980,758,958
662: 565,837
663: 1162,903,940,967,679,581,696,1072
664: 1004,917,657,953
665: 1046,960,626,1094,515
666: 849,633,922,1001,808,575
667: 899,834,875,857,861,1057
668: 831,860,916,514
669: 626,1094,853,1112,810,502,840
670: 609,1124
671: 798,1106
672: 934,1193,872,550
673: 1179
674: 1020,533,951,1121
675: 789,974,655,701
676: 577,1123,891,507
677: 709,689,1143,1076
678: 528,1117,548,529,744,545,1101,584
679: 581,663,696,920,556
680: 1101,584,1090,926,692
681: 730,911,904,1010,879,524
682: 995,543,721,985,580,1015
683: 1109,946,1071,1152
684: 902,771,549
685: 936,693
686: 520,688
687: 521,942,979
688: 686,1065
689: 1143,677,1076
690: 722,554,891,619,1064,918,719,914
691: 889,820,709
692: 1090,926,771,680,728
693: 936,685
694: 627,948,1014,1066
695: 702,523,571,760
696: 663,967,679,581,1072,556
697: 1091,763,758
698: 558,1137,870,715,1140,559
699: 617,1122,1195,739
700: 
701: 974,675,1007
702: 599,859,1053,954,523,571,695
703: 504,827,1000,1163,913,616,1014
704: 593,1088,834,844,875,899
705: 1152,754
706: 539,737,555,766,832,1054,978
707: 1026
708: 742,1147,987,1001,640,1089
709: 691,889,793,677,1143
710: 801,756,1067,632,1173
711: 987,769,915,641
712: 615,1175
713: 
714: 823,967,1072,866,794,925
715: 1137,698,1029,559,521
716: 1149,982
717: 981,945
718: 933,1029
719: 722,690,914
720: 1066,1129
721: 657,953,985,682,995,543
722: 690,554,988,891,619,1064,918,719,914
723: 1063,781
724: 602,976,1175,1182,1060
725: 542,896,1027,563,1126,1142
726: 538,603,930
727: 939,1049,540
728: 1097,692
729: 589,847,608,746
730: 911,904,1196,681
731: 636,1078,616,1066,828,1129
732: 919,838,799,826,778,1062,1138
733: 781,622,511,568,1063
734: 774,573,819,588,813,535,1136
735: 1049
736: 920
737: 539,706,555,766,832,1054,978
738: 510,840,1099,591,1030,1150,1025
739: 1195,617,1122,699
740: 1059
741: 992,772,1197,1166,839,1110
742: 708,1147,987,640,897,748
743: 1082,1171,1074
744: 529,762,528,678,1117
745: 850,887,862,1035
746: 729,589,862,847,608,955,1044,1116,500
747: 1181,796,579
748: 610,897,742,1147,1179
749: 963,1095,1027,1080
750: 610,897,1168,658
751: 996,1092,553,895
752: 1175,1086
753: 986,757,1194,783
754: 705,865
755: 1163,1188,504,1133
756: 930,1021,1067,710,801
757: 605,783
758: 1091,883,697,661
759: 596,1002
760: 695
761: 1077,576,767,932,561,900
762: 977,547,653,529,744
763: 540,697,501
764: 779,638,656,518,1098
765: 1092,553,895,996,1047,1105,1083
766: 643,539,706,737,555
767: 576,932,825,551,561,761
768: 1127,854,517,958,886
769: 987,711,915,1118,633,641
770: 888,775,807,522,792,1108
771: 1090,926,692,684,902
772: 741,992,1197,1166,1177,839,1110
773: 609
774: 734,573,819,588,813,970
775: 807,858,778,892,770,888,522
776: 1092,553,887,1047
777: 516,583
778: 858,838,919,732,1062,1138,775,807,892
779: 764,518,815,1098
780: 981,975,1132
781: 733,622,568,723,1063
782: 600,532
783: 757,753
784: 944,1144,856,1134
785: 968,1048,865,569,1022,805
786: 902
787: 614,1012,977,547
788: 994,556,620,1146
789: 675,655,998,1135
790: 942,979
791: 843,1135,654,544
792: 522,892,770,888,989
793: 820,505,889,709
794: 866,925,823,714,601
795: 810,842,648,811,816
796: 983,1096,579,747,1181
797: 1185,798
798: 1106,671,797,1185
799: 826,544,919,732,1068,1062
800: 933
801: 710,756,1067,632,890,1173
802: 606,585,546
803: 
804: 1199,993,1102
805: 968,785,1048,569
806: 1133,964
807: 775,858,778,1138,892,770,888,522
808: 971,575,666,922,1001,640,1089,652,1188
809: 1017
810: 502,853,515,846,669,842,795
811: 648,795,1028,816
812: 1005,1087,1105,577,1123
813: 573,819,588,774,734
814: 1195,617
815: 779,859,1053,906
816: 795,648,811,1028,869
817: 915,1118,885,876,641
818: 645,898,634
819: 573,588,813,597,774,734
820: 505,691,889,793
821: 1156,586
822: 1131,910
823: 714,967,601,866,794
824: 552,1186
825: 574,1159,551,998,767,932
826: 799,919,732,1068,639
827: 1000,1023,504,703
828: 616,509,636,731,1078,1176
829: 618,1120,1012,894
830: 950,878,1156,986
831: 557,570,860,1164,916,514,668
832: 1054,978,539,706,737,1099,937
833: 534,1030,506
834: 844,1088,704,1190,875,899,667
835: 990,1033,1038,927
836: 1016
837: 565,662
838: 544,919,732,858,778,1062,1138
839: 1110,1166,1177,741,992,772,1197
840: 1112,1024,669,510,738,1030
841: 851
842: 515,846,810,502,795
843: 791,654,544
844: 834,1088,704,1190,875,899
845: 506,534,915,1118
846: 515,810,502,842
847: 608,729,746,864,1178,1116
848: 1128,903,940
849: 666,869,633,922,1001,575
850: 745,589,862,1035
851: 503,841,1069,1183
852: 596,1154
853: 626,1094,927,515,1112,669,810,502
854: 894,614,1120,768,1127
855: 1199,1102,1165,1161,651,1039,1114
856: 1134,1074,944,784
857: 1190,1191,899,667,1107,1057
858: 778,838,1062,1138,775,807,892
859: 599,956,867,815,1053,702
860: 831,557,916,514,668
861: 1057,875,667
862: 850,745,589,1035,746,955,1044,578
863: 512
864: 847,1178
865: 754,968,785,1048,1022
866: 794,925,1072,823,714,609
867: 956,1084,599,859,1053
868: 1079
869: 816,849
870: 1161,991,530,1114,558,1137,698
871: 1184,1087,1119
872: 934,672,1193,550,1013
873: 1111,1104,1196,1192,1042
874: 1178,1158,1010,1052,513
875: 704,834,844,899,667,861
876: 817,885,641
877: 941,929,1164,566
878: 950,830,986
879: 524,911,904,1010,1052,513,681,1050
880: 1045,997,989
881: 1008
882: 1139,922
883: 1091,758
884: 949,1051,954,571,644
885: 817,876
886: 768,1127,517,958,1006,1036,1085
887: 1047,776,553,745,1083
888: 770,775,807,892,522,792
889: 691,820,793,709
890: 801,1170,1130
891: 619,554,988,507,1064,722,690
892: 858,778,1062,1138,775,807,888,522,792
893: 1108,1157
894: 854,829,1120,1127
895: 1092,553,751,996,1047,765,1105
896: 1173,542,1095,1027,563,725
897: 610,748,742,1147,1179,750,1168
898: 818
899: 667,704,834,844,1190,875,857,1057
900: 998,932,1135,761
901: 
902: 684,771,786,549
903: 940,621,848,1141,1162,663
904: 911,730,1010,1052,681,879,524
905: 527,1113,1031,928
906: 815,1098,1053,1009
907: 999,586,969,1034
908: 1157
909: 941,624
910: 822,1131,1143
911: 904,730,1010,681,879,524
912: 598,1079,1058
913: 1000,703,627,948,1014
914: 722,690,918,719
915: 1118,845,817,641,987,711,769
916: 514,831,557,860,1164,668
917: 664,1004,657,953
918: 619,507,1064,722,690,914
919: 732,544,838,799,826,778,1062,1138
920: 679,736,994
921: 1186,992,1197
922: 882,666,849,1001,808,971,575
923: 541,572,514,963,1011,1043
924: 598,990
925: 866,794,714,609
926: 1090,771,680,692
927: 835,1038,626,853,1112,1024
928: 1031,527,905,1113,1075,602,976
929: 941,550,877,1032,590,1164,566
930: 603,538,726,1021,756
931: 945,1167
932: 576,767,825,551,900,761
933: 530,800,718
934: 672,1180,660,1193,872
935: 511,966,587,568
936: 693,685
937: 832,1054,1099,591
938: 1148,1037,1084,1051
939: 727,1049,630,540
940: 903,848,1162,663,967
941: 624,909,1193,550,929,877
942: 521,790,687,979
943: 1182,1060,976,982
944: 784,1144,856
945: 931,717,1167
946: 1122,683,1071,1152
947: 1070
948: 627,694,913
949: 884,1051,954,571,644
950: 878,830,1065,986
951: 533,1121,674
952: 1015,634
953: 657,917,664,721
954: 1051,1084,599,702,949,884,571
955: 1044,862,1035,746,578,500,1125,597
956: 867,859
957: 1100,1055,1174,1145,649
958: 517,768,1127,661,980,886
959: 1171
960: 1124,665,1046
961: 1088,1190,1069
962: 509,637,537,1176,1016
963: 519,1011,1032,590,923,749
964: 806,1133
965: 1115,1091
966: 535,1136,511,587,935
967: 940,663,696,1072,823,714
968: 785,1048,865,569,1022,805
969: 907,1019,1034
970: 774
971: 808,575,922,1001,1023,640,1089,652,1188
972: 1128,1198
973: 505
974: 701,675
975: 780,1132
976: 928,1075,602,982,724,1182,1060,943
977: 547,787,614,762,653,529
978: 832,1054,539,706,737,555,1099,591
979: 790,942,687
980: 661,517,958,552
981: 780,717,1132
982: 1075,976,716,1182,1060,943
983: 1096,560,796
984: 
985: 721,682,995,543,642,1015
986: 950,878,830
987: 711,769,915,633,641,708,742
988: 554,891,619,722
989: 522,792,880,532
990: 924,1033,835
991: 1165,585,1161,530,1114,870
992: 741,772,1197,921,839,1110
993: 804,1199,1102
994: 788,920,556,1146
995: 682,543,985,580,1015
996: 751,1092,553,895,765,1105
997: 1045,639,880
998: 825,789,1135,900
999: 907
1000: 827,504,703,913
1001: 633,666,849,922,808,971,575,708,640,1089
1002: 759,618
1003: 1154
1004: 664,917
1005: 812,1105,1123
1006: 1036,1085,517,886
1007: 701
1008: 881
1009: 1098,906
1010: 1052,874,911,904,513,681,879,524
1011: 519,963,1032,590,1164,566,572,923
1012: 614,1120,618,787,829,547
1013: 872,550,582,1032
1014: 1066,703,913,627,694,616
1015: 985,682,995,543,642,952
1016: 836,962,537,1176
1017: 809
1018: 635
1019: 1034,586,969,605
1020: 674,623
1021: 538,930,1073,756,1067
1022: 865,968,785,1048
1023: 971,575,1188,504,827
1024: 1112,927,840
1025: 1150,1099,591,738
1026: 707,516
1027: 1095,896,749,725,1080
1028: 648,811,816
1029: 715,718,521
1030: 506,840,510,738,833,534
1031: 928,527,905,1113,1075,602
1032: 929,1013,590,519,963,1011
1033: 990,835,643
1034: 1019,586,907,969,605
1035: 850,745,862,955,1044,578
1036: 1006,1085,886
1037: 1129,1148,938,1155
1038: 835,927,626,1094
1039: 855,651
1040: 1060,1086
1041: 
1042: 1165,873,1111,1192,1102
1043: 923,541
1044: 955,862,1035,746,578,500,1125,597
1045: 997,880
1046: 665,960,1094,515
1047: 887,776,1092,553,895,765,1083
1048: 968,785,865,569,1022,805
1049: 735,939,727
1050: 879,524
1051: 954,938,1084,949,884,571
1052: 1010,874,1158,904,513,879,524
1053: 867,815,599,859,906,702,523
1054: 832,978,539,706,737,1099,591,937
1055: 650,1100,957,1174,1145,649
1056: 564,1169
1057: 861,899,667,857
1058: 1079,912,598
1059: 740
1060: 1182,943,976,982,724,1040
1061: 570
1062: 1138,838,919,732,799,858,778,892
1063: 723,733,781
1064: 507,891,619,722,690,918
1065: 688,950
1066: 1014,694,731,720
1067: 1021,756,710,801,632
1068: 799,826,639
1069: 1191,961,503,851,1190,1183
1070: 947,625,611
1071: 1152,1109,683,946
1072: 663,967,696,714,866
1073: 538,1021,647
1074: 1082,743,856,1134
1075: 1031,928,602,976,982
1076: 677,689,1143
1077: 761,576,561,536,635
1078: 636,731,828,1176,1129
1079: 1058,912,598,868
1080: 1095,1027,749
1081: 
1082: 1171,743,1074
1083: 887,1047,765
1084: 1148,867,938,1051,954
1085: 1006,1036,517,886
1086: 752,1040
1087: 1119,871,1184,812,577,1123
1088: 961,704,834,844,1190
1089: 640,1001,808,971,708,652
1090: 926,771,680,692
1091: 883,965,697,758
1092: 553,895,776,751,996,1047,765
1093: 
1094: 626,853,1038,665,1046,515,669,502
1095: 1027,896,749,1080
1096: 983,560,796
1097: 728,1195
1098: 779,764,656,518,906,1009
1099: 591,539,832,1054,978,738,937,1025
1100: 957,1055,1174,1145,649,567
1101: 545,584,528,678,548,680
1102: 804,1199,1042,1165,855
1103: 1170
1104: 1196,873,1111,1192
1105: 895,996,765,1005,812
1106: 798,671,1185
1107: 1190,1191,857
1108: 770,893,1157
1109: 683,1071
1110: 839,1166,741,992,772,1197
1111: 873,1104,1192,1042
1112: 1024,927,626,853,669,840
1113: 527,905,1031,928,602
1114: 855,1161,991,870
1115: 965
1116: 847,608,746,1178,500,1158
1117: 528,678,548,653,529,744,545
1118: 915,845,817,769
1119: 1087,871,1184,1123
1120: 614,1012,618,829,547,854,894
1121: 533,951,674
1122: 617,699,1195,739,946
1123: 577,1087,1119,1005,812
1124: 609,670,960
1125: 597,955,1044,578,573,500
1126: 1142,725
1127: 768,854,894,653,517,958,886
1128: 972,1198,848
1129: 731,1078,720,1037
1130: 594,890,563
1131: 822,910,659
1132: 780,981,975,525
1133: 755,806,964,509
1134: 856,1074,784
1135: 789,998,900,791,654,1189
1136: 734,535,511,966,587
1137: 558,698,870,715,1140,559
1138: 1062,838,919,732,858,778,807,892
1139: 882
1140: 559,558,1137,698
1141: 1162,621,903
1142: 1126,594,563,725
1143: 689,709,677,910,1076
1144: 944,784,625
1145: 649,1055,1100,957,1174,567,631
1146: 620,994,788
1147: 708,742,610,897,748
1148: 531,1037,938,1084
1149: 716
1150: 1025,591,738
1151: 562
1152: 1071,683,946,705
1153: 
1154: 1003,852
1155: 1037
1156: 821,830
1157: 1108,893,908
1158: 1178,1116,500,874,1052,513
1159: 508,574,825,551
1160: 607
1161: 1165,855,991,1114,870
1162: 1141,621,903,940,663
1163: 755,1188,504,703
1164: 566,572,929,877,831,590,916,514,1011
1165: 1042,1102,855,1161,991
1166: 1177,741,772,839,1110
1167: 931,945
1168: 610,897,750,658
1169: 564,1056
1170: 1103,890
1171: 1082,743,959
1172: 526
1173: 542,710,801,632,896,594,563
1174: 650,1055,1100,957,1145,649
1175: 602,712,752
1176: 537,509,828,636,1078,962,1016
1177: 1166,772,839
1178: 847,608,864,1116,874,1158
1179: 673,610,897,748
1180: 660
1181: 747,796,579,562
1182: 1060,943,976,982
1183: 503,851,1191,1069
1184: 871,1087,1119
1185: 797,798,1106
1186: 824,921
1187: 
1188: 504,808,971,575,1023,652,755,1163
1189: 1135,654
1190: 1088,961,834,844,1191,1069,899,857,1107
1191: 1069,503,1190,1183,857,1107
1192: 1104,1196,873,1111,606,1042,585,546
1193: 934,672,941,624,872,550
1194: 
1195: 1097,739,617,1122,699,814
1196: 730,1104,873,1192,606
1197: 741,992,772,921,839,1110
1198: 631,1128,972
1199: 804,1102,855
1202: 35,1207,5,38,14,1210,19,17,69,1,21,1211,1209,25,71,62,30,72,1203,1208
1203: 1208,48,1,21,1211,1209,35,1207,1202,5,71,62,30,72,29,15,140,199
1204: 56,82,77,64,44,65,46,61,6,26,9,33,83,2,31,74,42,8,1206,78,13,66
1205: 7,51,37,68,83,2,31,74,42,8,1206,78,13,66,91,41,23,49,92,0,99,22,55,47,1218,1216,85,45,10,88,89,16,63
1206: 31,74,42,8,78,61,6,26,56,1204,82,9,33,83,2,13,66,91,41,7,1205,51,37,68,23,49,92,0,22
1207: 35,1202,5,38,14,1210,19,17,69,1,21,1211,1209,71,62,30,72,1203,1208,29
1208: 1203,48,1,21,1211,35,1207,1202,5,71,62,30,72,29,15,140,199
1209: 1,21,1211,25,23,49,92,0,99,22,38,14,1210,19,17,69,88,89,16,63,35,1207,1202,5,60,70,72,1203,48
1210: 38,14,13,66,43,90,57,20,76,53,23,49,92,0,99,22,19,17,69,88,89,16,63,1,21,1211,1209,25,35,1207,1202,5
1211: 1,21,1209,25,23,49,0,22,38,14,1210,19,17,69,88,89,16,63,35,1207,1202,5,60,70,72,1203,1208,48
1212: 73,32,1213,54,40,1217,75,4,55,47,11,28,1218,1216,85,45,10,58,59,84,1215,1214,361,97,18
1213: 73,32,54,40,1212,1217,75,4,55,47,11,28,1218,1216,85,45,10,58,59,84,1215,1214,361,97,27,24,18
1214: 58,59,84,1215,55,47,11,28,1218,1216,85,45,10,88,16,63,73,32,1213,54,40,1212,1217,60,70,361,97,27,24,18
1215: 58,59,84,1214,55,47,11,28,1218,1216,85,45,10,88,16,63,73,32,1213,54,40,1212,1217,60,70,361,97,27,24,18
1216: 55,47,11,28,1218,91,41,7,1205,51,37,68,75,4,85,45,10,73,32,1213,54,40,1212,1217,58,59,84,1215,1214
1217: 73,32,1213,54,40,1212,75,4,55,47,11,28,1218,1216,85,45,10,58,59,84,1215,1214,361,97,18
1218: 55,47,11,28,1216,91,41,7,1205,51,37,68,75,4,85,45,10,73,32,1213,54,40,1212,1217,58,59,84,1215,1214