1574: 1605
543: 
1068: 1632,1688,1750,1656,1630,1655,1659,1653,1654,1657,1658,1640,1638,1627,1619,1624
1141: 1100,1634,1656
1543: 1349,904
566: 
949: 1639,1646,1651,1662,1686,1664,1754,1197,1725,1680,1648
1581: 1474,1562,903
1445: 1530,577,1337,1690
1701: 1671,1700
977: 
1519: 1564,994,1450,1531,1554,1479,1476,1430,1478
1373: 1467,1499
1572: 1527,986,448,456
1394: 1379,1415,1365,1557,1419,1345,1317,1346,1426,1316,323,1431
535: 
1794: 1755,981,507,1756,1793,1819,1820,1795,1776,1730,1804,1821
1459: 1525
1509: 1357,1345,1428,1489
583: 
1619: 1640,1638,1627,1644,1624,1632,1068,1731,1521,1655,1659,1657,1636,1645,1639,1646,1651,1662
1376: 1501,1461,1395
900: 
1520: 1672,1495,1424,1537
1337: 1690,1530,1445
500: 
520: 
1393: 1346,1426,1316,323,1431,1415,1345,1317,1461,1395
1602: 1532
1623: 1066,1618,1063,1065,1609,1083,1615,1731,1521,1053
562: 
509: 
1174: 1062,531,454,700,1617,1635,1136,153
822: 1487
947: 
563: 
985: 1564,994,1557,1419,1476,1430
1450: 1531,1554,1479,1519,1564,994,1476,1430,1478,1506
1434: 1512
1556: 1576
995: 
551: 
1532: 1602,1341
957: 
1540: 1499,1571
1687: 1668,1268,1326
961: 
495: 468
1456: 1387,952
968: 
1718: 1765,1713,1733,1773,1809,1694
929: 
939: 956
905: 
1461: 1346,1393,1426,1316,323,1431,1376,1501,1395
552: 1537,1558
572: 
1506: 1478,994,1450,1531,1554,1479
560: 
504: 
1479: 1450,1531,1554,1519,994,1478,1506
61: 1460
539: 
558: 
1527: 1572,986,448,456
1495: 1672,1520,1424,1537
1582: 591,1569
922: 579
589: 
69: 
1600: 1789,477
598: 
1202: 1650,1676,1663
1781: 1767,1779,1752,1782
587: 
515: 
1571: 1499,1540
569: 
996: 1736,1724,1766
1815: 1717,1796,1770,1769,1771,1810,1606,1806,981
1690: 1337,1530,1445
916: 568
1172: 492,1635,1136
1605: 1574
591: 1582,1569
926: 
1487: 822
1513: 1548
532: 
944: 
582: 
1295: 478
948: 
1349: 1543,904
1064: 1088,557,415,965
588: 
1253: 1278,1684,1388,478,1663,1268,1326,1496,1660,1578
994: 1519,1564,985,1450,1531,1554,1479,1476,1430,1478,1506
1518: 
1496: 1660,1578,1253,1388,478,1268,1326
1266: 1151,1818,1812,1716,525,1738,1782,1803,1762,534
593: 
1426: 1346,1393,1316,323,1431,1394,1415,1345,1317,1461,1395
544: 
908: 
1606: 1769,1771,1810,1805,1757,1770,1717,1796,1815
955: 914
1346: 1393,1426,1316,323,1431,1379,1394,1415,1365,1345,1317,1461,1395
906: 
1635: 1617,1136,153,1174,1062,1172,492
581: 
498: 
932: 
575: 1805,1757
993: 
1646: 1639,1655,1640,1638,1627,1619,1644,1624,1636,1645,1651,1662,1686,1664,949
531: 454,1174,1062
1395: 1346,1393,1426,1316,323,1431,1461,1376,1501
1428: 1489,1509,1357
513: 
1278: 1253,1684,1388,478,1663,1268,1326,1578
1387: 1456,952
1316: 1346,1393,1426,323,1431,1394,1415,1345,1317,1461,1395
1671: 1700,853,1677,1701
1458: 1397,1443,1598,1514,1474
506: 
975: 976
911: 
555: 
597: 
979: 
988: 
963: 921
1684: 1253,1278,1650,1676,1663,1268,1326
538: 983
951: 
1348: 1402
536: 
592: 
1063: 1618,1065,1609,1083,1612,1067,1069,1620,1615,1731,1521,1623
1562: 1474,903,1581
1569: 1582,591
986: 1572,1527,456
559: 
586: 
903: 1514,1474,1562,1581
1589: 1732
596: 
1670: 1743,1699,1723,1698,1722,1741,1745,1713,1733
557: 1064,1088,965
580: 
537: 
978: 
153: 1617,1635,1136,1174,1062,492
980: 
1151: 1266,1818,1812,1716,525,1738,1782,1803,1762,534
568: 916
157: 1588,1563
965: 557,1064,1088
1413: 1453
902: 1397
556: 546
1503: 1404
1430: 1476,985,1519,1564,994,1450,1531,1478,1379,1365
541: 469
594: 
166: 1015,1631
1708: 1746,1639,1754,1725
507: 1717,1796,1751,1736,981,1794,1795,1776
700: 1009,454,1174,1062
1528: 1592
519: 
550: 
1547: 1580
574: 
940: 
1065: 1618,1063,1609,1083,1612,1067,1069,1620,1615,1731,1521,1066,1623
1399: 1551
923: 
1062: 1174,531,454,700,1617,1635,1136,153
1053: 1066,1623
901: 
501: 
1588: 157,1563
992: 
1290: 
534: 1266,1151,1818,1812,1716,1738,1764,1813
967: 546
573: 
547: 
976: 975
919: 
1415: 1379,1394,1365,1557,1419,1345,1317,1346,1393,1426,1316,323,1431
1565: 1585,1697,1787
590: 
1625: 237
1514: 1458,1397,1474,903
962: 
927: 
1578: 1496,1660,1253,1278,1388,478,1268,1326
584: 
934: 418
1531: 1450,1554,1479,1519,1564,994,1476,1430,1478,1506
953: 
1197: 949
973: 526
517: 
982: 481
1357: 1509,1345,1317,1428,1489
924: 
1453: 1413
1424: 1679,1696,1672,1520,1495,1404
990: 
578: 
1341: 1477,1532
1149: 1184,1742,1763
1388: 478,1253,1278,1268,1326,1496,1660,1578
1502: 1536,959,1443,1598
914: 955
1419: 1557,985,1379,1394,1415,1365
1693: 1707,1754,1703,1720,1725,1723,1698,1722
1607: 232,408
925: 974
1521: 1731,1618,1063,1065,1609,1066,1623,1627,1619
1100: 1141,1634,1656
1489: 1428,1509,1357
941: 
1659: 1630,1655,1653,1654,1657,1658,1632,1068,1656,1640,1638,1627,1619,1624,1639
912: 
950: 474
943: 
1443: 1598,1536,1502,1458,1397
232: 1607,408
1742: 1763,1149,1184,1703,1720,1719,1699
1551: 1399,1414,453
1404: 1679,1696,1424,1672,1503
579: 922
237: 1625
508: 
920: 
1379: 1394,1415,1365,1557,1419,1476,1430,1345,1317,1346,323,1431
599: 
1580: 1547
514: 
1476: 1430,985,1519,1564,994,1450,1531,1379,1365
971: 
972: 
1557: 1419,985,1379,1394,1415,1365
1583: 999,1603
1585: 1565,1697,1787
1402: 1348
1576: 1556
1345: 1317,1379,1394,1415,1365,1346,1393,1426,1316,323,1431,1509,1357
1526: 1561
1512: 1434
512: 
942: 
571: 
1478: 1506,1519,994,1450,1531,1554,1479,1430
1501: 1376,1461,1395
1563: 1588,157
928: 
1499: 1571,1373,1540
567: 570
528: 
909: 
1467: 1373
524: 
998: 
853: 1677,1671,1700
585: 407
523: 
1525: 1459
915: 
1009: 700
533: 
959: 1536,1502
913: 
530: 481
496: 
1088: 1064,557,415,965
522: 997
958: 
553: 
1474: 1458,1397,1514,1562,903,1581
1365: 1379,1394,1415,1557,1419,1476,1430,1345,1317,1346,323,1431
1530: 1445,577,1337,1690
510: 
542: 
960: 
984: 
952: 1387,1456
595: 
1561: 1526
505: 
521: 
999: 1603,1583
1795: 1776,981,507,1794
518: 
1680: 1648,949,1692
502: 
956: 939
1414: 1551,453
933: 1777,1808
904: 1349,1543
1015: 166
1066: 1623,1618,1065,1609,1083,1615,1731,1521,1053
549: 
991: 1764,1778,1740
1268: 1326,1684,1253,1278,1388,478,1663,1496,1660,1578,1668,1687
1454: 1323
311: 1005
554: 
497: 421
1536: 1502,959,1443,1598
548: 
526: 973
989: 
1069: 1620,1612,1067,1618,1063,1065,1609,1083,1615
1601: 1590
545: 930
576: 
945: 
323: 1346,1393,1426,1316,1431,1379,1394,1415,1365,1345,1317,1461,1395
981: 1806,1717,1796,1815,1755,507,1756,1793,1819,1820,1794,1795,1776
946: 
516: 
1637: 
1161: 1650,1676,1663
570: 567
1716: 1266,1151,1818,1812,525,1738,1782,1803,1762,534
1592: 1528
918: 
1184: 1149,1742,1763
1714: 1695,1721,1694
1323: 1454
1686: 1651,1662,1664,1638,1644,1624,1636,1645,1639,1646,949
1243: 1650,1676,1663
499: 
1460: 61
1732: 1589
938: 936
966: 
1700: 1671,853,1677,1701
937: 
1477: 1341
921: 963
1698: 1723,1722,1703,1720,1707,1693,1725,1743,1670,1745,1713
1326: 1268,1684,1253,1278,1388,478,1663,1496,1660,1578,1668,1687
540: 
997: 522
503: 
917: 
1766: 1724,996
1537: 552,1520,1495,1558
546: 556,967
1067: 1612,1069,1620,1618,1063,1065,1609,1083
970: 
1603: 999,1583
1733: 1741,1743,1670,1745,1713,1801,1768,1790,1718,1765,1773,1809
1668: 1687,1650,1663,1268,1326
1719: 1699,1742,1763,1703,1720
1431: 1346,1393,1426,1316,323,1379,1394,1415,1365,1345,1317,1461,1395
931: 
565: 
529: 
1005: 311
561: 
1624: 1640,1638,1627,1619,1644,1632,1068,1630,1655,1659,1653,1654,1657,1658,1636,1645,1639,1646,1651,1662,1686
964: 
1398: 
1317: 1345,1379,1394,1415,1365,1346,1393,1426,1316,323,1431,1357
954: 
1575: 1642,1641,1643
1590: 1601
1741: 1699,1743,1670,1801,1768,1790,1733
1558: 552,1537,487
1548: 1513
564: 
511: 
1788: 1760,1797,1807
969: 
527: 
1136: 1617,1635,153,1174,1062,1172,492
1554: 1450,1531,1479,1519,994,1478,1506
987: 
935: 
1397: 1458,1443,1598,902,1514,1474
1083: 1618,1063,1065,1609,1612,1067,1069,1620,1615,1066,1623
974: 925
907: 
1598: 1443,1536,1502,1458,1397
930: 545
577: 1530,1445
983: 538
525: 1266,1151,1818,1812,1716,1782,1803,1762
1409: 
1564: 1519,994,985,1450,1531,1476,1430
910: 
936: 938
400: 
401: 
402: 
403: 
404: 
405: 
406: 
407: 585
408: 232,1607
409: 
410: 460
411: 
412: 
413: 
414: 
415: 1064,1088
416: 
417: 
418: 934
419: 440
420: 
421: 497
422: 
423: 
424: 
425: 
426: 
427: 
428: 
429: 
430: 
431: 
432: 
433: 
434: 
435: 
436: 
437: 
438: 
439: 
440: 419
441: 
442: 
443: 
444: 
445: 
446: 
447: 450
448: 456,1572,1527
449: 
450: 447
451: 
452: 1816,1748,1777,1808
453: 1551,1414
454: 531,700,1174,1062
455: 
456: 448,1572,1527,986
457: 
458: 
459: 
460: 410
461: 
462: 
463: 
464: 
465: 
466: 
467: 
468: 495
469: 541
470: 
471: 
472: 
473: 
474: 950
475: 
476: 
477: 1789,1600
478: 1388,1295,1253,1278,1268,1326,1496,1660,1578
479: 
480: 
481: 982,530
482: 
483: 
484: 
485: 
486: 
487: 1558
488: 
489: 
490: 
491: 
492: 1172,1617,1635,1136,153
493: 
494: 
1609: 1618,1063,1065,1083,1612,1067,1069,1620,1615,1731,1521,1066,1623
1699: 1719,1742,1763,1703,1720,1741,1743,1670
1676: 1202,1243,1161,1650,1684,1663,1682
1612: 1067,1069,1620,1618,1063,1065,1609,1083
1721: 1695,1714,1694,1665,1702
1672: 1520,1495,1424,1404
1615: 1069,1620,1618,1063,1065,1609,1083,1066,1623
1729: 1785,1706,1791
1617: 1635,1136,153,1174,1062,492
1618: 1063,1065,1609,1083,1612,1067,1069,1620,1615,1731,1521,1066,1623
1620: 1069,1612,1067,1618,1063,1065,1609,1083,1615
1627: 1640,1638,1619,1644,1624,1632,1068,1731,1521,1655,1659,1657,1636,1645,1639,1646,1651,1662
1636: 1645,1640,1638,1627,1619,1644,1624,1639,1646,1651,1662,1686,1664
1629: 1633
1630: 1655,1659,1653,1654,1657,1658,1632,1068,1656,1640,1638,1624,1639
1631: 166,1634
1632: 1068,1688,1750,1656,1630,1655,1659,1653,1654,1657,1658,1640,1638,1627,1619,1624
1633: 1629
1634: 1631,1100,1141
1638: 1640,1627,1619,1644,1624,1632,1068,1630,1655,1659,1653,1654,1657,1658,1636,1645,1639,1646,1651,1662,1686
1639: 1646,1630,1655,1659,1653,1654,1657,1658,1640,1638,1627,1619,1644,1624,1636,1645,1651,1662,1686,1746,1708,949
1640: 1638,1627,1619,1644,1624,1632,1068,1630,1655,1659,1653,1657,1636,1645,1639,1646,1651,1662
1641: 1643,1575,1642
1642: 1575,1641,1643
1643: 1641,1575,1642
1644: 1640,1638,1627,1619,1624,1636,1645,1639,1646,1651,1662,1686,1664
1645: 1636,1640,1638,1627,1619,1644,1624,1639,1646,1651,1662,1686,1664
1685: 1692,1682
1648: 1680,1754,949,1692
1696: 1679,1424,1404
1650: 1202,1243,1161,1676,1684,1663,1682,1668
1651: 1662,1686,1664,1640,1638,1627,1619,1644,1624,1636,1645,1639,1646,949
1677: 853,1671,1700
1653: 1630,1655,1659,1654,1657,1658,1632,1068,1656,1640,1638,1624,1639
1654: 1630,1655,1659,1653,1657,1658,1632,1068,1656,1638,1624,1639
1655: 1630,1659,1653,1654,1657,1658,1632,1068,1656,1640,1638,1627,1619,1624,1639,1646
1656: 1632,1068,1100,1141,1630,1655,1659,1653,1654,1657,1658
1657: 1630,1655,1659,1653,1654,1658,1632,1068,1656,1640,1638,1627,1619,1624,1639
1658: 1630,1655,1659,1653,1654,1657,1632,1068,1656,1638,1624,1639
1660: 1496,1578,1253,1388,478,1268,1326
1720: 1703,1742,1763,1707,1693,1719,1699,1723,1698,1722
1662: 1651,1686,1664,1640,1638,1627,1619,1644,1624,1636,1645,1639,1646,949
1663: 1684,1253,1278,1202,1243,1161,1650,1676,1268,1326,1668
1664: 1651,1662,1686,1644,1636,1645,1646,949
1665: 1702,1695,1721
1679: 1696,1424,1404
1682: 1650,1676,1692,1685
1689: 1817,1801,1768,1790,1773,1809
1688: 1750,1632,1068
1797: 1760,1788,1807
1692: 1680,1648,1682,1685
1694: 1718,1765,1695,1721,1714
1695: 1721,1714,1694,1665,1702
1697: 1787,1773,1809,1565,1585
1702: 1665,1695,1721
1703: 1720,1742,1763,1707,1693,1719,1699,1723,1698,1722
1814: 1740,1798,1775,1786,1737
1767: 1779,1752,1781,1751,1736
1706: 1791,1772,1802,1729,1785
1707: 1693,1754,1703,1720,1725,1723,1698,1722
1731: 1521,1618,1063,1065,1609,1066,1623,1627,1619
1730: 1804,1821,1756,1793,1819,1794
1724: 1766,996
1713: 1745,1698,1722,1743,1670,1733,1718,1765
1717: 1796,1815,1770,1769,1771,1810,1606,1806,981,507
1722: 1723,1698,1703,1720,1707,1693,1743,1670,1745,1713
1723: 1698,1722,1703,1720,1707,1693,1725,1743,1670,1745
1725: 1746,1708,1754,949,1707,1693,1723,1698
1777: 1786,1737,452,1816,1748,1808,933
1728: 1792
1807: 1760,1797,1788
1772: 1802,1706,1791
1736: 1751,1767,1779,996,507
1737: 1777,1786,1798,1814,1816,1748,1808
1738: 1266,1151,1818,1812,1716,1764,1778,534,1813
1765: 1718,1713,1733,1773,1809,1694
1740: 1778,991,1798,1814
1743: 1670,1699,1723,1698,1722,1741,1745,1713,1733
1778: 1764,1738,991,1813,1740
1745: 1713,1723,1698,1722,1743,1670,1733
1746: 1708,1639,1754,1725
1796: 1717,1815,1770,1769,1771,1810,1606,1806,981,507
1748: 452,1816,1777,1786,1737,1808
1813: 1738,1764,1778,534
1750: 1688,1632,1068
1751: 1736,1767,1779,507
1752: 1767,1779,1781,1782,1803
1801: 1768,1790,1741,1733,1689,1817,1809
1754: 1746,1708,949,1707,1693,1725,1648
1755: 1806,981,1756,1793,1819,1820,1794
1756: 1793,1819,1820,1755,981,1794,1730,1804,1821
1757: 1805,575,1770,1769,1771,1810,1606
1760: 1797,1788,1807
1762: 1782,1803,525,1266,1151,1716
1763: 1742,1149,1184,1703,1720,1719,1699
1764: 1778,1738,991,534,1813
1768: 1801,1790,1741,1733,1689,1817
1769: 1771,1810,1606,1805,1757,1770,1806,1717,1796,1815
1770: 1805,1757,1769,1771,1810,1606,1806,1717,1796,1815
1771: 1769,1810,1606,1805,1757,1770,1806,1717,1796,1815
1773: 1809,1790,1733,1718,1765,1689,1817,1697,1787
1775: 1814
1776: 1795,981,507,1794
1779: 1767,1752,1781,1803,1751,1736
1782: 1803,1762,525,1266,1151,1818,1812,1716,1752,1781
1783: 1811
1785: 1729,1706,1791
1786: 1777,1737,1798,1814,1816,1748,1808
1787: 1697,1773,1809,1565,1585
1789: 1600,477
1790: 1801,1768,1741,1733,1689,1817,1773,1809
1791: 1706,1772,1802,1729,1785
1792: 1728
1793: 1756,1819,1820,1755,981,1794,1730,1804,1821
1798: 1740,1814,1786,1737
1809: 1773,1801,1790,1733,1718,1765,1689,1817,1697,1787
1802: 1772,1706,1791
1803: 1782,1762,525,1266,1151,1818,1812,1716,1779,1752
1804: 1730,1821,1756,1793,1819,1820,1794
1805: 1757,575,1770,1769,1771,1810,1606
1806: 1770,1769,1771,1810,1717,1796,1815,1755,981
1808: 1777,1786,1737,452,1816,1748,933
1810: 1769,1771,1606,1805,1757,1770,1806,1717,1796,1815
1811: 1783
1812: 1266,1151,1818,1716,525,1738,1782,1803,534
1816: 452,1748,1777,1786,1737,1808
1817: 1689,1801,1768,1790,1773,1809
1818: 1266,1151,1812,1716,525,1738,1782,1803,534
1819: 1756,1793,1820,1755,981,1794,1730,1804,1821
1820: 1756,1793,1819,1755,981,1794,1804,1821
1821: 1730,1804,1756,1793,1819,1820,1794