1574: 1605,1793,1891
543: 
1068: 1632,1656,1630,1655,1659,1653,1654,1657,1658,1640,1638,1627,1619,1624
1141: 1100,461,1656,1746,1708,1720
1543: 1349
566: 
949: 1680,1648,1754,1686,1664
1581: 1562,1514,1474,919
1445: 1530,596,1337,1690
1701: 1671,1700
977: 1867,1913
1519: 1564,1430,1499,1554,1450,1531,1479,1476
1373: 1467
1572: 1527
1394: 1379,1415,1365,1557,1419,1345,1317,1346,1426,323,1431
535: 
1939: 2021,1895,2014,1927
1459: 1525,1526,1561
1509: 1357,1345,1393,1428,1489
583: 
1619: 1640,1638,1627,1644,1624,1646,1632,1068,1731,1521,1655,1659,1653,1657,1636,1645,1639
1376: 1395,1461,1501,1460
900: 
1520: 1540,1499,1571,1495
1337: 1690,1445,1530,596
500: 467
520: 
1393: 1346,1426,1316,323,1431,157,1345,1317,1461,1509,1395
1602: 517,1532
1623: 1066,1618,1063,1065,1609,1083,1615,1731,1521,1053,1651,1662
562: 
509: 
1174: 1062,1869,2007,2026,1928,1785,478
822: 1487,410
947: 
563: 541
985: 952,487,1387,1456
1450: 1531,1479,1554,1519,1564,1430,1476
1434: 1512
1556: 1576
995: 1971,1945,2022,1883,1979,1967
551: 908
1532: 517,1602,574
957: 
1540: 1499,1571,1495,1520
1687: 1668,1637
961: 
495: 
1456: 1557,985,1387,1419,1379,1365
968: 
1718: 1765,1713,1733
929: 
939: 
905: 
1461: 1588,157,1346,1393,1426,1316,323,1431,1395,1376,1501
552: 577,1558,1537
572: 1817,1689
1506: 1478,1479,903
560: 1932
504: 
1479: 1450,1531,1554,1519,1564,1478,1506
61: 1460,482
539: 
558: 
1527: 1572
1495: 1540,1499,1571,1520
1582: 1569,403
922: 
589: 
1874: 1872,1918,1770,1907,1830,1882,1884,1839
1600: 1789
598: 586,1834,1804,1841,1870,1730,1860,507,1970
1202: 1676,1650,1682,1684,1663
1781: 1752,1779,1767,1827,1836
587: 
515: 497,983
1571: 1540,1499,1495,1520,487,1387,1564
569: 966,946
996: 534
1823: 1920,1940,1904,1948,1864,1955,1986,1887,1912,1848,1906,1919
1690: 1337,1445,1530,596
916: 434
1172: 1617,1136,1651,1662,1635
1605: 1574,1793,1891
591: 
926: 1323,1454
1487: 822,410
1513: 1548
532: 
944: 964
582: 
1295: 
948: 
1349: 904,1543
1064: 1088,557
588: 
1253: 1290,1278,1578
994: 1588,157,1316,323
1518: 
1496: 1660,1268,1326
1869: 2007,2026,1928,1785,1062,1174
593: 
1426: 1346,1393,1316,323,1431,1394,1415,157,1345,1317,1461,1395
544: 
908: 551
1606: 1851,1905,1844,1877,1900,1871,1838,1839,1835,1853
955: 
1346: 1393,1426,1316,323,1431,1379,1394,1415,1365,1345,1317,1461,1395
906: 446
1635: 153,1172,1617,1136
581: 
498: 928
932: 
575: 1974,590,1975,1998,1921,1864,1955,1986,524
993: 1798,1740
1646: 1640,1638,1627,1619,1644,1624,1655,1636,1645,1639
531: 1928,1785
1395: 1376,1346,1393,1426,1316,323,1431,1461,1501
1428: 1489,1509,1357
513: 
1278: 1290,1253
1387: 487,1499,1571,985,1557,1456,1419
1316: 1346,1393,1426,323,1431,994,1588,157,1345,1317,1461,1395
1671: 1700,853,1677,1701,915
1458: 1397,1514,1474
506: 
975: 976
911: 
555: 
597: 
979: 
988: 
963: 
1684: 1663,1268,1326,1202,1243,1161,1676,1650,1682
538: 
951: 
1348: 1402
536: 
592: 
1063: 1618,1065,1609,1083,1612,1067,1069,1620,1615,1521,1623
1562: 1581,1514,1474,919
1569: 1582,403
986: 
559: 
586: 598,1834,1841,1870,1730,1863,507
903: 1478,1506,1588
1589: 1732,912
596: 1445,1530,1337,1690
1670: 1743,1733,1723,1745,1722,1698,1713
557: 1088,1064
580: 
537: 
978: 
153: 1635,1617,1136
980: 
1974: 590,1975,1998,1921,575
568: 
157: 994,1588,1393,1426,1316,323,1461
965: 
1860: 1834,1804,1841,1870,1730,598
902: 
556: 
1503: 1696,1404
1430: 1519,1564,1450,1531,1419,1476
541: 563
594: 
166: 1015,599,924
1708: 1656,1746,1632,461,1630,1655,1659,1653,1654,1657,1658,1100,1141
507: 1863,1841,1870,1730,586,598,1807,1970,1788
700: 1009
1528: 1592
519: 
550: 
1547: 1580,448,1536,1502,959
574: 517,1532
940: 585
1065: 1618,1063,1609,1083,1612,1067,1069,1620,1615,1731,1521,1066,1623
1837: 1783,1801
923: 
1062: 1174,1869,2007,2026,1928,1785,478
1053: 1066,1623,1651,1662
901: 
501: 
1588: 994,157,1478,903,1316,323,1461
992: 
1290: 1278,1253
534: 1836,1766,996
967: 
573: 
547: 
976: 975
919: 1581,1562
1415: 1379,1394,1365,1557,1419,1345,1317,1346,1426,323,1431
1565: 1585
590: 1975,1998,1987,2020,2003,1999,1950,1974,1921,575
1625: 237,1868,1990,1933,1914,1879,1938,1915,1934
1514: 1474,1458,1397,1581,1562
962: 
927: 1915,1633,1629
1578: 1253,1388,1637
584: 
934: 
1531: 1450,1479,1554,1519,1564,1430,1476
953: 
1197: 1686,1664
973: 
517: 404,1477,1341,1602,1532,574
982: 
1357: 1509,1345,1317,1428,1489
924: 166,1015
1891: 1793,1605,1574
1424: 1672
990: 
578: 
1341: 404,1477,517
1149: 1184,1811
1388: 1578,1637
1502: 1536,1547,1580,448
914: 
1419: 1387,1430,1557,1456,1476,1379,1394,1415,1365
1693: 1707,1725,1720,1754,1723,1745,1722,1698
1607: 232
925: 
1521: 1731,1618,1063,1065,1066,1623,1627,1619,1644,1636,1645
1100: 1141,461,1656,1746,1708,1720
1489: 1428,1509,1357,482
941: 
1659: 1630,1655,1653,1654,1657,1658,1632,1068,1656,1746,1708,1640,1638,1627,1619,1624,1639
912: 1589,1732
950: 
943: 
1443: 1598,456
232: 1607
1742: 
1551: 445,1414
1404: 1503
579: 
237: 1625,1868,1990,1933,1914,1879,1938,1915,1934
508: 
920: 
1379: 1394,1415,1365,1557,1456,1419,1476,1345,1317,1346,323,1431
599: 166,1015
1580: 1547,448,1536,1502,959
514: 945,1868
1476: 1519,1564,1430,1450,1531,1419,1379,1365
971: 
972: 
1557: 1456,1387,1419,1379,1394,1415,1365
1583: 1953,1737,1825,1603,917
1585: 1565
1402: 1348
1576: 1556
1345: 1317,1379,1394,1415,1365,1346,1393,1426,1316,323,1431,1509,1357
1526: 1561,1525,1459
1512: 1434
512: 
942: 
571: 455
1478: 1506,1479,1588,903
1501: 1461,1395,1376,1460
1563: 
928: 498
1499: 1540,1571,1495,1520,487,1387,1519,1564
567: 
528: 
909: 446
1467: 1373
524: 575,1955,1986
998: 426
853: 1677,1671,1700
585: 940,485
523: 469
1525: 1459,1526,1561
915: 1671,1700
1009: 700
533: 503
959: 1547,1580
913: 
530: 479,958
496: 
1088: 1064,557
522: 
958: 530,479
553: 423
1474: 1514,1458,1397,1581,1562
1365: 1379,1394,1415,1557,1456,1419,1476,1345,1317,1346,1431
1530: 1445,596,1337,1690
510: 402
542: 
960: 1953
984: 
952: 985
595: 441
1561: 1526,1525,1459
505: 
521: 1592
999: 
1795: 1776,1756,1819,1960
518: 
1680: 949,1648,1686,1664
502: 
956: 
1414: 445,1551
933: 1988,452,1791
904: 1349
1015: 166,599,924
1066: 1623,1618,1065,1609,1083,1615,1731,1521,1053,1651,1662
549: 
991: 1984,1855,409
1268: 1326,1684,1663,1496,1660
1454: 1323,926,918
311: 1005
554: 
497: 515
1536: 1502,1547,1580,448
548: 1590,1601
526: 
989: 
1069: 1620,1612,1067,1618,1063,1065,1609,1083,1615
1601: 1590,548
545: 452
576: 
945: 514
323: 1346,1393,1426,1316,1431,1379,1394,1415,994,1588,157,1345,1317,1461,1395
981: 1760,1797,1772,1802,1807,1729
946: 2009,1992,569,1989,1997,1976,2000,1883,2025,1979,1886,1969,1991
516: 
1637: 1578,1388,1668,1687
1161: 1676,1650,1682,1684,1663
570: 
1985: 2013,1950,2018,1931,2005,2023,1937
1592: 1528,521
918: 1323,1454
1184: 1149,1811
1714: 1695,1694,1685,1721
1323: 1454,926,918
1686: 1664,1197,1680,949,1648,1676,1650,1682
1243: 1676,1650,1682,1684,1663
499: 
1460: 1376,1501,61
1732: 1589,912
938: 
966: 569
1700: 1671,853,1677,1701,915
937: 470
1477: 404,1341,517
921: 
1698: 1723,1745,1722,1703,1707,1693,1725,1743,1670
1326: 1268,1684,1663,1496,1660
540: 
997: 
503: 533
917: 1603
1766: 1836,534,1752
1537: 1558,552,577
546: 
1067: 1612,1069,1620,1618,1063,1065,1609,1083
970: 
1603: 917,1583
1733: 1743,1670,1745,1722,1718,1765,1713
1668: 1687,1637
1719: 1763,1720,1703,1699
1431: 1346,1393,1426,1316,323,1379,1394,1415,1365,1345,1317,1461,1395
931: 
565: 
529: 491
1005: 311
561: 
1624: 1640,1638,1627,1619,1644,1646,1632,1068,1630,1655,1659,1653,1654,1657,1658,1636,1645,1639
964: 944
1398: 
1317: 1345,1379,1394,1415,1365,1346,1393,1426,1316,323,1431,1357
954: 
1575: 1642,1641,1643
1590: 1601,548
1741: 
1558: 1537,552,577
1548: 1513
564: 
511: 1768,1832
1788: 1970,1863,507,1807
969: 475
527: 
1136: 1172,1617,1651,1662,153,1635,492
1554: 1519,1564,1450,1531,1479
987: 480
935: 
1397: 1458,1514,1474
1083: 1618,1063,1065,1609,1612,1067,1069,1620,1615,1066,1623
974: 
907: 
1598: 1443,456
930: 
577: 552,1558,1537
983: 515
525: 1980,2001,2004,1935,1981,1818,1978
1984: 1855,1947,1973,2006,1916,991
1564: 1519,1430,1499,1571,1554,1450,1531,1479,1476
910: 
936: 
400: 
401: 
402: 510
403: 1569,1582
404: 1477,1341,517
405: 
406: 
407: 
408: 
409: 1973,2006,1916,991
410: 1487,822
411: 
412: 
413: 
414: 429
415: 
416: 
417: 
418: 
419: 425
420: 
421: 
422: 
423: 553
424: 
425: 419
426: 998
427: 
428: 
429: 414
430: 
431: 
432: 
433: 
434: 916
435: 
436: 
437: 
438: 
439: 
440: 
441: 595
442: 1846
443: 472
444: 
445: 1551,1414
446: 906,909
447: 
448: 1547,1580,1536,1502
449: 
450: 
451: 
452: 545,933,1988,1791
453: 
454: 
455: 571
456: 1443,1598
457: 
458: 
459: 
460: 
461: 1746,1708,1100,1141
462: 
463: 
464: 
465: 
466: 
467: 500
468: 
469: 523
470: 937
471: 
472: 443
473: 
474: 
475: 969
476: 
477: 
478: 1062,1174
479: 530,958
480: 987
481: 
482: 1489,61
483: 
484: 
485: 585
486: 
487: 1499,1571,985,1387
488: 
489: 
490: 
491: 529
492: 1651,1662,1617,1136
493: 
494: 
1609: 1618,1063,1065,1083,1612,1067,1069,1620,1615,1066,1623
1699: 1719,1763,1801
1676: 1202,1243,1161,1650,1682,1686,1664,1684,1663
1612: 1067,1069,1620,1618,1063,1065,1609,1083
1721: 1695,1694,1714
1672: 1424
1615: 1069,1620,1618,1063,1065,1609,1083,1066,1623
1729: 981,1772,1802,1846
1617: 1172,1136,1651,1662,153,1635,492
1618: 1063,1065,1609,1083,1612,1067,1069,1620,1615,1731,1521,1066,1623
1620: 1069,1612,1067,1618,1063,1065,1609,1083,1615
1627: 1640,1638,1619,1644,1624,1646,1632,1068,1731,1521,1655,1659,1657,1636,1645,1639
1636: 1645,1731,1521,1640,1638,1627,1619,1644,1624,1646,1639
1629: 1633,927
1630: 1655,1659,1653,1654,1657,1658,1632,1068,1656,1746,1708,1640,1638,1624,1639
1631: 1634,1688
1632: 1068,1656,1708,1630,1655,1659,1653,1654,1657,1658,1640,1638,1627,1619,1624
1633: 1629,927
1634: 1631,1688
1638: 1640,1627,1619,1644,1624,1646,1632,1068,1630,1655,1659,1653,1654,1657,1658,1636,1645,1639
1639: 1630,1655,1659,1653,1654,1657,1658,1640,1638,1627,1619,1644,1624,1646,1636,1645
1640: 1638,1627,1619,1644,1624,1646,1632,1068,1630,1655,1659,1653,1654,1657,1658,1636,1645,1639
1641: 1643,1575,1642
1642: 1575,1641,1643
1643: 1641,1575,1642
1644: 1640,1638,1627,1619,1624,1646,1731,1521,1655,1636,1645,1639
1645: 1636,1731,1521,1640,1638,1627,1619,1644,1624,1646,1639
1685: 1692,1694,1714
1648: 1680,949,1686,1664
1696: 1679,1503
1650: 1202,1243,1161,1676,1682,1686,1664,1684,1663
1651: 1662,1066,1623,1053,1172,1617,1136,492
1677: 853,1671,1700
1653: 1630,1655,1659,1654,1657,1658,1632,1068,1656,1746,1708,1640,1638,1619,1624,1639
1654: 1630,1655,1659,1653,1657,1658,1632,1068,1656,1746,1708,1640,1638,1624,1639
1655: 1630,1659,1653,1654,1657,1658,1632,1068,1656,1746,1708,1640,1638,1627,1619,1644,1624,1646,1639
1656: 1746,1708,1632,1068,1630,1655,1659,1653,1654,1657,1658,1100,1141
1657: 1630,1655,1659,1653,1654,1658,1632,1068,1656,1746,1708,1640,1638,1627,1619,1624,1639
1658: 1630,1655,1659,1653,1654,1657,1632,1068,1656,1746,1708,1640,1638,1624,1639
1660: 1496,1268,1326
1720: 1100,1141,1719,1763,1703,1693,1725
1662: 1651,1066,1623,1053,1172,1617,1136,492
1663: 1684,1268,1326,1202,1243,1161,1676,1650,1682
1664: 1686,1197,1680,949,1648,1676,1650,1682
1665: 1702
1679: 1696
1682: 1202,1243,1161,1676,1650,1686,1664,1684,1663
1689: 1817,572
1688: 1634,1631
1797: 1760,981,1863,1807
1692: 1685
1694: 1695,1714,1685,1721
1695: 1694,1714,1721
1697: 1787
1702: 1665
1703: 1720,1719,1763,1725,1723,1698
1982: 2016,1961,1989,1997,2024,1976,2011,2019,1983,1944,1994,2012,1972
1767: 1752,1779,1781,1827,1751,1736
1842: 1871,1838,1835,1810,1717,1796
1707: 1693,1725,1754,1723,1745,1722,1698
1731: 1521,1618,1065,1066,1623,1627,1619,1644,1636,1645
1730: 1841,1870,1834,1804,1860,586,598,507
1926: 1951,1893,1899,1946
1713: 1718,1765,1743,1670,1733
1717: 1796,1842,1769,1771,1810
1722: 1723,1745,1698,1707,1693,1743,1670,1733
1723: 1745,1722,1698,1703,1707,1693,1725,1743,1670
1725: 1707,1693,1720,1754,1703,1723,1698
1841: 1870,1730,1834,1804,1860,586,598,507
1728: 1792
1807: 1760,1797,981,1863,507,1970,1788
1772: 1802,981,1729,1846
1736: 1751,1752,1779,1767
1737: 1825,1888,1953,1583
1830: 1907,1882,1884,1874,1872,1871,1838,1839,1903
1765: 1718,1713,1733
1740: 1798,1847,1778,993
1743: 1670,1733,1723,1745,1722,1698,1713
1778: 1847,1798,1740
1745: 1723,1722,1698,1707,1693,1743,1670,1733
1746: 1656,1708,461,1630,1655,1659,1653,1654,1657,1658,1100,1141
1796: 1717,1842,1769,1771,1810
1858: 1820,1915,1934,1859,1856
1918: 1893,1770,1874
1750: 1875
1751: 1736,1752,1779,1767
1752: 1779,1781,1767,1827,1836,1766,1751,1736
1801: 1699,1783,1837
1754: 1707,1693,1725,949
1937: 1985,2013,1931,2005,2023,1980,2001,2008,1977
1756: 1819,1859,1776,1795,1960
1835: 1853,1606,1900,1871,1838,1839,1842,1771,1810
1760: 1797,981,1863,1807
1917: 1843,1906,1904,1920,1948,1887,1912,1848,1922,1919,1890,1905,1880,1910
1763: 1719,1720,1703,1699
1825: 1737,1888,1953,1583
1768: 1832,511
1769: 1771,1810,1717,1796
1770: 1918,1874,1872
1771: 1769,1810,1835,1717,1796
1773: 1809
1775: 1894,1898
1776: 1795,1756,1819,1960
1779: 1752,1781,1767,1827,1751,1736
1945: 2022,1936,2000,1883,2025,1979,1967,1971,995
1783: 1837,1801
1785: 1928,531,1869,2007,2026,1062,1174
1981: 1818,1978,525,2004,1935
1787: 1697
1789: 1600
1790: 
1791: 452,933,1988
1792: 1728
1793: 1891,1605,1574
1798: 1740,1847,1778,993
1809: 1773
1802: 1772,981,1729,1846
1803: 1876,1910,1844,1877
1804: 1834,1841,1870,1730,1860,598
1890: 1922,1919,1920,1948,1864,1843,1917,1906,1880,1910
2017: 1902,2002,1995,2024,1994,2012,2015,1972,1966,1987,2020,2003,1999,1950,2018
1867: 1913,977,1904,1887,1912,1848
1810: 1769,1771,1835,1842,1717,1796
1811: 1184,1149
1844: 1877,1900,1905,1880,1910,1606,1851,1876,1803,1853
1973: 1984,1855,2006,1916,409
1817: 1689,572
1818: 1981,1978,525,2004,1935
1819: 1756,1859,1776,1795,1960
1820: 1858,1915,1934,1859,1856
1938: 1879,1933,1914,1907,1625,237,1903,1915,1934
1919: 1922,1890,1920,1823,1940,1948,1864,1955,1986,1843,1917,1906,1910
1859: 1858,1820,1756,1819
1827: 1876,1752,1779,1781,1767
1988: 933,452,1791
1975: 590,1998,1966,1987,2020,2003,1999,1950,2018,1974,1921,575
1832: 1768,511
1880: 1887,1912,1848,1843,1917,1906,1890,1905,1910,1851,1844,1877
1834: 1804,1841,1870,1730,1860,586,598
1836: 1766,534,1752,1781
1838: 1871,1839,1872,1606,1907,1830,1882,1884,1835,1853,1903,1842
1839: 1871,1838,1874,1872,1606,1907,1830,1882,1884,1835,1853,1903
1851: 1606,1905,1880,1844,1877,1900,1853
1843: 1917,1906,1904,1920,1948,1864,1887,1912,1848,1922,1919,1890,1905,1880,1910
1936: 1945,2022,1967,1971
1846: 1772,1802,1729,442
1847: 1778,1798,1740
1848: 1887,1912,1867,1913,1904,1920,1823,1940,1843,1917,1906,1905,1880
1990: 1868,1951,1933,1914,1625,237
1853: 1835,1606,1851,1844,1877,1900,1871,1838,1839
1855: 1984,1947,1973,2006,1916,991
1856: 1858,1820
1920: 1823,1940,1921,1904,1948,1864,1955,1986,1887,1848,1843,1917,1906,1922,1919,1890
1863: 507,1760,1797,586,1807,1970,1788
1864: 1948,1955,1986,1921,575,1920,1823,1940,1843,1906,1922,1919,1890
1899: 1946,1893,1926,1951
1987: 1966,2020,2003,1999,1994,2012,2015,1972,1902,2002,1995,2017,1950,2018,590,1975,1998
1868: 1990,1933,1914,514,1625,237
1870: 1841,1730,1834,1804,1860,586,598,507
1871: 1838,1839,1606,1907,1830,1882,1884,1835,1853,1903,1842
1872: 1874,1770,1907,1830,1882,1884,1838,1839
2002: 1902,1995,2017,1994,2012,2015,1972,1966,1987,2020,2003,1999,1950,2018
1875: 1750
1876: 1803,1910,1844,1877,1900,1827
1877: 1844,1900,1905,1880,1606,1851,1876,1803,1853
1879: 1938,1933,1914,1907,1884,1625,237,1903,1915,1934
1882: 1907,1830,1884,1874,1872,1871,1838,1839,1903
1883: 2000,2025,1979,2009,946,1945,2022,1886,1969,1991,1971,995,1949
1884: 1907,1830,1882,1874,1872,1871,1838,1839,1879,1903
1886: 1969,1991,2009,946,1992,1976,2000,1883,2025,1979,1949,1941,1965
1887: 1912,1848,1867,1913,1904,1920,1823,1940,1843,1917,1906,1905,1880
1888: 1953,1737,1825
1951: 1926,1893,1899,1946,1990,1933,1914
1893: 1918,1899,1946,1926,1951
1894: 1775,1898
1895: 2014,1927,1939,2021
1948: 1864,1955,1986,1921,1920,1823,1940,1843,1917,1906,1922,1919,1890
1970: 1788,598,1863,507,1807
1898: 1894,1775
1900: 1844,1877,1905,1606,1851,1876,1835,1853
1902: 2002,1995,2017,2024,1994,2012,2015,1972,1966,1987,2020,2003,1999,1950,2018
1903: 1907,1830,1882,1884,1871,1838,1839,1879,1938,1915,1934
1904: 1867,1913,1920,1823,1940,1887,1912,1848,1843,1917,1906
1905: 1887,1912,1848,1843,1917,1906,1880,1606,1851,1844,1877,1900
1906: 1843,1917,1904,1920,1823,1940,1948,1864,1955,1986,1887,1912,1848,1922,1919,1890,1905,1880,1910
1907: 1830,1882,1884,1874,1872,1871,1838,1839,1879,1938,1903
1969: 1886,1991,2009,946,1992,2000,1883,2025,1979,1949,1941
1910: 1843,1917,1906,1922,1919,1890,1880,1844,1876,1803
1980: 2001,1931,2005,2023,1937,2008,1977,525,2004,1935
1912: 1887,1848,1867,1913,1904,1823,1843,1917,1906,1905,1880
1913: 1867,977,1904,1887,1912,1848
1914: 1933,1951,1868,1990,1625,237,1879,1938
1915: 1934,1625,237,1879,1938,1903,927,1858,1820
1916: 2006,1973,1984,1855,409
1921: 1974,590,1975,1998,575,1920,1948,1864,1955,1986
1922: 1919,1890,1920,1948,1864,1955,1986,1843,1917,1906,1910
1971: 995,1936,1945,2022,2000,1883,2025,1979,1967
1989: 1997,2016,1961,1982,2009,946,1992,1976,2019,1983,1944
1950: 2018,1902,2002,1995,2017,1966,1987,2020,2003,1999,590,1975,1998,1985,2013
1927: 1895,2014,1939,2021
1928: 1785,531,1869,2007,2026,1062,1174
1972: 1994,2012,2015,2016,1961,1982,2024,2011,2019,1983,1944,1902,2002,1995,2017,1963,1942,1966,1987,2003
1949: 2000,1883,2025,1979,1886,1969,1991,1941,1965
1931: 2005,2023,1985,2013,1937,1980,2001,2008,1977
1932: 560
1933: 1914,1951,1868,1990,1625,237,1879,1938
1934: 1915,1625,237,1879,1938,1903,1858,1820
1935: 2004,1980,2008,1977,525,1981,1818,1978
1940: 1920,1823,1904,1948,1864,1955,1986,1887,1848,1906,1919
1941: 1965,1886,1969,1991,1963,1942,1949
1942: 1963,1976,2011,1983,2015,1972,1941,1965
1995: 1902,2002,2017,2024,1994,2012,2015,1972,1966,1987,2020,2003,1999,1950,2018
1944: 2011,2019,1983,1989,1997,2016,1961,1982,2024,1976,1994,2012,2015,1972,1963
1946: 1899,1893,1926,1951
1947: 1984,1855
1953: 1888,960,1737,1825,1583
2025: 2000,1883,1979,2009,946,1945,2022,1886,1969,1991,1971,1949
1955: 1948,1864,1986,1921,575,1920,1823,1940,524,1906,1922,1919
2012: 1994,2015,1972,2016,1961,1982,2024,2011,2019,1983,1944,1902,2002,1995,2017,1966,1987,2003
1983: 2011,2019,1944,1989,1997,2016,1961,1982,2024,1976,1994,2012,2015,1972,1963,1942
1960: 1776,1795,1756,1819
1961: 2016,1982,1989,1997,2024,1976,2011,2019,1983,1944,1994,2012,2015,1972
1997: 1989,2016,1961,1982,2009,946,1992,1976,2011,2019,1983,1944
1963: 1942,1976,2011,2019,1983,1944,2015,1972,1941,1965
1986: 1948,1864,1955,1921,575,1920,1823,1940,524,1906,1922,1919
1965: 1941,1886,1991,1963,1942,1949
1966: 1987,2020,2003,1999,1994,2012,2015,1972,1902,2002,1995,2017,1950,2018,1975,1998
1967: 1936,1945,2022,1971,995
1976: 1989,1997,2016,1961,1982,2009,946,1992,2011,2019,1983,1944,1886,1991,1963,1942
1977: 2008,1931,2005,2023,1937,1980,2001,2004,1935
1978: 1981,1818,525,2004,1935
1979: 2000,1883,2025,946,1945,2022,1886,1969,1991,1971,995,1949
1991: 1886,1969,2009,946,1992,1976,2000,1883,2025,1979,1949,1941,1965
1992: 2009,946,1989,1997,1976,2000,1886,1969,1991
2020: 1966,1987,2003,1999,1902,2002,1995,2017,1950,2018,590,1975,1998
1994: 2012,2015,1972,2016,1961,1982,2024,2011,2019,1983,1944,1902,2002,1995,2017,1966,1987,2003
1998: 590,1975,1966,1987,2020,2003,1999,1950,2018,1974,1921,575
1999: 1966,1987,2020,2003,1902,2002,1995,2017,1950,2018,590,1975,1998
2000: 1883,2025,1979,2009,946,1992,1945,2022,1886,1969,1991,1971,1949
2001: 1980,1931,2005,2023,1937,2008,1977,525,2004
2003: 1966,1987,2020,1999,1994,2012,2015,1972,1902,2002,1995,2017,1950,2018,590,1975,1998
2004: 1935,1980,2001,2008,1977,525,1981,1818,1978
2005: 1931,2023,1985,2013,1937,1980,2001,2008,1977
2006: 1916,1973,1984,1855,409
2007: 1869,2026,1928,1785,1062,1174
2008: 1977,1931,2005,2023,1937,1980,2001,2004,1935
2009: 946,1992,1989,1997,1976,2000,1883,2025,1886,1969,1991
2026: 1869,2007,1928,1785,1062,1174
2011: 2019,1983,1944,1997,2016,1961,1982,2024,1976,1994,2012,2015,1972,1963,1942
2013: 1985,1950,2018,1931,2005,2023,1937
2014: 1895,1927,1939,2021
2015: 1994,2012,1972,1961,2024,2011,2019,1983,1944,1902,2002,1995,2017,1963,1942,1966,1987,2003
2016: 1961,1982,1989,1997,2024,1976,2011,2019,1983,1944,1994,2012,1972
2018: 1950,1902,2002,1995,2017,1966,1987,2020,2003,1999,1975,1998,1985,2013
2019: 2011,1983,1944,1989,1997,2016,1961,1982,2024,1976,1994,2012,2015,1972,1963
2021: 1939,1895,2014,1927
2022: 1945,1936,2000,1883,2025,1979,1967,1971,995
2023: 1931,2005,1985,2013,1937,1980,2001,2008,1977
2024: 2016,1961,1982,2011,2019,1983,1944,1994,2012,2015,1972,1902,1995,2017