1574: 1605,1253,1278
639: 
1068: 1069,1067,237,1063,1065,1083,949,965
1141: 1100,911
1543: 1482,1349,1527,1566,1536,1502,1474,1514,1397,1458
566: 396
949: 1068,237,1063,1065,965
1581: 1562,456
1445: 1530,1526,1561,985,482
1126: 1011,1020,1162,153,1128,1136,1037
977: 
1519: 1564,1557,1499,1571,1583,959,1450,1388,1531,1476,1430,1479,1419,1554
1373: 1467,1365,1379,1476,1430,1479,1506,1478,1345,1317,1415,1346,1431,1394,1464,1393,1426,1316,323
1572: 1527,487,1450,1388,1578,1531,1566,1482,1349
1394: 1345,1317,1415,1346,1431,1467,1373,1393,1426,1316,323,1323,1454,1509,1357
15: 746
754: 69
1459: 1525,1537,1558,1424,959,952,1365,1379,1387,1456
1509: 1357,1345,1317,1415,1346,1431,1394,1393,1426,1323,1454,1448,1484,1428
583: 
1566: 1527,1572,1482,1543,1349,1536,1502
1376: 1501,1474,1514,1479,1554,1506,1478,1464,1393,1426,1316,323,1425,1461
900: 
1520: 1424,1496,1533,1337,1495,1521,1516,952,1537
1337: 1533,1495,1521,1516,1424,1496,1520,952
1383: 1435,1367,1359,1488
643: 
1393: 1464,1426,1316,323,1467,1373,1478,1501,1376,1345,1317,1415,1346,1431,1394,1425,1461,1509,1357,1448,1472,1395,1436
1593: 574
29: 
562: 
740: 227,605
1174: 1062
822: 1396,1387,1456,1503,1404,1487,1560,1526,1561,985
947: 973
563: 567
985: 822,1487,1526,1561,1323,1454,1530,1445
1450: 1388,1578,1531,487,1519,1564,1557,1527,1572,1476,1430,1479,1419,1554,1482
1434: 1512,233,1451,1336,1542
1556: 1576,935
995: 966,514
1491: 1405,1280,1390
1532: 1391,1602,627
957: 
1540: 1499,1571,1583
1367: 1504,1383,1390,1359,1488
961: 
766: 
1456: 1387,952,1459,1525,1480,822,1487
968: 
1587: 1606
929: 
939: 921
905: 
1461: 1425,1501,1376,1464,1393,1426,1316,323,1448,1472,1395,1436
727: 662
572: 
1506: 1478,1365,1476,1430,1479,1419,1554,1467,1373,1501,1376,1474,1514,1426,1316,323,1425
832: 
1533: 1337,1495,1521,1516,1424,1496,1520,952
1479: 1476,1430,1419,959,1519,1564,1557,1450,1388,1578,1531,1554,1467,1373,1506,1478,1501,1376,1474,1514
61: 1398,1539,1409,1489,1410,1460,1399,1452,1429,1406,1400,1433,1470
839: 659
1550: 
1527: 1572,487,1450,1388,1578,1531,1566,1482,1543,1349
1495: 1533,1337,1521,1516,1424,1496,1520,952
1582: 1569
922: 
589: 
69: 754
1600: 1589
598: 480
1202: 492
1128: 153,1136,1037,1114,1126,1011,1020,1162
587: 
607: 
1571: 1540,1499,552,1603,1583,959,1519,1564
569: 
996: 
854: 
605: 227,740
916: 434
1172: 
1484: 1323,1454,1509,1357,1448,1472,1428,1489,1410,482,1447,1400
591: 
926: 
1487: 1480,1387,1456,822,1526,1561,985
1513: 1548
1429: 1460,1399,1452,1472,1436,1489,1410,1406,1398,61,1539,1409,1433
944: 
582: 
1295: 
948: 
1349: 1482,1543,1527,1572,1566,1536,1502,1474,1514,1397,1458
1064: 1088,1015,166
588: 
1253: 1278,480,1605,1574
994: 457,1348,1402
1518: 
1496: 1424,1520,1533,1337,1495,1521,952,1537,1558
1266: 1151
593: 
1426: 1464,1393,1316,323,1467,1373,1506,1478,1501,1376,1345,1317,1415,1346,1431,1394,1425,1461,1509,1357,1448,1472,1395
872: 
908: 
1606: 1587,1601,969
955: 
1346: 1345,1317,1415,1431,1394,1467,1373,1464,1393,1426,1316,323,1323,1454,1509,1357,1448
906: 
659: 839
581: 504
1539: 1398,61,1409,1489,1460,1452,1429,1400,1433,1444,1470
932: 
575: 
993: 
1475: 1575
851: 137
1395: 1436,1464,1393,1426,1316,323,1425,1461,1448,1472,1399,1452,1406
1428: 1489,1410,1509,1357,1448,1472,1436,1484,1460,1399,1452,1400,1398
119: 
1278: 1253,480,1605,1574
1387: 1456,952,1459,1525,1480,822,1487
1316: 1464,1393,1426,323,1467,1373,1506,1478,1501,1376,1474,1514,1345,1415,1346,1431,1394,1425,1461,1448,1395
123: 
1458: 1397,1543,1349,1536,1502,1341,1477
1483: 
975: 
911: 1141,1100
898: 
597: 
979: 
988: 
963: 
1535: 
1465: 1447,1515,1400,1444,1391,1517
951: 
1348: 1402,457,994
137: 851
592: 
1063: 237,1065,1083,1069,1067,1068,1066,949,965
1562: 1581
1569: 1582
986: 
143: 
586: 
903: 
1589: 1600
596: 
1359: 1488,1383,1435,1504,1367,1396
1451: 1560,1503,1404,233,1526,1561,1434,1512,1542
580: 413,472
894: 
978: 
153: 1128,1136,1037,1114,1126,1011,1020,1162
980: 1382
1151: 1266
568: 
157: 1588
965: 1068,237,1063,1065,1083,1066,949,1053
1413: 1453
902: 1580
1517: 1465,1444,1470,1391
1503: 1404,1488,1396,1480,822,1560,1451,1561
1430: 1476,1479,1419,959,1519,1564,1557,1450,1531,1365,1379,1554,1467,1373,1506,1478,1501
1114: 275,153,1128,1136,1037
594: 
166: 1015,1088,1064
820: 
168: 238,682
700: 1009
1528: 1592
171: 746
746: 171,15
1547: 1580
574: 1593
940: 
1065: 237,1063,1083,1069,1067,1068,1066,949,965
1382: 980
923: 
1062: 1174
1053: 965
901: 
1436: 1395,1464,1393,1425,1461,1448,1472,1428,1489,1410,1460,1399,1452,1429,1406
183: 
992: 
1290: 454
1336: 233,1434,1512,347
967: 
573: 972
1406: 1395,1436,1460,1399,1452,1429,61,1409,1433
976: 
919: 
1415: 1345,1317,1346,1431,1394,1467,1373,1478,1393,1426,1316,323,1323,1454,1509,1357
1565: 1585,1586
590: 
1464: 1393,1426,1316,323,1467,1373,1501,1376,1345,1346,1431,1425,1461,1448,1472,1395,1436
1514: 1501,1376,1474,1479,1554,1482,1543,1349,1506,1478,1316,323,1425
962: 
927: 
1578: 1450,1388,1531,487,1564,1557,1527,1572,1479,1419,1482
584: 
934: 
1531: 1450,1388,1578,1583,487,1519,1564,1557,1527,1572,1476,1430,1479,1419,1554,1482
953: 
1197: 492
973: 947
206: 
982: 941
1357: 1509,1345,1317,1415,1346,1431,1394,1393,1426,1323,1454,1448,1484,1428
924: 
1453: 1413
1424: 1496,1520,1533,1337,1495,1521,1516,952,1459,1525,1537,1558
990: 
578: 
1341: 1477,1397,1458
1149: 1184,461
1388: 1450,1578,1531,487,1519,1564,1557,1527,1572,1479,1419,1554,1482
1502: 1536,1566,1482,1543,1349,1397,1458
914: 
1419: 1476,1430,1479,959,1519,1564,1557,1450,1388,1578,1531,1554,1506,1478,1501
1011: 1126,1020,1162,153,1128,1136,1037
866: 312,499
925: 
1521: 1533,1337,1495,1516,1424,1496,1520,952
1100: 1141,911
1489: 1428,1410,1472,1436,1484,1460,1399,1452,1429,1515,1400,1398,61,1539,1409
941: 982
227: 605,740
912: 
950: 
943: 
1443: 1598,448
232: 
233: 1560,1451,1336,1434,1512,1542
1551: 1414,307,1573
1480: 1435,1396,1387,1456,1503,1404,1487
579: 
237: 1063,1065,1083,1069,1067,1068,1066,949,965
238: 168,682
920: 
1379: 1365,959,1459,1525,1537,1558,1476,1430,1467,1373,1478
599: 
1580: 1547,902
243: 
1476: 1430,1479,1419,959,1519,1564,1557,1450,1531,1365,1379,1554,1467,1373,1506,1478
971: 
972: 573
1557: 1519,1564,959,1450,1388,1578,1531,1476,1430,1479,1419,1554
1583: 552,1603,1540,1499,1571,487,1519,1564,1531
877: 
1447: 1515,1484,482,1400,1465,1444
1576: 1556,935
1345: 1317,1415,1346,1431,1394,1467,1373,1464,1393,1426,1316,323,1323,1454,1509,1357,1448
1526: 1561,822,1487,1560,1451,985,1530,1445
1512: 1434,233,1451,1336,1542
255: 326
942: 
571: 
1478: 1506,1365,1379,1476,1430,1479,1419,1554,1467,1373,1501,1376,1474,1514,1415,1431,1393,1426,1316,323
1501: 1376,1474,1514,1430,1479,1419,1554,1482,1506,1478,1464,1393,1426,1316,323,1425,1461
1563: 997,457
928: 
1499: 1540,1571,552,1603,1583,959,1519,1564
567: 563
264: 
909: 
1467: 1373,1365,1379,1476,1430,1479,1506,1478,1345,1317,1415,1346,1431,1394,1464,1393,1426,1316,323
267: 
998: 
853: 1604
585: 
887: 
1525: 1459,1537,1558,1424,959,952,1365,1379,1387,1456
915: 
1009: 700
275: 1342,1066,1114
959: 1499,1571,1519,1564,1557,1459,1525,1537,1558,1365,1379,1476,1430,1479,1419
913: 
278: 
892: 
1088: 1064,1015,166
281: 
958: 
1597: 411
1474: 1501,1376,1514,1479,1554,1482,1543,1349,1506,1478,1316,323,1425
1365: 1379,959,1459,1525,1537,1558,1476,1430,1467,1373,1506,1478
1530: 1445,1526,1561,985,482
682: 238,168
720: 
960: 
984: 
952: 1533,1337,1495,1521,1516,1424,1496,1520,1459,1525,1537,1558,1387,1456
595: 474
1561: 1526,1503,1404,822,1487,1560,1451,985,1530,1445
1435: 1516,1383,1359,1488,1396,1480
672: 
999: 
1162: 1126,1011,1020,153,1128,1136,1037
298: 
1470: 1400,1398,61,1539,1409,1444,1517
300: 327
956: 
1414: 1551,307,1573
933: 
904: 411
1015: 166,1088,1064
1066: 1069,1067,237,1063,1065,1083,275,965
307: 1551,1414,1573,840
991: 
1268: 1326,448
1454: 1323,1345,1317,1415,1346,1431,1394,985,1509,1357,1484
311: 1005
312: 382,866
313: 
1536: 1502,1566,1482,1543,1349,1397,1458
1280: 1405,1491,1390
1448: 1472,1345,1346,1431,1464,1393,1426,1316,323,1425,1461,1509,1357,1395,1436,1484,1428,1410,1399,1452
989: 
1069: 1067,1068,237,1063,1065,1083,1066
1601: 1590,1606,969
320: 338
576: 
945: 
323: 1464,1393,1426,1316,1467,1373,1506,1478,1501,1376,1474,1514,1345,1317,1415,1346,1431,1394,1425,1461,1448,1395
981: 
946: 
326: 255
327: 300
1161: 
570: 
1037: 153,1128,1136,1114,1126,1011,1020,1162
1592: 1528,453
918: 451
1184: 1149,461
1425: 1461,1506,1501,1376,1474,1514,1464,1393,1426,1316,323,1448,1472,1395,1436
1323: 1454,1345,1317,1415,1346,1431,1394,985,1509,1357,1484
1020: 1126,1011,1162,153,1128,1136,1037
1243: 
338: 320
1460: 1399,1452,1429,1472,1436,1428,1489,1410,1406,1400,1398,61,1539,1409,1433
840: 307,1573
938: 
966: 995,514
1433: 1460,1429,1406,1398,61,1539,1409
937: 
1477: 1341,1397,1458
921: 
347: 1336
1326: 1268,448
349: 
997: 1563,457
1482: 1543,1349,1450,1388,1578,1531,1527,1572,1566,1554,1536,1502,1501,1474,1514,1397
917: 
1515: 1447,1489,482,1400,1465,1444
1537: 1459,1525,1558,1424,1496,1520,959,952,1365,1379
1342: 275
1067: 1069,1068,237,1063,1065,1083,1066
970: 
1603: 552,1499,1571,1583,487
1488: 1359,1383,1435,1367,1396,1503,1404
1452: 1460,1399,1429,1448,1472,1395,1436,1428,1489,1410,1406,1400,1398,61,1539,1409
627: 1532
1431: 1345,1317,1415,1346,1394,1467,1373,1478,1464,1393,1426,1316,323,1323,1454,1509,1357,1448
931: 
565: 
1504: 1367,1405,1390,1359
1005: 311
1405: 1280,1491,1390,1504
1573: 307,1551,1414,840
964: 
815: 
1317: 1345,1415,1346,1431,1394,1467,1373,1393,1426,323,1323,1454,1509,1357
954: 
662: 727
1590: 1601,969
1444: 1447,1515,1400,1398,1539,1465,1470,1517
1558: 1459,1525,1537,1424,1496,959,952,1365,1379
1548: 1513
564: 
817: 437
1586: 1565,1585
969: 1606,1601,1590
382: 312
1136: 153,1128,1037,1114,1126,1011,1020,1162
1554: 1519,1564,1557,1450,1388,1531,1476,1430,1479,1419,1482,1506,1478,1501,1376,1474,1514
987: 
935: 1556,1576
1542: 233,1560,1451,1434,1512
1083: 237,1063,1065,1069,1067,1068,1066,965
974: 
907: 
1598: 1443,448
930: 
577: 
983: 
865: 
396: 566
1564: 1519,1557,1499,1571,1583,959,1450,1388,1578,1531,1476,1430,1479,1419,1554
910: 
936: 
400: 
401: 
402: 
403: 
404: 
405: 
406: 
407: 422
408: 
409: 
410: 
411: 904,1597
412: 438
413: 580
414: 
415: 
416: 
417: 
418: 
419: 
420: 
421: 526
422: 407
423: 
424: 
425: 
426: 
427: 
428: 
429: 
430: 
431: 
432: 
433: 
434: 916
435: 
436: 
437: 817
438: 412
439: 
440: 
441: 
442: 
443: 
444: 
445: 
446: 
447: 
448: 1268,1326,1443,1598
449: 
450: 
451: 918
452: 
453: 1592
454: 1290
455: 
456: 1581
457: 1563,997,1348,1402,994
458: 
459: 
460: 
461: 1149,1184
462: 
463: 
464: 
465: 
466: 
467: 
468: 
469: 
470: 
471: 
472: 580
473: 
474: 595
475: 
476: 
477: 
478: 
479: 
480: 598,1253,1278
481: 
482: 1530,1445,1484,1447,1515
483: 
484: 
485: 
486: 
487: 1603,1583,1450,1388,1578,1531,1527,1572
488: 
489: 
490: 
491: 
492: 1197,1202
493: 
494: 
495: 
496: 
497: 
498: 
499: 866
500: 
501: 
502: 
503: 
504: 581
505: 
506: 
507: 
508: 
509: 
510: 
511: 
512: 
513: 
514: 966,995
515: 
516: 
517: 
518: 
519: 
520: 
521: 
522: 
523: 
524: 
525: 
526: 421
527: 
528: 
529: 
530: 537
531: 
532: 
533: 
534: 
535: 
536: 
537: 530
538: 554
539: 
540: 
541: 
542: 
543: 
544: 
545: 
546: 
547: 
548: 
549: 
550: 
551: 
552: 1603,1499,1571,1583
553: 
554: 538
555: 
556: 
557: 
558: 
559: 
560: 
561: 
1575: 1475
1390: 1405,1280,1491,1504,1367
1391: 1465,1517,1532
1396: 1435,1359,1488,1480,1503,1404,822
1397: 1458,1482,1543,1349,1536,1502,1341,1477
1398: 61,1539,1409,1428,1489,1410,1460,1399,1452,1429,1400,1433,1444,1470
1399: 1460,1452,1429,1448,1472,1395,1436,1428,1489,1410,1406,1398,61
1400: 1484,1428,1489,1410,1460,1452,1447,1515,1398,61,1539,1465,1444,1470
1472: 1448,1464,1393,1426,1425,1461,1395,1436,1484,1428,1489,1410,1460,1399,1452,1429
1402: 1348,457,994
1560: 1451,1503,1404,822,233,1526,1561,1542
1404: 1503,1488,1396,1480,822,1560,1451,1561
1585: 1565,1586
1588: 157
1409: 1398,61,1539,1489,1460,1452,1429,1406,1433,1470
1410: 1428,1489,1448,1472,1436,1484,1460,1399,1452,1429,1400,1398,61
1516: 1533,1337,1495,1521,1424,1520,1435,952
1604: 853
1605: 1574,1253,1278
1602: 1532