0: 23,49,92,99,22,31,74,42,8,1206,13,66,78,95,43,90,57,20,76,7,68,51,37,1205,38,14,1210,85,10,45,88,89,16,63,1,21,1211,1209,25
1: 21,1211,1209,25,23,49,92,0,99,22,38,14,1210,19,17,69,88,89,16,63,35,1207,30,5,1202,60,70,72,1203,1208,48
2: 83,3,6,26,61,56,1204,82,86,31,74,42,8,1206,79,94,91,41,7,68,51,37,1205
3: 6,26,61,77,64,44,56,1204,82,86,83,2,31,74,42,8,1206
4: 96,75,79,94,91,41,358,40,47,11,28,55,487,97,32,73,54
5: 35,1207,30,1202,38,14,1210,19,17,69,1,21,1211,1209,25,71,62,72,1203,1208,48,29
6: 3,26,61,77,64,44,56,1204,82,86,83,2,31,74,42,8,1206
7: 68,51,37,1205,83,2,31,74,42,8,1206,13,66,78,91,41,23,49,92,0,99,22,40,47,11,28,55,85,10,45,88,89,16,63
8: 31,74,42,1206,3,6,26,61,56,1204,82,9,46,33,83,2,13,66,78,95,91,41,7,68,51,37,1205,23,49,92,0,99,22
9: 46,33,44,98,65,56,1204,82,67,39,31,74,42,8,1206,13,66,78,95,43,90,57,20,76
10: 85,45,91,41,7,68,51,37,1205,23,49,92,0,99,22,40,47,11,28,55,88,89,16,63,32,73,54,58,59,84,60,70
11: 40,47,28,55,79,91,41,7,68,37,96,75,4,85,10,45,32,73,54,84
12: 93,98,65,173,64,80,44,56,82,46,33,67,39
13: 66,78,95,56,1204,82,9,46,33,67,39,31,74,42,8,1206,43,90,57,20,76,7,68,51,37,1205,23,49,92,0,99,22,38,14,1210
14: 38,1210,13,66,78,95,43,90,57,20,76,53,52,23,49,92,0,99,22,19,17,69,88,89,16,63,1,21,1211,1209,25,35,1207,30,5,1202
15: 60,70,72,1203,1208,48,81
16: 88,89,63,7,68,51,37,1205,23,49,92,0,99,22,38,14,1210,85,10,45,1,21,1211,1209,25,58,59,84,60,70,72
17: 19,69,43,90,57,20,76,53,52,38,14,1210,1,21,1211,1209,25,35,1207,30,5,1202,71,62
18: 27,24,97,32,73,54,58,59,84,70,50,129,361,164
19: 17,69,43,90,57,20,76,53,52,38,14,1210,1,21,1211,1209,25,35,1207,30,5,1202,71,62
20: 43,90,57,76,9,33,67,39,36,34,13,66,78,95,53,52,23,49,92,0,99,22,38,14,1210,19,17,69
21: 1,1211,1209,25,23,49,92,0,99,22,38,14,1210,19,17,69,88,89,16,63,35,1207,30,5,1202,60,70,72,1203,1208,48
22: 23,49,92,0,99,31,74,42,8,1206,13,66,78,95,43,90,57,20,76,7,68,51,37,1205,38,14,1210,85,10,45,88,89,16,63,1,21,1211,1209,25
23: 49,92,0,99,22,31,74,42,8,1206,13,66,78,95,43,90,57,20,76,7,68,51,37,1205,38,14,1210,85,10,45,88,89,16,63,1,21,1211,1209,25
24: 27,18,97,73,54,58,59,84,60,70,81,50,129,164
25: 1,21,1211,1209,23,49,92,0,99,22,38,14,1210,19,17,69,88,89,16,63,35,1207,5,1202,60,70,72,1203
26: 3,6,61,77,64,80,44,56,1204,82,86,83,2,31,74,42,8,1206
27: 24,18,97,32,73,54,58,59,84,70,81,50,129,361,164
28: 40,47,11,55,91,41,7,68,51,37,75,4,85,10,45,97,32,73,54,58,59,84
29: 1207,30,5,71,62,381,1203,1208,48,140,199
30: 35,1207,5,1202,38,14,19,17,69,1,21,71,62,72,1203,1208,48,29
31: 74,42,8,1206,3,6,26,61,56,1204,82,9,46,33,83,2,13,66,78,95,91,41,7,68,51,37,1205,23,49,92,0,99,22
32: 97,73,54,75,4,40,47,11,28,55,85,10,45,58,59,84,27,18
33: 9,46,64,80,44,93,12,98,65,87,56,1204,82,67,39,31,74,42,8,1206,13,66,78,95,43,90,57,20,76
34: 36,87,67,39,43,90,57,20,76,53,52
35: 1207,30,5,1202,38,14,1210,19,17,69,1,21,1211,1209,25,71,62,72,1203,1208,48
36: 34,87,67,39,43,90,57,20,76,53,52
37: 7,68,51,1205,83,2,31,74,42,8,1206,13,66,78,95,91,41,23,49,92,0,99,22,47,11,28,55,85,10,45,88,89,16,63
38: 14,1210,13,66,78,95,43,90,57,20,76,53,52,23,49,92,0,99,22,19,17,69,88,89,16,63,1,21,1211,1209,25,35,1207,30,5,1202
39: 67,93,12,98,65,87,9,46,33,36,34,13,66,78,95,43,90,57,20,76,53,52
40: 47,11,28,55,91,7,68,96,75,4,85,10,45,97,32,73,54,58,59,84
41: 91,86,83,2,31,74,42,8,1206,94,7,68,51,37,1205,4,47,11,28,55,85,10,45
42: 31,74,8,1206,3,6,26,61,56,1204,9,33,83,2,13,66,78,95,91,41,7,68,51,37,1205,23,49,92,0,99,22
43: 90,57,20,76,9,46,33,67,39,36,34,13,66,78,95,53,52,23,49,92,0,99,22,38,14,1210,19,17,69
44: 64,80,179,77,93,12,98,65,3,6,26,61,56,1204,82,9,46,33
45: 85,10,91,41,7,68,51,37,1205,23,49,92,0,99,22,40,47,11,28,55,88,89,16,63,97,32,73,54,58,59,84,60,70
46: 9,33,64,80,44,93,12,98,65,56,1204,82,67,39,31,74,8,13,66,95,43
47: 40,11,28,55,91,41,7,68,51,37,1205,75,4,85,10,45,32,73,54,58,59,84
48: 1203,1208,1,21,1211,1209,35,1207,30,5,62,72,29,15,140
49: 23,92,0,99,22,31,74,42,8,1206,13,66,78,95,43,90,57,20,76,7,68,51,37,1205,38,14,1210,85,10,45,88,89,16,63,1,21,1211,1209,25
50: 81,58,84,70,72,27,24,18,164
51: 7,68,37,1205,83,2,31,74,42,8,1206,13,66,78,95,91,41,23,49,92,0,99,22,47,28,55,85,10,45,88,89,16,63
52: 53,67,39,36,34,43,90,57,20,76,38,14,19,17,69
53: 52,67,39,36,34,43,90,57,20,76,38,14,1210,19,17,69
54: 97,32,73,75,4,40,47,11,28,55,85,10,45,58,59,84,27,24,18
55: 40,47,11,28,79,94,91,41,7,68,51,37,1205,96,75,4,85,10,45,97,32,73,54,58,59,84
56: 1204,82,77,64,80,44,93,12,98,65,3,6,26,61,9,46,33,83,2,31,74,42,8,1206,13,66,78,95
57: 43,90,20,76,9,33,67,39,36,34,13,66,78,95,53,52,23,49,92,0,99,22,38,14,1210,19,17,69
58: 59,84,40,47,28,55,85,10,45,88,16,63,97,32,73,54,60,70,27,24,18,50
59: 58,84,40,47,28,55,85,10,45,88,89,16,63,97,32,73,54,60,70,27,24,18
60: 70,85,10,45,88,89,16,63,1,21,1211,1209,25,58,59,84,72,24,15
61: 3,6,26,77,64,44,56,1204,82,86,83,2,31,74,42,8,1206
62: 71,19,17,69,134,35,1207,30,5,1202,381,1203,1208,48,29,480
63: 88,89,16,7,68,51,37,1205,23,49,92,0,99,22,38,14,1210,85,10,45,1,21,1211,1209,25,58,59,84,60,70,72
64: 80,44,179,77,93,12,98,65,3,6,26,61,56,1204,82,46,33
65: 93,12,98,183,173,64,80,44,87,56,1204,82,9,46,33,67,39
66: 13,78,95,56,1204,82,9,46,33,67,39,31,74,42,8,1206,43,90,57,20,76,7,68,51,37,1205,23,49,92,0,99,22,38,14,1210
67: 39,93,12,98,65,87,9,46,33,36,34,13,66,78,95,43,90,57,20,76,53,52
68: 7,51,37,1205,83,2,31,74,42,8,1206,13,66,78,95,91,41,23,49,92,0,99,22,40,47,11,28,55,85,10,45,88,89,16,63
69: 19,17,43,90,57,20,76,53,52,38,14,1210,1,21,1211,1209,25,35,1207,30,5,1202,71,62
70: 60,85,10,45,88,89,16,63,1,21,1211,1209,25,58,59,84,72,27,24,18,81,50,15
71: 62,19,17,69,134,35,1207,30,5,1202,381,1203,1208,29,480
72: 88,89,16,63,1,21,1211,1209,25,35,1207,30,5,1202,60,70,1203,1208,48,81,50,15
73: 97,32,54,96,75,4,40,47,11,28,55,85,10,45,58,59,84,419,27,24,18
74: 31,42,8,1206,3,6,26,61,56,1204,82,9,46,33,83,2,13,66,78,95,91,41,7,68,51,37,23,49,92,0,22
75: 96,4,91,40,47,11,28,55,97,32,73,54
76: 43,90,57,20,9,33,67,39,36,34,13,66,78,95,53,52,23,49,92,0,99,22,38,14,1210,19,17,69
77: 185,179,64,44,3,6,26,61,56,1204,82
78: 13,66,95,56,1204,9,33,67,39,31,74,42,8,1206,43,90,57,20,76,7,68,51,37,1205,23,49,92,0,99,22,38,14
79: 94,413,86,83,2,91,358,96,4,11,55
80: 64,44,179,93,12,98,65,26,56,82,46,33
81: 50,84,70,72,27,24,15,164
82: 56,1204,77,64,80,44,12,98,65,3,6,26,61,9,46,33,83,2,31,74,8,1206,13,66
83: 2,3,6,26,61,56,1204,82,86,31,74,42,8,1206,79,94,91,41,7,68,51,37,1205
84: 58,59,40,47,11,28,55,85,10,45,88,89,16,63,97,32,73,54,60,70,27,24,18,81,50
85: 10,45,91,41,7,68,51,37,1205,23,49,92,0,99,22,40,47,11,28,55,88,89,16,63,97,32,73,54,58,59,84,60,70
86: 427,3,6,26,61,413,83,2,79,94,91,41
87: 183,173,301,93,65,33,67,39,36,34
88: 89,16,63,7,68,51,37,1205,23,49,92,0,99,22,38,14,1210,85,10,45,1,21,1211,1209,25,58,59,84,60,70,72
89: 88,16,63,7,68,51,37,1205,23,49,92,0,99,22,38,14,1210,85,10,45,1,21,1211,1209,25,59,84,60,70,72
90: 43,57,20,76,9,33,67,39,36,34,13,66,78,95,53,52,23,49,92,0,99,22,38,14,1210,19,17,69
91: 41,86,83,2,31,74,42,8,1206,79,94,7,68,51,37,1205,96,75,4,40,47,11,28,55,85,10,45
92: 23,49,0,99,22,31,74,42,8,1206,13,66,78,95,43,90,57,20,76,7,68,51,37,1205,38,14,1210,85,10,45,88,89,16,63,1,21,1211,1209,25
93: 12,98,65,183,173,64,80,44,87,56,46,33,67,39
94: 79,413,86,83,2,91,41,358,96,4,55
95: 13,66,78,56,9,46,33,67,39,31,74,42,8,43,90,57,20,76,68,51,37,23,49,92,0,99,22,38,14
96: 75,4,79,94,91,358,40,11,55,487,73
97: 32,73,54,75,4,40,28,55,85,45,58,59,84,419,27,24,18
98: 93,12,65,173,64,80,44,56,82,9,46,33,67,39
99: 23,49,92,0,22,31,42,8,13,66,78,95,43,90,57,20,76,7,68,51,37,1205,38,14,1210,85,10,45,88,89,16,63,1,21,1209,25
100: 459,132,187,367,224,133,223,169
101: 105,420,263,166,143,392,189,443,294,466,306
102: 477,302,485,131
103: 168,465,135,427,219,267,413
104: 198,124,194,357,256,321,418,318,387
105: 420,263,101,142,119,166,143,392,189,443,294,306
106: 232,476
107: 455,380,155,460,127,239,471,453,400
108: 387,362,320,227,349
109: 210,421,372,457,211,137
110: 432,123,115,111,455,155,460,127
111: 233,123,461,115,110,432,374,155,127
112: 132,187
113: 258,191,166,189,443,454,276
114: 157,296,248,315,451
115: 461,148,123,110,432,233,111,374
116: 317
117: 412,298,292,266,456,437,195
118: 398,149,172,328,181,196
119: 299,425,142,166,105,420,263,189,443,294
120: 484,438,431,354,368,396,269
121: 201,360,458,275,385,218
122: 477,485,375,293,316,324,175
123: 184,439,391,461,115,110,432,111
124: 198,104,194,446,387
125: 482,141,444,412,401,497,319
126: 
127: 110,111,155,460,436,107,489,496
128: 327,208,415,428,242
129: 361,419,27,24,18,164,355,311,225,290
130: 284,379,182,251,339
131: 393,305,102,285,151,375,236
132: 441,112,192,389,314,367,224,459,100
133: 187,421,459,100,210,169
134: 379,182,251,339,71,62,381
135: 168,465,185,103,427
136: 410,303,429,171,170,442
137: 109,211,252,495
138: 499,397,394,154,366
139: 170,494,200,445,323,288,277,186,312,488,398,149
140: 199,1203,1208,48,29,232
141: 444,440,468,156,493,313,125,482,253,215
142: 299,119,143,105
143: 392,142,105,420,263,101,306
144: 332,254,382,235,473,406
145: 
146: 376,394,154,366,176
147: 350,351,271,242,249,403,258,191
148: 461,115
149: 398,172,139,323,277,186,312,118,464,342,328,196
150: 448,321,418,318,320
151: 285,131,236,296,248
152: 452,209,359,177,158,377
153: 388,438,356,353,190,396
154: 366,138,397,394,376,146,176,434
155: 460,110,432,111,455,127,239,107
156: 493,158,377,440,468,141,313,265
157: 114,415,327,296,248,315,451
158: 152,452,209,377,240,440,156
159: 370,469,279,426,217
160: 404,372,237,252,340
161: 314,221,389,333,367,224,378,223
162: 450,356,353,190,396,178,411,269
163: 
164: 27,24,18,81,50,129,361,355,311,225,290,416
165: 363,408,193,205,410,303,197,171
166: 299,119,113,105,420,263,101,189,443,294,276
167: 490,348,474,329
168: 465,135,185,103,427
169: 459,100,133,210
170: 442,136,494,200,445,139
171: 429,165,363,410,303,197,136,203,423
172: 398,149,277,186,312,118,347,464,342,328,181,196
173: 183,384,216,301,93,12,98,65,87
174: 270,435,406,273,481
175: 293,316,324,122,375,236,234
176: 154,376,146,434
177: 409,152,291,377,483
178: 411,467,356,190,162,450
179: 463,185,77,64,80,44
180: 250,424,226,371,490
181: 196,172,118,328,475,332,254,473
182: 379,130,284,251,339,134
183: 173,384,216,301,93,65,87
184: 230,246,399,247,281,439,123,461
185: 179,168,465,135,77
186: 277,312,488,200,445,139,323,288,462,398,149,172,347,464
187: 112,367,459,100,133
188: 200,445,288,462
189: 443,294,119,166,113,105,420,263,101,454,276
190: 356,353,388,153,467,396,178,411,162,450
191: 147,351,258,113
192: 389,297,217,221,346,132,441,314
193: 205,472,165,363,197
194: 422,331,275,446,325,357,198,104,124
195: 437,412,117,298,292,456,214
196: 181,149,172,118,328,332,254
197: 193,165,363,410,171,336,203,423
198: 104,124,194,422,331,446,357,256
199: 140,1208,29,480,232
200: 445,170,442,188,139,288,462,186,488
201: 121,364,360,458,385
202: 279,426,370,469,228,373
203: 423,197,171,336,278
204: 
205: 193,472,165,363
206: 402,273,417,304,283,330,245,222
207: 280,489,496,471,453,238,400,364,360,458
208: 415,428,327,128
209: 152,452,359,352,158,377
210: 109,421,457,133,169
211: 457,109,252,137,495
212: 240,486
213: 309,421
214: 497,437,195,300
215: 253,141,313,265,401
216: 384,308,463,183,173
217: 221,346,159,370,297,373,192,430
218: 325,243,121,275,385,331,357,256
219: 103,267,338,386
220: 
221: 217,346,297,192,389,333,161,314
222: 206,402,283,345,390,322
223: 161,314,367,224,459,100
224: 367,389,132,441,161,314,459,100,223
225: 290,129,361,164,355,311,416
226: 180,250,371,490,491,348
227: 349,108,320,498,326,287
228: 202
229: 
230: 246,399,466,247,281,184
231: 467,485,356
232: 140,199,106,476
233: 111,461,115,374
234: 236,175,296
235: 347,342,328,307,435,144,332,254,270
236: 375,285,131,151,324,175,296,248,234
237: 404,160,407,340
238: 400,489,496,280,207,360,458,261,268
239: 455,380,155,460,107,471,453
240: 486,158,440,212
241: 292
242: 428,327,128,271,315,249,147,350,351
243: 325,218,275,385,357,256
244: 487,365,264
245: 330,304,206,402
246: 230,399,466,306,247,281,184
247: 281,466,230,246,399,184
248: 296,151,236,114,157,451
249: 403,271,242,147,350,351,258
250: 180,424,255,289,226,371,490
251: 339,130,284,379,182,134
252: 160,211,137,495
253: 215,141,444,313,265,401,497,319
254: 144,332,382,328,181,196,475,235,473
255: 424,289,250
256: 357,275,331,325,243,218,198,104,321,418,318
257: 414,286,433,266,456,337,407,383
258: 249,403,147,191,113
259: 340,337,407
260: 269
261: 268,238,458,422,331
262: 369
263: 105,420,101,119,166,143,189,443,294,306
264: 244,365
265: 313,468,156,493,253,215
266: 456,117,449,433,337,407,257,414,286
267: 103,427,219,413,338,386
268: 261,238,422
269: 396,120,484,162,260
270: 174,307,435,235,406,481
271: 242,249,403,147,350,351
272: 315,451,478,369
273: 481,174,304,206
274: 377,483,156,493
275: 385,121,194,422,331,325,243,218,357,256
276: 454,166,113,189,443,294
277: 186,312,488,445,139,323,288,398,149,172,464
278: 203,423
279: 426,202,334,159,370,469
280: 207,496,471,453,238,400,364,360,458
281: 247,466,230,246,399,395,184
282: 310,322,499,397
283: 417,405,206,402,345,390,222
284: 130,379,182,251,339
285: 393,305,335,131,151,236
286: 257,414,266,456,337,383
287: 320,227,349,498,326
288: 462,188,200,445,139,277,186,312,488,347,464
289: 424,255,376,250
290: 225,129,361,164,355,311,416
291: 491,409,348,177,470,483
292: 412,117,298,241,195
293: 316,324,175,122,375
294: 189,443,119,166,105,420,263,101,454,276,306
295: 341
296: 248,151,236,114,157,234
297: 343,217,221,346,192,389,441
298: 412,117,292,195
299: 425,403,142,119,166
300: 401,497,319,214
301: 183,173,87
302: 477,102
303: 410,408,165,429,171,136
304: 273,481,206,402,330,245
305: 393,285,131
306: 466,143,392,105,420,263,101,294,246,399
307: 435,347,464,342,235,270
308: 216
309: 213,421,372,457
310: 405,345,390,322,499,282
311: 355,129,361,164,225,290
312: 277,186,488,445,139,288,462,398,149,172,347,464,342
313: 265,440,468,156,493,141,444,253,215
314: 161,221,192,389,132,441,333,367,224,223
315: 428,327,114,157,242,451,351,272
316: 293,324,175,122,375
317: 116,463
318: 256,104,321,418,150,448,320,349
319: 401,497,125,482,253,300
320: 418,318,108,387,150,448,227,349,326,287
321: 418,325,357,256,104,318,150,448
322: 499,345,390,310,222,282,397
323: 494,139,277,186,398,149
324: 293,316,175,122,375,236
325: 243,218,275,385,194,422,331,357,256,321
326: 498,448,320,227,349,287
327: 128,208,415,428,157,242,315,451
328: 342,149,172,118,347,181,196,435,235,332,254
329: 167,474
330: 245,304,206,341
331: 194,422,261,275,385,325,218,357,256,198
332: 144,254,382,342,328,181,196,235,473
333: 221,346,389,161,314,378
334: 362,279,426,469
335: 285,415
336: 197,492,203,423
337: 407,449,433,266,257,414,286,340,259,383
338: 386,219,267,413,358
339: 251,130,284,379,182,134
340: 259,160,237,337,407
341: 330,295
342: 328,312,149,172,347,464,307,435,235,332
343: 297,441
344: 438,431,354,368
345: 390,405,283,310,222,322
346: 217,221,297,373,192,389,430,333
347: 464,288,462,186,312,488,172,342,328,307,435,235
348: 491,409,226,371,490,167,474,291
349: 227,318,108,387,320,326,287
350: 147,351,271,242,249,403
351: 147,350,271,242,315,249,191
352: 359,452,209
353: 356,190,388,153,467,396,411,162
354: 431,368,344,438,120,484
355: 311,129,361,164,225,290
356: 353,190,388,153,231,467,396,178,411,162,450
357: 256,275,385,194,422,331,325,243,218,198,104,321
358: 338,386,79,94,96,4,487
359: 352,152,452,209
360: 471,453,280,207,238,400,364,458,201,121
361: 129,419,27,18,164,355,311,225,290
362: 108,387,334
363: 165,193,205,410,197,171
364: 471,453,280,207,360,201
365: 487,244,419,264
366: 154,138,397,394,376,146,434
367: 224,389,132,441,187,161,314,459,100,223
368: 431,354,344,438,120
369: 272,478,262
370: 159,469,279,426,202,373,217
371: 490,180,250,226,491,348
372: 457,309,421,160,109
373: 426,202,370,217,346,430
374: 115,233,111
375: 236,131,122,293,316,324,175
376: 146,394,154,366,289,176
377: 152,209,177,158,483,440,156
378: 333,161
379: 182,130,284,251,339,134
380: 455,460,239,107
381: 134,71,62,29,480
382: 144,332,254,475,473,406
383: 337,257,414,286
384: 216,463,183,173
385: 275,201,121,331,325,243,218,357
386: 338,219,267,413,358
387: 108,104,124,362,320,349
388: 153,356,353,190
389: 192,297,221,346,132,441,333,161,314,367,224
390: 345,405,283,310,222,322
391: 439,123,432
392: 143,105,420,101,466,306
393: 305,285,131
394: 138,154,366,376,146
395: 466,281
396: 153,438,356,353,190,120,484,411,162,450,269
397: 322,499,282,138,154,366
398: 149,172,139,323,277,186,312,488,118,464
399: 230,246,466,306,247,281,184
400: 238,107,489,496,280,207,360,458
401: 497,319,125,253,215,300
402: 206,417,304,283,245,222
403: 249,271,147,350,299,425,258
404: 160,237
405: 283,345,390,310
406: 144,382,473,174,270,481,417
407: 337,449,433,266,237,257,414,340,259
408: 165,410,303
409: 491,348,177,291
410: 303,408,165,363,197,429,171,136
411: 178,467,356,353,190,396,162,450
412: 117,298,292,125,482,437,195
413: 103,427,267,86,338,386,79,94
414: 257,286,266,456,337,407,383
415: 335,208,428,327,128,157
416: 164,225,290
417: 406,481,304,206,402,283
418: 321,256,104,318,150,448,320
419: 487,97,73,365,129,361
420: 105,263,101,119,166,143,392,189,443,294,466,306
421: 213,309,372,457,133,210,109
422: 194,331,261,268,275,446,325,357,198
423: 203,197,429,171,336,278
424: 255,289,180,250
425: 299,403,119
426: 279,202,334,159,370,469,373
427: 168,465,135,103,267,413,86
428: 415,327,128,242,315
429: 171,410,303,136,423
430: 373,217,346
431: 354,368,344,438,120,484
432: 110,391,123,115,111,455,155
433: 449,266,337,407,257
434: 154,366,176
435: 307,347,342,328,235,174,270
436: 127,489,496
437: 195,412,117,456,214
438: 344,153,431,354,368,396,120
439: 391,184,123
440: 468,158,377,240,156,493,141,313
441: 132,297,343,192,389,314,367,224
442: 170,136,494,200
443: 189,294,119,166,113,105,420,263,101,454,276
444: 141,468,313,125,482,253
445: 200,170,188,139,288,462,277,186,312,488
446: 194,422,198,124
447: 476
448: 150,321,418,318,320,498,326
449: 433,266,337,407
450: 162,356,190,396,178,411
451: 327,114,157,248,315,272
452: 152,209,359,352,158
453: 471,239,107,280,207,364,360
454: 276,113,189,443,294
455: 380,110,432,155,460,239,107
456: 266,117,437,195,257,414,286
457: 372,309,421,210,109,211
458: 280,207,238,400,360,261,201,121
459: 100,132,187,367,224,133,223,169
460: 155,110,455,380,127,239,107,489
461: 115,184,148,123,233,111
462: 288,188,200,445,186,312,488,347,464
463: 317,384,216,179
464: 347,288,462,277,186,312,488,398,149,172,342,307
465: 168,135,185,103,427
466: 306,392,420,101,230,246,399,247,281,395
467: 231,356,353,190,178,411
468: 440,156,493,141,444,313,265
469: 159,370,334,279,426,202
470: 474,291
471: 453,239,107,280,207,364,360
472: 193,205
473: 181,475,144,332,254,382,406
474: 490,167,348,329,470
475: 181,254,382,473
476: 232,106,447
477: 102,302,485,122
478: 272,369
479: 
480: 71,62,381,199
481: 273,174,270,406,417,304
482: 125,141,444,412,319
483: 177,291,377
484: 120,431,354,396,269
485: 477,102,231,122
486: 240,212
487: 358,96,4,244,365,419
488: 277,186,312,200,445,139,288,462,398,347,464
489: 496,460,127,436,207,238,400
490: 371,180,250,226,167,491,348,474
491: 409,348,226,371,490,291
492: 336
493: 156,440,468,274,141,313,265
494: 170,442,139,323
495: 211,252,137
496: 489,127,436,280,207,238,400
497: 401,319,125,253,214,300
498: 326,448,227,287
499: 322,310,282,138,397
500: 1044,746,955,578,1116,1125
501: 583,763
502: 810,626,1094,853,515,846,669,842
503: 851,1191,1069,1183
504: 1188,1023,827,703,1000,755,1163
505: 973,947,820,793
506: 1030,840,510,833,534
507: 1064,676,891,918
508: 1159,574,551
509: 806,962,537,1176
510: 738,840,591,1030,506,1150
511: 535,1136,966,733,568,935
512: 611,863
513: 874,1158,1010,1052,879
514: 1164,566,831,1011,916,668,923,541,572
515: 665,1046,626,1094,853,846,502
516: 777,1026,630,583
517: 958,768,1127,980,886,1006,1085
518: 656,764,779,1098
519: 963,1032,590,1011,566,572
520: 686
521: 1029,942,687
522: 792,775,807,892,770,888
523: 599,859,1053,702,571,695
524: 879,911,904,1010,1052,681,1050
525: 1132,712,615
526: 612,1172
527: 905,1113,1031,928,615,602
528: 678,1117,548,529,744,545,1101,584
529: 744,977,547,762,653,528,678,1117,548
530: 585,991,870,933
531: 1148
532: 989,600,782
533: 951,1121,674
534: 833,1030,506,845
535: 1125,597,734,1136,511
536: 561,1077,635
537: 1176,509,636,962,1016
538: 726,603,930,1021,1073,647
539: 706,737,766,555,1024,832,1054,978,1099
540: 939,727,630,583,763
541: 923,572,514,1043
542: 1173,632,896,594,563,725
543: 682,580,995,721,985,1015
544: 843,654,791,838,919
545: 1101,584,528,678,1117,548
546: 585,1192,606,802
547: 977,787,614,1120,1012,653,529
548: 528,678,1117,529,545,1101,584
549: 684,902,1097,728
550: 1193,624,941,872,929,1013,1032,590
551: 508,1159,825,576,767,932
552: 980,824
553: 1092,895,776,751,996,887,1047,765
554: 988,891,619,722,690
555: 766,1024,539,706,737
556: 788,679,581,696,1146,994
557: 831,570,860,916
558: 1137,698,559,1140,870
559: 558,1137,698,1140,715
560: 651,983,1096
561: 576,767,761,536
562: 1151,1181
563: 1173,542,896,594,1130,725,1126,1142
564: 1056,1169
565: 662,837
566: 1164,514,929,877,590,1011,519,572
567: 1100,1145,649,631
568: 511,966,733,781,935
569: 968,785,1048,805
570: 1061,831,557
571: 1051,954,702,523,949,884,695
572: 923,541,590,1011,1164,514,566,519,963
573: 819,588,578,813,1125,597,774,734
574: 634,508,1159,825
575: 808,971,666,922,1001,1023,640,1188
576: 767,932,551,561,1077,761
577: 1123,812,1087,1119
578: 862,1035,955,573,500,1044,1125,597
579: 747,1181
580: 682,543,995,985,1015
581: 679,663,696,556
582: 613,1013
583: 630,540,516,777,501
584: 545,1101,528,678,548,680
585: 546,606,802,530
586: 821,969,907,605,1019,1034
587: 966,935
588: 573,819,813,597,774,734
589: 850,729,862,608,746
590: 1011,550,929,1032,1164,566,519,963,572
591: 1099,1054,978,510,738,937,1150,1025
592: 
593: 
594: 1130,1173,542,563,1142
595: 629
596: 852,759
597: 578,573,819,588,813,1125,774,734,535
598: 912,1079,1058,924
599: 859,867,1053,954,702,523
600: 532
601: 700,823,714,866,794,925
602: 976,527,1113,1031,928,724
603: 538,726,930,1021
604: 
605: 586,1019,1034,757
606: 1196,1192,585,546
607: 1160
608: 847,729,589,746,1178,1116
609: 866,925,773,670,1124
610: 897,748,1147,1179,750,1168
611: 1070,512,863
612: 526
613: 582,647
614: 1120,1012,618,787,977,547,854,653
615: 525,527,712
616: 1014,636,828,731
617: 1122,699,1195,739,814
618: 1002,829,614,1120,1012
619: 891,554,988,1064,722,690,918
620: 788,1146
621: 1141,903
622: 733,781
623: 1020
624: 1193,909,941,550
625: 1144,1070
626: 1094,853,1038,665,927,515,1112,669,502
627: 694,948,913,1014
628: 655
629: 595
630: 939,540,516,777,583
631: 1145,649,567
632: 1067,801,710,1173,542,896
633: 915,849,987,769,1001
634: 952,818,574
635: 1077,536,1018
636: 828,1078,731,616,537,1176
637: 962
638: 764
639: 826,1068,997
640: 1089,1001,808,971,575,708,742,652
641: 817,876,987,711,769,748
642: 985,1041
643: 1033,766
644: 949
645: 818
646: 
647: 1073,538,1021,613
648: 811,842,795,1028,816
649: 1145,1055,1100,957,1174,567,631
650: 881,1055,1174
651: 1039,1199,855,560
652: 1001,808,971,575,640,1089,1188
653: 614,977,547,762,529,744,1127,1117
654: 843,791,1135,544
655: 628,789,675
656: 518,764,1098
657: 953,917,664,721
658: 750,1168
659: 1131
660: 1180,934
661: 980,758,958
662: 565,837
663: 940,1162,967,679,581,696,1072
664: 1004,917,657,953
665: 1046,960,626,1094,515
666: 849,882,922,1001,808,575
667: 899,834,1190,875,857,1057,861
668: 916,831,860,514
669: 626,1094,853,1112,810,502,840
670: 609,1124
671: 798
672: 934,1193,624,872,550
673: 1179
674: 1020,533,951,1121
675: 789,974,655,701
676: 577,1123,812,507
677: 793,709,689,1143,1076
678: 528,1117,548,529,744,545,1101,584
679: 581,663,920,696,556,788
680: 584,1090,926,692
681: 911,904,1010,879,524
682: 580,543,995,721,985,1015
683: 739,1109,946,1071,1152
684: 902,771,549
685: 936,693
686: 520
687: 521,942,979
688: 1065
689: 1143,677,1076
690: 722,554,619,1064,918,719,914
691: 889,820,709
692: 1090,926,771,680,728
693: 936,685
694: 627,948,913,1014,1066
695: 523,571,760
696: 663,940,967,679,581,1072,556
697: 1091,763,758
698: 558,1137,559,1140,870,715
699: 617,1122,1195,739
700: 601
701: 974,789,675,1007
702: 599,859,1053,1051,954,523,571
703: 827,1000,504,1163,913
704: 1088,834,844,875,899
705: 1152,754
706: 539,737,766,555,832,1054,978
707: 1026
708: 742,1147,987,1001,640,1089
709: 691,889,793,677,1143
710: 801,756,1067,632,1173
711: 987,769,915,641,748
712: 525,615
713: 
714: 823,967,1072,866,794,925
715: 1137,698,559,1029
716: 1149,982
717: 981,945
718: 933,1029
719: 914,722,690
720: 1066,1129
721: 657,953,985,682,580,543,995
722: 690,554,988,891,619,1064,918,719,914
723: 1063,781
724: 602,976,1182,1060
725: 542,896,1027,563,1126
726: 538,603,930
727: 939,1049,540
728: 1097,692,549
729: 589,847,608,746
730: 911,904,1196
731: 636,828,1078,616,1066,1129
732: 919,838,799,826,778,1062,1138
733: 781,622,511,568,1063
734: 774,573,819,588,813,597,535,1136
735: 1049
736: 
737: 539,706,766,555,1024,832,1054,978
738: 510,840,1099,591,1030,1150,1025
739: 1195,617,1122,699
740: 1059
741: 992,772,1197,1166,839,1110
742: 708,1147,987,748,640,897
743: 1171,1082,1074
744: 529,762,653,528,678,1117
745: 850,887,862,1035
746: 729,589,862,847,608,955,1116,500,1044
747: 1181,796,579
748: 641,711,742,1147,1179,610,897
749: 963,1095,1080
750: 1179,610,897,1168,658
751: 996,1092,553,895
752: 1175,1086
753: 986,757,1194,783
754: 705,865
755: 1163,1188,504,1133
756: 930,1021,1067,801,710
757: 605
758: 1091,883,697,661
759: 596,1002
760: 695
761: 1077,576,767,932,561,900
762: 977,653,529,744
763: 540,697,501
764: 638,779,656,518
765: 1092,553,895,996,887,1047,1083
766: 555,643,539,706,737
767: 576,932,825,551,561,761
768: 1127,854,517,958,886
769: 987,711,1118,915,633,641
770: 888,775,522,792,1108
771: 1090,926,692,684,902
772: 741,992,1197,1166,1177,839,1110
773: 609
774: 734,573,819,588,813,970,597
775: 807,858,892,770,888,522
776: 1092,553,887,1047
777: 516,583
778: 858,838,919,732,1062,1138,807,892
779: 764,518,815,1098
780: 981,975,1132
781: 733,622,568,723,1063
782: 532
783: 753
784: 944,1144,856,1134
785: 968,1048,865,569,1022,805
786: 902
787: 614,977,547
788: 556,679,1146,994,620
789: 675,655,701,998
790: 942,979
791: 843,654,1135,544
792: 522,770,989
793: 820,505,889,709,677
794: 866,925,823,714,601
795: 810,842,648,811,816
796: 983,1096,747,1181
797: 1185,798
798: 671,1106,797,1185
799: 826,919,732,1068,1062
800: 933
801: 710,756,1067,632,890,1173
802: 606,585,546
803: 
804: 993,1102,1199
805: 968,785,1048,569
806: 1133,964,509
807: 775,858,778,1138,892,888,522
808: 971,575,666,922,1001,640,1089,652,1188
809: 1017
810: 502,853,846,669,842,795
811: 648,842,795,1028,816
812: 577,1123,1087,1005
813: 573,819,588,970,597,774,734
814: 1195,617
815: 779,1098,1053,906,1009
816: 795,648,811,1028,869
817: 845,885,876,641
818: 645,898,634
819: 573,588,1083,813,597,774,734
820: 505,691,889,793
821: 1156,586
822: 1131,910
823: 714,967,1072,601,866,794,925
824: 552,1186,921
825: 574,1159,551,767,932
826: 799,919,732,1068,1062,639
827: 703,1000,1023,504
828: 636,1078,731,616,1176
829: 618,1120,1012,894
830: 1156,950,878,986
831: 557,570,860,1164,514,916,668
832: 1054,978,539,706,737,1099,937
833: 534,1030,506
834: 844,1088,704,1190,875,899,667
835: 990,1033,1038,927
836: 1016
837: 565,662
838: 544,919,732,858,778,1062,1138
839: 1110,1166,1177,741,992,772,1197
840: 1024,1112,669,510,738,1030,506
841: 851
842: 846,810,502,795,648,811
843: 654,791,544
844: 834,1088,704,1190,875,899
845: 534,817,1118,915
846: 515,810,502,842
847: 608,729,746,864,1178,1116
848: 1128,903
849: 666,869,633,922,1001
850: 745,589,862,1035
851: 503,841,1069,1183
852: 596,1154
853: 626,1094,927,515,1112,669,810,502
854: 894,614,1120,768,1127
855: 1102,1165,1199,1161,651,1039,1114
856: 1134,1074,944,784
857: 1190,1191,899,667,1107,1057
858: 778,838,1062,1138,775,807,892
859: 599,956,867,1053,702
860: 831,557,916,668
861: 1057,875,667
862: 850,745,589,1035,746,955,578
863: 611,512
864: 847,1178
865: 754,968,785,1048,1022
866: 794,925,1072,823,714,609
867: 956,1084,599,859,1053
868: 1079
869: 816,849
870: 1161,991,530,1114,558,1137,698
871: 1184,975,1087,1119
872: 934,672,1193,550,1013
873: 1111,1104,1196,1192,1042
874: 1158,1010,1052,513
875: 704,834,844,899,667,861
876: 817,885,641
877: 941,929,1164,566
878: 950,830,986
879: 524,911,904,1010,1052,513,681,1050
880: 997,1045,989
881: 1008,650
882: 1139,666,922
883: 1091,758
884: 949,1051,954,571
885: 817,876
886: 768,1127,517,958,1006,1036,1085
887: 1047,776,553,745,765,1083
888: 770,775,807,892,522
889: 691,820,793,709
890: 801,1170,1130
891: 619,554,988,507,1064,722
892: 858,778,1062,1138,775,807,888,522
893: 1157
894: 854,829,1120,1127
895: 1092,553,751,996,1047,765,1105
896: 632,1173,542,1095,1027,563,725
897: 610,748,742,1147,1179,750
898: 818
899: 667,704,834,844,1190,875,857,1057
900: 998,932,1135,761,1189
901: 
902: 684,771,786
903: 621,848,1141,1162,940
904: 911,730,1010,1052,681,879,524
905: 527,1113,1031,928
906: 815,1098,1053,1009
907: 969,999,586,1034
908: 1157
909: 624,941
910: 822,1131,1143
911: 904,730,1010,681,879,524
912: 598,1079,1058
913: 703,1000,627,694,948,1014
914: 719,722,690,918
915: 1118,845,633,987,711,769
916: 668,831,557,860,1164,514
917: 664,1004,657,953
918: 619,507,1064,722,690,914
919: 732,544,838,799,826,778,1062,1138
920: 679
921: 824,1186,992,1197
922: 882,666,849,1001,808,971,575
923: 541,572,1011,514,963,1043
924: 598
925: 866,794,823,714,609
926: 1090,771,680,692
927: 835,1038,626,853,1024,1112
928: 1031,527,905,1113,602,976,1075
929: 941,550,877,1032,590,1011,1164,566
930: 603,538,726,1021,756
931: 945
932: 576,767,825,551,900,761
933: 530,800,718
934: 672,1180,660,1193,872
935: 511,966,587,568
936: 693,685
937: 832,1054,1099,591
938: 1148,1037,1084,1051
939: 727,1049,630,540
940: 663,903,1162,967,696
941: 909,1193,624,550,929,877
942: 521,790,687,979
943: 1182,1060,976,982,1040
944: 784,1144,856
945: 931,717,1167
946: 1122,683,1071,1152
947: 973,505,1070
948: 627,694,913
949: 884,1051,571,644
950: 878,830,1065,986
951: 533,1121,674
952: 1015,634
953: 657,917,664,721
954: 1051,1084,599,702,884,571
955: 862,1035,746,578,500,1044,1125
956: 867,859
957: 1100,1055,1174,1145,649
958: 517,768,1127,661,980,886
959: 1171,1082
960: 665,1046
961: 1088,1190,1069
962: 509,637,537,1176,1016
963: 519,1032,590,1011,923,572,749
964: 1133,806
965: 1115,1091
966: 1136,511,587,568,935
967: 663,940,696,1072,823,714
968: 785,1048,865,569,1022,805
969: 907,586,1019,1034
970: 813,774
971: 808,575,922,1001,1023,640,1089,652,1188
972: 1198,1128
973: 947,505
974: 701,675
975: 780,871,1132
976: 602,928,1075,724,1182,1060,943
977: 547,787,614,762,653,529
978: 832,1054,539,706,737,1099,591
979: 790,942,687
980: 661,517,958,552
981: 780,717,1132
982: 1075,716,1182,1060,943
983: 1096,560,1039,796
984: 
985: 721,682,580,543,995,642,1015
986: 950,878,830
987: 711,769,1118,915,633,641,708,742
988: 554,891,619,722
989: 792,880,532
990: 1033,835,1038
991: 1165,1161,530,1114,870
992: 741,772,1197,921,839,1110
993: 804,1102
994: 1146,556,788
995: 682,580,543,985,1015
996: 751,1092,553,895,765,1105
997: 639,1045,880
998: 789,1135,900
999: 907
1000: 827,703,504,913
1001: 633,666,849,922,808,971,575,708,640
1002: 759,618
1003: 1154
1004: 664,917
1005: 1105,1123,812
1006: 1036,1085,517,886
1007: 701
1008: 881
1009: 815,1098,906
1010: 1052,874,911,904,513,681,879,524
1011: 590,929,1032,1164,514,566,519,963,923,572
1012: 614,1120,618,829,547
1013: 872,550,582,1032
1014: 1066,913,627,694,616
1015: 985,682,580,543,995,952
1016: 962,537,1176,836
1017: 809
1018: 635
1019: 1034,586,969,605
1020: 674,623
1021: 603,538,930,1073,647,756,1067
1022: 865,968,785
1023: 971,575,1188,504,827
1024: 927,555,1112,539,737,840
1025: 1150,1099,591,738
1026: 707,516
1027: 1095,896,725,1080
1028: 648,811,816
1029: 718,715,521
1030: 506,840,510,738,833,534,1150
1031: 928,527,905,1113,602,1075
1032: 929,1013,590,1011,519,963
1033: 990,835,643
1034: 1019,586,969,907,605
1035: 850,745,862,955,578
1036: 1006,1085,886
1037: 1129,1148,938,1155
1038: 990,835,927,626,1094
1039: 651,855,983,1151
1040: 1060,943,1086
1041: 642
1042: 1165,873,1111,1192,1102
1043: 923,541
1044: 500,746,955,578,1125
1045: 997,880
1046: 665,960,1094,515
1047: 887,776,1092,553,895,765,1083
1048: 968,785,865,569,805
1049: 735,939,727
1050: 879,524
1051: 954,938,1084,702,949,884,571
1052: 1010,874,1158,904,513,879,524
1053: 867,815,599,859,906,702,523
1054: 832,978,539,706,737,1099,591,937
1055: 650,1100,957,1174,1145,649
1056: 564,1169
1057: 861,899,667,857
1058: 1079,912,598
1059: 740
1060: 1182,943,976,982,724,1040
1061: 570
1062: 1138,838,919,732,799,826,858,778,892
1063: 723,733,781
1064: 507,891,619,722,690,918
1065: 688,950
1066: 1014,694,731,720
1067: 1021,756,801,710,632
1068: 799,826,639
1069: 1191,961,503,851,1190,1183
1070: 947,625,611
1071: 1152,1109,683,946
1072: 663,967,696,823,714,866
1073: 647,538,1021
1074: 743,1082,856,1134
1075: 1031,928,976,982,1182
1076: 677,689,1143
1077: 761,576,536,635
1078: 636,828,731,1176,1129
1079: 1058,912,598,868
1080: 1095,1027,749
1081: 
1082: 743,1171,959,1074
1083: 887,1047,765,819
1084: 1148,867,938,1051,954
1085: 1006,1036,517,886
1086: 752,1040
1087: 1119,871,1184,577,1123,812
1088: 961,704,834,844,1190
1089: 640,808,971,708,652
1090: 926,771,680,692
1091: 883,965,697,758
1092: 553,895,776,751,996,1047,765
1093: 
1094: 626,853,1038,665,1046,515,669,502
1095: 1027,896,749,1080
1096: 983,560,796
1097: 728,549,1195
1098: 779,656,518,815,906,1009
1099: 591,539,832,1054,978,738,937,1150,1025
1100: 957,1055,1174,1145,649,567
1101: 545,584,528,678,1117,548
1102: 804,1042,1165,1199,855
1103: 1170
1104: 1196,873,1111,1192
1105: 895,996,1005
1106: 798,1185
1107: 1190,1191,857
1108: 770,1157
1109: 683,1071
1110: 839,1166,741,992,772,1197
1111: 873,1104,1192,1042
1112: 927,626,853,1024,669,840
1113: 527,905,1031,928,602
1114: 855,1161,991,870
1115: 965
1116: 847,608,746,1178,500,1158
1117: 528,678,548,653,529,744,545,1101
1118: 915,845,987,769
1119: 1087,871,1184,577,1123
1120: 614,1012,618,829,547,854,894
1121: 533,951,674
1122: 617,699,1195,739,946
1123: 577,812,1087,1119,1005
1124: 609,670
1125: 955,578,573,500,1044,597,535
1126: 1142,563,725
1127: 768,854,894,653,517,958,886
1128: 1198,848,972
1129: 1078,731,720,1037
1130: 594,890,563
1131: 822,910,659
1132: 780,981,975,525
1133: 806,755,964
1134: 856,1074,784
1135: 998,900,654,791,1189
1136: 734,535,511,966
1137: 558,698,559,1140,870,715
1138: 1062,838,919,732,858,778,807,892
1139: 882
1140: 558,1137,698,559
1141: 621,903,1162
1142: 1126,594,563
1143: 689,709,677,910,1076
1144: 944,784,625
1145: 649,1055,1100,957,1174,567,631
1146: 994,556,788,620
1147: 708,742,748,610,897
1148: 531,1037,938,1084
1149: 716
1150: 1025,1099,591,510,738,1030
1151: 1039,562
1152: 1071,683,946,705
1153: 
1154: 1003,852
1155: 1037
1156: 821,830
1157: 1108,893,908
1158: 1178,1116,874,1052,513
1159: 508,574,825,551
1160: 607
1161: 1165,855,991,1114,870
1162: 1141,903,663,940
1163: 755,1188,504,703
1164: 514,566,929,877,831,590,1011,916,572
1165: 1042,1102,855,1161,991
1166: 1177,741,772,839,1110
1167: 945
1168: 610,897,750,658
1169: 564,1056
1170: 1103,890
1171: 743,1082,959
1172: 526
1173: 542,801,710,632,896,594,563
1174: 650,1055,1100,957,1145,649
1175: 752
1176: 537,509,636,828,1078,962,1016
1177: 1166,772,839
1178: 847,608,864,1116,1158
1179: 748,673,610,897,750
1180: 660
1181: 747,796,562,579
1182: 1060,943,976,1075,982
1183: 503,851,1191,1069
1184: 871,1087,1119
1185: 797,1106,798
1186: 824,921
1187: 
1188: 504,808,971,575,1023,652,755,1163
1189: 1135,900
1190: 1088,961,834,844,1191,1069,899,667,857,1107
1191: 1069,503,1190,1183,857,1107
1192: 1104,1196,873,1111,606,1042,546
1193: 624,934,672,941,872,550
1194: 
1195: 1097,739,617,1122,699,814
1196: 730,1104,873,1192,606
1197: 741,992,772,921,839,1110
1198: 1128,972
1199: 804,1102,855,651
1202: 35,1207,30,5,38,14,1210,19,17,69,1,21,1209,25,71,62,72,1203,1208
1203: 1208,48,1,21,1211,1209,25,35,1207,30,5,1202,71,62,72,29,15,140
1204: 56,82,77,64,44,65,3,6,26,61,9,46,33,83,2,31,74,42,8,1206,13,66,78
1205: 7,68,51,37,83,2,31,42,8,13,66,78,91,41,23,49,92,0,99,22,47,55,85,10,45,88,89,16,63
1206: 31,74,42,8,3,6,26,61,56,1204,82,9,33,83,2,13,66,78,91,41,7,68,51,37,23,49,92,0,22
1207: 35,30,5,1202,38,14,1210,19,17,69,1,21,1211,1209,25,71,62,72,1203,1208,48,29
1208: 1203,48,1,21,1211,35,1207,30,5,1202,71,62,72,29,15,140,199
1209: 1,21,1211,25,23,49,92,0,99,22,38,14,1210,19,17,69,88,89,16,63,35,1207,5,1202,60,70,72,1203,48
1210: 38,14,13,66,43,90,57,20,76,53,23,49,92,0,99,22,19,17,69,88,89,16,63,1,21,1211,1209,25,35,1207,5,1202
1211: 1,21,1209,25,23,49,92,0,22,38,14,1210,19,17,69,88,89,16,63,35,1207,5,60,70,72,1203,1208,48