1183: 1206,1188,110,1158,748,1129,1186,1208,1176,1224,1203
784: 969
1068: 237,1063,1065,1067,117,1038,1069,1088,531,1066,1083,1091,1105,278
1141: 1062,1174,1113,1120,1075,1194,1149,1216,1184,1100,1122,1195,1211
796: 
5: 
949: 442
7: 21
1226: 1202,1144,1177,1182,1161,965,492,1214,1192
1126: 1011,1140,1162,1020,1171,153,1128,1136,1089,1037,598,1212,1166,1007,1139,1134,1219
977: 
11: 244,253
1223: 1217,1222,1225,1210,1148,1213,1190,1177,965
13: 
1113: 1150,1073,1146,1097,1148,1062,1174,1207,1201,1141
15: 29
754: 69
17: 
711: 
19: 334
20: 837
21: 825,7
22: 
699: 
1124: 1181,1221,1204,1186,1159,1132,1187,1218,1131,1208,1176,1224,1200,1227,1228,1203,1153
25: 387
1219: 1126,1011,1140,1162,1166,1007,1139,1134,95
27: 
842: 834,667
29: 15
30: 
740: 134
1188: 1206,1183,110,1158,748,1129,1186,1208,1176,1224,1203
33: 
947: 
35: 
985: 
37: 
38: 
868: 
995: 948
875: 
42: 822
957: 968
44: 
45: 
961: 736
766: 246
814: 63,898,125
968: 957
859: 
929: 
52: 285,345,652,939
905: 205
1160: 1007,1139,1134,1212,1140,1162,1020,1214,95
727: 662
56: 638
811: 200
1122: 1195,1211,1141,492,1075,1194,1149,1216,1184,1155,1158,748,1129,1186,1159
1216: 1075,1194,1149,1184,1100,1141,1120,1122,1195,1211,110,1158,748,1129,1186
792: 
61: 105
839: 
63: 814,898
64: 960
65: 
698: 864
922: 
869: 887
69: 754
837: 20
1153: 1208,1176,1224,1181,1124,1221,1204,1227,1203
1109: 188,1215,1199,1120,410,110
1128: 153,1136,1089,1037,1114,1074,1171,598,1212,1126,1011,1140,1162,1020,1166
799: 
75: 
864: 698
77: 781,208,794
996: 
854: 659
1007: 1160,1139,1134,1126,1011,1140,1162,1020,1166,1219,95
916: 505
1172: 1171,278,1225,1210,1190
1215: 1199,188,1120,410,1109,110
1200: 1227,1228,1159,1132,1187,1218,1131,1181,1124,1221,1204
1181: 1124,1221,1204,1159,1132,1218,1131,1208,1176,1224,1200,1227,1228,1203,1153
86: 582,171
87: 243
794: 77,781
944: 
90: 
1211: 1122,1195,1141,492,1075,1194,1149,1216,1184,1100,1155,1158,748,1129,1186,1159
948: 995
1158: 748,1129,1075,1149,1216,1184,1122,1211,110,1186,1206,1183,1188,1208,1176
1064: 166,1015,117,1038,1069,1088,531
95: 1007,1160,1139,1134,1219,1214
891: 
994: 
98: 345,643
1058: 1098,1137,1073,1146,1096
100: 219
1228: 1200,1227,1132,1187,1218,1131,1181,1124,1221,1204
102: 
872: 
908: 560
105: 61
955: 
1225: 1210,1091,1105,278,1114,1172,1171,1217,1222,1223,1213,1190,1212
906: 
704: 
110: 1215,1199,1120,1075,1194,1149,1216,1184,1100,1109,1158,748,1129,1206,1183,1188
845: 
932: 510
1155: 492,1122,1195,1211,1192,1186,1159,1187,1218,1131
1048: 1078,1027
115: 764
851: 137
117: 1038,1049,166,1064,1015,1028,1030,1069,1088,237,1063,1068,1067
1030: 1028,1049,311,1005,117,1038
119: 
120: 408
121: 236
122: 
123: 
1209: 1066,1083,531,237,1063,1065,1067,275,1091,1105,278,1114,1118
125: 898,814
975: 549
911: 
898: 125,814,63
1224: 1208,1176,1159,1206,1183,1188,1181,1124,1221,1204,1203,1153
1214: 965,1160,1134,1144,1226,95,1192
1075: 1194,1149,1216,1184,1100,1141,1120,1122,1195,1211,110,1158,748,1129,1186
963: 
1186: 1075,1194,1149,1216,1184,1122,1195,1211,1155,1158,748,1129,1159,1206,1183,1188,1176,1124
134: 740
951: 937
1120: 1141,1215,1199,1075,1149,1216,1184,1100,1109,110,748
137: 735,851,650
730: 407
1063: 237,1065,1068,1067,117,1038,1069,1088,531,1066,1083,1209,1091,1105,278
140: 
141: 
986: 
143: 
1078: 700,1009,1048
903: 491
1097: 1146,1096,1098,1073,1148,1062,1174,1150,1113,1207,1201
888: 487,456
148: 548,243
149: 
790: 
151: 646,300
978: 
153: 1128,1136,1089,1037,1114,1118,1074,1171,598,1212,1126,1011,1140,1162,1020
980: 
1151: 1091,1105,1098
156: 
157: 
965: 1161,1217,1222,1223,1213,1190,1212,1177,1182,492,1202,1144,1226,1214
1207: 1201,1146,1097,1148,1217,1222,1150,1113,1177,1182,492
902: 379
161: 
162: 
1027: 1048
1114: 1118,1209,275,278,1074,1225,1171,153,1128,1136,1089,1037
1204: 1181,1124,1221,1159,1132,1187,1218,1131,1208,1176,1224,1200,1227,1228,1203,1153
166: 1064,1015,117,1038,1069,1088,531
820: 
168: 238,682,208
700: 1009,1078
883: 
171: 86,582
746: 213
173: 
1104: 311,1005
940: 
1065: 237,1063,1068,1067,1038,1069,1088,531,1066,1083,1209,1091,1105,278
177: 
923: 
1062: 1174,1137,1073,1146,1097,1096,1150,1113,1141
1053: 1091,1105,278
901: 
182: 298
183: 
992: 
185: 377
870: 
967: 483
188: 1215,1199,410,1109
834: 842,667
976: 
191: 
803: 
1208: 1176,1224,1158,748,1159,1206,1183,1188,1181,1124,1221,1204,1203,1153
809: 884
1192: 492,1144,1226,1214,1155,1132,1187,1218,1131
1203: 1206,1183,1188,1208,1176,1224,1181,1124,1221,1204,1153
962: 926
198: 354,542
199: 211
200: 811
201: 
1073: 1137,1058,1098,1146,1097,1096,1062,1174,1150,1113
953: 
1197: 492,1201,1182
205: 905
206: 
982: 
208: 168,682,77
924: 
210: 
211: 199
990: 
213: 746
214: 
1149: 1075,1194,1216,1184,1100,1141,1120,1122,1195,1211,110,1158,748,1129,1186
1140: 1126,1011,1162,1020,153,1128,1136,1089,1037,598,1212,1166,1007,1160,1139,1134,1219
1098: 1151,1058,1137,1073,1146,1097,1096,1148
914: 467
219: 
1187: 1132,1218,1131,1155,1192,1159,1124,1204,1200,1228
866: 294
925: 
223: 
1100: 1075,1194,1149,1216,1184,1141,1120,1195,1211,110,748,1129
1118: 1114,1209,275,278,1074,1171,153,1136,1089
941: 
227: 605,338
912: 418,412
950: 
943: 402
706: 
232: 
233: 
234: 
703: 
236: 121
237: 1063,1065,1068,1067,117,1038,1069,1088,531,1066,1083,1209,1091,1105,278
238: 168,682
920: 
829: 665
241: 
849: 327
243: 87,148
244: 11,253
971: 
246: 766
247: 652
1105: 1091,237,1063,1065,1068,1067,1066,1083,1209,1151,278,1053,1225,1210
877: 
1129: 1158,748,1075,1194,1149,1216,1184,1100,1122,1195,1211,110,1186,1206,1183,1188,1176
251: 
1148: 1098,1146,1097,1096,1217,1222,1223,1150,1113,1207,1201,1177,1182
253: 11,244
1077: 452
255: 326
942: 
1190: 1213,1225,1210,1172,1171,1217,1222,1223,1212,965
844: 604
259: 
260: 
928: 
690: 
1218: 1132,1187,1131,1155,1192,1159,1181,1124,1221,1204,1200,1227,1228
264: 
909: 
1096: 1146,1097,1058,1098,1137,1073,1148,1062,1174,1150
267: 688
998: 
853: 
270: 629
887: 869
1089: 153,1128,1136,1037,1114,1118,1074,1171,598,1212,1126,1011,1140
915: 
823: 
275: 531,1066,1083,1209,278,1114,1118,1074
959: 
913: 
278: 237,1063,1065,1068,1067,1066,1083,1209,275,1091,1105,1114,1118,1053,1225,1210,1172,1171
892: 756
1144: 1202,1226,1182,1161,965,492,1214,1192
281: 
958: 
764: 115
1038: 117,1049,166,1064,1015,1028,1030,1069,1088,237,1063,1065,1068,1067
285: 345,52
286: 822
723: 
720: 384
960: 64
984: 
952: 
292: 
1107: 
294: 866
1222: 1217,1223,1225,1210,1148,1213,1190,1207,1201,1177,1182,965
999: 
1162: 1126,1011,1140,1020,153,1128,1136,1037,598,1212,1007,1160,1139,1134,1219
298: 182
299: 
300: 151
956: 
1199: 1215,188,1120,410,1109,110
303: 
904: 454
1015: 166,1064,117,1038,1069,1088,531
1066: 1083,1209,1069,1088,531,237,1063,1065,1068,1067,275,1091,1105,278
307: 840
991: 586,525
821: 461
1028: 1030,1049,311,1005,117,1038
311: 1005,1049,1028,1030,1104
312: 
313: 
1201: 1207,1097,1148,1222,1150,1113,1177,1182,492,1197
315: 644
712: 358
989: 
1069: 1088,166,1064,1015,117,1038,531,237,1063,1065,1068,1067,1066,1083
856: 
320: 
825: 697,21
945: 362
323: 325,631
981: 
325: 631,323
326: 255
327: 849
1161: 965,492,1144,1226
1132: 1187,1218,1131,1192,1159,1181,1124,1204,1200,1227,1228
1037: 153,1128,1136,1089,1114,1074,598,1212,1126,1011,1140,1162,1020,1166
331: 
918: 
1184: 1075,1194,1149,1216,1100,1141,1120,1122,1195,1211,110,1158,748,1129,1186
334: 19
697: 825
1020: 1126,1011,1140,1162,153,1128,1136,1037,598,1212,1007,1160,1139,1134
1166: 1128,1037,598,1126,1011,1140,1007,1139,1219
338: 227,605
339: 
840: 307,597
938: 432
966: 
1221: 1181,1124,1204,1159,1218,1131,1208,1176,1224,1200,1227,1228,1203,1153
937: 951
345: 285,52,98,939
921: 
347: 
348: 
349: 425
997: 
806: 
917: 497
836: 
354: 198
355: 
356: 
970: 
358: 712
359: 
360: 
884: 809
362: 945
931: 926
759: 
365: 646
1005: 311,1049,1028,1030,1104
1134: 1007,1160,1139,1126,1140,1162,1020,1219,1214,95
1146: 1097,1096,1058,1098,1137,1073,1148,1062,1174,1150,1113,1207
964: 
815: 
371: 
954: 
1131: 1132,1187,1218,1155,1192,1159,1181,1124,1221,1204,1200,1227,1228
748: 1158,1129,1120,1075,1194,1149,1216,1184,1100,1122,1195,1211,110,1186,1206,1183,1188,1208,1176
710: 
1176: 1208,1224,1158,748,1129,1186,1159,1206,1183,1188,1181,1124,1221,1204,1203,1153
377: 185
1212: 1225,1210,1171,153,1128,1136,1089,1037,1213,1190,1126,1011,1140,1162,1020,965,1160,1139
379: 902
688: 267
969: 784
382: 
1136: 153,1128,1089,1037,1114,1118,1074,1171,598,1212,1126,1011,1140,1162,1020
384: 720
1177: 1182,1148,1217,1222,1223,1213,1207,1201,965,492,1226
935: 
387: 25
1083: 1066,1209,1069,1088,531,237,1063,1065,1068,1067,275,1091,1105,278
974: 570
907: 
391: 
930: 
1210: 1225,1091,1105,278,1172,1171,1217,1222,1223,1213,1190,1212
983: 
1213: 1190,1225,1210,1171,1217,1222,1223,1212,1177,965
396: 
773: 
910: 
936: 494
400: 
401: 
402: 943
403: 
404: 
405: 
406: 
407: 730
408: 120
409: 
410: 188,1215,1199,1109
411: 
412: 912,418
413: 
414: 
415: 
416: 
417: 419
418: 912,412
419: 417
420: 
421: 
422: 
423: 
424: 
425: 349
426: 
427: 
428: 
429: 530
430: 
431: 
432: 938
433: 
434: 
435: 
436: 
437: 
438: 
439: 
440: 
441: 559
442: 949
443: 
444: 576
445: 
446: 
447: 
448: 552
449: 
450: 463,511
451: 
452: 1077
453: 
454: 904
455: 
456: 487,888
457: 
458: 618
459: 599
460: 
461: 821
462: 
463: 450,511
464: 
465: 
466: 
467: 914
468: 474
469: 
470: 
471: 
472: 
473: 555
474: 468
475: 
476: 
477: 
478: 
479: 
480: 
481: 
482: 
483: 967,495
484: 
485: 
486: 
487: 456,888
488: 
489: 
490: 588
491: 903
492: 1197,1207,1201,1177,1182,1161,965,1202,1144,1226,1122,1195,1211,1155,1192
493: 
494: 936
495: 483
496: 
497: 917
498: 
499: 
500: 
501: 
502: 
503: 
504: 
505: 916
506: 586
507: 
508: 
509: 528
510: 932
511: 463,450
512: 580
513: 
514: 
515: 
516: 
517: 
518: 
519: 
520: 
521: 
522: 
523: 563
524: 
525: 991
526: 541
527: 
528: 509
529: 
530: 429,537
531: 166,1064,1015,1069,1088,237,1063,1065,1068,1067,1066,1083,1209,275
532: 
533: 
534: 
535: 557
536: 
537: 530
538: 
539: 
540: 
541: 526
542: 198
543: 979
544: 
545: 
546: 
547: 
548: 148
549: 975
550: 
551: 
552: 448
553: 572
554: 
555: 473
556: 
557: 535
558: 
559: 441
560: 908,564
561: 
562: 
563: 523
564: 560
565: 
566: 
567: 
568: 
569: 
570: 974
571: 
572: 553
573: 
574: 
575: 
576: 444
577: 
578: 
579: 
580: 512
581: 
582: 86,171
583: 
584: 
585: 
586: 991,506
587: 
588: 490
589: 
590: 
591: 
592: 
593: 
594: 
595: 
596: 
597: 840
598: 1074,153,1128,1136,1089,1037,1126,1011,1140,1162,1020,1166
599: 459
927: 
743: 
1174: 1062,1137,1073,1146,1097,1096,1150,1113,1141
988: 
604: 607,844
605: 227,338
832: 
607: 604
1206: 1183,1188,110,1158,748,1129,1186,1208,1176,1224,1203
900: 
1049: 311,1005,1028,1030,117,1038
1009: 700,1078
736: 961
1067: 237,1063,1065,1068,117,1038,1069,1088,531,1066,1083,1209,1091,1105,278
972: 
946: 
973: 
617: 
618: 458
619: 
1150: 1113,1073,1146,1097,1096,1148,1062,1174,1207,1201
1202: 1144,1226,965,492
622: 
623: 
1171: 1172,278,1114,1118,1074,1225,1210,153,1128,1136,1089,1213,1190,1212,1126,1011
625: 
1137: 1073,1058,1098,1146,1096,1062,1174
627: 634
926: 962,931
629: 270
756: 892
631: 325,323
865: 
822: 286,42
634: 627
709: 
1139: 1007,1160,1134,1212,1126,1011,1140,1162,1020,1166,1219,95
781: 77,794
638: 56
639: 
1195: 1122,1211,1141,492,1075,1194,1149,1216,1184,1100,1155,748,1129,1186
1074: 275,1114,1118,1171,153,1128,1136,1089,1037,598
894: 
643: 98
644: 315
735: 137,650
646: 365,151
647: 
885: 
1011: 1126,1140,1162,1020,1171,153,1128,1136,1089,1037,598,1212,1166,1007,1139,1219
650: 735,137
732: 
652: 52,247
1217: 1222,1223,1225,1210,1148,1213,1190,1207,1177,965
654: 
682: 238,168,208
1194: 1075,1149,1216,1184,1100,1141,1122,1195,1211,110,748,1129,1186
987: 
933: 
659: 854
934: 
919: 
662: 727
993: 
939: 345,52
665: 829
1088: 1069,166,1064,1015,117,1038,531,237,1063,1065,1068,1067,1066,1083
667: 834,842
1227: 1200,1228,1132,1218,1131,1181,1124,1221,1204,1153
817: 
1159: 1122,1211,1155,1186,1132,1187,1218,1131,1208,1176,1224,1181,1124,1221,1204,1200
979: 543
672: 
673: 
1091: 1105,237,1063,1065,1068,1067,1066,1083,1209,1151,278,1053,1225,1210
1182: 1177,1148,1222,1207,1201,965,492,1197,1144,1226