1574: 1605
543: 470
1068: 1632,1656,1630,1655,1659,1653,1654,1657,1658,1640,1638,1627,1619,1624
1141: 1100,461,1656,1746,1708,1720
1543: 1349
566: 468
949: 1680,1648,1754,1686,1664
1581: 1562,919
1445: 1530
1701: 1671,1700
977: 995
1519: 1564,1430,1531,1499,1554,1479,1520,1450,1476,157,1588
1373: 1467
1572: 1527
1394: 1379,1415,1365,1419,1557,1345,1317,1346,323,1431
535: 
1939: 2021,502,995
1459: 1525
1509: 1357,1345,1393,1561,1428,1489
583: 
1619: 1640,1638,1627,1644,1624,1646,1632,1068,1731,1521,1655,1659,1653,1657,1636,1645,1639
1376: 1395,1501,1393,1426,1316,1461,1460
900: 
1520: 1495,1554,1479,1519,1531,1450
1337: 1690,596,1565,1585
500: 
520: 
1393: 1346,1426,1316,323,1431,1345,1317,1461,1509,1395,1376,1501
1602: 1532
1623: 1066,1618,1063,1065,1609,1083,1615,1731,1521,1053,1662,492
562: 
509: 
1174: 1062,1785,700,1009
822: 1487
947: 
563: 541
985: 1503,1404
1450: 1554,1479,1520,1519,1564,1430,1531,1476,157,1588
1434: 1512,1454,918,1323
1556: 1576,905
995: 2021,1939,977
551: 
1532: 1602
957: 538
1540: 1499,1571
1687: 1668,1496,1660
961: 
495: 
1456: 1419,1557,1387,487,1379,1415,1365
968: 
1718: 1765,1713,1714,1694
929: 486
939: 
905: 1576,1556
1461: 1346,1393,1426,1316,323,1431,1395,1376,1501
552: 1424,577,1672
572: 
1506: 1478,994
560: 1895,2014
504: 
1479: 1554,1495,1499,1571,1520,1519,1564,1430,1531,1450
61: 1460
539: 
558: 
1527: 1572
1495: 1554,1479,1520
1582: 1569,403
922: 
589: 
1874: 1918,1893,1770,1926,1872
1600: 1789
598: 1834,1860,1804,1841,1870,1730,1863,1807
1202: 1676,1650,1684,1663,1682
1781: 1752,1779,1767,1827
587: 
515: 421
1571: 1540,1499,1554,1479,487,1564
569: 2031,1976,1997,2104,2038,2095,2050,2087,946,2100
996: 534
1823: 1920,1940,1986,1955,1904,1948,1864,1912,1906,1848
1690: 1337,596,1565,1585
916: 
1172: 1136,1635,1617
1605: 1574
591: 
926: 911,2071,2069
1487: 822
1513: 1548
532: 
944: 
582: 
1295: 
948: 
1349: 1543
1064: 1088,415
588: 
1253: 1290,1278
994: 1478,1506
1518: 
1496: 1660,1326,1268,1687,1668
1869: 2026,2007,1069,1620,2084,1063,1609,1083,1615
593: 
1426: 1346,1393,1316,323,1431,1415,1345,1317,1461,1395,1376,1501
544: 
908: 
1606: 1853,1835,1839,1851,1900,1877,1871,1838,1810
955: 
1346: 1393,1426,1316,323,1431,1379,1394,1415,1365,1345,1317,1461,1395
906: 
1635: 153,1617,1172,1136
581: 
498: 471,537
932: 
575: 2059,2027,2057,2004,2033,2039,1977
993: 1740,1798
1646: 1640,1638,1627,1619,1644,1624,1521,1655,1636,1645,1639
531: 507
1395: 1376,1501,1346,1393,1426,1316,323,1431,1461
1428: 1489,1509,1357,1501,1561,1526,482
513: 980
1278: 1290,1253
1387: 1456,1419,1557,487,1379,1365
1316: 1346,1393,1426,323,1431,1345,1317,1461,1395,1376,1501
1671: 1700,853,1677,1701
1458: 1397,573,1514
506: 2034,1947,2005,2082,1937,2058,2101,2053,1973
975: 
911: 926,2071,2069,1773,2070
555: 
597: 
979: 
988: 
963: 
1684: 1202,1243,1161,1676,1650,1663,1682,1686,1664
538: 957
951: 
1348: 1402
536: 
592: 565
1063: 1618,1065,1609,1083,1612,1067,1069,1620,2084,2026,1869,1615,1066,1623
1562: 1581,919
1569: 1582,403
986: 
559: 
586: 1756,1819,1834
903: 
1589: 1732
596: 1337,1690,1565,1585
1670: 1743,1763,1722,1723,1745,1719,1713
557: 
580: 434
537: 498
978: 
153: 1635,1617,1136
980: 513
1974: 1921,1986,1955
568: 2097,2066,1985,2098,2088,2078,2067,2051,2083,2106
157: 1476,1588,1519,1564,1430,1531,1450,1379
965: 
1860: 1834,1804,1841,1870,1730,598
902: 
556: 
1503: 985,1404
1430: 1519,1564,1531,1554,1479,1450,1476,157,1588
541: 563
594: 
166: 1015
1708: 1656,1746,1630,1655,1653,1654,1657,1658,1100,1141
507: 1863,1807,531
700: 1009,1062,1174
1528: 1592
519: 
550: 
1547: 1580,1536,1502
574: 1477,1341
940: 585
1065: 1618,1063,1609,1083,1612,1067,1069,1620,2084,2026,1615,1731,1521,1066,1623
1837: 1783
923: 
1062: 1174,1785,700,1009
1053: 1066,1623,492
901: 
501: 
1588: 1476,157,1519,1564,1430,1531,1450
992: 
1290: 1278,1253
534: 1836,1766,996
967: 405
573: 1397,1458
547: 
976: 
919: 1581,1562
1415: 1379,1394,1365,1456,1419,1557,1345,1317,1346,1426,323,1431
1565: 1585,1337,1690,596
590: 2015,1972,2003,1987,1963,1942,1998
1625: 237,1868,1990,1933,1914,945,1633,1629,927
1514: 1397,1458,1474
962: 1697,1787,1695,1721
927: 237,1625,1879,1938,1915,1934,514,1858,1820
1578: 1388
584: 
934: 
1531: 1519,1564,1430,1554,1479,1520,1450,1476,157,1588
953: 
1197: 1686,1664
973: 
517: 
982: 
1357: 1509,1345,1317,1561,1428,1489
924: 1184,1149
1891: 1793
1424: 552,1672
990: 
578: 
1341: 1477,574
1149: 1184,924
1388: 1578
1502: 1536,1547,1580,448
914: 
1419: 1456,1557,1387,1379,1394,1415,1365
1693: 1707,1725,1698,1720,1754,1703,1722,1723,1745
1607: 232
925: 974
1521: 1731,1618,1065,1066,1623,1627,1619,1644,1646,1636,1645
1100: 1141,461,1656,1746,1708,1720
1489: 1428,1509,1357,1561,1460,1526,482
941: 479,958
1659: 1630,1655,1653,1654,1657,1658,1632,1068,1656,1746,1640,1638,1627,1619,1624,1639
912: 
950: 
943: 
1443: 448,1598,959,456
232: 1607
1742: 
1551: 1414,445
1404: 1503,985
579: 
237: 1625,1868,1990,1933,1914,945,1633,1629,927
508: 
920: 
1379: 1394,1415,1365,1456,1419,1557,1387,1476,157,1345,1317,1346,323,1431
599: 
1580: 1547,1536,1502
514: 927,1915,1934,1858,1820
1476: 157,1588,1519,1564,1430,1531,1450,1379,1365
971: 
972: 554
1557: 1456,1419,1387,1379,1394,1415,1365
1583: 1603,1825,917,516
1585: 1565,1337,1690,596
1402: 1348
1576: 1556,905
1345: 1317,1379,1394,1415,1365,1346,1393,1426,1316,323,1431,1509,1357
1526: 482,1561,1428,1489
1512: 1434,1454,918,1323
512: 
942: 
571: 
1478: 1506,994
1501: 1395,1376,1393,1426,1316,323,1461,1428,1460
1563: 
928: 
1499: 1540,1571,1554,1479,487,1519,1564
567: 
528: 
909: 
1467: 1373
524: 2057,2004,2033,1922,1919
998: 
853: 1677,1671,1700
585: 940
523: 
1525: 1459
915: 
1009: 700,1062,1174
533: 503
959: 1443,1598
913: 
530: 
496: 
1088: 1064,415
522: 
958: 941,479
553: 
1474: 1514
1365: 1379,1394,1415,1456,1419,1557,1387,1476,1345,1317,1346,1431
1530: 1445
510: 
542: 
960: 452
984: 
952: 
595: 
1561: 1509,1357,1428,1489,1526,482
505: 
521: 1592
999: 
1795: 1776,1960,1717,1796,1736,1751,1756,1819
518: 
1680: 949,1648,1686,1664
502: 2021,1939
956: 
1414: 1551,445
933: 1988,1791
904: 
1015: 166
1066: 1623,1618,1063,1065,1609,1083,1615,1731,1521,1053,1662,492
549: 
991: 1984,1855
1268: 1326,1496,1660
1454: 1434,1512,1323
311: 1005
554: 972
497: 983
1536: 1502,1547,1580,448
548: 1590,1601
526: 
989: 
1069: 1620,2084,1612,1067,2026,1869,1618,1063,1065,1609,1083,1615
1601: 1590,548
545: 
576: 
945: 237,1625,1633,1629
323: 1346,1393,1426,1316,1431,1379,1394,1415,1345,1317,1461,1395,1501
981: 1970,1788,1760,1797,1863,1807
946: 2100,2031,1976,569,2095,2019,2050,2087,1992,2073
516: 1603,1583
1637: 
1161: 1676,1650,1684,1663,1682
570: 
1985: 2097,2066,2098,2002,2043,2086,2074,2042,1950,2088,2078,2067,568
1592: 521,1528
918: 1434,1512
1184: 1149,924
1714: 1694,1718,1765,1713
1323: 1454,1434,1512
1686: 1197,1664,1680,949,1648,1676,1650,1684,1663
1243: 1676,1650,1684,1663,1682
499: 
1460: 1376,1501,1489,61
1732: 1589
938: 
966: 2072,1945,2035,2096,2050,2087,444
1700: 1671,853,1677,1701
937: 
1477: 1341,574
921: 
1698: 1707,1693,1725,1720,1754,1703,1722,1723,1745
1326: 1268,1496,1660
540: 
997: 
503: 533
917: 1603,1583
1766: 1836,534
1537: 1558
546: 
1067: 1612,1069,1620,2084,1618,1063,1065,1609,1083
970: 
1603: 1583,1825,917,516
1733: 
1668: 1687,1496,1660
1719: 1763,1670
1431: 1346,1393,1426,1316,323,1379,1394,1415,1365,1345,1317,1461,1395
931: 
565: 592
529: 
1005: 311
561: 
1624: 1640,1638,1627,1619,1644,1646,1632,1068,1630,1655,1659,1653,1654,1657,1658,1636,1645,1639
964: 
2033: 2057,2004,2059,575,2039,1977,524
1317: 1345,1379,1394,1415,1365,1346,1393,1426,1316,323,1431,1357
954: 
1575: 1642,1641,1643
1590: 1601,548
2104: 2103,2038,2105,1989,2077,2016,2055,1997,2080,1982,2054,2093,2099,2031,1976,569,2095,2019,1983
1558: 1537
1548: 1513
564: 
511: 
1788: 1970,981,1797,1863,1807
969: 
527: 
1136: 1172,153,1635,1617,1651
1554: 1479,1495,1499,1571,1520,1519,1564,1430,1531,1450
987: 475
935: 
1397: 1458,573,1514
1083: 1618,1063,1065,1609,1612,1067,1069,1620,2084,2026,1869,1615,1066,1623
974: 925
907: 
1598: 1443,448,959,456
930: 452
577: 552
983: 497
525: 409,1978,1818,1778
1984: 1855,991
1564: 1519,1430,1531,1499,1571,1554,1479,1450,1476,157,1588
910: 
936: 
400: 
401: 
402: 
403: 1582,1569
404: 
405: 967
406: 
407: 
408: 
409: 2039,2008,2006,2068,525
410: 
411: 
412: 
413: 
414: 429
415: 1064,1088
416: 
417: 
418: 
419: 
420: 
421: 515
422: 
423: 
424: 
425: 431
426: 
427: 
428: 
429: 414
430: 
431: 425
432: 
433: 
434: 580
435: 
436: 
437: 
438: 
439: 
440: 
441: 
442: 1772,1802,1729,1846
443: 
444: 2035,2096,966,2072,1945
445: 1414,1551
446: 
447: 
448: 1443,1598,1536,1502
449: 
450: 
451: 
452: 930,960
453: 
454: 
455: 
456: 1443,1598
457: 
458: 
459: 
460: 
461: 1100,1141
462: 
463: 
464: 
465: 
466: 
467: 
468: 566
469: 
470: 543
471: 498
472: 
473: 
474: 
475: 987
476: 
477: 
478: 2007
479: 941,958
480: 
481: 
482: 1526,1561,1428,1489
483: 
484: 
485: 
486: 929
487: 1499,1571,1456,1387
488: 
489: 
490: 2046
491: 
492: 1662,1066,1623,1053,1651
493: 
494: 
1609: 1618,1063,1065,1083,1612,1067,1069,1620,2084,2026,1869,1615,1066,1623
1699: 
1676: 1202,1243,1161,1650,1684,1663,1682,1686,1664
1612: 1067,1069,1620,2084,1618,1063,1065,1609,1083
1721: 1695,962
1672: 552,1424
1615: 1069,1620,2084,2026,1869,1618,1063,1065,1609,1083,1066,1623
1729: 1846,1772,1802,442
1617: 153,1635,1172,1136
1618: 1063,1065,1609,1083,1612,1067,1069,1620,2084,2026,1615,1731,1521,1066,1623
1620: 1069,2084,1612,1067,2026,1869,1618,1063,1065,1609,1083,1615
1627: 1640,1638,1619,1644,1624,1646,1632,1068,1731,1521,1655,1659,1653,1657,1636,1645,1639
1636: 1645,1731,1521,1640,1638,1627,1619,1644,1624,1646,1639
1629: 1633,945,237,1625
1630: 1655,1659,1653,1654,1657,1658,1632,1068,1656,1746,1708,1640,1638,1624,1639
1631: 1634,1688
1632: 1068,1656,1630,1655,1659,1653,1654,1657,1658,1640,1638,1627,1619,1624
1633: 1629,945,237,1625
1634: 1631,1688
1638: 1640,1627,1619,1644,1624,1646,1632,1068,1630,1655,1659,1653,1654,1657,1658,1636,1645,1639
1639: 1630,1655,1659,1653,1654,1657,1658,1640,1638,1627,1619,1644,1624,1646,1636,1645
1640: 1638,1627,1619,1644,1624,1646,1632,1068,1630,1655,1659,1653,1654,1657,1658,1636,1645,1639
1641: 1643,1575,1642
1642: 1575,1641,1643
1643: 1641,1575,1642
1644: 1640,1638,1627,1619,1624,1646,1731,1521,1655,1636,1645,1639
1645: 1636,1731,1521,1640,1638,1627,1619,1644,1624,1646,1639
1685: 1692
1648: 1680,949,1686,1664
1696: 1679
1650: 1202,1243,1161,1676,1684,1663,1682,1686,1664
1651: 1662,492,1136
1677: 853,1671,1700
1653: 1630,1655,1659,1654,1657,1658,1632,1068,1656,1746,1708,1640,1638,1627,1619,1624,1639
1654: 1630,1655,1659,1653,1657,1658,1632,1068,1656,1746,1708,1640,1638,1624,1639
1655: 1630,1659,1653,1654,1657,1658,1632,1068,1656,1746,1708,1640,1638,1627,1619,1644,1624,1646,1639
1656: 1746,1708,1632,1068,1630,1655,1659,1653,1654,1657,1658,1100,1141
1657: 1630,1655,1659,1653,1654,1658,1632,1068,1656,1746,1708,1640,1638,1627,1619,1624,1639
1658: 1630,1655,1659,1653,1654,1657,1632,1068,1656,1746,1708,1640,1638,1624,1639
1660: 1496,1326,1268,1687,1668
1720: 1100,1141,1703,1707,1693,1725,1698
1662: 492,1066,1623,1651
1663: 1202,1243,1161,1676,1650,1684,1682,1686,1664
1664: 1197,1686,1680,949,1648,1676,1650,1684,1663,1682
1665: 1702
1679: 1696
1682: 1202,1243,1161,1676,1650,1684,1663,1664
1689: 1817
1688: 1631,1634
1797: 1760,1970,981,1788
1692: 1685
1694: 1714,1718,1765,1713
1695: 1721,962
1697: 1787,962
1702: 1665
1703: 1720,1707,1693,1725,1698,1723
1982: 2080,2054,2093,2099,1989,2077,2016,2055,2040,2024,2103,2104,2038,2105,2064,2049,1961,2062,2095,2019,1983,2037,2092
1767: 1752,1779,1781,1827,1736,1751
1842: 1903,1871,1838,1835
1707: 1693,1725,1698,1720,1754,1703,1722,1723,1745
1731: 1521,1618,1065,1066,1623,1627,1619,1644,1636,1645
1730: 1841,1870,1834,1860,1804,598
1926: 1951,1893,1874,1946,1899
1713: 1718,1765,1743,1670,1714,1694
1717: 1796,1769,1771,1810,1736,1751,1776,1795
1722: 1707,1693,1698,1723,1745,1743,1670
1723: 1745,1703,1707,1693,1725,1698,1722,1743,1670
1725: 1707,1693,1698,1720,1754,1703,1723
1841: 1870,1730,1834,1860,1804,598,1863,1807
1728: 1792
1807: 1863,1841,1870,598,1970,981,1788,507
1772: 1802,442,1729,1846
1736: 1751,1769,1771,1779,1767,1717,1796,1795
1737: 1888
1830: 1907,1882,1884,1872,1839,1871,1838,1903
1765: 1718,1713,1714,1694
1740: 1798,993
1743: 1670,1722,1723,1745,1713
1778: 525,1847
1745: 1723,1707,1693,1698,1722,1743,1670
1746: 1656,1708,1630,1655,1659,1653,1654,1657,1658,1100,1141
1796: 1717,1769,1771,1810,1736,1751,1776,1960,1795
1858: 1820,927,1915,1934,514,1856
1918: 1874,1770
1750: 1875
1751: 1736,1769,1771,1779,1767,1717,1796,1795
1752: 1779,1767,1781,1827,1836
1801: 
1754: 1707,1693,1725,1698,949
1937: 2082,2005,2058,2101,2034,1947,506
1756: 1819,1859,1776,1960,1795,586
1835: 1853,1606,1839,1851,1900,1871,1838,1903,1842,1810
1760: 1797,1970,981
1917: 1843,1906,1848,1904,1920,1948,1864,1887,1912,1922,1919,1890,1910,1905,1880
1763: 1719,1670
1825: 1953,1603,1583
1768: 1832
1769: 1771,1810,1717,1796,1736,1751
1770: 1918,1874,1872,1839
1771: 1769,1810,1717,1796,1736,1751
1773: 2071,2069,2070,1790,911
1775: 1898
1776: 1960,1795,1717,1796,1756,1819
1779: 1752,1767,1781,1827,1736,1751
1945: 966,2072,2035,2096,2087,444
1783: 1837
1785: 1928,1062,1174
2046: 490,2060,1994,2076,1902,2044,2094,2028
1787: 1697,962
1789: 1600
1790: 1773,2070
1791: 1988,933
1792: 1728
1793: 1891
1798: 1740,993
2076: 2060,1994,2040,2024,2046,2064,2049,1902,2044,2094,2063,2012,2102,2032,2047,2089,2091,2045,2075,2090
1802: 1772,442,1729,1846
1803: 1876,1844,1877,1827
1804: 1834,1860,1841,1870,1730,598
1890: 1922,1919,1910,1920,1948,1864,1843,1917,1906,1848,1880
2080: 1982,2054,2093,2099,1989,2077,2016,2055,2040,2024,2103,2104,2038,2105,2064,2049,1961,2062,2095,2019,1983,2037,2065,2063,2011,2092
1867: 1904,1913,1887,1912
1810: 1769,1771,1853,1606,1835,1717,1796
1811: 
1844: 1876,1803,1900,1877,1827
1973: 2058,2101,2034,1947,506,2006,2068,2053
1817: 1689
1818: 1978,525
1819: 1756,1859,1776,1960,1795,586
1820: 1858,927,1915,1934,514,1856
1938: 1879,1933,1914,1907,927,1915,1934
1919: 1922,1890,1910,1920,1940,1948,1864,1843,1917,1906,1848,524
1859: 1856,1756,1819
1827: 1876,1803,1844,1752,1779,1767,1781
1988: 1791,933
2042: 2086,2074,2089,2045,2002,2043,2030,1966,2097,2066,1985,2098,1950,2088,2078,2067
1832: 1768
1880: 1887,1912,1843,1917,1906,1848,1890,1910,1905,1851,1900
1834: 1860,1804,586,1841,1870,1730,598
1836: 1766,1752,534
1838: 1871,1839,1907,1830,1882,1884,1853,1606,1835,1903,1842
1839: 1770,1872,1851,1907,1830,1882,1884,1871,1838,1853,1606,1835
1851: 1905,1880,1839,1900,1877,1853,1606,1835
1843: 1917,1906,1848,1904,1920,1948,1887,1912,1922,1919,1890,1910,1905,1880
1936: 1967,2035,2096
1846: 1729,1772,1802,442
1847: 1778
1848: 1843,1917,1906,1904,1920,1940,1823,1948,1864,1887,1912,1922,1919,1890,1910,1905,1880
1990: 1868,1951,1933,1914,237,1625
1853: 1606,1835,1839,1851,1900,1877,1871,1838,1810
1855: 1984,991
1856: 1858,1820,1859
1920: 1940,1823,1986,1955,1904,1948,1864,1887,1912,1843,1917,1906,1848,1922,1919,1890,1910
1863: 1807,1841,1870,598,1970,981,1788,507
1864: 1948,1986,1955,1920,1940,1823,1917,1906,1848,1922,1919,1890,1910
1899: 1946,1893,1951,1926
1987: 2003,2052,2036,1995,2015,1972,2061,590,1998,2020,1999,2018
1868: 1990,1951,1933,1914,237,1625
1870: 1841,1730,1834,1860,1804,598,1863,1807
1871: 1838,1839,1907,1830,1882,1884,1853,1606,1835,1903,1842
1872: 1874,1770,1839,1830,1882,1884
2002: 2043,1902,2044,2094,2028,2047,2089,2091,2045,2075,2090,2030,1966,2086,2074,2042,2097,2066,1985,2098
1875: 1750
1876: 1803,1844,1900,1877,1827
1877: 1900,1851,1876,1803,1844,1853,1606
1879: 1938,1933,1914,1907,1884,927,1915,1934
1882: 1907,1830,1884,1872,1839,1871,1838,1903
1883: 1991,1886,1979
1884: 1907,1830,1882,1872,1839,1871,1838,1879,1903
1886: 1991,1992,1883,1979,1941
1887: 1912,1867,1904,1920,1940,1913,1843,1917,1906,1848,1905,1880
1888: 1737,1953
1951: 1926,1893,1946,1899,1868,1990,1933,1914
1893: 1874,1946,1899,1951,1926
1894: 
1895: 2014,560
1948: 1864,1986,1955,1920,1940,1823,1843,1917,1906,1848,1922,1919,1890,1910
1970: 981,1788,1760,1797,1863,1807
1898: 1775
1900: 1877,1905,1880,1851,1876,1844,1853,1606,1835
1902: 2044,2094,2046,2060,1994,2076,2028,2012,2102,2032,2047,2089,2091,2045,2075,2090,2002,2043
1903: 1842,1907,1830,1882,1884,1871,1838,1835
1904: 1867,1920,1940,1823,1913,1887,1912,1843,1917,1906,1848
1905: 1887,1912,1843,1917,1906,1848,1880,1851,1900
1906: 1843,1917,1848,1904,1920,1940,1823,1948,1864,1887,1912,1922,1919,1890,1910,1905,1880
1907: 1830,1882,1884,1839,1871,1838,1879,1938,1903
2032: 2012,2102,2064,2049,1961,2062,2060,1994,2076,1902,2044,2094,2065,2063,2011,2092,2047,2091,2045,2075,2090,2052,2029,2036,1995,2030,1966
1910: 1922,1919,1890,1920,1948,1864,1843,1917,1906,1848,1880
2064: 2049,1961,2062,2016,2055,2040,2024,2080,1982,2054,2093,2099,2060,1994,2076,1983,2037,2065,2063,2011,2092,2012,2102,2032
1912: 1887,1867,1904,1920,1940,1823,1913,1843,1917,1906,1848,1905,1880
1913: 1867,1904,1887,1912
1914: 1933,1951,1868,1990,237,1625,1879,1938
1915: 1934,1879,1938,927,514,1858,1820
2086: 2074,2042,2089,2091,2045,2075,2090,2002,2043,2030,1966,2097,2066,1985,2098,1950,2088,2078,2067
1921: 1974,1942,1986,1955
1922: 1919,1890,1910,1920,1948,1864,1843,1917,1906,1848,524
2034: 1947,506,2005,2082,1937,2058,2101,2006,2068,2053,1973
1989: 2077,2016,2055,1997,2103,2104,2038,2105,2080,1982,2054,2093,2099
1950: 2030,1966,2086,2074,2042,2097,2066,1985,2098,2061,2088,2078,2067,2018,2051,2083
2061: 2030,1966,2003,1987,1950,2020,1999,2018
1928: 1785
1972: 2015,2052,2029,2036,1995,2003,1987,1963,590
2058: 2101,1931,2005,1937,2034,1947,506,2008,2006,2068,2053,1973
1931: 2051,2083,2106,2005,2058
2031: 1976,569,1997,2103,2104,2038,2105,2095,2019,2050,2087,946,2100
1933: 1914,1951,1868,1990,237,1625,1879,1938
1934: 1915,1879,1938,927,514,1858,1820
2090: 2047,2089,2091,2045,2075,2060,2076,1902,2044,2094,2028,2012,2102,2032,2002,2043,2036,1995,2030,1966,2086,2074
1940: 1920,1823,1986,1955,1904,1948,1864,1887,1912,1906,1848,1919
1941: 1965,1886,1963,1942
1942: 1963,2015,590,1941,1965,1921
1995: 2036,2012,2102,2032,2047,2075,2090,2052,2029,2030,1966,2015,1972,2003,1987
1944: 2095,2019,1983,2037,2065,2011,2092,2052,2029,2073
1946: 1899,1893,1951,1926
1947: 2034,506,2082,1937,2058,2101,2006,2068,2053,1973
1953: 1888,1825
2100: 946,2031,1976,569,2050,2087,1992,2073
1955: 1986,1974,1921,1920,1940,1823,1948,1864
2012: 2102,2032,2064,2049,1961,2062,2060,1994,2076,1902,2044,2094,2065,2063,2011,2092,2047,2091,2045,2075,2090,2029,2036,1995
1983: 2037,2103,2104,2038,2105,2080,1982,2054,2093,2099,2064,2049,1961,2062,2095,2019,2065,2063,2011,2092,1944,2052,2029
1960: 1776,1795,1796,1756,1819
1961: 2064,2049,2062,2016,2055,2040,2024,2080,1982,2054,2093,2099,2060,1994,1983,2037,2065,2063,2011,2092,2012,2102,2032
1997: 1989,2077,2103,2104,2038,2105,2031,1976,569,2095,2019
1963: 1942,2015,1972,590,1941
1986: 1955,1974,1921,1920,1940,1823,1948,1864
1965: 1941,1942
1966: 2030,2032,2047,2089,2091,2045,2075,2090,2002,2043,2036,1995,2086,2074,2042,2061,1950
1967: 1936,2035,2096
1976: 2031,569,1997,2103,2104,2038,2105,2095,2019,2050,2087,946,2100
1977: 2039,2059,575,2057,2004,2033,2008
1978: 525,1818
1979: 1883,1991,1886
1991: 1886,1992,1883,1979
1992: 2050,2087,946,2100,2073,1991,1886
2020: 1999,2018,2003,1987,2061,1998,2027
1994: 2060,2076,2040,2024,2046,2064,2049,1961,2062,1902,2044,2094,2065,2063,2011,2092,2012,2102,2032,2047,2089,2091,2045,2075
1998: 2003,1987,590,2020,1999,2018,2027
1999: 2020,2018,2003,1987,2061,1998,2027
2055: 2016,1989,2077,2040,2024,2103,2104,2038,2105,2080,1982,2054,2093,2099,2064,2049,1961,2062
2030: 1966,2032,2047,2089,2091,2045,2075,2090,2002,2043,2036,1995,2086,2074,2042,2061,1950
2003: 1987,2052,2029,2036,1995,2015,1972,2061,590,1998,2020,1999,2018
2004: 2057,2033,2059,575,2039,1977,524
2005: 2051,2083,2106,1931,2082,1937,2058,2101,2034,506
2006: 2068,2053,2058,2101,2034,1947,2008,1973,409
2007: 478,2026,1869
2008: 2058,2039,1977,2006,2068,2053,409
2105: 2103,2104,2038,1989,2077,2016,2055,1997,2080,1982,2054,2093,2099,2031,1976,2095,2019,1983,2037
2026: 1869,2007,1069,1620,2084,1618,1063,1065,1609,1083,1615
2011: 2065,2063,2092,2080,2054,2093,2064,2049,1961,2062,2060,1994,1983,2037,2012,2102,2032,1944,2052,2029
2083: 2051,1950,2088,2078,2067,568,2106,1931,2005
2014: 1895,560
2015: 1972,2052,2029,2036,1995,2003,1987,1963,1942,590
2016: 2055,1989,2077,2040,2024,2103,2104,2038,2105,2080,1982,2054,2093,2099,2064,2049,1961,2062
2018: 2020,1999,2003,1987,2061,1950,1998,2027
2019: 2095,1997,2103,2104,2038,2105,2080,1982,2054,2093,2099,2031,1976,1983,2037,946,1944
2021: 1939,502,995
2057: 2004,2033,2059,575,2039,1977,524
2084: 1069,1620,1612,1067,2026,1869,1618,1063,1065,1609,1083,1615
2024: 2040,2016,2055,2080,1982,2054,2093,2099,2064,2049,1961,2062,2060,1994,2076
2027: 1998,2020,1999,2018,575
2028: 2046,1902,2044,2094,2047,2089,2091,2045,2075,2090,2002,2043
2029: 2052,1983,2037,2065,2063,2011,2092,2012,2102,2032,1944,2036,1995,2015,1972,2003
2035: 2096,966,2072,1945,1967,1936,444
2036: 1995,2012,2102,2032,2047,2075,2090,2052,2029,2030,1966,2015,1972,2003,1987
2037: 1983,2103,2105,2080,1982,2054,2093,2099,2064,2049,1961,2062,2095,2019,2065,2063,2011,2092,1944,2029
2038: 2103,2104,2105,1989,2077,2016,2055,1997,2080,1982,2054,2093,2099,2031,1976,569,2095,2019,1983
2039: 1977,2059,575,2057,2004,2033,2008,409
2040: 2024,2016,2055,2080,1982,2054,2093,2099,2064,2049,1961,2062,2060,1994,2076
2106: 2088,2078,568,2051,2083,1931,2005
2043: 2002,1902,2044,2094,2028,2047,2089,2091,2045,2075,2090,2030,1966,2086,2074,2042,2097,2066,1985,2098
2044: 1902,2094,2046,2060,1994,2076,2028,2012,2102,2032,2047,2089,2091,2045,2075,2090,2002,2043
2045: 2047,2089,2091,2075,2090,2060,1994,2076,1902,2044,2094,2028,2012,2102,2032,2002,2043,2030,1966,2086,2074,2042
2047: 2089,2091,2045,2075,2090,2060,1994,2076,1902,2044,2094,2028,2012,2102,2032,2002,2043,2036,1995,2030,1966
2082: 1937,2005,2101,2034,1947,506
2049: 2064,1961,2062,2016,2055,2040,2024,2080,1982,2054,2093,2099,2060,1994,2076,1983,2037,2065,2063,2011,2092,2012,2102,2032
2050: 2087,2031,1976,569,966,946,2100,1992
2051: 2083,1950,2088,2078,2067,568,2106,1931,2005
2052: 2029,1983,2065,2011,2032,1944,2036,1995,2015,1972,2003,1987
2053: 2006,2068,2058,2101,2034,1947,506,2008,1973
2054: 2080,1982,2093,2099,1989,2077,2016,2055,2040,2024,2103,2104,2038,2105,2064,2049,1961,2062,2095,2019,1983,2037,2065,2063,2011,2092
2059: 575,2057,2004,2033,2039,1977
2060: 1994,2076,2040,2024,2046,2064,2049,1961,2062,1902,2044,2094,2065,2063,2011,2092,2012,2102,2032,2047,2089,2091,2045,2075,2090
2062: 2064,2049,1961,2016,2055,2040,2024,2080,1982,2054,2093,2099,2060,1994,1983,2037,2065,2063,2011,2092,2012,2102,2032
2063: 2065,2011,2092,2080,2054,2093,2064,2049,1961,2062,2060,1994,2076,1983,2037,2012,2102,2032,2029
2065: 2063,2011,2092,2080,2054,2093,2064,2049,1961,2062,2060,1994,1983,2037,2012,2102,2032,1944,2052,2029
2066: 2097,1985,2098,2002,2043,2086,2074,2042,1950,2088,2078,2067,568
2067: 2088,2078,2086,2074,2042,2097,2066,1985,2098,1950,568,2051,2083
2068: 2006,2053,2058,2101,2034,1947,2008,1973,409
2069: 2071,1773,2070,911,926
2070: 2071,2069,1773,1790,911
2071: 2069,1773,2070,911,926
2072: 966,1945,2035,2096,2087,444
2073: 946,2100,1944,1992
2074: 2086,2042,2089,2091,2045,2075,2090,2002,2043,2030,1966,2097,2066,1985,2098,1950,2088,2078,2067
2075: 2047,2089,2091,2045,2090,2060,1994,2076,1902,2044,2094,2028,2012,2102,2032,2002,2043,2036,1995,2030,1966,2086,2074
2077: 1989,2016,2055,1997,2103,2104,2038,2105,2080,1982,2054,2093,2099
2078: 2088,2067,2086,2074,2042,2097,2066,1985,2098,1950,568,2051,2083,2106
2103: 2104,2038,2105,1989,2077,2016,2055,1997,2080,1982,2054,2093,2099,2031,1976,2095,2019,1983,2037
2087: 2050,2031,1976,569,966,2072,1945,946,2100,1992
2088: 2078,2067,2086,2074,2042,2097,2066,1985,2098,1950,568,2051,2083,2106
2089: 2047,2091,2045,2075,2090,2060,1994,2076,1902,2044,2094,2028,2102,2002,2043,2030,1966,2086,2074,2042
2091: 2047,2089,2045,2075,2090,2060,1994,2076,1902,2044,2094,2028,2012,2102,2032,2002,2043,2030,1966,2086,2074
2092: 2065,2063,2011,2080,1982,2054,2093,2099,2064,2049,1961,2062,2060,1994,1983,2037,2012,2102,2032,1944,2029
2093: 2080,1982,2054,2099,1989,2077,2016,2055,2040,2024,2103,2104,2038,2105,2064,2049,1961,2062,2095,2019,1983,2037,2065,2063,2011,2092
2094: 1902,2044,2046,2060,1994,2076,2028,2012,2102,2032,2047,2089,2091,2045,2075,2090,2002,2043
2095: 2019,1997,2103,2104,2038,2105,2080,1982,2054,2093,2099,2031,1976,569,1983,2037,946,1944
2096: 2035,966,2072,1945,1967,1936,444
2097: 2066,1985,2098,2002,2043,2086,2074,2042,1950,2088,2078,2067,568
2098: 2097,2066,1985,2002,2043,2086,2074,2042,1950,2088,2078,2067,568
2099: 2080,1982,2054,2093,1989,2077,2016,2055,2040,2024,2103,2104,2038,2105,2064,2049,1961,2062,2095,2019,1983,2037,2092
2101: 2058,2005,2082,1937,2034,1947,506,2006,2068,2053,1973
2102: 2012,2032,2064,2049,1961,2062,2060,1994,2076,1902,2044,2094,2065,2063,2011,2092,2047,2089,2091,2045,2075,2090,2029,2036,1995