1574: 1605
543: 
1068: 1632,1521,1731,1656,1630,1655,1659,1653,1654,1657,1658,1640,1638,1627,1619,1624
1141: 1100,1656,1149
1543: 1349,904
566: 468
949: 1640,1638,1627,1619,1644,1624,1636,1651,1645,1662,1639,1646,1664,1686,1746,1754,1680,1648
1581: 1562,903
1445: 1530,1585,1565
1701: 1671,1700
977: 
1519: 1564,1531,1467,1373,1450,1479,1554,1476,1430,994,1478,1506
1373: 1467,1536,1502,1519,1564,1531,1450,1554
1572: 1527,986
1394: 1379,1415,1365,985,1345,1317,1346,1426,1316,323,1431
535: 599
754: 69
1459: 1387,1456,1557,1419,1525
1509: 1357,1345,1428,1489
583: 
1619: 1640,1638,1627,1644,1624,1632,1068,1655,1659,1657,1636,1651,1645,1662,1639,1646,949
1376: 1501,1478,1506
900: 
1520: 1495,1268,1326,1637,1672,1537,1424
1337: 1690,1702,1665,1679,1696
500: 
520: 
1393: 1346,1426,1316,323,1431,1415,1345,1317,1461,1395
1602: 1532,1341
1623: 1066,1618,1063,1065,1609,1083,1615,1053,1662,492
562: 
509: 
1174: 1062,1615,1053,492,1172,153,1617,1635,1136
822: 1487,1561
947: 
563: 
985: 1476,1430,994,1379,1394,1415,1365
1450: 1479,1554,1467,1373,1519,1564,1531,1476,1430,1478,1506
1434: 1512
1556: 1576
995: 569
551: 
1532: 1602,1341
957: 
1540: 1499,1571
1687: 1668,1682
961: 1601,1590
495: 
1456: 1387,952,1503,1404,1459
968: 
1718: 1733,1765,1713,1773,1689,1694,1714,1697,577
929: 944
939: 
905: 
1461: 1346,1393,1426,1316,323,1431,1395
552: 1537,1558
572: 
1506: 1478,1519,1564,1450,1476,1430,994,1501,1376
560: 
504: 
1479: 1450,1554,1519,1564,1531,1478
61: 1460,1399
539: 
558: 980
1527: 1572,986
1495: 1520,1268,1326,1637,1672,1537,1424
1582: 1569,591
922: 
589: 
69: 754
1600: 1747
598: 586
1202: 
1781: 1752,525,534,1738,1762,1779,1716,1767,1782,1784,1759,1766,1724
587: 
515: 
1571: 1499,1540,487
569: 995
996: 545,930
854: 
1690: 1337,1702,1665,1679,1696
916: 
1172: 153,1174,1062,492,1635,1136
1605: 1574
591: 1569,1582
926: 
1487: 822,1561
1513: 1548
532: 
944: 929
582: 
1295: 1253,1278,1388,1578
948: 
1349: 1543,904
1064: 1088,557,415,965
588: 
1253: 1295,1617,1635,1136,1278,478,1388,1578
994: 1476,1430,1519,1564,985,1478,1506,1379,1415,1365
1518: 
1496: 1660,1388,1578,1268,1326,1637
1266: 1151,409,1764,1738
593: 
1426: 1346,1393,1316,323,1431,1394,1415,1345,1317,1461,1395
544: 
908: 
1606: 1757,1761,1780,1715,1770,1769,1771,1762,1779,981,1717,1753,1751,1736
955: 
1346: 1393,1426,1316,323,1431,1379,1394,1415,1365,1345,1317,1461,1395
906: 925
1635: 1617,1136,1174,1062,1172,153,1278,1253
581: 
498: 
932: 
575: 
993: 
1646: 1639,1655,1640,1638,1627,1619,1644,1624,1636,1651,1645,1662,949
531: 1009
1395: 1346,1393,1426,1316,323,1431,1461
1428: 1489,1509,1357,1398
513: 
1278: 1617,1635,1136,478,1295,1253
1387: 1456,952,1503,1404,1459
1316: 1346,1393,1426,323,1431,1394,1415,1345,1317,1461,1395
1671: 1700,853,1677,1701,915
1458: 1397,1474
506: 
975: 
911: 
555: 
597: 
979: 
988: 
963: 
1684: 1663,492,153,1664,1676,1650
538: 983
951: 
1348: 1402,457
536: 
592: 
1063: 1618,1065,1609,1083,1612,1067,1069,1620,1615,1623
1562: 1581,903
1569: 1582,591
986: 1572,1527,456
559: 
586: 598
903: 1562,1581
1589: 1732
596: 
1670: 1743,1768,1742,1763,1699,1693,1698,1723,1745,1741,1722,1713,1773,1689,1733
557: 1088,1064
580: 
537: 414
978: 
153: 1172,1174,1062,492,1617,1635,1136,1684,1663
980: 558
1151: 1266,409,1764,1738,991
568: 
157: 1588,1576
965: 1088,1064,311
1413: 1453
902: 456,1443,1598
556: 
1503: 1404,1387,1456
1430: 1476,994,1519,1564,1531,1450,985,1478,1506,1379,1365
541: 
594: 
166: 1015
1708: 1639,1149,1746,1754,1184,1725
507: 1755,981,1717,1753,1774,1756,1776
700: 454,1009
1528: 1592,403
519: 
550: 
1547: 1580
574: 
940: 493
1065: 1618,1063,1609,1083,1612,1067,1069,1620,1615,1066,1623
1399: 61
923: 
1062: 1174,1615,1053,492,1172,153,1617,1635,1136
1053: 1066,1623,1174,1062,492
901: 
501: 
1588: 157
992: 
1290: 
534: 1764,1738,1762,1716,1782,1784,1781,1752,1759
967: 
573: 
547: 
976: 
919: 
1415: 1379,1394,1365,985,994,1345,1317,1346,1393,1426,1316,323,1431
1565: 1585,1530,1445
590: 
1625: 237,1633,1629
1514: 1474
962: 
927: 
1578: 1388,1295,1253,1496,1660
584: 
934: 418
1531: 1519,1564,1467,1373,1450,1479,1554,1476,1430
953: 542
1197: 1676,1650
973: 
517: 
982: 
1357: 1509,1345,1317,1428,1489
924: 
1453: 1413
1424: 1672,1520,1495,1696
990: 
578: 
1341: 1602,1532,1477
1149: 1100,1141,1708,1720,1184,1703,1707
1388: 1578,1295,1253,1496,1660
1502: 1536,1467,1373
914: 
1419: 1557,487,952,1459
1693: 1698,1723,1745,1720,1184,1703,1707,1691,1725,1692,1670,1722
1607: 232,408
925: 906
1521: 1731,1688,1750,1612,1632,1068
1100: 1141,1656,1149
1489: 1428,1509,1357,1398
941: 
1659: 1630,1655,1653,1654,1657,1658,1632,1068,1656,1640,1638,1627,1619,1624,1639
912: 
950: 
943: 459
1443: 1598,902,456
232: 1607,408
1742: 1719,1763,1783,1184,1699,1741,1743,1670,1768
1551: 1414
1404: 1503,1387,1456
579: 
237: 1625,1633,1629
508: 
920: 
1379: 1394,1415,1365,985,1476,1430,994,1345,1317,1346,323,1431
599: 535
1580: 1547
514: 
1476: 1430,994,1519,1564,1531,1450,985,1478,1506,1379,1365
971: 
972: 
1557: 1419,487,1459
1583: 1603
1585: 1697,577,1721,1695,1565,1530,1445
1402: 1348,457
1576: 1556,157
1345: 1317,1379,1394,1415,1365,1346,1393,1426,1316,323,1431,1509,1357
1526: 1561,1525
1512: 1434
512: 
942: 
571: 
1478: 1506,1519,1564,1450,1479,1476,1430,994,1501,1376
1501: 1376,1478,1506
1563: 
928: 
1499: 1571,1540,487
567: 570
528: 
909: 
1467: 1373,1536,1502,1519,1564,1531,1450
524: 
998: 938
853: 1677,1671,1700
585: 407
523: 
1525: 1459,1561,1526
915: 1671,1700
1009: 531,454,700
533: 
959: 
913: 
530: 
496: 
1088: 1064,557,415,965
522: 
958: 
553: 
1474: 1514,1458,1397
1365: 1379,1394,1415,985,1476,1430,994,1345,1317,1346,323,1431
1530: 1445,1585,1565
510: 402
542: 953
960: 
984: 
952: 1387,1456,1419,487
595: 412
1561: 1526,1525,822,1487
505: 472
521: 
999: 
1759: 534,1764,1738,1781,1752,1778,1748,1740,1777
518: 
1680: 1648,949,1676,1650,1691
502: 
956: 
1414: 1551
933: 
904: 1543,1349
1015: 166
1066: 1623,1618,1065,1609,1083,1615,1053,1662,492
549: 
991: 1151,1740,1775,1737
1268: 1326,1496,1660,1668,1637,1672,1520,1495
1454: 1323
311: 1005,965
554: 
497: 
1536: 1502,1467,1373
548: 
526: 
989: 
1069: 1620,1612,1067,1618,1063,1065,1609,1083,1615
1601: 1590,961
545: 996,930
576: 
945: 
323: 1346,1393,1426,1316,1431,1379,1394,1415,1365,1345,1317,1461,1395
981: 1715,1770,1769,1771,1757,1606,1755,1717,1753,1774,507
946: 
516: 
1637: 1496,1660,1268,1326,1520,1495,1537
1161: 
570: 567
1716: 1762,1779,1767,1782,1784,1761,1780,525,534,1781,1752,1766,1724
1592: 403,1528
918: 
1184: 1720,1703,1149,1708,1707,1719,1742,1763,1783,1699,1693,1698,1723,1745
1714: 1694,1713,1733,1765,1718,1697,577,1721,1695
1323: 1454
1686: 1664,1636,1651,1645,1662,492,949,1676,1650
1243: 
499: 
1460: 61
1732: 1589
938: 998
966: 
1700: 1671,853,1677,1701,915
937: 
1477: 1341
921: 
1698: 1693,1723,1745,1720,1184,1703,1707,1691,1725,1699,1692,1743,1670,1722,1713
1326: 1268,1496,1660,1668,1637,1672,1520,1495
540: 
997: 
503: 
917: 
1766: 1724,1762,1779,1716,1767,1782,1784,1781,1752,1751,1736
1537: 1637,1520,1495,1558,552
546: 
1067: 1612,1069,1620,1688,1750,1618,1063,1065,1609,1083
970: 
1603: 1583
1733: 1765,1718,1743,1670,1768,1722,1713,1773,1689,1694,1714
1668: 1687,1268,1326,1682
1719: 1742,1763,1783,1720,1184,1703,1699,1741,1768
1431: 1346,1393,1426,1316,323,1379,1394,1415,1365,1345,1317,1461,1395
931: 
565: 
529: 491
1005: 311
561: 
1624: 1640,1638,1627,1619,1644,1632,1068,1630,1655,1659,1653,1654,1657,1658,1636,1651,1645,1662,1639,1646,949
964: 
1398: 1428,1489
1317: 1345,1379,1394,1415,1365,1346,1393,1426,1316,323,1431,1357
954: 
1575: 1642,1641,1643
1590: 1601,961
1741: 1719,1742,1763,1783,1699,1743,1670,1768,1773,1689
1558: 1537,552
1548: 1513
564: 
511: 
1780: 1761,525,1715,1769,1771,1757,1606,1762,1716,1782,1784
969: 
527: 
1136: 1617,1635,1174,1062,1172,153,1278,1253
1554: 1450,1479,1373,1519,1564,1531
987: 
935: 
1397: 1458,1474
1083: 1618,1063,1065,1609,1612,1067,1069,1620,1615,1066,1623
974: 
907: 
1598: 1443,902,456
930: 452,996,545
577: 1697,1765,1718,1694,1714,1721,1695,1585
983: 538
525: 1761,1780,1762,1779,1716,1767,1782,1784,1781,1752
1409: 
1564: 1519,1531,1467,1373,1450,1479,1554,1476,1430,994,1478,1506
910: 466
936: 
400: 
401: 
402: 510
403: 1592,1528
404: 
405: 1641,1643
406: 
407: 585
408: 232,1607
409: 1266,1151
410: 
411: 
412: 595
413: 
414: 537
415: 1088,1064
416: 
417: 
418: 934
419: 
420: 
421: 
422: 
423: 467
424: 
425: 
426: 
427: 
428: 
429: 
430: 
431: 
432: 
433: 
434: 
435: 
436: 
437: 
438: 
439: 
440: 
441: 
442: 449
443: 
444: 
445: 
446: 
447: 
448: 
449: 442
450: 
451: 
452: 930
453: 
454: 1009,700
455: 
456: 902,986,1443,1598
457: 1348,1402
458: 
459: 943
460: 
461: 
462: 
463: 
464: 
465: 
466: 910
467: 423
468: 566
469: 
470: 
471: 
472: 505
473: 
474: 
475: 
476: 
477: 
478: 1278,1253
479: 
480: 
481: 
482: 
483: 
484: 
485: 
486: 
487: 1557,1419,952,1499,1571
488: 
489: 
490: 
491: 529
492: 1066,1623,1053,1174,1062,1172,153,1664,1686,1684,1663
493: 940
494: 
1609: 1618,1063,1065,1083,1612,1067,1069,1620,1615,1066,1623
1699: 1720,1184,1703,1719,1742,1763,1783,1698,1723,1745,1741,1743,1670,1768,1722
1676: 1197,1650,1664,1686,1684,1663,1680
1612: 1067,1069,1620,1521,1731,1688,1750,1618,1063,1065,1609,1083
1721: 1695,1694,1714,1702,1665,1697,577,1585
1672: 1268,1326,1520,1495,1696,1424
1615: 1069,1620,1618,1063,1065,1609,1083,1066,1623,1174,1062
1729: 1760,1706,1772
1617: 1635,1136,1174,1062,153,1278,1253
1618: 1063,1065,1609,1083,1612,1067,1069,1620,1615,1066,1623
1620: 1069,1612,1067,1618,1063,1065,1609,1083,1615
1627: 1640,1638,1619,1644,1624,1632,1068,1655,1659,1657,1636,1651,1645,1662,1639,1646,949
1636: 1651,1645,1662,1640,1638,1627,1619,1644,1624,1639,1646,949,1664,1686
1629: 1633,1625,237
1630: 1655,1659,1653,1654,1657,1658,1632,1068,1656,1640,1638,1624,1639
1631: 1634
1632: 1068,1521,1731,1656,1630,1655,1659,1653,1654,1657,1658,1640,1638,1627,1619,1624
1633: 1629,1625,237
1634: 1631
1638: 1640,1627,1619,1644,1624,1632,1068,1630,1655,1659,1653,1654,1657,1658,1636,1651,1645,1662,1639,1646,949
1639: 1646,1630,1655,1659,1653,1654,1657,1658,1640,1638,1627,1619,1644,1624,1636,1651,1645,949,1708,1746
1640: 1638,1627,1619,1644,1624,1632,1068,1630,1655,1659,1653,1657,1636,1651,1645,1662,1639,1646,949
1641: 1643,405,1575,1642
1642: 1575,1641,1643
1643: 1641,405,1575,1642
1644: 1640,1638,1627,1619,1624,1636,1651,1645,1662,1639,1646,949
1645: 1636,1651,1662,1640,1638,1627,1619,1644,1624,1639,1646,949,1664,1686
1685: 1682,1702,1665
1648: 1680,949,1754,1650,1691
1696: 1679,1682,1672,1424,1337,1690
1650: 1197,1676,1664,1686,1684,1663,1680,1648
1651: 1636,1645,1662,1640,1638,1627,1619,1644,1624,1639,1646,949,1664,1686
1677: 853,1671,1700
1653: 1630,1655,1659,1654,1657,1658,1632,1068,1656,1640,1638,1624,1639
1654: 1630,1655,1659,1653,1657,1658,1632,1068,1656,1638,1624,1639
1655: 1630,1659,1653,1654,1657,1658,1632,1068,1656,1640,1638,1627,1619,1624,1639,1646
1656: 1632,1068,1630,1655,1659,1653,1654,1657,1658,1100,1141
1657: 1630,1655,1659,1653,1654,1658,1632,1068,1656,1640,1638,1627,1619,1624,1639
1658: 1630,1655,1659,1653,1654,1657,1632,1068,1656,1638,1624,1639
1660: 1496,1388,1578,1268,1326,1637
1720: 1184,1703,1149,1707,1719,1763,1699,1693,1698,1723,1745
1662: 1636,1651,1645,1066,1623,1640,1638,1627,1619,1644,1624,1646,949,1664,1686
1663: 1684,492,153,1664,1676,1650
1664: 1686,1636,1651,1645,1662,492,949,1684,1663,1676,1650
1665: 1702,1685,1721,1695,1337,1690
1679: 1696,1682,1337,1690
1682: 1687,1668,1685,1679,1696
1689: 1773,1741,1743,1670,1768,1722,1713,1733,1765,1718
1688: 1521,1731,1750,1612,1067
1691: 1725,1754,1680,1648,1707,1693,1698,1723,1692
1692: 1707,1691,1693,1698,1723,1713
1694: 1714,1713,1733,1765,1718,1697,577,1721,1695
1695: 1721,1694,1714,1702,1665,1697,577,1585
1697: 577,1765,1718,1694,1714,1721,1695,1585
1702: 1665,1685,1721,1695,1337,1690
1703: 1720,1184,1149,1707,1719,1763,1699,1693,1698,1723,1745
1715: 1770,1769,1771,1761,1780,1757,1606,1755,981,1717,1753
1767: 1762,1779,1716,1782,1784,1761,525,1781,1752,1751,1736,1766,1724
1706: 1728,1772,1729,1760
1707: 1149,1754,1720,1184,1703,1691,1725,1693,1698,1723,1745,1692
1731: 1521,1688,1750,1612,1632,1068
1730: 1756,1776
1724: 1766,1762,1779,1716,1767,1782,1784,1781,1752,1751,1736
1713: 1722,1698,1723,1745,1692,1743,1670,1773,1689,1733,1765,1718,1694,1714
1717: 1753,1715,1770,1769,1771,1757,1606,981,1751,1736,507
1722: 1713,1699,1693,1698,1723,1745,1743,1670,1768,1773,1689,1733
1723: 1693,1698,1745,1720,1184,1703,1707,1691,1699,1692,1743,1670,1722,1713
1725: 1691,1708,1746,1754,1707,1693,1698
1777: 1778,1748,1740,1764,1738,1759,1775,1737
1728: 1706,1772
1761: 1780,525,1715,1770,1769,1771,1757,1606,1762,1779,1716,1767,1782,1784
1772: 1728,1706,1729,1760
1736: 1751,1757,1606,1779,1767,1717,1753,1766,1724
1737: 1775,991,1778,1748,1740,1777
1738: 1764,1266,1151,534,1781,1752,1759,1778,1748,1740,1777
1765: 1733,1718,1713,1773,1689,1694,1714,1697,577
1740: 1778,1748,1777,1764,1738,991,1759,1775,1737
1743: 1670,1768,1742,1699,1698,1723,1745,1741,1722,1713,1773,1689,1733
1778: 1748,1740,1777,1764,1738,1759,1775,1737
1745: 1693,1698,1723,1720,1184,1703,1707,1699,1743,1670,1768,1722,1713
1746: 1754,1639,949,1708,1725
1747: 1600
1748: 1778,1740,1777,1764,1738,1759,1775,1737
1774: 1755,981,507
1750: 1521,1731,1688,1612,1067
1751: 1736,1757,1606,1779,1767,1717,1753,1766,1724
1752: 1781,525,534,1738,1762,1779,1716,1767,1782,1784,1759,1766,1724
1753: 1717,1715,1770,1769,1771,1757,1606,981,1751,1736,507
1754: 1746,949,1708,1648,1707,1691,1725
1755: 1715,1770,981,1774,507
1756: 1776,507,1730
1757: 1606,1761,1780,1715,1770,1769,1771,1762,981,1717,1753,1751,1736
1760: 1729,1706,1772
1762: 1779,1716,1767,1782,1784,1761,1780,525,534,1757,1606,1781,1752,1766,1724
1763: 1719,1742,1783,1720,1184,1703,1699,1741,1670,1768
1764: 1738,1266,1151,534,1759,1778,1748,1740,1777
1768: 1743,1670,1719,1742,1763,1783,1699,1745,1741,1722,1773,1689,1733
1769: 1715,1770,1771,1761,1780,1757,1606,981,1717,1753
1770: 1715,1769,1771,1761,1757,1606,1755,981,1717,1753
1771: 1715,1770,1769,1761,1780,1757,1606,981,1717,1753
1773: 1689,1741,1743,1670,1768,1722,1713,1733,1765,1718
1775: 1737,991,1778,1748,1740,1777
1776: 1756,507,1730
1779: 1762,1716,1767,1782,1784,1761,525,1606,1781,1752,1751,1736,1766,1724
1782: 1762,1779,1716,1767,1784,1761,1780,525,534,1781,1752,1766,1724
1783: 1719,1742,1763,1184,1699,1741,1768
1784: 1762,1779,1716,1767,1782,1761,1780,525,534,1781,1752,1766,1724