0: 63,51,1231,1232,1230,49,92,38,99,22,85,25,21,1209,1214,45,16,88,1234,1211,89,1236
1: 1235,25,21,1209,1210,1229,1227,1228,35,1202,17,1234,1211,89,1236,1208,30,5,1207,1239,1237,1233,48,1203,72,1238,29,199
2: 86,83,74,6,413,1206,1221,68,79,94,91,41,7,37
3: 168,465,77,44,135,1204,64,82,61,26,86,83,74,6
4: 96,487,338,79,94,91,41,7,55,358,365,75,11,28
5: 1208,30,1207,1229,1227,1228,35,1202,17,62,1,1235,71,480,381,48,1203,72,29,199
6: 74,168,3,1204,64,82,61,26,56,83,8,2,1206,68,1224
7: 41,413,2,1206,1221,68,79,94,91,37,96,4,487,55,1218,47,1216,1205,10
8: 1204,64,82,61,26,56,9,98,46,33,74,6,66,1206,1221,68,31,42,1225,1223,1222,1224,1220,1219,78,23
9: 56,44,384,93,12,173,1204,64,82,61,26,98,46,33,74,8,66
10: 1218,47,1216,1205,41,7,37,51,1231,55,85,75,11,40,28,32,1217,1212,1226,1213,73,1215,1214,45
11: 75,40,28,32,96,4,487,55,1218,47,1216,10,365,1217,1212,1226,1213,73,1215,419,361,54,97
12: 93,173,463,80,216,384,65,56,9,98,46,33,67
13: 95,98,46,33,67,66,43,23,76,20,90,57
14: 76,20,90,57,19,379,38,99,22,25,21,1209,1210,1229,1227,1228,35,1202,17
15: 70,1239,1237,1233,48,72,1238,50,81,416,140,225,290,106,220
16: 88,85,0,63,25,21,1209,1214,45,1234,1211,89,1236,27,59,84,60,70,1239,1237,1233
17: 1202,14,69,134,1210,1229,1227,1228,35,62,1,1208,30,5,1207,71,480,381
18: 54,97,58,32,1226,1213,73,1215,1214,45,361,27,59,84,129,24,164
19: 379,43,52,34,53,284,20,90,57,130,182,14,69,134
20: 90,57,13,95,43,52,34,53,76,19,379,38,22,14
21: 25,1209,1232,1230,49,38,99,22,14,0,63,1210,1229,1227,1228,35,16,88,1211,89,1
22: 38,99,23,76,20,90,57,1232,1230,49,92,14,0,63,25,21,1210,1227,1228
23: 8,66,13,95,31,42,1225,1223,1222,1224,1220,1219,78,76,51,1231,1232,1230,49,92,38,99,22
24: 164,18,58,27,59,84,60,70,129,50,81,416,355,290
25: 21,1209,1232,49,38,99,22,14,0,63,1210,1229,1227,1228,35,16,88,1234,1211,89,1236,1,1235
26: 1204,64,82,61,77,44,384,168,3,56,9,83,74,6,8
27: 59,84,1226,1213,73,1215,1214,45,16,88,18,54,97,58,60,70,129,24,164,50
28: 75,11,40,32,96,4,487,55,1218,47,1216,1205,10,365,1217,1212,1226,1213,73,1215,419,361,97
29: 199,1,1235,1208,30,5,1207,71,480,381,48,1203,72,1238,140,232
30: 1208,5,1207,1229,35,1202,17,62,1,1235,71,480,381,48,1203,29,199
31: 42,1225,1223,1222,1224,1220,1219,78,74,8,66,1206,1221,68,23,37,51,1231,92
32: 75,11,40,28,55,1218,47,1216,10,365,1217,1212,1226,1213,73,1215,419,361,18,54,97,58
33: 98,46,384,93,12,173,65,56,9,67,8,66,13,95
34: 52,53,36,39,43,284,20,19,379,130
35: 1210,1229,1227,1228,38,14,25,21,1209,1202,17,1211,89,1,1208,30,5,1207
36: 39,301,87,43,52,34,53,284
37: 2,1206,1221,68,31,42,1225,1223,1222,1224,1220,1219,78,41,7,51,1231,55,1218,47,1216,1205,10,85
38: 99,22,23,76,20,90,57,1232,1230,49,92,14,0,63,25,21,1209,1210,1229,1227,1228,35
39: 36,301,87,43,52,34,53,284
40: 75,11,28,32,96,487,55,1218,47,1216,10,365,1217,1212,1226,1213,73,1215,419,361,54,97,58
41: 7,413,2,1206,1221,68,79,94,91,37,4,55,10
42: 31,1225,1223,1222,1224,1220,1219,78,74,8,66,1206,1221,68,23,37,51,1231,1232,1230,49,92
43: 67,36,39,13,95,52,34,53,76,20,90,57,19,379
44: 317,179,185,463,80,77,384,168,3,1204,64,82,61,26,56,9
45: 1214,1218,47,1216,1205,10,85,0,63,1217,1212,1226,1213,73,1215,16,88,18,54,97,58,27,59,84,60,70
46: 98,33,384,93,12,173,65,56,9,67,8,66,13,95
47: 1218,1216,1205,10,7,37,51,55,85,75,11,40,28,32,1217,1212,1226,1213,73,1215,1214,45
48: 1203,72,1238,1234,1211,1236,1,1235,1208,30,5,1239,1237,1233,29,199,15,140,232
49: 1232,1230,92,42,23,76,51,1231,38,99,22,85,0,63,25,21
50: 81,416,27,59,84,60,70,24,164,15,225,290
51: 1231,1206,1221,68,31,42,1225,1223,1222,1224,1220,1219,78,23,37,1232,1230,49,92,1218,47,1216,1205,10,85,0,63
52: 34,53,36,39,43,284,20,90,57,19,379,130
53: 52,34,36,39,43,284,20,90,57,19,379,130,182
54: 18,97,58,75,11,40,32,1217,1212,1226,1213,73,1215,1214,45,361,27,59,84,129,164
55: 79,94,91,41,7,37,96,4,487,1218,47,1216,1205,10,365,75,11,40,28,32,1217,1212,1226,1213,73,1215
56: 9,44,384,93,12,173,1204,64,82,61,26,98,46,33,74,6,8,66
57: 20,90,13,43,52,53,76,19,379,38,99,22,14
58: 18,54,97,75,40,32,1217,1212,1226,1213,73,1215,1214,45,361,27,59,84,129,24,164
59: 27,84,1217,1212,1226,1213,73,1215,1214,45,16,88,18,54,97,58,60,70,129,24,164,50
60: 70,1214,45,16,88,1234,89,1236,27,59,84,1239,1237,24,50
61: 1204,64,82,26,77,44,168,3,56,9,83,74,6,8
62: 69,134,251,1202,17,1208,30,5,1207,71,480,381
63: 0,51,1231,1232,1230,49,92,38,99,22,85,25,21,1209,1214,45,16,88,89
64: 1204,82,61,26,77,44,384,168,3,56,9,83,74,6,8
65: 216,183,93,12,173,301,87,98,46,33,67
66: 56,9,98,46,33,67,8,13,95,31,42,1225,1223,1222,1224,1220,1219,78,23,76
67: 93,12,173,65,301,87,98,46,33,66,13,95,43
68: 1206,1221,83,74,6,8,2,31,42,1225,1223,1222,1224,1220,1219,78,41,7,37,51,1231
69: 134,19,379,130,182,251,1202,17,62
70: 60,1214,45,16,88,1234,1211,89,1236,27,59,84,1239,1237,1233,24,164,50,81,416,15
71: 480,381,1202,17,62,1208,30,5,1207,29,199
72: 48,1203,1238,1234,1211,89,1236,1,1235,1208,5,1239,1237,1233,29,15,140,232
73: 1217,1212,1226,1213,1215,55,1218,47,1216,1205,10,85,75,11,40,28,32,1214,45,361,18,54,97,58,27,59,84
74: 6,168,3,1204,64,82,61,26,56,9,83,8,2,1206,1221,68,31,42,1225,1223,1222,1224,1220,1219,78
75: 11,40,28,32,96,4,487,55,1218,47,1216,10,365,1217,1212,1226,1213,73,1215,419,264,361,54,97,58
76: 66,13,95,43,23,20,90,57,1232,49,92,38,99,22,14
77: 317,179,185,465,44,135,168,3,64,61,26
78: 31,42,1225,1223,1222,1224,1220,1219,74,8,66,1206,1221,68,23,37,51,1232,1230,92
79: 94,91,103,413,2,338,41,7,4,487,55
80: 463,116,179,185,216,44,384,12,173
81: 50,416,84,70,24,164,15,225,290
82: 1204,64,61,26,44,384,168,3,56,9,83,74,6,8
83: 135,168,3,1204,64,82,61,26,86,74,6,413,2,1206,1221,68
84: 27,59,1217,1212,1226,1213,73,1215,1214,45,16,88,18,54,97,58,60,70,129,24,164,50,81,416
85: 37,51,1231,1232,1230,49,92,1218,47,1216,1205,10,0,63,1217,1212,1226,1213,73,1215,1214,45,16,88
86: 427,135,168,3,83,103,413,2
87: 301,183,65,67,36,39
88: 16,85,0,63,25,21,1209,1214,45,1234,1211,89,1236,27,59,84,60,70,1239,1237,1233
89: 1234,1211,1236,0,63,25,21,1209,1210,1229,1227,1228,35,16,88,1,1235,60,70,1239,1237,1233,1203,72,1238
90: 20,57,13,95,43,52,53,76,19,379,38,22,14
91: 79,94,103,413,2,338,41,7,96,4,487,55
92: 1232,1230,49,31,42,1225,1223,1222,1224,1220,1219,78,23,76,51,1231,38,99,22,85,0,63
93: 12,173,463,216,384,65,56,9,98,46,33,67
94: 79,91,103,413,2,338,41,7,4,55
95: 13,98,46,33,67,66,43,23,76,20,90
96: 4,487,91,7,55,358,365,75,11,40,28
97: 18,54,58,75,11,40,28,32,1217,1212,1226,1213,73,1215,1214,45,361,27,59,84,129
98: 46,33,384,93,12,173,65,56,9,67,8,66,13,95
99: 38,22,23,76,57,1232,1230,49,92,14,0,63,25,21,1209,1210,1227,1228
100: 112,367,187,459
101: 466,263,420,105,306,443,294,281,246,395
102: 302,485,305,477,131,236
103: 86,267,413,219,338,79,94,91
104: 318,124,321,108,387,362
105: 263,420,306,119,142,166,143,189,294,101
106: 220,15,140,232,476
107: 489,400,155,111,127,436,471,280,207,238,496
108: 387,104,124,321,362,227,349,202
109: 210,421,457,133,372,137
110: 460,439,391,123,432,380,455
111: 127,432,115,155,436,489,107
112: 367,100,187
113: 258,147,166,189,443,294,454,276
114: 248,157,151,296
115: 461,233,432,374,155,111
116: 179,185,463,80,216
117: 482,298,241,412,266,437,292
118: 181,196
119: 142,403,166,263,420,105,189,294
120: 438,431,354,396,269,484
121: 458,238,360,261,201,385,275,331
122: 324,477,236,293,175,316
123: 184,439,391,461,110,460
124: 104,108,387,362
125: 298,141,482,253,319,444,412,497
126: 251
127: 111,155,436,471,489,400,107
128: 451,208,415,248,335,428,157,327
129: 361,18,54,97,58,27,59,84,24,164,355
130: 182,52,34,53,284,339,19,379,69,134,251
131: 236,393,305,102,302,285
132: 367,441,192,389,161,224,314,459
133: 421,457,213,309,187,372,210,109
134: 69,19,379,130,182,251,1202,17,62
135: 465,77,427,168,3,86,83
136: 429,442,494,200,170,139
137: 211,109,252,495
138: 322,345,310,282,397,499,394,366
139: 200,445,170,442,136,494,188,277,488,186
140: 1239,1237,1233,48,1203,72,1238,29,199,15,232,106,220,476
141: 313,440,493,125,253,319,444
142: 119,403,166,143,263,420,105,306,189,294
143: 142,263,420,105,306,392
144: 332,328,235,473,382,270,406
145: 
146: 394,154,366,376,176
147: 258,299,242,351,350,113
148: 461,233
149: 312,277,323,398,186,464,172
150: 418,256,326,448
151: 296,375,175,114
152: 452,209,158
153: 388,438,356,396,353
154: 366,499,394,376,146
155: 460,432,115,455,111,127,239,471,107
156: 468,158,440,313
157: 415,248,335,451,128,114,327
158: 152,452,209,240,440,156
159: 370,469,279,426,373,217
160: 404,372,252,340
161: 346,389,132,224,314,378,333,223
162: 190,396,178,411,450,269,484,260
163: 
164: 24,18,54,58,27,59,84,70,129,50,81,416,355,225,290
165: 363,205,410,303,197,171
166: 403,119,142,113,263,420,105,189,443,294,454,276
167: 490,348,474,329
168: 3,465,77,44,135,1204,64,82,61,26,86,83,74,6
169: 210
170: 200,445,139,442,136,494,188,277,186
171: 165,363,410,303,197,429,203,423
172: 342,312,149,347,464,196,328,307,435,235,332
173: 93,12,463,80,216,384,65,56,9,98,46,33,67
174: 270,435,406,273,481
175: 293,236,122,324,375,316,151
176: 146
177: 291,409,377,483
178: 411,450,467,356,353,162,190
179: 185,116,317,463,80,77,44,384
180: 250,424,255,490,226,371,348
181: 196,328,118,254,475,332,382
182: 130,53,284,339,19,379,69,134,251
183: 308,65,301,87
184: 230,247,246,439,123,461
185: 179,116,317,463,80,77,44,384
186: 200,445,170,139,277,323,488,312,149,462,464
187: 112,213,100,421,133,459,210
188: 442,200,445,170,139,288
189: 443,294,119,142,166,113,263,105,454,276
190: 162,396,353,178,411,450,269,484,260
191: 
192: 389,297,441,346,221,132,367,314
193: 472,363,205,197,492,336
194: 422,331,325,357,198,318
195: 214,412,437,292
196: 181,328,312,118,342,172,254,332
197: 165,363,205,410,193,171,336,203,423
198: 318,194,422,331,357
199: 29,1,1235,1208,30,5,1207,71,480,381,48,1203,1238,140,232
200: 445,170,139,442,136,188,488,186
201: 385,364,360,121,275,243
202: 108,227,349,334,287,279,426
203: 423,197,171,336,278
204: 
205: 165,363,193,197
206: 402,273,417,304,222,330
207: 280,471,489,400,107,238,496,364,360
208: 415,428,451,128
209: 152,452,359,158
210: 109,187,421,457,133,169
211: 137,252,495
212: 240,486
213: 309,187,421,457,133
214: 195,497,300
215: 313,493,265,253,319,401
216: 116,463,80,384,93,12,173,65
217: 430,426,159,370,373,346
218: 325,385,275,331,243,357
219: 267,103,338,386
220: 106,15,140,232,476
221: 346,297,441,192,389
222: 417,206,402,283,345
223: 161,224,314,333
224: 314,389,132,367,161,459,223
225: 290,164,50,81,416,15,355
226: 180,250,371,348,491
227: 349,108,326,202,320,287
228: 373
229: 
230: 399,247,246,184
231: 467,356
232: 48,1203,72,1238,29,199,140,106,220,476
233: 461,148,115,374
234: 296
235: 347,342,172,328,307,435,144,332,270
236: 131,393,305,102,302,477,285,122,324,175
237: 407,433,340,337,414
238: 496,489,400,107,280,207,360,458,121,261,268
239: 380,455,155,453,471
240: 486,158,440,212
241: 117,292
242: 249,299,271,351,350,403,258,147
243: 201,385,275,325,218
244: 358,365,419,264
245: 330
246: 247,392,101,466,281,230,399,395,184
247: 246,466,230,399,184
248: 335,285,415,451,128,157,114
249: 299,242,271,350
250: 180,424,255,289,226,371,348
251: 130,182,69,134,126,62
252: 160,137,211,495
253: 319,444,141,313,493,125,215,497,401
254: 475,181,196,328,473,382
255: 424,289,180,250
256: 325,357,321,150,418
257: 286,266,437,292,407,383,414
258: 147,299,242,351,113
259: 340,337,383
260: 162,190,269,484
261: 268,238,496,458,121,422,331
262: 369
263: 420,105,306,119,142,166,143,189,443,294,101,466,281
264: 419,358,365,75,244,361
265: 468,274,493,215
266: 117,437,292,407,257,286
267: 103,219,338
268: 261,238,496,458,422
269: 484,396,120,162,190,260
270: 174,307,435,235,144,406,481
271: 249,299,242,350
272: 315,478,369
273: 481,174,304,206
274: 483,468,156
275: 458,121,201,385,422,331,243,325,218,357
276: 454,166,113,189,443,294
277: 494,445,170,139,323,398,488,186,312,149
278: 203,423,288
279: 426,202,334,159,370,469,373
280: 207,471,400,107,238,496,364,360,458
281: 263,420,306,443,294,454,101,466,246,395
282: 322,345,310,138,397,499
283: 402,222,322,345,310
284: 36,39,52,34,53,339,19,379,130,182
285: 393,305,131,236,248,335,375
286: 257,266,437,407,337,383,414,456
287: 326,227,349,202,320,498
288: 188,462
289: 394,424,255,376,250
290: 225,24,164,50,81,416,15,355
291: 177,409,377,474,470,483
292: 437,241,117,412,266,195,257
293: 175,122,324,316
294: 189,443,119,142,166,113,263,420,105,306,454,276,101,281
295: 341
296: 151,375,114,234
297: 441,343,346,221,192,389
298: 125,482,319,444,117,412,497
299: 249,242,271,351,350,403,258,147
300: 497,401,214
301: 87,183,65,67,36,39
302: 102,393,305,477,131,236,324
303: 410,165,171,429
304: 273,481,206,402,330
305: 393,102,302,285,131,236
306: 263,420,105,142,143,294,392,101,466,281
307: 435,347,464,342,172,235,270
308: 183
309: 213,421,457,133,372
310: 322,345,283,282,138
311: 355
312: 149,277,398,186,347,464,342,172,196,328
313: 141,440,468,156,493,253,319,444,215
314: 224,192,389,132,367,161,459,333,223
315: 327,428,451,272
316: 122,324,293,175
317: 179,185,465,77,44
318: 198,194,357,104,321,387
319: 253,444,141,313,125,298,215,497,401
320: 418,326,227,349,287
321: 318,104,256,108,387,418,326,349
322: 345,310,283,282,138,397,499
323: 398,494,277,186,149
324: 122,302,477,236,375,293,175,316
325: 218,275,194,422,331,243,357,256
326: 321,150,418,227,349,320,287
327: 315,428,451,128,157
328: 181,196,312,342,172,254,235,144,332,382
329: 167,474
330: 304,206,245,341
331: 194,422,458,121,261,275,325,218,357,198
332: 144,342,172,181,196,328,235,382,406
333: 161,314,378,223
334: 362,202,279,426,469
335: 248,285,415,128,157
336: 193,197,492,203,423
337: 407,237,286,340,383,414,259
338: 267,103,413,219,79,94,91,386,4,487
339: 284,130,182
340: 160,407,237,337,259
341: 330,295
342: 172,312,347,464,196,328,307,435,235,332
343: 297,441
344: 368,438,431,354
345: 322,310,222,283,282,138
346: 221,297,217,192,389,161
347: 464,488,312,342,172,307,435,235
348: 371,180,250,490,226,167,491
349: 227,321,108,387,326,202,320,287
350: 351,271,249,299,242,147
351: 350,299,242,258,147
352: 359
353: 396,153,438,356,178,411,450,190
354: 431,344,438,120
355: 129,24,164,416,225,290,311
356: 153,231,467,396,353,178,411,450
357: 275,194,422,331,325,218,198,318,256
358: 386,96,4,487,365,244,419,264
359: 352,452,209
360: 280,207,238,364,458,121,201,385
361: 365,75,11,40,28,32,1217,1212,1213,73,1215,419,264,18,54,97,58,129
362: 104,124,108,387,334
363: 165,205,410,193,197,171
364: 280,207,360,201
365: 96,4,487,55,358,75,11,40,28,32,244,419,264,361
366: 154,138,397,499,394,376,146
367: 132,441,112,192,389,100,224,314,459
368: 344,431
369: 272,478,262
370: 159,469,279,426,373,217,430
371: 348,180,250,490,226,491
372: 309,421,457,133,160,109
373: 279,426,159,370,469,228,217,430
374: 233,115
375: 285,324,175,151,296
376: 394,154,366,289,146
377: 291,177,409,491,474,483
378: 161,333
379: 19,43,52,34,53,284,20,90,57,130,182,14,69,134
380: 110,460,455,239
381: 71,480,1202,17,62,1208,30,5,1207,29,199
382: 473,181,328,254,475,144,332
383: 414,407,257,286,337,456,259
384: 179,185,463,80,216,44,93,12,173,64,82,26,56,9,98,46,33
385: 201,360,121,275,243,218
386: 219,338,358
387: 108,318,104,124,321,362,349
388: 153
389: 192,297,441,346,221,132,367,161,224,314
390: 405
391: 439,123,110,460
392: 143,420,306,466,399,246
393: 305,302,285,131,236
394: 138,499,154,366,289,376,146
395: 101,466,281,246
396: 353,153,438,356,120,411,450,162,190,269,484
397: 499,322,282,138,366
398: 323,277,312,149
399: 230,392,466,247,246
400: 489,107,127,471,280,207,238,496
401: 253,319,215,497,300
402: 206,417,304,222,283
403: 299,242,425,119,142,166
404: 449,433,160
405: 390
406: 144,332,473,174,270,481,417
407: 237,266,257,286,340,337,383,414
408: 
409: 291,177,377,491,474,470
410: 303,165,363,197,171,429
411: 178,450,467,356,396,353,162,190
412: 482,125,298,117,497,292,195
413: 86,83,103,2,338,79,94,91,41,7
414: 383,407,237,257,286,337
415: 208,248,335,451,128,157
416: 50,81,84,70,1239,1237,1233,24,164,15,355,225,290
417: 406,481,304,206,402,222
418: 150,256,321,326,320
419: 264,358,365,75,11,40,28,32,244,361
420: 263,105,306,119,142,166,143,294,392,101,466,281
421: 457,133,213,309,187,372,210,109
422: 194,331,261,268,275,325,357,198
423: 203,197,171,336,278
424: 255,289,180,250
425: 403
426: 279,202,334,159,370,469,373,217,430
427: 465,135,86
428: 208,451,128,315,327
429: 442,410,303,171,136
430: 217,426,370,373
431: 354,344,368,438,120
432: 110,460,115,455,155,111
433: 449,404,237
434: 
435: 307,347,464,342,172,235,174,270
436: 111,127,489,107
437: 292,117,266,195,257,286
438: 344,153,431,354,396,353,120
439: 391,184,123,110
440: 158,240,468,156,141,313
441: 297,343,221,192,389,132,367
442: 429,136,188,200,445,170,139
443: 189,294,166,113,263,454,276,101,281
444: 253,319,141,313,125,298,497
445: 200,170,139,442,188,277,488,186
446: 
447: 
448: 150,882
449: 479,404,433
450: 178,411,356,396,353,162,190
451: 128,208,415,248,428,157,315,327
452: 152,209,359,158
453: 239
454: 276,166,113,189,443,294,281
455: 110,460,432,380,155,239,471
456: 286,383
457: 421,133,213,309,372,210,109
458: 121,280,238,496,360,261,268,275,331
459: 132,367,100,187,224,314
460: 110,391,123,432,380,455,155
461: 233,184,148,123,115
462: 288,488,186,464
463: 80,116,179,185,216,44,384,93,12,173
464: 347,488,186,312,149,462,342,172,307,435
465: 317,77,427,135,168,3
466: 101,263,420,306,392,281,399,247,246,395
467: 231,356,178,411
468: 156,483,440,274,313,493,265
469: 159,370,334,279,426,373
470: 474,291,409
471: 455,155,127,239,489,400,107,280,207
472: 193
473: 382,254,475,144,406
474: 167,491,329,291,409,377,470
475: 254,181,473,382
476: 140,232,106,220
477: 485,102,302,236,122,324
478: 272,369
479: 449
480: 71,381,1202,17,62,1208,30,5,1207,29,199
481: 273,174,270,406,417,304
482: 125,298,117,412
483: 291,177,377,468,274
484: 269,396,120,162,190,260
485: 102,477
486: 240,212
487: 96,4,338,79,91,7,55,358,365,75,11,40,28
488: 200,445,139,277,186,462,347,464
489: 400,107,111,127,436,471,207,238,496
490: 180,371,348,167
491: 226,371,348,474,409,377
492: 193,336
493: 468,141,313,265,253,215
494: 136,170,139,277,323
495: 252,137,211
496: 238,489,400,107,280,207,458,261,268
497: 125,298,253,319,444,412,401,214,300
498: 287
499: 397,322,282,138,394,154,366
500: 955,1158,1044,1125,578,513,622
501: 
502: 506,669,1112,810,840,853,1030,833
503: 851,961,1191,1069,1183
504: 1188,971,1023,827,703,755,1163
505: 973,820,1070,793
506: 502,669,840,853,510,738,1030,845,833
507: 712,525,615,577
508: 1159,551
509: 964,806,828,962,537,1176,1016
510: 738,978,840,506,591,1030,845,1025
511: 622,535,966,935,733
512: 611,863
513: 1178,1158,1044,500,874,1052
514: 916,923,541,572,566
515: 1046,626,1094,846,810
516: 630,583,540,777
517: 980,958,768,886,1006,1085
518: 656,779,764,1098,1009
519: 1032,1011,963,749
520: 686,909
521: 1029,942,687
522: 792,888,892,858,770,989
523: 859,702,1053,815,599,571,867,593,954,695
524: 1010,1052,879,1050
525: 507,676,577
526: 612
527: 905,1113,928,615,602
528: 678,1117,529,762,545,1101,584
529: 762,653,547,528,678,1117
530: 802,546,606,800
531: 1148,938
532: 989,880,600,782,743
533: 951,1121,674
534: 1030,845,833,1118,817
535: 1125,578,597,573,734,970,588,622,511
536: 761,1077
537: 1176,1016,509,964,828,636,962
538: 726,603,1021,1067,1073
539: 706,737,766,643,555,1024,978,832,1054,591
540: 939,630,583,516,763
541: 923,572,566,514
542: 1173,632,896,594,563,725
543: 
544: 843,654,838,919,799
545: 1101,584,528,678,1117
546: 606,1192,802,530,585
547: 653,614,977,1127,529,548,1117
548: 768,854,1127,653,547
549: 1004,684,771,917
550: 672,1193,624,941,872,929,1013,590
551: 508,1159,574,767
552: 824,1186
553: 1092,895,776,1047
554: 988,1005,891,619,722,719,690,914
555: 766,643,1024,539,706,737,978
556: 581,1072,679,994,788
557: 570,1061,831
558: 1137,1140,1114,870,698
559: 1140,790,942
560: 983,651
561: 576,767,761
562: 747,579,1181
563: 542,1173,896,594,725,1130
564: 1056,1169
565: 662
566: 923,541,572,590,1011,963,514
567: 1100,1145
568: 723,1063,733,781
569: 805,865,785,968,1048
570: 557,1061,831
571: 867,859,702,815,1051,523,954,695
572: 923,541,566,590,1011,514
573: 597,734,819,774,1125,578,970,588,535
574: 628,551,998,789,825,932
575: 808,971,666,922,1001,1023,640,652,1188
576: 767,932,561,1077,761
577: 525,507,676
578: 1125,955,1035,819,500,597,573,734,622,535
579: 747,562,796,1181
580: 682,1015,952
581: 663,696,679,556
582: 613,647,1013
583: 630,939,540,777,516,763
584: 545,1101,528,678
585: 991,1161,546,870
586: 821,907,605,1019,1034
587: 1136,966,935
588: 970,774,597,573,734,984,535
589: 850,729,862,847,1116,746
590: 929,877,1164,1032,1011,572,566
591: 539,978,840,1054,510,738,1099,1025
592: 949
593: 523
594: 542,1173,563,1130
595: 1103,1170,890
596: 1154,852,759,1115,965
597: 573,734,819,774,1125,578,588,535
598: 924,868,1033
599: 906,1098,1009,1053,815,523
600: 532,782,743
601: 794,714,823,866
602: 527,1031,928,976,943,724,1060
603: 538,726,930,1021,1067,1073
604: 1104,1196
605: 586,1019,1034,757
606: 546,1192,802,530
607: 1160
608: 864,847,1116
609: 925,866,773,670
610: 897,1179,1168
611: 512
612: 526
613: 582,647
614: 618,1012,829,1120,977,854,894,1127,653,547
615: 527,1113,507,712
616: 1133,755,1163,828
617: 1122,1195,814
618: 1002,1012,829,1120,614
619: 891,554,988,1005,722,719,690,914,1064
620: 788,994,1146
621: 848,903,940
622: 500,1125,578,535,511
623: 1020
624: 1193,909,672,941,550
625: 1144
626: 1094,1038,665,927,515,669,1112
627: 694,948,1000,913,1014,1066
628: 655,574,789
629: 
630: 583,939,540,777,516
631: 848,1128,1198
632: 710,542,1173
633: 849,915,869,987
634: 952
635: 646,1018
636: 731,828,537,1176,1016,1078
637: 806,964
638: 764
639: 1068,826,997
640: 1001,808,971,575,708,742,652
641: 711,769,876,987,673,748
642: 1041,985,1015
643: 766,555,1024,539,706,737
644: 949,760
645: 818
646: 635,1018
647: 934,672,872,582,613,1013
648: 842,795,1028,816,811
649: 1174,1145
650: 1055,957,881,1174
651: 983,1039,560,1151
652: 1001,808,971,575,1023,640,1188,1089
653: 547,614,977,1127,529,548,1117
654: 843,544,799,732
655: 628,998,789
656: 518,764
657: 953,917,664,721,995
658: 1168
659: 1131,830
660: 1180,934
661: 758,980,837
662: 565
663: 1162,696,903,967,581,1072
664: 657,953
665: 1124,1046,626,1094
666: 849,922,1001,808,575
667: 875,704,834,899,1190,1057
668: 831,860,1185,916
669: 1112,626,810,840,502,506,853
670: 609
671: 1194,1106
672: 934,1193,624,647,872,550
673: 876,641,748,1179
674: 1020,533,951
675: 974
676: 525,577,891
677: 689,1143
678: 528,1117,529,545,1101,584
679: 581,556,994
680: 728,692,1090
681: 730,911,904
682: 721,995,1015,580
683: 1071,739,699,1109,946,1152
684: 771,902,1004,549
685: 735
686: 520,688
687: 521,942,979
688: 878,686,1065
689: 1143,677,1076
690: 719,914,554,988,1005,891,619,722,1064
691: 820,709,793
692: 728,680,1090,902
693: 
694: 627,948,1000,913,1014,1066
695: 571,523,954,760
696: 663,1162,967,581,1072
697: 1091,763,758
698: 870,558,1137,1140,1029,715
699: 1110,739,1122,683,946
700: 
701: 1007,791
702: 859,938,1053,815,571,867,523
703: 1023,827,1188,504,1163
704: 844,834,667,899,1190
705: 1152,754
706: 539,737,766,643,555,978,832,1054
707: 1026
708: 742,1147,987,1001,640,750
709: 820,691,822,889
710: 632
711: 641,769,987,748
712: 507,615
713: 969
714: 823,967,1072,601,866
715: 1029,933,698
716: 1149,803,982
717: 981,945
718: 
719: 690,914,554,988,891,619,722,1064
720: 1066
721: 657,953,995,682
722: 554,988,1005,891,619,719,690,914
723: 1063,568,781
724: 602,943,1060
725: 542,1173,896,563,1027
726: 538,603,930,1021
727: 939,1049,735
728: 692,680,1090,1097
729: 589,847,1116,746
730: 911,904,1196,681
731: 636,828,1176,1078
732: 654,919,799,1068,826
733: 781,511,1063,568
734: 597,573,774,578,970,588,535
735: 685,1049,727
736: 1079,912
737: 539,706,766,643,555,1024,978,832,1054
738: 510,840,506,591,1030,845,1099,1025
739: 741,1110,699,1109,683,1071
740: 1059
741: 992,772,1110,839,739
742: 708,1147,987,640,750
743: 782,600,532
744: 762
745: 887,1047,850
746: 729,589,862,847,1116,955,1178,1158,1044
747: 579,562,796,1181
748: 876,711,641,673,1179,897
749: 519,963,1095,1080
750: 708,742,1147
751: 553,1092,895
752: 1175,1086
753: 757,783,1194
754: 705,1022
755: 1163,1188,504,1089,1133,616
756: 930,1021,1067,801
757: 605
758: 1091,697,661
759: 1154,596,1002
760: 954,695,644
761: 536,576,767,561,1077
762: 529,744,528,1117
763: 583,540,697
764: 779,638,656,518,1098
765: 996,1083,813
766: 643,555,1024,539,706,737
767: 576,551,932,561,761
768: 548,854,1127,958,517,980,886
769: 711,641,817,987
770: 888,1108,522,792
771: 684,902,549
772: 1166,1177,741,992,1110,839
773: 609
774: 813,597,573,734,970,588,984
775: 807,1062,888,1108,770
776: 1047,553,887
777: 1026,630,583,516
778: 838,919,807,1062
779: 764,518,1098,1009
780: 981,975
781: 733,723,1063,568
782: 743,600,532
783: 753
784: 944,856,1134,1017
785: 865,569,805,1022,968,1048
786: 
787: 977
788: 620,556,994,1146
789: 998,655,628,574,825,932,1135,1189,900
790: 559
791: 701,1135
792: 522,892,858,770,989
793: 820,691,505,889
794: 601,823
795: 810,842,853,648,811
796: 1096,983,747,579,1181
797: 798
798: 1106,1185,797
799: 919,544,654,838,732
800: 530,933
801: 756,890
802: 530,546,606
803: 1149,716
804: 993,1199,1102
805: 569,865,785,968,1048
806: 509,964,637,962
807: 1062,778,1138,775,888,858
808: 971,575,666,922,1001,1023,640,652,1188
809: 
810: 515,846,669,842,502,853,795
811: 816,795,648,1028,869
812: 1105,1092,895,996
813: 1083,765,819,774
814: 1195,617
815: 1053,859,702,906,599,571,523
816: 811,648,1028,869
817: 534,1118,1150,885,876,769
818: 898,645
819: 1083,813,578,597,573
820: 691,505,709,793
821: 1156,1076,586
822: 709,889,1131,910
823: 714,601,794,866
824: 552
825: 932,574,998,789,1135,1189,900
826: 1068,732,639
827: 1023,504,703
828: 616,509,964,636,731,962,537,1176,1016,1078
829: 1120,618,1012,614,854,894
830: 659,1156,986
831: 570,557,1164,860,1185,916,668
832: 1054,539,706,737,978,937,1099
833: 502,506,853,1030,845,534
834: 844,704,1088,667,899,1190
835: 990,1033,1038,927
836: 1016
837: 661
838: 778,544,919,799,1062
839: 1110,1166,772,741
840: 669,1112,502,506,591,510,738,1030,845
841: 
842: 846,810,795,648
843: 544,654
844: 704,834
845: 1030,840,506,510,738,833,534,1118
846: 515,810,842
847: 1116,729,589,746,608,1178
848: 631,621,1128,903,940
849: 633,869,666,987,1001
850: 745,589,862
851: 503,961,1069
852: 1003,1154,596,965
853: 669,810,502,506,795,1030,833
854: 894,829,1120,614,1127,958,548,768
855: 1102,1165,991,1161,1039,1114
856: 1134,944,784
857: 1191,1107
858: 892,807,1062,1138,888,522,792
859: 702,938,1084,815,1051,571,867
860: 1185,831,916,668
861: 1057
862: 850,589,746,955,1035
863: 512,1160,999
864: 608
865: 785,569,805
866: 1072,714,823,601,609,925
867: 571,1084,859,702,1051,954
868: 924,598
869: 816,811,849,633
870: 991,1161,585,1114,558,1137,1140,698
871: 1184,975,1087,1119,1123,1132
872: 934,672,1193,647,550,1013
873: 1111,1104,1196,1192,1042
874: 1178,513,1010,1052,879
875: 667
876: 1150,817,885,641,673,748
877: 1164,941,929,590
878: 688,986,1065,950
879: 1010,1052,874,904,524
880: 1045,997,989,532
881: 1008,650
882: 448
883: 1091
884: 1155,1051,949
885: 1150,817,876
886: 958,768,517,980,1006,1036,1085
887: 745,776,1047,1083
888: 807,1062,775,858,1108,770,522
889: 709,793,822
890: 801,595
891: 619,676,554,988,1005,722,719,690,914,1064
892: 858,1062,1138,522,792,989
893: 1157,908
894: 854,829,1120,614,1127
895: 553,1092,1047,996,1105,812
896: 542,1095,563,725,1027
897: 610,748,1147,1179
898: 818
899: 1190,704,834,1088,667,1057
900: 998,789,825,932,1135,1189
901: 
902: 1090,692,684,771
903: 940,621,848,663,1162
904: 911,730,1010,1052,879,681
905: 527,1113,1075,1031,928
906: 599,1098,1009,1053,815
907: 999,586,969,1034
908: 893,1157,973
909: 520,624,941
910: 1131,822
911: 904,730,1010,681
912: 1079,736,1058,924
913: 1000,627,694,948,1014,1066
914: 719,690,554,988,891,619,722,1064
915: 1118,633
916: 1164,831,860,1185,668,514
917: 657,953,1004,549
918: 1064
919: 799,544,838,778,732,1062,1138
920: 1153
921: 1197,1186,992
922: 666,1001,808,971,575,1023
923: 541,572,566,1011,963,514
924: 598,912,868,1033
925: 609,866
926: 1090
927: 835,1038,626,1024,1112
928: 1031,1075,527,905,1113,976,602,943
929: 941,550,877,1164,590
930: 1121,726,603,1021,1067,756
931: 1167,1075
932: 825,574,998,789,576,767,1135,1189,900
933: 800,715
934: 672,1180,660,1193,647,872
935: 966,1136,511,587
936: 
937: 832,1054,1099,1025
938: 956,531,1084,859,702
939: 727,1049,630,583,540
940: 903,621,848,1162
941: 909,1193,624,550,929,877,1164
942: 559,521,687,979
943: 1031,928,976,602,982,724,1182,1060
944: 1074,1144,856,784
945: 717,1167
946: 699,1122,683,1071,1152
947: 
948: 627,694,1000,913,1066
949: 884,592,644
950: 878,986,1065
951: 533,1121,674
952: 1015,580,634
953: 657,917,1004,664,721
954: 571,867,523,695,760
955: 1035,862,746,1158,1044,500,1125,578
956: 938
957: 1055,650,1100,1174,1145
958: 854,1127,768,517,980,886
959: 1082,1074
960: 1124,1046
961: 503,851,1088,1191,1069
962: 806,509,964,828,537,1176,1016
963: 1011,519,1032,923,566,749
964: 509,806,828,637,962,537,1016
965: 1115,852,596
966: 935,1136,511,587
967: 663,1162,696,1072,714
968: 1048,785,569,805,1022,974
969: 999,907,713,1034
970: 588,774,573,734,984,535
971: 808,575,922,1001,1023,640,652,1188,504
972: 1198
973: 908,505,1070
974: 968,675
975: 780,871,1132
976: 1075,1031,928,602,943,982
977: 1012,787,614,653,547
978: 555,1024,539,706,737,832,1054,591,510
979: 942,687
980: 517,958,768,661,886,1006
981: 780,717
982: 976,943,716,1182
983: 651,560,1151,796
984: 774,970,588,1136
985: 1041,642,1015
986: 830,878,950
987: 849,633,711,641,769,708,742,1147
988: 554,1005,891,619,722,719,690,914
989: 892,522,792,880,532
990: 1033,835
991: 1161,585,1165,855,1114,870
992: 741,1197,772,921,1110
993: 1199,804,1102
994: 1146,679,556,620,788
995: 657,721,682
996: 1092,895,1105,812,1083,765
997: 639,880,1045
998: 789,655,574,825,932,1135,1189,900
999: 863,1160,907,969
1000: 913,627,694,948,1014
1001: 849,666,922,808,971,575,708,640,652
1002: 759,618
1003: 852
1004: 549,684,953,917
1005: 554,988,891,619,722,690
1006: 1036,1085,517,980,886,1197
1007: 701
1008: 881
1009: 779,518,1098,906,599
1010: 1052,879,874,911,904,524
1011: 963,590,519,1032,923,572,566
1012: 618,829,614,977
1013: 647,872,550,582
1014: 1000,913,627,694,1066
1015: 985,682,642,580,952
1016: 537,1176,509,964,828,636,962,836
1017: 784
1018: 646,635
1019: 1034,586,605
1020: 674,623
1021: 1067,538,726,603,930,1073,756
1022: 754,785,968,1048
1023: 922,808,971,575,827,652,1188,504,703
1024: 927,766,643,555,539,737,978
1025: 1099,1054,591,510,738,937
1026: 707,777
1027: 896,1095,725,1080
1028: 648,816,811
1029: 715,698,521
1030: 845,840,502,506,853,510,738,833,534
1031: 928,1075,905,1113,976,602,943
1032: 519,590,1011,963
1033: 924,598,990,835
1034: 1019,586,907,969,605
1035: 955,862,1044,578
1036: 1006,1085,886,1197
1037: 1129,1148,1155
1038: 835,927,626,1094
1039: 855,1114,651,1151
1040: 1060,1086
1041: 985,642
1042: 1165,873,1111,1192,1102
1043: 
1044: 1158,746,955,1035,1178,500,513
1045: 880,997
1046: 1124,665,960,1094,515
1047: 776,553,895,745,887
1048: 968,785,569,805,1022
1049: 735,939,727
1050: 524
1051: 1084,859,884,571,867
1052: 1010,879,874,513,904,524
1053: 815,702,906,599
1054: 832,539,706,737,978,591,937,1099,1025
1055: 957,650,1100,1174,1145
1056: 564,1169
1057: 667,899,1190,861
1058: 1079,912
1059: 740
1060: 1182,602,943,724,1040
1061: 570,557
1062: 807,838,778,919,1138,888,892,858
1063: 723,568,733,781
1064: 891,619,719,690,914,918
1065: 688,878,950
1066: 913,627,694,948,1014,720
1067: 1021,538,603,930,1073,756
1068: 826,732,639
1069: 1191,961,503,851,1088
1070: 973,505
1071: 683,739,1109,946,1152
1072: 663,1162,696,967,714,556,866
1073: 538,603,1021,1067
1074: 1082,959,944,1134
1075: 1167,931,905,1031,928,976
1076: 689,1156,821
1077: 576,536,761
1078: 828,636,731,1176,1129
1079: 736,1058,912
1080: 1095,749,1027
1081: 
1082: 959,1171,1074
1083: 813,887,996,765,819
1084: 938,859,1051,867
1085: 1006,1036,517,886,1197
1086: 752,1040
1087: 1119,1123,1184,871,1132
1088: 961,834,1191,1069,899,1190
1089: 1133,652,1188,755,1163
1090: 926,902,728,692,680
1091: 883,697,758
1092: 553,895,996,1105,812
1093: 
1094: 626,1038,665,1046,515,1112
1095: 896,749,1027,1080
1096: 560,796
1097: 728,1195
1098: 779,764,518,1009,906,599
1099: 1025,832,1054,591,738,937
1100: 1055,957,1174,1145,567
1101: 545,584,528,678,1177
1102: 804,1042,1165,855
1103: 1170,595
1104: 604,1196,873,1111,1192
1105: 812,1092,895,996
1106: 1194,671,798
1107: 857
1108: 888,770
1109: 739,683,1071
1110: 839,1166,772,741,992,739,699
1111: 873,1104,1192,1042
1112: 669,927,626,1094,840,502
1113: 527,905,1031,928,615
1114: 855,991,1161,1039,870,558,1137
1115: 965,596
1116: 847,729,589,746,608,1178,1158
1117: 528,678,653,547,529,762,545
1118: 845,534,915,817
1119: 1087,1123,1184,871,1132
1120: 829,618,614,854,894,1127
1121: 533,951,930
1122: 617,1195,699,946
1123: 1087,1119,871,1132
1124: 665,1046,960
1125: 578,955,500,597,573,622,535
1126: 1142
1127: 1120,614,854,894,653,547,958,548,768
1128: 1198,631,848
1129: 1037
1130: 594,563
1131: 910,822,659
1132: 871,975,1087,1119,1123
1133: 1089,755,1163,616
1134: 856,1074,784
1135: 1189,998,789,825,932,791,900
1136: 984,966,935,587
1137: 558,1140,1114,870,698
1138: 919,807,1062,892,858
1139: 
1140: 558,1137,870,698,559
1141: 1153
1142: 1126
1143: 689,677
1144: 944,625
1145: 1055,957,1100,567,649
1146: 994,620,788
1147: 708,742,987,897,750
1148: 531,1037
1149: 716,803
1150: 817,885,876
1151: 1039,983,651
1152: 946,705
1153: 1141,920
1154: 852,596,759
1155: 1037,884
1156: 1076,830,821
1157: 893,908
1158: 1044,1116,746,955,1178,500,513
1159: 508,551
1160: 863,607,999
1161: 991,585,1165,855,1114,870
1162: 663,696,903,940,967,1072
1163: 755,1188,504,703,1089,1133,616
1164: 877,941,929,831,590,916
1165: 1042,1102,855,991,1161
1166: 772,1177,1110,839
1167: 1075,945,931
1168: 610,658
1169: 564,1056
1170: 1103,595
1171: 1082,959
1172: 1174
1173: 542,632,594,563,725
1174: 1055,957,650,1100,1172,649
1175: 752
1176: 537,1016,509,828,636,731,962,1078
1177: 1101,1166,772
1178: 847,1116,746,1158,1044,874,513
1179: 673,748,610,897
1180: 660,934
1181: 796,747,579,562
1182: 1060,943,982
1183: 503,1191
1184: 871,1087,1119,1123
1185: 860,831,798,916,668
1186: 552,1197,921
1187: 
1188: 504,808,971,575,1023,652,703,1089,755,1163
1189: 1135,998,789,825,932,900
1190: 899,704,834,1088,667,1057
1191: 1069,961,503,1088,1183,857
1192: 1104,1196,873,1111,1042,546,606
1193: 624,934,672,941,872,550
1194: 1106,753,671
1195: 1097,617,1122,814
1196: 604,730,1104,873,1192
1197: 1006,1036,1085,1186,921,992
1198: 1128,631,972
1199: 804
1202: 17,14,69,134,1210,1229,1227,1228,35,62,1,1208,30,5,1207,71,480,381
1203: 48,72,1238,1234,1211,89,1236,1,1235,1208,30,5,1207,1239,1237,1233,29,199,140,232
1204: 64,82,61,26,44,168,3,56,9,83,74,6,8
1205: 1218,47,1216,10,7,37,51,1231,55,85,28,1217,1212,1226,73,1215,1214,45
1206: 1221,68,83,74,6,8,2,31,42,1225,1223,1222,1224,1220,1219,78,41,7,37,51
1207: 1208,30,5,1229,1227,35,1202,17,62,1,71,480,381,1203,29,199
1208: 30,5,1207,1229,35,1202,17,62,1,1235,71,480,381,48,1203,72,1238,29,199
1209: 25,21,38,99,14,0,63,1210,1229,1227,1228,35,16,88,1234,1211,89,1236,1,1235
1210: 1229,1227,1228,35,38,99,22,14,25,21,1209,1202,17,1211,89,1
1211: 1234,89,1236,0,25,21,1209,1210,1229,1227,1228,35,16,88,1,1235,70,1239,1237,1233,48,1203,72,1238
1212: 1217,1226,1213,73,1215,55,1218,47,1216,1205,10,85,75,11,40,28,32,1214,45,361,54,97,58,59,84
1213: 1217,1212,1226,73,1215,55,1218,47,1216,10,85,75,11,40,28,32,1214,45,361,18,54,97,58,27,59,84
1214: 45,1218,47,1216,1205,10,85,0,63,1217,1212,1226,1213,73,1215,16,88,18,54,97,58,27,59,84,60,70
1215: 1217,1212,1226,1213,73,55,1218,47,1216,1205,10,85,75,11,40,28,32,1214,45,361,18,54,97,58,27,59,84
1216: 1218,47,1205,10,7,37,51,1231,55,85,75,11,40,28,32,1217,1212,1226,1213,73,1215,1214,45
1217: 1212,1226,1213,73,1215,55,1218,47,1216,1205,10,85,75,11,40,28,32,1214,45,361,54,97,58,59,84
1218: 47,1216,1205,10,7,37,51,1231,55,85,75,11,40,28,32,1217,1212,1226,1213,73,1215,1214,45
1219: 31,42,1225,1223,1222,1224,1220,78,74,8,66,1206,1221,68,23,37,51,92
1220: 31,42,1225,1223,1222,1224,1219,78,74,8,66,1206,1221,68,23,37,51,1231,1230,92
1221: 1206,68,83,74,8,2,31,42,1225,1223,1222,1224,1220,1219,78,41,7,37,51,1231
1222: 31,42,1225,1223,1224,1220,1219,78,74,8,66,1206,1221,68,23,37,51,1231,1232,1230,92
1223: 31,42,1225,1222,1224,1220,1219,78,74,8,66,1206,1221,68,23,37,51,92
1224: 31,42,1225,1223,1222,1220,1219,78,74,6,8,66,1206,1221,68,23,37,51,92
1225: 31,42,1223,1222,1224,1220,1219,78,74,8,66,1206,1221,68,23,37,51,92
1226: 1217,1212,1213,73,1215,55,1218,47,1216,1205,10,85,75,11,40,28,32,1214,45,18,54,97,58,27,59,84
1227: 1210,1229,1228,35,38,99,22,14,25,21,1209,1202,17,1211,89,1,5,1207
1228: 1210,1229,1227,35,38,99,22,14,25,21,1209,1202,17,1234,1211,89,1236,1,1235,5
1229: 1210,1227,1228,35,38,14,25,21,1209,1202,17,1234,1211,89,1236,1,1235,1208,30,5,1207
1230: 1232,49,92,42,1222,1220,78,23,51,1231,38,99,22,85,0,63,21
1231: 51,1221,68,31,42,1222,1220,23,37,1232,1230,49,92,1218,1216,1205,10,85,0,63
1232: 1230,49,92,42,1222,78,23,76,51,1231,38,99,22,85,0,63,25,21
1233: 1239,1237,16,88,1234,1211,89,1236,1,1235,70,48,1203,72,1238,416,15,140
1234: 1211,89,1236,0,25,1209,1229,1228,16,88,1,1235,60,70,1239,1237,1233,48,1203,72,1238
1235: 1,25,1209,1229,1228,1234,1211,89,1236,1208,30,5,1239,1237,1233,48,1203,72,1238,29,199
1236: 1234,1211,89,0,25,1209,1229,1228,16,88,1,1235,60,70,1239,1237,1233,48,1203,72,1238
1237: 1239,1233,16,88,1234,1211,89,1236,1,1235,60,70,48,1203,72,1238,416,15,140
1238: 48,1203,72,1234,1211,89,1236,1,1235,1208,1239,1237,1233,29,199,15,140,232
1239: 1237,1233,16,88,1234,1211,89,1236,1,1235,60,70,48,1203,72,1238,416,15,140