1574: 1605
543: 
1068: 1632,1688,1750,1656,1630,1655,1659,1653,1654,1657,1658,1640,1638,1627,1619,1624
1141: 1100,461,1688,1750,1634,1656,1708,1746
1543: 1583,1603,904,1349
566: 
949: 1754,1639,1646,1651,1662,1686,1664,1707,1693,1725,1680,1648
1581: 1562,903,1514,1474
1445: 1530,1690,1337
1701: 1671,1700
977: 
1519: 1564,1419,1557,1450,1531,1554,1476,1430,994,1479
1373: 1467,1499,1571,985
1572: 986,1527
1394: 1379,1415,1365,1345,1317,1346,1426,1316,323,1431
535: 
1822: 1824,1847,1778,991,1813,1798,1740
1459: 1525
1509: 1357,1345,1428,1489
583: 
1619: 1640,1638,1627,1644,1624,1632,1068,1731,1655,1659,1657,1636,1645,1639,1646,1651,1662,1686
1376: 1501,1461,1395,1460
900: 
1520: 1495,1424,1672,552,1558,1537,1387,1456
1337: 1690,1530,1445
500: 423
520: 
1393: 1346,1426,1316,323,1431,1415,1345,1317,1461,1395
1602: 1532
1623: 1066,1521,1618,1063,1065,1609,1083,1615,1731,1053
562: 
509: 
1174: 1062,531,700,454,1617,1635,1136,153,478
822: 1487
947: 
563: 541
985: 1499,1571,1467,1373,1419,1557
1450: 1531,1554,1519,1564,1476,1430,994,1478,1506,1479
1434: 1512,410
1556: 1576
995: 
551: 
1532: 1602
957: 
1540: 1499,1571
1687: 1668,1268,1326,1682
961: 1601
495: 468
1456: 1387,1520,1495,1558,487,1537
968: 
1718: 1765,1713,1733,1694,1787,1697
929: 
939: 
905: 
1461: 1346,1393,1426,1316,323,1431,1395,1501,1376
552: 1424,1672,1520,1495
572: 
1506: 1478,1479,1450,1531,1554,994
560: 
504: 
1479: 1478,1506,1519,1450,1531,1554,994
61: 1460
539: 
558: 
1527: 986,1572,456
1495: 1520,1424,1672,552,1558,1537,1387,1456
1582: 591,1569
922: 
589: 
69: 
1600: 1789,477
598: 
1202: 1650,1676
1781: 1767,1779,1752,1827,1836
587: 
515: 
1571: 1499,985,1467,1373,1540,1419,1557
569: 
996: 1728,1792
1823: 1805,1848,1830,1770,1839,1606,1835,1838
1690: 1337,1530,1445
916: 
1172: 1635,1136
1605: 1574
591: 1582
926: 
1487: 822
1513: 1548
532: 555
944: 
582: 
1295: 
948: 
1349: 1583,1603,1543,904
1064: 1088,557,965
588: 
1253: 1278,1617,1635,1136,153,478,1388,1578
994: 1476,1430,1557,1519,1564,1450,1531,1554,1478,1506,1479
1518: 
1496: 1660,1388,1578,1268,1326
1266: 1151,525,575,1840
593: 
1426: 1346,1393,1316,323,1431,1394,1415,1345,1317,1461,1395
544: 
908: 
1606: 1770,1839,1835,1838,1823,1805,1848,1830,1769,1771,1810
955: 
1346: 1393,1426,1316,323,1431,1379,1394,1415,1365,1345,1317,1461,1395
906: 411
1635: 1617,1136,153,478,1062,1174,1172,1253,1278
581: 
498: 
932: 406
575: 525,1151,1266,1840,1844,1762,1843,1782
993: 
1646: 1639,1655,1640,1638,1627,1619,1644,1624,1636,1645,1651,1662,1686,1664,949
531: 1062,1174
1395: 1346,1393,1426,1316,323,1431,1461,1501,1376
1428: 1489,1509,1357
513: 
1278: 1253,1617,1635,1136,153,478,1388,1578
1387: 1456,1520,1495,1558,487,1537
1316: 1346,1393,1426,323,1431,1394,1415,1345,1317,1461,1395
1671: 1700,853,1677,1701
1458: 1397,1443,1598,902,1514
506: 524
975: 
911: 
555: 532
597: 
979: 
988: 
963: 
1684: 1663,492,1650,1676,1268,1326
538: 
951: 
1348: 1402,457
536: 
592: 954
1063: 1618,1065,1609,1083,1612,1067,1069,1620,1615,1731,1623,1521
1562: 1581,903,1514,1474
1569: 1582
986: 1572,1527
559: 970
586: 1788,1841
903: 1581,1562,1514,1474
1589: 1732
596: 1454,1323
1670: 1743,1699,1723,1698,1722,1745,1733,1713
557: 1088,1064
580: 
537: 
978: 
153: 1617,1635,1136,478,1062,1174,1253,1278
980: 
1151: 1266,525,575,1840
568: 
157: 1588
965: 1088,1064
1413: 1453,950
902: 1458,1397
556: 
1503: 1404,1679,1696
1430: 1476,994,1419,1557,1519,1564,1450,1531,1379,1365
541: 563
594: 
166: 1015,1631
1708: 1746,1100,1141,1656,1630,1655,1653,1654
507: 1795,1776,1728,1807,1760,1797
700: 454,1009,1062,1174
1528: 1592,521
519: 
550: 510
1547: 1580
574: 
940: 
1065: 1618,1063,1609,1083,1612,1067,1069,1620,1615,1731,1066,1623,1521
1837: 1811,1699,1783,1741,1801,1832
923: 
1062: 1174,531,700,454,1617,1635,1136,153,478
1053: 1066,1623
901: 
501: 503
1588: 157
992: 
1290: 
534: 1828,1826,1818,1824,1813
967: 546
573: 
547: 
976: 
919: 
1415: 1379,1394,1365,1345,1317,1346,1393,1426,1316,323,1431
1565: 1585,962
590: 
1625: 237
1514: 1474,1458,1397,1581,1562,903
962: 1585,1565
927: 
1578: 1388,1253,1278,1268,1326,1496,1660
584: 
934: 
1531: 1450,1554,1519,1564,1476,1430,994,1478,1506,1479
953: 
1197: 
973: 
517: 
982: 530
1357: 1509,1345,1317,1428,1489
924: 
1453: 1413,950
1424: 1672,552,1520,1495
990: 
578: 
1341: 1477
1149: 1184
1388: 1578,1253,1278,1268,1326,1496,1660
1502: 1536
914: 
1419: 1557,1499,1571,985,1519,1564,1476,1430
1693: 1707,1725,1754,949,1703,1720,1723,1698,1722,1745
1607: 232,408
925: 
1521: 1066,1623,1618,1063,1065,1609,1083,1615,1731,1645
1100: 1141,461,1688,1750,1634,1656,1708,1746
1489: 1428,1509,1357
941: 481
1659: 1630,1655,1653,1654,1657,1658,1688,1750,1632,1068,1656,1640,1638,1627,1619,1624,1639
912: 
950: 1413,1453
943: 
1443: 1598,959,1458,1397
232: 1607,408
1742: 1763,1719,1703,1720,1699
1551: 1414,482
1404: 1503,1679,1696
579: 
237: 1625
508: 
920: 
1379: 1394,1415,1365,1476,1430,1345,1317,1346,323,1431
599: 
1580: 1547
514: 
1476: 1430,994,1419,1557,1519,1564,1450,1531,1379,1365
971: 
972: 
1557: 1419,1499,1571,985,1519,1564,1476,1430,994
1583: 1603,999,1543,1349
1585: 1565,962
1402: 1348,457
1576: 1556
1345: 1317,1379,1394,1415,1365,1346,1393,1426,1316,323,1431,1509,1357
1526: 1561
1512: 1434,410
512: 
942: 
571: 
1478: 1506,1479,1450,1531,1554,994
1501: 1376,1461,1395,1460
1563: 
928: 
1499: 1571,985,1467,1373,1540,1419,1557
567: 
528: 
909: 
1467: 1373,1499,1571,985
524: 506
998: 938
853: 1677,1671,1700
585: 
523: 
1525: 1459
915: 490
1009: 700,454
533: 
959: 1443,1598
913: 
530: 982
496: 
1088: 1064,557,965
522: 
958: 
553: 
1474: 1514,1581,1562,903
1365: 1379,1394,1415,1476,1430,1345,1317,1346,323,1431
1530: 1445,1690,1337
510: 550
542: 
960: 
984: 
952: 
595: 
1561: 1526
505: 472
521: 1592,1528
999: 1583,1603
1795: 981,1756,1819,1755,1776,507
518: 
1680: 1648,1692,949
502: 
956: 
1414: 1551,482,453
933: 1737,1831,1786,1808,1833
904: 1543,1349
1015: 166
1066: 1623,1521,1618,1065,1609,1083,1615,1731,1053
549: 
991: 1847,1778,1822,1798
1268: 1326,1388,1578,1684,1663,1496,1660,1668,1687
1454: 1323,596
311: 1005
554: 
497: 
1536: 1502
548: 
526: 
989: 
1069: 1620,1612,1067,1618,1063,1065,1609,1083,1615
1601: 1590,961
545: 930,1816,1845
576: 407
945: 
323: 1346,1393,1426,1316,1431,1379,1394,1415,1365,1345,1317,1461,1395
981: 1717,1796,1756,1819,1755,1795,1776
946: 
516: 
1637: 
1161: 1650,1676,1682
570: 
1716: 1782,525,1840,1844,1762,1843,1828,1826,1818,1803,1827
1592: 1528,521
918: 
1184: 1149,1811
1714: 1695,1694,1685,1665,1721,577
1323: 1454,596
1686: 1651,1662,1664,1640,1638,1619,1644,1624,1636,1645,1639,1646,949
1243: 1650,1676
499: 
1460: 1501,1376,61
1732: 1589
938: 998
966: 
1700: 1671,853,1677,1701
937: 
1477: 1341
921: 
1698: 1723,1722,1745,1703,1720,1707,1693,1725,1743,1670
1326: 1268,1388,1578,1684,1663,1496,1660,1668,1687
540: 
997: 
503: 501
917: 
1766: 1836,1724
1537: 1558,487,1520,1495,1387,1456
546: 967
1067: 1612,1069,1620,1618,1063,1065,1609,1083
970: 559
1603: 1583,999,1543,1349
1733: 1743,1670,1718,1765,1713,1787,1697
1668: 1687,1650,1268,1326,1682
1719: 1742,1763,1703,1720,1699
1431: 1346,1393,1426,1316,323,1379,1394,1415,1365,1345,1317,1461,1395
931: 
565: 
529: 
1005: 311
561: 
1624: 1640,1638,1627,1619,1644,1632,1068,1630,1655,1659,1653,1654,1657,1658,1636,1645,1639,1646,1651,1662,1686,1664
964: 
1398: 
1317: 1345,1379,1394,1415,1365,1346,1393,1426,1316,323,1431,1357
954: 592
1575: 1642,1641,1643
1590: 1601
1741: 1783,1811,1837,1768,1801,1832
1558: 487,1537,1520,1495,1387,1456
1548: 1513
564: 
511: 
1788: 1807,1841,1730,1834,586
969: 
527: 
1136: 1617,1635,153,478,1062,1174,1172,1253,1278
1554: 1450,1531,1519,994,1478,1506,1479
987: 
935: 
1397: 1458,1443,1598,902,1514
1083: 1618,1063,1065,1609,1612,1067,1069,1620,1615,1731,1066,1623,1521
974: 
907: 
1598: 1443,959,1458,1397
930: 1748,1816,1845,545
577: 1714,1695,1665,1702,1721
983: 
525: 575,1151,1266,1840,1844,1762,1843,1782,1716
1409: 
1564: 1519,1419,1557,1450,1531,1476,1430,994
910: 
936: 
400: 
401: 
402: 
403: 
404: 
405: 
406: 932
407: 576
408: 232,1607
409: 
410: 1434,1512
411: 906
412: 441
413: 
414: 
415: 
416: 
417: 
418: 
419: 
420: 
421: 
422: 
423: 500
424: 
425: 
426: 
427: 
428: 
429: 
430: 
431: 
432: 
433: 
434: 
435: 
436: 
437: 
438: 
439: 
440: 
441: 412
442: 1791,1825
443: 
444: 
445: 
446: 
447: 
448: 456
449: 
450: 
451: 
452: 1724,1748,1845
453: 1414,476
454: 700,1009,1062,1174
455: 
456: 1527,448
457: 1348,1402
458: 
459: 
460: 
461: 1634,1100,1141
462: 
463: 
464: 
465: 
466: 
467: 
468: 495
469: 
470: 
471: 
472: 505
473: 
474: 
475: 
476: 453
477: 1789,1600
478: 1617,1635,1136,153,1062,1174,1253,1278
479: 
480: 
481: 941
482: 1551,1414
483: 
484: 
485: 
486: 
487: 1558,1537,1387,1456
488: 
489: 
490: 915
491: 
492: 1650,1676,1684,1663
493: 
494: 
1609: 1618,1063,1065,1083,1612,1067,1069,1620,1615,1731,1066,1623,1521
1699: 1742,1763,1719,1703,1720,1837,1743,1670
1676: 1202,1243,1161,1650,492,1684,1663,1682
1612: 1067,1069,1620,1618,1063,1065,1609,1083
1721: 1665,1702,1685,1714,1695,577
1672: 1424,552,1520,1495
1615: 1069,1620,1618,1063,1065,1609,1083,1066,1623,1521
1729: 1846,1785
1617: 1635,1136,153,478,1062,1174,1253,1278
1618: 1063,1065,1609,1083,1612,1067,1069,1620,1615,1731,1066,1623,1521
1620: 1069,1612,1067,1618,1063,1065,1609,1083,1615
1627: 1640,1638,1619,1644,1624,1632,1068,1731,1655,1659,1657,1636,1645,1639,1646,1651,1662
1636: 1645,1640,1638,1627,1619,1644,1624,1639,1646,1651,1662,1686,1664
1629: 1633
1630: 1655,1659,1653,1654,1657,1658,1688,1632,1068,1656,1640,1638,1624,1708,1639
1631: 166,1634
1632: 1068,1688,1750,1656,1630,1655,1659,1653,1654,1657,1658,1640,1638,1627,1619,1624
1633: 1629
1634: 461,1631,1100,1141
1638: 1640,1627,1619,1644,1624,1632,1068,1630,1655,1659,1653,1654,1657,1658,1636,1645,1639,1646,1651,1662,1686,1664
1639: 1646,1630,1655,1659,1653,1654,1657,1658,1640,1638,1627,1619,1644,1624,1636,1645,1651,1662,1686,1664,949
1640: 1638,1627,1619,1644,1624,1632,1068,1630,1655,1659,1653,1657,1636,1645,1639,1646,1651,1662,1686
1641: 1643,1575,1642
1642: 1575,1641,1643
1643: 1641,1575,1642
1644: 1640,1638,1627,1619,1624,1636,1645,1639,1646,1651,1662,1686,1664
1645: 1636,1731,1521,1640,1638,1627,1619,1644,1624,1639,1646,1651,1662,1686,1664
1685: 1714,1695,1665,1702,1721
1648: 1680,1692,949
1696: 1679,1503,1404
1650: 1202,1243,1161,1676,492,1684,1663,1682,1668
1651: 1662,1686,1664,1640,1638,1627,1619,1644,1624,1636,1645,1639,1646,949
1677: 853,1671,1700
1653: 1630,1655,1659,1654,1657,1658,1688,1750,1632,1068,1656,1640,1638,1624,1708,1639
1654: 1630,1655,1659,1653,1657,1658,1688,1632,1068,1656,1638,1624,1708,1746,1639
1655: 1630,1659,1653,1654,1657,1658,1688,1632,1068,1656,1640,1638,1627,1619,1624,1708,1746,1639,1646
1656: 1688,1632,1068,1100,1141,1630,1655,1659,1653,1654,1657,1658,1708,1746
1657: 1630,1655,1659,1653,1654,1658,1688,1750,1632,1068,1656,1640,1638,1627,1619,1624,1639
1658: 1630,1655,1659,1653,1654,1657,1688,1750,1632,1068,1656,1638,1624,1639
1660: 1496,1388,1578,1268,1326
1720: 1703,1742,1763,1719,1693,1699,1723,1698
1662: 1651,1686,1664,1640,1638,1627,1619,1644,1624,1636,1645,1639,1646,949
1663: 1684,492,1650,1676,1268,1326
1664: 1651,1662,1686,1638,1644,1624,1636,1645,1639,1646,949
1665: 1702,1721,1685,1714,1695,577
1679: 1696,1503,1404
1682: 1161,1650,1676,1668,1687
1689: 1817,1768,1832,1790
1688: 1750,1632,1068,1100,1141,1656,1630,1655,1659,1653,1654,1657,1658
1797: 1760,507,1807
1692: 1680,1648
1694: 1718,1765,1713,1714,1695
1695: 1714,1694,1685,1665,1702,1721,577
1697: 1787,1733,1718,1765,1713,1773,1809
1702: 1665,1721,1685,1695,577
1703: 1720,1742,1763,1719,1693,1699,1723,1698,1745
1814: 1775,1786
1767: 1779,1781,1752,1736,1751
1842: 1806,1830,1839,1838
1707: 1693,1725,1754,949,1723,1698,1722,1745
1731: 1618,1063,1065,1609,1083,1066,1623,1521,1627,1619,1645
1730: 1834,1820,1756,1819,1804,1821,1793,1788,1841
1724: 1836,1766,452
1713: 1718,1765,1743,1670,1733,1694,1787,1697
1717: 1796,1769,1771,1810,981
1722: 1723,1698,1745,1707,1693,1743,1670
1723: 1698,1722,1745,1703,1720,1707,1693,1725,1743,1670
1725: 1707,1693,1754,949,1723,1698
1841: 1788,1807,1730,1834,586
1728: 1792,996,507
1807: 1788,1841,507,1760,1797
1772: 1802
1736: 1751,1767,1779
1737: 933,1831,1786,1808,1833
1830: 1823,1805,1848,1770,1839,1606,1835,1838,1842,1806
1765: 1718,1713,1733,1694,1787,1697
1740: 1822,1798,1786
1743: 1670,1699,1723,1698,1722,1745,1733,1713
1778: 1847,1824,991,1813,1822,1798
1745: 1723,1698,1722,1703,1707,1693,1743,1670
1746: 1708,1100,1141,1656,1655,1654
1796: 1717,1769,1771,1810,981
1748: 452,1808,930,1816,1845,1833
1813: 1824,1847,1778,534,1822
1750: 1688,1632,1068,1100,1141,1659,1653,1657,1658
1751: 1736,1767,1779
1752: 1767,1779,1781,1827,1836
1801: 1768,1832,1783,1741,1837,1817
1754: 949,1707,1693,1725
1755: 1756,1819,981,1820,1795,1804,1821,1793
1756: 1819,1755,981,1820,1795,1804,1821,1793,1730,1834
1835: 1770,1839,1606,1838,1823,1805,1848,1830,1769,1771,1810
1760: 1797,507,1807
1762: 1844,1843,525,575,1840,1782,1716,1803,1827
1763: 1742,1719,1703,1720,1699
1825: 442,1791
1768: 1801,1832,1741,1817,1689
1769: 1771,1810,1606,1835,1717,1796
1770: 1839,1606,1835,1838,1823,1805,1848,1830
1771: 1769,1810,1606,1835,1717,1796
1773: 1809,1787,1697,1790
1775: 1814,1786
1776: 981,1795,507
1779: 1767,1781,1752,1827,1736,1751
1782: 1716,525,575,1840,1844,1762,1843,1828,1826,1818,1803,1827
1783: 1741,1811,1837,1801,1832
1785: 1729,1846
1786: 1740,1775,1814,1831,933,1737
1787: 1697,1733,1718,1765,1713,1773,1809
1789: 1600,477
1790: 1817,1689,1773,1809
1791: 442,1825
1792: 1728,996
1793: 1804,1821,1820,1756,1819,1755,1730,1834
1798: 1847,1778,991,1822,1740
1809: 1773,1787,1697,1790
1802: 1772
1803: 1844,1762,1843,1782,1716,1827
1804: 1821,1793,1820,1756,1819,1755,1730,1834
1805: 1823,1848,1830,1770,1839,1606,1835
1806: 1842,1830,1838
1808: 1831,1748,933,1737,1816,1845,1833
1810: 1769,1771,1839,1606,1835,1838,1717,1796
1811: 1184,1783,1741,1837
1844: 1762,1843,525,575,1840,1782,1716,1803,1827
1816: 1845,1748,1808,930,1833,545
1817: 1689,1768,1801,1832,1790
1818: 1828,1826,1840,1782,1716,1827,534
1819: 1756,1755,981,1820,1795,1804,1821,1793,1730,1834
1820: 1756,1819,1755,1804,1821,1793,1730,1834
1821: 1804,1793,1820,1756,1819,1755,1730,1834
1824: 1847,1778,534,1813,1822
1826: 1828,1818,1840,1782,1716,1827,534
1827: 1844,1762,1843,1782,1716,1828,1826,1818,1803,1779,1781,1752
1828: 1826,1818,1840,1782,1716,1827,534
1831: 1786,1808,933,1737
1832: 1768,1801,1783,1741,1837,1817,1689
1833: 1748,1808,933,1737,1816,1845
1834: 1730,1820,1756,1819,1804,1821,1793,1788,1841
1836: 1781,1752,1766,1724
1838: 1770,1839,1606,1835,1823,1848,1830,1842,1806,1810
1839: 1770,1606,1835,1838,1823,1805,1848,1830,1842,1810
1840: 1151,1266,525,575,1844,1762,1843,1782,1716,1828,1826,1818
1843: 1844,1762,525,575,1840,1782,1716,1803,1827
1845: 1816,452,1748,1808,930,1833,545
1846: 1729,1785
1847: 1778,1824,991,1813,1822,1798
1848: 1823,1805,1830,1770,1839,1606,1835,1838