0: 23,49,92,99,31,74,42,8,1206,13,66,78,76,43,90,57,22,95,7,68,51,37,25,14,1210,38,85,10,45,1205,88,89,16,63,1,21,1211,1209
1: 21,1211,1209,23,49,92,0,99,25,14,1210,38,19,1202,69,17,88,89,16,63,35,1207,30,5,84,70,60,15,48,72,1203,1208
2: 83,86,3,6,26,56,1204,82,61,31,74,42,8,1206,79,94,91,55,41,7,68,51,37
3: 6,26,77,64,44,56,1204,82,61,83,2,86,31,74,42,8,1206
4: 96,79,94,91,55,41,40,75,11,28,47,97,32,73
5: 35,1207,30,25,14,1210,38,19,1202,69,17,1,21,1211,1209,71,62,15,48,72,1203,1208,29
6: 3,26,77,64,44,56,1204,82,61,83,2,86,31,74,42,8,1206
7: 68,51,37,83,2,86,31,74,42,8,1206,13,66,78,76,91,55,41,23,49,92,0,99,40,75,11,28,47,85,10,45,1205,88,89,16,63
8: 31,74,42,1206,3,6,26,56,1204,82,61,9,46,33,83,2,86,13,66,78,76,91,55,41,7,68,51,37,23,49,92,0,99
9: 46,33,44,98,65,56,1204,82,61,67,39,31,74,42,8,1206,13,66,78,76,43,90,57,22,95
10: 85,45,1205,91,55,41,7,68,51,37,23,49,92,0,99,40,75,11,28,47,88,89,16,63,97,32,73,58,59,54,84,70,60
11: 40,75,28,47,79,94,91,55,41,7,68,51,37,96,4,85,10,45,32,73
12: 93,98,65,64,80,44,56,82,46,33,67
13: 66,78,76,56,1204,82,61,9,46,33,67,39,31,74,42,8,1206,43,90,57,22,95,7,68,51,37,23,49,92,0,99,25,14,1210,38
14: 25,1210,38,13,66,78,76,43,90,57,22,95,53,52,20,34,23,49,92,0,99,19,1202,69,17,88,89,16,63,1,21,1211,1209,35,1207,30,5
15: 48,72,88,89,16,1,21,1211,1209,5,84,70,60,1203,1208,81
16: 88,89,63,7,68,51,37,23,49,92,0,99,25,14,1210,38,85,10,45,1205,1,21,1211,1209,58,59,54,84,70,60,15,48,72
17: 19,1202,69,43,90,57,22,95,53,52,20,34,25,14,1210,38,1,21,1211,1209,35,1207,30,5,71,62
18: 27,24,97,32,73,58,59,54,84,70,50
19: 1202,69,17,43,90,57,22,95,53,52,20,34,25,14,1210,38,1,21,1211,1209,35,1207,30,5,71,62
20: 53,52,34,67,39,36,43,90,57,22,95,25,14,1210,38,19,1202,69,17
21: 1,1211,1209,23,49,92,0,99,25,14,1210,38,19,1202,69,17,88,89,16,63,35,1207,30,5,84,70,60,15,48,72,1203,1208
22: 43,90,57,95,9,33,67,39,36,13,66,78,76,53,52,20,34,23,49,92,0,99,25,14,1210,38,19,1202,69,17
23: 49,92,0,99,31,74,42,8,1206,13,66,78,76,43,90,57,22,95,7,68,51,37,25,14,1210,38,85,10,45,1205,88,89,16,63,1,21,1211,1209
24: 27,18,97,73,58,59,54,84,70,60,81,50
25: 14,1210,38,13,66,76,43,57,22,53,20,23,49,92,0,99,19,1202,69,17,88,89,16,63,1,21,1211,1209,35,1207,5
26: 3,6,77,64,80,44,56,1204,82,61,83,2,86,31,74,42,8,1206
27: 24,18,97,32,73,58,59,54,84,70,81,50
28: 40,75,11,47,91,55,41,7,68,51,37,4,85,10,45,1205,32,73,58,59,54
29: 1207,30,5,71,62,1203,1208
30: 35,1207,5,14,38,19,1202,69,17,1,21,1209,71,62,48,72,1203,1208,29
31: 74,42,8,1206,3,6,26,56,1204,82,61,9,46,33,83,2,86,13,66,78,76,91,55,41,7,68,51,37,23,49,92,0,99
32: 97,73,4,40,75,11,28,47,85,10,45,58,59,54,27,18
33: 9,46,64,80,44,93,12,98,65,87,56,1204,82,61,67,39,31,74,42,8,1206,13,66,78,76,43,90,57,22,95
34: 53,52,20,67,39,36,43,90,57,22,95,14,38,19,69,17
35: 1207,30,5,25,14,1210,38,19,1202,69,17,1,21,1211,1209,71,62,48,72,1203,1208
36: 87,67,39,43,90,57,22,95,53,52,20,34
37: 7,68,51,83,2,86,31,74,42,8,1206,13,66,78,76,91,55,41,23,49,92,0,99,40,11,28,47,85,10,45,1205,88,89,16,63
38: 25,14,1210,13,66,78,76,43,90,57,22,95,53,52,20,34,23,49,92,0,99,19,1202,69,17,88,89,16,63,1,21,1211,1209,35,1207,30,5
39: 67,93,98,65,87,9,46,33,36,13,66,78,76,43,90,57,22,95,53,52,20,34
40: 75,11,28,47,91,55,41,7,68,37,4,85,10,45,97,32,73,58,59,54
41: 91,55,83,2,86,31,74,42,8,1206,94,7,68,51,37,4,40,11,28,47,85,10,45,1205
42: 31,74,8,1206,3,6,26,56,1204,82,61,9,33,83,2,86,13,66,78,76,91,55,41,7,68,51,37,23,49,92,0,99
43: 90,57,22,95,9,46,33,67,39,36,13,66,78,76,53,52,20,34,23,49,92,0,99,25,14,1210,38,19,1202,69,17
44: 64,80,77,93,12,98,65,3,6,26,56,1204,82,61,9,46,33
45: 85,10,1205,91,55,41,7,68,51,37,23,49,92,0,99,40,11,28,47,88,89,16,63,97,32,73,58,59,54,84,70,60
46: 9,33,64,80,44,93,12,98,65,56,1204,82,61,67,39,31,74,8,13,66,78,43,95
47: 40,75,11,28,91,55,41,7,68,51,37,4,85,10,45,1205,32,73,58,59,54
48: 15,72,88,89,16,1,21,1211,1209,35,1207,30,5,84,70,1203,1208
49: 23,92,0,99,31,74,42,8,1206,13,66,78,76,43,90,57,22,95,7,68,51,37,25,14,1210,38,85,10,45,1205,88,89,16,63,1,21,1211,1209
50: 81,58,54,84,70,72,27,24,18
51: 7,68,37,83,2,86,31,74,42,8,1206,13,66,78,76,91,55,41,23,49,92,0,99,11,28,47,85,10,45,1205,88,89,16,63
52: 53,20,34,67,39,36,43,90,57,22,95,14,38,19,69,17
53: 52,20,34,67,39,36,43,90,57,22,95,25,14,1210,38,19,1202,69,17
54: 58,59,40,75,28,47,85,10,45,88,16,97,32,73,84,70,60,27,24,18,50
55: 91,41,83,2,86,31,74,42,8,1206,79,94,7,68,51,37,96,4,40,75,11,28,47,85,10,45,1205
56: 1204,82,61,77,64,80,44,93,12,98,65,3,6,26,9,46,33,83,2,86,31,74,42,8,1206,13,66,78,76
57: 43,90,22,95,9,33,67,39,36,13,66,78,76,53,52,20,34,23,49,92,0,99,25,14,1210,38,19,1202,69,17
58: 59,54,40,28,47,85,10,45,1205,88,16,63,97,32,73,84,70,60,27,24,18,50
59: 58,54,40,28,47,85,10,45,1205,88,89,16,63,97,32,73,84,70,60,27,24,18
60: 84,70,85,10,45,1205,88,89,16,63,1,21,1211,1209,58,59,54,15,72,24
61: 56,1204,82,77,64,44,65,3,6,26,9,46,33,83,2,86,31,74,42,8,1206,13,66,78
62: 71,19,1202,69,17,35,1207,30,5,1203,1208,29
63: 88,89,16,7,68,51,37,23,49,92,0,99,25,14,1210,38,85,10,45,1205,1,21,1211,1209,58,59,84,70,60,72
64: 80,44,77,93,12,98,65,3,6,26,56,1204,82,61,46,33
65: 93,12,98,64,80,44,87,56,1204,82,61,9,46,33,67,39
66: 13,78,76,56,1204,82,61,9,46,33,67,39,31,74,42,8,1206,43,90,57,22,95,7,68,51,37,23,49,92,0,99,25,14,1210,38
67: 39,93,12,98,65,87,9,46,33,36,13,66,78,76,43,90,57,22,95,53,52,20,34
68: 7,51,37,83,2,86,31,74,42,8,1206,13,66,78,76,91,55,41,23,49,92,0,99,40,75,11,28,47,85,10,45,1205,88,89,16,63
69: 19,1202,17,43,90,57,22,95,53,52,20,34,25,14,1210,38,1,21,1211,1209,35,1207,30,5,71,62
70: 84,60,85,10,45,1205,88,89,16,63,1,21,1211,1209,58,59,54,15,48,72,27,24,18,81,50
71: 62,19,1202,69,17,35,1207,30,5,1203,1208,29
72: 15,48,88,89,16,63,1,21,1211,1209,35,1207,30,5,84,70,60,1203,1208,81,50
73: 97,32,96,4,40,75,11,28,47,85,10,45,1205,58,59,54,27,24,18
74: 31,42,8,1206,3,6,26,56,1204,82,61,9,46,33,83,2,86,13,66,78,76,91,55,41,7,68,51,37,23,49,92,0
75: 40,11,28,47,91,55,7,68,96,4,85,10,97,32,73,54
76: 13,66,78,56,9,33,67,39,31,74,42,8,43,90,57,22,95,7,68,51,37,23,49,92,0,99,25,14,1210,38
77: 64,44,3,6,26,56,1204,82,61
78: 13,66,76,56,1204,61,9,46,33,67,39,31,74,42,8,1206,43,90,57,22,95,7,68,51,37,23,49,92,0,99,14,38
79: 94,83,2,86,91,55,96,4,11
80: 64,44,93,12,98,65,26,56,82,46,33
81: 50,84,70,15,72,27,24
82: 56,1204,61,77,64,80,44,12,98,65,3,6,26,9,46,33,83,2,86,31,74,42,8,1206,13,66
83: 2,86,3,6,26,56,1204,82,61,31,74,42,8,1206,79,94,91,55,41,7,68,51,37
84: 70,60,85,10,45,1205,88,89,16,63,1,21,1211,1209,58,59,54,15,48,72,27,24,18,81,50
85: 10,45,1205,91,55,41,7,68,51,37,23,49,92,0,99,40,75,11,28,47,88,89,16,63,97,32,73,58,59,54,84,70,60
86: 83,2,3,6,26,56,1204,82,61,31,74,42,8,1206,79,94,91,55,41,7,68,51,37
87: 93,65,33,67,39,36
88: 89,16,63,7,68,51,37,23,49,92,0,99,25,14,1210,38,85,10,45,1205,1,21,1211,1209,58,59,54,84,70,60,15,48,72
89: 88,16,63,7,68,51,37,23,49,92,0,99,25,14,1210,38,85,10,45,1205,1,21,1211,1209,59,84,70,60,15,48,72
90: 43,57,22,95,9,33,67,39,36,13,66,78,76,53,52,20,34,23,49,92,0,99,14,1210,38,19,69,17
91: 55,41,83,2,86,31,74,42,8,1206,79,94,7,68,51,37,96,4,40,75,11,28,47,85,10,45,1205
92: 23,49,0,99,31,74,42,8,1206,13,66,78,76,43,90,57,22,95,7,68,51,37,25,14,1210,38,85,10,45,1205,88,89,16,63,1,21,1211,1209
93: 12,98,65,64,80,44,87,56,46,33,67,39
94: 79,83,2,86,91,55,41,96,4,11
95: 43,90,57,22,9,46,33,67,39,36,13,66,78,76,53,52,20,34,23,49,92,0,99,14,38,19,69,17
96: 4,79,94,91,55,75,11,73
97: 32,73,4,40,75,85,10,45,58,59,54,27,24,18
98: 93,12,65,64,80,44,56,1204,82,9,46,33,67,39
99: 23,49,92,0,31,42,8,13,66,78,76,43,90,57,22,95,7,68,51,37,25,14,1210,38,85,10,45,1205,88,89,16,63,1,21,1211,1209
100: 459,187,367,223,169
101: 466,143,392,105,420,263,189,443,294,306,281
102: 302,305,477,131
103: 427,135,168,413,267
104: 198,124,194,357,321,418,256,318,387
105: 420,263,142,119,166,143,392,189,443,294,306,101
106: 220
107: 460,455,380,155,127,239,453,471,280
108: 387,362,320,227,349
109: 210,133,421,372,457,211,137
110: 123,115,432,111,455,380,155
111: 233,123,461,115,110,374,155,127
112: 132,187,133
113: 258,166,189,443,454,276
114: 157,248,296,315,451
115: 461,148,123,110,233,111,374
116: 317
117: 412,241,298,292,195,437
118: 398,149,172,323,277,186,312,196
119: 299,425,142,166,105,420,263,189,443,294
120: 484,344,438,431,354,368,396,269
121: 201,360,458,275,385,243,218
122: 477,485,375,293,316,324,175
123: 439,391,461,115,432,110,111
124: 198,104,194,387
125: 482,298,319,444,412,401,497
126: 
127: 111,155,436,460,107,489,496
128: 428,208,415,327,242
129: 361,355,164
130: 284,379,251,182,339
131: 393,305,102,285,151,375,236
132: 441,112,192,389,187,314,367,224,459
133: 112,213,187,421,459,210,109
134: 381,480
135: 427,465,185,168,103
136: 410,303,429,171,170,442
137: 109,211,252,495
138: 394,295,397,154,366,376
139: 170,494,200,445,323,288,462,277,186,312,488,398
140: 232,199
141: 440,468,156,493,313,482,319,444,253
142: 299,119,143,105
143: 392,142,105,420,263,306,466,101
144: 332,254,235,473,406,382
145: 492,336
146: 176,394,154,366,376,434
147: 350,351,249,271,242,258,191
148: 461,115
149: 398,118,172,277,186,312,464,342,328,181,196
150: 448,321,418,256,318,320
151: 285,131,375,236,248,296,234
152: 452,209,359,177,158,377
153: 388,438,356,353,396,190
154: 366,397,394,138,376,176,146,434
155: 432,110,111,455,380,127,239,460,107
156: 493,158,377,440,468,141,313,265
157: 114,248,415,327,315,451
158: 152,452,377,240,440,156
159: 370,469,279,426,202,217
160: 404,372,237,407,252,340
161: 314,389,333,346,221,367,224,378,223
162: 450,356,353,396,190,178,411,269
163: 
164: 129,355,416,311,290,225
165: 363,408,193,205,410,303,197,171
166: 299,119,113,105,420,263,189,443,294,276
167: 490,348,474,329
168: 465,185,427,135,103
169: 459,100,210
170: 442,136,494,200,445,139
171: 429,165,363,410,303,197,136,203,423
172: 398,149,118,277,312,347,464,342,328,181,196
173: 183,216,301
174: 270,435,406,273,481
175: 293,316,324,122,375,236,234
176: 146,154,376,434
177: 409,152,209,291,377,483
178: 411,467,356,190,162,450
179: 317,384,463
180: 250,226,371,490
181: 196,149,172,328,332,254,473,475
182: 251,339,130,284,379
183: 173,216,301
184: 230,246,399,281,247,439,461
185: 465,427,135,168
186: 277,312,488,200,445,139,323,288,462,398,149,118,464
187: 112,132,133,367,459,100
188: 200,445,288,462
189: 443,294,119,166,113,105,420,263,454,276,101
190: 396,153,356,353,178,411,162,450
191: 147,350,351,258
192: 389,297,217,132,441,346,221,314,224
193: 205,472,165,363,197
194: 422,331,446,275,325,357,198,104,124
195: 437,292,412,117,214,456
196: 181,149,118,172,328,332,254
197: 193,205,165,363,410,171,336,203,423
198: 104,124,194,422,331,357,321,256
199: 140,232
200: 445,170,188,139,288,462,186
201: 121,364,360,458,385
202: 279,426,159,370,469,228,373,430
203: 423,197,171,336,278
204: 240,486,212
205: 193,472,165,363,197
206: 402,273,417,304,283,330,245
207: 280,453,496,471,238,400,364,360,458
208: 415,428,128,327
209: 152,452,359,352,177,377
210: 109,133,421,457,211,169
211: 457,210,109,252,137,495
212: 204,240,486,482
213: 309,133,421
214: 497,195,437,300
215: 253,313,265,401
216: 308,173,183,301
217: 159,370,297,430,192,346,221
218: 325,243,121,275,385,422,331,357,256
219: 
220: 
221: 333,346,430,217,192,389,161,314
222: 283,310,345,245,322,499
223: 161,314,367,224,459,100
224: 367,192,389,132,441,161,314,459,223
225: 290,355,164,416,311
226: 180,250,371,490,491,348
227: 349,318,108,320,498,326,287
228: 202,373
229: 
230: 246,399,306,281,247,184
231: 467,485,356
232: 140,199
233: 111,461,115,374
234: 151,375,236,293,175,296
235: 347,342,328,307,435,144,332,254,270
236: 375,285,131,151,324,175,296,234
237: 407,404,160,340
238: 400,489,496,280,207,360,458,261
239: 453,455,380,155,460,107,471
240: 486,158,204,440,212
241: 298,292,117
242: 428,128,327,271,315,147,350,351,249
243: 325,218,121,275,385,331,357,256
244: 487,365,264,419
245: 304,206,402,330,222,341
246: 230,399,306,466,281,247,184
247: 281,466,230,246,399,184
248: 114,157,415,151,327,296,451
249: 147,350,351,271,242,403,258
250: 180,424,255,289,376,226,371
251: 182,339,130,284,379
252: 457,160,211,137,495
253: 215,141,313,265,319,444,401,497
254: 144,332,328,181,196,235,473,475,382
255: 289,394,424,250
256: 321,418,325,243,218,357,198,104,318,150
257: 414,286,456,433,266,437,337,383
258: 403,147,249,191,113
259: 340,407
260: 269
261: 268,238,422,331
262: 478,369
263: 105,420,119,166,143,189,443,294,306,466,101
264: 244,365,419
265: 313,468,156,493,253,215
266: 449,433,337,257,414,286,456
267: 413,103,338
268: 261,446,422
269: 396,120,484,162,260
270: 174,307,435,235,406,481
271: 428,242,403,147,350,351,249
272: 315,451,478,369
273: 481,174,304,206
274: 377,483,156,493
275: 385,121,194,422,331,325,243,218,357
276: 454,166,113,189,443,294
277: 186,312,488,445,139,323,288,398,149,118,172,464
278: 203,423
279: 426,202,334,159,370,469
280: 207,453,107,496,471,238,400,364,360,458
281: 247,466,101,230,246,399,395,184
282: 310,322,499,397
283: 417,405,390,206,402,345,222
284: 130,379,251,182,339
285: 393,305,335,131,151,236
286: 257,414,456,266,437,337,383
287: 320,227,349,498,326
288: 462,188,200,445,139,277,186,312,488,464
289: 255,394,424,376,250
290: 225,355,164,416,311
291: 491,409,348,177,470,483
292: 241,298,412,117,195
293: 316,324,175,122,375,234
294: 189,443,119,166,105,420,263,454,276,466,101
295: 341,138
296: 151,236,114,248,234
297: 343,217,192,389,441
298: 241,125,482,292,412,117
299: 425,403,142,119,166
300: 401,497,214
301: 216,173,183
302: 102,477,485
303: 410,408,165,429,171,136
304: 273,481,206,402,330,245
305: 393,102,285,131
306: 143,392,105,420,263,466,101,230,246,399
307: 435,347,464,342,235,270
308: 216
309: 213,421,372,457
310: 345,405,390,222,322,499,282
311: 355,164,290,225
312: 277,186,488,445,139,323,288,462,398,149,118,172,347,464,342
313: 265,440,468,156,493,141,444,253,215
314: 161,192,389,132,441,333,346,221,367,224
315: 428,327,114,157,242,451,351,272
316: 293,324,175,122,375
317: 116,179,384,463
318: 104,321,418,256,387,150,448,320,227,349
319: 444,141,125,482,253,401,497
320: 321,418,318,108,387,150,448,227,349,498,326,287
321: 418,256,325,357,198,104,318,150,448,320
322: 499,310,345,222,282,397
323: 494,139,277,186,312,398,118
324: 293,316,175,122,375,236
325: 243,218,275,385,194,422,331,357,321,256
326: 498,448,320,227,349,287
327: 208,415,428,128,157,248,242,315,451
328: 342,149,172,347,464,181,196,435,235,332,254
329: 167,474,470
330: 304,206,245,341
331: 194,422,261,275,385,325,243,218,357,198
332: 144,254,342,328,181,196,235,473,382
333: 346,221,430,389,161,314,378
334: 362,279,426,469
335: 285
336: 197,492,203,423,145
337: 449,433,266,407,257,414,286,456,383
338: 413,267,386,358
339: 251,182,130,284,379
340: 259,160,237,407
341: 330,245,295
342: 328,312,488,149,172,347,464,307,435,235,332
343: 297,441
344: 438,431,354,368,120
345: 310,405,390,283,222,322
346: 333,221,430,217,192,389,161,314
347: 464,312,488,172,342,328,307,435,235
348: 491,409,226,371,490,167,474,291
349: 227,318,108,387,320,326,287
350: 147,351,249,271,242,403,191
351: 147,350,249,271,242,315,191
352: 359,452,209
353: 356,388,153,467,396,190,411,162
354: 431,368,344,438,120,484
355: 361,129,164,311,290,225
356: 353,388,153,231,467,396,190,178,411,162,450
357: 275,385,194,422,331,325,243,218,198,104,321,256
358: 338,386,487
359: 352,152,452,209
360: 458,471,280,207,364,201,121
361: 365,419,129,355
362: 108,387,334
363: 165,193,205,410,197,171
364: 471,280,207,360,458,201
365: 487,244,264,419,361
366: 154,397,394,138,376,146,434
367: 224,389,132,441,187,161,314,459,100,223
368: 431,354,344,120,484
369: 272,478,262
370: 159,469,279,426,202,373,430,217
371: 490,180,250,226,491,348
372: 457,309,421,160,109
373: 426,202,370,228,430
374: 461,115,233,111
375: 236,131,122,151,293,316,324,175,234
376: 394,138,154,366,289,176,146,250
377: 152,209,177,158,483,440,156
378: 333,346,221,161,314
379: 130,284,251,182,339
380: 455,432,110,155,239,460,107
381: 134,480
382: 406,144,332,254,473,475
383: 337,257,414,286
384: 463,317,179
385: 275,201,121,331,325,243,218,357
386: 338,358
387: 108,104,124,318,362,320,349
388: 153,356,353
389: 192,297,132,441,333,346,221,161,314,367,224
390: 405,283,310,345
391: 439,123,432
392: 143,105,420,306,466,101
393: 305,285,131
394: 138,154,366,255,289,376,146
395: 466,101,281
396: 190,153,438,356,353,120,484,411,162,450,269
397: 322,499,282,138,154,366
398: 149,118,172,139,323,277,186,312,488,464
399: 230,246,306,466,281,247,184
400: 238,460,107,489,496,280,207,360,458
401: 497,125,319,444,253,215
402: 206,417,304,283,245
403: 271,350,249,299,425,258
404: 160,237,407
405: 390,283,310,345
406: 382,144,473,174,270,481,417
407: 237,404,449,433,160,337,340,259
408: 165,410,303
409: 491,348,490,177,291
410: 303,408,165,363,197,429,171,136
411: 178,467,356,353,396,190,162,450
412: 117,298,125,482,292,195
413: 267,103,338
414: 257,286,456,266,337,383
415: 208,428,128,327,157,248
416: 164,290,225
417: 406,481,304,206,402,283
418: 321,256,104,318,150,448,320
419: 244,365,264,361
420: 105,263,119,166,143,392,189,443,294,306,466,101
421: 213,309,133,372,457,210,109
422: 194,331,261,268,446,275,325,218,357,198
423: 203,197,429,171,336,278
424: 255,289,180,250
425: 299,403,119
426: 279,202,334,159,370,469,373
427: 135,465,185,168,103
428: 128,208,415,327,271,242,315
429: 171,410,303,136,423
430: 202,370,373,217,333,346,221
431: 354,368,344,438,120,484
432: 439,391,123,110,455,380,155
433: 449,266,407,337,257,456
434: 154,366,176,146
435: 307,347,464,342,328,235,174,270
436: 127,489,496
437: 195,117,214,257,286,456
438: 344,153,431,354,396,120,484
439: 391,184,123,432
440: 468,158,377,240,156,493,141,313
441: 132,297,343,192,389,314,367,224
442: 170,136,494
443: 189,294,119,166,113,105,420,263,454,276,101
444: 319,141,313,125,482,253,401
445: 200,170,188,139,288,462,277,186,312,488
446: 268,194,422
447: 476
448: 150,321,418,318,320,498,326
449: 433,266,407,337
450: 162,356,396,190,178,411
451: 327,114,157,248,315,272
452: 152,209,359,352,158
453: 239,455,460,107,471,280,207
454: 276,113,189,443,294
455: 380,432,110,155,239,453,460,107
456: 257,414,286,433,266,195,437,337
457: 372,309,421,210,109,211,252
458: 360,280,207,238,400,364,201,121
459: 100,132,187,133,367,224,223,169
460: 107,455,380,155,127,239,453,471
461: 115,184,148,123,233,111,374
462: 288,188,200,445,139,186,312,488,464
463: 384,317,179
464: 347,288,462,277,186,312,488,398,149,172,342,328,307,435
465: 185,427,135,168
466: 101,143,392,420,263,294,306,246,399,281,247,395
467: 231,356,353,178,411
468: 440,156,493,141,313,265
469: 159,370,334,279,426,202
470: 474,291,483
471: 239,453,460,107,280,207,364,360
472: 193,205
473: 475,181,144,332,254,406,382
474: 490,167,348,329,470
475: 473,181,254,382
476: 447
477: 302,102,485,122
478: 272,369,262
479: 
480: 134,381
481: 273,174,270,406,417,304
482: 125,212,141,298,319,444,412
483: 177,291,470,377,274
484: 120,438,431,354,368,396,269
485: 302,477,231,122
486: 240,204,212
487: 358,244,365
488: 277,186,312,445,139,288,462,398,347,464,342
489: 496,127,436,238,400
490: 371,180,226,167,491,409,348,474
491: 409,348,226,371,490,291
492: 336,145
493: 156,440,468,274,141,313,265
494: 170,442,139,323
495: 211,252,137
496: 489,127,436,280,207,238,400
497: 401,125,319,253,214,300
498: 326,448,320,227,287
499: 322,310,222,282,397
500: 1044,746,1116,955,578,1125
501: 583,763
502: 669,626,1094,853,515,810,840
503: 851,1183,961,1191,1069
504: 1188,827,703,1000,755,1163
505: 973,947,889,793
506: 1030,534,840,510,833
507: 1064,676,918
508: 1159,574,551
509: 1133,962,537,1176
510: 738,840,591,1030,534,506,1150
511: 535,1136,966,733,568,935
512: 863
513: 874,1158,1010,1052,879
514: 1164,566,831,916,923,541,572
515: 665,1046,626,1094,853,846,502,810
516: 777,1026,630,583
517: 958,768,1127,980,886,1006,1085
518: 656,764,779,1098
519: 963,1032,590,1011,572
520: 686
521: 715,1029,687
522: 792,775,807,888,892,770
523: 599,1053,702,571,695
524: 879,911,904,1010,681,1050
525: 1132,615
526: 612,1172
527: 905,1113,1031,928,615,602
528: 678,1117,548,529,744,762,545,1101,584
529: 744,762,977,547,653,528,678,1117,548
530: 585,991,800,870,933
531: 1148
532: 989,600
533: 951,1121,674
534: 1030,506,510,738,833
535: 1125,734,597,1136,511,966
536: 561,1077,635
537: 1176,509,636,962,1016
538: 726,603,930,1021,1073,647
539: 706,737,766,555,1024,832,1054,1099,978
540: 939,727,630,583,763
541: 923,572,514,1043
542: 896,632,1173,1027,563,725
543: 985,721,995,682,580,1015
544: 843,791,654,838,799
545: 1101,584,528,678,1117,548
546: 606,1192,585,802
547: 977,787,614,1120,1012,653,529
548: 528,678,1117,529,744,545,1101,584
549: 684,902
550: 1193,624,941,872,929,1013,1032,590
551: 508,1159,825,576,767,932
552: 980,824
553: 765,776,1047,1092,895,996,887,1083
554: 988,891,619,722,690
555: 766,1024,539,706,737
556: 994,788,679,581,696,1146
557: 1061,570,831,860
558: 1137,698,870,1140,559
559: 558,1137,698,1140
560: 983,1096
561: 536
562: 1181
563: 1173,542,896,594,1130,725,1142
564: 1056,1169
565: 662,837
566: 1164,514,929,877,590,1011,572
567: 631,1100,1145,649
568: 511,733,935
569: 785,1048,968,865,805
570: 1061,557,831
571: 1051,954,884,702,949,695
572: 923,541,590,1011,1164,566,514,519,963
573: 819,588,578,813,1125,734,597,774
574: 634,508,1159,825
575: 808,971,666,922,882,1001,640,652,1188
576: 767,932,551,1077,761
577: 1123,812,1087,676
578: 862,1035,955,573,819,500,1044,1125,597
579: 747,1181,1055
580: 682,995,985,543,1015
581: 679,1162,663,696,556
582: 613,1013
583: 630,540,516,777,501
584: 545,1101,528,678,548,680,926
585: 1192,606,546,802,530,800
586: 821,907,605,1019,1034
587: 966,935
588: 573,819,813,1125,734,597,774
589: 850,729,862,608,746,1116
590: 1011,550,929,1032,1164,566,519,963,572
591: 1099,978,1054,510,738,937,1025,1150
592: 
593: 704
594: 1130,1173,563,1142
595: 1103,1170,629
596: 852,1154,759
597: 734,578,573,819,588,1125,774,535
598: 912,924,1079,1058
599: 859,867,1053,954,702,523
600: 770,532
601: 700,823,714,866,794
602: 527,905,1113,1031,928,976,724
603: 538,726,930,1021
604: 
605: 586,1019,1034,757
606: 546,1196,1192,585
607: 1160
608: 847,729,589,746,1116,1178
609: 925,866,773,670,1124
610: 897,748,1147,1179,750,1168
611: 1070,863
612: 526
613: 582,647
614: 1120,1012,618,787,977,547,653
615: 525,527,712
616: 1014,636,828,731
617: 1122,699,1195,739,814
618: 829,614,1120,1012
619: 891,554,988,1064,722,690,918
620: 1146,788
621: 1141,903,940
622: 733,781
623: 1020
624: 941,909,1193,550,877
625: 1070,1144
626: 1094,853,1038,665,927,515,669,502
627: 694,948,913,1014,1066
628: 655
629: 595
630: 939,540,516,777,583
631: 567,1100,1145,649
632: 710,801,1173,542,896
633: 849,987,769
634: 952,818,574
635: 1077,536,1018
636: 828,1078,731,616,537,1176
637: 964,962
638: 764
639: 1068,826,997
640: 1089,1001,808,971,575,708,652
641: 817,915,876,987,711,769,673,748
642: 985
643: 1033,766
644: 949
645: 818
646: 
647: 1073,538,1021,613
648: 811,842,795,1028,816
649: 1145,1055,957,1100,1174,567,631
650: 1055,957,1174
651: 855,1199,1039
652: 1001,808,971,575,640,1089,1188,755
653: 614,977,547,529,762,1117
654: 1135,843,791,1189,544
655: 628,789,675
656: 518,764,1098
657: 953,917,664,721,995
658: 750,1168
659: 1131,1156
660: 1180,934
661: 980,958
662: 565,837
663: 903,940,1162,967,679,581,696,1072
664: 917,1004,657,953
665: 1046,960,626,1094,515
666: 849,922,882,1001,808,575
667: 899,704,834,875,857,1190,1057,861
668: 831,860,916
669: 502,626,1094,853,1112,810,840
670: 609,773,1124
671: 798
672: 934,1193,872,550
673: 876,641
674: 1020,533,951,1121
675: 789,974,655,701
676: 577,1123,812,507
677: 793,709,689,1143,1076
678: 528,1117,548,529,744,545,1101,584
679: 581,663,920,696,556,994,788
680: 926,1101,584,1090,692,728
681: 911,904,1010,879,524
682: 580,721,995,985,543,1015
683: 1109,946,1071,1152
684: 902,771,549
685: 936,693
686: 520
687: 521,979,942
688: 1065
689: 1143,1076,677
690: 722,554,891,619,1064,918,719,914
691: 889,820,709
692: 1090,680,926,771,728
693: 936,685
694: 627,948,913,1014,1066
695: 702,523,571,760
696: 1162,663,967,679,581,1072,556
697: 1091,758,763
698: 558,1137,870,715,1140,559
699: 617,1122,1195,739
700: 601
701: 974,789,675,1007
702: 599,1053,1051,954,523,571,695
703: 827,1000,504,1163,913
704: 593,1088,834,844,875,899,667
705: 1152,754
706: 539,737,766,555,832,1054,978
707: 1026
708: 742,1147,987,1001,640,1089
709: 691,889,793,677,1143
710: 632,1067,801,1173
711: 987,769,817,915,1118,641,748
712: 615
713: 969
714: 823,967,1072,866,794
715: 1137,698,1029,521
716: 1149,982
717: 981,945
718: 933,1029
719: 722,690,918,914
720: 1066,1129
721: 657,953,995,985,543,682,580
722: 690,554,988,891,619,1064,918,719
723: 1063,781
724: 602,976,1182,1060
725: 542,896,1027,563,1126,1142
726: 538,603,930
727: 939,1049,540
728: 1097,680,926,692,771
729: 589,847,608,746,1116
730: 911,904,1196
731: 636,828,1078,616,1014,1066,1129
732: 1062,1138,838,919,799,858,778,826,892
733: 781,622,511,568,1063
734: 597,573,819,588,813,1125,774,535,1136
735: 1049
736: 
737: 539,706,766,555,832,1054,978
738: 510,1099,591,1030,534,1025,1150
739: 1195,617,1122,699
740: 1059
741: 992,772,1197,1166,839,1110
742: 708,1147,987,748,897
743: 1171,1082,1074
744: 529,762,528,678,1117,548
745: 850,887,862,1035
746: 1116,729,589,862,847,608,955,1178,500,1044
747: 1181,796,579
748: 641,987,711,742,1147,1179,610,897
749: 963,1095,1080
750: 1179,610,897,1168,658
751: 996,1092,895
752: 1175,1086
753: 986,757,783
754: 705,865
755: 1163,652,1188,504
756: 930,1021,1067,801
757: 605,986
758: 1091,883,697
759: 596,1002
760: 695
761: 1077,576,767,932,900,1189
762: 529,744,977,653,528,1117
763: 540,697,501
764: 638,779,656,518
765: 553,1047,1092,895,996,887,1105,1083
766: 555,643,539,706,737
767: 576,932,551,761
768: 1127,854,517,958,886
769: 987,711,817,915,1118,633,641
770: 807,888,522,792,1108,600
771: 1090,692,684,902,728
772: 741,992,1197,1166,1177,921,839,1110
773: 609,670,1124
774: 573,819,588,813,970,734,597
775: 807,888,858,892,522
776: 1047,887,553
777: 516,583
778: 858,838,919,1062,1138,732,807,892
779: 764,518,815,1098
780: 981,975,1132
781: 733,622,723,1063
782: 
783: 753
784: 944,1074,1144,856,1134
785: 569,1048,968,865,1022,805
786: 902
787: 614,1012,977,547
788: 556,994,679,1146,620
789: 675,655,701,1135
790: 979,942
791: 843,1135,654,544
792: 522,892,770,989
793: 505,889,709,677
794: 866,823,714,601,925
795: 842,648,811,816
796: 983,1096,747,1181
797: 1185,798
798: 671,1106,797,1185
799: 544,919,1068,1062,732,826
800: 585,802,530,933
801: 756,1067,632,710,890,1173
802: 606,546,585,800
803: 
804: 993,1102,1199
805: 569,785,1048,968,974
806: 1133,964
807: 775,888,858,778,1138,892,770,522
808: 971,575,666,922,1001,640,1089,652,1188
809: 1017
810: 853,515,846,669,502,842
811: 648,842,795,1028,816
812: 577,1123,1087,1005
813: 1083,573,819,588,970,734,774
814: 1195,617
815: 779,1098,1053,906,1009
816: 795,648,811
817: 915,1118,845,876,641,711,769
818: 645,898,634
819: 573,588,1083,578,813,734,597,774
820: 691,889
821: 1156,586
822: 1131,910
823: 714,967,601,866,794
824: 552,1186,921
825: 574,1159,551,998,932
826: 919,799,1068,1062,732,639
827: 703,1000,1023,504
828: 636,1078,731,616,1176
829: 618,1120,1012,894
830: 878,950,1156,986
831: 570,557,860,1164,514,916,668
832: 1054,539,706,737,1099,978,937
833: 1030,534,506
834: 844,1088,704,875,899,667,1190
835: 990,1033,1038,927
836: 1016
837: 565,662
838: 544,919,858,778,1062,1138,732
839: 1197,1166,1177,741,992,772,1110
840: 1112,669,502,510,1030,506
841: 851
842: 846,810,795,648,811
843: 791,654,544
844: 834,1088,704,875,899,1190
845: 817,915,1118
846: 515,810,842
847: 608,729,746,1116,864,1178
848: 1128,903,940
849: 666,869,633,922,1001
850: 745,589,862,1035
851: 503,1183,841,961,1069
852: 596,1154
853: 626,1094,515,1112,669,502,810
854: 894,1120,768,1127
855: 1199,1102,651,1039,1114
856: 1134,1074,944,784
857: 1190,1191,899,667,1057,1107
858: 778,838,1062,1138,732,775,807,888,892
859: 956,867,599,1053
860: 557,831,916,668
861: 1057,875,667
862: 850,745,589,1035,746,955,578
863: 512,611
864: 847,1178
865: 754,569,785,1048,968,1022
866: 794,1072,823,714,609,925
867: 956,859,1084,599,1053
868: 1079
869: 849
870: 1161,991,530,1114,558,1137,698
871: 1184,1087,1119
872: 934,672,1193,550,1013
873: 1111,1104,1196,1192,1042
874: 1178,1158,1010,1052,513
875: 704,834,844,899,667,861
876: 817,885,641,673
877: 624,941,929,1164,566
878: 830,950,1065,986
879: 524,911,904,1010,1052,513,681,1050
880: 997,1045,989
881: 1008
882: 922,666,575
883: 1091,758,894
884: 1051,954,949,571
885: 876
886: 768,1127,517,958,1006,1036,1085
887: 776,1047,745,765,553,1083
888: 775,807,858,892,770,522
889: 691,820,505,793,709
890: 801,1170,1130
891: 619,554,988,1064,722,690,918
892: 858,778,1062,1138,732,775,807,888,522,792
893: 1157
894: 854,829,1120,883,1127
895: 1092,1047,751,996,765,553,1105
896: 542,632,1173,1095,1027,563,725
897: 610,748,742,1147,1179,750
898: 818
899: 667,704,834,844,875,857,1190,1057
900: 998,932,1135,761,1189
901: 
902: 684,786,771,549
903: 940,621,848,1141,1162,663
904: 911,730,1010,1052,681,879,524
905: 527,1113,1031,928,602
906: 815,1098,1053,1009
907: 999,586,969,1019,1034
908: 1157
909: 1193,624,941
910: 822,1131
911: 904,730,1010,681,879,524
912: 598,1079,1058
913: 703,1000,627,694,948,1014
914: 690,918,719
915: 817,1118,845,641,987,711,769
916: 831,860,1164,514,668
917: 1004,664,657,953
918: 891,619,507,1064,722,690,719,914
919: 838,799,778,1062,1138,732,826
920: 679,994
921: 824,1197,1186,992,772
922: 882,666,849,1001,808,971,575
923: 541,572,1011,514,963,1043
924: 598
925: 609,866,794
926: 680,584,1090,692,728
927: 835,1038,626,1024,1112
928: 1031,527,905,1113,602,976
929: 941,550,877,1032,590,1011,1164,566
930: 603,538,726,1021,756
931: 945
932: 576,767,825,551,900,761
933: 530,800,718
934: 672,1180,660,1193,872
935: 511,587,568
936: 693,685
937: 832,1054,1099,591,978,1025
938: 1148,1037,1084,1051
939: 1049,727,630,540
940: 903,621,848,1141,1162,663,967
941: 624,909,1193,550,929,877
942: 979,790,687
943: 1182,1060,976,982,1040
944: 784,1074,1144,856
945: 931,717,1167
946: 1122,683,1071,1152
947: 973,505
948: 627,694,913
949: 1051,884,571,644
950: 830,878,1065,986
951: 533,1121,674
952: 1015,634
953: 657,917,1004,664,721
954: 1051,884,1084,599,702,571
955: 862,1035,746,578,500,1044,1125
956: 859,867
957: 1055,650,1100,1174,1145,649
958: 517,768,1127,661,980,886
959: 1171
960: 665,1046
961: 503,851,1183,1191,1069
962: 509,637,537,1176,1016
963: 519,1032,590,1011,923,572,749
964: 806,1133,637
965: 1115,1091
966: 535,1136,511,587
967: 940,663,696,1072,823,714
968: 569,785,1048,865,1022,805
969: 999,907,713,1019,1034
970: 813,774
971: 808,575,922,1001,1023,640,1089,652,1188
972: 1128,1198
973: 947,505
974: 805,701,675
975: 780,1132
976: 1075,1031,928,602,982,724,1182,1060,943
977: 547,787,614,1012,653,529,762
978: 1099,591,539,706,737,832,1054,937
979: 942,790,687
980: 661,517,958,552
981: 780,717,1132
982: 1075,976,716,1182,1060,943
983: 1096,560,796
984: 
985: 543,682,580,642,1015
986: 830,878,950,757
987: 711,769,915,1118,633,641,748,708,742
988: 554,1005,891,619,722
989: 792,880,532
990: 1033,835
991: 1165,1161,530,1114,870
992: 741,772,1197,921,839,1110
993: 804,1102
994: 556,788,920,679,1146
995: 657,721,543,682,580
996: 751,1092,895,765,553,1105
997: 1045,639,880
998: 825,1135,900
999: 907,969
1000: 827,703,504,913
1001: 666,849,922,808,971,575,708,640
1002: 759
1003: 1154
1004: 917,664,953
1005: 1105,1123,812,988
1006: 1036,1085,517,886
1007: 701
1008: 881
1009: 815,1098,906
1010: 1052,874,1158,911,904,513,681,879,524
1011: 590,929,1032,1164,566,519,963,923,572
1012: 614,1120,618,787,829,977,547
1013: 872,550,582,1032
1014: 1066,913,627,694,616,731
1015: 985,543,682,580,952
1016: 962,537,1176,836
1017: 809
1018: 635
1019: 1034,586,907,969,605
1020: 674,623
1021: 603,538,930,1073,647,756,1067
1022: 865,785,1048,968
1023: 971,1188,827
1024: 927,555,1112,539
1025: 1099,591,738,937,1150
1026: 707,516
1027: 1095,542,896,725,1080
1028: 648,811
1029: 718,715,521
1030: 534,506,840,510,738,833,1150
1031: 928,527,905,1113,602,1075,976
1032: 929,1013,590,1011,519,963
1033: 990,835,643
1034: 1019,586,907,969,605
1035: 850,745,862,955,578
1036: 1006,1085,886,1197
1037: 1148,938,1155
1038: 835,927,626,1094
1039: 855,651,1151
1040: 943,1086
1041: 
1042: 1165,873,1111,1192,1102
1043: 923,541
1044: 500,746,1116,955,578,1125
1045: 997,880
1046: 665,960,1094,515
1047: 776,1092,895,887,765,553
1048: 569,785,968,865,1022,805
1049: 939,735,727
1050: 879,524
1051: 954,884,938,1084,702,949,571
1052: 1010,874,1158,904,513,879
1053: 859,867,815,599,906,702,523
1054: 832,539,706,737,1099,591,978,937
1055: 957,579,650,1100,1174,1145,649
1056: 564,1169
1057: 861,899,667,857,1190
1058: 1079,912,598
1059: 740
1060: 1182,943,1075,976,982,724
1061: 1194,570,557
1062: 1138,732,838,919,799,858,778,826,892
1063: 723,733,781
1064: 507,891,619,722,690,918
1065: 688,878,950
1066: 1014,627,694,731,720
1067: 1021,756,801,710
1068: 799,826,639
1069: 1191,961,503,851,1183
1070: 625,611
1071: 1152,1109,683,946
1072: 663,967,696,714,866
1073: 647,538,1021
1074: 1082,743,944,784,856,1134
1075: 976,1031,982,1182,1060
1076: 689,1143,677
1077: 761,576,536,635
1078: 636,828,731,1176,1129
1079: 1058,912,598,868
1080: 1095,1027,749
1081: 
1082: 1074,743,1171
1083: 887,765,553,819,813
1084: 1148,867,938,1051,954
1085: 1006,1036,517,886
1086: 752,1040
1087: 1119,871,1184,577,1123,812
1088: 704,834,844
1089: 640,808,971,708,652
1090: 680,926,692,771
1091: 758,965,883,697
1092: 895,1047,751,996,765,553
1093: 
1094: 626,853,1038,665,1046,515,669,502
1095: 1027,896,749,1080
1096: 983,560,796
1097: 728,1195
1098: 779,656,518,815,906,1009
1099: 591,978,539,832,1054,738,937,1025
1100: 1055,957,1174,1145,649,567,631
1101: 545,584,528,678,1117,548,680
1102: 804,1042,1165,855,1199
1103: 1170,595
1104: 1196,873,1111,1192
1105: 895,996,765,1005
1106: 798,1185
1107: 857
1108: 770,1157
1109: 1110,683,1071
1110: 741,992,772,839,1109
1111: 873,1104,1192,1042
1112: 927,853,1024,669,840
1113: 527,905,1031,928,602
1114: 855,1161,991,870
1115: 965
1116: 746,729,589,847,608,1178,500,1044
1117: 528,678,548,653,529,744,762,545,1101
1118: 817,915,845,987,711,769
1119: 1087,871,1184,1123
1120: 614,1012,618,829,547,854,894
1121: 533,951,674
1122: 617,699,1195,739,946
1123: 577,812,1087,1119,1005
1124: 609,773,670
1125: 955,578,573,588,500,1044,734,597,535
1126: 1142,725
1127: 768,854,894,517,958,886
1128: 1198,848,972
1129: 1078,731,720
1130: 594,890,563,1142
1131: 822,910,659
1132: 780,981,975,525
1133: 806,964,509
1134: 856,1074,784
1135: 789,998,900,791,654,1189
1136: 734,535,511,966
1137: 558,698,870,715,1140,559
1138: 1062,732,838,919,858,778,807,892
1139: 
1140: 1151,558,1137,698,559
1141: 621,903,940,1162
1142: 1126,594,1130,563,725
1143: 689,1076,709,677
1144: 944,784,625
1145: 649,1055,957,1100,1174,567,631
1146: 620,556,994,788
1147: 708,742,748,610,897
1148: 531,1037,938,1084
1149: 716
1150: 591,510,738,1030,1025
1151: 1039,1140
1152: 1071,683,946,705
1153: 
1154: 1003,852,596
1155: 1037
1156: 659,821,830
1157: 1108,893,908
1158: 1178,874,1010,1052,513
1159: 508,574,825,551
1160: 607
1161: 1165,991,1114,870
1162: 1141,903,940,663,581,696
1163: 755,1188,504,703
1164: 566,514,929,877,831,590,1011,916,572
1165: 1042,1102,1161,991
1166: 1177,741,772,839
1167: 945
1168: 610,897,750,658
1169: 564,1056
1170: 1103,890,595
1171: 743,959,1082
1172: 526
1173: 801,632,710,542,896,594,563
1174: 650,1055,957,1100,1145,649
1175: 752
1176: 537,509,636,828,1078,962,1016
1177: 1166,1197,772,839
1178: 847,608,746,1116,864,874,1158
1179: 748,610,897,750
1180: 660
1181: 747,796,562,579
1182: 1060,943,1075,976,982
1183: 503,851,961,1191,1069
1184: 871,1087,1119
1185: 797,1106,798
1186: 824,921
1187: 
1188: 504,808,971,575,1023,652,755,1163
1189: 1135,900,761,654
1190: 857,834,844,1191,899,667,1057
1191: 1069,961,503,1183,857,1190
1192: 1104,1196,873,1111,606,546,1042,585
1193: 909,934,672,624,941,872,550
1194: 1061
1195: 1097,739,617,1122,699,814
1196: 730,1104,873,1192,606
1197: 1036,1177,921,741,992,772,839
1198: 1128,972
1199: 855,804,1102,651
1202: 19,69,17,43,57,22,53,20,25,14,1210,38,1,21,1211,1209,35,1207,30,5,71,62
1203: 1208,1,21,1211,1209,35,1207,30,5,71,62,15,48,72,29
1204: 56,82,61,77,64,44,98,65,3,6,26,9,46,33,83,2,86,31,74,42,8,1206,13,66,78
1205: 85,10,45,91,55,41,7,68,51,37,23,49,92,0,99,28,47,88,89,16,63,73,58,59,84,70,60
1206: 31,74,42,8,3,6,26,56,1204,82,61,9,33,83,2,86,13,66,78,91,55,41,7,68,51,37,23,49,92,0
1207: 35,30,5,25,14,1210,38,19,1202,69,17,1,21,1211,1209,71,62,48,72,1203,1208,29
1208: 1203,1,21,1211,35,1207,30,5,71,62,15,48,72,29
1209: 1,21,1211,23,49,92,0,99,25,14,1210,38,19,1202,69,17,88,89,16,63,35,1207,30,5,84,70,60,15,48,72,1203
1210: 25,14,38,13,66,76,43,90,57,22,53,20,23,49,92,0,99,19,1202,69,17,88,89,16,63,1,21,1211,1209,35,1207,5
1211: 1,21,1209,23,49,92,0,99,25,14,1210,38,19,1202,69,17,88,89,16,63,35,1207,5,84,70,60,15,48,72,1203,1208