0: 63,37,51,99,92,49,38,1210,22,85,10,1205,25,89,1209,21,1228,1214,59,1226,45,60,16,72,1211,88
1: 1203,5,25,89,1209,21,1228,35,1227,1202,1229,71,62,1207,72,1211,88,29,30,1208,15,70,140,48,199
2: 86,427,3,61,6,74,1204,413,83,1206,338,79,91,94,41,68,7
3: 135,168,77,26,64,82,427,61,6,74,1204,413,86,2,83,1206
4: 358,386,219,338,79,91,94,96,11,55,487,244,75,365
5: 1203,1,89,1209,1228,35,1227,1202,1229,71,62,1207,72,1211,88,29,30,1208,70,140,48,199
6: 61,74,1204,168,77,26,64,82,56,3,8,86,2,83,1206,1224,1221
7: 41,68,86,2,83,1206,31,42,1225,1223,1222,1224,1221,1219,1220,91,94,37,51,96,11,55,1218,47,1216,28,85,10,1205
8: 26,64,82,56,98,46,61,6,74,1204,9,66,33,83,1206,31,42,1225,1223,1222,1224,1221,1219,1220,23,78
9: 66,33,56,98,46,65,67,8,95,43,42,1225,1223,1224,1219,23,78,13
10: 85,1205,41,68,7,37,51,99,92,49,1218,47,1216,28,63,0,1217,32,40,1213,73,1215,1212,1214,59,1226,45,60,16
11: 96,55,338,91,41,7,358,4,1218,47,1216,28,487,244,75,365,1217,32,40,1213,73,1215,1212
12: 173,384,93,463,216,80,44,183,56,98,46,65,67
13: 76,90,57,9,66,33,95,43,34,52,23,78,20,19,99,92,49,38,1210,22,14,17
14: 17,76,90,57,13,20,19,379,53,38,1210,22,69,25,89,1209,21,1228,35,1227,1202,1229,71,62,1207
15: 70,60,16,72,1211,88,1203,1,84,50,140,48,164,81,416
16: 60,85,10,1205,63,0,25,89,1209,21,1228,1214,59,1226,45,72,1211,88,27,24,58,129,84,50,15,70
17: 14,76,90,57,13,20,19,379,53,38,1210,22,69,25,89,1209,21,1228,35,1227,1202,1229,71,62,1207
18: 361,54,97,1217,32,1213,73,1215,1212,1214,59,1226,45,27,24,58,129,355,225
19: 20,95,43,34,52,36,130,76,90,57,13,379,53,38,1210,22,14,17,69
20: 19,95,43,34,52,36,130,76,90,57,13,379,53,38,1210,22,14,17,69
21: 25,89,1209,1228,99,92,49,38,1210,22,14,17,63,0,35,1227,1202,1229,16,72,1211,88,1
22: 38,1210,23,78,76,90,57,13,20,19,99,92,49,14,17,63,0,25,89,1209,21,1228,1227
23: 78,8,9,66,33,95,43,31,42,1225,1223,1222,1224,1221,1219,1220,76,90,57,13,37,51,99,92,49,38,1210,22
24: 27,58,129,1213,1215,1214,59,45,60,16,361,54,18,84,50,355,225,164,81
25: 89,1209,21,1228,99,92,49,38,1210,22,14,17,63,0,1227,1229,16,72,1211,88,1
26: 64,82,185,465,179,80,44,168,77,56,3,61,6,74,1204,8
27: 24,58,129,32,1213,73,1215,1214,59,1226,45,60,16,361,54,97,18,84,50,355,225,164
28: 1218,47,1216,91,41,68,7,37,96,11,55,85,10,75,365,1217,32,40,1213,73,1215,1212,1214,1226,45
29: 30,1208,35,71,62,1207,381,1203,1,5,480,140,48,199
30: 29,1208,35,1202,1229,71,62,1207,381,1203,1,5,480,140,48,199
31: 42,1225,1223,1222,1224,1221,1219,1220,61,74,1204,8,66,33,83,1206,23,78,41,68,7,37,51,92,49
32: 1217,40,1213,73,1215,1212,11,55,1218,47,1216,28,85,10,75,365,1214,59,1226,45,361,54,97,18,27,58,129
33: 9,66,56,98,46,87,65,67,8,95,43,31,42,1225,1223,1222,1224,1221,1219,1220,23,78,76,90,57,13
34: 52,87,65,67,39,95,43,36,130,90,57,13,20,19,379,53
35: 1227,1202,1229,38,1210,14,17,69,89,1209,21,1228,71,62,1207,72,1211,88,1203,1,5,29,30,1208
36: 130,39,34,52,284,339,20,19,379,53,251
37: 51,83,1206,31,42,1225,1223,1222,1224,1221,1219,1220,23,78,41,68,7,99,92,49,1218,47,1216,28,85,10,1205,63,0
38: 1210,22,23,78,76,90,57,13,20,19,99,92,49,14,17,63,0,25,89,1209,21,1228,35,1227,1202,1229
39: 183,301,87,65,67,95,43,34,52,36,130
40: 1217,32,1213,73,1215,1212,96,11,55,1218,47,1216,28,85,10,75,365,1214,1226,45,361,54,97,58
41: 68,7,86,2,83,1206,31,1222,1221,1220,91,94,37,51,11,55,1218,47,1216,28,85,10
42: 31,1225,1223,1222,1224,1221,1219,1220,61,74,1204,8,9,66,33,83,1206,23,78,68,7,37,51,99,92,49
43: 95,46,87,65,67,39,9,66,33,34,52,23,78,76,90,57,13,20,19
44: 80,317,463,216,179,173,384,12,93,26,64,82,56,98,46
45: 1214,59,1226,1218,47,1216,28,85,10,1205,63,0,1217,32,40,1213,73,1215,1212,60,16,361,54,97,18,27,24,58,129,84,50
46: 98,44,173,384,12,93,56,65,67,8,9,66,33,95,43
47: 1218,1216,28,91,41,68,7,37,51,96,11,55,85,10,1205,75,365,1217,32,40,1213,73,1215,1212,1214,1226,45
48: 140,72,1211,88,1203,1,5,29,30,1208,15,70,199,232
49: 99,92,31,42,1225,1223,1222,1224,1221,1219,1220,23,78,76,57,13,37,51,38,1210,22,85,10,1205,63,0,25,89,1209,21,1228
50: 84,59,45,60,16,72,88,27,24,58,129,15,70,355,225,164,81,416
51: 37,83,1206,31,42,1225,1223,1222,1224,1221,1219,1220,23,78,41,68,7,99,92,49,1218,47,1216,85,10,1205,63,0
52: 34,65,67,39,95,43,36,130,90,57,13,20,19,379,53
53: 379,34,52,36,130,284,339,20,19,251,14,17,69,182,134
54: 361,97,18,75,365,1217,32,40,1213,73,1215,1212,1214,59,1226,45,27,24,58,129,355
55: 96,11,338,79,91,94,41,68,7,358,4,1218,47,1216,28,487,244,75,365,1217,32,40,1213,73,1215,1212
56: 179,80,44,173,384,12,93,26,64,82,98,46,61,6,74,1204,8,9,66,33
57: 76,90,13,66,33,95,43,34,52,23,78,20,19,99,92,49,38,1210,22,14,17
58: 27,24,129,1217,32,40,1213,73,1215,1212,1214,59,1226,45,60,16,361,54,97,18,84,50,355,164
59: 1214,1226,45,1218,1216,85,10,63,0,1217,32,1213,73,1215,1212,60,16,361,54,97,18,27,24,58,129,84,50
60: 16,85,10,63,0,89,1214,59,45,72,1211,88,27,24,58,129,84,50,15,70
61: 6,74,1204,168,77,26,64,82,56,3,8,86,2,83,1206,31,42,1225,1223,1224,1221,1219,1220
62: 71,1207,14,17,69,182,134,35,1227,1202,1229,381,1203,1,5,29,30,1208,480
63: 0,37,51,99,92,49,38,1210,22,85,10,1205,25,89,1209,21,1228,1214,59,1226,45,60,16,72,1211,88
64: 26,82,185,465,179,80,44,168,77,56,3,61,6,74,1204,8
65: 87,67,173,384,12,93,183,301,98,46,39,9,66,33,95,43,34,52
66: 9,33,56,98,46,87,65,67,8,95,43,31,42,1225,1223,1222,1224,1221,1219,1220,23,78,76,90,57,13
67: 87,65,173,384,12,93,183,301,98,46,39,9,66,33,95,43,34,52
68: 41,7,86,2,83,1206,31,42,1225,1223,1222,1224,1221,1219,1220,91,94,37,51,55,1218,47,1216,28,85,10,1205
69: 20,19,379,53,251,14,17,182,134,35,1227,1202,1229,71,62,1207,381
70: 15,60,16,72,1211,88,1203,1,5,84,50,140,48,164,81,416
71: 62,1207,14,17,69,182,134,35,1202,1229,381,1203,1,5,29,30,1208,480
72: 1211,88,63,0,25,89,1209,21,1228,35,1227,1202,1229,60,16,1203,1,5,84,50,15,70,140,48
73: 1217,32,40,1213,1215,1212,11,55,1218,47,1216,28,85,10,1205,75,365,1214,59,1226,45,361,54,97,18,27,58,129
74: 61,6,1204,168,77,26,64,82,56,3,8,86,2,83,1206,31,42,1225,1223,1222,1224,1221,1219,1220
75: 365,358,4,96,11,55,1218,47,1216,28,487,244,1217,32,40,1213,73,1215,1212,419,361,54,97
76: 90,57,13,66,33,95,43,23,78,20,19,99,92,49,38,1210,22,14,17
77: 168,185,465,179,135,26,64,82,427,3,61,6,74,1204
78: 23,8,9,66,33,95,43,31,42,1225,1223,1222,1224,1221,1219,1220,76,90,57,13,37,51,99,92,49,38,22
79: 338,267,413,86,2,386,219,91,94,358,4,96,55
80: 44,317,463,216,179,173,384,12,93,26,64,56,98
81: 164,24,129,84,50,15,70,225,416,290
82: 26,64,185,465,179,44,168,77,56,3,61,6,74,1204,8
83: 1206,3,61,6,74,1204,8,86,2,31,42,1225,1223,1222,1224,1221,1219,1220,91,94,41,68,7,37,51
84: 50,1214,59,1226,45,60,16,72,1211,88,27,24,58,129,15,70,355,225,164,81,416
85: 10,1205,41,68,7,37,51,99,92,49,1218,47,1216,28,63,0,1217,32,40,1213,73,1215,1212,1214,59,1226,45,60,16
86: 2,427,3,61,6,74,1204,413,83,1206,338,79,91,94,41,68,7
87: 65,67,173,93,183,301,39,66,33,95,43,34
88: 72,1211,63,0,25,89,1209,21,1228,35,1227,1229,60,16,1203,1,5,84,50,15,70,140,48
89: 25,1209,21,1228,99,92,49,38,1210,22,14,17,63,0,35,1227,1229,60,16,72,1211,88,1203,1,5
90: 76,57,13,66,33,95,43,34,52,23,78,20,19,38,22,14,17
91: 94,413,86,2,83,1206,338,79,41,68,7,358,4,96,11,55,1218,47,1216,28
92: 99,49,31,42,1225,1223,1222,1221,1219,1220,23,78,76,57,13,37,51,38,1210,22,85,10,1205,63,0,25,89,21
93: 173,384,12,463,216,80,44,183,56,98,46,87,65,67
94: 91,413,86,2,83,338,79,41,68,7,358,4,55
95: 43,98,46,87,65,67,39,9,66,33,34,52,23,78,76,90,57,13,20,19
96: 11,55,338,79,91,7,358,4,47,28,487,244,75,365,1217,40,1212
97: 361,54,18,75,365,1217,32,40,1213,73,1215,1212,1214,59,1226,45,27,58,129,355
98: 46,80,44,173,384,12,93,183,56,65,67,8,9,66,33,95
99: 92,49,42,23,78,76,57,13,37,51,38,1210,22,85,10,1205,63,0,25,89,1209,21,1228
100: 459,187,224,367,169
101: 105,420,263,306,166,143,189,443,294,392,466,281
102: 477,302,485,131
103: 135,427,267,413
104: 198,194,357,321,318,387
105: 420,263,101,306,119,142,166,143,189,443,294
106: 416,232,476,220,447
107: 155,460,455,127,239
108: 387,362,320,227,349
109: 210,421,133,372,457,211
110: 391,123,432,380,455,155,460
111: 233,115,432,374,155,460,127,436
112: 132,459,187
113: 258,166,189,443,454,276
114: 157,451,151,296,248,315
115: 233,111,123,461,432,374,155
116: 317,463
117: 195,292,412,257,266,437,456
118: 323,398,277,149,328,172,181,196
119: 142,299,425,403,166,105,420,263,189,443,294
120: 153,438,431,354,396,269,484
121: 458,280,207,238,360,261,201,385,275,331
122: 477,485,375,293,316,324,175
123: 184,439,391,461,110,432,115
124: 446
125: 482,141,298,444,412,319,497
126: 
127: 111,155,460,107,436,489,496
128: 327,208,415,428,157,451
129: 27,24,58,1217,32,1213,73,1215,1212,1214,59,1226,45,60,16,361,54,97,18,84,50,355,225,164,81
130: 36,39,34,52,284,339,20,19,379,53,251
131: 375,393,305,302,102,285,151,236
132: 441,112,192,389,459,224,367,314
133: 421,213,457,210,109
134: 182,379,53,251,69,71,62,1207,381
135: 185,465,168,77,103,427,3
136: 410,303,429,171,442
137: 211,252,495
138: 499,397,394,154,366
139: 494,200,445,170,323,398,288,488,277,186,312,149
140: 48,72,1211,88,1203,1,5,29,30,1208,15,70,199,416,232
141: 313,440,468,125,482,444,253,215,493
142: 119,299,425,166,143,105
143: 142,105,420,263,101,306,392,466
144: 332,235,473,254,406,382
145: 
146: 176,394,154,366,434,376
147: 350,249,242,271,351,403,258,191
148: 461
149: 277,186,312,445,139,323,398,488,118,347,464,172
150: 418,321,256,318,326,448
151: 335,285,131,236,114,157,296,248
152: 452,209,359,177,158,377
153: 344,388,353,438,356,396,190,120
154: 366,138,397,394,434,376,176,146
155: 460,107,110,432,111,115,455,127,239
156: 468,377,483,440,274
157: 114,451,415,151,327,128,296,248,315
158: 152,452,240,440
159: 370,469,279,426,373,217,221
160: 404,372,237,340
161: 389,333,224,314,378,223
162: 450,356,396,190,178,411,269,260
163: 
164: 81,27,24,58,129,84,50,15,70,355,225,416,290
165: 363,410,303,197,171
166: 299,119,142,113,105,420,263,101,189,443,294,276
167: 490,348,474,329
168: 77,185,465,179,135,26,64,82,427,3,61,6,74,1204
169: 100,210
170: 200,445,442,494,188,139,288,488,277,186
171: 429,165,363,410,303,197,136,203,423
172: 342,328,277,186,312,149,118,347,464,196,307,435,235,332
173: 384,12,93,463,216,80,44,183,56,98,46,87,65,67
174: 270,435,406,273,481
175: 293,316,324,375,122
176: 146,154,434,376
177: 152,209,291,409,377,483
178: 411,467,356,190,162,450
179: 317,463,185,465,80,44,168,77,26,64,82,56
180: 250,289,424,226,371,348,490
181: 196,118,328,475,332,254
182: 134,379,53,251,69,71,62,381
183: 216,173,384,12,93,301,98,87,65,67,39
184: 230,247,246,439,123,461
185: 465,317,179,135,168,77,26,64,82
186: 277,312,149,200,445,170,139,323,398,288,462,488,347,464,172
187: 459,112,367,100
188: 200,445,170,288,462,488
189: 443,294,119,166,113,105,420,263,101,454,276
190: 396,353,153,356,178,411,162,450
191: 147,351,258
192: 389,297,346,217,221,132,441
193: 472,205,363,197
194: 422,275,331,446,325,357,198,104
195: 117,292,412,214,437
196: 181,118,328,172,475,332
197: 165,363,410,193,171,336,203,423
198: 104,194,422,446,357,318
199: 1203,1,5,29,30,1208,480,140,48,232
200: 445,170,442,188,139,288,462,488,186
201: 385,364,360,121
202: 279,426,228,430
203: 423,197,171,336,278
204: 
205: 472,363,193
206: 402,273,417,304,330,222
207: 280,471,400,496,238,364,360,458,121
208: 415,428,327,128
209: 152,452,359,177
210: 109,421,133,457,169
211: 137,109,252,495
212: 240,486
213: 309,421,133
214: 195,300,437
215: 253,493,141,313,265,319,401
216: 308,463,80,44,173,384,12,93,183
217: 346,221,159,370,297,373,192
218: 325,243,385,275,331,357,256
219: 386,267,413,338,79,358,4
220: 106,476,447
221: 346,217,159,297,192,389
222: 206,402,283,345,390,322
223: 333,161,224,367,314,378
224: 367,314,389,132,459,161,100,223
225: 355,361,18,27,24,129,84,50,164,81,311,290
226: 424,180,250,371,348,491
227: 349,108,326,320,287
228: 202,430
229: 
230: 399,466,247,246,184
231: 467,485,356
232: 140,48,199,106,476
233: 111,115,461,432,374
234: 
235: 347,342,328,172,307,435,144,332,270
236: 285,131,375,151,324,296,248
237: 404,433,160,407,340
238: 489,496,280,471,207,400,360,458,121,261,268
239: 380,455,155,460,107,453,471
240: 486,158,440,212
241: 
242: 271,428,327,315,147,350,249,351
243: 325,218,385,275,331,357,256
244: 487,358,4,96,11,55,75,365,419
245: 330,304
246: 247,399,466,281,230,184
247: 246,399,466,281,230,184
248: 296,151,236,114,157,451
249: 147,350,242,271,351
250: 180,289,376,424,226,371
251: 36,130,284,339,379,53,69,182,134
252: 137,211,495
253: 215,493,141,313,265,444,319,497,401
254: 473,181,475,144,332,382
255: 424
256: 321,325,243,218,357,318,150,418
257: 414,286,266,433,117,407,437,456,337,383
258: 147,351,403,191,113
259: 340,337,383
260: 162,269
261: 268,238,458,121,331,422
262: 
263: 105,420,101,306,119,166,143,189,443,294
264: 419
265: 468,313,253,215,493
266: 257,414,286,433,117,407,437,456,337,383
267: 103,427,413,386,219,338,79
268: 261,238,458,422
269: 396,120,162,484,260
270: 174,307,435,235,406,481
271: 242,428,147,350,249
272: 315,478
273: 481,174,304,206
274: 377,483,468,156
275: 331,121,385,194,422,325,243,218,357
276: 454,166,113,189,443,294
277: 186,312,149,445,170,139,323,398,288,488,118,464,172
278: 203,423
279: 426,334,202,159,370,469,373
280: 471,207,400,453,238,364,360,458,121
281: 466,101,306,294,399,247,246,395
282: 310,322,499,397
283: 417,405,402,345,390,222
284: 339,36,130,379,53,251
285: 393,305,335,131,375,151,236
286: 257,414,266,407,437,456,337,383
287: 326,320,227,349,448,498
288: 462,488,188,200,445,170,139,277,186,312,464
289: 424,180,250
290: 355,225,164,81,311
291: 409,491,474,177,470,377,483
292: 298,412,117,195
293: 316,324,175,122
294: 189,443,119,166,105,420,263,101,306,454,276,466,281
295: 341
296: 248,151,236,114,157
297: 343,346,217,221,192,389,441
298: 125,482,292,412
299: 425,403,119,142,166
300: 319,497,214
301: 183,87,65,67,39
302: 393,305,477,102,131
303: 410,165,429,171,136
304: 273,481,206,402,330,245
305: 393,302,285,131,375
306: 105,420,263,101,143,294,399,392,466,281
307: 435,347,464,342,172,235,270
308: 216
309: 213,421,372,457
310: 345,390,405,322,282
311: 355,225,290
312: 277,186,149,445,139,398,288,462,488,347,464,342,172
313: 141,440,468,265,444,253,215,493
314: 224,367,389,132,161,223
315: 428,327,114,157,451,242,272
316: 293,324,175,375,122
317: 116,463,185,465,179,80,44
318: 198,104,321,256,387,150,418,320,349
319: 497,125,444,253,215,493,401,300
320: 326,321,318,108,387,418,227,349,448,287
321: 256,104,318,150,418,320
322: 345,310,222,282,499,397
323: 398,494,139,277,186,149,118
324: 293,316,175,375,122,236
325: 243,218,385,275,331,194,422,357,256
326: 320,150,418,227,349,448,287
327: 128,208,415,428,157,451,242,315
328: 342,172,118,347,464,181,196,435,235,332
329: 167,490,474
330: 245,304,206,341
331: 275,458,121,261,385,194,422,325,243,218,357
332: 144,342,328,172,181,196,235,254
333: 346,389,161,378,223
334: 362,279,426,469
335: 393,285,415,151
336: 197,492,203,423
337: 407,257,414,286,266,340,383,259
338: 79,267,413,86,2,386,219,91,94,358,4,96,11,55
339: 284,36,130,379,53,251
340: 160,237,407,337,259
341: 330,295
342: 328,172,312,347,464,307,435,235,332
343: 297,441
344: 153,438
345: 390,310,405,283,222,322
346: 217,221,297,192,389,333
347: 464,462,488,186,312,149,342,328,172,307,435,235
348: 371,180,226,167,490,491,474
349: 227,318,108,387,326,320,287
350: 147,249,242,271,351
351: 242,147,350,249,258,191
352: 359
353: 388,153,356,396,190
354: 431,438,120
355: 225,361,54,97,18,27,24,58,129,84,50,164,311,290
356: 388,353,153,231,467,396,190,178,411,162,450
357: 275,331,194,422,325,243,218,198,104,256
358: 4,386,219,338,79,91,94,96,11,55,487,244,75,365
359: 352,152,452,209
360: 280,471,207,400,238,364,458,121,201
361: 54,97,18,75,365,1217,32,40,1213,73,1215,1212,1214,59,1226,45,27,24,58,129,355,225
362: 108,387,334
363: 165,205,410,193,197,171
364: 453,280,471,207,360,201
365: 75,358,4,96,11,55,47,1216,28,487,244,1217,32,40,1213,73,1215,1212,419,361,54,97
366: 154,499,138,397,394,434,376,146
367: 224,314,389,132,441,459,187,100,223
368: 438,431,354
369: 
370: 159,469,279,426,430,373,217
371: 348,424,180,250,226,490,491
372: 457,309,421,160,109
373: 279,426,159,370,469,430,217
374: 233,111,115
375: 131,305,477,285,122,236,316,324,175
376: 394,154,366,176,146,250
377: 152,177,291,483,440,156
378: 333,161,223
379: 53,34,52,36,130,284,339,20,19,251,14,17,69,182,134
380: 110,455,239
381: 69,182,134,71,62,1207,29,30,1208,480
382: 406,144,473,254,417
383: 407,257,414,286,266,456,337,259
384: 173,12,93,463,216,80,44,183,56,98,46,65,67
385: 201,121,275,331,325,243,218
386: 219,267,413,338,79,358,4
387: 108,104,318,362,320,349
388: 353,153,467,356
389: 192,297,346,221,132,441,333,161,224,367,314
390: 345,310,405,283,222
391: 439,123,110,432
392: 399,143,420,101,306,466
393: 305,302,335,285,131
394: 138,154,366,376,146
395: 466,281,246
396: 190,353,153,438,356,120,411,162,450,269
397: 322,282,499,138,154,366
398: 323,139,277,186,312,149,118
399: 392,306,466,281,230,247,246
400: 280,471,207,489,496,238,360,458
401: 253,215,493,319,497
402: 206,417,304,283,222
403: 147,299,425,258,119
404: 160,237
405: 283,345,390,310
406: 382,144,174,270,481,417
407: 433,237,257,414,286,266,340,337,383
408: 
409: 291,491,474,177,470
410: 303,165,363,197,429,171,136
411: 178,467,356,396,190,162,450
412: 298,125,482,292,497,117,195
413: 103,427,3,267,86,2,386,219,338,79,91,94
414: 257,286,266,407,456,337,383
415: 335,208,428,327,128,157,451
416: 84,50,15,70,140,164,81,106
417: 406,382,481,304,206,402,283
418: 150,321,256,318,326,320,448
419: 487,244,75,365,264
420: 105,263,101,306,119,166,143,189,443,294,392,466
421: 133,213,309,372,457,210,109
422: 194,261,268,275,331,446,325,357,198
423: 203,197,429,171,336,278
424: 255,289,180,250,226,371
425: 299,403,119,142
426: 279,334,202,159,370,469,430,373
427: 135,168,77,103,3,267,413,86,2
428: 415,327,128,242,271,315
429: 171,410,303,136,423
430: 202,426,370,228,373
431: 354,368,438,120
432: 439,391,123,461,110,233,111,115,155
433: 449,237,407,257,266
434: 154,366,176,146
435: 307,347,464,342,328,172,235,174,270
436: 111,127,489,496
437: 456,117,195,214,257,286,266
438: 344,153,431,354,396,120
439: 391,184,123,432
440: 158,377,240,468,156,141,313
441: 132,297,343,192,389,459,367
442: 136,494,200,445,170
443: 189,294,119,166,113,105,420,263,101,454,276
444: 141,313,125,482,253,493,319,497
445: 200,170,442,494,188,139,288,462,488,277,186,312,149
446: 194,422,124,198
447: 106,476,220
448: 150,418,326,320,287,498
449: 479,433
450: 162,356,396,190,178,411
451: 114,157,415,327,128,248,315
452: 152,209,359,158
453: 239,280,471,364
454: 276,113,189,443,294
455: 110,380,155,460,107,239
456: 437,117,257,414,286,266,383
457: 372,309,421,133,210,109
458: 121,280,207,400,238,360,261,268,331
459: 187,112,132,441,224,367,100
460: 155,107,110,111,455,127,239
461: 184,148,123,432,233,115
462: 288,488,188,200,445,186,312,347,464
463: 116,317,216,179,80,44,173,384,12,93
464: 347,288,462,488,277,186,312,149,342,328,172,307,435
465: 185,317,179,135,168,77,26,64,82
466: 281,143,420,101,306,294,399,392,230,247,246
467: 231,388,485,356,178,411
468: 156,483,440,274,141,313,265
469: 159,370,334,279,426,373
470: 474,291,409
471: 280,207,400,239,489,496,453,238,364,360
472: 205,193
473: 254,475,144,382
474: 348,167,490,329,291,409,470
475: 181,196,473,254
476: 232,106,220,447
477: 102,302,485,375,122
478: 272
479: 449
480: 71,62,1207,381,29,30,1208,199
481: 273,174,270,406,417,304
482: 125,141,298,444,412
483: 177,291,377,468,156,274
484: 120,269
485: 477,102,231,467,122
486: 240,212
487: 244,358,4,96,11,55,75,365,419
488: 288,462,188,200,445,170,139,277,186,312,149,347,464
489: 496,127,436,471,400,238
490: 167,180,371,348,474,329
491: 226,371,348,291,409
492: 336
493: 253,215,141,313,265,444,319
494: 442,445,170,139,323
495: 252,137,211
496: 489,127,436,471,207,400,238
497: 319,125,444,253,412,401,300
498: 448,287
499: 138,322,282,397,366
500: 1044,746,955,578,1116,1125,1158
501: 583,763
502: 810,626,1094,515,846,669,853,842
503: 851,1191,1069,1183
504: 1188,1023,827,755,1163,703
505: 973,820,793
506: 1030,840,510,833,534,845
507: 676,525,712
508: 1159,551
509: 962,537,1176,1016
510: 738,840,591,978,1030,506
511: 535,1136,966,733
512: 611,863
513: 874,1158,1010,1052,622,879
514: 566,916,668,923,541,572
515: 665,1046,626,1094,846,502
516: 939,1026,630,777,583
517: 958,768,1127,980,886,1006,1085
518: 656,779,764,1098
519: 1032,590,1011,963
520: 686,909
521: 1029,559,942,687
522: 792,888,892,770,989
523: 859,1053,599,702,571,695
524: 879,911,904,1010,681,1050
525: 1132,577,712,676,507
526: 1172
527: 905,1113,928,615,602
528: 678,1117,529,744,762,548,545,1101,584
529: 744,762,977,547,653,548,528,678,1117
530: 546,606,585,991,870
531: 1148
532: 989,600,743
533: 951,1121,674
534: 833,1030,506,845
535: 597,588,734,1136,511,966
536: 561,1077,635
537: 1176,1016,509,636,828,962
538: 726,603,930,1021,1073
539: 706,737,766,555,832,1054,1099,978
540: 939,727,630,583,763
541: 923,572,566,514,1043
542: 1173,632,896,594,563,725
543: 682,995,985,1015,580
544: 799,843,654,838,919
545: 1101,584,548,528,678,1117
546: 606,585,1192,802,530
547: 977,1012,787,614,1120,653,529,762
548: 653,529,768,1127,528,678,1117,545
549: 684,1004
550: 1193,624,941,872,929,1013,1032,590
551: 574,508,1159,825,932,767
552: 824
553: 1092,895,776,751,996,887,1047
554: 988,891,619,722,690
555: 643,766,539,706,737
556: 679,581,696,994,620,788
557: 570,1061,831,860
558: 1137,1140,870,698,559
559: 558,1137,1140,698,1029,521
560: 651,983,1096
561: 576,767,536
562: 747,1181
563: 1130,542,1173,896,594,725
564: 1056,1169
565: 662,837
566: 929,1164,590,1011,963,923,541,572,514
567: 1100,1145,649
568: 733,781,935,1063
569: 1048,785,968,805
570: 557,1061,831
571: 702,954,523,695
572: 923,541,590,566,1011,514
573: 819,578,774,813,1125,597,588,734
574: 1159,825,932,551
575: 922,666,1001,808,971,1023
576: 767,932,561,1077,761
577: 1087,1119,1123,812,525,676
578: 1035,955,862,573,500,1044,1125,597
579: 747,1181
580: 898,682,543,952
581: 679,1162,663,696,556
582: 613,647,1013
583: 516,630,540,777,501
584: 545,1101,528,678,926,680
585: 546,606,802,991,530,800
586: 907,821,605,1019,1034
587: 966,1136,935
588: 573,819,774,813,597,734,535
589: 850,729,746,862
590: 550,929,1164,1032,566,519,1011,963,572
591: 1099,978,1054,510,738,937,1025,1150
592: 884
593: 704
594: 1130,542,1173,563,1142
595: 1103,629
596: 852,1154,759
597: 1125,578,573,1044,588,535
598: 912,1079,924
599: 1053,815,859,906,702,523
600: 532,782
601: 700,823,714,866,794
602: 976,527,1113,928,724,1060
603: 538,726,930
604: 1104
605: 586,1019,1034,757
606: 546,585,1192,530
607: 1160
608: 847,729,746,864,1178,1116
609: 925,866,773
610: 897,1179,748,1147,750,1168
611: 1070,512,863
612: 
613: 582,647,1067
614: 1120,618,1012,787,829,977,547,653
615: 527,712
616: 755,1163,703,1014,828
617: 1122,1195,814
618: 1002,1012,829,614,1120
619: 891,554,988,1064,722,690
620: 1146,788,556,994
621: 1141,903,940
622: 513
623: 1020
624: 1193,941,872,550,929
625: 1144,1070
626: 1094,1038,665,927,515,1112,669,853,502
627: 694,948,1000,913,1014,1066
628: 655
629: 595
630: 939,516,540,777,583
631: 848
632: 801,1067,710,542,1173
633: 869,1118,987,769
634: 952,818
635: 1077,536,1018
636: 828,1078,731,537,1176
637: 964,962
638: 764
639: 1068,826,997
640: 1001,808,971,708,742,652,1089
641: 711,915,817,876,769,748
642: 1041,1015
643: 1033,766,555
644: 949
645: 818
646: 
647: 1073,582,613
648: 842,795,1028,816,811
649: 1145,1055,957,1100,1174,567
650: 881,1055,957,1174
651: 560,855,1039,983
652: 1089,1001,808,971,640,1188
653: 614,1120,977,547,529,762,548,1117
654: 791,1135,843,1189,544,799
655: 628,789,675
656: 518,764,1098
657: 953,917,664,721,995
658: 1168
659: 1131
660: 1180,934
661: 980,758,958
662: 565,837
663: 903,940,1162,967,581,696,1072
664: 917,1004,657,953
665: 1046,670,1124,960,626,1094,515
666: 849,869,922,575,1001,808
667: 861,1057,875,899,857
668: 831,860,916,514
669: 853,626,1094,1112,1024,810,502,840
670: 1124,665
671: 1194
672: 934,1193,624,872,550
673: 748
674: 1121,1020,533,951
675: 789,974,655,701,791
676: 507,577,525,891
677: 689,1143,1076
678: 528,1117,529,744,548,545,1101,584,926
679: 581,696,556
680: 584,926,1090,692,728
681: 911,904,1010,879,524
682: 543,721,995,985,580
683: 739,699,1109,946,1071,1152
684: 771,902,549,1004
685: 693,936
686: 520,688
687: 521,942,979
688: 950,686,1065
689: 1143,677,1076
690: 554,619,1064,722,719,914
691: 889,820,793,709
692: 1090,926,771,680
693: 936,685
694: 627,948,913,1014,1066
695: 571,523,760
696: 663,967,679,581,1072,556
697: 1091,763,758
698: 870,715,558,1137,1140,1029,559
699: 739,1110,1195,1122,683,946
700: 601
701: 974,789,675,1007
702: 571,1084,859,599,1051,954,523
703: 504,827,1000,1163,913,616,1014
704: 593,834,844,899
705: 1152,754
706: 539,737,766,555,832,1054
707: 1026
708: 742,1147,987,1001,640
709: 691,889,822,910,1143
710: 801,1067,632,890,1130,1173
711: 641,915,1118,876,987,769,748
712: 525,615,507
713: 969
714: 823,967,1072,866,794
715: 933,718,698,1029
716: 982,1149,1182
717: 981,945
718: 800,933,715
719: 914,722,690
720: 1066,731,1129
721: 657,953,995,985,682,543
722: 554,988,891,619,690,719,914
723: 1063,781
724: 602,976,1182,1060,943
725: 542,1173,896,1095,563,1027
726: 538,603,930
727: 1049,965,540
728: 1097,680
729: 589,847,608,746
730: 911,904,1196
731: 1066,636,828,1078,720,1129
732: 799,919,1068,826
733: 781,511,568,1063
734: 573,819,774,588,535,1136,984
735: 1049
736: 
737: 539,706,766,555,832,1054
738: 510,840,1099,591,978,1030,1025,1150
739: 699,839,1110,1195,1122
740: 1059
741: 992,772,1197,839,1110
742: 708,1147,987,640,897
743: 532,782,1082
744: 529,762,977,528,678,1117
745: 850,887,1035
746: 729,589,847,608,955,862,1178,1116,500,1044
747: 1181,796,579,562
748: 711,641,673,610,897,1179
749: 963,1095,1080
750: 610,897,1179,1168
751: 996,1092,553,895
752: 1175,1086
753: 757,1194,783
754: 705,865
755: 1163,1089,1188,504,1133,616
756: 930,1021,801
757: 605,753,783
758: 1091,883,697,661,980
759: 596,1002
760: 695
761: 1077,576,767,900
762: 529,744,977,547,653,528,1117
763: 540,697,501
764: 779,638,656,518,1098
765: 1105,1092,895,996,1005
766: 643,555,539,706,737
767: 576,825,932,551,561,761
768: 1127,854,548,517,958,886
769: 987,915,1118,817,633,711,641
770: 888,522,1108
771: 1090,692,902,684
772: 741,992,1197,1166,839,1110
773: 609
774: 813,573,819,970,588,734
775: 858,807,888,770
776: 553,895,887,1047
777: 516,630,583
778: 858,1062,838,919,1138,807
779: 764,518,815,1098
780: 981,975
781: 733,568,723,1063
782: 600,743
783: 757,753
784: 1144,944,856,1134,1017
785: 1048,968,865,569,1022,805
786: 1004
787: 1012,614,977,547
788: 620,1146,556,994
789: 675,655,701,998,791,1135
790: 942,979
791: 789,675,998,1135,843,654
792: 522,888,892,989
793: 820,505,691,889
794: 866,823,714,601,925
795: 810,842,648,816,811
796: 983,1096,747,1181
797: 798,1185
798: 1185,797
799: 544,843,654,838,919,732
800: 585,933,718
801: 1021,756,1067,710,632
802: 546,606,585
803: 
804: 1199,993,1102
805: 865,1048,785,968,569,1022
806: 1133,964
807: 888,858,778,1062,1138,775,892
808: 971,666,922,575,1001,640,652,1089,1188
809: 1017
810: 502,846,669,853,842,795
811: 816,795,648,1028
812: 1087,1123,1105,577,1005
813: 774,1083,573,819,970,588
814: 1195,617
815: 779,1098,1053,599,906,1009
816: 811,795,648,1028,869
817: 915,1118,845,641,769
818: 645,898,634
819: 573,774,813,588,734
820: 505,691,889,793
821: 1156,586,907
822: 709,1131,910
823: 714,601,866,794
824: 552,1186
825: 932,574,1159,551,998,767
826: 732,1068,639
827: 1023,504,1000,703
828: 636,1078,616,731,537,1176
829: 618,1012,614,1120,894
830: 1156,878,986
831: 570,557,1164,860,916,668
832: 1054,539,706,737,1099,978,937
833: 534,840,1030,506,845
834: 844,704,1088,875,899,1190
835: 1033,990,1038,927
836: 1016
837: 565,662
838: 544,799,919,858,778,1062,1138
839: 1110,1166,741,992,772,1197,739
840: 1024,669,853,510,738,1030,506,833
841: 1170
842: 846,810,502,795,648
843: 791,654,544,799
844: 834,704,1088,899,1190
845: 506,833,534,1118,817
846: 515,810,502,842
847: 608,729,746,1178,1116
848: 631,1128,903,940
849: 666,869,922,1001
850: 745,589,1035
851: 503,1069,1183
852: 596,1154
853: 669,626,1094,810,502,840
854: 894,1120,768,1127
855: 1039,1161,651,1114
856: 1134,944,784
857: 1190,899,861,1057,667,1107
858: 778,1062,838,1138,807,888,892
859: 956,867,1053,599,954,702,523
860: 557,831,916,668
861: 1057,667,857
862: 955,589,1035,746,578,1044
863: 611,512,1160
864: 608,1178
865: 754,1048,785,968,805
866: 794,1072,823,714,609,925
867: 956,1084,938,859
868: 
869: 816,633,666,849
870: 1161,991,530,1114,558,1137,698
871: 1184,975,1087,1119
872: 934,672,1193,624,550,1013
873: 1111,1104,1196,1192,1042
874: 1158,1010,1052,513
875: 834,667
876: 885,711,641
877: 1164,941,929
878: 830,950,986,1065
879: 524,904,1010,1052,513,681,1050
880: 997,989,1045
881: 1008,650
882: 
883: 1091,758
884: 1051,954,949,592
885: 876
886: 768,1127,517,958,1006,1036,1085
887: 1047,776,553,895,745,1083
888: 807,858,1138,892,770,522,792
889: 691,820,793,709
890: 710,1170,1130
891: 619,676,554,988,1064,722
892: 858,1138,807,888,522,792,989
893: 1108,1157,908
894: 854,829,1120,1127
895: 1092,553,776,751,996,887,1047,765
896: 542,1173,1095,563,725,1027
897: 610,1179,748,742,1147,750,1168
898: 580,818
899: 704,834,844,1088,857,1190,1057,667
900: 998,1135,761,1189
901: 
902: 771,684
903: 940,621,848,1162,663
904: 911,730,1010,1052,681,879,524
905: 527,1113,1031,928
906: 815,1098,1053,599,1009
907: 586,999,821,1034
908: 893,1157,947
909: 520,941
910: 822,709,1131,1143
911: 904,730,1010,681,524
912: 1079,1058,598,924
913: 1000,703,627,694,948,1014,1066
914: 719,722,690,918
915: 1118,817,711,641,987,769
916: 1164,831,860,668,514
917: 1004,664,657,953
918: 1064,914
919: 544,799,838,732,778,1062,1138
920: 
921: 1186,992,1197
922: 575,666,849,1001,808,971
923: 541,572,566,1011,963,514,1043
924: 912,1079,598
925: 609,866,794
926: 678,1101,584,1090,692,680
927: 835,1033,1038,626,1112,1024
928: 1031,527,905,1113,1075,602,976
929: 624,941,550,877,1164,1032,590,566
930: 603,538,726,1021,756
931: 1167
932: 825,574,551,998,576,767
933: 715,800,718
934: 672,1180,660,1193,872
935: 587,966,568
936: 693,685
937: 832,1054,1099,591,978,1025
938: 1084,1148,867,1051
939: 1049,516,630,540
940: 903,621,848,1162,663
941: 909,1193,624,550,929,877,1164
942: 521,790,687,979
943: 1182,1060,976,982,724,1040
944: 1144,856,784
945: 717,1167
946: 699,1122,683,1071,1152
947: 908,1070
948: 627,694,913
949: 1051,884,644
950: 688,878,1065
951: 533,1121,674
952: 580,634
953: 657,917,1004,664,721
954: 1051,1084,859,702,571,884
955: 862,1035,746,578,500,1044,1125
956: 867,859
957: 1055,650,1100,1174,1145,649
958: 517,768,1127,661,980,886
959: 1171,1082
960: 1124,665,1046
961: 1088,1069
962: 964,509,637,537,1176,1016
963: 1011,1032,590,566,519,923,749
964: 806,637,962
965: 1115,727
966: 587,535,1136,511,935
967: 663,696,1072,714
968: 1048,785,865,569,1022,805
969: 999,713,1019,1034
970: 1005,774,813
971: 808,922,575,1001,1023,640,652,1089,1188
972: 1128,1198
973: 505
974: 701,675
975: 780,871,1132
976: 602,1031,928,1075,724,1182,1060,943
977: 547,787,614,653,529,744,762
978: 1099,591,539,832,1054,510,738,937,1025,1150
979: 790,942,687
980: 661,758,517,958
981: 780,717
982: 716,1182,1060,943
983: 1096,560,651,796
984: 734
985: 721,995,682,543,1015
986: 830,1156,878
987: 769,915,633,711,708,742,1147
988: 554,1005,891,619,722
989: 892,997,522,792,880,532
990: 835,1033
991: 1165,585,1161,530,1114,870
992: 741,772,1197,921,839,1110
993: 804,1199,1102
994: 556,620,1146,788
995: 657,721,985,682,543
996: 751,1092,553,895,1105,765
997: 639,989,880,1045
998: 825,932,789,791,1135,900
999: 907,969
1000: 827,703,913,627
1001: 666,849,922,575,808,971,708,640,652
1002: 759,618
1003: 
1004: 917,684,786,549,664,953
1005: 1105,765,812,970,988
1006: 1036,1085,517,886
1007: 701
1008: 881
1009: 815,1098,906
1010: 1052,874,911,904,513,681,879,524
1011: 963,1032,590,566,519,923,572
1012: 618,787,829,614,1120,547
1013: 872,550,582,1032
1014: 703,913,627,694,616,1066
1015: 985,543,642
1016: 537,1176,509,962,836
1017: 784,809
1018: 635
1019: 1034,586,969,605
1020: 674,623
1021: 538,930,1073,756,801,1067
1022: 785,968,805
1023: 575,971,1188,504,827
1024: 1112,927,669,840
1025: 1099,591,978,738,937,1150
1026: 707,516
1027: 896,1095,725,1080
1028: 648,816,811
1029: 715,698,559,521
1030: 506,840,510,738,833,534
1031: 928,905,1113,1075,976
1032: 550,929,1013,590,519,1011,963
1033: 835,990,1038,643,927
1034: 1019,586,907,969,605
1035: 850,745,955,862,578
1036: 1006,1085,886
1037: 1148,1155
1038: 835,1033,927,626,1094
1039: 855,651,1114,1151
1040: 1060,943,1086
1041: 642
1042: 1165,873,1111,1192,1102
1043: 923,541
1044: 500,746,955,862,578,1116,1125,597
1045: 997,880
1046: 665,1124,960,1094,515
1047: 887,776,1092,553,895,1083
1048: 785,968,865,569,805
1049: 735,939,727
1050: 879,524
1051: 954,1084,938,702,884,949
1052: 1010,874,1158,904,513,879
1053: 599,815,859,906,523
1054: 832,539,706,737,1099,591,978,937
1055: 957,650,1100,1174,649
1056: 564,1169
1057: 861,667,899,857,1190
1058: 912,1079
1059: 740
1060: 1182,943,602,976,982,724,1040
1061: 570,557,1106
1062: 858,778,838,919,1138,807
1063: 723,733,781,568
1064: 891,619,690,918
1065: 688,950,878
1066: 913,627,694,1014,731,720
1067: 1021,1073,801,613,710,632
1068: 732,826,639
1069: 1191,961,503,851,1088,1190
1070: 947,625,611
1071: 1152,1109,683,946
1072: 663,967,696,714,866
1073: 538,1021,647,1067
1074: 1082,1134
1075: 1031,928,976
1076: 677,689,1143
1077: 761,576,536,635
1078: 636,828,731,1176,1129
1079: 912,1058,598,924
1080: 1095,749,1027
1081: 
1082: 1171,959,743,1074
1083: 887,1047,813
1084: 938,1148,867,1051,954,702
1085: 1006,1036,517,886
1086: 752,1040
1087: 1119,1123,1184,871,812,577
1088: 961,834,844,1069,899,1190
1089: 652,808,971,640,1188,755,1163
1090: 692,926,771,680
1091: 883,697,758
1092: 553,895,751,996,1047,765
1093: 
1094: 626,1038,665,1046,515,669,853,502
1095: 896,749,725,1027,1080
1096: 983,560,796
1097: 728,1195
1098: 779,764,656,518,815,906,1009
1099: 591,978,539,832,1054,738,937,1025
1100: 1055,957,1174,1145,649,567
1101: 545,584,528,678,926,1177
1102: 804,1199,1042,1165
1103: 1170,595
1104: 604,1196,873,1111,1192
1105: 765,996,812,1005
1106: 1061,1194,798
1107: 857
1108: 770,893,1157
1109: 683,1071
1110: 839,1166,741,992,772,1197,739,699
1111: 873,1104,1192,1042
1112: 1024,927,626,669
1113: 527,905,1031,928,602
1114: 1161,991,855,1039,870
1115: 965
1116: 847,608,746,1178,500,1044,1158
1117: 528,678,653,529,744,762,548,545
1118: 915,817,845,633,711,769
1119: 1087,1123,1184,871,577
1120: 614,618,1012,829,547,854,894,653
1121: 674,533,951
1122: 617,1195,739,699,946
1123: 1087,1119,812,577
1124: 670,960,665,1046
1125: 597,955,578,573,500,1044
1126: 1142
1127: 768,854,894,548,517,958,886
1128: 972,1198,848
1129: 1078,731,720
1130: 710,890,1173,594,563
1131: 822,910,659
1132: 975,525
1133: 755,806
1134: 856,1074,784
1135: 789,998,791,900,654,1189
1136: 734,535,511,587,966
1137: 558,1140,870,698,559
1138: 838,919,858,778,1062,807,888,892
1139: 
1140: 558,1137,698,559
1141: 621,1162
1142: 594,1126
1143: 689,709,677,910,1076
1144: 944,625,784
1145: 649,957,1100,1174,567
1146: 620,788,994
1147: 708,742,987,610,897
1148: 531,1037,1084,938
1149: 716
1150: 591,978,738,1025
1151: 1039
1152: 1071,683,946,705
1153: 
1154: 852,596
1155: 1037
1156: 830,821,986
1157: 1108,893,908
1158: 1178,1116,500,874,1052,513
1159: 508,574,825,551
1160: 607,863
1161: 1165,991,855,1114,870
1162: 1141,903,940,663,581
1163: 755,1089,1188,504,703,616
1164: 877,941,929,831,590,566,916
1165: 1042,1102,1161,991
1166: 1177,772,1197,839,1110
1167: 931,945
1168: 610,897,750,658
1169: 564,1056
1170: 1103,841,890
1171: 959,743,1082
1172: 526,1174
1173: 542,710,632,1130,896,594,563,725
1174: 650,1055,957,1100,1145,649,1172
1175: 752
1176: 537,1016,509,636,828,1078,962
1177: 1101,1166
1178: 847,608,746,864,1116,1158
1179: 610,897,748,750
1180: 660
1181: 747,796,579,562
1182: 1060,943,976,982,716
1183: 503,851
1184: 871,1087,1119,1123
1185: 798,797
1186: 824,921
1187: 
1188: 504,808,971,1023,652,1089,755,1163
1189: 1135,900,654
1190: 857,834,844,1088,1191,1069,899,1057
1191: 1069,503,1190
1192: 1104,1196,873,1111,1042,546,606
1193: 624,934,672,941,872,550
1194: 753,1106,671
1195: 1097,739,699,617,1122,814
1196: 730,1104,873,1192
1197: 741,992,772,1166,921,839,1110
1198: 1128,972
1199: 804,1102
1202: 35,1227,1229,38,1210,14,17,69,1209,21,1228,71,62,1207,72,1203,1,5,30,1208
1203: 1,5,89,1209,1228,35,1202,1229,71,62,1207,72,1211,88,29,30,1208,15,70,140,48,199
1204: 61,6,74,168,77,26,64,82,56,3,8,86,2,83,1206,31,42,1225,1223,1224,1221,1219
1205: 85,10,68,7,37,51,99,92,49,1218,47,1216,63,0,73,1212,1214,1226,45,16
1206: 83,3,61,6,74,1204,8,86,2,31,42,1225,1223,1222,1224,1221,1219,1220,91,41,68,7,37,51
1207: 71,62,14,17,69,134,35,1227,1202,1229,381,1203,1,5,29,30,1208,480
1208: 29,30,35,1202,1229,71,62,1207,381,1203,1,5,480,140,48,199
1209: 25,89,21,1228,99,49,38,1210,22,14,17,63,0,35,1227,1202,1229,16,72,1211,88,1203,1,5
1210: 38,22,23,76,57,13,20,19,99,92,49,14,17,63,0,25,89,1209,21,1228,35,1227,1202,1229
1211: 72,88,63,0,25,89,1209,21,1228,35,1227,1229,60,16,1203,1,5,84,15,70,140,48
1212: 1217,32,40,1213,73,1215,96,11,55,1218,47,1216,28,85,10,1205,75,365,1214,59,1226,45,361,54,97,18,58,129
1213: 1217,32,40,73,1215,1212,11,55,1218,47,1216,28,85,10,75,365,1214,59,1226,45,361,54,97,18,27,24,58,129
1214: 59,1226,45,1218,47,1216,28,85,10,1205,63,0,1217,32,40,1213,73,1215,1212,60,16,361,54,97,18,27,24,58,129,84
1215: 1217,32,40,1213,73,1212,11,55,1218,47,1216,28,85,10,75,365,1214,59,1226,45,361,54,97,18,27,24,58,129
1216: 1218,47,28,91,41,68,7,37,51,11,55,85,10,1205,75,365,1217,32,40,1213,73,1215,1212,1214,59,1226,45
1217: 32,40,1213,73,1215,1212,96,11,55,1218,47,1216,28,85,10,75,365,1214,59,1226,45,361,54,97,18,58,129
1218: 47,1216,28,91,41,68,7,37,51,11,55,85,10,1205,75,1217,32,40,1213,73,1215,1212,1214,59,1226,45
1219: 31,42,1225,1223,1222,1224,1221,1220,61,74,1204,8,9,66,33,83,1206,23,78,68,7,37,51,92,49
1220: 31,42,1225,1223,1222,1224,1221,1219,61,74,8,66,33,83,1206,23,78,41,68,7,37,51,92,49
1221: 31,42,1225,1223,1222,1224,1219,1220,61,6,74,1204,8,66,33,83,1206,23,78,41,68,7,37,51,92,49
1222: 31,42,1225,1223,1224,1221,1219,1220,74,8,66,33,83,1206,23,78,41,68,7,37,51,92,49
1223: 31,42,1225,1222,1224,1221,1219,1220,61,74,1204,8,9,66,33,83,1206,23,78,68,7,37,51,92,49
1224: 31,42,1225,1223,1222,1221,1219,1220,61,6,74,1204,8,9,66,33,83,1206,23,78,68,7,37,51,49
1225: 31,42,1223,1222,1224,1221,1219,1220,61,74,1204,8,9,66,33,83,1206,23,78,68,7,37,51,92,49
1226: 1214,59,45,1218,47,1216,28,85,10,1205,63,0,1217,32,40,1213,73,1215,1212,16,361,54,97,18,27,58,129,84
1227: 35,1202,1229,38,1210,22,14,17,69,25,89,1209,21,1228,62,1207,72,1211,88,1,5
1228: 25,89,1209,21,99,49,38,1210,22,14,17,63,0,35,1227,1202,1229,16,72,1211,88,1203,1,5
1229: 35,1227,1202,38,1210,14,17,69,25,89,1209,21,1228,71,62,1207,72,1211,88,1203,1,5,30,1208