1183: 1257,1203,1230,1208,1158,1282,1275,1265,1240,1271,1277
639: 
1068: 1028,117,1038,1069,237,1063,1065,1083,1067,1105,1091
1141: 1100,1113,1174,1150,1062,1075,1211
796: 
5: 
949: 311,1005
7: 21
1283: 1276,1260,1278,1132,1268,1288,1233,1253,1228,1200,1242,1258,1245
1126: 1011,1020,1162,1232,1171,153,1128,1136,1037,965,1007,598
977: 
11: 244,253
1223: 1053,1105,1091,278,1225,1148,1217,1213,1210
1289: 1267,911,1241,1270,1181,1258,1285,1221,1280
1113: 1141,1100,1174,1150,1062,1238,1075,1211
15: 29
754: 69
17: 37
711: 
19: 334
1269: 1202,1243,965,1281,1262,492,1287,1248
21: 825,7
22: 
699: 918
1124: 1204,1224,1265,1241,1270,1181
25: 387
643: 98
27: 
842: 834,667
29: 15
30: 
740: 134
1188: 1129,1216,1211,1149,1184,1186,1230,1208,1158
33: 485
947: 401
647: 
985: 
37: 17
1272: 411,1027,598,1256,173,454
868: 
995: 
875: 
42: 822,56,638
957: 
44: 
45: 
961: 
766: 
814: 63,898
968: 433
1281: 1262,965,1269,1161,1287,1248,1247,1263,1274
929: 533
939: 345
905: 
1287: 1248,1202,1243,1269,1281,1262,492
727: 662
56: 42
1257: 1183,1203,1230,1208,1158,1282,1275,1265,1240,1271
1277: 1237,1183,1203,1265,1271,1285,1221,577,1264
1216: 1129,1188,1075,1211,1149,1184,1186,1230,1158
792: 
61: 
839: 
63: 814,898
1252: 1268,1288,1233,1247,1263,1274,95,1278,1132,1253,1228,1276,1260
65: 
698: 864
922: 
869: 
69: 754,659
837: 1027,173
1245: 1242,1258,1253,1228,1200,1276,1260,1283,1270,1280
732: 
1128: 153,1136,1037,1114,1232,1126,1011,1020,1162
799: 921
75: 
864: 698
77: 781,208
996: 
854: 659
1007: 1126,1011,1020,1162,965,598
916: 505
1172: 1225,278,1232,1171
735: 137,650
1200: 1253,1228,1278,1132,1233,1276,1260,1283,1270,1181,1242,1258,1245
1181: 1270,1124,1204,1200,1241,1258,1285,1221,1267,911,1289,1280
1235: 1066,1209,1069,237,1063,1065,1083,1067,275,1273,1091,278
1265: 1208,1224,1124,1183,1257,1203,1241,1271,1277,1237,1285
1260: 1276,1283,1278,1132,1268,1288,1233,1252,1253,1228,1200,1242,1245
944: 
1288: 1268,1233,1252,1247,1263,1274,95,1278,1132,1253,1228,1276,1260,1283
1211: 1141,1100,1113,1075,492,1129,1188,1216,1186
948: 
1158: 1208,1149,1184,1129,1188,1216,1186,1230,1275,1183,1257
1064: 1088,442,1015,117,1038,1069
95: 454,1263,1274,1268,1288,1233,1252
1253: 1228,1200,1278,1132,1268,1288,1233,1252,1276,1260,1283,1270,1242,1245
994: 
98: 345,643
1238: 1097,1148,1217,1150,1113
1266: 1151,1105,1091,1098
1228: 1253,1200,1278,1132,1288,1233,1252,1276,1260,1283,1270,1242,1258,1245
102: 
872: 964
908: 
105: 634,627
955: 
1225: 1172,1091,278,1114,1223,1232,1171,1217,1213,1210
906: 446
659: 69,854
781: 77,208
845: 
932: 510
1247: 1281,1262,1248,1263,1274,1278,1132,1268,1288,1233,1252
993: 
115: 764
851: 137
117: 1038,166,1015,1064,1088,1028,1030,1069,1068,237,1063,1065,1067
1030: 1028,166,1015,311,1005,117,1038
119: 
1278: 1132,1247,1263,1274,1268,1288,1233,1252,1253,1228,1200,1276,1260,1283
121: 236
1271: 1282,1183,1257,1203,1265,1240,1277,1237,577,1264
123: 
1209: 1066,1235,1069,237,1063,1065,1083,1067,275,1273,1091,278,1118
125: 898
975: 
911: 1267,1289,1181,1258,1285,1221,1280
898: 125,63,814
1224: 1208,1124,1204,1203,1265,1241
979: 
1075: 1141,1100,1113,1211,1149,1184,1129,1216
963: 
1186: 1211,492,1129,1188,1216,1158
134: 740
951: 
1120: 410,1149,1184
137: 735,851,650
1270: 1181,1124,1204,1253,1228,1200,1242,1258,1245,1267,1289,1280
1063: 237,1065,1083,1067,117,1038,1069,1068,1066,1209,1235,1105,1091,278
140: 
141: 
986: 456
143: 
1078: 700,1009
903: 573
1097: 1146,1096,1098,1148,1174,1150,1062,1238
1237: 1277,1203,1265,1241,1271,1285,1221,577,1264
1267: 911,1289,1270,1181,1242,1258,1285,1221,1280
149: 
790: 
894: 
978: 885
153: 1128,1136,1037,1114,1118,1232,1171,1126,1011,1020,1162
980: 625
1151: 1266,1105,1091,1098
644: 464
157: 
965: 1213,1210,1126,1011,1020,1162,1007,1202,1243,1269,1161,1281,1262
1230: 1149,1184,1129,1188,1216,1208,1158,1206,1282,1275,1183,1257,1203
902: 475
161: 
162: 419
1027: 411,837,1272,1256,173
1114: 1118,275,278,1225,1232,1171,153,1128,1136,1037
1204: 1124,1224,1241,1270,1181
166: 442,1015,311,1005,1028,1030,117,1038
820: 
168: 238,682
700: 1009,1078
883: 
171: 
746: 213
173: 1256,1027,837,1272,454
1104: 311,1005,557
940: 371
1065: 237,1063,1083,1067,117,1038,1069,1068,1066,1209,1235,1105,1091,278
177: 
923: 
1062: 1150,1146,1097,1096,1174,1141,1100,1113
1053: 1223,1105,1091,278
901: 
182: 
183: 
992: 
1290: 411
870: 
967: 
1233: 1268,1288,1252,1247,1263,1274,95,1278,1132,1253,1228,1200,1276,1260,1283
834: 842,667
976: 
919: 
803: 
1208: 1158,1184,1129,1188,1230,1224,1275,1183,1257,1203,1265
809: 416
1256: 173,411,1027,1272,454
1203: 1183,1257,1230,1208,1224,1282,1275,1265,1240,1271,1277,1237
962: 
1282: 1275,1230,1206,1183,1257,1203,1240,1271
199: 211,384
200: 
934: 
1285: 1221,1265,1241,1181,1277,1237,1267,911,1289
953: 
1197: 492
205: 
206: 
982: 
208: 77,781
924: 
210: 
211: 199
990: 942
213: 746
1264: 577,1240,1271,1277,1237
1149: 1184,1120,1075,1129,1188,1216,1230,1158
638: 42
1098: 1151,1266,1105,1146,1097,1096
914: 467
219: 
1011: 1126,1020,1162,1232,1171,153,1128,1136,1037,965,1007,598
866: 294,312
925: 
223: 
1100: 1141,1113,1174,1150,1062,1075,1211
1118: 1114,1209,275,1273,278,1232,153,1136
941: 
227: 605,338
912: 
950: 
943: 
706: 
232: 
233: 
234: 
703: 
236: 121
237: 1063,1065,1083,1067,117,1038,1069,1068,1066,1209,1235,1105,1091,278
238: 168,682
920: 592
829: 
241: 432
849: 432
243: 
244: 11,253
971: 
246: 568
247: 
1105: 1151,1266,1068,237,1063,1065,1083,1067,1091,1098,1053,1223
877: 
1129: 1188,1216,1075,1211,1149,1184,1186,1230,1208,1158
251: 
1148: 1223,1146,1097,1096,1217,1150,1238
253: 11,244
1091: 1068,237,1063,1065,1083,1067,1066,1209,1235,1151,1266,1105,278,1053,1223,1225
255: 326
942: 990
1217: 1223,1225,1148,1213,1210,1238
844: 604
259: 
260: 
928: 414
690: 
1263: 1274,1281,1262,1247,95,1278,1132,1268,1288,1233,1252
264: 300
909: 
1096: 1146,1097,1098,1148,1174,1150,1062
267: 688
998: 
853: 
270: 
887: 
1248: 1287,1202,1243,1269,1161,1281,1262,492,1247
915: 
823: 323
275: 1273,1066,1209,1235,278,1114,1118
959: 552
913: 491
278: 237,1063,1065,1083,1067,1066,1209,1235,275,1273,1091,1114,1118,1053,1223,1225,1172,1232,1171
892: 
1088: 1064,1015,117,1038,1069
281: 
958: 
764: 115
1038: 117,166,1015,1064,1088,1028,1030,1069,1068,237,1063,1065,1083,1067
285: 345
286: 
682: 238,168
720: 384
960: 
984: 
952: 
292: 
1107: 759
294: 866
672: 
999: 452
1162: 1126,1011,1020,1171,153,1128,1136,1037,965,1007,598
298: 
299: 445
300: 264
956: 
1232: 1171,278,1114,1118,1225,1172,153,1128,1136,1037,1213,1210,1126,1011
933: 
904: 552
1015: 442,166,1064,1088,1028,1030,117,1038,1069
1066: 1209,1235,1069,237,1063,1065,1083,1067,275,1273,1091,278
307: 840
991: 
1268: 1288,1233,1252,1247,1263,1274,95,1278,1132,1253,1276,1260,1283
1028: 1030,166,1015,311,1005,117,1038,1068
311: 1005,949,166,1028,1030,1104
312: 866
313: 
1276: 1260,1283,1278,1132,1268,1288,1233,1252,1253,1228,1200,1242,1245
1280: 1270,1181,1242,1258,1245,1267,911,1289
712: 358
989: 
1069: 1015,1064,1088,117,1038,1068,237,1063,1065,1083,1067,1066,1209,1235
856: 
320: 
825: 697,21
945: 
323: 631,823
981: 673
1242: 1258,1245,1253,1228,1200,1276,1260,1283,1270,1267,1280
326: 255
327: 331
1161: 965,1281,1262,1248
1132: 1278,1247,1263,1274,1268,1288,1233,1252,1253,1228,1200,1276,1260,1283
1037: 153,1128,1136,1114,1232,1126,1011,1020,1162
331: 327
918: 699
1184: 1149,1120,1075,1129,1188,1216,1230,1208,1158
334: 19
697: 825
1020: 1126,1011,1162,1171,153,1128,1136,1037,965,1007,598
1243: 1269,965,1262,492,1287,1248
338: 227,605
339: 
840: 307
938: 
966: 
1221: 1285,1241,1181,1277,1237,1267,911,1289
937: 
345: 285,98,939
921: 799
347: 
348: 
349: 
997: 
806: 
917: 497,907
836: 
650: 735,137
355: 
356: 
970: 
358: 712
359: 
654: 
1258: 1242,1245,1228,1200,1283,1270,1181,1267,911,1289,1280
1273: 275,1066,1209,1235,278,1118
931: 
759: 1107
365: 646
1005: 311,949,166,1028,1030,1104
1262: 1281,965,1202,1243,1269,1161,1287,1248,1247,1263
1146: 1097,1096,1098,1148,1174,1150,1062
964: 872
815: 
371: 940
954: 
662: 727
1240: 1206,1282,1275,1183,1257,1203,1271,577,1264
710: 
667: 834,842
377: 
673: 981
817: 
688: 267
969: 
382: 
1136: 153,1128,1037,1114,1118,1232,1171,1126,1011,1020,1162
384: 720,199
987: 
935: 
387: 25
1083: 237,1063,1065,1067,1038,1069,1068,1066,1209,1235,1105,1091,278
974: 570
907: 917
391: 
930: 
1210: 1213,1223,1225,1232,1171,1217,965
983: 
1213: 1210,1223,1225,1232,1171,1217,965
396: 
773: 
910: 
936: 
400: 
401: 947
402: 
403: 
404: 
405: 438
406: 
407: 
408: 
409: 
410: 1120,461
411: 1290,1027,598,1272,1256
412: 418
413: 
414: 928
415: 
416: 809
417: 
418: 412
419: 162
420: 
421: 
422: 560
423: 450
424: 
425: 
426: 447
427: 
428: 
429: 
430: 
431: 446
432: 849,241
433: 968
434: 
435: 565
436: 
437: 594
438: 405
439: 508
440: 
441: 
442: 166,1015,1064
443: 
444: 576
445: 299
446: 906,431
447: 426
448: 
449: 
450: 463,511,423
451: 
452: 999
453: 
454: 598,1272,1256,173,95
455: 
456: 986
457: 
458: 
459: 
460: 
461: 410,1206
462: 
463: 450,511
464: 644
465: 
466: 
467: 914
468: 
469: 
470: 
471: 
472: 
473: 
474: 
475: 902
476: 
477: 
478: 
479: 
480: 
481: 
482: 
483: 
484: 
485: 33
486: 
487: 
488: 
489: 
490: 
491: 913
492: 1197,1202,1243,1269,1211,1287,1248,1186
493: 
494: 
495: 
496: 
497: 917
498: 530,537
499: 629
500: 
501: 
502: 
503: 
504: 
505: 916
506: 525
507: 
508: 439
509: 
510: 932
511: 463,450
512: 
513: 
514: 
515: 
516: 
517: 
518: 
519: 
520: 
521: 
522: 
523: 
524: 
525: 506
526: 
527: 
528: 
529: 
530: 498,537
531: 
532: 
533: 929
534: 
535: 557
536: 
537: 498,530
538: 
539: 
540: 
541: 
542: 
543: 
544: 
545: 
546: 
547: 
548: 
549: 
550: 
551: 
552: 959,904
553: 
554: 
555: 
556: 
557: 1104,535
558: 
559: 
560: 422,564
561: 
562: 
563: 
564: 560
565: 435
566: 
567: 
568: 246
569: 
570: 974
571: 
572: 
573: 903
574: 
575: 
576: 444
577: 1264,1240,1271,1277,1237
578: 
579: 
580: 
581: 
582: 
583: 
584: 
585: 
586: 
587: 
588: 
589: 
590: 
591: 
592: 920
593: 
594: 437
595: 
596: 
597: 
598: 1126,1011,1020,1162,411,1007,1272,454
599: 
927: 
1275: 1282,1230,1208,1158,1206,1183,1257,1203,1240
1174: 1146,1097,1096,1150,1062,1141,1100,1113
988: 
604: 607,844
605: 227,338
832: 
607: 604
1206: 461,1230,1282,1275,1240
900: 
665: 
1009: 700,1078
1241: 1224,1124,1204,1265,1181,1237,1285,1221,1289
1067: 237,1063,1065,1083,117,1038,1069,1068,1066,1209,1235,1105,1091,278
972: 
946: 
973: 
617: 
618: 
619: 
1150: 1062,1146,1097,1096,1148,1174,1238,1141,1100,1113
1202: 1269,965,1262,492,1287,1248
885: 978
623: 
1171: 1232,278,1114,1225,1172,153,1136,1213,1210,1126,1011,1020,1162
625: 980
1274: 1263,1281,1247,95,1278,1132,1268,1288,1233,1252
627: 634,105
926: 
629: 499
646: 365
631: 323
865: 
822: 42
634: 105,627
709: 