0: 22,57,379,1235,76,99,38,69,19,25,1233,1238,1239,1237,72,14,17
1: 476,106,140,21,1210,1211,1209,1227,1229,1228,70,88,5,1203,1208,199,15,416,447,48,232
2: 103,3,83,74,338,413,1224,86,4,91,68,37,1241,1243,1206
3: 427,262,168,6,26,267,135,83,219,338,413,103,2
4: 91,219,338,413,103,2,79,94,68,386,358,487,41
5: 1203,1208,199,21,1210,1211,1227,1229,1228,30,1202,1207,35,476,1,106,204,447,232,29
6: 26,369,234,465,185,64,262,168,82,61,1204,3,83,74
7: 68,37,1241,1243,1206,1262,1242,1230,487,41,1205,10,49,51,47,11,96,28,55,85,1218,1216,16
8: 185,64,56,46,12,98,82,61,1204,33,9,66,74,1223,1244,1225,1248,1246,1251,78
9: 33,66,56,46,12,98,173,8,67,95,1244,1248,78,42,23
10: 1205,49,51,37,1241,1243,1206,1262,1242,1230,1232,1258,31,1231,1257,7,63,1236,1234,85,1218,1216,16,89
11: 47,96,28,55,358,487,7,365,85,1218,1216,419,264,1213,97,32,75,40,1217,73,1215,1212
12: 46,98,80,44,384,463,93,216,56,173,8,33,9,66,67,95
13: 173,183,65,87,67,95,43,90,42,23,20,53
14: 1235,76,99,38,0,69,19,25,1233,1238,1239,1237,72,17,140,21,1210,1211,1209,1227,1229,1228
15: 416,60,84,70,88,476,1,106,24,50,447,48,225,220,81,433,449
16: 7,1205,10,49,51,63,1236,1234,85,1218,1216,89,73,1226,58,18,1215,1214,1212,45,60,84
17: 0,69,19,251,14,381,134,62,21,1210,1211,1209,1227,1229,1228,30,1202,1207,35
18: 73,1226,58,1215,1214,1212,55,85,1218,1216,16,1213,97,1217,54,45,124,129,164,27,59
19: 69,57,379,182,0,251,14,17,381,134,62
20: 67,95,13,43,90,42,23,53,22,57,379
21: 1210,1211,1209,25,1233,1238,1239,1237,72,14,17,140,1227,1229,1228,70,88,476,1,106,5,1208,199
22: 78,90,42,23,20,1245,1247,92,1240,1222,1263,1259,57,1232,1258,31,1231,1257,1235,76,99,38,0
23: 90,42,33,9,66,67,95,13,78,20,1245,1247,92,1240,1222,1263,1259,22,57
24: 50,45,60,84,70,88,164,27,59,15,416,355,225,220,81
25: 1233,1238,1239,1237,72,1235,76,99,38,0,63,1236,1234,14,89,140,21,1210,1211,1209
26: 6,369,77,234,465,185,64,262,168,82,61,1204,3,83,74
27: 164,59,73,1226,58,18,1215,1214,45,84,129,24,50,311,355,225
28: 47,11,96,55,358,487,41,7,365,85,1218,1216,419,264,1213,97,32,75,40,1217,54,73,1226,1215,1214,1212
29: 5,1203,1208,199,204,480,232
30: 1202,1207,35,17,381,134,62,352,1227,1229,1228,5,1203,1208,199,204,480
31: 1232,1258,1231,1257,1261,1219,1250,1254,1220,1249,1253,1221,1255,1252,1256,1260,1245,1247,92,1240,1222,1263,1259,22,1262,1242,1230,1235,76,99,38,1205,10,49,51,63,1236,1234,1233,1237,72
32: 1213,97,75,40,1217,54,365,47,11,96,28,55,85,1218,1216,419,264,73,1226,58,1215,1214,1212,104,124,129
33: 9,66,56,46,12,98,173,8,67,95,1223,1244,1225,1248,1246,1251,78,90,42,23
34: 39,288,301,87,43,52,36
35: 30,1202,1207,17,381,134,62,352,1227,1229,1228,5,1203,1208,199,204,480
36: 34,39,52,339,284,130
37: 1241,1243,1206,103,2,1224,86,1261,1219,1250,1254,1220,1249,1253,1221,1255,1252,1256,1260,68,1262,1242,1230,487,41,7,1205,10,49,51
38: 1235,76,99,1245,1247,92,1240,1222,1263,1259,22,57,1232,1258,31,1231,1257,0,63,1236,1234,25,1233,1238,1239,1237,72,14
39: 34,288,301,87,43,52,36
40: 1213,97,32,75,1217,54,365,47,11,96,28,55,85,1218,1216,419,264,73,1226,58,1215,1214,1212,104,124,129
41: 487,4,91,68,37,1241,1243,1206,358,7,365,47,96,28,55,85
42: 90,23,33,9,66,67,95,13,78,20,1245,1247,92,1240,1222,1263,1259,22,57
43: 183,65,87,34,39,13,52,20,53,339
44: 80,116,179,384,463,93,185,64,56,46,12,98
45: 85,1218,1216,16,89,73,1226,58,18,1215,1214,1212,60,84,129,164,27,59,24,50
46: 12,98,44,384,463,93,216,56,173,8,33,9,66,67,95
47: 11,96,28,55,358,487,41,7,365,85,1218,1216,419,264,1213,97,32,75,40,1217,54,73,1226,58,1215,1214,1212
48: 447,70,88,476,1,106,1203,1208,199,15,416,232,220,433,449
49: 1205,10,51,37,1241,1243,1206,1262,1242,1230,1232,1258,31,1231,1257,7,63,1236,1234,85,16,89
50: 24,45,60,84,70,88,164,27,59,15,416,355,225,220,81
51: 1205,10,49,37,1241,1243,1206,1262,1242,1230,1232,1258,31,1231,1257,7,63,1236,1234,85,1218,1216,16,89
52: 34,39,43,36,53,339,284,130
53: 13,43,52,20,339,57,379,182
54: 1213,97,32,75,40,1217,365,47,28,55,85,1218,1216,419,264,73,1226,58,18,1215,1214,1212,124,129
55: 47,11,96,28,358,487,41,7,365,85,1218,1216,419,264,1213,97,32,75,40,1217,54,73,1226,58,18,1215,1214,1212
56: 179,80,44,384,463,93,185,64,46,12,98,82,61,1204,8,33,9,66
57: 90,42,23,20,53,22,379,1235,76,99,38,0,69,19
58: 73,1226,18,1215,1214,1212,47,55,85,1218,1216,16,1213,97,32,40,1217,54,45,124,129,164,27,59
59: 164,27,73,1226,58,18,1215,1214,1212,45,84,129,24,50,311,355,225
60: 84,16,89,140,45,70,88,164,24,50,15,416
61: 82,1204,234,465,185,64,56,6,26,8,83,74,1223,1225,1251
62: 381,134,69,19,251,255,126,17,71,352,250,1227,1229,1228,30,1202,1207,35
63: 1236,1234,1262,1242,1230,1232,1258,31,1231,1257,1235,76,99,38,1205,10,49,51,25,1233,1238,1239,1237,72,16,89,140
64: 185,317,179,44,234,465,56,6,26,82,61,1204,8
65: 183,216,308,288,301,173,87,67,95,13,43
66: 33,9,56,46,12,98,173,8,67,95,1223,1244,1225,1248,1246,1251,78,90,42,23
67: 95,46,12,98,173,183,65,33,9,66,13,78,90,42,23,20
68: 338,413,103,2,1224,86,4,91,37,1241,1243,1206,358,487,41,7
69: 19,57,379,182,0,251,14,17,381,134,62
70: 88,89,140,21,1210,1211,1209,60,84,476,1,106,24,50,15,416,447,48
71: 352,250,251,255,126,381,134,62,1207
72: 25,1233,1238,1239,1237,1232,1258,31,1231,1257,1235,76,99,38,0,63,1236,1234,14,89,140,21,1210,1211,1209
73: 1226,58,18,1215,1214,1212,47,11,28,55,85,1218,1216,16,1213,97,32,75,40,1217,54,45,124,129,164,27,59
74: 6,26,82,61,1204,8,83,1223,1244,1225,1248,1246,1251,103,2,1224,86,1261,1219,1250,1254,1220,1249,1253,1221,1255,1252,1256,1260
75: 1213,97,32,40,1217,54,365,47,11,96,28,55,85,1218,1216,419,264,73,1215,1212,104,124,129
76: 1235,99,38,1245,1247,92,1240,1222,1263,1259,22,57,1232,1258,31,1231,1257,0,63,1236,1234,25,1233,1238,1239,1237,72,14
77: 369,317,296,191,234,465,427,262,168,26
78: 8,33,9,66,67,95,1223,1244,1225,1248,1246,1251,90,42,23,1261,1219,1250,1254,1220,1249,1253,1221,1255,1252,1256,1260,1245,1247,92,1240,1222,1263,1259,22
79: 94,163,219,338,413,4,91,229,386,358
80: 44,116,179,384,463,93,185,56,12
81: 220,24,50,15,416,447,225,433
82: 61,1204,234,465,185,64,56,6,26,8,83,74,1223
83: 262,168,6,26,82,61,1204,3,74,338,413,103,2,1224,86
84: 60,16,89,140,45,70,88,164,27,59,24,50,15,416
85: 1218,1216,487,41,7,1205,10,49,51,47,11,96,28,55,16,1213,97,32,75,40,1217,54,73,1226,58,18,1215,1214,1212,45
86: 1224,83,74,1223,1244,1225,1248,1246,1251,103,2,1261,1219,1250,1254,1220,1249,1253,1221,1255,1252,1256,1260,68,37,1241,1243,1206,1262,1242,1230
87: 308,288,301,183,65,34,39,13,43
88: 70,89,140,21,1210,1211,1209,60,84,476,1,106,24,50,15,416,447,48
89: 1205,10,49,51,63,1236,1234,25,1233,1238,1239,1237,72,16,140,45,60,84,70,88
90: 42,23,33,66,67,95,13,78,20,1245,92,1222,22,57
91: 4,219,338,413,103,2,79,94,68,386,358,487,41
92: 1245,1247,1240,1222,1263,1259,1223,1244,1225,1248,1246,1251,78,90,42,23,1261,1219,1250,1254,1220,1249,1253,1221,1255,1252,1256,1260,22,1262,1242,1230,1232,1258,31,1231,1257,1235,76,99,38
93: 384,463,484,80,44,216,56,46,12,98,173
94: 79,163,219,338,413,4,91,229,386,358
95: 67,46,12,98,173,183,65,33,9,66,13,78,90,42,23,20
96: 47,11,28,55,358,487,41,7,365,85,1218,1216,419,264,1213,32,75,40,1217,1215,1212
97: 1213,32,75,40,1217,54,365,47,11,28,55,85,1218,1216,419,264,73,1226,58,18,1215,1214,1212,104,124,129
98: 46,12,44,384,463,93,216,56,173,8,33,9,66,67,95
99: 1235,76,38,1245,1247,92,1240,1222,1263,1259,22,57,1232,1258,31,1231,1257,0,63,1236,1234,25,1233,1238,1239,1237,72,14
100: 421,459,210,133,211,169
101: 306,263,294,246,281
102: 302,485,393,305,131,175,236
103: 2,3,83,74,338,413,1224,86,4,91,68,37,1241,1243,1206
104: 446,419,264,97,32,75,40,124,361
105: 263,420,142,119,166,189,143,443,294,306
106: 476,1,140,21,1210,1211,1209,1227,1229,1228,70,88,5,1203,1208,199,15,416,447,48,232
107: 489,155,471,127,436,207,238,496
108: 387,362,227,349,202
109: 372,210,133,211,252,137
110: 460,439,391,380
111: 229,386,244,446
112: 367,187
113: 403,258,147,166,189,443,294,454,276
114: 248,157,315,272,478
115: 
116: 317,296,179,80,44
117: 298,241,412,292,437,195
118: 181,196,254
119: 425,299,403,142,166,189,263,105,443
120: 396,438,431,354,353,190,269
121: 458,238,360,280,261,268,201,385,275,218,331
122: 324,477,175,293,375,316
123: 184,247,246,281,230,439,461
124: 419,264,1213,97,32,75,40,1217,54,73,1226,58,18,1215,1214,1212,104,129,361,311
125: 482,212,486
126: 255,182,245,251,381,134,62,71,352,250
127: 432,155,471,436,489,107
128: 208,415,451,428,248,327
129: 1213,97,32,75,40,1217,54,73,1226,58,18,1215,1214,1212,45,124,164,27,59,361,311,355
130: 284,52,36,339,182,245
131: 285,393,305,102,302,335,175,236
132: 367,192,389,221,161,314
133: 210,211,421,100,109
134: 381,62,69,19,251,255,126,17,71,352,250,1227,1229,1228,30,1202,1207,35
135: 267,427,262,168,3,163,219,338,413
136: 429,303,442,200
137: 495,109,252
138: 397,322,282,154,366
139: 277,442,494,200,170,323,398,445,186,149
140: 63,1236,1234,25,1233,1238,1239,1237,72,14,89,21,1210,1211,1209,60,84,70,88,476,1,106
141: 313,240,440,156,468,253,319,444,493
142: 425,119,143,263,420,105
143: 142,263,420,105,392
144: 332,235,328,473,475,270,406
145: 193,484,216,308,288,301
146: 154,176
147: 258,351,249,350,403,113
148: 461,233,374
149: 186,464,170,277,139,462,445,347,172
150: 418,256,326,321
151: 478
152: 452,158,483
153: 438
154: 366,138,394,499,376,146
155: 471,460,432,455,380,127,107
156: 440,483,240,468,141,313
157: 248,451,114
158: 152,483,240,440,468
159: 370,469,279,426,217
160: 404,372,252,340
161: 314,389,132,378,223,333
162: 190,178,411,450,269,260
163: 267,135,219,79,94
164: 27,59,73,1226,58,18,1215,1214,1212,45,60,84,129,24,50,311,355,225
165: 363,408,410,303,197
166: 189,299,403,119,113,263,420,105,443,294
167: 490,348,474,329
168: 262,191,369,77,234,465,427,6,26,267,135,3,83
169: 459,100,210,224
170: 200,442,494,277,139,188,462,445,186,149
171: 410,303,197,429,203,423,278
172: 149,464,312,347,181,196,435,235,342,328,332
173: 384,463,93,216,308,46,12,98,183,65,33,9,66,67,95,13
174: 270,307,435,235,406,273,481
175: 236,305,102,302,477,285,131,122,324,375
176: 490,146
177: 291,377,409,483
178: 411,450,467,356,162
179: 116,317,296,80,44,234,465,185,64,56
180: 424,226,371,348
181: 196,312,118,172,254,328,332,475
182: 53,339,284,130,379,245,69,19,251,255,126
183: 65,216,308,288,301,173,87,67,95,13,43
184: 123,247,246,230,439,461
185: 64,317,296,179,80,44,234,465,56,6,26,82,61,1204,8
186: 149,464,200,170,277,139,323,462,445
187: 112,459
188: 200,170,462,445
189: 166,403,258,119,113,263,105,443,294,454,276
190: 353,438,356,120,396,411,450,162,269
191: 369,77,427,262,168
192: 389,221,297,132,367,314
193: 484,145
194: 422,331,357,198
195: 437,241,117,412,292,214,266
196: 181,312,118,172,254,328,332
197: 205,165,363,410,171,336,203,423
198: 422,331,194,357,256
199: 5,1203,1208,21,1210,1211,1209,1227,1229,1228,30,1202,1207,35,476,1,106,204,447,48,232,29
200: 170,136,442,139,188,462,445,186
201: 385,364,360,121,275
202: 108,227,349,334,287,279
203: 423,197,171,336,278
204: 1227,1229,1228,30,1202,1207,35,5,1203,1208,199,480,232,29
205: 472,363,197
206: 402,273,417,304,283,330,345
207: 400,489,107,238,496,360,280,458
208: 415,128
209: 
210: 133,211,100,109,169
211: 210,133,100,109
212: 240,486,125,482
213: 309,421
214: 292,195
215: 401,253,493,300
216: 484,145,384,463,93,308,46,12,98,173,183,65
217: 159,370,373,430,346
218: 275,121,385,422,331,325,357
219: 267,135,3,163,338,413,79,94,4,91
220: 81,24,50,15,416,447,48,225,433,449
221: 192,389,297,343,132,367
222: 405,283,310
223: 333,161,314,378
224: 459,169
225: 164,27,59,24,50,15,416,355,220,81,290
226: 424,180,371,348
227: 349,108,326,321,202,287
228: 373
229: 79,94,386,111,244
230: 399,247,246,184,123,439
231: 467,388,356
232: 476,1,106,5,1203,1208,199,204,447,48,29,433,449
233: 461,148,374,432
234: 465,317,296,179,369,77,185,64,262,168,6,26,82,61,1204
235: 342,328,347,172,307,435,144,332,174,270,406
236: 175,393,305,102,302,477,131,324,375
237: 257
238: 496,489,107,207,400,280,121,458,261,268
239: 455,380,471,453,400
240: 486,158,212,440,156,141
241: 117,437,195
242: 271,351,249
243: 385,275,325
244: 229,386,358,111,365,446,419,264
245: 339,284,130,182,251,255,126
246: 247,466,101,230,184,123
247: 246,281,230,184,123
248: 157,451,128,327,315,114
249: 351,242,350,299,403,147
250: 71,352,251,255,126,381,134,62,1207
251: 379,182,245,69,19,255,126,17,381,134,62,71,352,250
252: 372,160,109,495,137
253: 319,444,141,313,493,497,401,215
254: 118,181,196,332,473,475,382
255: 126,182,245,251,381,134,62,71,352,250
256: 198,387,150,418,326,321,349
257: 286,237,266,337,383,414,407,456
258: 147,403,189,113
259: 495
260: 162,269
261: 268,238,496,121,458,422,331
262: 168,191,369,77,234,465,427,6,26,267,135,3,83
263: 420,105,142,119,166,189,143,443,294,101,306
264: 419,244,365,47,11,96,28,55,446,1213,97,32,75,40,1217,54,104,124
265: 468,274,493
266: 437,195,257,286,414,407
267: 135,427,262,168,3,163,219,338,413
268: 261,238,496,121,458,331
269: 353,190,120,396,162,260
270: 174,307,435,235,342,328,144,406,481
271: 242
272: 315,114,478
273: 481,174,304,206
274: 483,468,265
275: 218,121,201,385,422,331,243,325,357
276: 454,189,113,443,294
277: 139,442,494,170,323,398,445,186,149,464
278: 171,203,423
279: 426,202,334,159,370,469
280: 360,207,400,238,496,121,458
281: 101,247,395,123
282: 310,322,397,138
283: 206,402,222,345
284: 130,52,36,339,182,245
285: 131,393,305,335,175
286: 257,266,337,383,414,407,456
287: 326,227,349,202,320
288: 301,145,308,183,65,87,34,39
289: 295,394,499,376
290: 311,355,225,441
291: 177,377,409,474,470
292: 412,298,319,117,497,437,195,214
293: 375,122,324,316
294: 443,166,189,113,263,105,454,276,101,306
295: 345,341,289
296: 317,116,179,369,77,234,465,185
297: 343,192,221
298: 482,319,117,412,292,497
299: 351,249,425,403,119,166
300: 497,401,215
301: 288,145,308,183,65,87,34,39
302: 102,485,393,305,477,131,175,236
303: 410,165,171,429,136
304: 273,481,206,402,330
305: 393,102,302,285,131,175,236
306: 101,263,420,105,443,294
307: 435,347,235,342,174,270
308: 484,145,216,288,301,173,183,65,87
309: 213,457,421,372
310: 390,222,322,282
311: 124,129,164,27,59,361,355,441,290
312: 398,464,172,181,196
313: 141,440,156,468,253,444,493
314: 161,192,389,132,367,223,333
315: 248,327,114,272
316: 122,324,293,375
317: 296,116,179,369,77,234,465,185,64
318: 
319: 253,444,141,298,412,292,497,401
320: 326,287
321: 326,256,150,418,227,349
322: 310,282,397,138
323: 398,494,277,139,186
324: 122,477,175,236,293,375,316
325: 275,218,243,357
326: 321,256,150,418,227,349,320,287
327: 428,128,248,315,350
328: 235,342,172,181,196,435,144,332,270,406
329: 167,474
330: 304,206,341
331: 422,121,458,261,268,275,218,194,357,198
332: 144,172,181,196,254,235,342,328,473,475,406
333: 223,161,314,378
334: 362,202,279,426,469
335: 393,285,131,451
336: 197,492,203,423
337: 257,286,340,383,414,407
338: 413,267,135,3,83,219,103,2,79,94,4,91,68
339: 43,52,36,53,284,130,379,182,245
340: 160,337
341: 330,345,295
342: 235,328,347,172,307,435,332,270
343: 297,221
344: 
345: 206,283,341,295
346: 217,430,378
347: 462,149,464,172,307,435,235,342
348: 226,180,371,167,491
349: 227,256,108,387,326,321,202,287
350: 327,351,249,147
351: 249,242,350,299,403,147
352: 71,250,251,255,126,381,134,62,30,1202,1207,35
353: 190,438,356,120,396,411,450,269
354: 431,368,120,396
355: 129,164,27,59,24,50,311,225,441,290
356: 231,467,353,190,178,411,450
357: 275,218,422,331,194,325,198
358: 79,94,4,91,68,386,487,41,244,365,47,11,96,28,55
359: 452
360: 280,207,400,364,121,458,201,385
361: 104,124,129,311,441
362: 108,387,334
363: 165,205,410,197
364: 360,201
365: 386,358,487,41,244,47,11,96,28,55,446,419,264,1213,97,32,75,40,1217,54
366: 154,138,394,499,376
367: 132,112,192,389,221,314
368: 431,354
369: 77,317,296,191,234,465,427,262,168,6,26
370: 159,469,279,426,373,217
371: 226,180,348,409,491
372: 309,404,160,109,252
373: 426,370,228,217,430
374: 148,233,432
375: 293,175,236,122,324,316
376: 289,394,499,154,366
377: 291,177,409,491,470
378: 346,161,223,333
379: 20,53,339,57,182,0,69,19,251
380: 455,460,110,155,471,239
381: 134,62,69,19,251,255,126,17,71,352,250,1227,1229,1228,30,1202,1207,35
382: 473,475,254
383: 414,407,257,286,337,456
384: 463,93,484,80,44,216,56,46,12,98,173
385: 201,360,121,275,218,243
386: 79,94,4,91,229,358,111,244,365
387: 108,256,362,349
388: 231,467
389: 192,221,132,367,161,314
390: 310
391: 439,460,110
392: 143,466,399
393: 305,102,302,335,285,131,236
394: 499,289,154,366,376
395: 101,281,148
396: 120,438,354,353,190,269
397: 138,322,282
398: 323,277,139,312
399: 392,466,230
400: 207,239,238,360,280
401: 215,253,319,444,493,497,300
402: 206,481,417,304,283
403: 351,249,299,258,147,119,166,189,113
404: 372,160
405: 222
406: 235,328,144,332,473,174,270,481,417
407: 383,414,257,286,266,337,456
408: 165
409: 371,491,291,177,377
410: 303,165,363,197,171,429
411: 178,450,467,356,353,190,162
412: 292,298,319,117,497,195
413: 338,267,135,3,83,219,103,2,79,94,4,91,68
414: 383,407,257,286,266,337,456
415: 208,428,128
416: 15,60,84,70,88,476,1,106,24,50,447,48,225,220,81,433,449
417: 406,481,304,206,402,283
418: 150,256,326,321
419: 264,244,365,47,11,96,28,55,446,1213,97,32,75,40,1217,54,104,124
420: 263,105,142,166,143,306
421: 213,309,100,133
422: 331,261,275,218,194,357,198
423: 203,197,171,336,278
424: 226,180
425: 299,142,119
426: 279,334,159,370,469,373
427: 191,369,77,262,168,267,135,3
428: 415,128,327
429: 136,410,303,171
430: 373,217,346
431: 354,368,120
432: 233,155,471,127,436
433: 449,15,416,447,48,232,220,81
434: 778,1062,807,775,1108
435: 307,347,172,235,342,328,174,270
436: 432,127,489,107
437: 195,241,117,292,266
438: 153,353,190,120,396
439: 391,230,184,123,110
440: 156,158,483,240,486,468,141,313
441: 361,311,355,290
442: 136,494,200,170,277,139
443: 294,119,166,189,113,263,105,454,276,306
444: 253,319,141,313,493,497,401
445: 462,200,170,277,139,188,186,149,464
446: 111,244,365,419,264,104
447: 48,70,88,476,1,106,5,1203,1208,199,15,416,232,220,81,433,449
448: 
449: 433,15,416,447,48,232,220
450: 178,411,356,353,190,162
451: 335,128,248,157
452: 359,152
453: 455,239
454: 276,189,113,443,294
455: 380,460,155,471,453,239
456: 257,286,383,414,407
457: 309
458: 121,207,238,496,360,280,261,268,331
459: 187,100,224,169
460: 110,391,455,380,155,471
461: 233,184,123,148
462: 445,200,170,188,186,149,347
463: 384,93,484,80,44,216,56,46,12,98,173
464: 186,149,277,445,312,347,172
465: 234,317,296,179,369,77,185,64,262,168,6,26,82,61,1204
466: 392,399,246
467: 231,388,356,178,411
468: 158,483,440,156,274,141,313,265
469: 159,370,334,279,426
470: 474,291,377
471: 155,460,432,455,380,127,239,107
472: 205
473: 475,382,254,144,332,406
474: 167,491,329,291,470
475: 473,382,181,254,144,332
476: 1,106,140,21,1210,1211,1209,1227,1229,1228,70,88,5,1203,1208,199,15,416,447,48,232
477: 485,302,175,236,122,324
478: 114,272,151
479: 
480: 30,1202,1207,35,204,29
481: 273,174,270,406,417,304,402
482: 125,212,298
483: 152,177,158,440,156,468,274
484: 193,145,384,463,93,216,308
485: 102,302,477
486: 240,212,440,125
487: 41,4,91,68,37,1241,1243,1206,358,7,365,47,11,96,28,55,85,1218,1216
488: 
489: 107,127,436,207,238,496
490: 176,167
491: 371,348,409,474,377
492: 336
493: 141,313,265,253,444,401,215
494: 442,170,277,139,323
495: 137,252,259
496: 238,489,107,207,280,458,261,268
497: 298,253,319,444,412,292,401,300
498: 
499: 394,289,154,366,376
500: 1044,955,1125
501: 
502: 669,1112,810,515,840,506,853,833,842
503: 851,1191,1069,1183
504: 1023,971,827,1188,703,755,1163,616
505: 793,973,908,820,1070
506: 669,502,810,840,853,833,842,510,1030,845
507: 525,712,577
508: 1159,825,551
509: 806,731,828,962,964,1016,537,1176
510: 738,840,506,591,1030
511: 1125,578,535,622
512: 863
513: 874,864,1158,1010,1052
514: 916,1164,831,860,572,668,566,541
515: 810,1094,669,502,846,842
516: 777,1049,630,939,540,583
517: 980,958,768,886,1006,1085
518: 779,764,1098
519: 1032,963,1011,1095,749
520: 686,688
521: 1029,942,687
522: 792,858,892,888,989,600
523: 815,571,702,593,695
524: 1010,1052,879,1050
525: 1132,577,507
526: 612
527: 1113,615,976,928,602
528: 678,1117,529,762,548,614,545,1101,584
529: 762,548,614,528,678,1117
530: 802,546,606,800
531: 1148,938
532: 989,880,1045,600
533: 951,1121,674
534: 738,1030,845,915,1118
535: 1125,573,578,588,734,511,984
536: 761,561,1077
537: 1176,509,806,828,636,962,964,1016
538: 603,1021,1073
539: 737,766,555,1024,832,1054,978
540: 630,939,516,763,583
541: 566,514,1011,923,1043
542: 632,1173,896,594,563
543: 995
544: 843,701,732,838
545: 1101,584,548,614,528,678,1117,1177
546: 606,1192,802,585,530,1161,800
547: 1127,1120,653,854,894,768,614
548: 614,529,528,678,1117,545,1101
549: 1004,917,953
550: 672,1193,941,909,872,929,1013,590,1032
551: 508,1159,825,767,932
552: 1006,837,1197,1186,921
553: 751,776
554: 988,1005,891,619,914,722
555: 1024,927,766,539,737
556: 581,1072,788
557: 570,1061,831,860,1185
558: 1137,1114,870,1140,698
559: 790,979
560: 1096,651,983
561: 576,767,536,761
562: 747,579,1181
563: 725,542,896,594,595
564: 1056,1169
565: 763,583,697,758
566: 541,1032,572,514,963,1011,923
567: 1145,1100,649
568: 1063
569: 785,805
570: 557,1061,831
571: 523,815,867,702,954,695
572: 929,877,1164,831,590,1032,916,514,1011,566
573: 578,597,819,774,1125,588,734,535
574: 628,655,825,675,789
575: 808,971,922,1001,652,1188,1023
576: 767,932,561,1077,761
577: 1123,525,676,507,891
578: 573,597,1125,588,734,511,535
579: 747,562
580: 682,898,952
581: 663,1072,556
582: 613,647,1013
583: 763,540,516,697,758,565
584: 545,1101,528,678,1177
585: 1192,1042,1165,546,606,1161
586: 1076,821,605,1019,1034
587: 984,1136,935,966
588: 734,597,774,970,573,578,535,984
589: 850,729,862,1116,746,1035
590: 1032,550,929,877,1164,572,1011
591: 1054,978,510,738,1099,1025
592: 
593: 523,704
594: 595,542,563,725,1130
595: 594,890,563,725
596: 759,1002
597: 819,813,774,573,578,588,734
598: 1146,924,1033
599: 906,1098,1053,702
600: 522,792,532,743
601: 714,866,823
602: 527,1113,1031,976,928,724
603: 726,538,930,1021
604: 1196,1104,681,873,1111
605: 586,821,1019,1034,757
606: 546,1192,802,585,530,1161
607: 1160
608: 864
609: 866,925,773
610: 748,897,1179,658,1168
611: 1144,625,1017
612: 526
613: 582,647,710,1067
614: 548,547,529,528,678,1117,545
615: 905,527,1113
616: 755,1163,1089,504,1133,731
617: 1122,1195,814
618: 1002,829,1120
619: 891,914,554,988,722
620: 788,925
621: 848,940
622: 511,733,781
623: 1020
624: 1193,672,941,909
625: 1144,611
626: 1094,1038,665,927,1112,669
627: 694,948,913,1000,1014,1066
628: 574,655,825,998,789
629: 1103
630: 939,777,1049,540,516
631: 848,1128,1198
632: 1173,710,801,542
633: 869,849,666,987,1001,708,742
634: 952,818
635: 646,1018
636: 731,828,537,1176,1078
637: 806,962,964
638: 764
639: 1068,826
640: 1001,808,971,708,742,652,1188,1089
641: 876,711
642: 985,1041,1015
643: 766,706,737
644: 949,954,760
645: 
646: 635,1018
647: 672,872,582,613,1013
648: 795,1028,811
649: 1100,650,1055,1174,567,1145
650: 1055,881,1100,649,1174,957
651: 560,1096,983,796
652: 1188,1089,1001,808,971,575,640,1023
653: 829,977,1120,854,894,1127,547
654: 732,826
655: 574,628,675,998,789
656: 
657: 953,664,1004,721
658: 1179,897,610,1168
659: 830
660: 1180,934
661: 
662: 837,824
663: 903,696,679,581
664: 917,657,953
665: 1124,1046,626,1094
666: 816,849,922,633,1001
667: 704,834,899,1088
668: 831,860,1185,916,514
669: 502,626,1112,810,515,840,506,853
670: 835,1038
671: 1194,798
672: 934,1193,624,647,872,550
673: 897
674: 1121,1020,533,951
675: 655,574,998,789,791
676: 577,988,891,914
677: 689,1143
678: 528,1117,529,548,614,545,1101,584
679: 663
680: 728,692
681: 730,911,904,1196,604
682: 721,995,580
683: 1071,739,699,1109,946,1152
684: 771,917
685: 716,735
686: 520,688
687: 942,521,979
688: 520,686,1065
689: 1143,677,907
690: 918,914
691: 709,820,889
692: 1090,902,728,680
693: 
694: 627,948,1014,1066
695: 523,815,571,954,760,875
696: 903,1162,663,967,1072
697: 758,1091,763,583,565
698: 870,558,1137,1029,942
699: 739,741,1110,839,772,1109,683
700: 972,794
701: 843,791,544
702: 1053,906,599,523,815,571
703: 827,504,1163,1000
704: 667,593,844,834,899
705: 1152,754,1048
706: 643,766,539,737,832,978
707: 1026,777,1049
708: 742,1147,987,633,1001,640,750
709: 691,822,889,910
710: 1067,613,801,632,1173
711: 769,987,641,748
712: 507
713: 969
714: 967,1072,601,866,823
715: 800,933
716: 685,1149
717: 981,945
718: 
719: 722,1136
720: 1066,1148
721: 1004,657,953,682
722: 1005,970,554,988,891,619,914,719
723: 1063,781
724: 602,1060
725: 563,594,595,1126,1130
726: 603,538
727: 
728: 680,1090,692,902
729: 589,847,1116,1178,746
730: 911,904,1196,681
731: 616,1133,509,828,636
732: 843,544,654,919,799,826
733: 781,622,1063
734: 588,597,774,573,578,535,984
735: 685
736: 1079,912
737: 539,643,766,555,1024,706,832,1054,978
738: 510,591,1030,1099,1025,534
739: 699,741,1110,772,1109,683,1071,946
740: 1059
741: 992,1197,1110,839,772,739,699
742: 708,1147,987,633,748,640,750
743: 600,947,782
744: 762
745: 887,850,862
746: 729,589,1116,1178,955,1035,1158,1044
747: 579,1181,562
748: 711,987,742,1147,897,610
749: 519,963,1095,1080
750: 708,742,1147
751: 553,1184,1092
752: 1175
753: 1194,783
754: 705,1048,865
755: 1163,616,1188,1089,504,1023,1133
756: 930,1021,801
757: 821,605,1019,783
758: 697,1091,763,583,565
759: 596,1002
760: 954,695,644
761: 536,576,767,932,561,1077
762: 744,529,528
763: 583,540,697,758,565
764: 638,779,518
765: 813,996,1105,895,1083,1005
766: 643,555,706,539,737
767: 576,932,825,551,561,761
768: 854,894,1127,547,958,517,886
769: 1118,915,817,876,711
770: 
771: 902,684
772: 1110,839,741,992,739,699
773: 609
774: 813,597,1005,970,573,588,734
775: 1108,434,807
776: 553,887,1047
777: 1049,707,1026,630,939,516
778: 838,434,1062,807
779: 518,764,1098
780: 981,975
781: 733,622,723,1063
782: 743,947
783: 757,753,1194
784: 944,856,1017
785: 865,569,805
786: 
787: 977,1012
788: 556,994,620
789: 998,655,574,628,675,900,791,1135,1189
790: 559
791: 675,789,1135,701
792: 522,892,888,989,880,600
793: 505,973,820,1070
794: 972,700
795: 810,846,853,833,842,648
796: 1096,651
797: 798
798: 1106,671,797
799: 919,732,838,1062,1138
800: 715,546,530,933
801: 756,710,632,1173,890
802: 546,606,530
803: 943,982,1149
804: 993,1102,1199
805: 785,569,968
806: 509,1133,637,828,962,537
807: 1062,778,838,919,434,1138,775,1108,858
808: 971,575,922,1001,640,652,1188,1089,1023
809: 
810: 515,669,502,846,506,853,833,842,795
811: 648,1028,816
812: 1092,1087,1105,895,1123
813: 765,1083,597,819,774
814: 1195,1004,617
815: 523,571,867,1053,702,695
816: 811,849,666
817: 915,1150,769,1118,885,876
818: 898,952,634
819: 597,1083,813,573
820: 505,793,691
821: 986,1076,586,605,757
822: 889,709,910,1131
823: 866,714,601,925
824: 662
825: 508,1159,574,628,551,767,932
826: 1068,732,654,639
827: 882,504,1023,703
828: 731,509,806,636,962,1016,537,1176,1078
829: 618,977,1012,653
830: 659,1156,986,878
831: 860,570,557,877,1164,572,916,514,668
832: 1054,978,706,539,737,937,1099
833: 853,842,502,810,506,795,845
834: 844,704,667,961,899,1088,1190
835: 1033,670,990,1038,927
836: 1016
837: 662,552
838: 544,778,919,799,1062,807
839: 1110,772,1166,741,699
840: 1024,1112,669,502,506,510
841: 
842: 853,833,502,810,515,846,506,795
843: 701,544,732
844: 704,834,961
845: 506,853,833,1030,534,915
846: 810,515,842,795
847: 1116,1178,729
848: 631,621,1128,1198,1162,940
849: 816,869,666,633,1001
850: 745,589,862
851: 503,1069
852: 965,1003
853: 833,842,669,502,810,506,795,845
854: 894,1120,653,1127,547,958,768
855: 1039,991,1114
856: 1134,944,784
857: 1191,1190,1107
858: 1062,807,1138,522
859: 1051,1084,867,884
860: 831,557,1185,916,514,668
861: 1057
862: 850,745,589,1035
863: 512,999
864: 608,513
865: 1048,754,785
866: 823,1072,714,601,925,609
867: 938,1084,1051,859,815,571
868: 1058,924
869: 849,987,633
870: 1114,558,1137,698
871: 1087,1119,1184,975,1132,1123
872: 672,1193,647,550,1013
873: 1111,1104,1196,604,1192,1042
874: 513,904,1010,1052,879
875: 695
876: 1150,817,769,885,641
877: 1164,941,909,929,831,590,572
878: 830,1065
879: 1010,1052,874,904,524
880: 989,892,792,1045,532
881: 650,1055,1174,957
882: 827
883: 1091
884: 1051,859,949
885: 1150,817,876
886: 958,768,517,980,1006,1036,1085
887: 745,776,1047,1083
888: 522,792
889: 822,709,691,910,1131
890: 1170,801,595
891: 619,914,676,577,554,988,722
892: 522,792,989,880,1045
893: 1157
894: 854,1120,653,1127,547,768
895: 1105,1092,996,812,765
896: 542,1095,1027,563
897: 748,610,673,1179,658
898: 580,818
899: 1088,704,667,834,961,1190
900: 998,789,932,1135,1189
901: 
902: 1090,692,771,728
903: 1162,663,696
904: 911,874,730,1010,1052,879,681
905: 1075,615,527,1113,1031,976,928
906: 599,1098,1053,702
907: 689,1143,1076
908: 973,505
909: 941,1193,624,877
910: 709,822,889,1131
911: 904,730,1010,681
912: 736,1146,1058,924
913: 1000,627,948
914: 891,619,676,554,988,722,918,690
915: 845,534,817,769,1118
916: 514,1164,831,860,572,668
917: 684,664,1004,549,953
918: 690,914,1064
919: 799,732,838,1062,807,1138
920: 1153
921: 552,1197,1186,992
922: 666,1001,808,971,575
923: 963,1011,566,541,1043
924: 912,1146,598,1058,868
925: 866,823,609,620
926: 1090
927: 835,1038,626,555,1024,1112
928: 1031,976,905,1075,527,1113,602
929: 941,550,877,1164,590,1032,572
930: 603,1021,756
931: 
932: 576,767,825,551,900,761
933: 800,715
934: 672,1180,660,1193
935: 984,587,966
936: 
937: 832,1054,1099,1025
938: 1148,531,956,1084,867
939: 630,777,1049,540,516
940: 1162,621,848,1128,1198
941: 909,1193,624,550,929,877,1164
942: 698,1029,521,687
943: 1031,976,803,982,1182
944: 1144,856,784
945: 717,1167
946: 739,1122,683,1071,1152
947: 743,782
948: 627,694,913
949: 884,954,644
950: 1061,1065
951: 533,674
952: 1015,580,818,634
953: 657,917,664,1004,549,721
954: 571,949,695,644,760
955: 1035,746,500,1044,1125
956: 938
957: 1174,881,650,1055,1172
958: 854,768,517,980,886
959: 1134
960: 1124
961: 844,834,1191,1069,899,1088,1190
962: 964,1016,637,509,806,828,537,1176
963: 1011,1032,519,566,749,923
964: 962,1016,637,509,537
965: 852,1003,1115
966: 935,587
967: 1162,696,1072,714
968: 805,1022,974
969: 1160,999,713
970: 1005,774,588,722
971: 808,575,922,1001,640,652,1188,1089,504,1023
972: 794,700
973: 908,505,793
974: 968
975: 780,871,1132
976: 1031,928,1075,527,1113,602,943
977: 1012,829,787,653
978: 832,1054,706,539,737,591,1099
979: 559,687,1187
980: 517,958,886,1006,1036,1085
981: 780,717
982: 803,943,1182
983: 560,651
984: 588,734,535,1136,935,587
985: 642,1041,1015
986: 1156,830,1076,821
987: 869,711,633,748,708,742,1147
988: 554,676,891,619,914,722
989: 880,892,522,792,1045,532
990: 1033,835
991: 1102,1042,1165,1039,855,1114
992: 741,1197,921,1110,772
993: 804,1102
994: 788,1146
995: 543,682
996: 1092,1047,1105,895,1083,765
997: 1081,1045,1171,1082
998: 789,655,628,675,900,1135,1189
999: 863,969
1000: 703,913,627,1014
1001: 849,666,922,633,808,971,575,708,640,652
1002: 759,596,618
1003: 852,965
1004: 549,917,657,953,814,721
1005: 970,765,774,554,722
1006: 1036,1085,517,980,886,552,1197
1007: 
1008: 
1009: 
1010: 1052,879,874,513,911,904,524
1011: 963,590,1032,572,519,566,541,923
1012: 977,829,787
1013: 647,872,550,582
1014: 1066,1000,627,694
1015: 642,985,952
1016: 962,964,509,828,537,1176,836
1017: 611,784
1018: 635,646
1019: 1034,586,605,757
1020: 674,623
1021: 603,538,930,1073,756,1067
1022: 968
1023: 504,808,971,575,827,652,1188,1089,755,1163
1024: 555,927,1112,539,737,840
1025: 1099,591,738,937,1150
1026: 707,777,1049
1027: 1095,896,1080
1028: 648,811
1029: 698,942,521
1030: 506,510,738,845,534
1031: 976,928,1075,1113,602,943
1032: 590,550,929,572,519,963,1011,566
1033: 1146,598,990,835
1034: 1019,586,605
1035: 955,589,862,746,1158,1044
1036: 1006,1085,980,886,1197
1037: 1129,1155
1038: 670,835,927,626,1094
1039: 1102,1165,1199,991,855,1114
1040: 1060,1086
1041: 642,985
1042: 1165,873,1111,1192,1102,585,991
1043: 541,923
1044: 500,746,955,1035,1158,1125
1045: 892,989,880,997,532,1082
1046: 1124,665,1094
1047: 776,887,996,1083
1048: 865,705,754
1049: 777,707,1026,630,939,516
1050: 524
1051: 859,1084,867,884
1052: 1010,879,874,513,904,524
1053: 702,1098,906,599,815
1054: 832,978,539,737,591,937,1099
1055: 650,881,1100,649,1174,957
1056: 564,1169
1057: 861
1058: 912,924,868
1059: 740
1060: 724,1182,1040
1061: 950,570,557,1106
1062: 807,778,838,919,799,434,1138,1108,858
1063: 723,733,781,568
1064: 1175,918
1065: 688,878,950
1066: 1014,627,694,720
1067: 710,1021,1073,613
1068: 826,639
1069: 1191,503,851,961
1070: 505,793
1071: 683,739,1109,946,1152
1072: 696,967,581,714,556,866
1073: 538,1021,1067
1074: 
1075: 1167,905,1113,1031,976,928
1076: 1156,907,986,586,821
1077: 576,536,761
1078: 828,636,1176
1079: 736
1080: 1095,1027,749
1081: 997
1082: 1171,1045,997
1083: 887,1047,996,765,813,819
1084: 938,867,1051,859
1085: 1006,1036,517,980,886
1086: 1040
1087: 1119,871,1184,812,1123
1088: 899,667,834,961,1190
1089: 652,1188,808,971,640,1023,755,1163,616
1090: 692,926,902,728
1091: 883,697,758
1092: 751,996,1105,895,812
1093: 
1094: 626,1038,665,1046,515
1095: 1027,519,896,749,1080
1096: 560,651,796
1097: 1195
1098: 779,518,1053,906,599
1099: 1025,832,1054,978,591,738,937
1100: 649,650,1055,567,1145
1101: 545,584,548,528,678,1177
1102: 804,1042,1165,1199,1039,991
1103: 1170,629
1104: 1196,604,873,1111,1192
1105: 895,1092,996,812,765
1106: 1061,1185,798
1107: 1190,857
1108: 775,434,1062,807
1109: 739,699,683,1071
1110: 839,772,1166,741,992,739,699
1111: 873,1104,604,1192,1042
1112: 927,626,1024,669,502,840
1113: 527,905,1075,615,1031,976,928,602
1114: 1039,991,855,870,558,1137
1115: 965
1116: 847,1178,729,589,746,1158
1117: 528,678,529,548,614,545
1118: 769,534,915,817
1119: 1087,871,1184,1123
1120: 618,653,854,894,1127,547
1121: 674,533
1122: 617,1195,946
1123: 1087,1119,871,812,577
1124: 960,665,1046
1125: 955,500,1044,573,578,511,535
1126: 1130,725,1142
1127: 547,1120,653,854,894,768
1128: 1198,631,848,1162,940
1129: 1037,1155
1130: 1126,594,725,1142
1131: 822,889,910
1132: 975,871,525
1133: 755,616,731,806
1134: 856,959
1135: 1189,998,789,900,791
1136: 984,719,587
1137: 558,1114,870,1140,698
1138: 919,799,1062,807,858
1139: 
1140: 1151,558,1137
1141: 1153
1142: 1126,1130
1143: 689,677,1156,907
1144: 944,625,611
1145: 567,1100,649
1146: 994,912,598,924,1033
1147: 708,742,987,748,750
1148: 720,531,938
1149: 803,716
1150: 1025,817,885,876
1151: 1140
1152: 683,1071,946,705
1153: 1141,920
1154: 
1155: 1037,1129
1156: 1143,830,986,1076
1157: 893
1158: 1116,1178,746,1035,1044,513
1159: 508,825,551
1160: 607,969
1161: 585,546,606
1162: 940,848,1128,903,696,967
1163: 755,616,1188,1089,504,1023,703
1164: 877,941,929,831,590,572,916,514
1165: 1042,1102,585,1039,991
1166: 1110,839
1167: 945,1075
1168: 610,1179,658
1169: 564,1056
1170: 890,1103
1171: 1082,997
1172: 1174,957
1173: 632,710,801,542
1174: 957,881,650,1055,649,1172
1175: 752,1064
1176: 537,509,828,636,962,1016,1078
1177: 545,1101,584
1178: 847,1116,729,746,1158
1179: 658,897,610,1168
1180: 660,934
1181: 747,562
1182: 943,982,1060
1183: 503,1191
1184: 1087,1119,871
1185: 557,1106,860,668
1186: 552,1197,921
1187: 979
1188: 652,1089,808,971,575,640,504,1023,755,1163
1189: 1135,998,789,900
1190: 834,961,1191,899,1088,857,1107
1191: 1069,503,961,1183,1190,857
1192: 1104,1196,873,1111,1042,585,546,606
1193: 624,934,672,941,909,872,550
1194: 753,783,671
1195: 1097,617,1122,814
1196: 604,730,1104,681,873,1192
1197: 1006,1036,552,1186,921,741,992
1198: 1128,631,848,940
1199: 804,1102,1039
1202: 30,1207,35,17,381,134,62,352,1227,1229,1228,5,1208,199,204,480
1203: 5,1208,199,1210,1211,1227,1229,1228,30,35,476,1,106,204,447,48,232,29
1204: 82,61,234,465,185,64,56,6,26,8,83,74,1223,1225,1248
1205: 10,49,51,37,1241,1243,1206,1262,1242,1230,1232,1258,31,1231,1257,7,63,1236,1234,85,1218,1216,16,89
1206: 37,1241,1243,103,2,1224,86,1261,1219,1250,1254,1220,1249,1253,1221,1255,1252,1256,1260,68,1262,1242,1230,487,41,7,1205,10,49,51
1207: 30,1202,35,17,381,134,62,71,352,250,1227,1229,5,199,204,480
1208: 5,1203,199,21,1210,1211,1209,1227,1229,1228,30,1202,35,476,1,106,204,447,48,232,29
1209: 21,1210,1211,25,1233,1238,1239,1237,72,14,17,140,1227,1229,1228,70,88,476,1,106,1208,199
1210: 21,1211,1209,25,1233,1237,72,14,17,140,1227,1229,1228,70,88,476,1,106,5,1203,1208,199
1211: 21,1210,1209,25,1233,1239,1237,72,14,17,140,1227,1229,1228,70,88,476,1,106,5,1203,1208,199
1212: 73,1226,58,18,1215,1214,47,11,96,28,55,85,1218,1216,16,1213,97,32,75,40,1217,54,45,124,129,164,59
1213: 97,32,75,40,1217,54,365,47,11,96,28,55,85,1218,1216,419,264,73,1226,58,18,1215,1214,1212,124,129
1214: 73,1226,58,18,1215,1212,47,28,55,85,1218,1216,16,1213,97,32,40,1217,54,45,124,129,164,27,59
1215: 73,1226,58,18,1214,1212,47,11,96,28,55,85,1218,1216,16,1213,97,32,75,40,1217,54,45,124,129,164,27,59
1216: 85,1218,487,7,1205,10,51,47,11,96,28,55,16,1213,97,32,75,40,1217,54,73,1226,58,18,1215,1214,1212,45
1217: 1213,97,32,75,40,54,365,47,11,96,28,55,85,1218,1216,419,264,73,1226,58,18,1215,1214,1212,124,129
1218: 85,1216,487,7,1205,10,51,47,11,96,28,55,16,1213,97,32,75,40,1217,54,73,1226,58,18,1215,1214,1212,45
1219: 1261,1250,1254,1220,1249,1253,1221,1255,1252,1256,1260,74,1223,1244,1225,1248,1246,1251,78,1224,86,1247,92,1240,1222,1263,1259,37,1241,1243,1206,1262,1242,1230,1258,31,1231,1257
1220: 1261,1219,1250,1254,1249,1253,1221,1255,1252,1256,1260,74,1223,1244,1225,1248,1246,1251,78,1224,86,1245,1247,92,1240,1222,1263,1259,37,1241,1206,1262,1242,1230,1232,1258,31,1231,1257
1221: 1261,1219,1250,1254,1220,1249,1253,1255,1252,1256,1260,74,1223,1244,1225,1248,1246,1251,78,1224,86,1247,92,1240,1222,1263,1259,37,1241,1243,1206,1262,1242,1230,1232,1258,31,1231,1257
1222: 1245,1247,92,1240,1263,1259,1223,1244,1225,1248,1246,78,90,42,23,1261,1219,1254,1220,1249,1253,1221,1255,1256,1260,22,1262,1230,1232,1258,31,1231,1257,1235,76,99,38
1223: 1244,1225,1248,1246,1251,82,61,1204,8,33,66,74,78,1224,86,1261,1219,1250,1254,1220,1249,1253,1221,1255,1252,1256,1260,1245,1247,92,1240,1222,1263
1224: 86,83,74,1223,1225,1246,1251,103,2,1261,1219,1250,1254,1220,1249,1253,1221,1255,1252,1256,1260,68,37,1241,1243,1206,1262,1242,1230
1225: 1223,1244,1248,1246,1251,61,1204,8,33,66,74,78,1224,86,1261,1219,1250,1254,1220,1249,1253,1221,1255,1252,1256,1260,1245,1247,92,1240,1222,1263,1259
1226: 73,58,18,1215,1214,1212,47,28,55,85,1218,1216,16,1213,97,32,40,1217,54,45,124,129,164,27,59
1227: 1229,1228,14,17,381,134,62,21,1210,1211,1209,30,1202,1207,35,476,1,106,5,1203,1208,199,204
1228: 1227,1229,14,17,381,134,62,21,1210,1211,1209,30,1202,35,476,1,106,5,1203,1208,199,204
1229: 1227,1228,14,17,381,134,62,21,1210,1211,1209,30,1202,1207,35,476,1,106,5,1203,1208,199,204
1230: 1262,1242,1224,86,1261,1219,1250,1254,1220,1249,1253,1221,1255,1252,1256,1260,1247,92,1240,1222,1263,1259,37,1241,1243,1206,1232,1258,31,1231,1257,7,1205,10,49,51,63,1236,1234
1231: 1232,1258,31,1257,1261,1219,1254,1220,1249,1253,1221,1255,1252,1256,1260,1245,1247,92,1240,1222,1263,1259,22,1262,1242,1230,1235,76,99,38,1205,10,49,51,63,1236,1234,1233,1238,1239,1237,72
1232: 1258,31,1231,1257,1261,1220,1253,1221,1255,1256,1260,1245,1247,92,1240,1222,1263,1259,22,1262,1242,1230,1235,76,99,38,1205,10,49,51,63,1236,1234,1233,1238,1239,1237,72
1233: 25,1238,1239,1237,72,1232,1258,31,1231,1257,1235,76,99,38,0,63,1236,1234,14,89,140,21,1210,1211,1209
1234: 63,1236,1262,1242,1230,1232,1258,31,1231,1257,1235,76,99,38,1205,10,49,51,25,1233,1238,1239,1237,72,16,89,140
1235: 76,99,38,1245,92,1240,1222,1259,22,57,1232,1258,31,1231,1257,0,63,1236,1234,25,1233,1238,1239,1237,72,14
1236: 63,1234,1262,1230,1232,1258,31,1231,1257,1235,76,99,38,1205,10,49,51,25,1233,1238,1239,1237,72,16,89,140
1237: 25,1233,1238,1239,72,1232,1258,31,1231,1257,1235,76,99,38,0,63,1236,1234,14,89,140,21,1210,1211,1209
1238: 25,1233,1239,1237,72,1232,1231,1235,76,99,38,0,63,1236,1234,14,89,140,21,1209
1239: 25,1233,1238,1237,72,1232,1258,1231,1235,76,99,38,0,63,1236,1234,14,89,140,21,1211,1209
1240: 1245,1247,92,1222,1263,1259,1223,1244,1225,1248,1246,1251,78,42,23,1261,1219,1250,1254,1220,1249,1253,1221,1255,1252,1256,1260,22,1262,1242,1230,1232,1258,31,1231,1257,1235,76,99,38
1241: 37,1243,1206,103,2,1224,86,1261,1219,1250,1254,1220,1249,1253,1221,1255,1252,1256,1260,68,1262,1242,1230,487,41,7,1205,10,49,51
1242: 1262,1230,1224,86,1261,1219,1250,1254,1220,1249,1253,1221,1255,1252,1256,1260,92,1240,1263,1259,37,1241,1243,1206,1232,1258,31,1231,1257,7,1205,10,49,51,63,1234
1243: 37,1241,1206,103,2,1224,86,1261,1219,1250,1254,1249,1253,1221,1255,1252,1256,1260,68,1262,1242,1230,487,41,7,1205,10,49,51
1244: 1223,1225,1248,1246,1251,8,33,9,66,74,78,86,1261,1219,1250,1254,1220,1249,1253,1221,1255,1252,1256,1260,1245,1247,92,1240,1222,1263
1245: 1247,92,1240,1222,1263,1259,1223,1244,1225,1248,1246,78,90,42,23,1261,1254,1220,1249,1253,1255,1256,1260,22,1232,1258,31,1231,1257,1235,76,99,38
1246: 1223,1244,1225,1248,1251,8,33,66,74,78,1224,86,1261,1219,1250,1254,1220,1249,1253,1221,1255,1252,1256,1260,1245,1247,92,1240,1222,1263,1259
1247: 1245,92,1240,1222,1263,1259,1223,1244,1225,1248,1246,1251,78,42,23,1261,1219,1250,1254,1220,1249,1253,1221,1255,1252,1256,1260,22,1262,1230,1232,1258,31,1231,1257,76,99,38
1248: 1223,1244,1225,1246,1251,1204,8,33,9,66,74,78,86,1261,1219,1250,1254,1220,1249,1253,1221,1255,1252,1245,1247,92,1240,1222,1263
1249: 1261,1219,1250,1254,1220,1253,1221,1255,1252,1256,1260,74,1223,1244,1225,1248,1246,1251,78,1224,86,1245,1247,92,1240,1222,1263,1259,37,1241,1243,1206,1262,1242,1230,1258,31,1231,1257
1250: 1261,1219,1254,1220,1249,1253,1221,1255,1252,1256,1260,74,1223,1244,1225,1248,1246,1251,78,1224,86,1247,92,1240,1263,1259,37,1241,1243,1206,1262,1242,1230,1258,31,1257
1251: 1223,1244,1225,1248,1246,61,8,33,66,74,78,1224,86,1261,1219,1250,1254,1220,1249,1253,1221,1255,1252,1256,1260,1247,92,1240,1263
1252: 1261,1219,1250,1254,1220,1249,1253,1221,1255,1256,1260,74,1223,1244,1225,1248,1246,1251,78,1224,86,1247,92,1240,1263,1259,37,1241,1243,1206,1262,1242,1230,1258,31,1231,1257
1253: 1261,1219,1250,1254,1220,1249,1221,1255,1252,1256,1260,74,1223,1244,1225,1248,1246,1251,78,1224,86,1245,1247,92,1240,1222,1263,1259,37,1241,1243,1206,1262,1242,1230,1232,1258,31,1231,1257
1254: 1261,1219,1250,1220,1249,1253,1221,1255,1252,1256,1260,74,1223,1244,1225,1248,1246,1251,78,1224,86,1245,1247,92,1240,1222,1263,1259,37,1241,1243,1206,1262,1242,1230,1258,31,1231,1257
1255: 1261,1219,1250,1254,1220,1249,1253,1221,1252,1256,1260,74,1223,1244,1225,1248,1246,1251,78,1224,86,1245,1247,92,1240,1222,1263,1259,37,1241,1243,1206,1262,1242,1230,1232,1258,31,1231,1257
1256: 1261,1219,1250,1254,1220,1249,1253,1221,1255,1252,1260,74,1223,1244,1225,1246,1251,78,1224,86,1245,1247,92,1240,1222,1263,1259,37,1241,1243,1206,1262,1242,1230,1232,1258,31,1231,1257
1257: 1232,1258,31,1231,1261,1219,1250,1254,1220,1249,1253,1221,1255,1252,1256,1260,1245,1247,92,1240,1222,1263,1259,22,1262,1242,1230,1235,76,99,38,1205,10,49,51,63,1236,1234,1233,1237,72
1258: 1232,31,1231,1257,1261,1219,1250,1254,1220,1249,1253,1221,1255,1252,1256,1260,1245,1247,92,1240,1222,1263,1259,22,1262,1242,1230,1235,76,99,38,1205,10,49,51,63,1236,1234,1233,1239,1237,72
1259: 1245,1247,92,1240,1222,1263,1225,1246,78,42,23,1261,1219,1250,1254,1220,1249,1253,1221,1255,1252,1256,1260,22,1262,1242,1230,1232,1258,31,1231,1257,1235,76,99,38
1260: 1261,1219,1250,1254,1220,1249,1253,1221,1255,1252,1256,74,1223,1244,1225,1246,1251,78,1224,86,1245,1247,92,1240,1222,1263,1259,37,1241,1243,1206,1262,1242,1230,1232,1258,31,1231,1257
1261: 1219,1250,1254,1220,1249,1253,1221,1255,1252,1256,1260,74,1223,1244,1225,1248,1246,1251,78,1224,86,1245,1247,92,1240,1222,1263,1259,37,1241,1243,1206,1262,1242,1230,1232,1258,31,1231,1257
1262: 1242,1230,1224,86,1261,1219,1250,1254,1220,1249,1253,1221,1255,1252,1256,1260,1247,92,1240,1222,1263,1259,37,1241,1243,1206,1232,1258,31,1231,1257,7,1205,10,49,51,63,1236,1234
1263: 1245,1247,92,1240,1222,1259,1223,1244,1225,1248,1246,1251,78,42,23,1261,1219,1250,1254,1220,1249,1253,1221,1255,1252,1256,1260,22,1262,1242,1230,1232,1258,31,1231,1257,76,99,38