0: 16,63,89,51,10,1205,37,1232,1230,49,22,99,1231,38,14,57,85,25,21,1209,1211,1236,1214,45,84,88,60,1234,1238,72,1239,1233,1235,1237
1: 25,21,1209,1211,1236,1210,1229,1227,1228,35,1202,62,1234,1238,72,1239,1233,1235,1237,1208,30,5,1207,199,140,48,1203,232,106,29
2: 1206,3,74,6,83,61,8,1204,413,86,31,1219,1225,1223,1222,1224,1220,42,1221,91,7,41,68,51,10,1205,37
3: 427,168,135,465,26,64,74,6,83,61,338,103,413,86,1206,2
4: 79,94,267,338,103,413,86,219,91,358,386,55,96,487
5: 1208,30,1207,199,1210,1229,1227,1228,35,1202,62,381,1,71,480,48,1203,232,106,29
6: 74,83,61,168,135,465,26,64,56,44,82,3,8,1204,413,86,1206,2,31,1219,1224
7: 41,68,413,86,1206,2,31,1219,1225,1223,1222,1224,1220,42,1221,91,51,10,1205,37,55,96,487,1218,47,1216,85
8: 1204,26,64,56,44,82,98,46,33,12,74,6,83,61,66,9,95,1206,2,31,1219,1225,1223,1222,1224,1220,42,1221,23,78,92
9: 66,95,56,44,82,98,46,33,12,65,8,1204,67,1225,1223,42,23,78,13
10: 51,1205,37,1206,2,31,1219,1225,1223,1222,1224,1220,42,1221,23,78,92,7,41,68,1232,1230,49,22,99,1231,1218,47,1216,85,16,63,0,89
11: 75,365,419,358,386,55,96,487,1218,47,1216,244,264,1217,1212,1226,1213,73,1215,40,28,32,361,97,129
12: 98,46,33,384,80,93,216,173,183,56,44,82,65,8,1204,66,9,95,67
13: 76,90,66,9,95,67,43,52,23,78,92,20,53,1232,1230,49,22,99,1231,38,14,57,17,19
14: 38,57,23,78,92,76,13,90,20,53,1232,1230,49,22,99,1231,17,19,16,63,0,89,25,21,1209,1211,1236,1210,1229,1227,1228,35
15: 220,70,24,416,140,48,1203,232,106,50,81,225,476
16: 63,0,89,51,10,1205,37,1232,1230,49,22,99,1231,38,14,57,85,25,21,1209,1211,1236,1214,45,84,88,60,1234,1238,72,1239,1233,1235,1237
17: 19,76,13,90,20,53,379,130,38,14,57,69,182,25,21,1209,1211,1236,1210,1229,1227,1228,35,1202,62
18: 54,97,58,129,419,1217,1212,1226,1213,73,1215,40,32,1214,45,84,361,27,59,164,311,290,355
19: 17,76,13,90,20,53,379,130,38,14,57,69,182,25,21,1209,1211,1236,1210,1229,1227,1228,35,1202,62
20: 53,67,43,52,36,76,13,90,379,130,38,14,57,17,19,69,182
21: 25,1209,1211,1236,1232,1230,49,22,99,1231,38,14,57,17,19,16,63,0,89,1210,1229,1227,1228,35,88,1234,1238,72,1239,1233,1235,1237,1
22: 1232,1230,49,99,1231,31,1219,1225,1223,1222,1224,1220,42,1221,23,78,92,76,13,90,51,10,1205,37,38,14,57,85,16,63,0,89,25,21,1209,1211,1236
23: 78,92,8,1204,66,9,95,67,31,1219,1225,1223,1222,1224,1220,42,1221,76,13,90,51,10,1205,37,1232,1230,49,22,99,1231,38,14,57
24: 70,416,1214,45,84,88,60,1239,27,59,164,140,290,355,50,81,225,15
25: 21,1209,1211,1236,49,22,99,38,14,57,17,19,16,63,0,89,1210,1229,1227,1228,88,1234,1238,72,1239,1233,1235,1237,1
26: 64,77,185,179,317,384,80,168,135,465,56,44,82,3,74,6,83,61,8,1204
27: 59,164,1226,1213,73,1215,1214,45,84,88,60,18,54,97,58,129,70,24,416,311,290,355,50
28: 1217,1212,1226,1213,73,1215,40,32,55,96,487,1218,47,1216,85,75,11,365,419,1214,45,84,361,97,58
29: 1,1208,30,5,1207,199,71,480,48,1203,232,106,476
30: 1208,5,1207,199,1229,35,1202,62,381,1,71,480,1203,232,29
31: 1219,1225,1223,1222,1224,1220,42,1221,74,6,83,61,8,1204,66,95,1206,2,23,78,92,7,41,68,51,10,1205,37,1232,1230,49,22,99,1231
32: 1217,1212,1226,1213,73,1215,40,28,55,96,487,1218,47,1216,85,75,11,365,419,1214,45,84,361,18,54,97,58,129,59,164
33: 98,46,12,384,80,93,216,173,183,56,44,82,65,8,1204,66,9,95,67
34: 301,39,87,43,52,36,284
35: 1210,1229,1227,1228,38,14,17,19,69,182,21,1209,1211,1202,62,72,1235,1,1208,30,5,1207,199
36: 39,87,34,43,52,284,20,53,379,130,339
37: 51,10,1205,1206,2,31,1219,1225,1223,1222,1224,1220,42,1221,23,78,92,7,41,68,1232,1230,49,22,99,1231,1218,47,1216,85,16,63,0,89
38: 14,57,23,78,92,76,13,90,20,53,1232,1230,49,22,99,1231,17,19,16,63,0,89,25,21,1209,1211,1236,1210,1229,1227,1228,35
39: 87,183,301,65,34,67,43,52,36
40: 1217,1212,1226,1213,73,1215,28,32,55,96,487,1218,47,1216,85,75,11,365,419,1214,45,84,361,18,54,97,58,129,59
41: 7,68,413,86,1206,2,31,1219,1222,1224,1220,42,1221,91,51,10,1205,37,55,487,47,85
42: 31,1219,1225,1223,1222,1224,1220,1221,74,83,61,8,1204,66,9,95,1206,2,23,78,92,7,41,68,51,10,1205,37,1232,1230,49,22,99,1231
43: 52,65,39,87,34,67,36,76,13,90,20,53,379,130
44: 56,82,185,179,317,384,80,93,216,173,26,64,98,46,33,12,74,6,83,61,8,1204,66,9,95
45: 1214,84,1218,47,1216,85,16,63,0,89,1217,1212,1226,1213,73,1215,40,28,32,88,60,18,54,97,58,129,27,59,164,70,24,416
46: 98,33,12,384,93,216,173,183,56,44,82,65,8,1204,66,9,95,67
47: 1218,1216,91,7,41,68,51,10,1205,37,55,96,487,85,75,11,365,419,1217,1212,1226,1213,73,1215,40,28,32,1214,45,84
48: 1203,232,106,1238,72,1239,1233,1235,1237,1,1208,5,199,140,29,15,220,476
49: 1232,1230,22,99,1231,31,1219,1225,1223,1222,1220,42,1221,23,78,92,76,13,90,51,10,1205,37,38,14,57,85,16,63,0,89,25,21,1209,1211,1236
50: 81,225,27,59,164,70,24,416,140,290,355,15,220
51: 10,1205,37,1206,2,31,1219,1225,1223,1222,1224,1220,42,1221,23,78,92,7,41,68,1232,1230,49,22,99,1231,1218,47,1216,85,16,63,0,89
52: 43,65,39,87,34,67,36,13,20,53,379,130
53: 20,67,43,52,36,76,13,90,379,130,38,14,57,17,19,69,182
54: 18,97,58,129,75,365,419,1217,1212,1226,1213,73,1215,40,32,1214,45,84,361,27,59,164,311,290,355
55: 96,487,79,94,4,91,7,41,68,358,386,1218,47,1216,244,264,75,11,365,419,1217,1212,1226,1213,73,1215,40,28,32
56: 44,82,185,179,317,384,80,93,216,173,26,64,98,46,33,12,74,6,83,61,8,1204,66,9,95
57: 38,14,23,78,92,76,13,90,20,53,1232,1230,49,22,99,1231,17,19,16,63,0,89,25,21,1209,1211,1236,1210,1229,1227,1228
58: 18,54,97,129,75,365,419,1217,1212,1226,1213,73,1215,40,28,32,1214,45,84,361,27,59,164,311,290,355
59: 27,164,1217,1212,1226,1213,73,1215,40,32,1214,45,84,88,60,18,54,97,58,129,70,24,416,311,290,355,50
60: 88,85,16,63,0,89,1236,1214,45,84,1234,1238,72,1239,1233,1235,1237,27,59,164,70,24,416,140
61: 74,6,83,168,135,465,26,64,56,44,82,3,8,1204,413,86,1206,2,31,1219,1225,1223,1224,42,1221
62: 1202,17,19,69,182,251,134,1210,1229,1227,1228,35,381,1,1208,30,5,1207,199,71,480
63: 16,0,89,51,10,1205,37,1232,1230,49,22,99,1231,38,14,57,85,25,21,1209,1211,1236,1214,45,84,88,60,1234,1238,72,1239,1233,1235,1237
64: 26,77,185,179,317,384,80,168,135,465,56,44,82,3,74,6,83,61,8,1204
65: 93,216,173,183,301,98,46,33,12,39,87,66,9,95,67,43,52
66: 9,95,56,44,82,98,46,33,12,65,8,1204,67,31,1219,1225,1223,1222,1224,1220,42,1221,23,78,92,76,13,90
67: 98,46,33,12,65,39,87,66,9,95,43,52,23,78,92,76,13,90,20,53
68: 7,41,413,86,1206,2,31,1219,1225,1223,1222,1224,1220,42,1221,91,51,10,1205,37,55,96,487,1218,47,1216,85
69: 182,20,53,379,130,339,17,19,251,134,1210,1229,1227,1228,35,1202,62,381
70: 24,416,1214,45,84,88,60,1234,1238,72,1239,1233,1235,1237,27,59,164,140,290,355,50,81,225,15,220
71: 480,1202,62,381,1208,30,5,1207,199,29
72: 1234,1238,1239,1233,1235,1237,16,63,0,89,25,21,1209,1211,1236,1210,1229,1227,1228,35,88,60,1,70,416,140,48,1203,232,106
73: 1217,1212,1226,1213,1215,40,28,32,55,487,1218,47,1216,85,75,11,365,419,1214,45,84,361,18,54,97,58,129,27,59,164
74: 6,83,61,168,135,465,26,64,56,44,82,3,8,1204,413,86,1206,2,31,1219,1225,1223,1222,1224,1220,42,1221
75: 11,365,419,358,55,96,487,1218,47,1216,244,264,1217,1212,1226,1213,73,1215,40,28,32,361,54,97,58,129
76: 13,90,66,95,67,43,23,78,92,20,53,1232,1230,49,22,99,1231,38,14,57,17,19
77: 185,179,317,427,168,135,465,26,64
78: 23,92,8,1204,66,9,95,67,31,1219,1225,1223,1222,1224,1220,42,1221,76,13,90,51,10,1205,37,1232,1230,49,22,99,1231,38,14,57
79: 94,4,267,338,103,413,86,219,91,358,386,55,487
80: 384,463,116,185,179,317,93,216,173,26,64,56,44,33,12
81: 50,225,164,70,24,416,140,290,355,15,220
82: 56,44,185,179,317,384,26,64,46,33,12,74,6,83,61,8,1204,66,9
83: 74,6,61,168,135,465,26,64,56,44,82,3,8,1204,413,86,1206,2,31,1219,1225,1223,1222,1224,1220,42,1221
84: 1214,45,1218,47,1216,85,16,63,0,89,1217,1212,1226,1213,73,1215,40,28,32,88,60,18,54,97,58,129,27,59,164,70,24,416
85: 7,41,68,51,10,1205,37,1232,1230,49,22,99,1231,1218,47,1216,16,63,0,89,1217,1212,1226,1213,73,1215,40,28,32,1214,45,84,88,60
86: 413,3,74,6,83,61,338,103,1206,2,79,94,4,91,7,41,68
87: 39,183,301,65,34,67,43,52,36
88: 60,85,16,63,0,89,25,21,1209,1211,1236,1214,45,84,1234,1238,72,1239,1233,1235,1237,27,59,164,70,24,416,140
89: 16,63,0,51,10,1205,37,1232,1230,49,22,99,1231,38,14,57,85,25,21,1209,1211,1236,45,84,88,60,1234,1238,72,1239,1233,1235,1237
90: 76,13,66,95,67,43,23,78,92,20,53,1232,1230,49,22,99,38,14,57,17,19
91: 338,103,413,86,1206,2,79,94,4,7,41,68,358,386,55,96,487,1218,47,1216
92: 23,78,8,66,95,67,31,1219,1225,1223,1222,1224,1220,42,1221,76,13,90,51,10,1205,37,1232,1230,49,22,99,1231,38,14,57
93: 216,173,463,116,308,384,80,183,56,44,98,46,33,12,65
94: 79,4,267,338,103,413,86,219,91,358,386,55,487
95: 66,9,56,44,98,46,33,12,65,8,67,31,1225,1223,1222,1220,42,23,78,92,76,13,90
96: 55,487,4,91,7,68,358,386,1218,47,1216,244,264,75,11,365,419,1217,1212,1213,1215,40,28,32
97: 18,54,58,129,75,11,365,419,1217,1212,1226,1213,73,1215,40,28,32,1214,45,84,361,27,59,164,311,355
98: 46,33,12,384,93,216,173,183,56,44,65,8,66,9,95,67
99: 1232,1230,49,22,1231,31,1222,1220,42,23,78,92,76,13,90,51,10,1205,37,38,14,57,85,16,63,0,89,25,21,1236
100: 112,367,187,224,459
101: 263,420,105,306,189,443,294,466,281,395
102: 477,485,302,236
103: 338,3,267,413,86,219,79,94,4,91
104: 318,321,108,387,362
105: 263,420,306,119,142,166,143,189,294,101
106: 48,1203,232,1238,72,1239,1233,1235,1237,1,1208,5,199,140,29,15,220,476
107: 489,400,155,127,436,471,238,496,207
108: 387,104,321,362,227,349
109: 210,421,457,133,372,137
110: 460,380,439,391
111: 436,374
112: 367,100,187
113: 258,147,166,189,443,294,454,276
114: 157,248,151
115: 123,461,233,432,374
116: 463,185,179,317,384,80,93,216,173
117: 482,298,241,412,497,292,195
118: 
119: 142,403,166,263,420,105,189
120: 438,431,354,396,269
121: 458,280,238,360,261,201,385,243,275,331
122: 324,302,477,175,293,316
123: 184,439,391,461,460,115
124: 
125: 482,298,212,444,141,319,412,497
126: 339,251,134,381
127: 432,155,436,471,489,400,107
128: 415,208,335,428,451,157,248
129: 18,54,97,58,75,11,365,419,1217,1212,1226,1213,73,1215,40,32,1214,45,84,361,27,59,164,311,290,355
130: 379,43,52,36,284,20,53,339,17,19,69,182,251,134
131: 285,393,305,302,236,175
132: 367,192,389,221,161,314,224,459
133: 421,457,213,309,187,372,210,109
134: 251,379,130,339,69,182,126,1202,62,381
135: 168,465,77,185,179,317,427,26,64,3,74,6,83,61
136: 429,303,171,442,188,200,170
137: 211,109,252,495
138: 322,310,282,397,499,366
139: 277,442,494,200,445,170,323,186,149
140: 88,60,1234,1238,72,1239,1233,1235,1237,1,70,24,416,48,1203,232,106,50,81,225,15,220,476
141: 313,440,156,444,125,253,319
142: 119,403,166,143,263,420,105,306
143: 142,263,420,105,306,392,466
144: 332,328,235,473,254,270,406
145: 308
146: 394,154,366,376
147: 258,242,299,351,350,113
148: 461,233
149: 186,277,139,323,398,488,464,347,342,172,312
150: 418,256,321,326,448
151: 375,114
152: 452,209,377,158
153: 344,438,396,353
154: 366,499,394,376,146
155: 460,432,455,127,239,471,107
156: 440,158,240,468,141,313
157: 248,415,128,335,451,114,315
158: 209,152,240,440,156
159: 370,469,279,426,373
160: 404,372,252,340
161: 314,389,132,346,378,333,223
162: 190,396,178,411,450,269,260
163: 
164: 27,59,1226,1213,73,1215,32,1214,45,84,88,60,18,54,97,58,129,70,24,416,311,290,355,50,81,225
165: 363,205,410,303,197
166: 403,119,142,113,263,420,105,306,189,443,294,276
167: 490,348,474,329
168: 135,465,77,185,179,317,427,26,64,3,74,6,83,61
169: 459,210
170: 200,445,136,442,494,188,277,139,186
171: 410,303,429,136,203,423,278
172: 342,312,149,464,347,181,196,328,435,235,332
173: 93,216,463,116,308,384,80,183,56,44,98,46,33,12,65
174: 270,435,406,273,481
175: 375,131,236,122,324,293
176: 146
177: 291,409,377,483
178: 411,450,467,356,162,190
179: 185,317,463,116,77,384,80,168,135,465,26,64,56,44,82
180: 424,226,490,371,348
181: 196,328,172,475,332,382,254
182: 69,20,53,379,130,339,17,19,251,134,1229,1227,35,1202,62,381
183: 308,93,216,173,301,98,46,33,12,65,39,87
184: 230,247,246,439,123,461
185: 179,317,463,116,77,384,80,168,135,465,26,64,56,44,82
186: 149,200,445,170,277,139,323,462,488,464
187: 112,213,100,421,457,133,459,210
188: 136,442,200,445,170
189: 443,294,119,166,113,263,105,454,276,101
190: 162,356,396,353,178,411,450,269,260
191: 
192: 389,221,297,132,367,346,314
193: 472,205,363,197,336
194: 422,331,357,198,318
195: 214,117,412,497,292,437
196: 181,328,342,172,312,332,254
197: 205,165,363,410,193,336,203,423
198: 318,194,422,331,357,256
199: 1208,30,5,1207,1229,1228,35,1202,62,381,1,71,480,48,1203,232,106,29
200: 445,170,136,442,188,139,186
201: 385,243,364,360,121,275
202: 227,334,287,279
203: 423,197,171,336,278
204: 
205: 472,165,363,193,197
206: 402,273,417,304,222,330
207: 238,496,471,489,400,107,280,458
208: 415,128,428,451
209: 452,359,152,158
210: 109,187,421,457,133,169
211: 137,252,495
212: 240,486,125
213: 309,187,421,457,133
214: 195,497,292
215: 313,493,253,319,401,300
216: 93,173,463,116,308,384,80,183,56,44,98,46,33,12,65
217: 426,370,373,430
218: 325,385,243,275,422,331,357
219: 267,338,103,79,94,4,229,358,386
220: 15,70,416,140,48,1203,232,106,50,81,225,476
221: 192,389,297,132,346
222: 283,417,206,402,345
223: 161,314,224,333
224: 132,367,100,314,459,223
225: 50,81,164,70,24,416,140,290,355,15,220
226: 424,250,180,371,348
227: 349,108,326,320,287,202
228: 373,430
229: 219
230: 399,247,246,184
231: 467,356
232: 48,1203,106,1234,1238,72,1239,1233,1235,1237,1,1208,30,5,1207,199,140,29,15,220,476
233: 461,148,115,374
234: 296
235: 464,347,342,172,312,328,307,435,144,332,270,406
236: 393,305,302,477,102,285,131,324,175
237: 404
238: 496,207,489,400,107,280,360,458,121,261,268
239: 455,155,453,471
240: 486,158,440,156,212
241: 117
242: 299,249,271,351,350,258,147
243: 201,385,121,275,218
244: 264,358,386,55,96,487,75,11,365,419,361
245: 
246: 247,392,466,399,281,230,184
247: 246,466,281,230,184
248: 157,415,128,335,451,114
249: 242,299,271,351
250: 255,424,226
251: 134,379,130,339,69,182,126,1202,62,381
252: 160,137,211,495
253: 319,444,141,313,215,401
254: 473,382,181,196,328,475,144,332
255: 250
256: 325,357,198,321,150,418
257: 286,266,407,437,383,414
258: 147,242,299,351,113
259: 340,337,383
260: 484,162,190,269
261: 268,238,496,458,121,422,331
262: 369
263: 420,105,306,119,142,166,143,189,443,294,466,101
264: 244,358,386,55,96,487,75,11,365,419,361
265: 493,468,274
266: 292,257,286,437
267: 338,103,219,79,94,4
268: 261,238,496,458,331
269: 396,120,162,190,260,484
270: 174,307,435,235,144,406,481
271: 242,249
272: 315,478
273: 481,174,304,206
274: 483,468,265
275: 458,121,201,385,243,422,331,325,218,357
276: 454,166,113,189,443,294
277: 139,494,445,170,323,398,186,149
278: 171,203,423
279: 426,334,202,159,370,469,373
280: 400,238,496,207,364,360,458,121
281: 306,294,101,247,246,395
282: 345,322,310,138,397,499
283: 222,402,345,322,310
284: 34,36,379,130,339
285: 131,393,305,236,335,375
286: 257,266,407,437,337,383,414,456
287: 326,227,349,320,202
288: 
289: 295,394,424,376
290: 355,18,54,58,129,27,59,164,70,24,416,311,50,81,225
291: 177,409,474,377,470,483
292: 117,412,497,266,214,195,437
293: 122,324,175,316
294: 189,443,166,113,263,420,105,306,454,276,101,281
295: 341,289
296: 478,234
297: 441,343,192,389,221
298: 125,482,319,117,412,497
299: 242,249,351,403,258,147
300: 401,215
301: 308,183,65,39,87,34
302: 393,305,477,102,131,236,122,324
303: 410,165,171,429,136
304: 273,481,206,402,330
305: 393,302,285,131,236
306: 263,420,105,142,166,143,294,392,466,101,281
307: 435,488,464,347,342,235,270
308: 145,93,216,173,183,301
309: 213,421,457,133,372
310: 322,283,390,345,282,138
311: 361,18,54,97,58,129,27,59,164,290,355
312: 342,172,149,464,347,196,328,235,332
313: 141,440,156,444,253,319,215
314: 161,192,389,132,367,346,224,333,223
315: 327,428,451,157,272
316: 122,324,293
317: 185,179,463,116,77,384,80,168,135,465,26,64,56,44,82
318: 198,194,104,321,387
319: 253,444,141,313,125,482,298,215,401
320: 418,326,227,349,287
321: 318,104,256,108,387,150,418,326,349
322: 310,283,345,282,138,397,499
323: 398,494,277,139,186,149
324: 122,302,477,236,375,175,293,316
325: 218,275,357,256
326: 321,150,418,227,349,320,287
327: 315,428,451,350
328: 181,196,342,172,312,235,144,332,254
329: 167,474
330: 304,206,341
331: 194,422,458,121,261,268,275,218,357,198
332: 144,342,172,312,181,196,328,235,254,406
333: 161,314,378,223
334: 362,202,279,426,469
335: 285,415,128,451,157,248
336: 193,197,492,203,423
337: 407,286,340,383,414,259
338: 103,3,267,413,86,219,79,94,4,91
339: 36,284,379,130,69,182,251,134,126
340: 160,407,337,259
341: 330,295
342: 172,312,149,464,347,196,328,307,435,235,332
343: 441,297
344: 153,438
345: 390,222,283,322,310,282
346: 192,389,221,161,314,378
347: 464,149,488,342,172,312,307,435,235
348: 226,180,490,371,167,491
349: 227,321,108,387,326,320,287
350: 351,327,242,147
351: 350,242,299,249,258,147
352: 
353: 396,153,438,356,411,190
354: 431,368,438,120
355: 290,18,54,97,58,129,27,59,164,70,24,416,311,50,81,225
356: 231,467,396,353,178,411,450,190
357: 275,194,422,331,325,218,198,256
358: 386,219,79,94,4,91,55,96,487,244,264,75,11,365,419
359: 452,209
360: 280,238,364,458,121,201,385
361: 244,264,75,11,365,419,1217,1212,1226,1213,73,1215,40,28,32,18,54,97,58,129,311
362: 104,108,387,334
363: 165,205,410,193,197
364: 280,360,201
365: 75,11,419,358,386,55,96,487,1218,47,1216,244,264,1217,1212,1226,1213,73,1215,40,28,32,361,54,97,58,129
366: 154,138,397,499,394,376,146
367: 132,112,192,389,100,314,224,459
368: 438,431,354
369: 262
370: 159,469,279,426,373,217
371: 226,180,348,491
372: 309,421,457,133,160,109
373: 279,426,159,370,469,228,217,430
374: 233,115,111
375: 175,285,324,151
376: 289,394,154,366,146
377: 491,152,291,177,409,483
378: 346,161,333
379: 130,43,52,36,284,20,53,339,17,19,69,182,251,134
380: 110,460,391,432,455
381: 69,182,251,134,126,1202,62,1208,30,5,1207,199,71,480
382: 473,254,181,475
383: 414,407,257,286,337,456,259
384: 80,463,116,185,179,317,93,216,173,26,64,56,44,82,98,46,33,12
385: 201,243,360,121,275,218
386: 358,219,79,94,4,91,55,96,487,244,264,11,365,419
387: 108,318,104,321,362,349
388: 
389: 192,221,297,132,367,346,161,314
390: 345,405,310
391: 439,123,110,460,380
392: 466,399,143,420,306,246
393: 305,302,285,131,236
394: 499,289,154,366,376,146
395: 101,281
396: 353,153,438,356,120,411,450,162,190,269
397: 499,322,282,138,366
398: 323,277,149
399: 392,466,230,246
400: 489,107,127,436,471,280,238,496,207
401: 300,253,319,215
402: 206,481,417,304,222,283
403: 299,425,119,142,166
404: 237,160
405: 390
406: 235,144,332,473,174,270,481,417
407: 257,286,340,337,383,414
408: 
409: 291,177,491,474,377,470,483
410: 303,165,363,197,171,429
411: 178,450,467,356,396,353,162,190
412: 497,125,482,298,117,292,195
413: 86,3,74,6,83,61,338,103,1206,2,79,94,4,91,7,41,68
414: 383,407,257,286,437,337,456
415: 128,208,335,451,157,248
416: 70,24,1214,45,84,88,60,1234,1238,72,1239,1233,1235,1237,27,59,164,140,290,355,50,81,225,15,220
417: 406,481,304,206,402,222
418: 150,256,321,326,448,320
419: 75,11,365,358,386,55,96,487,1218,47,1216,244,264,1217,1212,1226,1213,73,1215,40,28,32,361,18,54,97,58,129
420: 263,105,306,119,142,166,143,294,392,466,101
421: 457,133,213,309,187,372,210,109
422: 194,331,261,275,218,357,198
423: 203,197,171,336,278
424: 289,250,226,180
425: 403
426: 279,334,159,370,469,373,217
427: 77,168,135,465,3
428: 208,128,451,315,327
429: 136,410,303,171,442
430: 228,373,217
431: 354,368,438,120
432: 460,380,115,455,155,127
433: 449,479
434: 778,807,775
435: 307,464,347,342,172,235,174,270
436: 111,127,489,400,107
437: 266,292,195,257,286,414
438: 344,368,153,431,354,396,353,120
439: 391,184,123,110
440: 156,158,240,486,141,313
441: 297,343
442: 429,136,494,188,200,445,170,139
443: 189,294,166,113,263,454,276,101
444: 141,313,125,482,253,319
445: 200,170,442,188,277,139,186
446: 
447: 
448: 150,418
449: 479,433
450: 178,411,356,396,162,190
451: 208,415,128,335,428,157,248,315,327
452: 359,209,152
453: 239
454: 276,113,189,443,294
455: 460,380,432,155,239,471
456: 286,383,414
457: 421,133,213,309,187,372,210,109
458: 121,280,238,496,207,360,261,268,275,331
459: 132,367,100,187,224,169
460: 110,380,391,123,432,455,155
461: 233,184,148,123,115
462: 488,186
463: 116,185,179,317,384,80,93,216,173
464: 347,186,149,488,342,172,312,307,435,235
465: 168,135,77,185,179,317,427,26,64,3,74,6,83,61
466: 392,399,143,263,420,306,101,247,246
467: 231,356,178,411
468: 483,156,274,265,493
469: 159,370,334,279,426,373
470: 474,291,409
471: 455,155,127,239,489,400,107,207
472: 205,193
473: 382,254,475,144,406
474: 167,329,291,409,470
475: 181,473,382,254
476: 140,48,1203,232,106,29,15,220
477: 102,485,302,236,122,324
478: 272,296
479: 449,433
480: 71,1202,62,381,1208,30,5,1207,199,29
481: 273,174,270,406,417,304,402
482: 125,298,444,319,117,412,497
483: 377,291,177,409,468,274
484: 260,269
485: 477,102
486: 240,440,212
487: 55,96,79,94,4,91,7,41,68,358,386,1218,47,1216,244,264,75,11,365,419,1217,1212,1226,1213,73,1215,40,28,32
488: 462,186,149,464,347,307
489: 400,107,127,436,471,238,496,207
490: 180,348,167
491: 371,348,377,409
492: 336
493: 265,468,215
494: 442,170,277,139,323
495: 252,137,211
496: 238,207,489,400,107,280,458,261,268
497: 412,125,482,298,117,292,214,195
498: 
499: 397,322,282,138,394,154,366
500: 955,1158,1044,1178,1125,578,622
501: 
502: 506,840,669,1112,810,853,510,1030,833
503: 851,1191,1069,1183
504: 1188,971,1023,827,703,755,1163
505: 973,820,1070,793
506: 502,840,669,853,510,1030,845,534,833
507: 712,525,615,577
508: 1159,551
509: 806,828,964,962,537,1176,1016
510: 738,978,502,506,840,591,1030,845,1025
511: 966,935,733
512: 611,863
513: 874,1158,1044,1178,1052
514: 923,541,590,572,916,1011,566
515: 1046,1124,1094,1112,810,842,846
516: 583,777,630,540
517: 980,958,886,768,1006,1085
518: 656,779,764,1098,1009
519: 1032,1011,963,566,749
520: 686
521: 1029,942,687
522: 792,858,892,888,989,770
523: 859,702,1053,815,571,867,593,954,695
524: 1010,1052,879,1050
525: 1132,507,712,676,577
526: 612,1172
527: 905,1113,928,615,602
528: 678,1117,529,762,545,1101,584
529: 762,653,547,528,678,1117
530: 546,606,1192,802,585
531: 1148,938
532: 989,880,600,743,782
533: 951,1121,674
534: 1030,845,506,840,853,833,1118
535: 734,573,597,1125,578,970,588
536: 761,1077,635
537: 1176,1016,509,828,636,962
538: 726,603,1021,1067,1073
539: 706,737,766,643,555,1024,978,832,1054
540: 939,630,516,583,763
541: 923,514,572,1011,566
542: 1173,632,896,725,594,563
543: 995
544: 843,838,919,799
545: 1101,584,528,678,1117
546: 530,606,1192,802,585,1161
547: 653,614,977,1127,529,762,548,1117
548: 854,1127,653,547,768
549: 684,771,1004
550: 672,1193,624,941,872,929,1013,590
551: 508,1159,574,825,767
552: 824,1186
553: 1092,895,751,776,1047,812
554: 988,1005,891,619,722,719,690
555: 766,643,1024,539,706,737,978
556: 696,1072,679,581,994,620
557: 1061,570,831,860
558: 1137,1140,1114,870,698
559: 1140,698,790,942
560: 651,1039,983,1151
561: 761
562: 747,579,1181
563: 542,1173,725,594
564: 1056,1169
565: 763,662
566: 1011,963,590,572,519,1032,923,541,514
567: 1100,1145
568: 723,1063,733,781
569: 865,785,1048,805
570: 1061,557,831
571: 867,859,702,815,523,954,695
572: 1164,590,916,1011,566,923,541,514
573: 734,535,819,597,774,1125,578,970,588
574: 628,655,551,998,789,825,932
575: 808,971,922,1001,1023,640,652,1188
576: 767,932,1077,761
577: 525,507,676
578: 1125,955,819,597,500,734,573,535,622
579: 747,562,796,1181
580: 682,1015,952
581: 679,556,994
582: 613,647,1013
583: 516,777,630,540,763
584: 545,1101,528,678
585: 1161,1165,546,530,606,991,870
586: 907,821,605,1019,1034
587: 1136,966,935
588: 970,984,597,774,734,573,535
589: 850,729,862,847,1116,746
590: 929,877,1164,572,1032,1011,566,514
591: 978,1054,510,738,1099,1025
592: 949
593: 523,704
594: 542,1173,563,1130
595: 890,1103
596: 759,1154,965,1002
597: 819,774,1125,578,734,573,535,588
598: 924,868,1033,990
599: 906,1098,1009,1053,815
600: 770,532,743,782
601: 794,714,866,823,925
602: 527,1113,1031,928,976,943,724,1060
603: 538,726,930,1021,1067,1073
604: 1104,1196
605: 586,1019,1034,757
606: 546,530,1192,802,585
607: 1160
608: 864,847
609: 866,823,925,773
610: 1179,897,750,1168
611: 512
612: 526
613: 582,647
614: 618,1120,829,977,1127,653,547
615: 527,507,712
616: 1133,755,828,636,731
617: 1122,1195,814
618: 1002,1012,1120,829,614
619: 891,554,988,1005,914,722,719,690,1064
620: 556,866,788
621: 848,903,940
622: 1044,500,1125,578
623: 1020
624: 1193,909,672,941,550
625: 1144
626: 1094,1038,665,927,669,1112
627: 694,948,913,1000,1014,1066
628: 574,655,789,825
629: 
630: 939,777,540,516,583
631: 848,1128,1198
632: 710,542,1173,896
633: 849,915,869,666
634: 952,818
635: 1077,536,646,1018
636: 731,616,828,537,1176,1078
637: 964,962
638: 764
639: 826,1068,997
640: 1001,808,971,575,708,742,652,1089
641: 711,769,817,876,748
642: 1041,985,1015
643: 766,555,1024,539,706,737
644: 949,884,760
645: 818
646: 635,1018
647: 872,672,582,613,1013
648: 795,1028,811
649: 1145,957,1100,1174
650: 1055,957,881,1174
651: 560,1039,983,1151
652: 1001,808,971,575,1023,640,1188,1089
653: 547,614,977,1127,529,548,1117
654: 732,843,826
655: 628,574,675,998,789
656: 518,764
657: 953,917,664,1004,721
658: 1168
659: 1131,830
660: 1180,934
661: 980,837
662: 837,565
663: 1162,903,967,696,1072
664: 657,953,917
665: 670,1046,1124,626,1094
666: 849,633,922,1001
667: 899,704,834,875,1190,1057
668: 831,860,798,1185,916
669: 1112,626,810,502,506,840,853
670: 665
671: 1194
672: 934,1193,624,872,647,550
673: 748,1179,897
674: 1121,1020,533,951
675: 974,655
676: 525,577,891
677: 689,1143
678: 528,1117,529,545,1101,584
679: 581,556,994
680: 1090,728,692
681: 730,911,904
682: 995,721,1015,580
683: 1071,739,699,1109,946,1152
684: 771,549
685: 
686: 520,688
687: 521,942,979
688: 686,1065
689: 1143,677
690: 719,554,988,891,619,914,722,1064
691: 820,709
692: 728,1090,902,680
693: 
694: 627,948,913,1014,1066
695: 571,523,954,760
696: 663,1162,967,1072,556
697: 1091,883,763,758
698: 870,558,1137,1140,1029,559
699: 739,1110,1109,683,1071,946
700: 794
701: 791,843
702: 859,938,1053,815,571,867,523
703: 1023,827,1188,504,1000,1163
704: 593,834,875,899,667
705: 1152,754
706: 539,737,766,643,555,978,832,1054
707: 1026
708: 742,1147,987,1001,640,750
709: 820,691,822,889
710: 1067,756,632
711: 641,769,987,748
712: 507,525,615
713: 969
714: 967,1072,601,866,823,925
715: 800,933,1029
716: 1149,803,982
717: 981,780,945
718: 
719: 690,554,619,914,722,1064
720: 1066,1129
721: 657,953,917,682,995
722: 554,988,1005,891,619,719,690
723: 1063,568,781
724: 602,943,1060
725: 896,542,1173,1095,563,1027
726: 538,603,930,1021
727: 735,939
728: 692,1090,902,680,1097
729: 589,847,1116,746
730: 911,904,1196,681
731: 636,616,1014,828,1078
732: 654,919,799,826,1068
733: 781,511,1063,568
734: 573,535,597,774,578,970,588,984
735: 1049,727
736: 1079,912
737: 539,706,766,643,555,1024,978,832,1054
738: 510,840,591,1030,845,1099,1025
739: 699,741,992,1110,1109,683,1071
740: 1059
741: 992,772,1110,839,739
742: 708,1147,987,640,750
743: 782,600,532
744: 762
745: 887,850,862
746: 729,589,862,1116,955,1035,1158,1044,1178
747: 579,562,796,1181
748: 711,641,769,673,1179,897
749: 519,963,1095,1080
750: 708,742,1147,610,1168
751: 553,1092,895,812
752: 1175,1086
753: 757,783,1194
754: 705,1022
755: 1163,1188,504,1089,1133,616
756: 930,1021,1067,710,801
757: 605
758: 1091,883,697
759: 596,1002
760: 954,695,644
761: 536,576,767,561,1077
762: 529,744,547,528,1117
763: 540,583,697,565
764: 779,638,656,518,1098
765: 996,1105,1083,813
766: 643,555,1024,539,706,737
767: 576,551,932,761
768: 886,958,548,517,980,1085
769: 711,641,817,987,748
770: 1108,888,522,792,600
771: 684,902,549
772: 1166,1177,1197,741,992,1110,839
773: 609
774: 813,597,734,573,970,588,984
775: 434,807,1108,888
776: 1047,553,895,887
777: 939,630,516,583
778: 838,434,807
779: 764,518,1098,1009
780: 981,717,975
781: 733,723,1063,568
782: 743,600,532
783: 753,1194
784: 1144,944,856,1017
785: 1048,865,569,968,805
786: 
787: 977
788: 994,1146,620
789: 998,655,628,574,825,932,1135,900
790: 559
791: 701,1135,843
792: 522,858,892,989,770
793: 820,505,1070
794: 601,700
795: 810,842,846,853,648,811
796: 1096,983,747,579
797: 798
798: 1185,1106,668,797
799: 919,544,732,838,826
800: 715,933
801: 756,890
802: 546,530,606
803: 1149,716
804: 993,1102,1199
805: 785,569,968
806: 509,964,962
807: 778,434,775
808: 971,575,922,1001,1023,640,652,1188
809: 
810: 515,669,1112,842,846,502,853,795
811: 816,795,648,1028,869
812: 553,1092,895,996,1105
813: 1083,996,765,819,774
814: 1195,617
815: 1053,859,702,599,571,867,523
816: 811,1028,869
817: 1118,1150,885,876,641,769
818: 898,645,634
819: 1083,813,955,1035,597,578,573
820: 691,505,709,793
821: 1076,586
822: 889,709,1131,910
823: 866,925,714,601,609
824: 552
825: 932,628,574,551,998,789,1135,900
826: 654,732,799,1068,639
827: 1023,504,703
828: 616,509,636,731,962,537,1176,1016,1078
829: 1120,618,1012,614
830: 659,1156,986
831: 570,557,1164,860,916,668
832: 1054,539,706,737,978,937,1099
833: 502,506,840,853,1030,845,534
834: 704,1088,899,667,1190
835: 1033,990,1038,927
836: 1016
837: 662,661
838: 544,778,919,799,1062
839: 1110,1166,772,741
840: 502,506,669,853,510,738,1030,845,534,833
841: 
842: 846,515,810,853,795
843: 791,701,544,654
844: 
845: 1030,534,506,840,510,738,833,1118
846: 842,515,810,795
847: 1116,729,589,608
848: 631,621,1128,903,940
849: 633,869,666,987,1001
850: 745,589,862
851: 503,1069
852: 1003,1154,965
853: 669,810,842,502,506,840,795,534,833
854: 894,1120,1127,958,548
855: 991,1102,1165,1161,1039,1114,870
856: 1134,944,784
857: 1088,1191,1190,1107
858: 892,1138,1062,888,522,792
859: 702,938,1084,815,1051,571,867
860: 557,831,1185,916,668
861: 1057
862: 850,745,589,746,955,1035
863: 512,1160,999
864: 608
865: 785,1048,569
866: 823,925,1072,714,601,620,609
867: 571,1084,859,702,815,1051,954
868: 924,598
869: 816,811,915,849,633
870: 855,991,585,1161,1114,558,1137,1140,698
871: 1087,1119,1123,975,1132
872: 647,934,672,1193,550,1013
873: 1111,1104,1196,1192,1042
874: 513,1178,1010,1052,879
875: 704,667
876: 1150,817,885,641
877: 1164,941,929,590
878: 986,1065,950
879: 1010,1052,874,904,524
880: 1045,997,989,532
881: 1008,650
882: 
883: 1091,697,758
884: 1051,949,644
885: 1150,817,876
886: 768,958,517,980,1006,1036,1085
887: 745,776,1047,1083
888: 775,858,1108,522,770
889: 822,709,910
890: 801,595
891: 619,676,554,988,1005,914,722,690,1064
892: 858,1138,1062,522,792,989
893: 1157,908
894: 854,1120,1127
895: 553,1092,776,1047,812,996
896: 725,632,542,1095,1027
897: 1179,748,673,610
898: 818
899: 667,704,834,1088,1190
900: 1189,998,789,825,932,1135
901: 
902: 926,1090,728,692,771
903: 940,621,848,663,1162
904: 911,730,1010,1052,879,681
905: 527,1113,1075,1031,928
906: 599,1098,1009,1053
907: 999,586,969
908: 893,1157,947,973
909: 624,941
910: 1131,822,889
911: 904,730,1010,681
912: 1079,736,1058,924
913: 627,694,948,1000,1014,1066
914: 891,619,719,690,1064
915: 1118,869,633
916: 1164,831,860,572,668,514
917: 657,953,664,1004,721
918: 1064,1175
919: 799,544,732,838,1138,1062
920: 1153
921: 1197,1186,992
922: 666,1001,808,971,575,1023
923: 541,514,572,1011,963,566
924: 598,912,868
925: 866,823,714,601,609
926: 1090,902
927: 835,1038,626,1024
928: 1031,1075,527,905,1113,976,602,943
929: 941,550,877,1164,590
930: 726,603,1021,756
931: 1167,945,1075
932: 825,574,998,789,576,767,1135,900,1189
933: 800,715
934: 672,1180,660,1193,872
935: 966,1136,511,587
936: 
937: 832,1054,1099,1025
938: 956,531,1084,859,702
939: 1049,727,777,630,540
940: 903,621,848,1162
941: 909,1193,624,550,929,877,1164
942: 559,521,687,979
943: 1031,928,976,602,982,724,1182,1060
944: 1074,1144,856,784
945: 717,1167,931
946: 699,1122,683,1071,1152
947: 908
948: 627,694,913,1000,1066
949: 884,592,644
950: 1065,878,1061
951: 533,1121,674
952: 1015,580,634
953: 657,917,664,1004,721
954: 571,867,523,695,760
955: 1035,862,746,819,1158,1044,500,1125,578
956: 938
957: 1055,650,1100,1174,649
958: 854,1127,517,980,886,768
959: 1082,1074
960: 1046,1124
961: 1088,1191,1069,1190
962: 806,509,828,637,964,537,1176,1016
963: 1011,566,519,1032,923,749
964: 637,806,509,962
965: 1154,852,596,1115
966: 935,1136,511,587
967: 663,1162,696,1072,714
968: 785,1048,1022,805,974
969: 999,907,713,1034
970: 588,984,774,734,573,535
971: 808,575,922,1001,1023,640,652,1188,504
972: 1198
973: 908,505,1070
974: 968,675
975: 780,871,1132
976: 1075,1031,928,602,943,982
977: 1012,787,614,653,547
978: 555,1024,539,706,737,832,1054,591,510
979: 942,687
980: 517,958,661,886,768,1006,1085
981: 780,717
982: 976,943,716,1182
983: 651,560,796,1181
984: 970,588,774,734,1136
985: 642,1041,1015
986: 830,878
987: 849,711,769,708,742,1147
988: 554,1005,891,619,722,690
989: 892,522,792,880,1045,532
990: 1033,598,835
991: 855,1165,585,1161,1114,870
992: 741,1197,772,921,739
993: 804,1102
994: 1146,679,581,556,788
995: 682,721,543
996: 1092,895,812,1105,1083,813,765
997: 639,880,1045
998: 789,655,574,825,932,1135,900,1189
999: 907,863,1160,969
1000: 703,627,948,913
1001: 849,666,922,808,971,575,708,640,652
1002: 759,596,618
1003: 852
1004: 549,657,953,917
1005: 554,988,891,619,722
1006: 1036,1085,517,980,886,1197
1007: 
1008: 881
1009: 779,518,1098,906,599
1010: 1052,879,874,911,904,524
1011: 963,566,590,572,519,1032,923,541,514
1012: 618,829,977
1013: 872,647,550,582
1014: 627,694,913,1066,731
1015: 985,682,642,1041,580,952
1016: 537,1176,509,828,962,836
1017: 784
1018: 635,646
1019: 1034,586,605
1020: 674,623
1021: 1067,538,726,603,930,1073,756
1022: 754,1048,968
1023: 922,808,971,575,827,652,1188,504,703
1024: 927,766,643,555,539,737,978
1025: 1099,1054,591,510,738,937
1026: 707,777
1027: 896,725,1095,1080
1028: 648,816,811
1029: 715,698,521
1030: 845,534,502,506,840,510,738,833
1031: 928,1075,905,1113,976,602,943
1032: 519,590,1011,963,566
1033: 990,598,835
1034: 1019,586,969,605
1035: 955,862,746,819
1036: 1006,1085,886,1177,1197
1037: 1129,1148,1155
1038: 835,927,626,1094
1039: 855,651,560,1114,1151
1040: 1060,1086
1041: 642,985,1015
1042: 1165,873,1111,1192,1102
1043: 
1044: 1158,1178,746,955,500,513,622
1045: 880,997,989
1046: 1124,960,665,1094,515
1047: 776,553,895,887
1048: 785,865,569,1022,968
1049: 735,939
1050: 524
1051: 1084,859,867,884
1052: 1010,879,874,513,904,524
1053: 815,702,906,599
1054: 832,539,706,737,978,591,937,1099,1025
1055: 957,650,1100,1174
1056: 564,1169
1057: 667,861
1058: 912
1059: 740
1060: 1182,602,943,724,1040
1061: 950,570,557
1062: 1138,838,919,858,892
1063: 723,568,733,781
1064: 891,619,914,719,690,918
1065: 950,688,878
1066: 627,694,948,913,1014,720
1067: 1021,538,603,1073,756,710
1068: 732,826,639
1069: 1191,503,851,1088,961
1070: 973,505,793
1071: 683,739,699,1109,946,1152
1072: 663,1162,967,696,714,556,866
1073: 538,603,1021,1067
1074: 959,944
1075: 1167,931,905,1031,928,976
1076: 1156,821
1077: 576,536,761,635
1078: 828,636,731,1176
1079: 736,912
1080: 1095,749,1027
1081: 
1082: 959,1171
1083: 813,887,996,765,819
1084: 938,859,1051,867
1085: 1006,1036,517,980,886,768,1177,1197
1086: 752,1040
1087: 1119,1123,871,1184,1132
1088: 961,834,1191,1069,899,1190,857
1089: 1133,640,652,1188,755,1163
1090: 926,902,680,728,692
1091: 883,697,758
1092: 553,895,751,812,996
1093: 
1094: 626,1038,665,1046,515,1112
1095: 896,725,749,1027,1080
1096: 796
1097: 728,1195
1098: 779,764,518,1009,906,599
1099: 1025,832,1054,591,738,937
1100: 1055,957,1174,1145,649,567
1101: 545,584,528,678,1177
1102: 804,1042,1165,1199,855
1103: 1170,595
1104: 604,1196,873,1111,1192
1105: 812,996,765
1106: 798,1185
1107: 1190,857
1108: 775,888,770
1109: 739,699,683,1071
1110: 839,1166,772,741,739,699
1111: 873,1104,1192,1042
1112: 669,626,1094,515,810,502
1113: 527,905,1031,928,602
1114: 855,991,1161,1039,870,558,1137
1115: 965
1116: 847,729,589,746,1158,1178
1117: 528,678,653,547,529,762,545
1118: 845,534,915,817
1119: 1087,1123,871,1184,1132
1120: 829,618,614,854,894,1127
1121: 674,533,951
1122: 617,1195,946
1123: 1087,1119,871,1132
1124: 1046,960,665,515
1125: 578,955,597,500,573,535,622
1126: 1142
1127: 1120,614,854,894,653,547,958,548
1128: 1198,631,848
1129: 720,1148,1037
1130: 594
1131: 910,822,659
1132: 975,1087,1119,1123,871,525
1133: 1089,755,1163,616
1134: 856
1135: 998,789,825,932,791,900,1189
1136: 984,966,935,587
1137: 558,1140,1114,870,698
1138: 1062,919,858,892
1139: 
1140: 558,1137,870,698,559
1141: 1153
1142: 1126
1143: 689,677
1144: 944,625,784
1145: 649,1100,567
1146: 994,788
1147: 708,742,987,750
1148: 531,1129,1037
1149: 716,803
1150: 817,885,876
1151: 651,560,1039
1152: 683,1071,946,705
1153: 1141,920
1154: 852,965,596
1155: 1037
1156: 1076,830
1157: 893,908
1158: 1044,1178,1116,746,955,500,513
1159: 508,551
1160: 863,607,999
1161: 585,1165,546,855,991,1114,870
1162: 663,903,940,967,696,1072
1163: 755,1188,504,703,1089,1133
1164: 877,941,929,831,590,572,916
1165: 1042,1102,855,991,585,1161
1166: 772,1177,1110,839
1167: 931,945,1075
1168: 610,750,658
1169: 564,1056
1170: 1103
1171: 1082,959
1172: 1174,526
1173: 542,632,725,594,563
1174: 1055,957,650,1100,649,1172
1175: 752,918
1176: 537,1016,509,828,636,962,1078
1177: 1101,1036,1085,1197,1166,772
1178: 1158,1044,1116,746,500,874,513
1179: 897,748,673,610
1180: 660,934
1181: 983,747,579,562
1182: 1060,943,982
1183: 503
1184: 1087,1119,1123,871
1185: 798,1106,860,668
1186: 552,921
1187: 
1188: 504,808,971,575,1023,652,703,1089,755,1163
1189: 900,998,932,1135
1190: 834,1088,961,1191,899,667,857,1107
1191: 1069,503,1088,961,1190,857
1192: 1104,1196,873,1111,1042,546,530,606
1193: 624,934,672,941,872,550
1194: 671,753,783
1195: 1097,617,1122,814
1196: 604,730,1104,873,1192
1197: 1006,1036,1085,1177,772,921,992
1198: 1128,631,972
1199: 804,1102
1202: 62,17,19,69,182,251,134,1210,1229,1227,1228,35,381,1,1208,30,5,1207,199,71,480
1203: 48,232,106,1234,1238,72,1239,1233,1235,1237,1,1208,30,5,1207,199,140,29,15,220,476
1204: 8,26,64,56,44,82,46,33,12,74,6,83,61,66,9,1206,2,31,1219,1225,1223,1224,42,23,78
1205: 51,10,37,1206,2,31,1219,1225,1223,1222,1220,42,1221,23,78,92,7,41,68,1232,1230,49,22,99,1231,1218,47,1216,85,16,63,0,89
1206: 2,3,74,6,83,61,8,1204,413,86,31,1219,1225,1223,1222,1224,1220,42,1221,91,7,41,68,51,10,1205,37
1207: 1208,30,5,199,1229,1227,35,1202,62,381,1,71,480,1203,232,29
1208: 30,5,1207,199,1229,1227,1228,35,1202,62,381,1,71,480,48,1203,232,106,29
1209: 25,21,1211,1236,49,22,38,14,57,17,19,16,63,0,89,1210,1229,1227,1228,35,88,1234,1238,72,1239,1233,1235,1237,1
1210: 1229,1227,1228,35,38,14,57,17,19,69,25,21,1209,1211,1236,1202,62,1234,1238,72,1233,1235,1237,1,5
1211: 25,21,1209,1236,49,22,38,14,57,17,19,16,63,0,89,1210,1229,1227,1228,35,88,1234,1238,72,1239,1233,1235,1237,1
1212: 1217,1226,1213,73,1215,40,28,32,55,96,487,1218,47,1216,85,75,11,365,419,1214,45,84,361,18,54,97,58,129,59
1213: 1217,1212,1226,73,1215,40,28,32,55,96,487,1218,47,1216,85,75,11,365,419,1214,45,84,361,18,54,97,58,129,27,59,164
1214: 45,84,1218,47,1216,85,16,63,0,1217,1212,1226,1213,73,1215,40,28,32,88,60,18,54,97,58,129,27,59,164,70,24,416
1215: 1217,1212,1226,1213,73,40,28,32,55,96,487,1218,47,1216,85,75,11,365,419,1214,45,84,361,18,54,97,58,129,27,59,164
1216: 1218,47,91,7,68,51,10,1205,37,55,96,487,85,75,11,365,419,1217,1212,1226,1213,73,1215,40,28,32,1214,45,84
1217: 1212,1226,1213,73,1215,40,28,32,55,96,487,1218,47,1216,85,75,11,365,419,1214,45,84,361,18,54,97,58,129,59
1218: 47,1216,91,7,68,51,10,1205,37,55,96,487,85,75,11,365,419,1217,1212,1226,1213,73,1215,40,28,32,1214,45,84
1219: 31,1225,1223,1222,1224,1220,42,1221,74,6,83,61,8,1204,66,1206,2,23,78,92,7,41,68,51,10,1205,37,1232,1230,49,22,1231
1220: 31,1219,1225,1223,1222,1224,42,1221,74,83,8,66,95,1206,2,23,78,92,7,41,68,51,10,1205,37,1232,1230,49,22,99,1231
1221: 31,1219,1225,1223,1222,1224,1220,42,74,83,61,8,66,1206,2,23,78,92,7,41,68,51,10,1205,37,1232,1230,49,22,1231
1222: 31,1219,1225,1223,1224,1220,42,1221,74,83,8,66,95,1206,2,23,78,92,7,41,68,51,10,1205,37,1232,1230,49,22,99,1231
1223: 31,1219,1225,1222,1224,1220,42,1221,74,83,61,8,1204,66,9,95,1206,2,23,78,92,7,68,51,10,1205,37,1232,1230,49,22,1231
1224: 31,1219,1225,1223,1222,1220,42,1221,74,6,83,61,8,1204,66,1206,2,23,78,92,7,41,68,51,10,37,1230,22,1231
1225: 31,1219,1223,1222,1224,1220,42,1221,74,83,61,8,1204,66,9,95,1206,2,23,78,92,7,68,51,10,1205,37,1232,1230,49,22,1231
1226: 1217,1212,1213,73,1215,40,28,32,55,487,1218,47,1216,85,75,11,365,419,1214,45,84,361,18,54,97,58,129,27,59,164
1227: 1210,1229,1228,35,38,14,57,17,19,69,182,25,21,1209,1211,1236,1202,62,1234,72,1233,1235,1,1208,5,1207
1228: 1210,1229,1227,35,38,14,57,17,19,69,25,21,1209,1211,1236,1202,62,1234,1238,72,1239,1233,1235,1237,1,1208,5,199
1229: 1210,1227,1228,35,38,14,57,17,19,69,182,25,21,1209,1211,1236,1202,62,1234,1238,72,1233,1235,1,1208,30,5,1207,199
1230: 1232,49,22,99,1231,31,1219,1225,1223,1222,1224,1220,42,1221,23,78,92,76,13,90,51,10,1205,37,38,14,57,85,16,63,0,89,21,1236
1231: 1232,1230,49,22,99,31,1219,1225,1223,1222,1224,1220,42,1221,23,78,92,76,13,51,10,1205,37,38,14,57,85,16,63,0,89,21,1236
1232: 1230,49,22,99,1231,31,1219,1225,1223,1222,1220,42,1221,23,78,92,76,13,90,51,10,1205,37,38,14,57,85,16,63,0,89,21
1233: 1234,1238,72,1239,1235,1237,16,63,0,89,25,21,1209,1211,1236,1210,1229,1227,1228,88,60,1,70,416,140,48,1203,232,106
1234: 1238,72,1239,1233,1235,1237,16,63,0,89,25,21,1209,1211,1236,1210,1229,1227,1228,88,60,1,70,416,140,1203,232
1235: 1234,1238,72,1239,1233,1237,16,63,0,89,25,21,1209,1211,1236,1210,1229,1227,1228,35,88,60,1,70,416,140,48,1203,232,106
1236: 25,21,1209,1211,1230,49,22,99,1231,38,14,57,17,19,16,63,0,89,1210,1229,1227,1228,88,60,1234,1238,72,1239,1233,1235,1237,1
1237: 1234,1238,72,1239,1233,1235,16,63,0,89,25,21,1209,1211,1236,1210,1228,88,60,1,70,416,140,48,1203,232,106
1238: 1234,72,1239,1233,1235,1237,16,63,0,89,25,21,1209,1211,1236,1210,1229,1228,88,60,1,70,416,140,48,1203,232,106
1239: 1234,1238,72,1233,1235,1237,16,63,0,89,25,21,1209,1211,1236,1228,88,60,1,70,24,416,140,48,1203,232,106