0: 22,57,379,1235,99,38,76,69,19,25,1233,1238,1239,1237,72,14,17
1: 106,140,21,1209,1211,1227,1229,1228,1210,70,88,1208,15,416,447,48,476,232,1203
2: 103,3,83,74,413,338,1224,86,68,37,1241,1243,1206
3: 262,168,6,26,267,135,83,219,413,338,103,2
4: 94,163,219,413,338,79,229,111,386,358,91
5: 204,199,1227,1229,1228,1210,30,1202,62,35,480,1207,1208,232,1203,29
6: 26,369,234,465,185,64,262,168,82,61,1204,3,83,74
7: 68,37,1241,1243,1206,1262,1242,1230,487,41,1205,51,49,47,55,96,28,85,1218,1216,16,10
8: 185,64,56,46,12,98,33,82,61,1204,66,9,74,1223,1244,1225,1248,1246,1251,78
9: 66,56,46,12,98,33,173,8,95,67,1244,1248,78,42
10: 16,7,1205,51,49,63,1236,1234,85,1218,1216,89,73,1226,58,1214,45,84
11: 365,386,358,91,487,244,47,55,96,28,446,264,1213,97,32,75,40,1217,1212,1215
12: 46,98,33,44,93,384,216,56,173,8,66,9,95,67
13: 173,65,87,95,67,43,90,42,23,20
14: 1235,99,38,76,0,69,19,25,1233,1238,1239,1237,72,17,140,21,1209,1211,1227,1229,1228,1210
15: 416,84,70,88,1,106,24,50,60,447,48,476,225,220,81,433
16: 10,7,1205,51,49,63,1236,1234,85,1218,1216,89,73,1226,58,1214,45,84
17: 0,69,19,251,134,14,21,1209,1211,1227,1229,1228,1210,30,1202,62,35
18: 129,1213,97,32,1217,1212,1215,73,1226,58,1214,45,124,54,164,27,59,361,311,355
19: 69,57,379,182,0,251,134,14,17
20: 13,43,52,23,53,57,379,182
21: 1209,1211,25,1233,1238,1239,1237,72,14,17,140,1227,1229,1228,1210,70,88,1,106,1208
22: 78,90,42,23,1245,1247,92,1240,1222,1263,57,1232,1258,31,1231,1257,1259,1235,99,38,76,0
23: 95,67,13,43,90,42,20,22,57,379
24: 50,60,45,84,70,88,164,27,59,15,416,355,225,220,81
25: 1233,1238,1239,1237,72,1231,1235,99,38,76,0,63,1236,1234,14,89,140,21,1209,1211
26: 6,369,77,234,465,185,64,262,168,82,61,1204,3,83,74
27: 164,59,58,1214,45,84,129,18,24,50,311,355,225
28: 47,55,96,358,91,487,41,7,365,11,85,1218,1216,264,1213,97,32,75,40,1217,1212,1215,73,1226
29: 1208,204,5,199,232,1203,449
30: 1202,62,35,17,381,352,1227,1229,1228,1210,480,1207,1208,204,5,199
31: 1232,1258,1231,1257,1259,1261,1219,1250,1254,1220,1249,1253,1221,1255,1260,1256,1252,1245,1247,92,1240,1222,1263,22,1262,1242,1230,1235,99,38,76,1205,51,49,63,1236,1234,1233,1237,72
32: 1213,97,75,40,1217,1212,1215,365,11,47,55,96,28,85,1218,1216,264,73,1226,58,1214,104,419,124,54,129,18
33: 46,12,98,44,93,384,216,56,173,8,66,9,95,67
34: 39,301,288,488,87,43,52,36
35: 30,1202,62,17,381,352,1227,1229,1228,1210,480,1207,1208,204,5,199
36: 34,39,52,53,130,284
37: 1241,1243,1206,103,2,1224,86,1261,1219,1250,1254,1220,1249,1253,1221,1255,1260,1256,1252,68,1262,1242,1230,487,41,7,1205,51,49
38: 1235,99,76,1245,1247,92,1240,1222,1263,22,57,1232,1258,31,1231,1257,1259,0,63,1236,1234,25,1233,1238,1239,1237,72,14
39: 34,301,288,488,87,43,52,36
40: 1213,97,32,75,1217,1212,1215,365,11,47,55,96,28,85,1218,1216,264,73,1226,58,1214,419,124,54,129
41: 487,68,37,1206,358,91,7,365,47,55,96,28,85
42: 90,66,9,95,67,13,78,23,1245,1247,92,1240,1222,1263,22,57
43: 65,87,34,39,13,52,23,20,53
44: 179,80,463,93,384,185,64,56,46,12,98,33
45: 85,1218,1216,16,10,89,73,1226,58,1214,84,129,18,164,27,59,24,50,60
46: 12,98,33,44,93,384,216,56,173,8,66,9,95,67
47: 55,96,28,358,91,487,41,7,365,11,85,1218,1216,264,1213,97,32,75,40,1217,1212,1215,73,1226,58,1214
48: 447,476,70,88,1,106,1208,15,416,232,1203,220,433,449
49: 1205,51,37,1241,1243,1206,1262,1242,1230,1232,1258,31,1231,1257,1259,7,63,1236,1234,85,16,10,89
50: 24,60,45,84,70,88,164,27,59,15,416,355,225,220,81
51: 1205,49,37,1241,1243,1206,1262,1242,1230,1232,1258,31,1231,1257,1259,7,63,1236,1234,85,1218,1216,16,10,89
52: 34,39,43,36,20,53,130
53: 43,52,36,20,130,379,182,245,339
54: 124,264,1213,97,32,75,40,1217,1212,1215,73,1226,58,1214,419,129,18,361,311
55: 47,96,28,358,91,487,41,7,365,11,85,1218,1216,264,1213,97,32,75,40,1217,1212,1215,73,1226,58,1214
56: 44,93,384,185,64,46,12,98,33,82,61,1204,8,66,9
57: 90,42,23,20,22,379,1235,99,38,76,0,69,19
58: 73,1226,1214,47,55,85,1218,1216,16,10,1213,97,32,40,1217,1212,1215,45,124,54,129,18,164,27,59
59: 164,27,73,1226,58,1214,45,84,129,18,24,50,311,355,225
60: 24,50,45,84,70,88,164,15,416,355,225,220,81
61: 82,1204,234,465,185,64,56,6,26,8,83,74,1223,1225,1251
62: 30,1202,35,17,71,381,352,1227,1229,1228,1210,480,1207,1208,204,5,199
63: 1236,1234,1262,1242,1230,1232,1258,31,1231,1257,1259,1235,99,38,76,1205,51,49,25,1233,1238,1239,1237,72,16,10,89,140
64: 185,317,44,234,465,56,6,26,82,61,1204,8
65: 216,308,183,301,173,87,95,67,13,43
66: 9,56,46,12,98,33,173,8,95,67,1223,1244,1225,1248,1246,1251,78,90,42
67: 95,46,12,98,33,173,65,66,9,13,78,90,42,23
68: 413,338,103,2,1224,86,37,1241,1243,1206,358,91,487,41,7
69: 19,57,379,182,0,251,134,14,17
70: 88,89,140,21,1209,1211,84,1,106,24,50,60,15,416,447,48,476
71: 381,352,251,134,126,255,250,62,480,1207
72: 25,1233,1238,1239,1237,1232,1258,31,1231,1257,1259,1235,99,38,76,0,63,1236,1234,14,89,140,21,1209,1211
73: 1226,58,1214,47,55,28,85,1218,1216,16,10,1213,97,32,75,40,1217,1212,1215,45,124,54,129,18,164,59
74: 6,26,82,61,1204,8,83,1223,1244,1225,1248,1246,1251,103,2,1224,86,1261,1219,1250,1254,1220,1249,1253,1221,1255,1260,1256,1252
75: 1213,97,32,40,1217,1212,1215,365,11,47,55,96,28,85,1218,1216,264,73,1226,104,419,124,54,129
76: 1235,99,38,1245,1247,92,1240,1222,1263,22,57,1232,1258,31,1231,1257,1259,0,63,1236,1234,25,1233,1238,1239,1237,72,14
77: 369,317,296,191,234,465,262,168,26
78: 8,66,9,95,67,1223,1244,1225,1248,1246,1251,90,42,1261,1219,1250,1254,1220,1249,1253,1221,1255,1260,1256,1252,1245,1247,92,1240,1222,1263,22
79: 163,219,94,4,229,111,386
80: 116,179,463,44,93,384
81: 220,24,50,60,15,416,447,476,225,433
82: 61,1204,234,465,185,64,56,6,26,8,83,74,1223
83: 262,168,6,26,82,61,1204,3,74,413,338,103,2,1224,86
84: 16,10,89,140,45,70,88,164,27,59,24,50,60,15,416
85: 1218,1216,487,41,7,1205,51,49,47,55,96,28,16,10,1213,97,32,75,40,1217,1212,1215,73,1226,58,1214,45
86: 1224,83,74,1223,1244,1225,1248,1246,1251,103,2,1261,1219,1250,1254,1220,1249,1253,1221,1255,1260,1256,1252,68,37,1241,1243,1206,1262,1242,1230
87: 308,183,301,288,65,34,39,13,43
88: 70,89,140,21,1209,1211,84,1,106,24,50,60,15,416,447,48,476
89: 1205,51,49,63,1236,1234,25,1233,1238,1239,1237,72,16,10,140,45,84,70,88
90: 42,66,95,67,13,78,23,1245,92,1222,22,57
91: 358,94,4,68,386,487,41,244,365,11,47,55,96,28
92: 1245,1247,1240,1222,1263,1223,1244,1225,1248,1246,1251,78,90,42,1261,1219,1250,1254,1220,1249,1253,1221,1255,1260,1256,1252,22,1262,1242,1230,1232,1258,31,1231,1257,1259,1235,99,38,76
93: 384,80,463,484,44,216,56,46,12,98,33,173
94: 4,163,219,413,338,79,229,111,386,358,91
95: 67,46,12,98,33,173,65,66,9,13,78,90,42,23
96: 47,55,28,358,91,487,41,7,365,11,85,1218,1216,264,1213,32,75,40,1217,1212,1215
97: 1213,32,75,40,1217,1212,1215,365,11,47,55,28,85,1218,1216,264,73,1226,58,1214,104,419,124,54,129,18
98: 46,12,33,44,93,384,216,56,173,8,66,9,95,67
99: 1235,38,76,1245,1247,92,1240,1222,1263,22,57,1232,1258,31,1231,1257,1259,0,63,1236,1234,25,1233,1238,1239,1237,72,14
100: 187,421,459,210,133,211,169
101: 263,306,294,247,246,281
102: 302,485,393,305,477,175,236
103: 2,3,83,74,413,338,1224,86,68,37,1241,1243,1206
104: 419,446,264,97,32,75,124,361
105: 263,420,119,142,166,189,143,443,306
106: 1,140,21,1209,1211,1227,1229,1228,1210,70,88,1208,15,416,447,48,476,232,1203
107: 489,155,471,127,436,496
108: 387,362,227,349,202
109: 372,210,133,211,252,160,137
110: 460,439,391,380
111: 229,79,94,4,386,244
112: 367,187
113: 258,147,189,443,454,276,294
114: 157,315,272,478
115: 
116: 179,80
117: 195,241,412,292,298,437
118: 196,181,254
119: 142,166,299,403,189,263,105,443
120: 396,438,431,354,353,269
121: 458,360,280,261,201,385,275,422,331,218
122: 324,477,175,375,293,316
123: 184,247,246,281,230,439,461
124: 54,264,1213,97,32,75,40,1217,1212,1215,73,1226,58,1214,104,419,129,18,361,311
125: 482,212,486
126: 182,245,339,251,134,255,71,381,352,250
127: 432,155,471,436,489,107
128: 415,451,428,327,248,315
129: 18,1213,97,32,75,40,1217,1212,1215,73,1226,58,1214,45,124,54,164,27,59,361,311,355
130: 52,36,53,284,182,245,339
131: 285,393,305,335,175,236,375
132: 367,221,192,389,161,314
133: 210,211,421,100,109
134: 251,379,182,245,339,69,19,126,17,71,381,352
135: 267,427,262,168,3,163,219,413,338
136: 429,303,442,200,170
137: 495,109,252,160
138: 397,322,282,154,366
139: 277,442,494,200,170,323,445,186,149
140: 63,1236,1234,25,1233,1238,1239,1237,72,14,89,21,1209,1211,84,70,88,1,106
141: 313,240,440,156,493,253,319,444
142: 119,166,425,299,403,143,263,420,105
143: 142,166,263,420,105,392
144: 332,254,235,328,473,475,270,406
145: 193,484,216,308,183,301
146: 154,176,490
147: 258,351,249,350,403,113
148: 281,461,233,374
149: 186,464,200,170,277,139,462,445
150: 418,256,321,326
151: 478
152: 452,158,483
153: 344,438
154: 366,138,394,376,146
155: 471,460,432,455,380,127,107
156: 440,158,483,240,468,141,313
157: 451,248,114
158: 152,483,240,440,156
159: 370,469,279,426,217
160: 252,372,109,340,495,137
161: 314,389,132,378,223,333
162: 190,178,411,450,269,260
163: 267,135,219,79,94,4
164: 27,59,73,1226,58,1214,45,84,129,18,24,50,60,311,355,225
165: 363,408,410,303,197
166: 119,142,403,189,143,263,420,105,443,306
167: 490,348,474,329
168: 262,191,369,77,234,465,6,26,267,135,3,83
169: 459,100,210,224
170: 200,136,442,494,277,139,188,445,186,149
171: 278,197,429,203,423
172: 312,464,196,181,435,235,342,328,332
173: 93,384,216,308,183,46,12,98,33,65,66,9,95,67,13
174: 270,307,435,235,406,273,481
175: 236,305,302,102,477,131,122,324,375
176: 490,146
177: 291,377,483,274
178: 411,450,467,356,162,190
179: 116,80,317,296,44
180: 424,226,371,348
181: 254,196,118,172,312,332,475
182: 20,53,130,379,245,339,69,19,251,134,126
183: 308,484,145,216,301,173,65,87
184: 123,399,247,246,230,439,461
185: 64,317,296,44,234,465,56,6,26,82,61,1204,8
186: 149,464,200,170,277,139,323,462,445
187: 112,459,100
188: 200,170,462,445
189: 258,119,166,113,263,105,443,306,454,276,294
190: 162,356,353,396,178,411,450,269
191: 369,77,427,262,168
192: 389,297,221,132,367,314
193: 463,484,145
194: 422,331,218,357,198
195: 117,241,412,292,298,437,266
196: 118,172,312,181,254
197: 205,165,363,410,336,203,423,171
198: 422,331,218,194,357,256
199: 204,5,1227,1229,1228,1210,30,1202,62,35,480,1207,1208,232,1203,29
200: 170,136,442,139,188,462,445,186,149
201: 385,360,280,121,364,275
202: 108,227,349,334,287,279,426
203: 423,197,336,278,171
204: 5,199,1227,1229,1228,1210,30,1202,62,35,480,1207,1208,232,1203,29
205: 472,363,197
206: 402,273,417,304,330,283
207: 400,489,238,496,360,280,458
208: 415,451
209: 
210: 133,211,100,109,169
211: 210,133,100,109
212: 240,486,482,125
213: 309,421
214: 412,292,497,437,300
215: 401,253
216: 463,484,145,93,384,308,183,46,12,98,33,173,65
217: 426,159,370,373,430,346
218: 422,331,121,261,275,194,325,357,198
219: 267,135,3,163,413,338,79,94,4
220: 81,24,50,60,15,416,447,48,476,225,433
221: 297,343,192,389,132,367
222: 405
223: 333,161,314,378
224: 459,169
225: 164,27,59,24,50,60,15,416,355,220,81,290
226: 424,180,371,348
227: 349,108,326,202,287
228: 373,430
229: 111,79,94,4,386,244
230: 399,247,246,184,123,439
231: 467,388,356
232: 1203,1,106,1208,204,5,199,447,48,476,29,433,449
233: 461,148,374,432
234: 465,317,296,369,77,185,64,262,168,6,26,82,61,1204
235: 342,328,172,312,307,435,347,144,332,174,270,406
236: 175,393,305,302,102,477,285,131,324,375
237: 337,257,407
238: 496,489,400,207,280,458,261,268
239: 453,455,380,471,400
240: 486,158,212,440,156,141
241: 117,195,298,437,266
242: 271,351,249
243: 325,385,275,357
244: 229,111,386,358,91,365,11,446,264
245: 339,53,130,284,182,251,134,126,255
246: 247,466,101,399,230,184,123
247: 246,101,399,281,230,184,123
248: 327,428,128,157,315
249: 351,242,350,299,403,258,147
250: 126,255,71,381,352,480,1207
251: 134,379,182,245,339,69,19,126,17,71,381,352
252: 160,372,109,495,137
253: 319,444,141,313,493,497,401,215
254: 181,196,118,312,328,144,332,473,382,475
255: 245,339,126,71,381,352,250
256: 321,357,198,387,150,418,326,349
257: 286,407,237,266,337,383,414,456
258: 147,249,403,189,113
259: 495
260: 162,269
261: 268,238,496,121,458,422,331,218
262: 168,191,369,77,234,465,6,26,267,135,3,83
263: 420,105,119,142,166,189,143,443,306,101
264: 244,365,11,47,55,96,28,446,1213,97,32,75,40,1217,1212,1215,104,419,124,54
265: 468,274,493
266: 437,195,241,257,286,407
267: 135,427,262,168,3,163,219,413,338
268: 261,238,496,458,331
269: 120,396,162,190,260
270: 174,307,435,347,235,342,328,144,406,481
271: 718,242
272: 315,114,478
273: 481,174,304,206
274: 483,177,468,265
275: 121,201,385,422,331,218,325,243,357
276: 454,294,189,113,443
277: 139,442,494,170,323,398,445,186,149,464
278: 171,203,423
279: 426,202,334,159,370,469
280: 360,400,207,238,121,458,201
281: 101,247,395,123,148
282: 310,322,397,138
283: 345,206,402
284: 36,130,245,339
285: 131,393,305,335,236
286: 257,407,266,337,383,414,456
287: 326,227,349,202,320
288: 301,488,87,34,39
289: 295,394,499,376
290: 311,355,225,441
291: 377,409,474,470,177
292: 412,298,319,117,195,497,437,214,300
293: 122,324,375,316
294: 454,276,189,113,443,306,101
295: 345,341,289,499
296: 317,179,369,77,234,465,185
297: 221,343,192,389
298: 412,292,319,444,117,195,241,497,437
299: 351,249,425,403,119,142
300: 412,292,497,401,214
301: 145,308,183,288,65,87,34,39
302: 102,485,305,477,175,236
303: 410,165,429,136
304: 273,481,206,402,330
305: 393,302,102,285,131,175,236
306: 443,166,189,263,420,105,294,101
307: 435,347,235,342,174,270
308: 183,484,145,216,301,173,65,87
309: 213,457,421,372
310: 390,322,282
311: 124,54,129,18,164,27,59,361,355,441,290
312: 172,464,196,181,254,235,342,328,332
313: 141,440,156,468,493,253,444
314: 161,192,389,132,367,223,333
315: 128,327,248,114,272
316: 122,324,293
317: 296,179,369,77,234,465,185,64
318: 
319: 253,444,141,412,292,298,497,401
320: 326,287,498
321: 256,387,150,418,326,349
322: 310,282,397,138
323: 398,494,277,139,186
324: 122,477,175,236,375,293,316
325: 243,275,218,357
326: 256,321,150,418,227,349,320,287
327: 248,428,128,315,350
328: 235,342,172,312,254,435,144,332,270,406
329: 167,474
330: 304,206,341
331: 422,218,121,458,261,268,275,194,357,198
332: 144,172,312,181,254,235,342,328,473,475,406
333: 223,161,314,378
334: 362,202,279,426,469
335: 393,285,131,451
336: 197,492,203,423
337: 237,257,286,407,340,383,414
338: 413,267,135,3,83,219,103,2,94,4,68
339: 245,53,130,284,182,251,134,126,255
340: 337,160
341: 330,345,295
342: 235,328,172,312,307,435,347,332,270
343: 297,221
344: 153,438,431
345: 283,341,295
346: 373,217,430,378
347: 307,435,235,342,270
348: 226,180,371,167,491
349: 227,256,321,108,387,326,202,287
350: 327,351,249,147
351: 249,242,350,299,403,147
352: 71,381,251,134,126,255,250,30,1202,62,35,480,1207
353: 438,356,120,396,411,190
354: 431,368,120,396
355: 129,18,164,27,59,24,50,60,311,225,441,290
356: 231,467,353,178,411,450,190
357: 275,422,331,218,194,325,243,198,256
358: 91,94,4,68,386,487,41,244,365,11,47,55,96,28
359: 452
360: 280,400,207,121,458,364,201,385
361: 104,419,124,54,129,18,311,441
362: 108,387,334
363: 165,205,410,197
364: 360,201
365: 11,386,358,91,487,41,244,47,55,96,28,446,264,1213,97,32,75,40,1217,1212,1215
366: 154,138,394,499,376
367: 132,221,112,192,389,314,459
368: 431,354
369: 77,317,296,191,234,465,262,168,6,26
370: 159,469,279,426,217
371: 226,180,348,491
372: 309,404,109,252,160
373: 228,217,430,346
374: 148,233,432
375: 131,175,236,122,324,293
376: 289,394,499,154,366
377: 291,409,474,470,177
378: 346,161,223,333
379: 23,20,53,57,182,0,69,19,251,134
380: 455,460,110,155,471,239
381: 71,352,251,134,126,255,250,30,1202,62,35,480,1207
382: 473,475,254
383: 414,337,257,286,407,456
384: 93,80,463,484,44,216,56,46,12,98,33,173
385: 201,360,121,275,243
386: 79,94,4,229,111,358,91,244,365,11
387: 108,256,321,362,349
388: 231,467
389: 192,297,221,132,367,161,314
390: 310
391: 439,460,110
392: 143,466
393: 305,102,335,285,131,236
394: 499,289,154,366,376
395: 101,281,148
396: 120,354,353,190,269
397: 138,322,282
398: 323,277
399: 466,247,246,230,184
400: 207,239,238,360,280
401: 215,253,319,497,300
402: 206,481,417,304,283
403: 351,249,299,258,147,119,142,166
404: 372
405: 222
406: 235,328,144,332,473,174,270,481,417
407: 257,286,237,266,337,383,414,456
408: 165
409: 491,291,377
410: 303,165,363,197,429
411: 178,450,467,356,353,162,190
412: 292,298,319,444,117,195,497,437,214,300
413: 338,267,135,3,83,219,103,2,94,4,68
414: 383,337,257,286,407,456
415: 451,208,428,128
416: 15,84,70,88,1,106,24,50,60,447,48,476,225,220,81,433
417: 406,481,304,206,402
418: 150,256,321,326
419: 104,446,264,1213,97,32,75,40,1217,1212,1215,124,54,361
420: 263,105,142,166,143,306
421: 213,309,100,133
422: 331,218,121,261,275,194,357,198
423: 203,197,336,278,171
424: 226,180
425: 299,142
426: 279,202,334,159,370,469,217
427: 191,267,135
428: 415,128,327,248
429: 136,410,303,171
430: 228,373,217,346
431: 354,344,368,120
432: 233,155,127,436
433: 15,416,447,48,476,232,1203,220,81,449
434: 778,1062,807,775,1108
435: 307,347,172,235,342,328,174,270
436: 432,127,489,107
437: 266,117,195,241,412,292,298,214
438: 153,344,353,120
439: 391,230,184,123,110
440: 156,158,483,240,486,468,141,313
441: 361,311,355,290
442: 136,494,200,170,277,139
443: 306,119,166,189,113,263,105,454,276,294
444: 253,319,141,313,412,298,497
445: 462,200,170,277,139,188,186,149
446: 244,365,11,264,104,419
447: 48,476,70,88,1,106,1208,15,416,232,1203,220,81,433,449
448: 
449: 447,48,476,232,1203,29,433
450: 178,411,356,162,190
451: 415,335,208,128,157
452: 359,152
453: 455,239
454: 276,294,189,113,443
455: 380,460,453,155,471,239
456: 257,286,407,383,414
457: 309
458: 121,207,238,496,360,280,261,268,331
459: 367,187,100,224,169
460: 110,391,455,380,155,471
461: 233,184,123,148
462: 445,200,188,186,149
463: 193,80,484,44,93,384,216
464: 186,149,277,172,312
465: 234,317,296,369,77,185,64,262,168,6,26,82,61,1204
466: 392,399,246
467: 231,388,356,178,411
468: 483,440,156,274,313,265
469: 159,370,334,279,426
470: 474,291,377
471: 155,460,455,380,127,239,107
472: 205
473: 382,475,254,144,332,406
474: 167,491,329,291,377,470
475: 473,382,181,254,144,332
476: 447,48,70,88,1,106,1208,15,416,232,1203,220,81,433,449
477: 485,302,102,175,236,122,324
478: 114,272,151
479: 
480: 1207,71,381,352,250,30,1202,62,35,204,5,199
481: 273,174,270,406,417,304,402
482: 125,212
483: 152,158,177,440,156,468,274
484: 193,463,145,93,384,216,308,183
485: 302,102,477
486: 240,212,440,125
487: 41,68,37,1241,1243,1206,358,91,7,365,11,47,55,96,28,85,1218,1216
488: 288,34,39
489: 107,127,436,207,238,496
490: 176,146,167
491: 371,348,409,474
492: 336
493: 141,313,265,253
494: 442,170,277,139,323
495: 137,252,160,259
496: 238,489,107,207,458,261,268
497: 253,319,444,412,292,298,401,214,300
498: 320
499: 394,295,289,366,376
500: 1044,955,1125,578
501: 
502: 506,1112,669,810,853,833,842,845
503: 851,1191,1069,1183
504: 1023,971,827,1188,703,755,1163,616
505: 793,973,908,820,1070
506: 502,1112,669,810,840,853,833,842,510,1030,534,845
507: 1132,525,676,577
508: 1159,825,551
509: 806,1133,731,828,962,964,537,1176,1016
510: 738,840,506,591,1030
511: 535,733
512: 863
513: 874,1178,1158,1052
514: 916,1164,831,860,572,668,541
515: 1046,626,1094,669,810,846
516: 1049,630,939,540,583
517: 980,958,768,886,1085
518: 764,779,1098
519: 1032,963,1011,1095,749
520: 686,688
521: 1029,942,687
522: 792,858,888,989,892,600
523: 815,571,702,593,954,695,875
524: 904,1010,1052,879,1050
525: 1132,507,577
526: 612
527: 1113,1075,615,928,976,602
528: 678,1117,529,762,548,614,545,1101,584
529: 762,548,614,528,678,1117
530: 802,546,606,1161,800
531: 1148,938
532: 989,880,1045,600,1082,743
533: 951,1121,674
534: 1030,506,833,845,915
535: 1125,578,573,588,734,511
536: 761,1077,1018
537: 1176,1016,509,806,828,636,962,964
538: 603,1021,1073
539: 737,978,766,555,1024,832,1054
540: 630,939,516,763,583
541: 566,514,1011,923,1043
542: 632,1173,896,594,563
543: 995
544: 843,701,732,838
545: 1101,584,548,614,528,678,1117,1177
546: 606,1161,1192,802,585,530,800
547: 1127,1120,653,854,768
548: 614,529,768,528,678,1117,545,1101
549: 684,917,1004,953
550: 672,1193,941,909,872,929,1013,590,1032
551: 508,1159,825,767
552: 1006,837,1186,921
553: 751,776,1092
554: 988,1005,891,619,914,722
555: 1024,927,766,539,737,978,840
556: 581,1072,788
557: 570,1061,831,860,1185
558: 1137,1114,855,870,1140,698
559: 942,790,979
560: 1096,651,983
561: 576,767,761
562: 747,1181,579,650,1100
563: 542,594,595,725
564: 1056,777,1169
565: 763,583,697,758
566: 541,1032,572,963,1011,923
567: 1145,1100,649
568: 1063
569: 785,805
570: 557,1061,831
571: 523,815,867,702,954,695,875
572: 929,877,1164,831,590,1032,916,514,1011,566
573: 597,774,1125,578,588,734,535
574: 628,655,825,675,998,789
575: 922,808,971,652,1188,1023
576: 767,932,561,1077,761
577: 507,525,676
578: 1125,597,500,573,535
579: 747,562
580: 682,898,952
581: 663,967,1072,556
582: 613,647,1013
583: 763,540,516,697,565
584: 545,1101,528,678,1177,728
585: 1192,546,606,1161
586: 907,1076,821,605,1019,1034
587: 984,1136,966,935
588: 734,597,774,970,1005,573,535,984
589: 850,729,862,746,1116,1035
590: 1032,550,929,877,1164,572,1011
591: 978,840,1054,510,738,1099,1025
592: 884
593: 523,875,704
594: 595,542,563,725
595: 594,563,725
596: 759,1154,1002
597: 813,819,774,1125,578,573,588,734
598: 1033,1146
599: 906,1098,1053,702
600: 888,522,792,532,743
601: 714,866,823
602: 527,1113,928,976,724
603: 726,538,930,1021
604: 1196,681,1104,873,1111,1192
605: 586,821,1019,1034,757
606: 546,1161,1192,802,585,530,800
607: 
608: 864
609: 866,823,925,773
610: 748,1147,750,673,897,1179,658,1168
611: 1144,625,1017
612: 526
613: 582,647,710,1067
614: 548,529,768,528,678,1117,545
615: 905,527,1113
616: 755,1163,1188,1089,504,1133
617: 1122,1195,814
618: 1002,829,1012,1120,653
619: 891,914,676,554,988,722
620: 788,925
621: 631,848
622: 733,781
623: 1020
624: 1093,672,1193,909
625: 1144,611
626: 1094,1038,665,927,515,1112,669
627: 694,948,1000,913,1014
628: 574,655,825,675,998
629: 1103
630: 939,1049,540,516
631: 621,1198,848,1128
632: 1173,710,801,542
633: 869,666,849,987,1001,708,742
634: 952,818
635: 646,1018
636: 731,828,537,1176,1016,1078
637: 806,962,964
638: 764
639: 1068
640: 1001,808,971,708,742,652,1188,1089
641: 876,711,748
642: 985,1015,1041
643: 766,706,737
644: 949,760
645: 
646: 635,1018
647: 672,872,582,613,1013
648: 795,1028
649: 1100,1055,1174,567,1145
650: 562,881,1100,1055,1174,957
651: 560,1096,796,983
652: 1188,1089,1001,808,971,575,640,1023,755
653: 618,1120,854,894,1127,547
654: 826,1068
655: 574,628,675,998,789
656: 518
657: 953,664,1004,721
658: 1179,610,673,897,1168
659: 830
660: 1180,934
661: 
662: 837,824
663: 903,696,679,581
664: 917,657,953
665: 1124,1046,626,1094
666: 849,816,922,633,1001
667: 704,844,834,899,1088
668: 831,860,1185,916,514
669: 626,515,1112,810,840,506,502,853,842
670: 835,1038
671: 1194
672: 934,624,1193,647,872,550
673: 897,610,748,1179,658
674: 1121,1020,533,951
675: 655,574,628,998,789,1135
676: 507,577,988,891,619
677: 1143,689
678: 528,1117,529,548,614,545,1101,584
679: 663
680: 728,692
681: 730,911,904,1196,604
682: 721,580
683: 1071,739,699,1109,946,1152
684: 771,549,917
685: 716,735
686: 520,688
687: 942,521,979
688: 520,686,1065
689: 677,1143
690: 918,914
691: 820,709
692: 1090,902,680,728
693: 
694: 627,948,913,1014,1066
695: 875,523,815,571,954,760
696: 903,1162,663,967,1072
697: 758,1091,763,583,565
698: 870,558,1137,1029,942
699: 739,772,1110,1109,683,1071,946
700: 972,794
701: 843,791,544
702: 1053,867,906,599,523,815,571
703: 827,504,1000
704: 667,593,844,834,899
705: 754,1152,1048,865
706: 643,766,539,737,978,832
707: 1026,777,1049
708: 742,1147,750,987,633,1001,640
709: 691,822,889
710: 1067,1021,613,632,1173
711: 769,987,641
712: 752
713: 969
714: 967,1072,601,866,823
715: 800,1161,933
716: 685
717: 981,945
718: 271
719: 722,1136
720: 1066,1148
721: 1004,657,953,682
722: 1005,554,988,891,619,914,719
723: 1063,781
724: 602
725: 1126,594,595,563,1130
726: 603,538
727: 735
728: 680,584,1090,692
729: 589,847,746,1116
730: 681,911,904,1196
731: 1133,509,828,636
732: 843,544,919,826,799,1068
733: 781,622,511,1063
734: 588,597,774,970,573,535,984
735: 1003,685,727
736: 1079,912
737: 539,978,643,766,555,1024,706,832,1054
738: 510,591,1030,1099,1025
739: 699,772,1110,741,1109,683,1071
740: 1059
741: 992,839,739,772,1110
742: 708,1147,750,987,633,640
743: 600,532,947,782
744: 762
745: 887,850,862
746: 1116,729,589,862,955,1035,1158
747: 1181,579,562
748: 610,641,1147,673,897,1179
749: 519,963,1095,1080
750: 708,742,1147,610
751: 553,1184,1092
752: 1175,712
753: 1194,783
754: 705,1152,1048,865
755: 1163,616,652,1188,1089,504,1023,1133
756: 930,1021
757: 821,605,1019,783
758: 697,1091,763,565
759: 596,1002
760: 695,875,644
761: 536,576,767,932,561,1077
762: 744,529,528,1117
763: 583,540,697,758,565
764: 638,779,518
765: 1047,996,1105,895,1083,813,774,970,1005
766: 643,555,706,539,737,978
767: 576,932,825,551,561,761
768: 854,894,1127,547,958,548,614,517,886
769: 711,817,1150,1118,876
770: 
771: 684
772: 739,699,1110,741,992,839,1109
773: 609
774: 970,813,765,597,1005,573,588,734
775: 1108,434
776: 553,887,1047
777: 1026,707,1049,564
778: 434,838,1062,807,1108
779: 764,518,1098
780: 981,975
781: 733,622,723,1063
782: 743,947
783: 757,753,1194
784: 1144,944,856,1017
785: 865,569,805
786: 
787: 977
788: 620,556,994
789: 998,655,574,675,900,791,1135,1189
790: 559
791: 789,1135,843,701
792: 522,888,989,880,892,600
793: 505,973,820,1070
794: 700,972
795: 846,833,842,648
796: 1096,651
797: 1106,798
798: 1106,797
799: 826,732,919,1138
800: 715,546,606,1161,530,933
801: 632,1173,890
802: 546,606,530
803: 943,982,1149
804: 993,1102,1199
805: 785,569,968
806: 509,1133,637,828,962,964,537,1016
807: 1062,838,919,434,778,1138,1108,858
808: 971,1001,575,640,652,1188,1089,1023
809: 
810: 515,669,846,506,502,853,833,842
811: 1028,816
812: 1087,1105,895,1123
813: 1083,1047,996,765,597,774
814: 1195,617
815: 523,571,867,702,954,695
816: 811,666,849
817: 1150,915,1118,885,876,769
818: 898,952,634
819: 955,1035,597,1125
820: 691,505,793
821: 986,1076,586,605,757
822: 889,709,910,1131
823: 866,714,601,925,609
824: 662,837
825: 508,1159,574,628,551,767
826: 799,732,654,1068
827: 882,504,1023,703
828: 731,509,806,636,962,537,1176,1016,1078
829: 1012,1002,618,977
830: 659,986,878
831: 860,570,557,877,1164,572,916,514,668
832: 1054,706,539,737,978,937,1099
833: 853,842,810,506,502,795,534,845
834: 844,704,667,961,899,1088
835: 1033,670,990,1038,927
836: 964,1016
837: 662,552,824
838: 544,919,778,1062,807
839: 1166,741,772,1110
840: 555,1024,1112,669,506,591,510
841: 1170
842: 853,833,669,810,846,506,502,795
843: 701,791,544,732
844: 704,667,834,961
845: 506,502,853,833,1030,534,915
846: 515,810,842,795
847: 729,1116,1178,1158
848: 621,631,1198,1128,1162,940
849: 666,816,633,1001
850: 745,589,862
851: 503,1069
852: 1003,1154,965
853: 833,842,669,810,506,502,1030,845
854: 894,1120,653,1127,547,958,768
855: 1114,1039,991,870,558
856: 1134,944,784
857: 1190,1107
858: 1062,807,1138,522
859: 1084,938,867,1051
860: 831,557,1185,916,514,668
861: 1057
862: 850,745,589,746,1035
863: 512,999
864: 608,1178
865: 1048,705,754,785
866: 823,1072,714,601,925,609
867: 938,1084,859,702,1051,815,571
868: 924
869: 1118,987,633
870: 1114,855,558,1137,698
871: 1087,1119,1132,1123
872: 672,1193,647,550,1013
873: 1111,1104,1196,604,1192,1042
874: 513,904,1010,1052,879
875: 695,523,571,593,760
876: 817,1150,885,769,641
877: 1164,941,909,929,831,590,572
878: 830,1065
879: 1010,1052,874,904,524
880: 989,892,792,1045,532
881: 650,1174,957
882: 827
883: 1091
884: 1155,1051,949,592
885: 817,1150,876
886: 958,768,517,980,1006,1036,1085
887: 745,776,1047,1083
888: 522,792,600
889: 822,709,910,1131
890: 1170,801
891: 619,914,676,554,988,722
892: 989,880,522,792,1045
893: 1157
894: 854,1120,653,1127,768
895: 1105,1092,996,812,765
896: 542,1095,1027
897: 673,610,748,1179,658
898: 580,818
899: 1088,704,667,834,961,1190
900: 998,789,932,1135,1189
901: 1050
902: 1090,692
903: 1162,663,696
904: 911,874,730,681,1010,1052,879,524
905: 1075,615,527,1113,1031,928
906: 599,1098,1053,702
907: 1076,586
908: 973,505
909: 941,624,1193,877
910: 822,889,1131,1143
911: 904,730,681,1010
912: 736,1146,1058,924
913: 1000,627,694,948
914: 891,619,554,988,722,690
915: 534,845,817,1150,1118
916: 514,1164,831,860,572,668
917: 684,549,664,1004,953
918: 690,1064
919: 732,838,799,1062,807,1138
920: 1153
921: 552,1197,1186,992
922: 1139,666,575
923: 963,1011,566,541,1043
924: 912,1146,1058,868
925: 866,823,620,609
926: 1090
927: 835,1038,626,555,1024,1112
928: 1031,976,905,1075,527,1113,602
929: 941,550,877,1164,590,1032,572
930: 603,1021,756
931: 
932: 576,767,900,1077,761
933: 800,715
934: 672,1180,660,1193
935: 966,587
936: 
937: 832,1054,1099,1025
938: 1148,531,956,1084,859,867
939: 630,1049,540,516
940: 1162,848,1128
941: 909,1193,550,929,877,1164
942: 698,1029,521,559,687
943: 1031,976,803,982,1182
944: 1144,856,784
945: 717,1167
946: 699,1122,683,1071,1152
947: 743,782
948: 627,694,1000,913
949: 884,644
950: 1061,1065
951: 533,1121,674
952: 580,818,634
953: 657,549,917,664,1004,721
954: 523,815,571,695
955: 1035,746,819,500,1044,1125
956: 938
957: 1174,881,650,1055,1172
958: 854,768,517,980,886
959: 1171,1074
960: 1124
961: 844,834,1191,1069,899,1088,1190
962: 964,637,509,806,828,537,1176,1016
963: 1011,1032,519,566,749,923
964: 962,637,509,806,537,1016,836
965: 852,1115
966: 935,587
967: 1162,696,581,1072,714
968: 805,1022,974
969: 1160,999,713
970: 774,765,1005,588,734
971: 808,1001,575,640,652,1188,1089,504,1023
972: 700,794
973: 908,505,793,1070
974: 968
975: 780,1132
976: 1031,928,1075,527,602,943
977: 829,1012,787
978: 539,737,766,555,832,1054,591
979: 559,687
980: 517,958,886,1006,1085
981: 780,717
982: 803,943,1182
983: 560,651,1151
984: 588,734,1136,587
985: 642,1015,1041
986: 1156,830,1076,821
987: 869,711,633,708,742,1147
988: 554,676,891,619,914,722
989: 880,892,522,792,1045,532
990: 1033,835
991: 1102,1042,1165,1039,1114,855
992: 741,1197,921,772
993: 804,1102
994: 788,1146
995: 543
996: 1092,1047,1105,895,1083,813,765
997: 1045,1171
998: 789,655,574,628,675,900,1135,1189
999: 863,1160,969
1000: 703,913,627,948
1001: 666,849,633,808,971,708,640,652
1002: 759,596,618,829
1003: 735,852
1004: 549,917,657,953,721
1005: 765,774,970,554,588,722
1006: 1036,1085,980,886,552,1197
1007: 
1008: 
1009: 
1010: 1052,879,874,911,904,524
1011: 963,590,1032,572,519,566,541,923
1012: 829,618,977
1013: 647,872,550,582
1014: 1066,627,694
1015: 642,985,1041
1016: 537,1176,509,806,828,636,962,964,836
1017: 611,784
1018: 536,635,646
1019: 1034,586,605,757
1020: 674,623
1021: 603,538,930,1073,756,710,1067
1022: 968
1023: 504,808,971,575,827,652,1188,1089,755,1163
1024: 555,927,1112,539,737,840
1025: 1099,591,738,937
1026: 777,707,1049
1027: 1095,896,1080
1028: 648,811
1029: 698,942,521
1030: 534,506,853,510,738,845
1031: 928,976,1075,1113,943
1032: 590,929,1164,572,519,963,1011,566
1033: 598,990,835
1034: 1019,586,605
1035: 955,589,862,746,1116,819,1158,1044
1036: 1006,1085,886,1197
1037: 1129,1155
1038: 670,835,927,626,1094
1039: 1102,1165,1199,991,1114,855
1040: 1060,1086
1041: 642,985,1015
1042: 1165,873,1111,1192,1102,991
1043: 541,923
1044: 500,955,1035,1158,1125
1045: 989,880,892,997,532,1082
1046: 1124,665,1094,515
1047: 776,1092,887,996,1083,813,765
1048: 865,705,754
1049: 707,1026,777,630,939,516
1050: 524,901
1051: 1084,859,867,884
1052: 1010,879,874,513,904,524
1053: 702,1098,906,599
1054: 832,539,737,978,591,937,1099
1055: 1100,649,650,1174,957,1145
1056: 564,1169
1057: 861
1058: 912,924
1059: 740
1060: 1182,1040,1169
1061: 950,570,557
1062: 807,838,919,434,778,1138,1108,858
1063: 723,733,781,568
1064: 1175,918
1065: 688,878,950
1066: 1014,694,720
1067: 710,1021,1073,613
1068: 732,654,826,639
1069: 1191,503,851,961,1183
1070: 973,505,793
1071: 683,739,699,1109,946,1152
1072: 696,967,581,714,556,866
1073: 538,1021,1067
1074: 959
1075: 1167,905,527,1113,1031,928,976
1076: 1156,907,986,586,821
1077: 576,932,536,761
1078: 828,636,1176
1079: 736
1080: 1095,1027,749
1081: 
1082: 1045,532,1171
1083: 813,887,1047,996,765
1084: 859,938,867,1051
1085: 1006,1036,517,980,886,1197
1086: 1040
1087: 1119,871,1184,812,1123
1088: 899,667,834,961,1190
1089: 652,1188,808,971,640,1023,755,1163,616
1090: 692,926,902,728
1091: 883,697,758
1092: 553,751,1047,996,895
1093: 624
1094: 626,1038,665,1046,515
1095: 1027,519,896,749,1080
1096: 796,560,651
1097: 1195
1098: 779,518,1053,906,599
1099: 1025,832,1054,591,738,937
1100: 1055,649,562,650,1174,567,1145
1101: 545,584,548,528,678,1177
1102: 804,1042,1165,1199,1039,991
1103: 629
1104: 1196,604,873,1111,1192
1105: 895,996,812,765
1106: 1185,798,797
1107: 1190,857
1108: 775,434,778,1062,807
1109: 739,699,772,1110,683,1071
1110: 739,699,772,741,839,1109
1111: 873,1104,604,1192,1042
1112: 927,626,1024,669,840,506,502
1113: 527,905,1075,615,1031,928,602
1114: 855,1039,991,870,558,1137
1115: 965
1116: 746,729,589,847,1035,1178,1158
1117: 528,678,529,762,548,614,545
1118: 915,817,869,769
1119: 1087,871,1184,1123
1120: 618,653,854,894,1127,547
1121: 674,533,951
1122: 617,1195,946
1123: 1087,1119,871,812
1124: 960,665,1046
1125: 578,955,819,597,500,1044,573,535
1126: 725,1130,1142
1127: 547,1120,653,854,894,768
1128: 631,1198,848,940
1129: 1037,1155
1130: 1126,725,1142
1131: 822,889,910
1132: 975,871,507,525
1133: 755,616,731,509,806
1134: 856
1135: 1189,675,998,789,900,791
1136: 984,719,587
1137: 558,1114,870,1140,698
1138: 919,799,1062,807,858
1139: 922
1140: 1151,558,1137
1141: 1153
1142: 1126,1130
1143: 910,677,689
1144: 944,625,611,784
1145: 567,1100,1055,649
1146: 994,912,924,598
1147: 708,742,750,987,610,748
1148: 720,531,938
1149: 803
1150: 817,915,885,876,769
1151: 983,1140
1152: 683,1071,946,705,754
1153: 1141,920
1154: 852,596
1155: 1129,1037,884
1156: 986,1076
1157: 893
1158: 847,746,1116,1035,1178,1044,513
1159: 508,825,551
1160: 999,969
1161: 546,606,1192,585,530,800,715
1162: 940,848,903,696,967
1163: 755,616,1188,1089,504,1023
1164: 877,941,929,831,590,1032,572,916,514
1165: 1042,1102,1039,991
1166: 839
1167: 945,1075
1168: 610,1179,658
1169: 1060,564,1056
1170: 841,890
1171: 997,1082,959
1172: 1174,957
1173: 632,710,801,542
1174: 957,881,650,1100,1055,649,1172
1175: 752,1064
1176: 537,1016,509,828,636,962,1078
1177: 545,1101,584
1178: 847,1116,864,1158,513
1179: 658,610,748,673,897,1168
1180: 660,934
1181: 747,562
1182: 943,982,1060
1183: 503,1191,1069
1184: 1087,1119,871
1185: 557,860,1106,668
1186: 552,921
1187: 
1188: 652,1089,808,971,575,640,504,1023,755,1163,616
1189: 1135,998,789,900
1190: 961,1191,899,1088,1107,857
1191: 1069,503,961,1183,1190
1192: 1104,1196,604,873,1111,1042,585,546,606,1161
1193: 624,934,672,941,909,872,550
1194: 753,783,671
1195: 1097,617,1122,814
1196: 604,730,681,1104,873,1192
1197: 1006,1036,1085,921,992
1198: 631,848,1128
1199: 804,1102,1039
1202: 30,62,35,17,381,352,1227,1229,1228,480,1207,1208,204,5,199
1203: 232,1,106,1208,204,5,199,447,48,476,29,433,449
1204: 82,61,234,465,185,64,56,6,26,8,83,74,1223,1225,1248
1205: 51,49,37,1241,1206,1262,1242,1230,1232,1258,31,1231,7,63,1236,1234,85,1218,1216,16,10,89
1206: 37,1241,1243,103,2,1224,86,1261,1219,1250,1254,1220,1249,1253,1221,1255,1260,1256,1252,68,1262,1242,1230,487,41,7,1205,51,49
1207: 480,71,381,352,250,30,1202,62,35,204,5,199
1208: 21,1209,1211,1227,1229,1228,1210,30,1202,62,35,1,106,204,5,199,447,48,476,232,1203,29
1209: 21,1211,25,1233,1238,1239,1237,72,14,17,140,1227,1229,1228,1210,70,88,1,106,1208
1210: 1227,1229,1228,14,17,21,1209,1211,30,62,35,1,106,1208,204,5,199
1211: 21,1209,25,1233,1239,1237,72,14,17,140,1227,1229,1228,1210,70,88,1,106,1208
1212: 1213,97,32,75,40,1217,1215,365,11,47,55,96,28,85,1218,1216,264,73,1226,58,1214,419,124,54,129,18
1213: 97,32,75,40,1217,1212,1215,365,11,47,55,96,28,85,1218,1216,264,73,1226,58,1214,419,124,54,129,18
1214: 73,1226,58,47,55,85,1218,1216,16,10,1213,97,32,40,1217,1212,1215,45,124,54,129,18,164,27,59
1215: 1213,97,32,75,40,1217,1212,365,11,47,55,96,28,85,1218,1216,264,73,1226,58,1214,419,124,54,129,18
1216: 85,1218,487,7,1205,51,47,55,96,28,16,10,1213,97,32,75,40,1217,1212,1215,73,1226,58,1214,45
1217: 1213,97,32,75,40,1212,1215,365,11,47,55,96,28,85,1218,1216,264,73,1226,58,1214,419,124,54,129,18
1218: 85,1216,487,7,1205,51,47,55,96,28,16,10,1213,97,32,75,40,1217,1212,1215,73,1226,58,1214,45
1219: 1261,1250,1254,1220,1249,1253,1221,1255,1260,1256,1252,74,1223,1244,1225,1248,1246,1251,78,1224,86,1247,92,1240,1222,1263,37,1241,1243,1206,1262,1242,1230,1258,31,1257,1259
1220: 1261,1219,1250,1254,1249,1253,1221,1255,1260,1256,1252,74,1223,1244,1225,1248,1246,1251,78,1224,86,1245,1247,92,1240,1222,1263,37,1206,1262,1242,1230,1232,1258,31,1231,1257,1259
1221: 1261,1219,1250,1254,1220,1249,1253,1255,1260,1256,1252,74,1223,1244,1225,1246,1251,78,1224,86,1247,92,1240,1222,1263,37,1241,1243,1206,1262,1242,1230,1232,1258,31,1231,1257,1259
1222: 1245,1247,92,1240,1263,1223,1244,1225,1248,1246,78,90,42,1261,1219,1254,1220,1249,1253,1221,1255,1260,1256,22,1262,1230,1232,1258,31,1231,1257,1259,1235,99,38,76
1223: 1244,1225,1248,1246,1251,82,61,1204,8,66,74,78,1224,86,1261,1219,1250,1254,1220,1249,1253,1221,1255,1260,1256,1252,1247,92,1240,1222,1263
1224: 86,83,74,1223,1225,1246,1251,103,2,1261,1219,1250,1254,1220,1249,1253,1221,1255,1260,1256,1252,68,37,1241,1243,1206,1262,1242,1230
1225: 1223,1244,1248,1246,1251,61,1204,8,66,74,78,1224,86,1261,1219,1250,1254,1220,1249,1253,1221,1255,1260,1256,1252,1245,1247,92,1240,1222,1263
1226: 73,58,1214,47,55,28,85,1218,1216,16,10,1213,97,32,75,40,1217,1212,1215,45,124,54,129,18,164,59
1227: 1229,1228,1210,14,17,21,1209,1211,30,1202,62,35,1,106,1208,204,5,199
1228: 1227,1229,1210,14,17,21,1209,1211,30,1202,62,35,1,106,1208,204,5,199
1229: 1227,1228,1210,14,17,21,1209,1211,30,1202,62,35,1,106,1208,204,5,199
1230: 1262,1242,1224,86,1261,1219,1250,1254,1220,1249,1253,1221,1255,1260,1256,1252,1245,1247,92,1240,1222,1263,37,1241,1243,1206,1232,1258,31,1231,1257,1259,7,1205,51,49,63,1236,1234
1231: 1232,1258,31,1257,1259,1261,1220,1249,1253,1221,1255,1260,1256,1245,1247,92,1240,1222,1263,22,1262,1242,1230,1235,99,38,76,1205,51,49,63,1236,1234,25,1233,1238,1239,1237,72
1232: 1258,31,1231,1257,1259,1261,1220,1221,1255,1260,1256,1245,1247,92,1240,1222,1263,22,1262,1230,1235,99,38,76,1205,51,49,63,1236,1234,1233,1238,1239,1237,72
1233: 25,1238,1239,1237,72,1232,1258,31,1231,1257,1259,1235,99,38,76,0,63,1236,1234,14,89,140,21,1209,1211
1234: 63,1236,1262,1242,1230,1232,1258,31,1231,1257,1259,1235,99,38,76,1205,51,49,25,1233,1238,1239,1237,72,16,10,89,140
1235: 99,38,76,1245,1247,92,1240,1222,1263,22,57,1232,1258,31,1231,1257,1259,0,63,1236,1234,25,1233,1238,1239,1237,72,14
1236: 63,1234,1262,1230,1232,1258,31,1231,1257,1259,1235,99,38,76,1205,51,49,25,1233,1238,1239,1237,72,16,10,89,140
1237: 25,1233,1238,1239,72,1232,1258,31,1231,1257,1259,1235,99,38,76,0,63,1236,1234,14,89,140,21,1209,1211
1238: 25,1233,1239,1237,72,1232,1231,1259,1235,99,38,76,0,63,1236,1234,14,89,140,21,1209
1239: 25,1233,1238,1237,72,1232,1231,1235,99,38,76,0,63,1236,1234,14,89,140,21,1209,1211
1240: 1245,1247,92,1222,1263,1223,1244,1225,1248,1246,1251,78,42,1261,1219,1250,1254,1220,1249,1253,1221,1255,1260,1256,1252,22,1262,1230,1232,1258,31,1231,1257,1259,1235,99,38,76
1241: 37,1243,1206,103,2,1224,86,1261,1219,1250,1254,1249,1253,1221,1255,1260,1256,1252,68,1262,1242,1230,487,7,1205,51,49
1242: 1262,1230,1224,86,1261,1219,1250,1254,1220,1249,1253,1221,1255,1260,1256,1252,92,1263,37,1241,1243,1206,1258,31,1231,1257,1259,7,1205,51,49,63,1234
1243: 37,1241,1206,103,2,1224,86,1261,1219,1250,1249,1253,1221,1255,1260,1256,1252,68,1262,1242,1230,487,7,51,49
1244: 1223,1225,1248,1246,1251,8,66,9,74,78,86,1261,1219,1250,1254,1220,1249,1253,1221,1255,1260,1256,1252,1245,1247,92,1240,1222,1263
1245: 1247,92,1240,1222,1263,1244,1225,1248,1246,78,90,42,1261,1254,1220,1253,1255,1260,1256,22,1230,1232,1258,31,1231,1257,1259,1235,99,38,76
1246: 1223,1244,1225,1248,1251,8,66,74,78,1224,86,1261,1219,1250,1254,1220,1249,1253,1221,1255,1260,1256,1252,1245,1247,92,1240,1222,1263
1247: 1245,92,1240,1222,1263,1223,1244,1225,1248,1246,1251,78,42,1261,1219,1250,1254,1220,1249,1253,1221,1255,1260,1256,1252,22,1262,1230,1232,1258,31,1231,1257,1259,1235,99,38,76
1248: 1223,1244,1225,1246,1251,1204,8,66,9,74,78,86,1261,1219,1250,1254,1220,1249,1253,1255,1252,1245,1247,92,1240,1222,1263
1249: 1261,1219,1250,1254,1220,1253,1221,1255,1260,1256,1252,74,1223,1244,1225,1248,1246,1251,78,1224,86,1247,92,1240,1222,1263,37,1241,1243,1206,1262,1242,1230,1258,31,1231,1257,1259
1250: 1261,1219,1254,1220,1249,1253,1221,1255,1260,1256,1252,74,1223,1244,1225,1248,1246,1251,78,1224,86,1247,92,1240,1263,37,1241,1243,1206,1262,1242,1230,1258,31,1257,1259
1251: 1223,1244,1225,1248,1246,61,8,66,74,78,1224,86,1261,1219,1250,1254,1220,1249,1253,1221,1255,1260,1256,1252,1247,92,1240,1263
1252: 1261,1219,1250,1254,1220,1249,1253,1221,1255,1260,1256,74,1223,1244,1225,1248,1246,1251,78,1224,86,1247,92,1240,1263,37,1241,1243,1206,1262,1242,1230,1258,31,1257,1259
1253: 1261,1219,1250,1254,1220,1249,1221,1255,1260,1256,1252,74,1223,1244,1225,1248,1246,1251,78,1224,86,1245,1247,92,1240,1222,1263,37,1241,1243,1206,1262,1242,1230,1258,31,1231,1257,1259
1254: 1261,1219,1250,1220,1249,1253,1221,1255,1260,1256,1252,74,1223,1244,1225,1248,1246,1251,78,1224,86,1245,1247,92,1240,1222,1263,37,1241,1206,1262,1242,1230,1258,31,1257,1259
1255: 1261,1219,1250,1254,1220,1249,1253,1221,1260,1256,1252,74,1223,1244,1225,1248,1246,1251,78,1224,86,1245,1247,92,1240,1222,1263,37,1241,1243,1206,1262,1242,1230,1232,1258,31,1231,1257,1259
1256: 1261,1219,1250,1254,1220,1249,1253,1221,1255,1260,1252,74,1223,1244,1225,1246,1251,78,1224,86,1245,1247,92,1240,1222,1263,37,1241,1243,1206,1262,1242,1230,1232,1258,31,1231,1257,1259
1257: 1232,1258,31,1231,1259,1261,1219,1250,1254,1220,1249,1253,1221,1255,1260,1256,1252,1245,1247,92,1240,1222,1263,22,1262,1242,1230,1235,99,38,76,51,49,63,1236,1234,1233,1237,72
1258: 1232,31,1231,1257,1259,1261,1219,1250,1254,1220,1249,1253,1221,1255,1260,1256,1252,1245,1247,92,1240,1222,1263,22,1262,1242,1230,1235,99,38,76,1205,51,49,63,1236,1234,1233,1237,72
1259: 1232,1258,31,1231,1257,1261,1219,1250,1254,1220,1249,1253,1221,1255,1260,1256,1252,1245,1247,92,1240,1222,1263,22,1262,1242,1230,1235,99,38,76,51,49,63,1236,1234,1233,1238,1237,72
1260: 1261,1219,1250,1254,1220,1249,1253,1221,1255,1256,1252,74,1223,1244,1225,1246,1251,78,1224,86,1245,1247,92,1240,1222,1263,37,1241,1243,1206,1262,1242,1230,1232,1258,31,1231,1257,1259
1261: 1219,1250,1254,1220,1249,1253,1221,1255,1260,1256,1252,74,1223,1244,1225,1248,1246,1251,78,1224,86,1245,1247,92,1240,1222,1263,37,1241,1243,1206,1262,1242,1230,1232,1258,31,1231,1257,1259
1262: 1242,1230,1224,86,1261,1219,1250,1254,1220,1249,1253,1221,1255,1260,1256,1252,1247,92,1240,1222,1263,37,1241,1243,1206,1232,1258,31,1231,1257,1259,7,1205,51,49,63,1236,1234
1263: 1245,1247,92,1240,1222,1223,1244,1225,1248,1246,1251,78,42,1261,1219,1250,1254,1220,1249,1253,1221,1255,1260,1256,1252,22,1262,1242,1230,1232,1258,31,1231,1257,1259,1235,99,38,76