0: 63,49,51,1232,92,22,1230,99,38,1205,10,1231,85,25,21,1214,45,60,16,88,1211,89,1209
1: 25,21,35,1229,1227,1228,1210,1202,17,88,1211,89,1209,1208,30,5,1207,72,48,1203,29
2: 103,86,3,83,61,6,74,1204,413,1206,1221,68,79,94,91,41,37,7
3: 83,135,427,168,26,64,82,103,86,61,6,74,1204,413,2,1206,1221,68
4: 96,338,79,94,91,41,358,55,487,244,75,11,365,28
5: 1208,30,1207,35,1229,1227,1228,1202,17,134,62,381,1,71,480,48,1203,29,199
6: 61,74,1204,168,26,64,82,56,3,83,8,2,1206,68,1224
7: 37,2,1206,1221,68,31,42,1225,1223,1222,1224,1220,1219,91,41,51,55,1218,47,1216,1205,10,1231,85
8: 9,26,64,82,56,98,46,33,61,6,74,1204,66,78,1206,1221,68,31,42,1225,1223,1222,1224,1220,1219,23
9: 8,26,82,56,98,46,33,61,74,1204,66,78,42,1225,1223,1224,23
10: 1205,1231,85,37,7,51,1232,92,22,1230,99,1218,47,1216,63,49,0,1217,32,1226,1213,73,1215,40,1212,1214,45,60,16
11: 75,365,28,4,96,55,1218,47,1216,487,244,1217,32,1226,1213,73,1215,40,1212,419,361,54,97
12: 173,93,463,216,44,80,384,65,56,98,46,33,67
13: 95,98,46,33,67,39,87,66,78,43,52,23,76,57,20,90
14: 76,57,20,90,19,379,38,69,25,21,35,1229,1227,1228,1210,1202,17
15: 70,72,48,1203,164,81,50,106,140,225,416
16: 60,1205,10,1231,85,63,49,0,25,21,1214,45,88,1211,89,1209,27,59,84,70,72
17: 1202,14,69,35,1229,1227,1228,1210,134,62,381,1,1208,30,5,1207,71,480
18: 54,97,58,32,1226,1213,73,1215,1214,45,361,27,59,84,24,129
19: 379,43,52,36,34,53,284,20,90,130,182,14,69
20: 90,95,13,43,52,36,34,53,76,57,19,379,38,14,69
21: 25,1232,22,99,38,14,63,49,0,35,1229,1227,1228,1210,16,88,1211,89,1209,1
22: 1232,92,1230,99,31,42,1225,1223,1222,1220,1219,23,76,57,51,38,10,1231,85,63,49,0,25,21
23: 8,9,66,78,95,13,31,42,1225,1223,1222,1224,1220,1219,76,57,51,1232,92,22,1230,99,38
24: 129,18,58,27,59,84,70,164,81,50,290,355,225,416
25: 21,1232,22,99,38,14,63,49,0,35,1229,1227,1228,1210,16,88,1211,89,1209,1
26: 64,82,465,77,185,44,80,384,168,56,3,83,61,6,74,1204,8,9
27: 59,84,32,1226,1213,73,1215,1214,45,60,16,18,54,97,58,70,24,129,164,50
28: 75,11,365,4,96,55,1218,47,1216,487,1217,32,1226,1213,73,1215,40,1212,419,361,97
29: 1,1208,30,5,1207,71,480,48,1203,199,106,140,232
30: 1208,5,1207,35,1229,1202,17,134,62,381,1,71,480,48,1203,29,199
31: 42,1225,1223,1222,1224,1220,1219,61,74,1204,8,66,78,1206,1221,68,23,37,7,51,92,22,1230
32: 1217,1226,1213,73,1215,40,1212,55,1218,47,1216,10,85,75,11,365,28,1214,45,361,18,54,97,58,27,59,84
33: 98,46,44,80,384,173,12,93,65,56,67,8,9,66,78,95,13
34: 36,53,39,43,52,284,20,90,19,379,130
35: 1229,1227,1228,1210,38,14,69,25,21,1202,17,1211,89,1209,1,1208,30,5,1207
36: 34,53,39,87,43,52,284,20,90,19,379,130,182
37: 7,2,1206,1221,68,31,42,1225,1223,1222,1224,1220,1219,91,41,51,55,1218,47,1216,1205,10,1231,85
38: 23,76,57,20,90,1232,92,22,1230,99,14,63,49,0,25,21,35,1229,1227,1228,1210
39: 87,65,301,67,95,13,43,52,36,34,53
40: 1217,32,1226,1213,73,1215,1212,55,1218,47,1216,10,85,75,11,365,28,1214,45,361,54,97,58,84
41: 91,413,2,1206,1221,68,79,94,37,7,4,55,47
42: 31,1225,1223,1222,1224,1220,1219,74,8,9,66,78,1206,1221,68,23,37,7,51,1232,92,22,1230,99
43: 52,67,39,87,95,13,36,34,53,76,57,20,90,19,379
44: 80,384,317,179,463,216,185,173,12,93,26,64,82,56,98,46,33
45: 1214,1218,47,1216,1205,10,1231,85,63,49,0,1217,32,1226,1213,73,1215,40,1212,60,16,18,54,97,58,27,59,84,70
46: 98,33,44,384,173,12,93,65,56,67,8,9,66,78,95,13
47: 1218,1216,91,41,37,7,51,55,1205,10,85,75,11,365,28,1217,32,1226,1213,73,1215,40,1212,1214,45
48: 1203,88,1211,1,1208,30,5,72,29,15,106,140,232
49: 63,0,51,1232,92,22,1230,99,38,1205,10,1231,85,25,21,45,16,88,89
50: 164,81,27,59,84,70,72,24,129,15,290,355,225,416
51: 1206,1221,68,31,42,1225,1223,1222,1224,1220,1219,23,37,7,1232,92,22,1230,99,1218,47,1216,1205,10,1231,85,63,49,0
52: 43,67,39,13,36,34,53,57,20,90,19,379
53: 36,34,39,43,52,284,20,90,19,379,130,182
54: 18,97,58,75,11,365,1217,32,1226,1213,73,1215,40,1212,1214,45,361,27,59,84,129
55: 79,94,91,41,37,7,4,96,1218,47,1216,487,244,75,11,365,28,1217,32,1226,1213,73,1215,40,1212
56: 185,44,80,384,173,12,93,26,64,82,98,46,33,61,6,74,1204,8,9,66,78
57: 76,66,78,95,13,43,52,23,20,90,1232,92,22,1230,99,38,14
58: 18,54,97,75,1217,32,1226,1213,73,1215,40,1212,1214,45,361,27,59,84,24,129
59: 27,84,1217,32,1226,1213,73,1215,1212,1214,45,60,16,18,54,97,58,70,24,129,164,50
60: 16,10,85,63,0,1214,45,88,1211,89,27,59,84,70,72
61: 6,74,1204,168,26,64,82,56,3,83,8,9,2,1206,1221,68,31,1225,1223,1224,1219
62: 134,381,69,251,1202,17,1208,30,5,1207,71,480
63: 49,0,51,1232,92,22,1230,99,38,1205,10,1231,85,25,21,1214,45,60,16,88,1211,89,1209
64: 26,82,465,77,185,44,80,384,168,56,3,83,61,6,74,1204,8
65: 216,183,173,12,93,301,98,46,33,67,39,87
66: 78,56,98,46,33,67,8,9,95,13,31,42,1225,1223,1222,1224,1220,1219,23,76,57
67: 173,12,93,65,301,98,46,33,39,87,66,78,95,13,43,52
68: 1206,1221,3,83,61,6,74,1204,8,2,31,42,1225,1223,1222,1224,1220,1219,91,41,37,7,51
69: 20,19,379,130,182,14,35,1229,1227,1228,1210,1202,17,134,62,381
70: 1214,45,60,16,88,1211,89,1209,27,59,84,72,24,129,164,81,50,15
71: 480,1202,17,134,62,381,1208,30,5,1207,29,199
72: 60,16,88,1211,89,1209,1,70,48,1203,164,81,50,15,106,140
73: 1217,32,1226,1213,1215,40,1212,55,1218,47,1216,1205,10,85,75,11,365,28,1214,45,361,18,54,97,58,27,59,84
74: 61,6,1204,168,26,64,82,56,3,83,8,9,2,1206,1221,68,31,42,1225,1223,1222,1224,1220,1219
75: 11,365,28,4,96,55,1218,47,1216,487,244,1217,32,1226,1213,73,1215,40,1212,419,361,54,97,58
76: 57,66,78,95,13,43,23,20,90,1232,92,22,1230,99,38,14
77: 465,317,179,185,135,168,26,64,82
78: 66,56,98,46,33,67,8,9,95,13,31,42,1225,1223,1222,1224,1220,1219,23,76,57
79: 94,267,413,2,338,91,41,358,4,55
80: 44,384,317,179,463,216,185,173,12,93,26,64,56,33
81: 164,50,84,70,72,24,129,15,290,355,225,416
82: 26,64,465,77,185,44,384,168,56,3,83,61,6,74,1204,8,9
83: 3,135,427,168,26,64,82,103,86,61,6,74,1204,413,2,1206,1221,68
84: 27,59,1217,32,1226,1213,73,1215,40,1212,1214,45,60,16,18,54,97,58,70,24,129,164,81,50
85: 1205,10,1231,37,7,51,1232,92,22,1230,99,1218,47,1216,63,49,0,1217,32,1226,1213,73,1215,40,1212,1214,45,60,16
86: 103,135,427,168,3,83,267,413,2
87: 39,65,301,67,95,13,43,36
88: 1211,89,1209,63,49,0,25,21,1229,1228,1210,60,16,1,70,72,48,1203
89: 88,1211,1209,63,49,0,25,21,35,1229,1227,1228,1210,60,16,1,70,72,1203
90: 20,95,13,43,52,36,34,53,76,57,19,38,14
91: 41,413,2,1206,1221,68,79,94,37,7,4,96,55,1218,47,1216
92: 1232,22,1230,99,31,42,1225,1223,1222,1224,1220,1219,23,76,57,51,38,1205,10,1231,85,63,49,0
93: 173,12,463,216,44,80,384,65,56,98,46,33,67
94: 79,267,413,2,338,91,41,4,55
95: 13,98,46,33,67,39,87,66,78,43,23,76,57,20,90
96: 4,338,91,358,55,487,244,75,11,365,28
97: 18,54,58,75,11,365,28,1217,32,1226,1213,73,1215,40,1212,1214,45,361,27,59,84,129
98: 46,33,44,384,173,12,93,65,56,67,8,9,66,78,95,13
99: 1232,92,22,1230,42,23,76,57,51,38,10,1231,85,63,49,0,25,21
100: 187,133,459,210,169
101: 466,306,392,263,420,105,294,281,246,395
102: 485,302,477
103: 86,135,427,168,3,83,267,413,2
104: 108,387,198,124,318,321,349
105: 263,420,119,166,142,143,392,189,294,101,306
106: 140,72,48,1203,29,15,232,476
107: 207,455,155,111,239,489,127,400,471
108: 387,104,362,227,349,320
109: 210,421,457,133,372,137
110: 460,391,123,432,380,455,155
111: 115,155,436,107,489,127,400
112: 132,367,187
113: 258,189,443,294,454,276
114: 151,248,157,296
115: 233,461,432,374,155,111
116: 317,179,463,216
117: 412,292,437,195
118: 398,149,181,196,328
119: 166,142,299,403,263,420,105,189,294
120: 153,438,431,354,396,269,484
121: 458,280,238,360,261,268,201,385,275,331
122: 324,477,293,175,316
123: 184,439,391,461,110,460,432
124: 387,104,362
125: 482,141,253,319,444,412,298,497
126: 
127: 489,400,155,111,436,107,207,496
128: 208,248,428,327,451,415
129: 24,18,54,97,58,27,59,84,70,164,81,50,311,290,355,225,416
130: 182,36,34,53,284,339,19,379,69,251
131: 393,305,302,285,236,324,375
132: 367,441,112,192,389,314,224,459
133: 421,457,213,187,100,210,109
134: 62,381,69,251,1202,17,30,5,1207,71,480
135: 427,465,77,168,103,86,3,83
136: 429,442,303,171,170
137: 211,109,252,495
138: 322,345,295,397,499,394,154,366
139: 200,445,170,442,494,188,277,186,488
140: 106,72,48,1203,29,15,232,476
141: 313,440,493,125,482,253,319,444,215
142: 119,166,425,143,392,263,420,105
143: 392,166,142,263,420,105,306
144: 332,382,328,235,473,254,270,406
145: 
146: 394,154,366,376,176
147: 350,351,242,249,403,258,191
148: 461
149: 312,277,323,398,186,464,118,172,196
150: 418,321,326,448
151: 114,375,157,296
152: 452,209,359,377,158
153: 344,388,438,356,353,396,120
154: 366,138,499,394,376,146,434
155: 110,460,432,115,455,111,107,127
156: 468,158,483,440,313,493
157: 248,327,451,415,114,151
158: 152,452,209,240,440,156
159: 370,469,279,426,217,373,346
160: 404,372,340
161: 314,221,192,389,378,333,223
162: 450,190,396,178,411,269,260
163: 
164: 81,50,27,59,84,70,72,24,129,15,290,355,225,416
165: 363,205,410,303,197,171
166: 119,142,143,263,420,105,189,443,294
167: 490,348,474,329
168: 465,77,185,135,427,26,64,82,103,86,3,83,61,6,74,1204
169: 100,210
170: 200,445,139,136,442,494,188,277,186,488
171: 165,363,410,303,197,429,136,203,423
172: 342,488,464,149,312,347,196,328,307,435,235,332
173: 12,93,463,216,44,80,384,65,56,98,46,33,67
174: 270,435,406,273,481
175: 293,122,324,375,316
176: 146,434
177: 291,409,377,483
178: 411,467,356,162,450,190
179: 317,116,463,465,77,185,44,80,384
180: 250,424,289,490,226,371,348
181: 196,328,118,475,332,382,254
182: 130,36,53,284,339,19,379,69,251
183: 308,65,301
184: 230,247,246,439,123,461
185: 317,179,463,465,77,44,80,384,168,26,64,82,56
186: 488,464,200,445,170,139,277,323,149,312
187: 112,213,421,133,459,100
188: 442,200,445,170,139,288
189: 443,294,119,166,113,263,420,105,454,276
190: 162,450,356,396,178,411,269,260
191: 147,351,258
192: 389,297,441,346,221,132,367,161,314
193: 472,205,363,197,336,423
194: 422,275,331,325,357,256,198
195: 214,117,412,292,437
196: 181,328,149,312,118,342,172,235,332,382
197: 205,165,363,410,193,171,336,203,423
198: 194,422,357,256,318,104
199: 1208,30,5,1207,71,480,29,232
200: 445,170,139,442,188,288,186,488
201: 385,360,121
202: 279,426,334,370,469,373
203: 423,197,171,336,278
204: 
205: 472,165,363,193,197
206: 402,273,417,304,222,330
207: 107,489,127,400,471,280,238,496
208: 128,428,415
209: 152,452,359,377,158
210: 109,421,457,133,100,169
211: 137,252,495
212: 240,486,482
213: 309,187,421,457,133
214: 195,300,292,437
215: 141,313,265,493,253,319,444,497,401
216: 116,308,463,44,80,384,173,12,93,65
217: 159,370,469,297,346,221
218: 325,385,275,331,422,243,357,256
219: 267,338,386,358
220: 476
221: 346,217,297,441,192,389,161,314
222: 283,206,402,345
223: 333,161,314,224
224: 132,367,314,459,223
225: 416,24,129,164,81,50,15,290,355
226: 180,250,371,348,491
227: 349,320,108,326,287
228: 430,373
229: 
230: 399,466,247,246,184
231: 467,356
232: 48,1203,29,199,106,140,476
233: 115,461,374
234: 296,478
235: 347,342,172,196,328,307,435,144,332,382,270
236: 285,393,305,302,335,131,375
237: 407,433,266,414,340,337
238: 496,207,489,400,471,280,360,121,458,261,268
239: 380,455,107,453,471
240: 486,158,440,212
241: 479
242: 428,271,249,147,350,351
243: 385,275,325,218
244: 487,358,4,96,55,75,11,365,419,264,361
245: 304,330
246: 247,466,101,306,281,230,395,184
247: 246,466,230,184
248: 335,128,327,451,415,157,114
249: 271,242,147,350,351,299,403
250: 180,424,289,490,226,371,348
251: 130,182,134,62,381
252: 137,211,495
253: 319,444,141,313,493,125,215,497,401
254: 473,181,328,475,144,332,382
255: 424
256: 357,194,325,218,198,318,321
257: 414,286,266,437,407,383,456
258: 147,351,403,191,113
259: 337,407,414,340,383
260: 162,190,269,484
261: 268,238,496,121,458,331,422
262: 369
263: 420,105,119,166,142,143,189,443,294,101,306,281
264: 419,487,244,365,361
265: 493,468,274,313,215
266: 433,407,237,257,414,286
267: 103,86,413,219,338,79,94
268: 261,238,496,121,458,422
269: 484,396,120,162,190,260
270: 174,307,435,235,144,406,481
271: 428,242,249,350
272: 315,478,369
273: 481,174,304,206
274: 483,468,156,265
275: 331,121,385,194,422,243,325,218,357
276: 454,113,189,443,294
277: 494,445,170,139,323,398,186,488,464,149,312
278: 203,423
279: 426,202,334,159,370,469,373
280: 471,207,364,238,360,121,458
281: 263,420,294,466,101,306,246,395
282: 322,345,310,397,499
283: 222,405,402,390,322,345,310
284: 36,34,53,339,19,379,130,182
285: 236,393,305,335,131,375
286: 257,414,266,407,337,383,456
287: 326,227,349,320,498
288: 188,200,445,462
289: 424,180,250
290: 355,24,129,164,81,50,311,225,416
291: 177,409,491,377,470,483
292: 437,117,412,214,195
293: 175,122,324,316
294: 189,443,119,166,113,263,420,105,454,276,101,306,281
295: 341,138
296: 375,114,151,234
297: 441,217,343,221,192,389
298: 412,125,482,319,444,497
299: 249,425,403,119
300: 497,319,401,214
301: 183,65,67,39,87
302: 102,393,305,477,236,131
303: 410,165,171,429,136,442
304: 273,481,206,402,245,330
305: 393,302,285,236,131
306: 466,101,143,392,263,420,105,294,281,246
307: 435,347,342,172,235,270
308: 216,183
309: 213,421,457,372
310: 322,345,283,390,282,397
311: 129,290,355
312: 149,277,398,186,488,464,347,342,172,196,328
313: 141,440,468,156,265,493,253,319,444,215
314: 161,221,192,389,132,224,333,223
315: 428,327,451,415,272
316: 122,324,293,175
317: 179,116,463,465,77,185,44,80,384
318: 321,256,198,387,104,418,349
319: 253,444,141,313,125,482,215,298,497,300,401
320: 227,349,321,108,326,287
321: 318,256,387,104,150,418,326,349,320
322: 345,310,283,390,282,138,397,499
323: 398,494,277,186,149
324: 122,477,131,375,293,175,316
325: 218,385,275,331,194,422,243,357,256
326: 321,150,418,227,349,320,448,287
327: 451,415,128,248,428,157,315
328: 181,196,312,118,342,172,235,144,332,382,254
329: 167,474
330: 304,206,245,341
331: 275,121,458,261,385,194,422,325,218,357
332: 144,382,342,172,181,196,328,235,254,406
333: 223,161,314,378
334: 362,279,426,202,469
335: 393,285,236,248
336: 193,197,492,203,423
337: 259,407,237,414,286,340,383
338: 267,413,219,79,94,386,358,4,96
339: 284,130,182
340: 160,407,237,337,259
341: 330,295
342: 172,464,312,347,196,328,307,435,235,332
343: 297,441
344: 368,153,438,431
345: 322,310,222,283,282,138
346: 221,159,217,192
347: 488,464,312,342,172,307,435,235
348: 371,180,250,490,226,167,491,474
349: 227,320,318,321,108,387,104,326,287
350: 147,351,271,242,249
351: 147,350,242,249,258,191
352: 359
353: 356,388,153,467,396,411
354: 431,368,438,120
355: 290,24,129,164,81,50,311,225,416
356: 353,153,231,467,396,178,411,450,190
357: 256,275,331,194,422,325,218,198
358: 219,338,79,386,4,96,487,244
359: 352,152,452,209
360: 364,471,280,238,121,201,385
361: 487,244,75,11,365,28,1217,32,1213,73,1215,40,1212,419,264,18,54,97,58
362: 124,108,387,334
363: 165,205,410,193,197,171
364: 453,471,280,360
365: 75,11,28,4,96,55,1218,47,1216,487,244,1217,32,1226,1213,73,1215,40,1212,419,264,361,54,97
366: 154,138,397,499,394,376,146
367: 132,112,192,389,224,459
368: 344,438,431,354
369: 272,478,262
370: 159,469,279,426,202,217,373
371: 348,180,250,490,226,491
372: 309,421,457,160,109
373: 430,279,426,202,159,370,469,228
374: 233,115
375: 285,236,131,324,175,151,296
376: 394,154,366,146
377: 152,209,291,177,409,483
378: 161,333
379: 19,43,52,36,34,53,284,20,130,182,14,69
380: 110,460,455,239
381: 134,62,69,251,1202,17,1208,30,5,1207,71,480
382: 144,332,181,196,328,475,235,473,254,406
383: 407,257,414,286,337,259
384: 44,80,317,179,463,216,185,173,12,93,26,64,82,56,98,46,33
385: 201,360,121,275,331,243,325,218
386: 219,338,358
387: 108,104,124,318,321,362,349
388: 153,353
389: 192,297,441,221,132,367,161,314
390: 405,283,322,310
391: 439,123,110,460,432
392: 143,142,420,105,399,466,101,306
393: 305,302,335,285,236,131
394: 138,499,154,366,376,146
395: 466,101,281,246
396: 153,438,356,353,120,411,162,450,190,269,484
397: 499,322,310,282,138,366
398: 323,277,149,312,118
399: 392,230
400: 489,127,111,436,107,207,471,238,496
401: 253,319,215,497,300
402: 206,417,304,222,283
403: 249,147,299,258,119
404: 160
405: 283,390
406: 144,332,382,174,270,481,417
407: 237,266,257,414,286,340,337,259,383
408: 
409: 291,177,491,377
410: 303,165,363,197,171,429
411: 178,467,356,353,396,162,450,190
412: 298,125,482,117,292,195
413: 103,86,3,83,267,2,338,79,94,91,41
414: 257,286,266,407,237,337,259,383
415: 327,451,208,128,248,428,157,315
416: 225,24,129,164,81,50,15,290,355
417: 406,481,304,206,402,222
418: 150,318,321,326,448
419: 264,487,244,75,11,365,28,361
420: 263,105,119,166,142,143,392,189,443,294,466,101,306,281
421: 457,133,213,309,187,372,210,109
422: 194,261,268,275,331,325,218,357,198
423: 203,193,197,171,336,278
424: 255,289,180,250
425: 299,142
426: 279,202,334,159,370,469,373
427: 135,465,168,103,86,3,83
428: 208,128,327,451,415,271,242,315
429: 136,442,410,303,171
430: 373,228
431: 354,344,368,438,120
432: 391,123,110,460,115,455,155
433: 449,266,237
434: 154
435: 307,347,342,172,235,174,270
436: 111,489,127,400
437: 292,117,214,195,257
438: 344,368,153,431,354,396,120
439: 391,184,123
440: 158,240,468,156,141,313
441: 297,343,221,192,389,132
442: 429,136,303,188,200,445,170,139
443: 189,294,166,113,263,420,454,276
444: 253,319,141,313,125,482,215,298,497
445: 200,170,139,442,188,277,288,186,488
446: 
447: 476
448: 150,418,326
449: 479,433
450: 162,190,356,396,178,411
451: 327,415,128,248,428,157,315
452: 152,209,359,158
453: 239,364
454: 276,113,189,443,294
455: 110,460,432,380,155,239,107
456: 257,286
457: 421,133,213,309,372,210,109
458: 121,280,238,496,261,268,331
459: 132,367,187,224,100
460: 110,391,123,432,380,455,155
461: 184,148,123,233,115
462: 288,186,488,464
463: 116,317,179,216,185,44,80,384,173,12,93
464: 186,488,277,149,312,462,347,342,172
465: 77,317,179,185,135,427,168,26,64,82
466: 101,306,392,420,281,230,247,246,395
467: 231,356,353,178,411
468: 156,483,440,274,313,265,493
469: 159,370,334,279,426,202,217,373
470: 474,291
471: 280,239,107,207,400,364,238,360
472: 205,193
473: 254,475,144,382
474: 348,167,329,470
475: 181,382,473,254
476: 106,140,232,220,447
477: 102,485,302,122,324
478: 234,272,369
479: 241,449
480: 71,1202,17,134,62,381,1208,30,5,1207,29,199
481: 273,174,270,406,417,304
482: 125,212,141,319,444,412,298
483: 377,291,177,468,156,274
484: 269,396,120,260
485: 102,477
486: 240,212
487: 244,358,4,96,55,75,11,365,28,419,264,361
488: 186,464,200,445,170,139,277,312,462,347,172
489: 127,400,111,436,107,207,238,496
490: 180,250,371,348,167
491: 226,371,348,291,409
492: 336
493: 265,468,156,141,313,253,215
494: 170,139,277,323
495: 252,137,211
496: 238,207,489,127,400,458,261,268
497: 300,125,253,319,444,215,298,401
498: 287
499: 397,322,282,138,394,154,366
500: 1044,955,746,1158,1125,578,622
501: 583
502: 669,1112,810,853,840
503: 851,1191,1069,1183
504: 1188,971,1023,827,703,755,1163
505: 973,820,1070,793
506: 1030,845,853,840,510,833,534
507: 577,525,712,676
508: 1159,551
509: 964,616,806,828,962,537,1176
510: 738,840,591,1030,845,506,1025
511: 535,1136,966,935
512: 863
513: 874,1010,1052,879
514: 916,1164,831,668,923,541,572,566
515: 665,1046,1124,626,1094,846,842
516: 583,777,630,540
517: 958,768,548,980,886,1006,1085
518: 656,779,1098,1009
519: 1032,1011,963,749
520: 686,909
521: 1029,942,687
522: 792,888,892,858,770,989
523: 859,702,1053,599,815,571,954,593,695
524: 879,1050
525: 1132,1087,1123,507,577
526: 612,1172
527: 905,1113,1031,928,615
528: 678,1117,529,744,545,1101,584
529: 744,762,653,528,678,1117
530: 800,546,802,585,933
531: 1148,938
532: 989,880,1045,600,782,743
533: 951,1121,674,841
534: 738,1030,845,506,833
535: 1125,588,734,622,1136,511
536: 761,1077
537: 1176,509,964,828,636,962,1016
538: 726,603,930,1021,1073,1067
539: 706,737,766,643,555,1024,832,1054,978
540: 939,630,583,516,763
541: 923,572,566,514,1043
542: 1173,632,725,896,594,563
543: 995
544: 843,654,838,919,799
545: 1101,584,528,678,1117
546: 606,802,585,800,530
547: 614,618,1012,787,1120,977,1127,653
548: 768,1127,653,517,886
549: 684,771,902,1004
550: 1193,624,941,872,929,1013,590,1032
551: 508,1159,574,932,767
552: 824,1186
553: 1092,751,895,996
554: 988,1005,891,619,722,914,690
555: 766,643,1024,539,706,737
556: 994,679,581,696,788
557: 1061,570,1106,831,860,1185
558: 1137,1114,870,698,1140,559
559: 1140,558,1137,698,942
560: 651,1096,983
561: 576,767
562: 1181,747,579
563: 542,1173,725,594,1130
564: 1056,1169
565: 763,697,837
566: 923,541,572,590,514,1011,963
567: 1100,1145
568: 723,1063
569: 865,785,968,805
570: 1061,557,831
571: 954,867,859,702,1051,523,695
572: 923,541,566,590,514,1011
573: 819,597,774,813,1125,578,588,734
574: 1159,551,825,932
575: 808,971,666,922,1001,1023,640,652,1188
576: 767,932,561,1077,761
577: 507,1123,525,676
578: 1125,955,1035,597,573,819,500,1044,588
579: 747,1181,562
580: 682,1015,898,952
581: 663,696,556,994,679
582: 613,1013
583: 516,777,630,540,501
584: 545,1101,528,678
585: 546,991,1161,800,530,870
586: 821,907,605,1019,1034
587: 1136,966,935
588: 597,573,819,774,813,578,734,970,535
589: 850,729,847,862
590: 1032,929,877,1164,1011,572,566
591: 978,1054,510,738,1025,1099
592: 949,884
593: 523,704
594: 1130,542,1173,563
595: 1103,629
596: 852,1154,759,965
597: 955,1035,573,819,1125,578,588
598: 924,868
599: 1053,815,702,906,523
600: 532
601: 714,823,866,794
602: 1031,928,976,943,724,1182,1060
603: 538,726,930,1021,1073,1067
604: 
605: 586,1019,1034,757
606: 1192,546,802
607: 1160
608: 864,847,1116,1178
609: 925,866,773
610: 897,1179,750,658,1168
611: 
612: 526
613: 582
614: 547,618,1012,829,1120,977,854,894,1127,653
615: 527,712
616: 755,1133,509,828
617: 1122,1195,814
618: 1002,1012,829,1120,547,614
619: 891,554,988,1005,722,914,690,1064
620: 788,1146
621: 631,848,903,940
622: 500,1125,535
623: 1020
624: 1193,909,941,550,929
625: 947,1144
626: 1094,1038,665,927,515,1112,669
627: 694,948,1000,913,1014,1066
628: 655,789
629: 595
630: 939,777,540,583,516
631: 621,848,1128
632: 710,542,1173,725
633: 869,1118,915,849,987
634: 952,818
635: 1018,646
636: 731,828,537,1176,1078
637: 806,964
638: 764
639: 826,1068,997
640: 1001,808,971,575,708,742,652
641: 748,876,711,769,673
642: 985,1041,1015
643: 766,555,1024,539,706,737
644: 949,760
645: 818
646: 1018,635
647: 934,672,872,1013
648: 811,795,1028
649: 1145,1055,1100,957,1174
650: 881,1055,1174
651: 1039,560,983,1151
652: 1001,808,971,575,640,1188,1089
653: 547,614,977,762,1127,529,768,548,1117
654: 843,1189,544,799,732
655: 628,789,998
656: 518
657: 953,1004,917,664,721,995
658: 610,1168
659: 1131,830
660: 1180,934
661: 980,758,837
662: 837
663: 1162,903,940,967,581,696,1072
664: 917,657,953
665: 670,1046,1124,626,1094,515
666: 849,922,1001,808,575
667: 899,834,1190,875,1057
668: 860,1185,916,514
669: 502,626,1094,1112,810,853,840
670: 665
671: 1194
672: 934,1193,624,647,872,550
673: 748,641
674: 1121,1020,533,951
675: 974,789,701,791
676: 507,577,891
677: 689,1143
678: 528,1117,529,744,545,1101,584
679: 556,994,581,696,788
680: 692,1090,926,728
681: 730,911,904
682: 721,995,985,1015,580
683: 739,699,1109,946,1071,1152
684: 771,549,902,1004
685: 693
686: 520,688
687: 521,942,979
688: 878,686,1065
689: 1143,677,1076
690: 914,554,619,722,1064,918,719
691: 820,889,793
692: 680,1090,926,902,728
693: 936,685
694: 627,948,1000,913,1014,1066
695: 571,954,523,760
696: 663,581,1072,556,994,679
697: 1091,763,758,565
698: 870,558,1137,1029,1140,559
699: 1110,1195,739,1122,683
700: 
701: 675,1007,791
702: 859,938,867,1053,599,815,571,954,523
703: 827,504,1000,1163,913
704: 593,844,834
705: 1152,754
706: 539,737,766,643,555,832,1054,978
707: 1026
708: 742,1147,987,1001,640
709: 822,889,910
710: 801,632,890,1173
711: 769,1118,817,987,748,641
712: 507,615
713: 1160,969
714: 823,967,1072,601,866
715: 1029,933
716: 1149,982
717: 981,945
718: 
719: 722,914,690
720: 1066
721: 657,953,995,985,682
722: 554,988,1005,891,619,984,914,690,719
723: 1063,781,568
724: 602,943,1060
725: 896,632,542,1173,1095,563
726: 538,603,930
727: 939
728: 1097,680,692
729: 589,847,1116
730: 911,904,1196,681
731: 636,1078,1129
732: 826,654,919,799,1068
733: 781,1063
734: 970,573,819,774,588,984,535,1136
735: 1049
736: 1079,912
737: 539,706,766,643,555,832,1054,978
738: 510,840,978,591,1030,845,1025,534
739: 741,772,1110,699,1109,683
740: 1059
741: 992,1197,839,772,1110,739
742: 708,1147,987,640,897
743: 532,782,1082
744: 529,762,528,678,1117
745: 887,850
746: 955,862,1035,1158,500,1044
747: 579,796,1181,562
748: 641,711,673,897,1179
749: 963,1095,1027,1080
750: 1147,610,897,1168
751: 553,1092
752: 1175,1086
753: 757,1194,783
754: 705,1022,1048
755: 1163,1188,504,1089,1133,616
756: 930,1021,801
757: 605
758: 1091,883,697,661,980
759: 1154,596,1002
760: 695,644
761: 536,576,1077
762: 653,529,744
763: 540,697,565
764: 779,638,1098
765: 895,1083,819,813
766: 643,555,539,706,737
767: 576,551,932,561
768: 548,854,1127,653,517,958,886
769: 711,1118,915,817,987,641
770: 775,888,522,1108
771: 684,549,902
772: 1110,1166,839,741,992,739
773: 794,609,925
774: 813,573,819,588,734,970,984
775: 1062,807,888,770
776: 887,1047,895
777: 939,1026,630,583,516
778: 838,1062,807
779: 764,518,1098,1009
780: 981,975
781: 733,723,1063
782: 532,743
783: 753
784: 944,856,1017
785: 865,569,1048,968,805
786: 
787: 1012,547,977
788: 620,556,994,679,1146
789: 655,628,675,998,791,1135
790: 
791: 675,789,998,701,1135
792: 522,892,989
793: 820,691,505,889
794: 823,601,925,773
795: 810,842,648,811
796: 1096,983,747
797: 798
798: 1106,1185,797
799: 919,544,654,838,826,732
800: 530,546,585,933
801: 710,756,890
802: 606,546,530
803: 1149
804: 1199,993,1102
805: 785,569,968,974
806: 509,964,637,962
807: 1062,778,1138,775,888,858
808: 971,575,666,922,1001,1023,640,652,1188
809: 
810: 846,669,502,842,853,795
811: 648,795,1028,816
812: 1123,1105,996
813: 774,1083,765,573,819,588,970
814: 1195,617
815: 1053,599,956,938,859,702
816: 811,1028,869
817: 1118,915,876,711,769
818: 898,645,634
819: 573,765,597,774,813,578,588,734
820: 691,505,889,793
821: 586
822: 709,1131,910
823: 714,601,866,794
824: 552,1186
825: 932,574,998,1135,900
826: 732,799,1068,639
827: 703,1023,504
828: 616,509,964,636,962,537,1176
829: 1120,618,614,854,894
830: 659,1156,986
831: 570,557,1164,860,1185,916,514
832: 1054,539,706,737,978,937,1099
833: 853,840,1030,845,506,534
834: 1190,844,704,1088,899,667
835: 990,1033,1038,927
836: 1016
837: 565,661,662
838: 544,919,799,778,1062
839: 1166,1177,741,992,772,1110
840: 853,669,502,510,738,1030,845,506,833
841: 533,951,1170
842: 515,846,810,795
843: 544,654
844: 704,834,1190
845: 1030,506,840,510,738,833,534
846: 515,810,842
847: 1116,729,589,608,1178,1158
848: 631,621,1128,903,940
849: 869,633,666
850: 745,589
851: 503,1069
852: 596,1154,965
853: 840,669,502,810,1030,506,833
854: 894,829,1120,614,1127,768
855: 1102,1165,991,1161,1114,870
856: 1134,944,784
857: 1107
858: 892,1062,807,1138,888,522
859: 702,938,1084,867,1053,815,1051,571,954
860: 1185,557,831,916,668
861: 1057
862: 955,1035,746,589,1044
863: 512,999
864: 608,1116,1178
865: 785,569
866: 1072,714,823,601,609,925
867: 1084,938,859,702,1051,571,954
868: 1058,598
869: 816,633,849
870: 855,991,1161,585,1114,558,1137,698
871: 975,1087,1119,1123,1132
872: 934,672,1193,647,550,1013
873: 1111,1104,1196,1192,1042
874: 1178,513,1010,1052,879
875: 899,667,1057
876: 817,885,641
877: 1164,941,929,590,1032
878: 688,986,1065,950
879: 1010,1052,874,513,904,524
880: 1045,997,989,532
881: 650,1008,1055
882: 
883: 1091,758
884: 949,1051,592
885: 1150,876
886: 768,548,517,958,1006,1036,1085
887: 745,776,1047,1083
888: 1062,807,775,858,770,522
889: 820,691,793,709
890: 801,710
891: 619,676,554,988,1005,722,914,1064
892: 858,1062,1138,522,792,989
893: 1157,908
894: 854,829,1120,614,1127
895: 776,553,1092,1047,996,1083,765
896: 725,542,1095,1027
897: 610,1179,748,742,1147,750
898: 580,818
899: 667,834,1190,1088,875
900: 998,825,932,1135,1189
901: 
902: 1090,926,692,684,771,549
903: 621,848,940,663,1162
904: 911,730,1010,1052,879,681
905: 527,1113,1031,928
906: 1098,1009,1053,599
907: 999,586,969,1019,1034
908: 893,1157,973
909: 1093,520,624
910: 822,709,1131,1143,1156
911: 904,730,1010,681
912: 736,1079,924,1058
913: 703,1000,627,694,948,1014,1066
914: 690,554,988,891,619,722,1064,918,719
915: 1118,817,633,769
916: 514,1164,831,860,1185,668
917: 1004,664,657,953
918: 1064,914,690
919: 799,544,838,732,1138
920: 1153
921: 1197,1186,992
922: 666,1001,808,575
923: 541,572,566,514,1011,963
924: 912,1058,598
925: 609,866,794,773
926: 1090,902,680,692
927: 835,1038,626,1024,1112
928: 1031,527,905,1113,1075,602,976,943
929: 624,941,550,877,1164,590,1032
930: 538,726,603,1021,756
931: 945,1167
932: 825,574,551,998,576,767,900
933: 800,530,715
934: 672,1180,660,1193,647,872
935: 966,1136,511,587
936: 693
937: 832,1054,978,1025,1099
938: 956,531,1084,867,859,702,815
939: 1049,727,777,630,540
940: 621,848,1128,903,663,1162
941: 1193,624,550,929,877,1164
942: 1140,559,521,687,979
943: 976,1031,928,602,982,724,1182,1060
944: 1144,856,784
945: 717,931,1167
946: 1122,683,1071,1152
947: 1070,625
948: 627,694,1000,913,1066
949: 884,592,644
950: 878,986,1065
951: 533,1121,674,841
952: 1015,580,634
953: 657,1004,917,664,721,995
954: 571,867,859,702,1051,523,695
955: 862,1035,746,597,1158,500,1044,1125,578
956: 938,815
957: 1100,1055,1174,1145,649
958: 517,768,980,886
959: 1171,1082,1074
960: 1046,1124
961: 1088,1069
962: 806,509,964,828,537,1176
963: 1011,519,923,566,749
964: 509,1133,806,828,637,962,537
965: 852,596,1115
966: 935,1136,511,587
967: 663,1162,1072,714
968: 785,569,1022,1048,805,974
969: 999,1160,907,713,1034
970: 734,774,813,588,984
971: 808,575,1001,1023,640,652,1188,504
972: 1198,1128
973: 908,505,1070
974: 968,805,675
975: 780,871,1119,1132
976: 943,1031,928,1075,602,982,1182
977: 1012,787,547,614,653
978: 591,539,706,737,832,1054,738,937,1025,1099
979: 942,687
980: 661,758,517,958
981: 780,717
982: 976,943,716,1182,1060
983: 560,651,796
984: 774,734,970,722
985: 721,995,682,642,1015
986: 830,878,950
987: 1118,633,711,769,708,742,1147
988: 554,1005,891,619,722,914
989: 892,522,792,880,1045,532
990: 1033,835
991: 1161,1165,855,585,1114,870
992: 741,1197,839,921,772
993: 804,1199,1102
994: 556,679,581,696,788
995: 657,953,721,543,985,682
996: 1105,553,1092,895,812
997: 639,880,1045
998: 655,789,825,932,791,1135,900
999: 863,1160,907,969
1000: 703,913,627,694,948
1001: 666,922,808,971,575,708,640,652
1002: 759,618
1003: 
1004: 684,549,917,657,953
1005: 554,988,891,619,722
1006: 1036,1085,517,886
1007: 701
1008: 881
1009: 779,518,1098,906
1010: 1052,879,874,513,911,904
1011: 963,590,1032,519,923,572,566
1012: 618,787,1120,547,614,977
1013: 647,872,550,582
1014: 913,627,694,1066
1015: 985,682,642,580,952
1016: 537,1176,836
1017: 784
1018: 635,646
1019: 1034,586,907,605
1020: 674,623
1021: 538,603,930,1073,1067,756
1022: 1048,754,968
1023: 808,971,575,1188,504,827
1024: 927,643,555,1112,539
1025: 1099,1054,978,591,510,738,937,1150
1026: 707,777
1027: 896,1095,749,1080
1028: 648,811,816
1029: 715,698,521
1030: 845,506,853,840,510,738,833,534
1031: 928,527,905,1113,1075,602,976,943
1032: 590,550,929,877,1164,1011
1033: 990,835
1034: 1019,586,907,969,605
1035: 955,862,746,597,1044,578
1036: 1006,1085,886,1177,1197
1037: 1148,1155
1038: 835,927,626,1094
1039: 651,1151
1040: 1060,1086
1041: 642
1042: 1165,873,1111,1192,1102
1043: 541
1044: 500,955,862,1035,746,1158,1125,578
1045: 880,997,989,532
1046: 1124,665,960,1094,515
1047: 776,1092,887,895,1083
1048: 1022,754,785,968
1049: 735,939
1050: 524
1051: 1084,867,859,571,954,884
1052: 1010,879,874,513,904
1053: 599,815,859,702,906,523
1054: 832,539,706,737,978,591,937,1025,1099
1055: 881,650,1100,957,1174,649
1056: 564,1169
1057: 667,875,861
1058: 1079,912,924,868
1059: 740
1060: 1182,602,943,982,724,1040
1061: 570,557,1106
1062: 807,838,778,1138,775,888,892,858
1063: 723,733,781,568
1064: 918,891,619,914,690
1065: 688,878,950
1066: 913,627,694,948,1014,720
1067: 1073,538,603,1021
1068: 826,732,639
1069: 1191,961,503,851,1088
1070: 973,947,505
1071: 1152,1109,683,946
1072: 663,1162,967,696,714,866
1073: 1067,538,603,1021
1074: 959,1134
1075: 1167,1031,928,976
1076: 689
1077: 576,536,761
1078: 636,731,1176,1129
1079: 736,912,1058
1080: 1095,749,1027
1081: 
1082: 1171,743,959
1083: 887,1047,895,765,813
1084: 867,938,859,1051
1085: 1006,1036,517,886,1177
1086: 752,1040
1087: 1119,1123,1184,871,1132,525
1088: 961,834,1190,1191,1069,899
1089: 652,755,1163,1133
1090: 926,902,680,692
1091: 883,697,758
1092: 553,1047,895,1105,996
1093: 909
1094: 626,1038,665,1046,1124,515,669
1095: 725,896,749,1027,1080
1096: 560,983,796
1097: 728,1195
1098: 779,764,518,1009,906
1099: 1025,832,1054,978,591,937
1100: 957,1055,1174,1145,649,567
1101: 545,584,528,678,1177
1102: 804,1199,1042,1165,855
1103: 1170,595
1104: 1196,873,1111,1192
1105: 996,1092,812
1106: 1061,1194,557,798
1107: 857
1108: 770
1109: 739,683,1071
1110: 772,1166,839,741,739,699
1111: 873,1104,1192,1042
1112: 927,626,1024,669,502
1113: 527,905,1031,928
1114: 855,991,1161,870,558,1137
1115: 965
1116: 847,729,864,608,1178,1158
1117: 528,678,653,529,744,545
1118: 915,817,633,711,769,987
1119: 1087,1123,1184,871,975,1132
1120: 829,618,1012,547,614,854,894,1127
1121: 674,533,951
1122: 617,1195,699,946
1123: 1087,1119,871,1132,525,812,577
1124: 1046,665,960,1094,515
1125: 578,955,597,573,500,1044,622,535
1126: 1142
1127: 1120,547,614,854,894,653,768,548
1128: 631,1198,848,972,940
1129: 731,1078
1130: 594,1173,563
1131: 822,910,659
1132: 525,871,975,1087,1119,1123
1133: 1089,755,1163,616,964
1134: 856,1074
1135: 789,998,825,791,900,1189
1136: 734,535,511,966,935,587
1137: 558,1114,870,698,1140,559
1138: 919,1062,807,892,858
1139: 
1140: 559,558,1137,698,942
1141: 
1142: 1126
1143: 689,677,910,1156
1144: 944,625
1145: 649,1100,957,1174,567
1146: 620,788
1147: 708,742,987,897,1179,750
1148: 531,1037
1149: 716,803
1150: 1025,885
1151: 651,1039
1152: 1071,683,946,705
1153: 920
1154: 852,596,759
1155: 1037
1156: 910,1143,830
1157: 893,908
1158: 847,1116,955,746,1178,500,1044
1159: 508,574,551
1160: 607,999,969,713
1161: 991,1165,855,585,1114,870
1162: 663,903,940,967,1072
1163: 755,1188,504,703,1089,1133
1164: 877,941,929,831,590,1032,916,514
1165: 1042,1102,855,991,1161
1166: 839,1177,772,1110
1167: 945,931,1075
1168: 610,750,658
1169: 564,1056
1170: 841,1103
1171: 1082,959
1172: 1174,526
1173: 542,710,632,725,594,1130,563
1174: 650,1055,1100,957,1145,649,1172
1175: 752
1176: 537,509,828,636,962,1078,1016
1177: 1101,1036,1085,1166,839
1178: 847,1116,864,608,1158,874
1179: 610,897,748,1147
1180: 660
1181: 562,747,579
1182: 1060,602,976,943,982
1183: 503,1191
1184: 871,1087,1119,1123
1185: 860,557,831,798,916,668
1186: 552,1197,824,921
1187: 
1188: 504,808,971,575,1023,652,755,1163
1189: 1135,900,654
1190: 834,844,1088,899,667
1191: 1069,503,1088,1183
1192: 1104,1196,873,1111,606,1042
1193: 624,934,672,941,872,550
1194: 1106,671
1195: 1097,699,617,1122,814
1196: 730,1104,873,1192
1197: 1036,1186,921,741,992
1198: 1128,972
1199: 804,1102
1202: 17,14,69,35,1229,1227,1228,1210,134,62,381,1,1208,30,5,1207,71,480
1203: 48,88,1211,89,1209,1,1208,30,5,1207,72,29,15,106,140,232
1204: 61,6,74,168,26,64,82,56,3,83,8,9,2,1206,1221,68,31,1225,1223,1224,1219
1205: 10,1231,85,37,7,51,1232,92,1230,1218,47,1216,63,49,0,1217,1226,73,1215,1212,1214,45,16
1206: 1221,68,3,83,61,6,74,1204,8,2,31,42,1225,1223,1222,1224,1220,1219,91,41,37,7,51
1207: 1208,30,5,35,1229,1227,1202,17,134,62,381,1,71,480,1203,29,199
1208: 30,5,1207,35,1229,1202,17,62,381,1,71,480,48,1203,29,199
1209: 88,1211,89,63,0,25,21,35,1229,1227,1228,1210,16,1,70,72,1203
1210: 35,1229,1227,1228,38,14,69,25,21,1202,17,88,1211,89,1209,1
1211: 88,89,1209,63,0,25,21,35,1229,1227,1228,1210,60,16,1,70,72,48,1203
1212: 1217,32,1226,1213,73,1215,40,55,1218,47,1216,1205,10,1231,85,75,11,365,28,1214,45,361,54,97,58,59,84
1213: 1217,32,1226,73,1215,40,1212,55,1218,47,1216,10,85,75,11,365,28,1214,45,361,18,54,97,58,27,59,84
1214: 45,1218,47,1216,1205,10,85,63,0,1217,32,1226,1213,73,1215,40,1212,60,16,18,54,97,58,27,59,84,70
1215: 1217,32,1226,1213,73,40,1212,55,1218,47,1216,1205,10,85,75,11,365,28,1214,45,361,18,54,97,58,27,59,84
1216: 1218,47,91,37,7,51,55,1205,10,1231,85,75,11,365,28,1217,32,1226,1213,73,1215,40,1212,1214,45
1217: 32,1226,1213,73,1215,40,1212,55,1218,47,1216,1205,10,85,75,11,365,28,1214,45,361,54,97,58,59,84
1218: 47,1216,91,37,7,51,55,1205,10,1231,85,75,11,365,28,1217,32,1226,1213,73,1215,40,1212,1214,45
1219: 31,42,1225,1223,1222,1224,1220,61,74,1204,8,66,78,1206,1221,68,23,37,7,51,92,22,1230
1220: 31,42,1225,1223,1222,1224,1219,74,8,66,78,1206,1221,68,23,37,7,51,1232,92,22,1230
1221: 1206,68,3,83,61,74,1204,8,2,31,42,1225,1223,1222,1224,1220,1219,91,41,37,7,51
1222: 31,42,1225,1223,1224,1220,1219,74,8,66,78,1206,1221,68,23,37,7,51,1232,92,22,1230
1223: 31,42,1225,1222,1224,1220,1219,61,74,1204,8,9,66,78,1206,1221,68,23,37,7,51,92,22,1230
1224: 31,42,1225,1223,1222,1220,1219,61,6,74,1204,8,9,66,78,1206,1221,68,23,37,7,51,92
1225: 31,42,1223,1222,1224,1220,1219,61,74,1204,8,9,66,78,1206,1221,68,23,37,7,51,92,22,1230
1226: 1217,32,1213,73,1215,40,1212,55,1218,47,1216,1205,10,1231,85,75,11,365,28,1214,45,18,54,97,58,27,59,84
1227: 35,1229,1228,1210,38,14,69,25,21,1202,17,1211,89,1209,1,5,1207
1228: 35,1229,1227,1210,38,14,69,25,21,1202,17,88,1211,89,1209,1,5
1229: 35,1227,1228,1210,38,14,69,25,21,1202,17,88,1211,89,1209,1,1208,30,5,1207
1230: 1232,92,22,99,31,42,1225,1223,1222,1220,1219,23,76,57,51,38,1205,10,1231,85,63,49,0
1231: 1205,10,85,37,7,51,1232,92,22,1230,99,1218,1216,63,49,0,1226,1212,45,16
1232: 92,22,1230,99,42,1222,1220,23,76,57,51,38,1205,10,1231,85,63,49,0,25,21