1574: 1605,311
543: 
1068: 1632,1656,1630,1655,1659,1653,1654,1657,1658,1640,1638,1627,1619,1624
1141: 1100,1722,1745
1543: 1349
566: 438
949: 1558,1537,1692
1581: 1397,1562
1445: 1530
1701: 1700,1671,2266,2465,2392,2410,2040
977: 2667,2606,2639,2637,2613,2564,2610,2609
1519: 1564,1450,1531,1476,1430
1373: 1668,1467,1687
1572: 1527,559,554
1394: 1379,1415,1365,1431,1346
535: 
1939: 2580,444
1459: 1525,1501,1376
1509: 1357,1393,1346,482
583: 2165,2349,2072,2223
1619: 1640,1638,1627,1644,1624,1646,1632,1068,1630,1655,1659,1653,1657,1636,1645,1639
1376: 952,1501,1459,1525,985
900: 
1520: 1495,475
1337: 926,1690,822,1487
500: 
520: 1888
1393: 1431,1426,1346,1461,1509,1357,1395
1602: 584,1532
1623: 1066,1618,1063,1065,1609,1083,1615,1053
562: 
509: 
1174: 1062
822: 1487,926,1337,1690
947: 593
563: 
985: 952,1501,1376
1450: 1531,1519,1564,1476,1430
2261: 2342,2110,2283,2240,2275,2381,2323,2282,2159,2338,2339,2089,2094,2345,2045,2184,2204,2181,2091,2337,2201,2258,2140,2281,2279,2139,2280
1556: 401,491,1576
995: 2255,2189,1991,1886,2509
551: 2721
1532: 1602,584
957: 
1540: 1499,1571
1687: 1373,1668,1467
961: 
495: 
1456: 1387
968: 
1718: 1765,1692
929: 
939: 
905: 
1461: 1431,1393,1426,1346,1395
552: 1202,1243,1161
572: 
1506: 1478
560: 2664,2723,493
504: 
1479: 1554
61: 1460
539: 
558: 
1527: 1572,559,554
1495: 1520,475
2145: 580,2198
922: 
589: 918
1874: 2540,927,1882,1830,2489,1907,1606,1853
1600: 1789,474
598: 
1202: 552
1781: 1752,996,525
587: 
515: 1474
1571: 1540,1499,577
569: 1843,1917,1919,1948,1864,1922,1986,1955
996: 1752,1781
1823: 1940,2015,1972,1974,1921,1948,1864,1922
1690: 926,1337,822,1487
916: 512
1172: 1268,1326,153,1635,1617,1136
1605: 1574,311
591: 
926: 1337,1690,822,1487
1487: 822,926,1337,1690
1513: 1548
532: 
944: 
582: 2534,2568
1295: 
948: 459,2707,2762,2699
1349: 1543
1064: 1088,1820,1858,908,1629,1633
588: 2556,2303,2482,2481,2460,2458,1989,2471,2479,2399,2459,2445,2443,2168,2233,2348,2367
1253: 1278,1290
994: 
1518: 
1496: 1660,1696
2729: 2713,2727
593: 947
1426: 1431,1393,1346,1461,1357,1395
544: 
908: 1891,1793,1064,1088
1606: 1853,1874,2540,927,2583,1751,1736
955: 
1346: 1431,1393,1426,1379,1394,1415,1365,1461,1509,1357,1395
906: 909
1635: 153,1617,1136,1268,1326,1637,1172
581: 
498: 
932: 2692,2722
575: 2571,2509,1912,1882,1830
993: 
1646: 1640,1638,1627,1619,1644,1624,1655,1636,1645,1639
531: 1863,1970,478
1395: 1431,1393,1426,1346,1461
2602: 2021,2594,2579,2563,2623
513: 1697,451,1832,1768
1278: 1253,1290
1387: 1456
2541: 1951,2516,2559,1933,2560,2539,2709,2486,2504,1884,2708
1671: 1701,1700,2454,2266,853,1677,2488,2464,2462,2465,2392,2364,2334,2267,2333,2394,2262,2263,2409,2410,2040
1458: 559,554,1397
506: 1977,409
975: 
911: 2336
555: 
597: 
979: 
988: 538
963: 921,499
1684: 1663
538: 988
951: 
1348: 1402,441
536: 
592: 954
1063: 1618,1065,1609,1083,1615,1612,1067,1069,1620,1066,1623
1562: 1581
2578: 1867,1913,2619
986: 456
559: 554,1572,1527,1397,1458
586: 1629,1633
903: 1476,1430,1365
1589: 1732
596: 
1670: 1743,1703,1720,1723
557: 1631
580: 2198,2145,2173,2358
537: 
978: 
153: 1635,1617,1136,1268,1326,1637,1172,1650
980: 2473
1974: 1921,2015,1972,1998,2027,1940,1823,1948,1864
568: 2108,2049,2037,2092,2127,2170,2076,2090,2075,2115,2065,2011,2030,1966
157: 1588
965: 514
2637: 2613,2564,2610,2609,977,2658,2630,2493
902: 1536,1598,1443
556: 
1503: 1404
1430: 1476,1519,1564,1450,1531,903,1379,1365
541: 
594: 
166: 1015,943
1708: 1746,415,2735,2732
507: 1776,1960,1751,1736
700: 1009,1651,1662
1528: 1592
519: 
550: 508
1547: 1580,548
574: 1551,1414
940: 1967,1936,576
1065: 1618,1063,1609,1083,1615,1612,1067,1069,1620,1066,1623
1837: 1783
923: 
1062: 1174
1053: 1066,1623,1268
901: 
501: 
1588: 157
992: 
1290: 1278,1253
534: 1910,1890,2057
967: 
573: 
547: 
976: 
919: 
1415: 1379,1394,1365,1431,1346
1565: 1585
590: 524,1999,2020,2033,2059,2068,2006
2687: 2642,2674,2673,2614,2675,2700,2721,2694
1514: 973,1474
962: 
927: 1874,2540,1882,1830,2489,1907,1606,1853
1578: 1388
584: 1602,1532
934: 
1531: 1450,1519,1564,1476,1430
953: 
1197: 1521,1731,1664,1686
973: 1601,1590,1514
517: 
982: 
1357: 1509,1431,1393,1426,1346,482
924: 1149,1184
1891: 1793,908
1424: 1676,1650,1672
990: 2203,2393,2725,2695
578: 2450,2561
1341: 1477
1149: 924,1184,1722,1745
1388: 1578
1502: 1536
914: 
1419: 1557
1693: 1707,1725,1754,1723,1698,1682
2774: 2755,2788,2767,2744,2763,2738,2789,2782,2790,2743,486,2754,2740
925: 1888,1737
1521: 1197,1731,1680,1664,1648,1686
1100: 1141
2107: 2185,2150,2225,2219,2288,2312,2252,2250,2131,2251,2253,2244,2246,2300,2216,2283,2162,2256,2249,2129,2247,2248,2323,2282,2159,2163,2062,2138,2182,2183,2188,2186,2259,2045,2184,1994,2204,2187
941: 
1659: 1630,1655,1653,1654,1657,1658,1632,1068,1656,1640,1638,1627,1619,1624,1639
912: 
950: 
943: 166,1015
1443: 1598,902,1536
2753: 2763,2738,2789,2782,2790,2743,2766,2768,2765,2788,2767,2739,2751,2755,486
2540: 1874,927,1882,1830,2489,1907,1606,1853
1551: 1414,574,465
1404: 1503
579: 
2768: 2766,2533,2770,2758,2756,2780,2791,2748,2750,2771,2757,2787,2749,2511,2745,2752,2765,2737,2739,2751,2753,2790
508: 550
920: 
1379: 1394,1415,1365,1476,1430,1431,1346
599: 
1580: 1547,548
514: 2593,2641,965
1476: 1430,1519,1564,1450,1531,903,1379,1365
971: 
972: 
1557: 1419
1583: 1953,1825,1603
1585: 1565
1402: 1348,441
1576: 1556,491
2657: 2682,2683,2612,2675,2700,2611,2694
1526: 1561
2281: 2279,2139,2280,2261,2338,2339,2089,2094,2345,2193,2181,2091,2337,2201,2258,2140,2196,2132,2191,2002,2237,2272,2043,2236,2260,2199
512: 2097,2161,916
942: 
571: 1967,1936
1478: 1506
1501: 952,1376,1459,1525,985
1563: 
928: 414
1499: 1540,1571,577
567: 
528: 
909: 906
1467: 1373,1668,1687
524: 590,2067,1999,2020,1950,2033
998: 
853: 1677,2377,2476,2475,2523,2512,2427,2488,2464,915,2465,2392,2364,1700,1671
585: 
523: 
1525: 1459,1501,1376
915: 2433,2152,2487,2429,2480,2477,2456,2485,2377,2476,2475,2523,2512,2427,853,1677,2461,2157,2379,2465,2392,2364,2352,2414,2310,2419,2416,2365,2378,2265,2267,2333
1009: 700,1651,1662
533: 
959: 987
913: 
530: 
496: 
1088: 1064,1820,1858,908,1629,1633
522: 
958: 
553: 
1474: 515,1514
1365: 1379,1394,1415,903,1476,1430,1431,1346
1530: 1445
510: 
542: 
960: 
984: 1184,1745,1694
952: 1501,1376,985
595: 
1561: 1526
505: 
521: 
999: 
2589: 2625
518: 
1680: 1664,1648,1686,1754,1521
502: 2073,1992,1941,1965
956: 
1414: 1551,574,465
933: 1876,1803,1844,1877
904: 
1015: 166,943
1066: 1623,1618,1063,1065,1609,1083,1615,1053
549: 
991: 1973,2053
1268: 1326,1053,1172,153,1635,1617,1136
1454: 1323,2627,2590,2596,2655,503
311: 1605,1574
554: 559,1572,1527,1397,1458
497: 
1536: 1502,902,1598,1443
548: 1580,1547,907
526: 
989: 437
1069: 1620,1612,1067,1063,1065,1609,1083,1615
1601: 1590,973
545: 
576: 1967,1936,940
945: 2576,2661,2633,2663
2730: 2678,2710,1634
981: 1772,1802,1729,1846,452
946: 2030,1966,1963,1942,1995
516: 
1637: 153,1635,1617,1136
1161: 552
570: 
1985: 2116
1592: 1528
918: 589,2495,2592,2449,2595
1184: 1149,924,1722,1745,984
1714: 1694
1323: 1454,2627,2590,2596,2655,503
1686: 1680,1664,1648,1197,1521,1731
1243: 552
499: 921,963
1460: 61
1732: 1589
938: 
966: 2223,2050,2087
1700: 1701,1671,2454,2266,853,1677,2488,2464,2268,2462,2465,2392,2364,2334,2333,2409,2410,2040
937: 
1477: 1341
921: 963,499
1698: 1723,1707,1693,1682,1743
1326: 1268,1172,153,1635,1617,1136
540: 2151,2653
997: 
503: 1454,1323,2575,2672,931
917: 
1766: 1836
1537: 1692,949,1558
546: 
1067: 1612,492,1069,1620,1618,1063,1065,1609,1083,1615
970: 
1603: 1953,1825,1583
2233: 2445,2443,2168,2348,588,2479,2399,2383,2166,2385,2367,2384,2418,2426,1997,2208,2359
1668: 1373,1467,1687
1719: 1763
1431: 1393,1426,1346,1379,1394,1415,1365,1461,1357,1395
931: 2669,2575,2672,503
565: 428
529: 
2782: 2753,2763,2738,2789,2790,2743,2766,2765,2788,2767,2739,2751,2755,2774,486,2754
561: 
1624: 1640,1638,1627,1619,1644,1646,1632,1068,1630,1655,1659,1653,1654,1657,1658,1636,1645,1639
964: 
2033: 2059,2068,590,524,1999,2020,2006
2790: 2753,2763,2738,2789,2782,2743,2766,2768,2765,2788,2767,2739,2751,2755,2774,486
954: 592
1575: 1642,1641,1643
1590: 1601,973
2104: 2164,2210,2103,2143,2228,2038,2227,2229,2050,2087
1558: 949,1537,1692
1548: 1513
564: 
511: 2336,2070,1697,1787
1788: 1870,1841,1863,1807,1970,2119,2026
969: 
527: 
1136: 153,1635,1617,1268,1326,1637,1172
1554: 1479
987: 959
935: 420
1397: 559,554,1458,1581
1083: 1618,1063,1065,1609,1615,1612,1067,1069,1620,1066,1623
974: 446
907: 548
1598: 1443,902,1536
930: 
577: 1499,1571
983: 
525: 1752,1781
1984: 1855,1778,1847
1564: 1519,1450,1531,1476,1430
910: 
936: 
400: 
401: 1556
402: 
403: 
404: 465
405: 
406: 
407: 
408: 
409: 506
410: 
411: 1779,1767
412: 
413: 2542,2125
414: 928
415: 1746,1708,2732
416: 
417: 
418: 
419: 
420: 935
421: 
422: 2725,2695
423: 
424: 
425: 
426: 
427: 
428: 565
429: 
430: 
431: 
432: 
433: 
434: 
435: 469
436: 
437: 989
438: 566
439: 2707,2762
440: 
441: 1348,1402
442: 1729,1846
443: 
444: 2072,2223,2580,1939
445: 
446: 974
447: 
448: 
449: 
450: 
451: 1832,513,1768
452: 981
453: 
454: 1679,1696
455: 
456: 986
457: 
458: 
459: 948
460: 
461: 
462: 
463: 
464: 
465: 404,1551,1414
466: 
467: 
468: 1643
469: 435
470: 
471: 
472: 
473: 
474: 1789,1600
475: 1495,1520
476: 
477: 
478: 531
479: 
480: 
481: 
482: 1509,1357
483: 
484: 
485: 2519,2287
486: 2739,2753,2763,2738,2789,2782,2790,2743,2755,2774,2754
487: 
488: 
489: 
490: 
491: 1556,1576
492: 1612,1067,1620
493: 560
494: 2737,2752,2766,2739,2751
1609: 1618,1063,1065,1083,1615,1612,1067,1069,1620,1066,1623
2725: 2695,990,2203,2393,422
1676: 1650,1424,1672
1612: 1067,492,1069,1620,1618,1063,1065,1609,1083,1615
1721: 1695
1672: 1676,1650,1424
1615: 1618,1063,1065,1609,1083,1612,1067,1069,1620,1066,1623
1729: 1846,1797,1772,1802,1760,442,981
1617: 153,1635,1136,1268,1326,1637,1172
1618: 1063,1065,1609,1083,1615,1612,1067,1066,1623
1620: 1069,1612,1067,492,1063,1065,1609,1083,1615
1627: 1640,1638,1619,1644,1624,1646,1632,1068,1655,1659,1653,1657,1636,1645,1639
1636: 1645,1640,1638,1627,1619,1644,1624,1646,1639
1629: 1633,1064,1088,2706,2701,1750,586
1630: 1655,1659,1653,1654,1657,1658,1632,1068,1656,1640,1638,1619,1624,1639
1631: 1634,557
1632: 1068,1656,1630,1655,1659,1653,1654,1657,1658,1640,1638,1627,1619,1624
1633: 1629,1064,1088,2706,2701,1750,586
1634: 2678,2730,1631
1638: 1640,1627,1619,1644,1624,1646,1632,1068,1630,1655,1659,1653,1654,1657,1658,1636,1645,1639
1639: 1630,1655,1659,1653,1654,1657,1658,1640,1638,1627,1619,1644,1624,1646,1636,1645
1640: 1638,1627,1619,1644,1624,1646,1632,1068,1630,1655,1659,1653,1654,1657,1658,1636,1645,1639
1641: 1643,1575,1642
1642: 1575,1641,1643
1643: 1641,1575,1642,468
1644: 1640,1638,1627,1619,1624,1646,1655,1636,1645,1639
1645: 1636,1640,1638,1627,1619,1644,1624,1646,1639
1685: 
1648: 1680,1664,1686,1754,1521
1696: 1496,1660,1679,454
1650: 1676,1424,1672,153
1651: 1662,700,1009
1677: 853,2377,2476,2475,2523,2512,2427,2488,2464,915,2465,2392,2364,1700,1671
1653: 1630,1655,1659,1654,1657,1658,1632,1068,1656,1640,1638,1627,1619,1624,1639
1654: 1630,1655,1659,1653,1657,1658,1632,1068,1656,1640,1638,1624,1639
1655: 1630,1659,1653,1654,1657,1658,1632,1068,1656,1640,1638,1627,1619,1644,1624,1646,1639
1656: 1632,1068,1630,1655,1659,1653,1654,1657,1658
1657: 1630,1655,1659,1653,1654,1658,1632,1068,1656,1640,1638,1627,1619,1624,1639
1658: 1630,1655,1659,1653,1654,1657,1632,1068,1656,1640,1638,1624,1639
1660: 1496,1696
1720: 1703,1743,1670
1662: 1651,700,1009
1663: 1684
1664: 1680,1648,1686,1197,1521,1731
1665: 1702
1679: 454,1696
1682: 1707,1693,1725,1723,1698
1689: 1817
2760: 2775,2776,2779,2761,2759,2741,2778,2781,2468,2533,2770,2758,2756,2780,2771
1797: 1772,1802,1760,1729,1846
1692: 1718,1765,1537,949,1558
1694: 1714,984
1695: 1721
1697: 1787,511,513
1702: 1665
1703: 1720,1743,1670
1982: 2147,2077,2202,2112,2278,2205,2142,2122,2169,2177,2130,2143,2093,2144,2160,2135,2137,2114,2113,2134,2054,2080
1767: 1779,411
2612: 2658,2630,2639,2682,2683,2493,2689,2657,2611,2704
1707: 1693,1725,1754,1723,1698,1682
1731: 1197,1521,1664,1686
1730: 1834,1870,1841
2728: 2699
2701: 2706,1750,1629,1633,2711,2680,1875
1717: 1796,1915,2496,2583,2572,2624
1722: 1745,1149,1141,1184
1723: 1698,1707,1693,1682,1743,1670
1725: 1707,1693,1754,1682
1841: 1870,1730,1834,1863,1807,1788,1970
1728: 1756,1819,2607,2677,1792
1807: 1863,1870,1841,1788,1970
1772: 1797,1802,1760,1729,1846,981
1736: 1751,1606,1853,2583,1776,1960,507
1737: 925,1888
1830: 1882,575,2486,2504,1884,2708,2489,1907,1874,2540,927
1765: 1718,1692
1740: 1798
1743: 1670,1703,1720,1723,1698
1778: 1855,1984,1847
1745: 1722,1149,1141,1184,984
1746: 1708,415,2735,2732
1796: 1717,1915,2496,2583,2572,2624
1858: 1820,2713,1064,1088
2312: 2219,2288,2252,2250,2131,2251,2309,2331,2214,2218,2330,2311,2024,2351,2215,2225,2253,2244,2246,2300,2216,2283,2162,2249,2107,2185,2150,2323,2282,2159
1750: 2706,2701,1629,1633,2711,1875
1751: 1736,1606,1853,2583,1776,1960,507
1752: 1781,996,525
2132: 2196,2191,2002,2237,2338,2339,2089,2094,2345,2405,2277,2193,2395,2066,2281,2279,2139,2280,2335,2271,2236,2260,2199,2329,2197
1754: 1680,1648,1707,1693,1725
2321: 2319,2341,2420,2156,2322,2314,2432,2403,2415,2356,2406,2320,2357,2158,2352,2414,2355,2310,2419,2365,2378,2265,2055,2178,2400,2315,2313,2309,2308,2016,2154,2238,2318,2316,2180,2226,2155,2353,1961,2235,2225
1756: 1819,1776,1960,1792,1728
2764: 2786,2784,2597,2773,2777,2747,2749,2511,2745,2557,2783,2765,2788,2767,2744
1760: 1797,1772,1802,1729,1846
1917: 1843,1919,569,1948,1864,1922,1986,1955,1910,1890
1763: 1719
1825: 1953,1583,1603
1768: 513,451,1832
1769: 1844,1877,1771
2742: 2772,2786,2784,2597,2773,2777,2747
1771: 1769,1877
1773: 2350,2565,2442,2551
1775: 1898,2101,2034
1776: 1960,507,1751,1736,1756,1819
1779: 1767,411
2163: 2062,2138,2122,2169,2177,2130,2162,2256,2249,2129,2247,2248,2107,2185,2150,2093,2144,2160,2135,2183,2188,2186,2259,2054,2037,2133,2127,2170
1783: 1837
1785: 1928,1791,1988
2046: 2408,2324,2241,2386,2293,2363,2292,2243,2439,2411,2424,2044,2423,2425,2242,2245,2344,2381,2404
1787: 1697,511
1789: 1600,474
2706: 2701,1750,1629,1633,2711,1875
1791: 1988,1785,1928
1792: 2607,2677,1756,1819,1728
1793: 1891,908
1798: 1740
2076: 2045,2204,2187,2091,2258,2170,2272,2043,2108,2049,568,2090,2075,2115
1802: 1797,1772,1760,1729,1846,981
1803: 1876,933,1844,1877
2732: 2735,2727,2711,2680,1746,1708,415
1890: 1910,1843,1917,1955,534
2080: 2113,2134,2054,1982,2093,2144,2160,2135,2137,2114,2037,2092,2133,2121,2099
1867: 2578,1913,2255,2189,2619
2722: 2692,932,2674,2673,2614,2721
1811: 
1844: 1876,1803,933,1769,1877
1973: 2053,1947,991
1817: 1689
1818: 1978
1819: 1756,1776,1960,1792,1728
1820: 1858,2713,1064,1088
2678: 2730,2710,1634
1919: 1843,1917,569,1948,1864,1922,1986,1955
2143: 2232,2167,2120,2202,2112,2278,2205,2142,2103,2147,2077,1982,2104,2164,2228,2038,2227,2229
2255: 2189,1991,1886,1867,1913,995
1988: 1791,1785,1928
2042: 2098,2043,2236
1832: 451,513,1768
2544: 2507,2441,2451,2195,2435
1834: 1730,1870,1841
1836: 1877,1766
2619: 2578,1867,1913
2580: 1939,444
2604: 2652
1843: 1917,1919,569,1948,1864,1922,1986,1955,1890
1936: 1967,571,940,576
1846: 1729,1797,1772,1802,1760,442,981
1847: 1855,1984,1778
2700: 2675,2663,2683,2674,2673,2614,2657,2721,2687,2642,2694
2707: 2762,439,948,2699
1853: 1606,1874,2540,927,2583,1751,1736
1855: 1984,1778,1847
2133: 2037,2092,2093,2144,2160,2135,2163,2062,2138,2188,2186,2259,2113,2134,2054,2080,2127,2170,2108,2049
2791: 2533,2770,2758,2756,2780,2779,2748,2750,2771,2757,2787,2752,2766,2768
1863: 1807,1870,1841,1788,1970,531
1864: 1948,1922,1940,1823,1974,1921,1986,1843,1917,1919,569,1955
2715: 2727,2735,2734
1987: 2003,2030,1966,1995,2036
2127: 2170,2163,2062,2138,2182,2183,2188,2186,2259,2045,2184,1994,2204,2187,2037,2092,2133,2108,2049,568
1870: 1841,1730,1834,1863,1807,1788,1970
2723: 2664,560
2667: 2606,2690,2660,977,2639
2002: 2196,2132,2191,2237,2338,2339,2089,2094,2345,2405,2277,2193,2332,2395,2391,2066,2437,2281,2279,2139,2280,2335,2271,2260,2199,2329,2197
1875: 2711,2706,2701,1750
1876: 1803,933,1844,1877
1877: 1844,1876,1803,933,1769,1771,1836
2615: 2659,2096,2290
1882: 1830,575,2486,2504,1884,2708,2489,1907,1874,2540,927
1883: 1979,2073,1991,1886
1884: 2486,2504,2708,1951,2541,1882,1830,1933,2489,1907,2501
1886: 1991,1979,1883,2255,2189,995
1887: 1912,1941,1965
1888: 520,925,1737
1951: 2541,2516,2559,1933,2560,2539,2709,2486,2504,1884,2708
2533: 2770,2758,2756,2780,2791,2775,2760,2779,2748,2750,2771,2757,2787,2752,2766,2768
2694: 2675,2700,2657,2611,2704,2687,2642
2684: 2736
1948: 1864,1922,1940,1823,1974,1921,1986,1843,1917,1919,569,1955
1970: 1870,1841,1863,1807,1788,531,2119
1898: 1775,2101,2034
2653: 2151,540
2222: 2524,2466,2402,2530,2434,2484,2487,2429,2480,2477,2456,2485,2179,2431,2461,2417
2311: 2299,2024,2351,2215,2374,2267,2333,2394,2262,2263,2409,2410,2040,2293,2243,2325,2331,2214,2218,2330,2044,2219,2288,2312,2253,2244,2246,2300,2216,2283,2240,2347
2711: 2706,2701,1750,2732,2680,1875
2695: 2725,990,2203,422
2522: 2547,2430,2555,2483,2484,2548,2556,2303,2482,2481,2460,2458,1989,2471,2179
1907: 2489,1882,1830,2486,2504,1884,2708,1874,2540,927
2689: 2493,2613,2564,2610,2609,2612,2658,2630,2647,2611,2704,2646,2644
1910: 1890,1917,1955,534
2660: 2690,2576,2667,2606
1912: 1887,1941,1965,575
1913: 2578,1867,2255,2189,2619
2709: 1933,2560,2539,1951,2541,2504,2708,2501
1915: 2496,2583,1717,1796
2400: 2055,2178,2315,2313,2306,2301,2305,2307,2432,2403,2415,2356,2406,2320,2357,2158,2352,2414,2355,2310,2389,2304,2105,2319,2341,2420,2156,2322,2321,2314,2270,2346,2190,2318,2316,2180,2317,2226,2155,2353,1961
1921: 1974,2015,1972,1998,2027,1940,1823,1948,1864
1922: 1948,1864,1940,1823,1986,1843,1917,1919,569,1955
2034: 2101,1898,1775
1989: 2460,2458,2471,2547,2430,2522,2556,2303,2482,2179,588,2479,2399,2459,2306,2301,2305,2307
1950: 2067,1999,2020,524,2068,2006
2061: 2036,1995,1998,2027,2018
1928: 1785,1791,1988
1972: 2015,1963,1942,1998,2027,1940,1823,1974,1921
2559: 2516,2528,1951,2541,2648,1933,2560,2539,2501
2583: 1606,1853,1915,2496,1751,1736,1717,1796
2031: 1976,2366,2211,2207,2165,2349,2210
1933: 2560,2539,2709,1951,2541,2516,2559,2486,2504,1884,2708,2501
2588: 2469,2587
2090: 2075,2115,2076,2108,2049,568,2030
1940: 1823,2015,1972,1974,1921,1948,1864,1922
1941: 1965,502,1887,1912
1942: 1963,946,2015,1972
1995: 946,1987,2003,2036,2061,1998,2027,2018
2125: 2542,413
2770: 2533,2758,2756,2780,2791,2775,2760,2779,2748,2750,2771,2757,2787,2752,2766,2768
1947: 1973,2053
1953: 1825,1583,1603
2113: 2134,2054,2080,2147,2077,1982,2093,2144,2160,2135,2137,2114,2037,2092,2133,2121,2099
1955: 1948,1864,1922,1986,1843,1917,1919,569,1910,1890
2674: 2673,2614,2661,2663,2692,2722,2675,2700,2721,2687,2642
2147: 2077,1982,2120,2202,2278,2205,2142,2122,2169,2143,2144,2160,2135,2228,2038,2227,2229,2137,2114,2113,2134
1960: 1776,507,1751,1736,1756,1819
1961: 2226,2155,2353,2235,2055,2178,2400,2315,2313,2319,2341,2420,2156,2321,2314,2154,2238,2318,2316,2180,2317,2225,2202,2112,2278,2205,2142,2122,2169,2177,2130,2249,2129,2247,2248
1997: 2445,2443,2168,2233,2348,2383,2166,2385,2384,2418,2426,2208,2359,2366,2211,2207,2213,2232,2167
1963: 1942,946,2015,1972
1986: 1948,1864,1922,1843,1917,1919,569,1955
1965: 1941,502,1887,1912
1966: 2030,2108,2049,568,2065,2011,946,1987,2003
1967: 1936,571,940,576
1976: 2031,2366,2211,2207,2165,2349,2210
1977: 2039,506
1978: 1818
1979: 1883,2073,1991,1886
1991: 1886,1979,1883,2255,2189,995
1992: 2073,502
2020: 2067,1999,1950,590,524,2033,2059,2068,2006
1994: 2045,2184,2204,2187,2107,2185,2150,2323,2282,2159,2182,2183,2188,2186,2259,2181,2091,2258,2127,2170
1998: 2027,1995,2036,2061,2015,1972,2018,1974,1921
1999: 2067,2020,1950,590,524,2033,2068,2006
2055: 2178,2400,2315,2313,2306,2301,2305,2307,2432,2403,2415,2356,2406,2320,2357,2158,2352,2414,2355,2310,2389,2304,2105,2319,2341,2420,2156,2322,2321,2314,2270,2190,2318,2316,2180,2317,2155,1961
2030: 1966,2108,2049,568,2090,2075,2065,2011,946,1987,2003
2003: 1987,2030,1966,1995,2036
2004: 2057
2108: 2049,568,2037,2092,2133,2127,2170,2076,2090,2075,2115,2065,2011,2030,1966
2006: 590,1999,2020,1950,2033,2059,2068
2708: 2486,2504,1884,1951,2541,1882,1830,1933,2560,2539,2709,2489,1907,2501
2162: 2256,2249,2129,2247,2248,2235,2225,2219,2312,2252,2250,2131,2251,2169,2177,2130,2107,2185,2150,2093,2144,2160,2163,2062,2138,2182,2183,2188,2186,2259
2105: 2389,2304,2479,2399,2459,2306,2301,2305,2307,2406,2320,2383,2166,2385,2367,2384,2055,2400,2208,2359,2270,2346,2231,2190
2026: 2119,1788
2011: 2065,2108,2049,568,2030,1966
2347: 2240,2245,2311,2299,2024,2351,2215,2374,2044,2408,2324,2241,2253,2244,2246,2300,2216,2283,2344,2275,2381,2282,2110,2338,2094
2591: 2746,2587
2015: 1972,1963,1942,1998,2027,1940,1823,1974,1921
2016: 2309,2308,2154,2238,2357,2355,2310,2419,2416,2365,2378,2265,2267,2333,2319,2341,2420,2156,2322,2321,2331,2214,2218,2330,2226,2155,2235,2225,2219,2288,2250,2131,2251
2018: 1995,2036,2061,1998,2027
2611: 2704,2682,2683,2612,2658,2630,2493,2689,2657,2646,2694
2021: 2594,2579,2602,2623
2057: 2004,534
2639: 2667,2606,977,2682,2683,2612,2658,2630
2024: 2311,2299,2351,2215,2374,2267,2333,2394,2262,2263,2409,2410,2040,2293,2243,2325,2331,2214,2218,2330,2044,2219,2288,2312,2131,2251,2253,2244,2246,2300,2216,2283,2240,2347
2027: 1998,1995,2036,2061,2015,1972,2018,1974,1921
2146: 2369,2274
2029: 2052,2121,2099,2065
2442: 2286,2565,1773,2350
2036: 2061,1987,2003,1995,1998,2027,2018
2037: 2092,2133,2093,2144,2160,2135,2163,2138,2188,2259,2113,2134,2054,2080,2127,2170,2108,2049,568
2038: 2228,2227,2229,2143,2147,2077,2104,2164,2137,2114,2121,2099
2039: 1977
2040: 2394,2262,2263,2409,2410,2465,2392,2364,1701,1700,1671,2454,2266,2334,2267,2333,2293,2243,2325,2218,2330,2311,2299,2024,2374
2699: 2707,2762,948,2728
2043: 2272,2045,2091,2201,2258,2140,2281,2279,2139,2280,2076,2236,2075,2115,2042,2098
2044: 2394,2262,2293,2292,2243,2439,2325,2311,2299,2024,2351,2215,2374,2408,2324,2241,2046,2386,2244,2246,2300,2216,2283,2240,2347,2245,2344,2275,2381
2045: 2184,1994,2204,2187,2107,2185,2323,2282,2159,2261,2182,2183,2188,2186,2181,2091,2337,2201,2258,2140,2127,2170,2076,2272,2043
2716: 
2346: 2270,2231,2190,2383,2166,2385,2367,2384,2389,2304,2105,2400,2315,2208,2359,2316,2180,2317,2167,2202,2278
2049: 2108,568,2037,2092,2133,2127,2170,2076,2090,2075,2065,2011,2030,1966
2050: 2087,2104,2164,966
2232: 2213,2167,1997,2208,2359,2211,2207,2120,2210,2103,2143
2052: 2029,2121,2099,2065
2053: 1973,1947,991
2054: 2113,2134,2080,1982,2093,2144,2160,2135,2163,2137,2114,2037,2092,2133,2121,2099
2059: 2033,2068,590,2020,2006
2190: 2270,2346,2231,2383,2166,2385,2367,2384,2389,2304,2105,2055,2178,2400,2315,2313,2208,2359,2318,2316,2180,2317,2167,2120,2202,2112,2278,2205,2142
2062: 2163,2138,2122,2169,2177,2130,2162,2256,2249,2129,2247,2248,2107,2185,2150,2093,2144,2160,2135,2182,2183,2188,2186,2259,2133,2127,2170
2739: 2751,2752,2766,2768,2765,2788,2737,494,2753,2763,2738,2789,2782,2790,2743,486
2065: 2011,2108,2049,568,2029,2052,2030,1966
2066: 2332,2395,2391,2437,2340,2405,2277,2193,2422,2474,2196,2132,2191,2002,2237,2335,2271,2529,2428
2067: 1999,2020,1950,524
2068: 2033,2059,590,1999,2020,1950,2006
2680: 2727,2711,2701,2735,2732
2070: 2336,511
2575: 2669,2672,2398,503,931
2072: 2223,583,444
2073: 1979,1883,1992,502
2074: 2141
2075: 2090,2115,2076,2043,2108,2049,568,2030
2077: 2147,1982,2120,2142,2122,2169,2143,2144,2135,2228,2038,2227,2229,2137,2114,2113,2134
2144: 2093,2160,2135,2112,2278,2205,2142,2122,2169,2177,2130,2162,2256,2249,2129,2247,2248,2147,2077,1982,2163,2062,2138,2113,2134,2054,2080,2037,2133
2103: 2211,2207,2213,2232,2167,2120,2210,2143,2104,2164
2087: 2050,2104,2164,966
2521: 2370
2089: 2338,2339,2094,2345,2240,2245,2344,2275,2381,2404,2110,2261,2405,2277,2193,2337,2281,2279,2196,2132,2191,2002,2237
2091: 2181,2337,2201,2258,2140,2159,2261,2338,2339,2094,2045,2184,1994,2204,2187,2281,2279,2139,2280,2076,2272,2043,2236
2092: 2037,2133,2093,2160,2113,2134,2054,2080,2127,2170,2108,2049,568
2093: 2144,2160,2135,2142,2122,2169,2177,2130,2162,2256,1982,2163,2062,2138,2114,2113,2134,2054,2080,2037,2092,2133
2094: 2338,2339,2089,2345,2240,2347,2245,2344,2275,2381,2342,2110,2261,2405,2277,2193,2181,2091,2337,2201,2258,2140,2281,2279,2139,2280,2196,2132,2191,2002,2237
2095: 2570,2099
2096: 2290,2659,2615
2097: 512,2260,2199,2329,2197,2161
2098: 2042,2043,2236,2199,2161
2099: 2121,2228,2038,2227,2229,2137,2114,2113,2134,2054,2080,2095,2570,2029,2052
2101: 2034,1898,1775
2641: 2593,514
2202: 2112,2278,2205,2142,2270,2346,2231,2190,2318,2316,2180,2317,2353,1961,2120,2122,2169,2177,2143,2147,1982
2110: 2342,2261,2253,2244,2246,2283,2240,2347,2245,2344,2275,2381,2323,2282,2159,2338,2339,2089,2094,2345,2181,2337,2201,2258
2201: 2181,2091,2337,2258,2140,2159,2110,2261,2338,2339,2094,2045,2184,2204,2281,2279,2139,2280,2272,2043,2236
2112: 2202,2278,2205,2142,2270,2190,2318,2316,2180,2317,2226,2155,2353,1961,2235,2120,2122,2169,2177,2130,2143,1982,2144,2135
2114: 2137,2147,2077,1982,2093,2160,2135,2228,2038,2227,2229,2113,2134,2054,2080,2121,2099
2115: 2090,2075,2076,2272,2043,2108,568
2116: 1985
2117: 2206
2119: 2026,1788,1970
2120: 2208,2270,2231,2190,2180,2317,2213,2232,2167,2202,2112,2278,2205,2142,2103,2143,2147,2077
2121: 2099,2228,2038,2227,2229,2137,2114,2113,2134,2054,2080,2029,2052
2122: 2169,2177,2130,2318,2316,2180,2317,2353,1961,2235,2202,2112,2278,2205,2142,2256,2129,2247,2248,2147,2077,1982,2093,2144,2160,2135,2163,2062
2123: 2586,2550,2467,2514
2238: 2309,2308,2016,2154,2357,2310,2419,2365,2265,2319,2341,2420,2156,2322,2321,2314,2331,2214,2218,2330,2226,2155,2353,1961,2235,2225,2219,2288,2252,2250,2131,2251
2129: 2162,2256,2249,2247,2248,2226,2155,2353,1961,2235,2225,2219,2252,2250,2131,2251,2122,2169,2177,2130,2107,2150,2144,2160,2163,2062,2138,2259
2130: 2122,2169,2177,2318,2316,2226,2155,2353,1961,2235,2225,2112,2205,2142,2162,2256,2249,2129,2247,2248,1982,2093,2144,2160,2135,2163,2062,2138
2131: 2219,2288,2312,2252,2250,2251,2309,2308,2016,2154,2238,2331,2214,2218,2330,2024,2225,2253,2244,2246,2300,2216,2162,2256,2249,2129,2247,2248,2107,2185,2150,2323
2134: 2113,2054,2080,2147,2077,1982,2093,2144,2160,2135,2137,2114,2037,2092,2133,2121,2099
2135: 2093,2144,2160,2112,2278,2205,2142,2122,2169,2177,2130,2147,2077,1982,2163,2062,2137,2114,2113,2134,2054,2080,2037,2133
2258: 2181,2091,2337,2201,2140,2323,2282,2159,2110,2261,2338,2339,2094,2045,2184,1994,2204,2187,2281,2279,2139,2280,2076,2272,2043
2137: 2114,2147,2077,1982,2135,2228,2038,2227,2229,2113,2134,2054,2080,2121,2099
2138: 2163,2062,2130,2162,2256,2249,2129,2247,2248,2107,2185,2150,2093,2144,2160,2182,2183,2188,2186,2259,2037,2133,2127,2170
2139: 2281,2279,2280,2261,2338,2339,2094,2345,2193,2181,2091,2337,2201,2258,2140,2196,2132,2191,2002,2237,2272,2043,2236,2260,2199
2140: 2181,2091,2337,2201,2258,2261,2338,2339,2094,2345,2045,2204,2281,2279,2139,2280,2272,2043,2236
2141: 2074
2142: 2202,2112,2278,2205,2270,2190,2318,2316,2180,2317,2353,1961,2235,2120,2122,2169,2177,2130,2143,2147,2077,1982,2093,2144,2160,2135
2148: 2224,2498,2499
2659: 2615,2096,2290
2150: 2107,2185,2225,2219,2288,2312,2252,2250,2131,2251,2253,2244,2246,2300,2216,2283,2162,2256,2249,2129,2247,2248,2323,2282,2159,2163,2062,2138,2182,2183,2188,2186,2259,2184,1994,2187
2151: 2653,540
2152: 2433,915,2487,2429,2480,2477,2456,2485,2377,2476,2475,2523,2512,2427,2461,2157,2417,2379,2465,2364,2357,2352,2414,2355,2310,2419,2416,2365,2378,2265
2377: 2476,2475,2523,2512,2427,2487,2429,2480,2477,2456,2485,853,1677,2461,2157,2379,2433,915,2152,2465,2364
2154: 2309,2308,2016,2238,2357,2355,2310,2419,2365,2265,2319,2341,2420,2156,2322,2321,2314,2331,2214,2218,2330,2226,2155,2353,1961,2235,2225,2219,2288,2252,2250,2131,2251
2155: 2226,2353,1961,2235,2055,2178,2400,2315,2313,2319,2341,2420,2156,2322,2321,2314,2309,2308,2016,2154,2238,2318,2316,2180,2317,2225,2112,2205,2169,2177,2130,2256,2249,2129,2247,2248
2156: 2319,2341,2420,2322,2321,2314,2357,2158,2414,2355,2310,2419,2365,2265,2055,2178,2400,2315,2313,2309,2308,2016,2154,2238,2318,2316,2180,2226,2155,2353,1961,2235,2225
2157: 2461,2417,2379,2466,2402,2487,2429,2480,2477,2456,2485,2377,2475,2512,2427,2431,2433,915,2152,2432,2403,2415,2356,2357,2158,2352,2414,2355,2310,2419,2416,2365,2378,2265
2158: 2357,2352,2414,2355,2310,2431,2461,2157,2417,2379,2432,2403,2415,2356,2406,2320,2419,2416,2365,2378,2265,2055,2178,2400,2315,2313,2319,2341,2420,2156,2322,2321,2314,2308
2159: 2323,2282,2312,2253,2244,2246,2283,2107,2185,2150,2110,2261,2182,2183,2188,2186,2045,2184,1994,2204,2187,2181,2091,2337,2201,2258
2160: 2093,2144,2135,2142,2122,2169,2177,2130,2162,2256,2129,2248,2147,1982,2163,2062,2138,2114,2113,2134,2054,2080,2037,2092,2133
2161: 2260,2199,2329,2197,2098,2097,512
2164: 2104,2210,2103,2143,2228,2038,2227,2229,2050,2087
2165: 2349,2031,1976,583
2166: 2383,2385,2367,2384,2479,2399,2301,2305,2307,2445,2443,2168,2233,2348,2389,2304,2105,1997,2208,2359,2270,2346,2231,2190
2167: 2213,2232,1997,2208,2359,2270,2346,2231,2190,2211,2207,2120,2210,2103,2143
2168: 2445,2443,2233,2348,588,2479,2399,2459,2383,2166,2385,2367,2384,2418,1997,2208,2359
2169: 2122,2177,2130,2318,2316,2180,2317,2155,2353,1961,2235,2225,2202,2112,2278,2205,2142,2162,2256,2249,2129,2247,2248,2147,2077,1982,2093,2144,2160,2135,2163,2062
2170: 2127,2163,2062,2138,2182,2183,2188,2186,2259,2045,2184,1994,2204,2187,2037,2092,2133,2076,2108,2049,568
2406: 2432,2403,2415,2356,2320,2179,2431,2461,2417,2306,2301,2305,2307,2357,2158,2352,2414,2355,2389,2304,2105,2055,2178,2400,2315,2313,2319,2321,2314
2658: 2612,2630,2639,2637,2613,2564,2610,2609,2682,2493,2689,2611,2704,2646
2173: 2358,580,2198
2174: 2274,2455,2286
2761: 2759,2741,2778,2781,2468,2566,2775,2760,2776
2734: 2715,2735
2177: 2122,2169,2130,2318,2316,2180,2317,2226,2155,2353,1961,2235,2225,2202,2112,2278,2205,2142,2162,2256,2249,2129,2247,2248,1982,2093,2144,2160,2135,2163,2062
2178: 2055,2400,2315,2313,2307,2406,2320,2357,2158,2355,2389,2304,2319,2341,2420,2156,2322,2321,2314,2270,2190,2318,2316,2180,2317,2226,2155,2353,1961,2235
2179: 2547,2430,2522,2484,2548,2524,2222,2466,2402,2530,2434,2460,2458,1989,2471,2431,2306,2301,2305,2307,2432,2403,2415,2356,2406
2180: 2318,2316,2317,2389,2304,2055,2178,2400,2315,2313,2319,2156,2321,2314,2270,2346,2231,2190,2155,2353,1961,2235,2120,2202,2112,2278,2205,2142,2122,2169,2177
2181: 2091,2337,2201,2258,2140,2323,2282,2159,2342,2110,2261,2338,2339,2094,2045,2184,1994,2204,2187,2281,2279,2139,2280,2272
2182: 2183,2188,2186,2259,2162,2256,2107,2185,2150,2323,2282,2159,2062,2138,2045,2184,1994,2204,2187,2127,2170
2183: 2182,2188,2186,2259,2162,2256,2107,2185,2150,2323,2282,2159,2163,2062,2138,2045,2184,1994,2204,2187,2127,2170
2184: 2045,1994,2204,2187,2107,2185,2150,2323,2282,2159,2261,2182,2183,2188,2186,2259,2181,2091,2337,2201,2258,2127,2170,2272
2185: 2107,2150,2312,2252,2250,2131,2253,2246,2283,2162,2256,2323,2282,2159,2163,2062,2138,2182,2183,2188,2186,2259,2045,2184,1994,2204,2187
2186: 2182,2183,2188,2259,2162,2256,2107,2185,2150,2323,2282,2159,2163,2062,2138,2045,2184,1994,2204,2187,2133,2127,2170
2187: 2045,2184,1994,2204,2107,2185,2150,2323,2282,2159,2182,2183,2188,2186,2259,2181,2091,2258,2127,2170,2076,2272
2188: 2182,2183,2186,2259,2162,2256,2107,2185,2150,2323,2159,2163,2062,2138,2045,2184,1994,2204,2187,2037,2133,2127,2170
2189: 2255,1991,1886,1867,1913,995
2191: 2196,2132,2002,2237,2338,2339,2089,2094,2345,2405,2277,2193,2332,2395,2391,2066,2281,2279,2139,2280,2335,2271,2260,2199,2329,2197
2683: 2682,2639,2612,2675,2700,2657,2611
2193: 2405,2277,2340,2338,2339,2089,2094,2345,2332,2395,2391,2066,2437,2281,2279,2139,2196,2132,2191,2002,2237,2335,2271
2344: 2275,2381,2044,2408,2324,2241,2046,2386,2423,2425,2242,2240,2347,2245,2404,2110,2338,2089,2094,2345
2195: 2544,2451,2340,2435,2437,2422
2196: 2132,2191,2002,2237,2338,2339,2089,2094,2345,2405,2277,2193,2395,2391,2066,2281,2279,2139,2280,2335,2271,2260,2199,2329,2197
2197: 2329,2196,2132,2191,2002,2237,2335,2271,2529,2428,2260,2199,2161,2097
2198: 580,2145,2173,2358
2199: 2260,2281,2279,2139,2280,2196,2132,2191,2002,2237,2335,2271,2236,2329,2197,2098,2161,2097
2343: 2436
2203: 2393,990,2725,2695
2204: 2045,2184,1994,2187,2107,2185,2323,2282,2159,2261,2182,2183,2188,2186,2181,2091,2337,2201,2258,2140,2127,2170,2076,2272
2205: 2202,2112,2278,2142,2270,2190,2318,2316,2180,2317,2155,2353,1961,2235,2120,2122,2169,2177,2130,2143,2147,1982,2144,2135
2206: 2117
2207: 2211,2418,2426,1997,2208,2359,2366,2213,2232,2167,2031,1976,2210,2103
2208: 2359,2443,2168,2233,2348,2383,2166,2385,2367,2384,2389,2304,2105,1997,2270,2346,2231,2190,2211,2207,2213,2232,2167,2120
2209: 2446,2447,2448
2210: 2211,2207,2213,2232,2167,2031,1976,2103,2104,2164
2211: 2207,2426,1997,2208,2359,2366,2213,2232,2167,2031,1976,2210,2103
2773: 2597,2777,2747,2772,2742,2786,2784,2749,2511,2745,2764
2213: 2232,2167,1997,2208,2359,2211,2207,2120,2210,2103
2214: 2331,2218,2330,2365,2265,2267,2333,2263,2409,2309,2308,2016,2154,2238,2311,2024,2215,2374,2225,2219,2288,2312,2252,2250,2131,2251,2253,2244,2246,2300,2216
2215: 2311,2299,2024,2351,2374,2394,2262,2263,2409,2243,2325,2331,2214,2218,2330,2044,2219,2288,2312,2253,2244,2246,2300,2216,2283,2240,2347,2245
2216: 2253,2244,2246,2300,2283,2331,2214,2218,2330,2311,2299,2024,2351,2215,2374,2044,2219,2288,2312,2252,2250,2131,2251,2240,2347,2107,2150,2323,2282
2217: 2362,2361,2334,2488,2464,2268,2463,2462,2454,2266,2373,2505,2394,2262,2410,2293,2363,2292,2243,2439,2325,2411
2218: 2331,2214,2330,2419,2416,2365,2378,2265,2267,2333,2394,2262,2263,2409,2410,2040,2309,2308,2016,2154,2238,2311,2299,2024,2351,2215,2374,2219,2288,2312,2131,2251,2300,2216
2219: 2288,2312,2252,2250,2131,2251,2309,2308,2016,2154,2238,2331,2214,2218,2330,2311,2024,2351,2215,2225,2253,2244,2246,2300,2216,2283,2162,2256,2249,2129,2247,2107,2150,2323,2282
2353: 2226,2155,1961,2235,2178,2400,2315,2313,2319,2341,2156,2321,2314,2154,2238,2318,2316,2180,2317,2225,2202,2112,2278,2205,2142,2122,2169,2177,2130,2249,2129,2247,2248
2223: 2072,583,966,444
2224: 2148,2498,2499,2286
2225: 2319,2341,2420,2156,2322,2321,2314,2309,2308,2016,2154,2238,2331,2214,2330,2226,2155,2353,1961,2235,2219,2288,2312,2252,2250,2131,2251,2169,2177,2130,2162,2256,2249,2129,2247,2248,2107,2150
2226: 2155,2353,1961,2235,2178,2400,2315,2313,2319,2341,2420,2156,2322,2321,2314,2309,2308,2016,2154,2238,2318,2316,2225,2112,2177,2130,2256,2249,2129,2247,2248
2227: 2228,2038,2229,2143,2147,2077,2104,2164,2137,2114,2121,2099
2228: 2038,2227,2229,2143,2147,2077,2104,2164,2137,2114,2121,2099
2229: 2228,2038,2227,2143,2147,2077,2104,2164,2137,2114,2121,2099
2437: 2332,2395,2391,2066,2404,2340,2195,2405,2277,2193,2422,2474,2002,2335,2271,2529,2428
2231: 2270,2346,2190,2383,2166,2385,2367,2384,2389,2304,2105,2315,2208,2359,2318,2316,2180,2317,2167,2120,2202,2278
2235: 2226,2155,2353,1961,2178,2315,2313,2319,2341,2420,2156,2321,2314,2309,2308,2016,2154,2238,2318,2316,2180,2317,2225,2112,2205,2142,2122,2169,2177,2130,2162,2256,2249,2129,2247,2248
2236: 2091,2201,2140,2281,2279,2139,2280,2132,2237,2272,2043,2260,2199,2042,2098
2237: 2196,2132,2191,2002,2338,2339,2089,2094,2345,2405,2277,2193,2395,2066,2281,2279,2139,2280,2335,2271,2236,2260,2199,2329,2197
2599: 2600,2598,2562,2528
2240: 2347,2245,2311,2299,2024,2351,2215,2044,2408,2324,2241,2253,2244,2246,2300,2216,2283,2344,2275,2381,2282,2110,2261,2338,2089,2094
2241: 2408,2324,2046,2386,2293,2363,2292,2243,2439,2325,2411,2424,2044,2423,2425,2242,2240,2347,2245,2344,2275,2381
2242: 2423,2425,2411,2388,2424,2452,2497,2408,2324,2241,2046,2386,2382,2344,2404
2243: 2293,2363,2292,2439,2325,2454,2266,2217,2362,2361,2334,2394,2262,2263,2409,2410,2040,2411,2311,2299,2024,2351,2215,2374,2044,2408,2324,2241,2046,2386
2244: 2253,2246,2300,2216,2283,2331,2214,2311,2299,2024,2351,2215,2374,2044,2219,2288,2312,2250,2131,2240,2347,2245,2107,2150,2323,2282,2159,2110
2245: 2240,2347,2351,2215,2044,2408,2324,2241,2046,2386,2244,2246,2283,2344,2275,2381,2110,2338,2339,2089,2094,2345
2246: 2253,2244,2300,2216,2283,2331,2214,2311,2299,2024,2351,2215,2374,2044,2219,2288,2312,2252,2250,2131,2251,2240,2347,2245,2107,2185,2150,2323,2282,2159,2110
2247: 2162,2256,2249,2129,2248,2226,2155,2353,1961,2235,2225,2219,2252,2250,2131,2251,2122,2169,2177,2130,2107,2150,2144,2163,2062,2138,2259
2248: 2162,2256,2249,2129,2247,2226,2155,2353,1961,2235,2225,2252,2250,2131,2251,2122,2169,2177,2130,2107,2150,2144,2160,2163,2062,2138,2259
2249: 2162,2256,2129,2247,2248,2226,2155,2353,1961,2235,2225,2219,2288,2312,2252,2250,2131,2251,2169,2177,2130,2107,2150,2144,2163,2062,2138,2259
2250: 2219,2288,2312,2252,2131,2251,2309,2308,2016,2154,2238,2331,2214,2225,2253,2244,2246,2300,2216,2162,2256,2249,2129,2247,2248,2107,2185,2150,2323,2282
2251: 2219,2288,2312,2252,2250,2131,2309,2308,2016,2154,2238,2331,2214,2218,2330,2024,2225,2253,2246,2300,2216,2162,2256,2249,2129,2247,2248,2107,2150,2323
2252: 2219,2288,2312,2250,2131,2251,2309,2154,2238,2331,2214,2225,2253,2246,2300,2216,2162,2256,2249,2129,2247,2248,2107,2185,2150,2323,2282
2253: 2244,2246,2300,2216,2283,2331,2214,2311,2024,2351,2215,2219,2288,2312,2252,2250,2131,2251,2240,2347,2107,2185,2150,2323,2282,2159,2110
2731: 2710
2256: 2162,2249,2129,2247,2248,2226,2155,2235,2225,2219,2252,2250,2131,2251,2122,2169,2177,2130,2107,2185,2150,2093,2144,2160,2163,2062,2138,2182,2183,2188,2186,2259
2663: 2661,2633,945,2674,2673,2614,2675,2700
2259: 2182,2183,2188,2186,2162,2256,2249,2129,2247,2248,2107,2185,2150,2323,2163,2062,2138,2184,1994,2187,2037,2133,2127,2170
2260: 2199,2281,2279,2139,2280,2196,2132,2191,2002,2237,2335,2271,2236,2329,2197,2161,2097
2262: 2394,2263,2409,2410,2040,2392,1671,2454,2266,2217,2362,2361,2334,2267,2333,2293,2363,2292,2243,2439,2325,2218,2330,2311,2299,2024,2351,2215,2374,2044
2263: 2394,2262,2409,2410,2040,2465,2392,1671,2454,2266,2334,2267,2333,2293,2243,2325,2331,2214,2218,2330,2311,2299,2024,2351,2215,2374
2600: 2598,2562,2599,2528
2265: 2419,2416,2365,2378,2157,2379,2433,915,2152,2392,2357,2158,2352,2414,2355,2310,2267,2333,2319,2341,2420,2156,2322,2321,2309,2308,2016,2154,2238,2331,2214,2218,2330
2266: 1701,1700,1671,2454,2488,2464,2462,2465,2392,2364,2217,2362,2361,2334,2267,2333,2394,2262,2263,2409,2410,2040,2293,2363,2292,2243,2439,2325
2267: 2333,915,2465,2392,2364,1671,2454,2266,2416,2365,2378,2265,2394,2262,2263,2409,2410,2040,2309,2308,2016,2331,2214,2218,2330,2311,2299,2024,2374
2268: 2463,2462,2488,2464,1700,2454,2217,2362,2361,2334,2373,2505
2307: 2306,2301,2305,2460,2458,1989,2179,2431,2479,2399,2459,2432,2403,2415,2356,2406,2320,2383,2166,2385,2367,2384,2389,2304,2105,2055,2178,2400,2315,2313
2270: 2346,2231,2190,2383,2166,2385,2367,2384,2389,2304,2105,2055,2178,2400,2315,2313,2208,2359,2318,2316,2180,2317,2167,2120,2202,2112,2278,2205,2142
2271: 2335,2405,2277,2193,2332,2395,2391,2066,2437,2422,2474,2196,2132,2191,2002,2237,2529,2428,2260,2199,2329,2197
2272: 2043,2045,2184,2204,2187,2181,2091,2337,2201,2258,2140,2281,2279,2139,2280,2076,2236,2115
2469: 2588,2587
2274: 2369,2146,2455,2174
2275: 2344,2381,2044,2408,2324,2241,2240,2347,2245,2110,2261,2338,2339,2089,2094,2345,2405,2277
2669: 2575,2672,931
2277: 2405,2193,2275,2404,2340,2338,2339,2089,2094,2345,2332,2395,2391,2066,2437,2196,2132,2191,2002,2237,2335,2271
2278: 2202,2112,2205,2142,2270,2346,2231,2190,2318,2316,2180,2317,2353,1961,2120,2122,2169,2177,2143,2147,1982,2144,2135
2279: 2281,2139,2280,2261,2338,2339,2089,2094,2345,2193,2181,2091,2337,2201,2258,2140,2196,2132,2191,2002,2237,2272,2043,2236,2260,2199
2280: 2281,2279,2139,2261,2338,2339,2094,2181,2091,2337,2201,2258,2140,2196,2132,2191,2002,2237,2272,2043,2236,2260,2199
2282: 2323,2159,2219,2288,2312,2252,2250,2253,2244,2246,2300,2216,2283,2240,2347,2107,2185,2150,2110,2261,2182,2183,2186,2045,2184,1994,2204,2187,2181,2337,2258
2283: 2253,2244,2246,2300,2216,2311,2024,2351,2215,2044,2219,2288,2312,2240,2347,2245,2107,2185,2150,2323,2282,2159,2110,2261
2345: 2338,2339,2089,2094,2245,2344,2275,2381,2404,2110,2261,2405,2277,2193,2337,2140,2281,2279,2139,2196,2132,2191,2002,2237
2285: 2525,2371,2396
2286: 2224,2499,2174,2565,2442
2287: 485,2519
2288: 2219,2312,2252,2250,2131,2251,2309,2308,2016,2154,2238,2331,2214,2218,2330,2311,2299,2024,2351,2215,2374,2225,2253,2244,2246,2300,2216,2283,2249,2107,2150,2323,2282
2290: 2096,2659,2615
2291: 2438,2373,2505,2411,2388,2424,2452,2497
2292: 2293,2363,2243,2439,2325,2454,2266,2217,2362,2361,2334,2505,2394,2262,2410,2411,2299,2351,2374,2044,2408,2324,2241,2046,2386
2293: 2363,2292,2243,2439,2325,2454,2266,2217,2362,2361,2334,2373,2505,2394,2262,2263,2409,2410,2040,2411,2311,2299,2024,2351,2374,2044,2324,2241,2046,2386
2767: 2745,2764,2557,2783,2765,2788,2744,2753,2738,2789,2782,2790,2743,2755,2774
2601: 2467,2514,2769
2543: 
2439: 2293,2363,2292,2243,2325,2454,2266,2217,2362,2361,2334,2373,2505,2394,2262,2410,2411,2299,2374,2044,2408,2324,2241,2046,2386
2525: 2371,2285,2396
2299: 2311,2024,2351,2215,2374,2267,2333,2394,2262,2263,2409,2410,2040,2293,2292,2243,2439,2325,2331,2218,2330,2044,2288,2244,2246,2300,2216,2240,2347
2300: 2253,2244,2246,2216,2283,2331,2214,2218,2330,2311,2299,2024,2351,2215,2374,2044,2219,2288,2312,2252,2250,2131,2251,2240,2347,2107,2150,2323,2282
2301: 2306,2305,2307,2460,2458,1989,2471,2179,2431,2479,2399,2459,2432,2403,2415,2356,2406,2320,2383,2166,2385,2367,2389,2304,2105,2055,2400,2315
2741: 2761,2759,2778,2781,2468,2566,2775,2760,2776,2779
2303: 2556,2482,2481,2555,2483,2547,2430,2522,2460,2458,1989,2471,588,2479,2399,2459
2304: 2389,2105,2479,2399,2306,2301,2305,2307,2406,2320,2383,2166,2385,2367,2384,2055,2178,2400,2315,2313,2208,2359,2270,2346,2231,2190,2180,2317
2305: 2306,2301,2307,2460,2458,1989,2179,2431,2479,2399,2459,2432,2403,2415,2356,2406,2320,2383,2166,2385,2367,2389,2304,2105,2055,2400,2315,2313
2306: 2301,2305,2307,2460,2458,1989,2471,2179,2431,2479,2399,2459,2432,2403,2415,2356,2406,2320,2383,2385,2367,2389,2304,2105,2055,2400
2308: 2309,2016,2154,2238,2357,2158,2414,2355,2310,2419,2416,2365,2378,2265,2267,2333,2319,2341,2420,2156,2322,2321,2314,2331,2214,2218,2330,2226,2155,2235,2225,2219,2288,2250,2131,2251
2309: 2308,2016,2154,2238,2310,2419,2365,2378,2265,2267,2333,2319,2341,2420,2156,2322,2321,2331,2214,2218,2330,2226,2155,2235,2225,2219,2288,2312,2252,2250,2131,2251
2310: 2357,2158,2352,2414,2355,2461,2157,2417,2379,2433,915,2152,2415,2356,2419,2416,2365,2378,2265,2055,2400,2319,2341,2420,2156,2322,2321,2309,2308,2016,2154,2238
2313: 2055,2178,2400,2315,2305,2307,2406,2320,2158,2355,2389,2304,2319,2341,2420,2156,2321,2314,2270,2190,2318,2316,2180,2317,2226,2155,2353,1961,2235
2314: 2319,2341,2420,2156,2322,2321,2356,2406,2320,2357,2158,2355,2055,2178,2400,2315,2313,2308,2154,2238,2318,2316,2180,2317,2226,2155,2353,1961,2235,2225
2315: 2055,2178,2400,2313,2301,2305,2307,2406,2320,2158,2355,2389,2304,2319,2341,2156,2321,2314,2270,2346,2231,2190,2318,2316,2180,2317,2226,2155,2353,1961,2235
2316: 2318,2180,2317,2389,2055,2178,2400,2315,2313,2319,2341,2156,2321,2314,2270,2346,2231,2190,2226,2155,2353,1961,2235,2202,2112,2278,2205,2142,2122,2169,2177,2130
2317: 2318,2316,2180,2389,2304,2055,2178,2400,2315,2313,2319,2314,2270,2346,2231,2190,2155,2353,1961,2235,2120,2202,2112,2278,2205,2142,2122,2169,2177
2318: 2316,2180,2317,2389,2055,2178,2400,2315,2313,2319,2341,2156,2321,2314,2270,2231,2190,2226,2155,2353,1961,2235,2202,2112,2278,2205,2142,2122,2169,2177,2130
2319: 2341,2420,2156,2322,2321,2314,2432,2403,2415,2356,2406,2320,2357,2158,2352,2414,2355,2310,2419,2365,2265,2055,2178,2400,2315,2313,2309,2308,2016,2154,2238,2318,2316,2180,2317,2226,2155,2353,1961,2235,2225
2320: 2432,2403,2415,2356,2406,2431,2306,2301,2305,2307,2357,2158,2352,2414,2355,2389,2304,2105,2055,2178,2400,2315,2313,2319,2321,2314
2322: 2319,2341,2420,2156,2321,2314,2415,2356,2357,2158,2352,2414,2355,2310,2419,2416,2365,2378,2265,2055,2178,2400,2309,2308,2016,2154,2238,2226,2155,2225
2323: 2282,2159,2219,2288,2312,2252,2250,2131,2251,2253,2244,2246,2300,2216,2283,2107,2185,2150,2110,2261,2182,2183,2188,2186,2259,2045,2184,1994,2204,2187,2181,2258
2324: 2408,2241,2046,2386,2293,2363,2292,2243,2439,2325,2411,2424,2044,2423,2425,2242,2240,2347,2245,2344,2275,2381
2325: 2293,2363,2292,2243,2439,2454,2266,2217,2362,2361,2334,2394,2262,2263,2409,2410,2040,2311,2299,2024,2351,2215,2374,2044,2324,2241,2386
2523: 2377,2476,2475,2512,2427,2487,2429,2480,2477,2456,2485,853,1677,2433,915,2152,2465,2364
2407: 2551
2735: 2732,2727,2715,2680,2734,1746,1708
2329: 2197,2196,2132,2191,2002,2237,2335,2271,2529,2428,2260,2199,2161,2097
2330: 2331,2214,2218,2419,2416,2365,2378,2265,2267,2333,2394,2262,2263,2409,2410,2040,2309,2308,2016,2154,2238,2311,2299,2024,2351,2215,2374,2225,2219,2288,2312,2131,2251,2300,2216
2331: 2214,2218,2330,2365,2265,2267,2333,2263,2409,2309,2308,2016,2154,2238,2311,2299,2024,2351,2215,2374,2225,2219,2288,2312,2252,2250,2131,2251,2253,2244,2246,2300,2216
2332: 2395,2391,2066,2437,2404,2340,2405,2277,2193,2422,2474,2191,2002,2335,2271,2529,2428
2333: 2267,915,2465,2392,2364,1700,1671,2454,2266,2416,2365,2378,2265,2394,2262,2263,2409,2410,2040,2309,2308,2016,2331,2214,2218,2330,2311,2299,2024,2374
2334: 2217,2362,2361,2488,2464,2268,2462,1700,1671,2454,2266,2373,2505,2394,2262,2263,2409,2410,2040,2293,2363,2292,2243,2439,2325
2335: 2271,2405,2277,2193,2332,2395,2391,2066,2437,2422,2474,2196,2132,2191,2002,2237,2529,2428,2260,2199,2329,2197
2336: 2070,511,911
2337: 2181,2091,2201,2258,2140,2282,2159,2342,2110,2261,2338,2339,2089,2094,2345,2045,2184,2204,2281,2279,2139,2280,2272
2338: 2339,2089,2094,2345,2240,2347,2245,2344,2275,2381,2342,2110,2261,2405,2277,2193,2181,2091,2337,2201,2258,2140,2281,2279,2139,2280,2196,2132,2191,2002,2237
2339: 2338,2089,2094,2345,2245,2275,2381,2110,2261,2405,2277,2193,2181,2091,2337,2201,2258,2140,2281,2279,2139,2280,2196,2132,2191,2002,2237
2340: 2382,2404,2195,2405,2277,2193,2332,2395,2391,2066,2437,2422,2474
2341: 2319,2420,2156,2322,2321,2314,2357,2158,2414,2355,2310,2419,2365,2265,2055,2178,2400,2315,2313,2309,2308,2016,2154,2238,2318,2316,2226,2155,2353,1961,2235,2225
2342: 2110,2261,2338,2094,2181,2337
2348: 2445,2443,2168,2233,588,2479,2399,2383,2166,2385,2367,2384,2418,2426,1997,2208,2359
2349: 2165,2031,1976,583
2350: 1773,2565,2442
2351: 2311,2299,2024,2215,2374,2394,2262,2263,2293,2292,2243,2325,2331,2218,2330,2044,2219,2288,2312,2253,2244,2246,2300,2216,2283,2240,2347,2245
2352: 2357,2158,2414,2355,2310,2431,2461,2157,2417,2379,2433,915,2152,2432,2403,2415,2356,2406,2320,2419,2416,2365,2378,2265,2055,2400,2319,2420,2322,2321
2590: 2627,2495,2592,2449,2595,2596,2398,1454,1323
2355: 2357,2158,2352,2414,2310,2431,2461,2157,2417,2379,2152,2432,2403,2415,2356,2406,2320,2419,2416,2365,2378,2265,2055,2178,2400,2315,2313,2319,2341,2420,2156,2322,2321,2314,2308,2016,2154
2356: 2432,2403,2415,2406,2320,2179,2431,2461,2157,2417,2379,2306,2301,2305,2307,2357,2158,2352,2414,2355,2310,2055,2400,2319,2420,2322,2321,2314
2357: 2158,2352,2414,2355,2310,2461,2157,2417,2379,2433,2152,2432,2403,2415,2356,2406,2320,2419,2416,2365,2378,2265,2055,2178,2400,2319,2341,2420,2156,2322,2321,2314,2308,2016,2154,2238
2358: 2173,580,2198
2359: 2208,2443,2168,2233,2348,2383,2166,2385,2367,2384,2389,2304,2105,1997,2270,2346,2231,2190,2211,2207,2213,2232,2167
2360: 2503
2361: 2217,2362,2334,2464,2268,2462,2454,2266,2373,2505,2394,2262,2410,2293,2363,2292,2243,2439,2325,2411
2362: 2217,2361,2334,2488,2464,2268,2463,2462,2454,2266,2373,2505,2394,2262,2410,2293,2363,2292,2243,2439,2325
2363: 2293,2292,2243,2439,2325,2454,2266,2217,2362,2361,2334,2373,2505,2394,2262,2410,2411,2324,2241,2046,2386
2364: 2465,2392,2377,2476,2475,2523,2512,2427,853,1677,2488,2464,2433,915,2152,1700,1671,2266,2416,2378,2267,2333,2409,2410,2040
2365: 2419,2416,2378,2265,2157,2379,2433,915,2152,2357,2158,2352,2414,2355,2310,2267,2333,2319,2341,2420,2156,2322,2321,2309,2308,2016,2154,2238,2331,2214,2218,2330
2366: 2418,2426,1997,2211,2207,2031,1976
2367: 2383,2166,2385,2384,588,2479,2399,2459,2306,2301,2305,2307,2445,2443,2168,2233,2348,2389,2304,2105,2208,2359,2270,2346,2231,2190
2369: 2473,2146,2274
2370: 2521
2371: 2525,2285,2396
2485: 2487,2429,2480,2477,2456,2524,2222,2466,2402,2530,2434,2377,2476,2475,2523,2512,2427,2431,2461,2157,2417,2379,2433,915,2152
2373: 2505,2268,2463,2462,2217,2362,2361,2334,2438,2291,2293,2363,2439,2411
2374: 2311,2299,2024,2351,2215,2267,2333,2394,2262,2263,2409,2410,2040,2293,2292,2243,2439,2325,2331,2214,2218,2330,2044,2288,2244,2246,2300,2216,2347
2555: 2483,2547,2522,2556,2303,2482,2481,2471
2740: 2755,2774,2754
2378: 2419,2416,2365,2265,2157,2417,2379,2433,915,2152,2465,2364,2357,2158,2352,2414,2355,2310,2267,2333,2420,2322,2321,2309,2308,2016,2218,2330
2379: 2461,2157,2417,2429,2480,2456,2485,2377,2475,2512,2427,2431,2433,915,2152,2403,2415,2356,2357,2158,2352,2414,2355,2310,2419,2416,2365,2378,2265
2477: 2487,2429,2480,2456,2485,2524,2222,2466,2402,2377,2476,2475,2523,2512,2427,2461,2157,2433,915,2152
2381: 2344,2275,2044,2408,2324,2241,2046,2386,2423,2425,2240,2347,2245,2110,2261,2338,2339,2089,2094,2345
2382: 2424,2452,2497,2423,2425,2242,2404,2340
2383: 2166,2385,2367,2384,2479,2399,2306,2301,2305,2307,2445,2443,2168,2233,2348,2389,2304,2105,1997,2208,2359,2270,2346,2231,2190
2384: 2383,2166,2385,2367,2479,2399,2307,2445,2443,2168,2233,2348,2389,2304,2105,1997,2208,2359,2270,2346,2231,2190
2385: 2383,2166,2367,2384,2479,2399,2306,2301,2305,2307,2445,2443,2168,2233,2348,2389,2304,2105,1997,2208,2359,2270,2346,2231,2190
2386: 2408,2324,2241,2046,2293,2363,2292,2243,2439,2325,2411,2424,2044,2423,2425,2242,2245,2344,2381
2466: 2524,2222,2402,2530,2434,2484,2548,2487,2429,2480,2477,2456,2485,2179,2431,2461,2157,2417
2388: 2424,2438,2291,2411,2452,2497,2423,2425,2242
2389: 2304,2105,2479,2399,2306,2301,2305,2307,2406,2320,2383,2166,2385,2367,2384,2055,2178,2400,2315,2313,2208,2359,2270,2346,2231,2190,2318,2316,2180,2317
2524: 2222,2466,2402,2530,2434,2484,2548,2487,2429,2480,2477,2456,2485,2179,2431,2461,2417
2391: 2332,2395,2066,2437,2404,2340,2405,2277,2193,2422,2474,2196,2191,2002,2335,2271,2529,2428
2392: 2465,2364,853,1677,2488,2464,915,1701,1700,1671,2454,2266,2416,2265,2267,2333,2394,2262,2263,2409,2410,2040
2393: 2203,990,2725
2394: 2262,2263,2409,2410,2040,2392,1671,2454,2266,2217,2362,2361,2334,2267,2333,2293,2363,2292,2243,2439,2325,2218,2330,2311,2299,2024,2351,2215,2374,2044
2395: 2332,2391,2066,2437,2340,2405,2277,2193,2422,2474,2196,2132,2191,2002,2237,2335,2271,2529,2428
2396: 2525,2371,2285,2545,2584
2488: 2464,853,1677,2268,2463,2462,2465,2392,2364,1700,1671,2454,2266,2217,2362,2334
2398: 2573,2627,2590,2575,2672
2399: 2479,2459,2303,2482,2460,2458,1989,2471,588,2306,2301,2305,2307,2445,2443,2168,2233,2348,2383,2166,2385,2367,2384,2389,2304,2105
2570: 2095,2099
2402: 2524,2222,2466,2530,2434,2484,2548,2487,2429,2480,2477,2456,2485,2179,2431,2461,2157,2417
2403: 2432,2415,2356,2406,2320,2179,2431,2461,2157,2417,2379,2306,2301,2305,2307,2357,2158,2352,2414,2355,2055,2400,2319,2321
2404: 2408,2046,2423,2425,2242,2382,2344,2340,2089,2345,2405,2277,2332,2391,2437
2405: 2277,2193,2275,2404,2340,2338,2339,2089,2094,2345,2332,2395,2391,2066,2437,2196,2132,2191,2002,2237,2335,2271
2408: 2324,2241,2046,2386,2292,2243,2439,2411,2424,2044,2423,2425,2242,2240,2347,2245,2344,2275,2381,2404
2409: 2394,2262,2263,2410,2040,2465,2392,2364,1700,1671,2454,2266,2334,2267,2333,2293,2243,2325,2331,2214,2218,2330,2311,2299,2024,2215,2374
2410: 2394,2262,2263,2409,2040,2465,2392,2364,1701,1700,1671,2454,2266,2217,2362,2361,2334,2267,2333,2293,2363,2292,2243,2439,2325,2218,2330,2311,2299,2024,2374
2411: 2217,2361,2373,2438,2291,2293,2363,2292,2243,2439,2388,2424,2408,2324,2241,2046,2386,2423,2425,2242
2593: 2641,514
2560: 1933,2539,2709,1951,2541,2516,2559,2486,2504,2708,2501
2414: 2357,2158,2352,2355,2310,2431,2461,2157,2417,2379,2433,915,2152,2432,2403,2415,2356,2406,2320,2419,2416,2365,2378,2265,2055,2400,2319,2341,2420,2156,2322,2321,2308
2415: 2432,2403,2356,2406,2320,2179,2431,2461,2157,2417,2379,2306,2301,2305,2307,2357,2158,2352,2414,2355,2310,2055,2400,2319,2420,2322,2321
2416: 2419,2365,2378,2265,2461,2157,2417,2379,2433,915,2152,2465,2392,2364,2357,2158,2352,2414,2355,2310,2267,2333,2420,2322,2308,2016,2218,2330
2417: 2461,2157,2379,2524,2222,2466,2402,2434,2487,2429,2480,2456,2485,2431,2433,2152,2432,2403,2415,2356,2406,2357,2158,2352,2414,2355,2310,2419,2416,2378
2418: 2426,2445,2443,2168,2233,2348,1997,2366,2207
2419: 2416,2365,2378,2265,2461,2157,2417,2379,2433,915,2152,2357,2158,2352,2414,2355,2310,2319,2341,2420,2156,2322,2321,2309,2308,2016,2154,2238,2218,2330
2420: 2319,2341,2156,2322,2321,2314,2415,2356,2357,2158,2352,2414,2355,2310,2419,2416,2365,2378,2265,2055,2178,2400,2313,2309,2308,2016,2154,2238,2226,2155,1961,2235,2225
2422: 2474,2340,2195,2435,2332,2395,2391,2066,2437,2335,2271,2529,2428
2423: 2425,2242,2411,2388,2424,2452,2497,2408,2324,2241,2046,2386,2382,2344,2381,2404
2424: 2388,2438,2291,2411,2452,2497,2408,2324,2241,2046,2386,2423,2425,2242,2382
2425: 2423,2242,2411,2388,2424,2452,2497,2408,2324,2241,2046,2386,2382,2344,2381,2404
2426: 2418,2233,2348,1997,2366,2211,2207
2427: 2377,2476,2475,2523,2512,2487,2429,2480,2477,2456,2485,853,1677,2157,2379,2433,915,2152,2465,2364
2428: 2529,2332,2395,2391,2066,2437,2422,2474,2335,2271,2329,2197
2429: 2487,2480,2477,2456,2485,2524,2222,2466,2402,2377,2476,2475,2523,2512,2427,2431,2461,2157,2417,2379,2433,915,2152
2430: 2547,2522,2484,2548,2303,2482,2460,2458,1989,2471,2179
2431: 2484,2548,2524,2222,2466,2402,2530,2434,2487,2429,2480,2456,2485,2179,2461,2157,2417,2379,2306,2301,2305,2307,2432,2403,2415,2356,2406,2320,2158,2352,2414,2355
2432: 2403,2415,2356,2406,2320,2179,2431,2461,2157,2417,2306,2301,2305,2307,2357,2158,2352,2414,2355,2055,2400,2319,2321
2433: 915,2152,2487,2429,2480,2477,2456,2485,2377,2476,2475,2523,2512,2427,2461,2157,2417,2379,2465,2364,2357,2352,2414,2310,2419,2416,2365,2378,2265
2434: 2524,2222,2466,2402,2530,2484,2548,2487,2456,2485,2179,2431,2461,2417
2435: 2544,2451,2195,2422,2474
2436: 2343
2438: 2291,2373,2505,2411,2388,2424,2452,2497
2471: 2460,2458,1989,2555,2483,2547,2430,2522,2484,2548,2556,2303,2482,2481,2179,588,2479,2399,2459,2306,2301
2441: 2507,2544,2451
2443: 2445,2168,2233,2348,588,2479,2399,2459,2383,2166,2385,2367,2384,2418,1997,2208,2359
2444: 2491
2445: 2443,2168,2233,2348,588,2479,2399,2459,2383,2166,2385,2367,2384,2418,1997
2446: 2447,2209,2448
2447: 2446,2209,2448
2448: 2446,2447,2209
2449: 2595,918,2495,2592,2627,2590,2596,2655
2450: 2561,578
2451: 2507,2441,2544,2195,2435
2452: 2497,2438,2291,2388,2424,2423,2425,2242,2382
2454: 1700,1671,2266,2488,2464,2268,2462,2465,2392,2217,2362,2361,2334,2267,2333,2394,2262,2263,2409,2410,2040,2293,2363,2292,2243,2439,2325
2455: 2274,2174
2456: 2487,2429,2480,2477,2485,2524,2222,2466,2402,2530,2434,2377,2476,2475,2523,2512,2427,2431,2461,2157,2417,2379,2433,915,2152
2652: 2604
2458: 2460,1989,2471,2547,2430,2522,2303,2482,2179,588,2479,2399,2459,2306,2301,2305,2307
2459: 2479,2399,2556,2303,2482,2481,2460,2458,1989,2471,588,2306,2301,2305,2307,2445,2443,2168,2367,2105
2460: 2458,1989,2471,2547,2430,2522,2484,2548,2303,2482,2179,588,2479,2399,2459,2306,2301,2305,2307
2461: 2157,2417,2379,2524,2222,2466,2402,2530,2434,2487,2429,2480,2477,2456,2485,2377,2475,2512,2431,2433,915,2152,2432,2403,2415,2356,2406,2357,2158,2352,2414,2355,2310,2419,2416
2462: 2268,2463,2488,2464,1700,1671,2454,2266,2217,2362,2361,2334,2373,2505
2463: 2268,2462,2488,2464,2217,2362,2373,2505
2464: 2488,853,1677,2268,2463,2462,2465,2392,2364,1700,1671,2454,2266,2217,2362,2361,2334
2465: 2392,2364,2377,2476,2475,2523,2512,2427,853,1677,2488,2464,2433,915,2152,1701,1700,1671,2454,2266,2416,2378,2267,2333,2263,2409,2410,2040
2467: 2514,2123,2586,2550,2769,2601
2468: 2566,2761,2759,2741,2778,2781,2775,2760,2776,2779,2569,2785,2786,2784
2542: 2125,413
2473: 980,2369
2474: 2422,2340,2435,2332,2395,2391,2066,2437,2335,2271,2529,2428
2475: 2377,2476,2523,2512,2427,2487,2429,2480,2477,2456,2485,853,1677,2461,2157,2379,2433,915,2152,2465,2364
2476: 2377,2475,2523,2512,2427,2487,2429,2480,2477,2456,2485,853,1677,2433,915,2152,2465,2364
2479: 2399,2459,2303,2482,2460,2458,1989,2471,588,2306,2301,2305,2307,2445,2443,2168,2233,2348,2383,2166,2385,2367,2384,2389,2304,2105
2480: 2487,2429,2477,2456,2485,2524,2222,2466,2402,2377,2476,2475,2523,2512,2427,2431,2461,2157,2417,2379,2433,915,2152
2481: 2556,2303,2482,2555,2483,2522,2471,588,2459
2482: 2556,2303,2481,2555,2483,2547,2430,2522,2460,2458,1989,2471,588,2479,2399,2459
2483: 2555,2547,2522,2556,2303,2482,2481,2471
2484: 2548,2547,2430,2522,2524,2222,2466,2402,2530,2434,2460,2471,2179,2431
2486: 2504,1884,2708,1951,2541,1882,1830,1933,2560,2489,1907,2501
2487: 2429,2480,2477,2456,2485,2524,2222,2466,2402,2530,2434,2377,2476,2475,2523,2512,2427,2431,2461,2157,2417,2433,915,2152
2489: 1907,1882,1830,2486,2504,1884,2708,1874,2540,927
2710: 2731,2678,2730
2491: 2444
2566: 2468,2761,2759,2741,2778,2781,2776,2569,2785,2786,2784
2493: 2689,2637,2613,2564,2610,2609,2612,2658,2630,2647,2611,2704,2646
2685: 
2495: 2592,918,2449,2595,2627,2590
2496: 1915,2583,1717,1796
2497: 2452,2438,2291,2388,2424,2423,2425,2242,2382
2498: 2148,2224,2499
2499: 2148,2224,2498,2286
2579: 2021,2594,2602,2563,2623
2501: 2516,2559,1933,2560,2539,2709,2486,2504,1884,2708
2595: 2449,918,2495,2592,2627,2590,2596,2655
2503: 2360
2504: 2486,1884,2708,1951,2541,1882,1830,1933,2560,2539,2709,2489,1907,2501
2505: 2373,2268,2463,2462,2217,2362,2361,2334,2438,2291,2293,2363,2292,2439
2563: 2623,2602,2579
2507: 2441,2544,2451
2738: 2753,2763,2789,2782,2790,2743,2766,2765,2788,2767,2739,2751,2755,2774,486,2754
2509: 995,2571,575
2704: 2611,2682,2612,2658,2630,2493,2689,2646,2694
2511: 2749,2745,2569,2785,2786,2784,2773,2777,2747,2748,2750,2771,2757,2787,2764,2766,2768,2765
2512: 2377,2476,2475,2523,2427,2487,2429,2480,2477,2456,2485,853,1677,2461,2157,2379,2433,915,2152,2465,2364
2564: 2637,2613,2610,2609,977,2658,2630,2493,2689,2647
2514: 2467,2123,2586,2550,2769,2601
2727: 2729,2715,2735,2732,2680
2516: 2559,2528,1951,2541,2648,1933,2560,2539,2501
2613: 2637,2564,2610,2609,977,2658,2630,2493,2689
2614: 2674,2673,2661,2633,2663,2692,2722,2675,2700,2721,2687,2642
2519: 485,2287
2528: 2600,2598,2562,2599,2647,2648,2516,2559
2529: 2428,2332,2395,2391,2066,2437,2422,2474,2335,2271,2329,2197
2530: 2524,2222,2466,2402,2434,2484,2548,2487,2456,2485,2179,2431,2461
2539: 1933,2560,2709,1951,2541,2516,2559,2504,2708,2501
2534: 2568,582
2661: 2633,2663,945,2674,2673,2614
2664: 2723,560
2677: 2607,1792,1728
2586: 2123,2550,2467,2514
2545: 2584,2396
2571: 575,2509
2547: 2430,2522,2555,2483,2484,2548,2303,2482,2460,2458,1989,2471,2179
2548: 2484,2547,2430,2522,2524,2466,2402,2530,2434,2460,2471,2179,2431
2549: 
2550: 2123,2586,2467,2514
2551: 1773,2407
2692: 2722,932,2674,2673,2614,2721
2556: 2303,2482,2481,2555,2483,2522,1989,2471,588,2459
2557: 2783,2597,2777,2746,2764,2767,2744
2561: 2450,578
2562: 2600,2598,2599,2528
2565: 2286,2442,1773,2350
2568: 2534,582
2569: 2785,2468,2566,2779,2786,2784,2756,2748,2750,2771,2757,2787,2749,2511,2745
2572: 2624,1717,1796
2573: 2398
2574: 
2576: 2690,2660,945
2584: 2545,2396
2587: 2588,2469,2591
2592: 2495,918,2449,2595,2627,2590
2594: 2021,2579,2602,2623
2596: 2449,2595,2627,2590,2655,1454,1323
2597: 2773,2777,2747,2772,2742,2786,2749,2745,2764,2557,2783
2598: 2600,2562,2599,2528
2606: 2667,2690,2660,977,2639
2607: 2677,1792,1728
2721: 2692,2722,2674,2673,2614,2675,2700,2687,2642,551
2609: 2637,2613,2564,2610,977,2658,2630,2493,2689,2647
2610: 2637,2613,2564,2609,977,2658,2630,2493,2689,2647
2747: 2597,2773,2777,2772,2742,2786,2784,2749,2511,2745,2764
2713: 1820,1858,2729
2623: 2563,2602,2021,2594,2579
2624: 2572,1717,1796
2625: 2589
2673: 2674,2614,2661,2633,2663,2692,2722,2675,2700,2721,2687,2642
2627: 2590,2495,2592,2449,2595,2596,2398,1454,1323
2682: 2683,2639,2612,2658,2630,2657,2611,2704
2775: 2760,2776,2779,2761,2759,2741,2778,2781,2468,2533,2770,2758,2756,2780,2771,2757
2630: 2612,2658,2639,2637,2613,2564,2610,2609,2682,2493,2689,2611,2704
2655: 2449,2595,2596,1454,1323
2672: 2669,2575,2398,503,931
2633: 2661,2663,945,2673,2614
2771: 2748,2750,2757,2787,2775,2760,2776,2779,2569,2785,2786,2784,2533,2770,2758,2756,2780,2791,2749,2511,2745,2768
2642: 2687,2674,2673,2614,2675,2700,2721,2694
2644: 2689,2647,2648,2646
2690: 2660,2576,2667,2606
2646: 2658,2493,2689,2647,2611,2704,2644
2647: 2564,2610,2609,2528,2493,2689,2648,2646,2644
2648: 2528,2647,2516,2559,2644
2675: 2700,2663,2683,2674,2673,2614,2657,2721,2687,2642,2694
2736: 2684
2737: 494,2752,2766,2768,2739,2751
2743: 2753,2763,2738,2789,2782,2790,2766,2765,2788,2767,2739,2751,2755,2774,486
2744: 2764,2557,2783,2767,2755,2774
2745: 2749,2511,2569,2785,2786,2784,2597,2773,2777,2747,2748,2771,2757,2787,2764,2766,2768,2765,2788,2767
2746: 2557,2783,2591
2748: 2750,2771,2757,2787,2779,2569,2785,2786,2784,2533,2770,2756,2791,2749,2511,2745,2768
2749: 2511,2745,2569,2785,2786,2784,2597,2773,2777,2747,2748,2750,2771,2757,2787,2764,2768,2765
2750: 2748,2771,2757,2787,2779,2569,2786,2784,2533,2770,2758,2756,2780,2791,2749,2511,2752,2766,2768,2765
2751: 2739,2752,2766,2768,2765,2788,2737,494,2753,2763,2738,2789,2782,2790,2743
2752: 2533,2770,2758,2756,2791,2750,2757,2787,2766,2768,2737,494,2739,2751
2754: 2763,2738,2789,2782,2755,2774,486,2740
2755: 2774,2788,2767,2744,2753,2763,2738,2789,2782,2790,2743,486,2754,2740
2756: 2533,2770,2758,2780,2791,2775,2760,2776,2779,2569,2785,2748,2750,2771,2757,2787,2752,2768
2757: 2748,2750,2771,2787,2775,2779,2569,2785,2786,2784,2533,2770,2758,2756,2780,2791,2749,2511,2745,2752,2766,2768
2758: 2533,2770,2756,2780,2791,2775,2760,2776,2779,2750,2771,2757,2752,2768
2759: 2761,2741,2778,2781,2468,2566,2775,2760,2776,2779
2762: 2707,439,948,2699
2763: 2753,2738,2789,2782,2790,2743,2766,2765,2788,2739,2751,2755,2774,486,2754
2765: 2788,2750,2787,2749,2511,2745,2764,2766,2768,2767,2739,2751,2753,2763,2738,2789,2782,2790,2743
2766: 2768,2533,2770,2791,2750,2757,2787,2511,2745,2752,2765,2788,2737,494,2739,2751,2753,2763,2738,2789,2782,2790,2743
2769: 2467,2514,2601
2772: 2742,2786,2784,2597,2773,2777,2747
2776: 2775,2760,2779,2761,2759,2741,2778,2781,2468,2566,2758,2756,2780,2771
2777: 2597,2773,2747,2772,2742,2786,2784,2749,2511,2745,2764,2557,2783
2778: 2761,2759,2741,2781,2468,2566,2775,2760,2776
2779: 2775,2760,2776,2759,2741,2468,2569,2785,2533,2770,2758,2756,2780,2791,2748,2750,2771,2757,2787
2780: 2533,2770,2758,2756,2791,2775,2760,2776,2779,2750,2771,2757,2768
2781: 2761,2759,2741,2778,2468,2566,2775,2760,2776
2783: 2557,2597,2777,2746,2764,2767,2744
2784: 2786,2468,2566,2772,2742,2569,2785,2773,2777,2747,2748,2750,2771,2757,2787,2749,2511,2745,2764
2785: 2569,2468,2566,2779,2786,2784,2756,2748,2771,2757,2787,2749,2511,2745
2786: 2784,2468,2566,2772,2742,2569,2785,2597,2773,2777,2747,2748,2750,2771,2757,2787,2749,2511,2745,2764
2787: 2748,2750,2771,2757,2779,2569,2785,2786,2784,2533,2770,2756,2791,2749,2511,2745,2752,2766,2768,2765
2788: 2765,2745,2764,2766,2767,2739,2751,2753,2763,2738,2789,2782,2790,2743,2755,2774
2789: 2753,2763,2738,2782,2790,2743,2766,2765,2788,2767,2739,2751,2755,2774,486,2754