1267: 1251,1219,1221,1250,1252,1249,1253,74,1265,83,1223,1244,1225,1248,1246,8,1266,78,86,103,1261,1247,1260,1240,1256,1254,1258,1257,1220,1263,31,1262,37,1224,2,1241,1206,1242,1243,1230,1255,1233,72,1234,1231,1235
1: 106,476,88,21,1209,1211,1210,1229,1228,62,70,447,199,416,15,449,433,48,1203,232
2: 37,1224,338,86,103,1251,1219,1221,1250,1252,1249,1253,74,1267,1265,413,91,1241,1206,1242,1243,1230,1255,487,68,7,41,10,1205,49,51
3: 168,135,191,465,26,82,64,1204,61,262,267,6,83,219,338,86,103
4: 163,219,338,386,229,413,91,111,115,358,365,244,487,68
5: 204,1208,1229,1228,62,30,35,1202,1227,480,209,199,1203,232
6: 83,465,26,82,64,1204,61,56,185,3,168,135,1223,1225,8,338,86,103,74
7: 41,413,91,37,1224,2,1241,1206,1242,1243,1230,1255,487,68,10,1205,49,51,47,96,28,85,1218,55,45
8: 1223,1244,1225,1248,1246,1266,82,64,1204,61,56,185,66,9,33,6,83,78,86,103,1251,1219,1221,1250,1252,1249,1253,74,1267,1265,1261,1247,1260,1240,1256,1254,1258,1257,1220,1263,31,1262
9: 66,33,384,44,46,12,98,173,145,56,185,67,183,1244,1248,8,78,42,57,95
10: 1205,49,51,37,1224,2,1241,1206,1242,1243,1230,1255,1233,72,1234,1231,1235,1236,7,41,63,1237,1239,89,85,1218,55,45,16
11: 1213,1217,32,1215,40,1212,97,54,264,47,96,28,85,1218,55,75,104,318,73,1226,58,129,1216,419,361,311,124
12: 46,98,463,93,484,193,216,384,44,173,145,56,185,66,9,33,67,183
13: 23,67,183,65,39,90,42,57,95,43,22,1222,92,1245,1259,379,20,182,53
14: 25,38,140,1233,72,1234,1231,1235,1236,99,1238,76,1232,69,63,1237,1239,89,19,17,16,106,476,88,21,1209,1211
15: 416,84,60,70,447,1,24,50,225,449,433,220
16: 10,1205,49,51,63,1237,1239,89,25,38,140,14,45,106,476,88,164,18,59,84,60,70,447
17: 19,99,1238,76,1232,69,251,126,25,38,140,14,134,106,476,88,21,1209,1211,1210,1229,1228,62
18: 164,59,85,1218,55,45,16,73,1226,1214,58,129,1216,84,60,311,27,124,355,24,50,225
19: 17,99,1238,76,1232,69,251,126,25,38,140,14,134,106,476,88,21,1209,1211,1210,1229,1228,62
20: 379,90,42,57,95,13,23,43,22,1222,92,1245,1259,182,53,99,1238,76,1232,69,251,126
21: 1209,1211,38,140,14,19,17,134,106,476,88,1210,1229,1228,62,70,447,1,199
22: 1222,92,1245,1259,78,90,42,57,95,13,23,1261,1247,1260,1240,1256,1254,1258,1257,1220,1263,31,1262,379,20,1233,72,1234,1231,1235,1236,99,1238,76,1232,69
23: 13,67,183,65,39,90,42,57,95,43,22,1222,92,1245,1259,379,20,182,53
24: 50,225,164,18,59,84,60,70,447,355,416,15,290,441,220
25: 38,140,14,1233,72,1234,1231,1235,1236,99,1238,76,1232,69,63,1237,1239,89,19,17,16,106,476,88
26: 465,296,369,234,317,191,82,64,1204,61,262,267,3,168,135,6,83
27: 311,124,54,1226,1214,58,129,164,18,59,361,355,290,441
28: 47,96,358,365,244,487,68,7,264,85,1218,55,75,104,318,1213,1217,32,1215,40,1212,97,11,54,73,1226,58,129,1216
29: 199,204,1203,232,125
30: 35,1202,1227,134,381,352,1207,1264,1210,1229,1228,62,480,209,199,5,204,1208
31: 1261,1247,1260,1240,1256,1254,1258,1257,1220,1263,1262,1225,1246,8,1266,78,42,57,95,1251,1219,1221,1250,1252,1249,1253,74,1267,1265,22,1222,92,1245,1259,1241,1206,1242,1243,1230,1255,1233,72,1234,1231,1235,1236,99,1238,76,1232
32: 1213,1217,1215,40,1212,97,11,54,264,47,96,28,85,1218,55,75,104,318,73,1226,58,129,1216,419,361,311,124
33: 66,9,384,44,46,12,98,173,145,56,185,67,183,1223,1244,1225,1248,1246,8,1266,78,90,42,57,95
34: 347
35: 30,1202,1227,134,381,352,1207,1264,1210,1229,1228,62,480,209,199,5,204,1208
36: 52,87,488,288,39,43,130
37: 1224,2,338,86,103,1251,1219,1221,1250,1252,1249,1253,74,1267,1265,413,91,1241,1206,1242,1243,1230,1255,487,68,7,41,10,1205,49,51
38: 25,140,14,1233,72,1234,1231,1235,1236,99,1238,76,1232,69,63,1237,1239,89,19,17,16,106,476,88,21,1209,1211
39: 301,87,488,288,65,52,36,13,23,43,130
40: 1213,1217,32,1215,1212,97,11,54,264,47,96,28,85,1218,55,75,104,318,73,1226,1214,58,129,1216,419,361,311,124
41: 7,413,91,37,1224,2,1206,1243,1230,487,68,10,1205,49,51,47,96,85,1218,55,45
42: 90,57,95,66,9,33,67,183,65,78,13,23,1261,1247,1260,1240,1256,1254,1258,1257,1220,1263,31,1262,22,1222,92,1245,1259,379,20
43: 65,39,52,36,13,23,130,379,20,182,53,339,284,245
44: 384,179,463,93,484,234,317,46,12,98,82,64,1204,61,56,185,66,9,33
45: 7,41,10,1205,49,51,63,1237,1239,89,85,1218,55,16,73,1226,1214,58,129,1216,164,18,59,84,60
46: 12,98,463,93,484,193,216,384,44,173,145,56,185,66,9,33,67,183
47: 96,28,358,365,244,487,68,7,41,264,85,1218,55,75,104,1213,1217,32,1215,40,1212,97,11,54,73,1226,1214,58,129,1216
48: 1203,232,1,199,204,1208,449,433
49: 10,1205,51,37,1224,2,1241,1206,1242,1243,1230,1255,1233,72,1234,1231,1235,1236,7,41,63,1237,1239,89,85,1218,55,45,16
50: 24,225,164,18,59,84,60,70,447,355,416,15,290,441,220
51: 10,1205,49,37,1224,2,1241,1206,1242,1243,1230,1255,1233,72,1234,1231,1235,1236,7,41,63,1237,1239,89,85,1218,55,45,16
52: 36,488,288,39,43,130
53: 182,13,23,43,130,379,20,339,284,245,69,251,126,250
54: 1213,1217,32,1215,40,1212,97,11,264,47,28,85,1218,55,75,104,318,73,1226,1214,58,129,1216,419,361,311,27,124
55: 85,1218,487,68,7,41,10,1205,49,51,47,96,28,45,1213,1217,32,1215,40,1212,97,11,54,73,1226,1214,58,129,1216,164,18,59
56: 185,234,317,384,44,46,12,98,82,64,1204,61,66,9,33,6,83,1223,1244,1225,1248,1246,8,1266,78
57: 90,42,95,66,9,33,67,183,65,78,13,23,1261,1247,1260,1240,1256,1254,1258,1257,1220,1263,31,1262,22,1222,92,1245,1259,379,20
58: 73,1226,1214,129,1216,47,28,85,1218,55,45,1213,1217,32,1215,40,1212,97,11,54,164,18,59,361,311,27,124,355
59: 164,18,85,1218,55,45,16,73,1226,1214,58,129,84,60,311,27,124,355,24,50,225
60: 84,45,16,106,476,88,164,18,59,70,447,355,24,50,225,416,15
61: 82,64,1204,296,369,234,317,384,44,465,26,56,185,3,168,135,6,83,1223,1244,1225,1248,1246,8
62: 1210,1229,1228,19,17,134,381,21,1209,1211,30,35,1202,1227,1,199,5,204,1208
63: 1237,1239,89,1241,1206,1242,1243,1230,1255,1233,72,1234,1231,1235,1236,99,1238,76,1232,10,1205,49,51,25,38,140,14,45,16,106,476,88
64: 82,1204,61,296,369,234,317,384,44,465,26,56,185,3,168,135,6,83,1223,1244,1225,1248,8
65: 173,145,301,87,488,288,67,183,39,90,42,57,95,13,23,43
66: 9,33,384,44,46,12,98,173,145,56,185,67,183,1223,1244,1225,1248,1246,8,1266,78,90,42,57,95
67: 183,46,12,98,173,145,301,66,9,33,65,78,90,42,57,95,13,23
68: 487,4,413,91,37,1224,2,358,365,244,7,41,264,47,96,28,85,1218,55
69: 22,1222,92,1245,1259,379,20,182,53,99,1238,76,1232,251,126,25,38,140,14,19,17,134
70: 447,16,106,476,88,21,1209,1211,84,60,1,24,50,225,416,15,449,433
71: 255,352,1207,1264,480,209
72: 1233,1234,1231,1235,1236,1251,1219,1221,1250,1252,1249,1253,74,1267,1265,1261,1247,1260,1240,1256,1254,1258,1257,1220,1263,31,1262,22,1222,92,1245,1259,1241,1206,1242,1243,1230,1255,99,1238,76,1232,10,1205,49,51,63,1237,1239,89,25,38,140,14
73: 1226,1214,58,129,1216,47,96,28,85,1218,55,45,1213,1217,32,1215,40,1212,97,11,54,164,18,59,361,311,124,355
74: 1251,1219,1221,1250,1252,1249,1253,1267,1265,6,83,1223,1244,1225,1248,1246,8,1266,78,86,103,1261,1247,1260,1240,1256,1254,1258,1257,1220,1263,31,1262,37,1224,2,1241,1206,1242,1243,1230,1255,1233,72,1234,1231,1235,1236
75: 104,318,446,264,47,96,28,1213,1217,32,1215,40,1212,97,11,54,419,361
76: 99,1238,1232,1261,1247,1260,1240,1256,1254,1258,1257,1220,1263,31,1262,22,1222,92,1245,1259,379,20,1233,72,1234,1231,1235,1236,69,63,1237,1239,89,25,38,140,14,19,17
77: 151,296,369
78: 56,185,66,9,33,67,183,1223,1244,1225,1248,1246,8,1266,90,42,57,95,1251,1219,1221,1250,1252,1249,1253,74,1267,1265,1261,1247,1260,1240,1256,1254,1258,1257,1220,1263,31,1262,22,1222,92,1245,1259
79: 163,94,386,229
80: 116,179,463,484
81: 290,441,220,457
82: 64,1204,61,296,369,234,317,384,44,465,26,56,185,3,168,135,6,83,8
83: 6,465,26,82,64,1204,61,56,185,3,168,135,1223,1244,1225,1248,1246,8,1266,338,86,103,1251,1219,1221,1250,1252,1249,1253,74,1267,1265
84: 60,45,16,106,476,88,164,18,59,70,447,355,24,50,225,416,15
85: 1218,55,487,68,7,41,10,1205,49,51,47,96,28,45,1213,1217,32,1215,40,1212,97,11,54,73,1226,1214,58,129,1216,164,18,59
86: 103,3,168,135,6,83,1223,1244,1225,1248,1246,8,1266,338,1251,1219,1221,1250,1252,1249,1253,74,1267,1265,413,91,37,1224,2,1241,1206,1242,1243,1230,1255
87: 488,288,308,301,65,39,36
88: 106,476,63,1237,1239,89,25,38,140,14,19,17,16,21,1209,1211,84,60,70,447,1
89: 63,1237,1239,1241,1206,1242,1243,1230,1255,1233,72,1234,1231,1235,1236,99,1238,76,1232,10,1205,49,51,25,38,140,14,45,16,106,476,88
90: 42,57,95,66,33,67,183,65,78,13,23,1247,1240,1257,22,1222,92,1245,1259,379,20
91: 413,219,338,86,103,4,37,1224,2,358,365,244,487,68,7,41
92: 22,1222,1245,1259,78,90,42,57,95,13,23,1261,1247,1260,1240,1256,1254,1258,1257,1220,1263,31,1262,379,20,1233,72,1234,1231,1235,1236,99,1238,76,1232,69
93: 484,116,463,193,216,384,44,46,12,98,173,145
94: 79,163,386,229,111,115
95: 90,42,57,66,9,33,67,183,65,78,13,23,1261,1247,1260,1240,1256,1254,1258,1257,1220,1263,31,1262,22,1222,92,1245,1259,379,20
96: 47,28,358,365,244,487,68,7,41,264,85,1218,55,75,104,1213,1217,32,1215,40,1212,11,73,1226,129,1216
97: 1213,1217,32,1215,40,1212,11,54,264,47,28,85,1218,55,75,104,318,73,1226,1214,58,129,1216,419,361,311,124
98: 46,12,463,93,484,193,216,384,44,173,145,56,185,66,9,33,67,183
99: 1238,76,1232,1261,1247,1260,1240,1256,1254,1258,1257,1220,1263,31,1262,22,1222,92,1245,1259,379,20,1233,72,1234,1231,1235,1236,69,63,1237,1239,89,25,38,140,14,19,17
100: 112,213,421,133,187
101: 306,294,230,247,246
102: 393,305,302,477,131,324,175,236
103: 86,3,168,135,6,83,1223,1244,1225,1248,1246,8,1266,338,1251,1219,1221,1250,1252,1249,1253,74,1267,1265,413,91,37,1224,2,1241,1206,1242,1243,1230,1255
104: 75,318,446,264,47,96,28,1213,1217,32,1215,40,1212,97,11,54,419,361
105: 263,420,142,425,119,166,189,143,306,294
106: 476,88,63,1237,1239,89,25,38,140,14,19,17,16,21,1209,1211,84,60,70,447,1
107: 436,489,496
108: 362,256,387,227,326,349
109: 421,133,372,210,252,211,137
110: 391
111: 115,94,386,229,4,358,365,244,446,264
112: 132,367,100
113: 299,258,147,189,443,454,276
114: 315,157,272,478
115: 111,94,386,229,4,358,365,244,446,264
116: 80,179,463,93,484
117: 444,292,241,412,298
118: 196,181,254
119: 166,249,299,425,189,263,105
120: 396,190,438,431,354,353,269
121: 261,238,268,458,218,331,422
122: 324,175,477,293,316
123: 247,184,281,439,461
124: 311,27,1213,1217,32,1215,40,1212,97,11,54,73,1226,1214,58,129,1216,164,18,59,361,355,290,441
125: 1203,232,29,482
126: 251,379,20,182,53,339,284,245,69,250,19,17,134,381
127: 155,380,432,455,239,471,489
128: 428,327
129: 73,1226,1214,58,1216,47,96,28,85,1218,55,45,1213,1217,32,1215,40,1212,97,11,54,164,18,59,361,311,27,124,355
130: 39,52,36,43,182,53,339,284,245
131: 285,393,305,302,102,236,375
132: 367,112,192,389,314
133: 421,213,309,100,372,210,109
134: 69,251,126,250,19,17,381,21,1209,1211,1210,1229,1228,62,30,35,1202,1227
135: 3,168,191,465,26,82,64,1204,61,262,267,6,83,219,338,86,103
136: 278,171,429,203,423,200,170,188
137: 495,160,109,252
138: 397,322,282,499,366
139: 442,200,170,188,445,149,186
140: 25,38,14,1233,72,1234,1231,1235,1236,99,1238,76,1232,69,63,1237,1239,89,19,17,16,106,476,88,21,1209,1211
141: 313,444,240,440,468,156,253
142: 425,143,420,105
143: 142,425,263,420,105
144: 406,235,332,328,475,270,473
145: 173,93,484,193,216,308,46,12,98,301,66,9,33,67,183,65
146: 176,490
147: 258,403,350,299,113
148: 281,461,233,374
149: 462,445,200,139,186,277
150: 418,243,321
151: 77
152: 409,158
153: 388,467,356
154: 366,394,499,376
155: 127,460,380,432,455
156: 493,468,483,141,313,444,265,253
157: 315,248,114,272,478
158: 152,240,440
159: 370,469,279,426,373
160: 495,137,252,340,259
161: 217,389,314,346,378,223,333
162: 178,411,450,269,260
163: 262,267,79,219,94,386,229,4
164: 18,59,85,1218,55,45,16,73,1226,1214,58,129,1216,84,60,311,27,124,355,24,50,225
165: 410,303,408,205,363,197
166: 119,249,299,425,189,263,420,105,443
167: 490,348,329,474
168: 3,135,191,465,26,82,64,1204,61,262,267,6,83,219,338,86,103
169: 459,187,210,211
170: 200,171,429,442,136,139,188,445
171: 410,303,429,203,423,136,170
172: 464,196,181,435,235,342,332
173: 145,93,484,193,216,308,46,12,98,301,66,9,33,67,183,65
174: 270,307,435,235,406,273,481
175: 122,324,302,477,102,316
176: 490,146
177: 291,377,483,274
178: 411,450,467,356,162
179: 80,116,463,296,369,234,317,384,44
180: 424,226,371,348
181: 254,464,196,118,172,332
182: 53,13,23,43,130,379,20,339,284,245,69,251,126,250
183: 67,46,12,98,173,145,301,66,9,33,65,78,90,42,57,95,13,23
184: 399,230,247,246,123,439
185: 56,234,317,384,44,46,12,98,82,64,1204,61,66,9,33,6,83,1223,1244,1225,1248,1246,8,1266,78
186: 277,139,323,462,445,149,312
187: 459,100,210,169
188: 136,200,170,139,462,445
189: 299,258,119,166,113,263,105,443,306,454,276
190: 120,396,438,431,354,353,269
191: 296,369,427,465,26,262,267,3,168,135
192: 389,314,297,217,132,367
193: 216,93,484,308,46,12,98,173,145,301
194: 198,331,422,357
195: 266,437,292,241,412,298,214
196: 464,312,118,172,181,254
197: 205,363,165,336,203,423
198: 194,331,422,357
199: 21,1209,1211,1210,1229,1228,62,30,35,1202,1227,1,5,204,1208,449,433,48,1203,232,29
200: 170,442,136,139,188,462,445,149
201: 385,364,360,275,218
202: 334,279,426,370,469
203: 423,197,171,336,278,136
204: 5,1208,1210,1229,1228,62,30,35,1202,1227,480,209,199,48,1203,232,29
205: 363,410,165,197
206: 402,273,417,304,330,345
207: 280,239,471,238,400
208: 415
209: 480,381,352,1207,1264,71,30,35,1202,1227,5,204,1208
210: 133,459,187,109,169,211
211: 459,210,109,169
212: 240,486
213: 309,100,421,133
214: 412,300,195,266
215: 401,497,253,300,319
216: 193,93,484,308,46,12,98,173,145,301
217: 373,192,389,430,346,161
218: 275,360,458,121,201,385,364,331
219: 262,267,3,168,135,163,338,386,229,4,413,91
220: 24,50,225,416,15,449,433,81,457
221: 
222: 405,310
223: 333,161,224
224: 223
225: 24,50,164,18,59,84,60,70,447,355,416,15,290,441,220
226: 424,180,371,348
227: 326,349,256,108,321,287
228: 
229: 386,79,163,219,94,4,111,115,358,365,244
230: 392,101,399,466,247,246,184
231: 467,356
232: 48,1203,1,199,5,204,1208,449,433,29,125
233: 461,148,374,432
234: 317,179,463,296,369,384,44,465,26,82,64,1204,61,56,185
235: 342,172,307,435,332,174,270,406,144
236: 375,285,131,102,324
237: 337,407
238: 496,489,207,280,268,458,261,121
239: 471,453,455,127,207
240: 486,158,212,440,141
241: 292,117,298,195,437
242: 271,351
243: 150,448
244: 358,365,386,229,4,413,91,111,115,487,68,446,264,47,96,28
245: 339,284,43,130,182,53,251,126,250,255
246: 247,101,230,184
247: 246,101,230,184,123,281
248: 327,428,315,157,272
249: 403,351,299,425,119,166
250: 182,53,339,284,245,251,126,255,134,381,352,1207,1264
251: 126,379,20,182,53,339,284,245,69,250,19,17,134,381
252: 372,109,495,137,160
253: 141,313,444,156,493,300,319,401,497,215
254: 181,464,196,118,332,328,475
255: 339,284,245,250,381,352,1207,1264,71
256: 387,362,108,321,227,326,349
257: 286,407,266,437,414
258: 147,403,299,189,113
259: 495,160
260: 162,269
261: 121,238,496,268,458,331
262: 267,427,191,465,26,3,168,135,163,219,338
263: 420,105,119,166,189,143,443,306,294
264: 111,115,358,365,244,487,68,446,47,96,28,75,104,318,1213,1217,32,1215,40,1212,97,11,54
265: 468,483,274,156,493
266: 195,437,214,257,286
267: 262,427,191,465,26,3,168,135,163,219,338
268: 238,496,458,261,121
269: 120,396,190,162,260
270: 174,307,435,235,342,406,144,481
271: 242
272: 248,315,157,114,478
273: 481,174,304,206
274: 177,468,483,265
275: 218,201,385,364,331,325,357
276: 454,189,113,443,294
277: 186,323,398,445,149,464,312
278: 136,203,423
279: 426,334,202,159,370,469
280: 207,238,400,360,458
281: 247,123,148,461
282: 322,397,138
283: 322
284: 339,245,43,130,182,53,251,126,250,255
285: 131,393,305,335,236,375
286: 257,407,266,383,414
287: 321,227,326,349,320,498
288: 87,488,308,301,65,39,52,36
289: 394,499,424,376
290: 441,311,27,124,355,24,50,225,81
291: 377,470,177
292: 241,117,412,298,195,437
293: 122,324,316
294: 263,105,443,306,454,276,101
295: 345,341,499
296: 369,77,179,234,317,191,465,26,82,64,1204,61
297: 192,389
298: 412,117,292,241,319,195
299: 403,351,249,258,147,119,166,189,113
300: 319,253,412,401,497,215,214
301: 193,216,308,173,145,87,488,288,67,183,65,39
302: 485,393,305,477,131,102,175
303: 410,165,171,429
304: 273,481,206,402,330,345
305: 393,302,285,131,102
306: 443,189,263,420,105,101,294
307: 435,235,342,174,270
308: 193,216,173,145,301,87,488,288
309: 213,421,133,372
310: 405,222
311: 27,124,1213,1217,32,1215,40,1212,97,11,54,73,1226,1214,58,129,1216,164,18,59,361,355,290,441
312: 464,323,398,186,277,196
313: 141,444,440,468,156,493,253
314: 192,389,132,367,161
315: 157,248,327,114,272,478
316: 122,324,175,293
317: 234,179,463,296,369,384,44,465,26,82,64,1204,61,56,185
318: 75,104,446,264,28,1213,32,1215,40,97,11,54,419,361
319: 300,253,412,298,401,497,215
320: 287,498
321: 256,150,418,227,326,349,287
322: 283,282,397,138
323: 398,494,186,277,312
324: 122,175,477,102,236,293,316
325: 275,331,357
326: 227,349,256,387,108,321,287
327: 248,428,128,315,350
328: 475,254,332,406,144,473,382
329: 474,167
330: 304,206,345,341
331: 458,261,121,275,218,422,325,357,198,194
332: 172,181,254,235,342,328,475,144,473
333: 223,161,378
334: 202,362,279,426,469
335: 285,415,451
336: 197,492,203,423
337: 237,407,340
338: 262,267,3,168,135,6,83,219,86,103,4,413,91,37,1224,2
339: 284,245,43,130,182,53,251,126,250,255
340: 337,160
341: 330,345,295
342: 235,172,307,435,332,270
343: 
344: 
345: 304,206,330,341,295
346: 373,217,389,430,161,378
347: 34
348: 226,180,371,167,491
349: 227,326,256,387,108,321,287
350: 327,403,147
351: 403,242,249,299
352: 1207,1264,250,255,381,71,30,35,1202,1227,480,209
353: 438,356,120,396,190
354: 431,438,120,396,190
355: 73,1226,1214,58,129,1216,164,18,59,84,60,311,27,124,24,50,225,290,441
356: 153,231,467,353,178,411,450
357: 275,331,422,325,198,194
358: 365,244,386,229,4,413,91,111,115,487,68,446,264,47,96,28
359: 452,409
360: 280,400,458,201,385,364,218
361: 75,104,318,1213,1217,32,1215,40,1212,97,11,54,73,1226,1214,58,129,1216,419,311,27,124
362: 108,256,387,334
363: 205,410,165,197
364: 201,385,360,458,275,218
365: 358,244,386,229,4,413,91,111,115,487,68,446,264,47,96,28
366: 154,138,394,499,376
367: 132,112,192,314
368: 472
369: 296,77,179,234,317,191,465,26,82,64,1204,61
370: 159,469,202,279,426,373
371: 226,180,348,491
372: 309,404,421,133,109,252
373: 426,159,370,217,430,346
374: 148,233
375: 236,285,131
376: 289,394,499,154,366,490
377: 291,491,470,177
378: 430,346,161,333
379: 20,90,42,57,95,13,23,43,22,1222,92,1245,1259,182,53,99,1238,76,1232,69,251,126
380: 460,432,455,155,127
381: 251,126,250,255,134,352,1207,1264,1210,1229,1228,62,30,35,1202,1227,480,209
382: 328,475,473,405
383: 414,286,407
384: 44,179,463,93,484,234,317,46,12,98,82,64,1204,61,56,185,66,9,33
385: 201,364,360,458,275,218
386: 229,79,163,219,94,4,111,115,358,365,244
387: 256,362,108,326,349
388: 153
389: 192,314,297,217,132,346,161
390: 1022,968
391: 439,110,460
392: 399,466,230
393: 305,302,285,131,102
394: 499,289,154,366,376
395: 148
396: 120,190,438,354,353,269
397: 138,322,282
398: 323,277,464,312
399: 466,392,230,184
400: 207,280,360
401: 497,215,253,300,319
402: 206,481,417,304
403: 351,350,249,299,258,147
404: 372
405: 222,382,310
406: 144,235,328,174,270,473,481,417
407: 257,286,237,337,383,414
408: 165
409: 452,359,152
410: 303,165,205,363,171,429
411: 178,450,467,356,162
412: 298,117,292,300,319,195,214
413: 91,219,338,86,103,4,37,1224,2,358,365,244,487,68,7,41
414: 383,257,286,407
415: 451,208,335
416: 15,84,60,70,447,1,24,50,225,449,433,220
417: 406,481,304,206,402
418: 150,321
419: 75,104,318,1213,1217,32,1215,40,1212,97,11,54,361
420: 263,105,142,425,166,143,306
421: 133,213,309,100,372,109
422: 121,331,357,198,194
423: 203,197,171,336,278,136
424: 289,226,180
425: 142,249,119,166,143,420,105
426: 279,334,202,159,370,469,373
427: 191,262,267
428: 128,248,327
429: 410,303,171,442,136,170
430: 373,217,346,378
431: 354,438,120,190
432: 460,380,233,155,127
433: 449,70,447,1,199,416,15,48,1203,232,220
434: 1108,778,1062,775
435: 307,172,235,342,174,270
436: 489,107
437: 195,266,292,241,257
438: 431,354,353,120,396,190
439: 391,184,123,460
440: 158,240,486,468,483,141,313
441: 290,311,27,124,355,24,50,225,81
442: 429,494,200,170,139
443: 306,166,189,113,263,454,276,294
444: 141,313,156,117,253
445: 462,149,200,170,139,188,186,277
446: 111,115,358,365,244,264,75,104,318
447: 70,16,106,476,88,21,1209,1211,84,60,1,24,50,225,416,15,449,433
448: 243
449: 433,70,447,1,199,416,15,48,1203,232,220
450: 178,411,356,162
451: 415,335
452: 409,359
453: 455,239
454: 276,189,113,443,294
455: 380,453,155,127,239,471
456: 
457: 220,81
458: 280,238,360,261,121,385,364,218,331
459: 187,210,169,211
460: 380,432,439,391,461,155
461: 233,123,281,148,460
462: 445,149,200,188,186
463: 80,116,179,93,484,234,317,384,44,46,12,98
464: 312,398,277,196,172,181,254
465: 26,296,369,234,317,191,82,64,1204,61,262,267,3,168,135,6,83
466: 399,392,230
467: 231,153,356,178,411
468: 483,440,274,141,313,156,493,265
469: 159,370,334,202,279,426
470: 474,291,377
471: 239,455,127,207
472: 368
473: 332,328,475,406,144,382
474: 329,167,470
475: 328,254,332,144,473,382
476: 106,88,63,1237,1239,89,25,38,140,14,19,17,16,21,1209,1211,84,60,70,447,1
477: 485,302,102,122,324,175
478: 315,157,114,272
479: 
480: 209,381,352,1207,1264,71,30,35,1202,1227,5,204,1208
481: 273,174,270,406,417,304,402
482: 125
483: 468,177,440,274,156,265
484: 93,80,116,463,193,216,384,44,46,12,98,173,145
485: 302,477
486: 240,212,440
487: 68,4,413,91,37,1224,2,358,365,244,7,41,264,47,96,28,85,1218,55
488: 87,288,308,301,65,39,52,36
489: 127,436,107,238,496
490: 176,376,146,167
491: 371,348,377
492: 336
493: 156,468,313,265,253
494: 442,323
495: 137,160,252,259
496: 238,489,107,268,261
497: 401,215,253,300,319
498: 320,287
499: 394,295,138,289,154,366,376
500: 955,1035,1125,1044,622
501: 
502: 853,1112,669,840,833,842,1030,915
503: 851,1191,1069,1183
504: 755,575,1023,827,1188,703,616,1163
505: 793,973,908,820
506: 840,1112,591,510,738,1030
507: 525,712,577
508: 1159,818,551
509: 806,1133,962,537,1176,1016
510: 738,840,506,1112,591,1030
511: 573,578,622,984,535
512: 863,1070
513: 874,1044,1052,879
514: 916,541,566,923
515: 626,1094,669,810
516: 630,939,540
517: 958,886,980,1085
518: 764,779,1098
519: 963,1011,1095,749
520: 686
521: 1029,942,687
522: 792,858,799,989,888
523: 815,571,593,954,695
524: 911,904,1010,1052,879,1050
525: 507,577
526: 612
527: 1113,905,615,928,602,976
528: 678,548,529,1117,762,614,768,545,1101,584
529: 1117,762,768,528,548
530: 606,1192,802,546
531: 938
532: 989,880,1045,600,1082,1074
533: 951,674
534: 845,1030,915,1025,1118,817
535: 622,511,733,935
536: 761,646
537: 1176,1016,509,806,828,962,636
538: 1021,1073
539: 1024,766,555,643,737,832,1054,978,591
540: 630,939,516,583,565,763
541: 566,514,923
542: 632,1173,1027,594,563,725
543: 995
544: 843,701,732,838,807
545: 1101,584,614,768,528,678,548,1177,728
546: 1192,530,606,802,800
547: 1127,1120,854,768
548: 528,678,529,1117,762,614,768,545,1101,584
549: 684,771,917,664
550: 1032,672,1193,909,872,929,941,1013,590
551: 818,508,1159,628,825
552: 662,1186,837
553: 751,1047,1092
554: 988,1005,891,619,719,722
555: 643,927,539,1024
556: 581,994
557: 1185,570,831,860,916
558: 1137,1114,870,1140,698,559
559: 1140,558,1137,698,942
560: 983,651,1151
561: 
562: 1181,1100,649
563: 725,542,594
564: 1056,1049,1169,777
565: 583,540,697,763
566: 541,916,514
567: 1145,621,1100
568: 935,1063
569: 785,805
570: 1061,831,557
571: 859,867,702,815,523,954
572: 877,1164,831,860,590,916
573: 578,588,774,734,511
574: 655,628,825,675,998,789,932
575: 1023,882,971,827,1188,504,755,703
576: 767,825,1077,761
577: 525,507,676
578: 573,588,774,734,511,984
579: 881,650,649
580: 898,682,952
581: 967,1072,556
582: 613,647,1013
583: 565,540,697,763
584: 545,1101,528,678,548,692,1177,728,680
585: 873,1111,1192,606,1042,1165
586: 907,1076,821,605,757,1019,1034
587: 966
588: 597,774,573,578,734
589: 850,729,746,1116,862
590: 550,1032,929,941,877,1164,572,1011
591: 539,840,506,1054,510,738,1099
592: 
593: 523
594: 890,801,542,563,725,1130
595: 629,1130
596: 759,1002,618
597: 1083,996,819,765,813,970,588,774
598: 620,1146,994,924,1033
599: 906,1053,1098,815
600: 888,792,532,743
601: 714,866,823
602: 527,1113,976,724
603: 726,1121
604: 681,730,911,1196
605: 757,586,821,1019,1034
606: 530,1196,1192,802,585,546
607: 
608: 
609: 866,788,925,773
610: 1179,1147,750,748,658,1168,637
611: 784,625,1017
612: 526
613: 582,647,710
614: 768,528,678,548,886,545,1101
615: 712,527,1113,905
616: 1163,1188,504,755
617: 1122,1195,814
618: 596,1002,829,977,1120
619: 891,676,554,988,722,914
620: 598,1146,994
621: 567,1145,1198,631
622: 500,1044,511,535
623: 1020
624: 1093
625: 1144,611,784
626: 1094,1038,665,927,515,669
627: 694,948,913,1000,1014
628: 655,574,551,675,998,932
629: 1103,595
630: 939,540,516
631: 1198,621,848,1128,940
632: 1173,710,542,1027
633: 666,922,987,849,1001
634: 952
635: 646,1018
636: 1078,731,828,1066,537,1176,1016
637: 1168,610,658
638: 764
639: 1068
640: 1089,849,1001,808,971,708,742,750,652,1188
641: 885,876,1150,897,748
642: 1041,985,1015
643: 555,927,766,539,1024
644: 949
645: 818
646: 761,536,635,1018
647: 582,613,710,1173
648: 846,795,1028
649: 1100,579,562,650,1174,1055,1145
650: 881,579,1100,649,957,1174,1055
651: 983,1096,560
652: 1188,1001,808,971,1023,640,1089,755
653: 1120,883,854,894,1127
654: 1189,900,1077
655: 574,628,675,998,789
656: 518,1009
657: 953,664,1004,721
658: 610,1179,1168,637
659: 830
660: 1180,934
661: 758
662: 837,552
663: 696,679
664: 549,657,953
665: 1124,1046,626,1094
666: 922,816,633,849,1001
667: 834,961,899,1088
668: 797
669: 626,515,810,840,853,502,1112,842
670: 788,925
671: 1194,798
672: 934,1193,872,550,1032
673: 897,748
674: 1020,533,951
675: 655,574,628,998,789
676: 812,577,988,891,619
677: 689
678: 528,548,1117,762,614,768,545,1101,584,692
679: 663,920
680: 584,692,1177,728
681: 730,1196,604
682: 721,995,580
683: 1071,739,699,1109,946,1152
684: 771,902,549,917
685: 735
686: 520
687: 942,521,979
688: 1065
689: 677,1143,907
690: 914,1064,752,918
691: 820
692: 678,926,1101,584,1090,728,680
693: 735
694: 627,948,1014
695: 859,523,954,875
696: 903,663,967,1162,1072
697: 763,1091,583,565,758
698: 870,558,1137,1029,559
699: 839,1110,739,683
700: 972,794
701: 843,1135,791,544,732
702: 867,956,938,1053,815,571
703: 575,1023,827,504,1163
704: 844,834,961
705: 754,1152,865
706: 766,737,832,978
707: 1026,1049
708: 742,1147,750,987,849,1001,640,1089
709: 822
710: 1067,613,647,632,1173
711: 769,869,987
712: 615,507
713: 969
714: 967,1072,601,866,823
715: 800,1161,933
716: 1149,803
717: 981,780,945
718: 
719: 1136,554,722
720: 1148,1066
721: 1004,657,953,682
722: 554,988,891,619,1136,719
723: 1063,781
724: 602,976,1060
725: 563,542,594
726: 603,538
727: 939
728: 1177,545,1101,584,692,680
729: 589,847,746,1116
730: 681,911,904,604
731: 828,1066,1176,1078,636
732: 843,701,791,544,826
733: 781,535,935,1063
734: 588,774,573,578,1136,984
735: 693,685
736: 912
737: 766,706,539,1024,832,1054,978
738: 510,840,506,591,1030,1099,1025
739: 1110,772,699,1109,683,1071,946
740: 1059
741: 992,1197,921,839,1110,772
742: 708,1147,750,987,849,640,1089
743: 600,1157,947,782
744: 926
745: 887,850,819,1083
746: 1116,729,589,955,1035,862,1125
747: 1181
748: 897,641,610,1179,673
749: 519,963,1095,1080
750: 708,742,1147,849,640,1089,610
751: 553,1184,1047,1092
752: 1064,690
753: 1194,783
754: 705,865
755: 504,971,575,1023,652,1188,616,1163
756: 930,1021,1067
757: 605,586,821,1019,1034
758: 1091,697,763,661
759: 596,1002
760: 
761: 576,1077,536,646
762: 529,1117,768,528,678,548
763: 697,540,583,565,758
764: 638,518
765: 813,970,996,1105,1083,597,1005,895
766: 643,706,737,539,1024
767: 576,825
768: 614,547,529,1117,762,528,678,548,545
769: 711,869,987
770: 775
771: 684,902,549,917
772: 741,992,1110,739,1109
773: 609
774: 597,813,970,588,573,578,734,1136
775: 1108,434,770
776: 887
777: 1026,1049,564,1056
778: 1062,838,807,919,434,1138
779: 518,1053,1098
780: 717,981,975,1132
781: 733,723,1063
782: 743,1074
783: 753,1194
784: 611,625,1017
785: 569,805
786: 
787: 
788: 925,866,609,670
789: 998,655,574,675,932,1135,900
790: 1181
791: 1135,1189,843,701,732
792: 522,858,799,989,880,600,888
793: 505,973,820
794: 972,700
795: 846,833,842,648
796: 1096
797: 668
798: 1106,671
799: 1138,858,522,792,892
800: 715,546,1161,933
801: 890,1170,594
802: 530,606,546
803: 1149,716
804: 1199,993,1102,991
805: 785,569,974
806: 509,1133,962,537,1176
807: 838,544,919,778
808: 971,922,1001,1023,640,1089,652,1188
809: 1017
810: 515,669,853,842
811: 816
812: 1087,1105,1123,1005,895,676
813: 765,970,996,1083,597,1005,895,774
814: 1195,1004,617,1041
815: 1053,867,702,599,859,571,523
816: 811,666,922
817: 1025,534,845,1118
818: 551,508,1159
819: 745,887,1083,597,955
820: 691,505,793,889
821: 1156,1076,586,605,757
822: 709,1131,910
823: 866,714,601
824: 
825: 551,574,998,932,576,767
826: 732,1068
827: 882,575,1023,504,703
828: 731,1066,537,1176,1078,636
829: 977,618,1012,1120
830: 659
831: 860,570,877,1164,572,557,916
832: 1054,978,706,737,539,937,1099
833: 842,853,502,795,915
834: 961,667,704,844,899,1088
835: 990,1033,1038,927
836: 1016
837: 1186,662,921,552
838: 807,544,919,778,1062
839: 1110,1197,1166,741,699
840: 506,669,853,502,1112,591,510,738,1030
841: 
842: 833,669,810,853,502,795
843: 701,791,544,732
844: 704,834,961
845: 534,1030,915,1025,1118,817
846: 795,648
847: 729,1158,1116
848: 631,1128,940
849: 633,666,922,987,1001,708,742,1147,750,640
850: 745,589
851: 503,1069,1183
852: 965,1003
853: 502,1112,669,810,840,833,842
854: 894,1120,653,1127,547,958
855: 1102,1165,991,1039,1114
856: 1134,944
857: 1191,1069,1183
858: 1062,1138,799,522,792
859: 571,815,1051,954,695
860: 831,572,1185,557,916
861: 1057
862: 955,1035,589,746,1116,1125
863: 512,1070,1160
864: 1158,1178
865: 705,754
866: 823,714,601,788,925,609
867: 702,956,938,1053,815,571
868: 1058
869: 1118,711,769,987
870: 1161,1114,558,1137,698
871: 1087,1119,975,1123
872: 672,1193,550,1032,1013
873: 1111,1104,1196,1192,1042,585
874: 1178,513,904,1010,1052,879
875: 695
876: 1150,885,641
877: 1164,572,909,929,941,831,590
878: 
879: 1010,1052,874,513,904,524
880: 989,792,892,1045,532,1082
881: 1008,579,650
882: 1139,575,827
883: 1115,1120,653,894
884: 1155,1129,1037
885: 876,1150,641
886: 958,614,517,980,1006,1036,1085
887: 745,776,819,1083
888: 600,522,792,989
889: 820
890: 1170,801,594
891: 619,676,554,988,722,914
892: 1045,799,989,880
893: 1157
894: 854,883,1120,653,1127,958
895: 1005,996,1105,812,765,813,970
896: 1027,1095,1080
897: 748,641,1179,673
898: 580
899: 834,961,667,1190,1088
900: 1189,998,789,932,1135,654
901: 1050
902: 1090,684,771
903: 696
904: 911,874,730,1010,1052,879,524
905: 527,1113,1075,615,928
906: 599,1053,1098
907: 689,986,1076,586
908: 973,505
909: 1193,550,929,941,877,1164
910: 822,1131
911: 904,730,1010,604,524
912: 736,924,1058
913: 627,948
914: 690,891,619,1064,918
915: 502,833,1030,534,845,1118
916: 572,831,860,557,514,566
917: 684,771,549,1004
918: 690,914
919: 838,807,778,1062,1138
920: 1153,1141,679
921: 1186,837,741,992
922: 666,816,633,849,1001,808
923: 963,514,541,1043
924: 912,598,1146,1058
925: 788,866,609,670
926: 744,692,1090
927: 835,1038,626,555,643
928: 1075,527,1113,905,1031,943,976
929: 941,909,550,1032,877,1164,590
930: 1121,1021,756,1067
931: 1167
932: 574,628,825,998,789,1135,1189,900
933: 800,715
934: 672,1180,660,1193
935: 535,733,966,568
936: 
937: 832,1054,1099
938: 956,531,867,702
939: 630,727,540,516
940: 1128,1198,631,848
941: 929,1193,909,550,1032,877,1164,590
942: 559,521,687
943: 1031,928,976,982
944: 1144,856
945: 717,1167,1075
946: 739,1122,683,1071,1152
947: 1157,743
948: 627,694,913
949: 644
950: 1061,1106
951: 533,674
952: 580,1015,634
953: 657,664,1004,721
954: 859,571,523,695
955: 1035,862,819,746,1125,500
956: 938,1053,867,702
957: 650,1174,1172
958: 854,894,1127,517,886
959: 1171
960: 
961: 834,667,704,844,899,1190,1088
962: 509,806,537,1176,1016
963: 1011,519,749,923
964: 
965: 852,1003,1115
966: 587,935
967: 1162,696,581,1072,714
968: 1022,390
969: 1160,999,713
970: 765,813,996,1105,597,1005,895,774
971: 808,1001,575,1023,640,1089,652,1188,755
972: 794,700
973: 908,505,793
974: 805
975: 780,1132,871
976: 527,1113,928,1031,943,602,724
977: 829,618,1012
978: 832,1054,706,737,539,1024,1099
979: 687
980: 517,886,1006,1036,1085
981: 717,780,1132
982: 943,1182
983: 651,1096,560
984: 578,734,1136,511
985: 1041,642
986: 1143,907,1156,1076
987: 869,633,711,769,849,708,742,1147
988: 554,1005,676,891,619,722
989: 880,522,792,892,1045,888,532
990: 835,1033
991: 804,1102,1042,1165,855,1039
992: 741,1197,921,772
993: 804,1199,1102
994: 556,598,620
995: 543,682
996: 1047,1092,1105,1083,597,765,813,970,895
997: 1045,1171
998: 789,655,574,628,825,675,932,1135,1189,900
999: 1160,969
1000: 627,1014
1001: 633,666,922,849,808,971,708,640,1089,652
1002: 759,596,618
1003: 852,965
1004: 917,657,953,814,721
1005: 895,1105,812,765,813,970,554,988
1006: 1036,1085,886,980
1007: 
1008: 881
1009: 656
1010: 1052,879,874,911,904,524
1011: 963,590,519
1012: 829,977
1013: 872,550,1032,582
1014: 1000,627,694,1066
1015: 642,952
1016: 537,1176,509,962,636,836
1017: 611,784,809
1018: 646,635
1019: 1034,586,605,757
1020: 674,623
1021: 538,930,1073,756,1067
1022: 968,390
1023: 575,808,971,827,652,1188,504,755,703
1024: 539,766,555,643,737,978
1025: 738,1030,534,845,817
1026: 1049,707,777
1027: 632,542,1095,896
1028: 648
1029: 698,521
1030: 840,506,502,1112,510,738,915,1025,534,845
1031: 943,928,976
1032: 550,672,1193,872,929,941,1013,590
1033: 598,835,990
1034: 1019,586,605,757
1035: 955,862,746,1116,1125,500
1036: 1006,1085,886,980,1197
1037: 1129,1155,884
1038: 835,927,626,1094
1039: 991,855,1114
1040: 1060,1086
1041: 814,985,642
1042: 1165,873,1111,1192,1102,585,991
1043: 923
1044: 1125,500,513,622
1045: 892,989,880,997,532,1082,1171
1046: 1124,665,1094
1047: 553,1092,996
1048: 
1049: 1026,707,564,777
1050: 524,901
1051: 1084,859
1052: 1010,879,874,513,904,524
1053: 779,956,1098,867,702,815,906,599
1054: 832,978,737,539,591,937,1099
1055: 650,1100,649,1174,1145
1056: 564,1169,777
1057: 1107,861
1058: 912,924,868
1059: 740
1060: 1040,724
1061: 950,570,1106
1062: 778,838,919,434,1138,858
1063: 723,733,781,568
1064: 752,690,914
1065: 688
1066: 1014,731,828,720,1148,1078,636
1067: 930,1021,1073,756,710
1068: 826,639
1069: 1191,503,851,1183,857
1070: 512,863
1071: 683,739,1109,946,1152
1072: 696,967,1162,581,714
1073: 538,1021,1067
1074: 532,1082,782
1075: 945,1167,1113,905,928
1076: 986,907,1156,586,821
1077: 576,1189,761,654
1078: 636,731,828,1066,1176
1079: 
1080: 1095,749,896
1081: 
1082: 880,1045,532,1171,1074
1083: 597,745,887,996,819,765,813
1084: 1051
1085: 1006,1036,517,886,980
1086: 1175,1040
1087: 1119,871,1184,812,1123
1088: 1190,834,961,667,899
1089: 640,1001,808,971,708,742,1147,750,652,1188
1090: 926,692,902
1091: 697,758
1092: 553,1047,996,1105
1093: 624
1094: 626,1038,665,1046,515
1095: 519,1027,749,896,1080
1096: 796,983,651
1097: 1195
1098: 779,518,1053,906,599
1099: 832,1054,978,591,738,937
1100: 649,562,1181,650,1055,567,1145
1101: 545,584,614,528,678,548,692,1177,728
1102: 804,1042,1165,991,855
1103: 629
1104: 1196,873,1111,1192
1105: 1092,996,812,765,970,1005,895
1106: 1061,950,1185,798
1107: 1057
1108: 434,775
1109: 772,739,683,1071
1110: 839,1166,741,772,739,699
1111: 873,1104,1192,1042,585
1112: 853,502,669,840,506,510,1030
1113: 527,905,1075,615,928,602,976
1114: 855,1039,870,558,1137
1115: 965,883
1116: 746,729,589,847,1035,862,1125
1117: 529,762,768,528,678,548
1118: 915,534,845,817,869
1119: 1087,871,1184,1123
1120: 653,618,829,883,854,894,1127,547
1121: 603,930
1122: 617,1195,946
1123: 1087,1119,871,812
1124: 665,1046
1125: 746,1116,955,1035,862,500,1044
1126: 
1127: 547,1120,653,854,894,958
1128: 940,1198,631,848
1129: 1037,1155,884
1130: 594,595
1131: 822,910
1132: 780,981,975
1133: 509,806
1134: 856
1135: 998,789,932,1189,900,701,791
1136: 719,774,734,722,984
1137: 558,1114,870,1140,698,559
1138: 919,778,1062,858,799
1139: 882
1140: 558,1137,559
1141: 1153,920
1142: 
1143: 689,986
1144: 944,625
1145: 567,621,1100,649,1055
1146: 598,620,924
1147: 708,742,750,987,849,1089,610
1148: 720,1066
1149: 803,716
1150: 876,885,641
1151: 560
1152: 683,1071,946,705
1153: 1141,920
1154: 
1155: 884,1129,1037
1156: 986,1076,821
1157: 893,743,947
1158: 847,864,1178
1159: 508,818,551
1160: 863,999,969
1161: 800,715,870
1162: 967,696,1072
1163: 616,1188,504,755,703
1164: 877,572,909,929,941,831,590
1165: 1042,1102,585,991,855
1166: 1177,1197,839,1110
1167: 931,945,1075
1168: 637,610,1179,658
1169: 564,1056
1170: 890,801
1171: 1045,997,1082,959
1172: 957,1174
1173: 632,710,647,542
1174: 650,649,957,1055,1172
1175: 1086
1176: 537,1016,509,806,731,828,962,1078,636
1177: 728,545,1101,584,680,1197,1166
1178: 1158,864,874
1179: 610,897,748,658,1168
1180: 660,934
1181: 562,747,790,1100
1182: 982
1183: 503,851,1191,1069,857
1184: 1087,1119,871
1185: 557,1106,860
1186: 837,921,552
1187: 
1188: 652,808,971,575,1023,640,1089,504,755,616,1163
1189: 900,998,932,1135,1077,791,654
1190: 1088,961,1191,899
1191: 1069,503,1183,1190,857
1192: 1104,1196,873,1111,530,606,1042,585,546
1193: 934,672,909,872,550,1032,941
1194: 753,783,671
1195: 1097,617,1122,814
1196: 681,1104,604,873,1192,606
1197: 1036,1177,1166,741,992,839
1198: 631,621,1128,940
1199: 804,993
1202: 30,35,1227,134,381,352,1207,1264,1229,1228,62,480,209,199,5,204,1208
1203: 48,232,1,199,5,204,1208,449,433,29,125
1204: 82,64,61,296,369,234,317,384,44,465,26,56,185,3,168,135,6,83,1223,1225,1248,8
1205: 10,49,51,37,1224,2,1241,1206,1242,1243,1230,1255,1233,72,1234,1231,1235,1236,7,41,63,1237,1239,89,85,1218,55,45,16
1206: 1241,1242,1243,1230,1255,86,103,1251,1219,1221,1250,1252,1249,1253,74,1267,1265,1261,1247,1260,1240,1256,1254,1258,1257,1220,1263,31,1262,37,1224,2,1233,72,1234,1231,1235,1236,7,41,10,1205,49,51,63,1237,1239,89
1207: 352,1264,250,255,381,71,30,35,1202,1227,480,209
1208: 5,204,1210,1229,1228,62,30,35,1202,1227,480,209,199,48,1203,232
1209: 21,1211,38,140,14,19,17,134,106,476,88,1210,1229,1228,62,70,447,1,199
1210: 1229,1228,62,19,17,134,381,21,1209,1211,30,35,1227,1,199,204,1208
1211: 21,1209,38,140,14,19,17,134,106,476,88,1210,1229,1228,62,70,447,1,199
1212: 1213,1217,32,1215,40,97,11,54,264,47,96,28,85,1218,55,75,104,73,1226,1214,58,129,1216,419,361,311,124
1213: 1217,32,1215,40,1212,97,11,54,264,47,96,28,85,1218,55,75,104,318,73,1226,1214,58,129,1216,419,361,311,124
1214: 73,1226,58,129,1216,47,85,1218,55,45,1213,1217,1215,40,1212,97,54,164,18,59,361,311,27,124,355
1215: 1213,1217,32,40,1212,97,11,54,264,47,96,28,85,1218,55,75,104,318,73,1226,1214,58,129,1216,419,361,311,124
1216: 73,1226,1214,58,129,47,96,28,85,1218,55,45,1213,1217,32,1215,40,1212,97,11,54,164,18,361,311,124,355
1217: 1213,32,1215,40,1212,97,11,54,264,47,96,28,85,1218,55,75,104,73,1226,1214,58,129,1216,419,361,311,124
1218: 85,55,487,68,7,41,10,1205,49,51,47,96,28,45,1213,1217,32,1215,40,1212,97,11,54,73,1226,1214,58,129,1216,164,18,59
1219: 1251,1221,1250,1252,1249,1253,74,1267,1265,83,1223,1244,1225,1248,1246,8,1266,78,86,103,1261,1247,1260,1240,1256,1254,1258,1257,1220,1263,31,1262,37,1224,2,1241,1206,1242,1243,1230,1255,1233,72,1234,1231,1235,1236
1220: 1261,1247,1260,1240,1256,1254,1258,1257,1263,31,1262,1223,1244,1225,1248,1246,8,1266,78,42,57,95,1251,1219,1221,1250,1252,1249,1253,74,1267,1265,22,1222,92,1245,1259,1241,1206,1242,1243,1230,1255,1233,72,1234,1231,1235,99,76,1232
1221: 1251,1219,1250,1252,1249,1253,74,1267,1265,83,1223,1225,1246,8,1266,78,86,103,1261,1260,1256,1254,1258,1220,1263,31,1262,37,1224,2,1241,1206,1242,1243,1230,1255,1233,72,1234,1231,1235,1236
1222: 22,92,1245,1259,78,90,42,57,95,13,23,1261,1247,1260,1240,1256,1254,1258,1257,1220,1263,31,1262,379,20,1233,72,1234,1231,1235,1236,99,1238,76,1232,69
1223: 1244,1225,1248,1246,8,1266,64,1204,61,56,185,66,33,6,83,78,86,103,1251,1219,1221,1250,1252,1249,1253,74,1267,1265,1261,1247,1260,1240,1256,1254,1220,1263,1262
1224: 37,2,338,86,103,1251,1219,1221,1250,1252,1249,1253,74,1267,413,91,1241,1206,1242,1243,1230,1255,487,68,7,41,10,1205,49,51
1225: 1223,1244,1248,1246,8,1266,64,1204,61,56,185,66,33,6,83,78,86,103,1251,1219,1221,1250,1252,1249,1253,74,1267,1265,1261,1247,1260,1240,1256,1254,1220,1263,31,1262
1226: 73,1214,58,129,1216,47,96,28,85,1218,55,45,1213,1217,32,1215,40,1212,97,11,54,164,18,59,361,311,27,124,355
1227: 30,35,1202,134,381,352,1207,1210,1229,1228,62,480,209,199,5,204,1208
1228: 1210,1229,62,19,17,134,381,21,1209,1211,30,35,1202,1227,1,199,5,204,1208
1229: 1210,1228,62,19,17,134,381,21,1209,1211,30,35,1202,1227,1,199,5,204,1208
1230: 1241,1206,1242,1243,1255,86,103,1251,1219,1221,1250,1252,1249,1253,74,1267,1265,1261,1247,1260,1240,1256,1254,1258,1257,1220,1263,31,1262,37,1224,2,1233,72,1234,1231,1235,1236,7,41,10,1205,49,51,63,1237,1239,89
1231: 1233,72,1234,1235,1236,1251,1219,1221,1250,1252,1249,1253,74,1267,1265,1261,1247,1260,1240,1256,1254,1258,1257,1220,1263,31,1262,22,1222,92,1245,1259,1241,1206,1242,1243,1230,1255,99,1238,76,1232,10,1205,49,51,63,1237,1239,89,25,38,140,14
1232: 99,1238,76,1261,1247,1260,1240,1256,1254,1258,1257,1220,1263,31,1262,22,1222,92,1245,1259,379,20,1233,72,1234,1231,1235,1236,69,63,1237,1239,89,25,38,140,14,19,17
1233: 72,1234,1231,1235,1236,1251,1219,1221,1250,1252,1249,1253,74,1267,1265,1261,1247,1260,1240,1256,1254,1258,1257,1220,1263,31,1262,22,1222,92,1245,1259,1241,1206,1242,1243,1230,1255,99,1238,76,1232,10,1205,49,51,63,1237,1239,89,25,38,140,14
1234: 1233,72,1231,1235,1236,1251,1219,1221,1250,1252,1249,1253,74,1267,1265,1261,1247,1260,1240,1256,1254,1258,1257,1220,1263,31,1262,22,1222,92,1245,1259,1241,1206,1242,1243,1230,1255,99,1238,76,1232,10,1205,49,51,63,1237,1239,89,25,38,140,14
1235: 1233,72,1234,1231,1236,1251,1219,1221,1250,1252,1249,1253,74,1267,1265,1261,1247,1260,1240,1256,1254,1258,1257,1220,1263,31,1262,22,1222,92,1245,1259,1241,1206,1242,1243,1230,1255,99,1238,76,1232,10,1205,49,51,63,1237,1239,89,25,38,140,14
1236: 1233,72,1234,1231,1235,1251,1219,1221,1250,1252,1249,1253,74,1261,1260,1256,1254,1258,1257,31,1262,22,1222,92,1245,1259,1241,1206,1242,1243,1230,1255,99,1238,76,1232,10,1205,49,51,63,1237,1239,89,25,38,140,14
1237: 63,1239,89,1241,1206,1242,1243,1230,1255,1233,72,1234,1231,1235,1236,99,1238,76,1232,10,1205,49,51,25,38,140,14,45,16,106,476,88
1238: 99,76,1232,1261,1260,1240,1256,1254,1258,1257,31,1262,22,1222,92,1245,1259,379,20,1233,72,1234,1231,1235,1236,69,63,1237,1239,89,25,38,140,14,19,17
1239: 63,1237,89,1241,1206,1242,1243,1230,1255,1233,72,1234,1231,1235,1236,99,1238,76,1232,10,1205,49,51,25,38,140,14,45,16,106,476,88
1240: 1261,1247,1260,1256,1254,1258,1257,1220,1263,31,1262,1223,1244,1225,1248,1246,8,1266,78,90,42,57,95,1251,1219,1250,1252,1249,1253,74,1267,1265,22,1222,92,1245,1259,1206,1242,1230,1255,1233,72,1234,1231,1235,99,1238,76,1232
1241: 1206,1242,1243,1230,1255,86,103,1251,1219,1221,1250,1252,1249,1253,74,1267,1265,1261,1260,1256,1254,1258,1257,1220,1263,31,1262,37,1224,2,1233,72,1234,1231,1235,1236,7,10,1205,49,51,63,1237,1239,89
1242: 1241,1206,1243,1230,1255,86,103,1251,1219,1221,1250,1252,1249,1253,74,1267,1265,1261,1247,1260,1240,1256,1254,1258,1257,1220,1263,31,1262,37,1224,2,1233,72,1234,1231,1235,1236,7,10,1205,49,51,63,1237,1239,89
1243: 1241,1206,1242,1230,1255,86,103,1251,1219,1221,1250,1252,1249,1253,74,1267,1265,1261,1260,1256,1254,1258,1257,1220,1263,31,1262,37,1224,2,1233,72,1234,1231,1235,1236,7,41,10,1205,49,51,63,1237,1239,89
1244: 1223,1225,1248,1246,8,1266,64,61,56,185,66,9,33,83,78,86,103,1251,1219,1250,1249,1253,74,1267,1265,1261,1247,1260,1240,1256,1254,1220,1263
1245: 22,1222,92,1259,78,90,42,57,95,13,23,1261,1247,1260,1240,1256,1254,1258,1257,1220,1263,31,1262,379,20,1233,72,1234,1231,1235,1236,99,1238,76,1232,69
1246: 1223,1244,1225,1248,8,1266,61,56,185,66,33,83,78,86,103,1251,1219,1221,1250,1252,1249,1253,74,1267,1265,1261,1247,1260,1240,1256,1254,1258,1257,1220,1263,31,1262
1247: 1261,1260,1240,1256,1254,1258,1257,1220,1263,31,1262,1223,1244,1225,1248,1246,8,1266,78,90,42,57,95,1251,1219,1250,1252,1249,1253,74,1267,1265,22,1222,92,1245,1259,1206,1242,1230,1255,1233,72,1234,1231,1235,99,76,1232
1248: 1223,1244,1225,1246,8,1266,64,1204,61,56,185,66,9,33,83,78,86,103,1251,1219,1250,1249,1253,74,1267,1265,1261,1247,1240,1254,1220,1263
1249: 1251,1219,1221,1250,1252,1253,74,1267,1265,83,1223,1244,1225,1248,1246,8,1266,78,86,103,1261,1247,1260,1240,1256,1254,1258,1257,1220,1263,31,1262,37,1224,2,1241,1206,1242,1243,1230,1255,1233,72,1234,1231,1235,1236
1250: 1251,1219,1221,1252,1249,1253,74,1267,1265,83,1223,1244,1225,1248,1246,8,1266,78,86,103,1261,1247,1260,1240,1256,1254,1258,1257,1220,1263,31,1262,37,1224,2,1241,1206,1242,1243,1230,1255,1233,72,1234,1231,1235,1236
1251: 1219,1221,1250,1252,1249,1253,74,1267,1265,83,1223,1244,1225,1248,1246,8,1266,78,86,103,1261,1247,1260,1240,1256,1254,1258,1257,1220,1263,31,1262,37,1224,2,1241,1206,1242,1243,1230,1255,1233,72,1234,1231,1235,1236
1252: 1251,1219,1221,1250,1249,1253,74,1267,1265,83,1223,1225,1246,8,1266,78,86,103,1261,1247,1260,1240,1256,1254,1258,1257,1220,1263,31,1262,37,1224,2,1241,1206,1242,1243,1230,1255,1233,72,1234,1231,1235,1236
1253: 1251,1219,1221,1250,1252,1249,74,1267,1265,83,1223,1244,1225,1248,1246,8,1266,78,86,103,1261,1247,1260,1240,1256,1254,1258,1257,1220,1263,31,1262,37,1224,2,1241,1206,1242,1243,1230,1255,1233,72,1234,1231,1235,1236
1254: 1261,1247,1260,1240,1256,1258,1257,1220,1263,31,1262,1223,1244,1225,1248,1246,8,1266,78,42,57,95,1251,1219,1221,1250,1252,1249,1253,74,1267,1265,22,1222,92,1245,1259,1241,1206,1242,1243,1230,1255,1233,72,1234,1231,1235,1236,99,1238,76,1232
1255: 1241,1206,1242,1243,1230,86,103,1251,1219,1221,1250,1252,1249,1253,74,1267,1265,1261,1247,1260,1240,1256,1254,1258,1257,1220,1263,31,1262,37,1224,2,1233,72,1234,1231,1235,1236,7,10,1205,49,51,63,1237,1239,89
1256: 1261,1247,1260,1240,1254,1258,1257,1220,1263,31,1262,1223,1244,1225,1246,8,1266,78,42,57,95,1251,1219,1221,1250,1252,1249,1253,74,1267,1265,22,1222,92,1245,1259,1241,1206,1242,1243,1230,1255,1233,72,1234,1231,1235,1236,99,1238,76,1232
1257: 1261,1247,1260,1240,1256,1254,1258,1220,1263,31,1262,1246,8,1266,78,90,42,57,95,1251,1219,1250,1252,1249,1253,74,1267,1265,22,1222,92,1245,1259,1241,1206,1242,1243,1230,1255,1233,72,1234,1231,1235,1236,99,1238,76,1232
1258: 1261,1247,1260,1240,1256,1254,1257,1220,1263,31,1262,1246,8,1266,78,42,57,95,1251,1219,1221,1250,1252,1249,1253,74,1267,1265,22,1222,92,1245,1259,1241,1206,1242,1243,1230,1255,1233,72,1234,1231,1235,1236,99,1238,76,1232
1259: 22,1222,92,1245,78,90,42,57,95,13,23,1261,1247,1260,1240,1256,1254,1258,1257,1220,1263,31,1262,379,20,1233,72,1234,1231,1235,1236,99,1238,76,1232,69
1260: 1261,1247,1240,1256,1254,1258,1257,1220,1263,31,1262,1223,1244,1225,1246,8,1266,78,42,57,95,1251,1219,1221,1250,1252,1249,1253,74,1267,1265,22,1222,92,1245,1259,1241,1206,1242,1243,1230,1255,1233,72,1234,1231,1235,1236,99,1238,76,1232
1261: 1247,1260,1240,1256,1254,1258,1257,1220,1263,31,1262,1223,1244,1225,1248,1246,8,1266,78,42,57,95,1251,1219,1221,1250,1252,1249,1253,74,1267,1265,22,1222,92,1245,1259,1241,1206,1242,1243,1230,1255,1233,72,1234,1231,1235,1236,99,1238,76,1232
1262: 1261,1247,1260,1240,1256,1254,1258,1257,1220,1263,31,1223,1225,1246,8,1266,78,42,57,95,1251,1219,1221,1250,1252,1249,1253,74,1267,1265,22,1222,92,1245,1259,1241,1206,1242,1243,1230,1255,1233,72,1234,1231,1235,1236,99,1238,76,1232
1263: 1261,1247,1260,1240,1256,1254,1258,1257,1220,31,1262,1223,1244,1225,1248,1246,8,1266,78,42,57,95,1251,1219,1221,1250,1252,1249,1253,74,1267,1265,22,1222,92,1245,1259,1241,1206,1242,1243,1230,1255,1233,72,1234,1231,1235,99,76,1232
1264: 352,1207,250,255,381,71,30,35,1202,480,209
1265: 1251,1219,1221,1250,1252,1249,1253,74,1267,83,1223,1244,1225,1248,1246,8,1266,78,86,103,1261,1247,1260,1240,1256,1254,1258,1257,1220,1263,31,1262,37,2,1241,1206,1242,1243,1230,1255,1233,72,1234,1231,1235
1266: 1223,1244,1225,1248,1246,8,56,185,66,33,83,78,86,103,1251,1219,1221,1250,1252,1249,1253,74,1267,1265,1261,1247,1260,1240,1256,1254,1258,1257,1220,1263,31,1262