1574: 1605,1875,1750,2701,2711,2706,514,965
543: 971
1068: 1632,1656,1630,1655,1659,1653,1654,1657,1658,1640,1638,1627,1619,1624
1141: 1100,1722,1745
1543: 1349,475
566: 
949: 1718,1765
1581: 1562,1397,1458,970
1445: 1530,1526,1561
1701: 2410,2392,1700,2454,2334,2266,2040,1671
977: 1867,2578,1899,2582,2619
1519: 1564,1430,1531,1499,1450,1476
1373: 1467,1253,1278,1685,969
1572: 554,1527,1397,1458
1394: 1379,1415,1365,1345,1317,1346,1431
535: 166,1015
1939: 2021,2594,2580,966,2563,2623,2579,2602
1459: 1525
1509: 1357,1345,1317,1346,1393,482
583: 2050,2087,2223,2072
1619: 1640,1638,1627,1644,1624,1646,1632,1068,1655,1659,1653,1657,1636,1645,1639
1376: 1501
900: 2448,2209
1520: 1495
1337: 1690
500: 463
520: 
1393: 1431,1426,1345,1317,1346,1461,1509,1357,1395
1602: 1532
1623: 1066,1618,1063,1065,1609,1083,1615,1053,1731,1521
562: 
509: 2294
1174: 1062
822: 1487
947: 593
563: 
985: 
1450: 1519,1564,1430,1531,1476
2261: 2342,2282,2338,2253,2244,2246,2240,2347,2323,2159,2150,2110,2089,2345,2275,2339,2094,2181,2149,2258,2272,2091,2140,2201,2337,2281,2280,2139,2279
1556: 1576
995: 1926,2571,2509
551: 2699,2679,945,2710,2638,2714
1532: 1602
957: 
1540: 1499,1571
1687: 1668
961: 
495: 935
1456: 1387,1518,577
968: 538
1718: 1765,949
929: 
939: 555
905: 
1461: 1431,1393,1426,1395
552: 1496
572: 2123,2586
1506: 1478,987
560: 2693,2664,2618,493,2702,2718
504: 
1479: 1554,1518,577,1499,1571
61: 1460
539: 
558: 
1527: 554,1572,1397,1458,970
1495: 1520
2145: 2549,2198,2161,512,2074,2141,580
922: 
589: 2286,2565,2442,1773,2350,2407,2551
1874: 2540,2489,1830,1882,1907
1600: 1789,1732
598: 586
1202: 
1781: 1752,1977,2039
587: 
515: 
1571: 1540,1499,1479,1554,1564
569: 1979,1883,1941
996: 1847,1778,525,1740,1798
1823: 1940,1974,1921,1920,1948,1864
1690: 1337
916: 2173,2521,2370,2358,434
1172: 1268,1326,1635,1617,1136
1605: 1574,1875,1750,2701,2711,2706,514,965
591: 
926: 2148,2224,2498,2499
1487: 822
1513: 1548,960
532: 
944: 964
582: 2542,2125
1295: 
948: 
1349: 1543
1064: 1088,1820,1858,1629
588: 2555,2483,2446,2448,2209,2447,2556,2481,2303,2168
1253: 1290,1278,1637,1685,1467,1373
994: 
1518: 1456,1387,1479
1496: 1660,1672,1424,454,552,1696
2681: 2668,2649,2648,2516,2650,2559,1933,2560,2539,2501,2688,2696,908
593: 947
1426: 1431,1393,1345,1317,1346,1461,1395
544: 
908: 2644,2668,2681,2649,1891,1793
1606: 1853,1871,1810,1736,1751
955: 
1346: 1345,1317,1379,1394,1415,1365,1431,1393,1426,1509,1357
906: 909
1635: 153,1617,1136,1268,1326,1651,1172
581: 592
498: 471
932: 
575: 1965,1941,1920,1887,1912
993: 
1646: 1640,1638,1627,1619,1644,1624,1655,1636,1645,1639,1648
531: 452,1788,1846,1729,545,1928,1785
1395: 1431,1393,1426,1461
2602: 2579,2021,2594,1939,2563,2623,1867,2189,2255,1913
513: 
1278: 1290,1253,1637,1685,1467,1373
1387: 1456,1518,577
2541: 1951,2528,2516,2650,2559,1933,2560,2539,2501,2709,2486,2504,1884,2708
1671: 2465,2364,2476,853,1677,2488,2464,2427,1701,2410,2392,1700,2454,2334,2266,2040,915,2409,2394,2262,2263
1458: 1397,554,1572,1527,970,1581,1562
506: 409,1984,991,1855
975: 
911: 2473,2369
555: 939
597: 
979: 
988: 
963: 
1684: 1663,1676,1650,1672,1424,1660
538: 968
951: 
1348: 438,1402
536: 
592: 581
1063: 1618,1065,1609,1083,1615,1612,1067,1069,1620,1066,1623
1562: 1581,1397,1458,970
2578: 1867,1913,977,1899,2582,2619,1926
986: 
559: 1474
586: 965,598
903: 1430,1588,157,1476,1379,1365
1589: 1732
596: 1558,1713
1670: 1743
557: 1746,1708
580: 2145,2198,2173,2358
537: 
978: 
153: 1635,1617,1136,1268,1326,1676,1650
980: 
1974: 1921,1942,1972,2015,1998,2027,1823,1940
568: 2181,2149,2258,2272,2091,2140,2201,2337,2280,2139,2279,2076,2045,2204,2115,2236,2090,2075,2043
157: 1588,903,1379,1365
965: 514,1574,1605,586
2637: 2613,2609,2616,2632,2603,2647,2630,2658,2493,2610,2564,2689,2645
902: 
556: 972
1503: 1404,952
1430: 1519,1564,1531,1450,903,1476
541: 567
594: 579
166: 1015,535,924,943
1708: 1746,557
507: 1736,1751,1810,1776
700: 1009,1637
1528: 1592,521
519: 1817,1689
550: 
1547: 573,1580
574: 1414
940: 1936,1967,2165,2349
1065: 1618,1063,1609,1083,1615,1612,1067,1069,1620,1066,1623
1837: 1783,1763,1719,1714,1694
923: 
1062: 1174
1053: 1066,1623,1268,1326
901: 
501: 
1588: 157,903,1379,1415,1365
992: 
1290: 1253,1278,1685
534: 1910,1890,1844,1877
967: 
573: 1580,1547
547: 
976: 
919: 
1415: 1379,1394,1365,1588,1345,1317,1346,1431
1565: 1585
590: 1921,1998,2027,524,1955,1986
2687: 2699,2679,945,2642,2692,2674,2700,2673,2675,2614,2710,2638,2714,2713
1514: 1474
962: 1695,1721
927: 1933,2560,2539,2501,2486,2504,1884,2708,2489,1830,1882,1907,2508,2688,2696,1915,2496
1578: 1388,480,969
584: 
934: 
1531: 1519,1564,1430,1450,1476
953: 
1197: 
973: 1590,1601
517: 
982: 
1357: 1509,1345,1317,1346,1393,482
924: 943,166,1015
1891: 1793,908
1424: 1672,1663,1684,1496,1660
990: 
578: 2450,2561,2568,2534,2151,2653
1341: 1477,2407,2551,2596,2655
1149: 1184
1388: 1578,480,969
1502: 1536
914: 
1419: 1557
1693: 1707,1725,1720,1703,1754,1723,1698,1692
1607: 232
925: 
1521: 1731,1664,1686,1066,1623,1636,1645
1100: 1141
2107: 2185,2225,2251,2131,2249,2219,2288,2252,2312,2250,2253,2244,2300,2246,2216,2283,2247,2129,2248,2256,2138,2323,2159,2150,2110,2163,2062,2162,2175,2182,1994,2188,2186,2183,2187,2184,2259,2181,2149,2258
941: 407
1659: 1630,1655,1653,1654,1657,1658,1632,1068,1656,1640,1638,1627,1619,1624,1639
912: 
950: 
943: 924,166,1015
1443: 1598
232: 1607
2540: 1874,2486,1884,2489,1830,1882,1907
1551: 445,1414
1404: 1503,952
579: 594
2714: 2710,2638,2699,2679,2687,945,2642,551,2678,2713
508: 510
920: 
1379: 1394,1415,1365,1588,157,903,1476,1345,1317,1346,1431
599: 
1580: 573,1547
514: 1629,1633,1875,1750,2701,2706,1574,1605,965
1476: 1519,1564,1430,1531,1450,903,1379,1365
971: 543
972: 556
1557: 1419
1583: 431,1603
1585: 1565
1402: 468,1348,438
1576: 1556
1345: 1317,1346,1379,1394,1415,1365,1431,1393,1426,1509,1357
1526: 1561,1530,1445
2281: 2280,2139,2279,2237,2132,2338,2261,2089,2345,2275,2339,2094,2277,2193,2405,2002,2272,2091,2140,2201,2337,2196,2191,2260,2199,2329
512: 2254,2161,2097,2145
942: 
571: 2223,2072
1478: 1506,987
1501: 1376
1563: 
928: 
1499: 1540,1571,1479,1554,1519,1564
567: 541
528: 
909: 906
1467: 1373,1253,1278,1685,969
524: 2018,1998,2027,2061,590
998: 
853: 1677,2377,2476,2475,2523,2488,2464,2512,2427,2465,1671,2364,2392,1700,2454,2334,2040
585: 2203,2096,2290
523: 
1525: 1459
915: 2409,2433,2512,2152,2427,2465,1671,2364,2410,2392,1700,2266,2040,2419,2416,2365,2378,2265,2394,2262,2263,2267,2333,2309,2308,2016,2154,2238,2331,2214,2330,2218,2374,2311,2299,2024
1009: 700,1637
533: 
959: 
913: 
530: 
496: 
1088: 1064,1820,1858,1629
522: 
958: 
553: 423
1474: 559,1514
1365: 1379,1394,1415,1588,157,903,1476,1345,1317,1346,1431
1530: 1445,1526,1561
510: 527,508
542: 
960: 1513,1548
984: 
952: 1503,1404
595: 
1561: 1526,1530,1445
505: 
521: 1528,1592
999: 
2589: 2625,2698,931
518: 
1680: 1754,1639,1648,1720,1703,1725
502: 1979,1991,1886,1883
956: 
1414: 1551,445,574
933: 1767,1779,1766,1836
904: 
1015: 166,535,924,943
1066: 1623,1618,1063,1065,1609,1083,1615,1053,1731,1521,1686
549: 
991: 1984,409,506,1855
1268: 1326,492,1662,1053,1651,1172,153,1635,1617,1136
1454: 1323
311: 1005
554: 1572,1527,1397,1458
497: 
1536: 1502
548: 
526: 
989: 
1069: 1620,1612,1067,1063,1065,1609,1083,1615
1601: 1590,973
545: 1788,478,1846,1729,981,1970,531
576: 2203,2393
945: 2699,2679,2687,2642,2692,2662,2674,2700,2673,2675,2614,551,2710,2638,2714
2668: 2681,2649,2516,2650,2559,1933,2560,2539,2501,2508,2688,2696,908
981: 1970,1863,1807,1788,478,545
946: 2065,2011,2003,1987,1963,1942,1972,2015
516: 917
1637: 700,1009,1253,1278
1161: 
570: 
1985: 1947,2116
1592: 1528,521
918: 2595,2449,2584,2545,1773,2350
1184: 1149
1714: 1694,1783,1837
1323: 1454
1686: 1731,1521,1664,1066,1636,1645
1243: 
499: 
1460: 61
1732: 1589,1789,1600
938: 
966: 2580,2021,1939,1991,1886
1700: 1701,2410,2392,2454,2334,2266,2040,853,1677,2488,2464,2462,2465,1671,2364,915,2409,2394,2262,2263
937: 
1477: 1341,2407,2551,2596,2655
921: 
1698: 1723,1754,1707,1693,1725,1692
1326: 1268,492,1662,1053,1651,1172,153,1635,1617,1136
540: 2450,2561,2568,2534,2435,2195
997: 
503: 2669,2698,2604,2652
917: 516
1766: 1876,1803,933,1767,1779,1836
1537: 1558,1713
546: 
1067: 1612,1069,1620,1618,1063,1065,1609,1083,1615
970: 1527,1397,1458,1581,1562
1603: 1583,431
2233: 2348,2445,2443,2383,2166,2385,2302,2367,2105,2418,2366,2208,2359,1997,2384,2426,2213,2207,2211,2210,2167
1668: 1687
1719: 1763,1783,1837
1431: 1393,1426,1379,1394,1415,1365,1345,1317,1346,1461,1395
931: 2589,2698
565: 
529: 
1005: 311
561: 
1624: 1640,1638,1627,1619,1644,1646,1632,1068,1630,1655,1659,1653,1654,1657,1658,1636,1645,1639,1648
964: 944
2033: 2059,2020,1999
1317: 1345,1346,1379,1394,1415,1365,1431,1393,1426,1509,1357
954: 
1575: 1642,1641,1643
1590: 1601,973
2104: 2164,2103,2232,2207,2211,2210,2167,2120,2228,2038,2227,2229
1558: 1537,1713,596
1548: 1513,960
564: 
511: 1697,1787
1788: 478,1846,1729,981,1970,545,531
969: 1388,1578,1467,1373
527: 459,510
1136: 153,1635,1617,1268,1326,1651,1172,1676,1650
1554: 1479,577,1499,1571
987: 1478,1506
935: 495
1397: 1458,554,1572,1527,970,1581,1562
1083: 1618,1063,1065,1609,1615,1612,1067,1069,1620,1066,1623
974: 1888,1737
907: 
1598: 1443
930: 1760,1797
577: 1456,1387,1479,1554
983: 
525: 1984,1855,996,1847,1778
1984: 991,409,506,1855,525
1564: 1519,1430,1531,1499,1571,1450,1476
910: 
936: 
400: 
401: 
402: 
403: 
404: 
405: 
406: 
407: 941
408: 
409: 506,1984,991,1855
410: 
411: 
412: 
413: 
414: 
415: 
416: 
417: 
418: 
419: 
420: 
421: 
422: 2515,2695,2705,2717
423: 553
424: 435
425: 
426: 467
427: 
428: 
429: 
430: 
431: 1583,1603
432: 
433: 
434: 2173,916,2370,2358
435: 424
436: 
437: 
438: 1348,1402
439: 
440: 
441: 
442: 1772,1802
443: 
444: 1992,2073
445: 1551,1414
446: 
447: 1817,1689
448: 
449: 
450: 
451: 
452: 531,1846,1729,1928,1785
453: 
454: 1496,1660,1696,1679
455: 
456: 
457: 
458: 
459: 527
460: 
461: 
462: 484
463: 500
464: 
465: 
466: 
467: 426
468: 1402
469: 
470: 
471: 498
472: 
473: 
474: 
475: 1543
476: 
477: 
478: 1788,1846,1729,981,1970,545
479: 
480: 1388,1578
481: 
482: 1509,1357
483: 
484: 462
485: 2343,2436
486: 
487: 
488: 
489: 
490: 2294,2452,2497,2451
491: 
492: 1268,1326
493: 2515,2695,560,2702,2690,2660
494: 
1609: 1618,1063,1065,1083,1615,1612,1067,1069,1620,1066,1623
2705: 2717,422,2515,2695,2686,2690,2660
1676: 1650,153,1617,1136,1663,1684
1612: 1067,1069,1620,1618,1063,1065,1609,1083,1615
1721: 1695,962
1672: 1424,1663,1684,1496,1660
1615: 1618,1063,1065,1609,1083,1612,1067,1069,1620,1066,1623
1729: 1846,1772,1802,1788,478,545,452,531,1928,1785
1617: 153,1635,1136,1268,1326,1172,1676,1650
1618: 1063,1065,1609,1083,1615,1612,1067,1620,1066,1623
1620: 1069,1612,1067,1618,1063,1065,1609,1083,1615
1627: 1640,1638,1619,1644,1624,1646,1632,1068,1655,1659,1653,1657,1636,1645,1639
1636: 1645,1640,1638,1627,1619,1644,1624,1646,1521,1664,1686,1639,1648
1629: 1064,1088,1633,1875,1750,2701,2711,2706,514
1630: 1655,1659,1653,1654,1657,1658,1632,1068,1656,1640,1638,1624,1639
1631: 1634
1632: 1068,1656,1630,1655,1659,1653,1654,1657,1658,1640,1638,1627,1619,1624
1633: 1629,514
1634: 1631
1638: 1640,1627,1619,1644,1624,1646,1632,1068,1630,1655,1659,1653,1654,1657,1658,1636,1645,1639,1648
1639: 1648,1630,1655,1659,1653,1654,1657,1658,1640,1638,1627,1619,1644,1624,1646,1636,1645,1720,1703,1680
1640: 1638,1627,1619,1644,1624,1646,1632,1068,1630,1655,1659,1653,1654,1657,1658,1636,1645,1639,1648
1641: 1643,1575,1642
1642: 1575,1641,1643
1643: 1641,1575,1642
1644: 1640,1638,1627,1619,1624,1646,1655,1636,1645,1639,1648
1645: 1636,1640,1638,1627,1619,1644,1624,1646,1731,1521,1664,1686,1639,1648
1685: 1290,1253,1278,1467,1373
1648: 1639,1640,1638,1644,1624,1646,1636,1645,1720,1703,1754,1680
1696: 1496,1660,454,1679
1650: 1676,153,1617,1136,1663,1684
1651: 1662,1268,1326,1635,1136
1677: 853,2377,2476,2475,2523,2488,2464,2512,2427,2465,1671,2364,2392,1700,2454,2334,2040
1653: 1630,1655,1659,1654,1657,1658,1632,1068,1656,1640,1638,1627,1619,1624,1639
1654: 1630,1655,1659,1653,1657,1658,1632,1068,1656,1640,1638,1624,1639
1655: 1630,1659,1653,1654,1657,1658,1632,1068,1656,1640,1638,1627,1619,1644,1624,1646,1639
1656: 1632,1068,1630,1655,1659,1653,1654,1657,1658
1657: 1630,1655,1659,1653,1654,1658,1632,1068,1656,1640,1638,1627,1619,1624,1639
1658: 1630,1655,1659,1653,1654,1657,1632,1068,1656,1640,1638,1624,1639
1660: 1496,1684,1672,1424,454,1696
1720: 1703,1639,1648,1754,1680,1693,1725
1662: 1268,1326,1651
1663: 1684,1676,1650,1672,1424
1664: 1731,1521,1686,1636,1645
1665: 1702
1679: 454,1696
1682: 
1689: 1817,447,519
1688: 
1797: 1760,930
1692: 1707,1693,1723,1698
1694: 1714,1783,1837
1695: 962,1721
1697: 511,1787
1702: 1665
1703: 1720,1639,1648,1754,1680,1707,1693,1725
1982: 2093,2144,2160,2202,2142,2278,2122,2169,2177,2130,2112,2143,2077,2147,2135,2163,2062,2162,2137,2113,2134,2133
1767: 933,1779,1766,1836
2612: 2682,2630,2658,2639,2657,2683,2493,2704,2611
1707: 1693,1725,1703,1754,1723,1698,1692
1731: 1521,1664,1686,1066,1623,1645
1730: 1834,1870,1841
1926: 2578,2619,995
1713: 1558,1537,596
1717: 1796,2631,1915,2496,2583,1756,1819
1722: 1745,1141
1723: 1698,1754,1707,1693,1725,1692
1725: 1707,1693,1720,1703,1754,1680,1723,1698
1841: 1870,1730,1834,1863,1807
1728: 1792,1756,1819,2607,2677
1807: 1863,1870,1841,981,1970
1772: 1802,442,1846,1729
1736: 1751,507,1853,1606,1810,2583,1776,1960
1737: 1888,974
1830: 2489,1882,1907,2540,1874,2486,2504,1884,2708,927,1871
1765: 1718,949
1740: 1798,996,1847,1778
1743: 1670
1778: 996,1847,525,1740,1798
1745: 1722,1141
1746: 1708,557
1796: 1717,2631,1915,2496,2583,1756,1819
1858: 2694,2680,1820,1064,1088
2312: 2219,2288,2252,2250,2309,2154,2238,2331,2214,2311,2024,2225,2251,2131,2249,2253,2244,2300,2246,2216,2283,2215,2247,2129,2248,2256,2138,2107,2185,2323,2159,2150,2110
1750: 1875,2701,2711,2706,1629,514,1574,1605
1751: 1736,507,1606,1810,2583,1776,1960
1752: 1781,1977,2039
2132: 2281,2280,2139,2279,2237,2338,2089,2345,2275,2339,2094,2277,2193,2405,2002,2272,2091,2140,2201,2196,2191,2236,2260,2199,2197,2329
1754: 1680,1648,1720,1703,1707,1693,1725,1723,1698
2321: 2319,2341,2420,2156,2322,2314,2406,2320,2415,2356,2403,2432,2357,2158,2352,2414,2355,2310,2379,2419,2365,2265,2400,2055,2315,2313,2178,2309,2308,2016,2154,2238,2318,2316,2180,2226,2155,2353,1961,2205,2225
1756: 1819,1717,1796,2631,2583,1776,1960,2607,1728,1792
2603: 2632,2567,1899,2582,2616,2600,2598,2562,2599,2637,2613,2609,2647
1760: 1797,930
1917: 1843,1922,1919,1910,1890
1763: 1719,1783,1837
1825: 1953
1768: 1832
1769: 1771,1844,1877
2649: 2668,2681,2648,2650,2539,2688,2696,908
1771: 1769,1844,1877
1773: 2350,2286,589,2595,2449,918,2407,2596,2655
1775: 2034,1898
1776: 1960,1736,1751,507,2583,1756,1819,1804
1779: 933,1767,1766,1836
2163: 2062,2162,2175,2122,2169,2177,2130,2247,2129,2248,2256,2138,2107,2185,2093,2144,2160,1982,2182,1994,2188,2186,2183,2259,2113,2134,2133,2037,2064
1783: 1837,1763,1719,1714,1694
1785: 1928,1846,1729,452,531
2046: 2386,2324,2408,2241,2293,2292,2439,2411,2388,2424,2044,2242,2425,2423,2381,2245,2344,2382,2404
1787: 511,1697
1789: 1600,1732
1790: 
1791: 1988
1792: 1728,1756,1819,2607,2677
1793: 1891,908
1798: 1740,996,1847,1778
2076: 2045,2204,2115,2187,2149,2258,2272,2091,2201,2012,2170,2127,568,2049,2108,2090,2075
1802: 1772,442,1846,1729
1803: 1876,1766,1978,1818
1804: 1776,1960
1890: 1910,1843,1917,534
2080: 2054,2052,2029,2137,2113,2134,2133,2037,2121,2099,2114,2063,2092
1867: 2579,2602,2189,2255,1913,977,2578
1810: 1853,1606,1736,1751,507
1811: 
1844: 1877,534,1771,1769,1876
1973: 2053,2034,2101
1817: 1689,447,519
1818: 1978,1803
1819: 1756,1717,1796,2583,1776,1960,1728,1792
1820: 2694,2680,1858,1064,1088
2678: 2713,2715,2699,2679,2710,2638,2714,2694,2680
1919: 1922,1920,1948,1864,1843,1917
2143: 2077,2147,2135,2202,2142,2278,2122,2169,2177,2130,2112,2120,2093,2144,2160,1982,2113,2134
2255: 2189,1913,2579,2602,1991,1886,1867
1988: 1791
2042: 2098,2043,2236,2260,2199
1832: 1768
2544: 2451,2340,2437,2435,2195
1834: 1730,1870,1841
1836: 1766,933,1767,1779
2619: 977,2578,1899,2582,1926,2600
2580: 2072,2021,2594,1939,966
2604: 2652,503,2671
1843: 1917,1922,1919,1910,1890
1936: 1967,940
1846: 1729,1772,1802,1788,478,545,452,531,1928,1785
1847: 996,1778,525,1740,1798
2700: 2673,2675,2614,2663,2657,2683,2692,2674,2699,2679,2687,945,2642
2707: 2684,2716,2661,2633,2663,2692,2662,2674
1853: 1606,1871,1810,1736
1855: 409,506,1984,991,525
2133: 2037,2093,2144,2160,1982,2163,2062,2162,2175,2188,2186,2259,2113,2134,2012,2170,2127,2176,2064,2054,2080,2063,2092
1920: 1823,1940,1965,1941,1948,1864,575,1922,1919
1863: 1807,1870,1841,981,1970
1864: 1948,1823,1940,1920,1955,1986,1922,1919
1899: 2582,977,2578,2619,2632,2603,2600,2598,2562,2599
1987: 2065,2011,2030,2003,1966,946
2127: 2012,2170,2176,2064,2175,2182,1994,2188,2186,2183,2187,2184,2259,2181,2149,2258,2133,2076,2045,2204,2115,2075
1870: 1841,1730,1834,1863,1807
1871: 2489,1830,1882,1907,1853,1606
2718: 560,2618,2702
2002: 2277,2193,2405,2404,2089,2345,2275,2339,2094,2332,2395,2391,2066,2281,2280,2139,2279,2237,2132,2196,2191,2335,2271
1875: 1750,2701,2711,2706,1629,514,1574,1605
1876: 1844,1877,1803,1766
1877: 1844,534,1771,1769,1876
2615: 2096,2290,2659
1882: 2489,1830,1907,2540,1874,2486,2504,1884,2708,927,1871
1883: 502,1979,569,2571,1887,1912
1884: 2486,2504,2708,1951,2541,2540,1933,2501,2489,1830,1882,1907,927
1886: 1991,966,2189,2255,1913,502
1887: 1912,1883,1965,1941,2571,575,2509
1888: 1737,974
1951: 2541,2528,2516,2650,2559,1933,2560,2539,2501,2709,2486,2504,1884,2708
2533: 2569,2511
2585: 2398,2543,2495,2592,2285,2601,2573,2574,2627,2590
2684: 2716,2685,2661,2633,2663,2707,2662
1948: 1864,1823,1940,1920,1955,1986,1922,1919
1970: 981,1863,1807,1788,478,545
1898: 1775
2653: 2151,2450,2561,2568,578,2534
2222: 2524,2402,2530,2548,2434,2487,2429,2480,2477,2456,2485,2431,2466,2461,2376,2417
2311: 2374,2351,2299,2024,915,2409,2394,2262,2263,2267,2333,2331,2214,2330,2218,2243,2325,2044,2219,2288,2252,2312,2250,2253,2244,2300,2246,2216,2283,2215
2582: 1899,977,2578,2619,2632,2603,2600,2598,2562,2599
2695: 2515,2693,2664,422,2705,2717,493
2522: 2471,2430,2547,2555,2483,2484,2548,2434,2556,2481,2303,2460,2458,2482,2179
1907: 2489,1830,1882,2540,1874,2486,2504,1884,2708,927,1871
2686: 2705,2717,2703
1910: 1890,1843,1917,534
2064: 2012,2170,2127,2176,2163,2062,2162,2175,2182,1994,2188,2186,2183,2187,2184,2259,2133,2037,2092,2049,2108
1912: 1887,1883,1965,1941,2571,575
1913: 2189,2255,2579,2602,1991,1886,1867,2578
2709: 1933,2560,2501,1951,2541,2504,2708
1915: 2496,927,1717,1796,2631
2400: 2055,2315,2313,2178,2306,2301,2305,2307,2406,2320,2415,2356,2403,2432,2158,2355,2389,2304,2319,2156,2321,2314,2190,2346,2231,2270,2318,2316,2180,2317,2353,1961
1921: 1974,1942,1972,2015,1998,2027,1823,1940,590
1922: 1919,1920,1948,1864,1955,1843,1917
2034: 2101,2053,1973,1775
1989: 2459,2399,2479,2556,2481,2303,2460,2458,2482,2179,2168,2306,2301,2305,2307,2445,2443,2302
1950: 2067,1947,2006,2068
2061: 2036,1995,524,2018,1999
1928: 1785,1846,1729,452,531
1972: 2015,946,1963,1942,1974,1921,1998,2027
2559: 2516,2650,2528,1951,2541,1933,2560,2539,2501,2668,2681,2688,2696
2583: 1736,1751,1717,1796,2631,1776,1960,1756,1819
2031: 1976,2212,2426,2213,2207,2211,2165,2349
1933: 2560,2539,2501,2709,2528,1951,2541,2516,2650,2559,2486,2504,1884,2708,2668,2681,2508,2688,2696,927
2588: 2601,2469,2587,2635
2090: 2075,2012,2076,2045,2204,2115,568,2049,2108,2030,1966
1940: 1823,1974,1921,1920,1948,1864
1941: 1965,569,1920,1887,1912,575
1942: 1963,946,1972,2015,1974,1921
1995: 2036,2018,2061
2125: 2542,582
2696: 2508,2688,2516,2650,2559,1933,2560,2539,2501,2504,2708,2668,2681,2649,927
1947: 1985,2067,2116,1950
1953: 1825
2113: 2134,2143,2077,2147,2135,2093,2144,2160,1982,2163,2062,2137,2133,2037,2114,2054,2080,2063,2092
1955: 1986,590,1948,1864,1922
2012: 2170,2127,2176,2064,2175,2182,1994,2188,2186,2183,2187,2184,2149,2133,2037,2076,2045,2204,2115,2092,2049,2108,2090,2075
2147: 2143,2077,2135,2202,2142,2278,2122,2169,2120,2093,2144,2160,1982,2228,2038,2227,2229,2137,2113,2134
1960: 1776,1736,1751,2583,1756,1819,1804
1961: 2226,2155,2353,2235,2205,2400,2055,2315,2313,2178,2319,2341,2420,2156,2322,2321,2314,2308,2154,2238,2318,2316,2180,2317,2225,2249,2202,2142,2278,2169,2177,2130,2112,2247,2129,2248
1997: 2208,2359,2384,2445,2443,2383,2166,2385,2302,2367,2105,2389,2304,2348,2233,2190,2346,2231,2270,2213,2207,2211,2210,2167
1963: 1942,946,1972,2015
1986: 1955,590,1948,1864
1965: 1941,1920,1887,1912,575
1966: 2049,2108,2090,2075,2030,2003,1987
1967: 1936,940
1976: 2031,2212,2426,2213,2207,2211,2165,2349
1977: 1752,1781,2039
1978: 1818,1803
1979: 502,1991,569,1883
1991: 1886,966,2189,2255,1913,502,1979
1992: 2073,444
2020: 1999,2059,2033
1994: 2182,2188,2186,2183,2187,2184,2259,2256,2138,2107,2185,2323,2159,2150,2163,2062,2162,2175,2181,2149,2258,2012,2170,2127,2064,2045,2204
1998: 2027,1972,2015,1974,1921,524,590
1999: 2020,2061,2059,2033
2055: 2400,2315,2313,2178,2306,2301,2305,2307,2406,2320,2415,2356,2403,2432,2357,2158,2355,2389,2304,2319,2156,2321,2314,2190,2346,2231,2270,2318,2316,2180,2317,2353,1961
2030: 2003,2049,2108,2090,2075,2065,2011,1966,1987
2003: 2030,2049,2108,2065,2011,1966,946,1987
2004: 2057
2108: 2049,2037,2012,2170,2176,2064,2076,2115,2063,2092,2090,2075,2065,2011,2030,2003,1966
2006: 2068,1950
2708: 2486,2504,1884,1951,2541,1933,2560,2539,2501,2709,2489,1830,1882,1907,2508,2688,2696,927
2162: 2163,2062,2175,2122,2169,2177,2130,2112,2247,2129,2248,2256,2138,2107,2185,2093,2144,2160,1982,2182,1994,2188,2186,2183,2187,2184,2259,2133,2064
2105: 2383,2166,2385,2302,2367,2168,2399,2479,2306,2301,2305,2307,2445,2443,2389,2304,2348,2233,2208,2359,1997,2384,2190,2346,2231,2270
2026: 2119
2011: 2065,2063,2092,2049,2108,2030,2003,946,1987
2347: 2240,2381,2245,2351,2243,2044,2408,2253,2244,2300,2246,2216,2283,2215,2344,2323,2159,2150,2110,2342,2282,2338,2261,2089,2345,2275,2339,2094
2591: 
2015: 1972,946,1963,1942,1974,1921,1998,2027
2016: 2309,2308,2154,2238,2357,2158,2414,2355,2310,2379,2419,2416,2365,2378,2265,915,2319,2341,2420,2156,2322,2321,2314,2331,2214,2330,2218,2226,2155,2235,2225,2251,2131,2249,2219,2288,2252,2250
2018: 524,2036,1995,2061
2611: 2704,2657,2683,2612,2682,2630,2658,2493,2610,2564,2689,2646
2021: 2594,1939,2580,966,2563,2623,2579,2602
2057: 2004
2639: 2576,2667,2606,2657,2683,2612,2682,2630,2658
2024: 2374,2351,2311,2299,915,2409,2394,2262,2263,2267,2333,2293,2331,2214,2330,2218,2243,2325,2044,2219,2288,2312,2253,2244,2300,2246,2216,2283,2215
2027: 1998,1972,2015,1974,1921,524,590
2146: 2274
2029: 2054,2080,2052,2137,2134,2037,2121,2099,2114,2063
2442: 2565,589,2407,2551
2036: 1995,2018,2061
2037: 2133,2093,2160,2163,2062,2175,2113,2134,2012,2170,2176,2064,2054,2080,2052,2029,2063,2092,2049,2108
2038: 2228,2227,2229,2164,2104,2077,2147,2137,2121,2099,2114
2039: 1752,1781,1977
2040: 1701,2410,2392,1700,2454,2334,2266,853,1677,2488,2464,2462,2465,1671,2364,2217,2362,915,2409,2394,2262,2263,2267,2333,2293
2699: 2679,2687,945,2642,2692,2674,2700,2675,2614,551,2710,2638,2714,2678,2713
2043: 2098,2042,568,2236,2260,2199
2044: 2243,2325,2262,2293,2292,2439,2374,2351,2311,2299,2024,2046,2386,2324,2408,2241,2253,2244,2300,2246,2216,2215,2240,2381,2245,2347,2344
2045: 2076,2204,2115,2182,1994,2188,2186,2183,2187,2184,2181,2149,2258,2272,2091,2140,2201,2337,2012,2170,2127,568,2090,2075
2716: 2684,2685,2661,2633,2663,2707,2662
2346: 2190,2231,2270,2383,2166,2385,2302,2367,2105,2389,2304,2400,2055,2315,2208,2359,1997,2384,2318,2316,2180,2317,2210,2167,2202,2278
2049: 2108,2037,2012,2176,2064,2076,2115,2063,2092,2090,2075,2065,2011,2030,2003,1966
2050: 2087,583
2232: 2164,2104,2103,2213,2207,2211,2210,2167,2120,2229
2052: 2054,2080,2029,2137,2134,2037,2121,2099,2114,2063,2092
2053: 1973,2034,2101
2054: 2080,2052,2029,2137,2113,2134,2133,2037,2121,2099,2114,2063,2092
2059: 2033,2020,1999
2190: 2346,2231,2270,2166,2302,2367,2105,2389,2304,2400,2055,2315,2313,2178,2208,2359,1997,2384,2318,2316,2180,2317,2210,2167,2202,2142,2278
2062: 2163,2162,2175,2122,2169,2177,2130,2129,2248,2256,2138,2107,2185,2093,2144,2160,1982,2182,1994,2188,2186,2183,2259,2113,2134,2133,2037,2064
2063: 2092,2113,2134,2133,2037,2176,2054,2080,2052,2029,2049,2108,2065,2011
2065: 2011,2063,2092,2049,2108,2030,2003,946,1987
2066: 2332,2395,2391,2277,2193,2405,2002,2422,2474,2196,2191,2335,2271
2067: 1947,1950
2068: 2006,1950
2680: 2694,2678,2713,2715,1820,1858
2070: 2336
2575: 2672,2574,2627,2590
2072: 2223,583,571,2580
2073: 1992,444
2074: 2141,2145,2198
2075: 2090,2012,2170,2127,2176,2076,2045,2204,2115,568,2049,2108,2030,1966
2077: 2143,2147,2135,2202,2142,2122,2169,2120,2093,2144,2160,1982,2228,2038,2227,2229,2137,2113,2134
2144: 2093,2160,1982,2202,2142,2278,2122,2169,2177,2130,2112,2129,2248,2256,2138,2143,2077,2147,2135,2163,2062,2162,2175,2113,2134,2133
2103: 2164,2104,2232,2213,2207,2211,2210,2167,2120,2227,2229
2087: 2050,583
2521: 2370,916
2089: 2345,2275,2339,2094,2240,2381,2245,2347,2344,2404,2282,2338,2261,2277,2193,2405,2002,2140,2201,2337,2281,2280,2139,2279,2237,2132,2196,2191
2091: 2272,2140,2201,2337,2323,2159,2150,2110,2282,2338,2261,2339,2094,2181,2149,2258,2281,2280,2139,2279,2132,2076,2045,2204,2115,568
2092: 2063,2113,2134,2133,2037,2012,2170,2176,2064,2054,2080,2052,2049,2108,2065,2011
2093: 2144,2160,1982,2142,2122,2169,2177,2130,2256,2143,2077,2147,2135,2163,2062,2162,2175,2113,2134,2133,2037
2094: 2089,2345,2275,2339,2240,2381,2245,2347,2344,2404,2342,2282,2338,2261,2277,2193,2405,2002,2272,2091,2140,2201,2337,2281,2280,2139,2279,2237,2132,2191
2095: 2570
2096: 2290,2659,2615,585
2097: 2161,2260,2199,2197,2329,512
2098: 2042,2043,2236,2260,2199
2099: 2121,2114,2228,2038,2227,2137,2134,2054,2080,2052,2029
2101: 2034,2053,1973
2641: 2593,2572,2624
2202: 2142,2278,2190,2346,2231,2270,2318,2316,2180,2317,2353,1961,2205,2122,2169,2177,2130,2112,2120,2143,2077,2147,2135,2144,1982
2110: 2323,2159,2150,2312,2253,2244,2300,2246,2216,2283,2215,2240,2381,2245,2347,2107,2282,2338,2261,2184,2181,2258,2091,2140,2337
2201: 2272,2091,2140,2337,2323,2282,2338,2261,2089,2345,2339,2094,2181,2149,2258,2281,2280,2139,2279,2237,2132,2076,2045,2204,568,2236
2112: 2122,2169,2177,2130,2318,2316,2180,2317,2226,2155,2353,1961,2235,2205,2225,2249,2202,2142,2278,2247,2129,2248,2256,2143,2135,2144,1982,2162
2114: 2121,2099,2228,2038,2227,2229,2137,2113,2134,2054,2080,2052,2029
2115: 2076,2045,2204,2149,2272,2091,2012,2170,2127,568,2049,2108,2090,2075
2116: 1985,1947
2117: 2206
2119: 2026
2120: 2210,2167,2202,2142,2278,2164,2104,2103,2232,2143,2077,2147,2135,2227,2229
2121: 2099,2114,2228,2038,2227,2229,2137,2134,2054,2080,2052,2029
2122: 2169,2177,2130,2112,2318,2316,2180,2317,2353,2235,2205,2202,2142,2278,2129,2248,2256,2143,2077,2147,2135,2093,2144,2160,1982,2163,2062,2162
2123: 2586,572
2238: 2309,2308,2016,2154,2357,2355,2310,2419,2365,2265,915,2319,2341,2420,2156,2322,2321,2314,2331,2214,2330,2218,2226,2155,2353,1961,2235,2205,2225,2251,2131,2249,2219,2288,2252,2312,2250
2129: 2247,2248,2256,2138,2226,2155,2353,1961,2235,2205,2225,2251,2131,2249,2219,2288,2252,2312,2250,2122,2169,2177,2130,2112,2107,2185,2144,2163,2062,2162,2175,2183,2259
2130: 2122,2169,2177,2112,2226,2155,2353,1961,2235,2205,2225,2249,2202,2142,2278,2247,2129,2248,2256,2138,2143,2135,2093,2144,2160,1982,2163,2062,2162,2175
2131: 2225,2251,2249,2341,2156,2309,2308,2016,2154,2238,2331,2214,2330,2218,2226,2155,2235,2219,2288,2252,2312,2250,2177,2247,2129,2248,2256,2138,2107
2134: 2113,2143,2077,2147,2135,2093,2144,2160,1982,2163,2062,2137,2133,2037,2121,2099,2114,2054,2080,2052,2029,2063,2092
2135: 2143,2077,2147,2202,2142,2278,2122,2169,2177,2130,2112,2120,2093,2144,2160,1982,2137,2113,2134
2258: 2181,2149,2107,2185,2323,2159,2150,2110,2282,2338,2261,2182,1994,2188,2186,2183,2187,2184,2272,2091,2140,2201,2337,2170,2127,2076,2045,2204,568
2137: 2077,2147,2135,2160,1982,2228,2038,2227,2229,2113,2134,2121,2099,2114,2054,2080,2052,2029
2138: 2247,2129,2248,2256,2235,2225,2131,2249,2252,2312,2250,2177,2130,2107,2185,2144,2163,2062,2162,2175,2182,1994,2188,2186,2183,2187,2184,2259
2139: 2281,2280,2279,2237,2132,2282,2338,2261,2089,2345,2275,2339,2094,2193,2002,2272,2091,2140,2201,2337,2196,2191,568,2236,2260,2199
2140: 2272,2091,2201,2337,2323,2159,2110,2342,2282,2338,2261,2089,2345,2339,2094,2181,2149,2258,2281,2280,2139,2279,2237,2132,2045,2204,568
2141: 2074,2145,2198
2142: 2202,2278,2190,2270,2318,2316,2180,2317,2226,2155,2353,1961,2235,2205,2122,2169,2177,2130,2112,2120,2143,2077,2147,2135,2093,2144,2160,1982
2148: 2224,2498,2499,926
2149: 2181,2258,2107,2185,2323,2159,2150,2282,2261,2182,1994,2188,2186,2183,2187,2184,2272,2091,2140,2201,2337,2012,2170,2127,2076,2045,2204,2115,568
2150: 2323,2159,2110,2219,2288,2252,2312,2250,2253,2244,2300,2246,2216,2283,2215,2240,2347,2107,2185,2282,2261,2182,1994,2188,2186,2183,2187,2184,2259,2181,2149,2258,2091,2337
2151: 2653,2450,2561,2568,578,2534
2152: 2433,2512,2427,2487,2429,2480,2477,2456,2485,2377,2476,2475,2523,2461,2376,2417,2157,2465,2364,2357,2352,2414,2355,2310,2379,2419,2416,2365,2378,2265,915
2377: 2476,2475,2523,2487,2429,2480,2477,2456,2485,853,1677,2461,2376,2417,2157,2433,2512,2152,2427,2465,2364
2154: 2309,2308,2016,2238,2357,2158,2355,2310,2419,2365,2265,915,2319,2341,2420,2156,2322,2321,2314,2331,2214,2330,2218,2226,2155,2353,1961,2235,2205,2225,2251,2131,2249,2219,2288,2252,2312,2250
2155: 2226,2353,1961,2235,2205,2315,2313,2178,2319,2341,2420,2156,2322,2321,2314,2309,2308,2016,2154,2238,2318,2316,2180,2317,2225,2251,2131,2249,2142,2169,2177,2130,2112,2247,2129,2248
2156: 2319,2341,2420,2322,2321,2314,2406,2320,2357,2158,2414,2355,2310,2419,2365,2265,2400,2055,2315,2313,2178,2309,2308,2016,2154,2238,2318,2316,2180,2226,2155,2353,1961,2235,2205,2225,2251,2131,2249
2157: 2461,2376,2417,2402,2487,2429,2480,2477,2456,2485,2377,2475,2431,2466,2433,2512,2152,2427,2415,2356,2357,2158,2352,2414,2355,2310,2379,2419,2416,2365,2378,2265
2158: 2357,2352,2414,2355,2310,2379,2431,2461,2376,2417,2157,2406,2320,2415,2356,2403,2432,2419,2416,2365,2378,2265,2400,2055,2315,2313,2178,2319,2341,2420,2156,2322,2321,2314,2308,2016,2154
2159: 2323,2150,2110,2219,2252,2312,2253,2244,2300,2246,2216,2283,2215,2240,2347,2107,2185,2282,2338,2261,2182,1994,2186,2183,2187,2184,2181,2149,2258,2091,2140,2337
2160: 2093,2144,1982,2142,2122,2169,2177,2130,2256,2143,2077,2147,2135,2163,2062,2162,2175,2137,2113,2134,2133,2037
2161: 2097,2260,2199,2197,2329,512,2145,2198
2164: 2104,2103,2232,2207,2211,2210,2167,2120,2228,2038,2227,2229
2165: 2349,2212,2031,1976,940
2166: 2383,2385,2302,2367,2105,2168,2399,2479,2301,2305,2307,2445,2443,2389,2304,2348,2233,2208,2359,1997,2384,2190,2346,2231,2270
2167: 2210,2348,2233,2208,2359,1997,2384,2190,2346,2231,2270,2213,2207,2211,2164,2104,2103,2232,2120
2168: 588,2556,2481,2303,2460,2458,2459,2399,2479,1989,2445,2443,2383,2166,2385,2302,2367,2105
2169: 2122,2177,2130,2112,2318,2316,2180,2317,2155,2353,1961,2235,2205,2225,2202,2142,2278,2247,2129,2248,2256,2143,2077,2147,2135,2093,2144,2160,1982,2163,2062,2162
2170: 2012,2127,2176,2064,2175,2182,1994,2188,2186,2183,2187,2184,2259,2181,2149,2258,2133,2037,2076,2045,2204,2115,2092,2108,2075
2406: 2320,2415,2356,2403,2432,2431,2461,2417,2306,2301,2305,2307,2357,2158,2352,2414,2355,2389,2304,2400,2055,2315,2313,2178,2319,2156,2321,2314
2658: 2612,2682,2630,2639,2637,2613,2609,2657,2683,2493,2610,2564,2704,2611
2173: 916,580,2358,434
2174: 2455,2396
2175: 2163,2062,2162,2130,2247,2129,2248,2256,2138,2107,2185,2093,2144,2160,2182,1994,2188,2186,2183,2187,2184,2259,2133,2037,2012,2170,2127,2176,2064
2176: 2012,2170,2127,2064,2175,2182,2188,2186,2187,2133,2037,2063,2092,2049,2108,2075
2177: 2122,2169,2130,2112,2318,2316,2180,2317,2226,2155,2353,1961,2235,2205,2225,2251,2131,2249,2202,2142,2278,2247,2129,2248,2256,2138,2143,2135,2093,2144,2160,1982,2163,2062,2162
2178: 2400,2055,2315,2313,2406,2320,2356,2357,2158,2355,2389,2304,2319,2341,2420,2156,2322,2321,2314,2190,2270,2318,2316,2180,2317,2226,2155,2353,1961,2235,2205
2179: 2471,2522,2430,2547,2484,2530,2548,2434,2524,2402,2460,2458,2482,2431,2466,2459,1989,2306,2301,2305,2307,2403
2180: 2318,2316,2317,2389,2304,2400,2055,2315,2313,2178,2156,2321,2314,2190,2346,2231,2270,2155,2353,1961,2205,2202,2142,2278,2122,2169,2177,2112
2181: 2149,2258,2107,2185,2323,2159,2150,2110,2342,2282,2338,2261,2182,1994,2188,2186,2183,2187,2184,2272,2091,2140,2201,2337,2170,2127,2045,2204,568
2182: 1994,2188,2186,2183,2187,2184,2259,2256,2138,2107,2185,2323,2159,2150,2163,2062,2162,2175,2181,2149,2258,2012,2170,2127,2176,2064,2045,2204
2183: 2182,1994,2188,2186,2187,2184,2259,2247,2129,2248,2256,2138,2107,2185,2323,2159,2150,2163,2062,2162,2175,2181,2149,2258,2012,2170,2127,2064,2045
2184: 2182,1994,2188,2186,2183,2187,2259,2256,2138,2107,2185,2323,2159,2150,2110,2162,2175,2181,2149,2258,2012,2170,2127,2064,2045,2204
2185: 2107,2249,2252,2312,2250,2253,2283,2247,2129,2248,2256,2138,2323,2159,2150,2163,2062,2162,2175,2182,1994,2188,2186,2183,2187,2184,2259,2181,2149,2258
2186: 2182,1994,2188,2183,2187,2184,2259,2256,2138,2107,2185,2323,2159,2150,2163,2062,2162,2175,2181,2149,2258,2133,2012,2170,2127,2176,2064,2045,2204
2187: 2182,1994,2188,2186,2183,2184,2259,2138,2107,2185,2323,2159,2150,2162,2175,2181,2149,2258,2012,2170,2127,2176,2064,2076,2045,2204
2188: 2182,1994,2186,2183,2187,2184,2259,2256,2138,2107,2185,2323,2150,2163,2062,2162,2175,2181,2149,2258,2133,2012,2170,2127,2176,2064,2045,2204
2189: 2255,1913,2579,2602,1991,1886,1867
2191: 2196,2089,2345,2275,2339,2094,2277,2193,2405,2002,2332,2395,2391,2066,2281,2280,2139,2279,2237,2132,2335,2271,2260,2199,2197,2329
2683: 2657,2639,2612,2682,2630,2658,2700,2673,2675,2614,2704,2611
2193: 2277,2405,2002,2382,2404,2089,2345,2275,2339,2094,2332,2395,2391,2066,2281,2280,2139,2279,2237,2132,2196,2191,2335,2271
2344: 2243,2325,2044,2046,2386,2324,2408,2241,2242,2425,2423,2240,2381,2245,2347,2382,2404,2338,2089,2275,2339,2094
2195: 2422,2474,2435,2340,2437,2544,540,2332,2391
2196: 2191,2089,2345,2339,2277,2193,2405,2002,2332,2395,2391,2066,2281,2280,2139,2279,2237,2132,2335,2271,2260,2199,2197,2329
2197: 2260,2199,2329,2237,2132,2196,2191,2335,2271,2161,2097
2198: 2549,2145,2161,2074,2141,580
2199: 2260,2197,2329,2281,2139,2279,2237,2132,2196,2191,2335,2271,2236,2098,2042,2043,2161,2097
2343: 2436,485
2203: 576,2393,585
2204: 2076,2045,2115,2182,1994,2188,2186,2187,2184,2181,2149,2258,2272,2091,2140,2201,2337,2012,2170,2127,568,2090,2075
2205: 2226,2155,2353,1961,2235,2315,2313,2178,2341,2156,2321,2314,2154,2238,2318,2316,2180,2317,2225,2249,2202,2142,2278,2122,2169,2177,2130,2112,2247,2129,2248,2256
2206: 2117
2207: 2213,2211,2418,2366,2348,2233,2208,2359,1997,2426,2210,2167,2031,1976,2164,2104,2103,2232
2208: 2359,1997,2384,2383,2166,2385,2302,2367,2105,2389,2304,2348,2233,2190,2346,2231,2270,2213,2207,2211,2210,2167
2209: 2446,2448,2447,900,588
2210: 2167,2348,2233,2208,2359,1997,2190,2346,2270,2213,2207,2211,2164,2104,2103,2232,2120
2211: 2213,2207,2366,2348,2233,2208,2359,1997,2384,2426,2210,2167,2031,1976,2164,2104,2103,2232
2212: 2418,2366,2426,2165,2349,2031,1976
2213: 2207,2211,2418,2366,2348,2233,2208,2359,1997,2384,2426,2210,2167,2031,1976,2103,2232
2214: 2331,2330,2218,2365,2265,915,2409,2262,2263,2267,2333,2309,2308,2016,2154,2238,2374,2351,2311,2299,2024,2225,2251,2131,2219,2288,2252,2312,2250,2244,2300,2246,2216,2283,2215
2215: 2253,2244,2300,2246,2216,2283,2331,2214,2374,2351,2311,2299,2024,2243,2325,2044,2219,2288,2312,2240,2381,2245,2347,2159,2150,2110,2338
2216: 2253,2244,2300,2246,2283,2215,2331,2214,2330,2218,2374,2351,2311,2299,2024,2243,2044,2219,2288,2252,2312,2250,2240,2347,2107,2159,2150,2110
2217: 2363,2362,2268,2463,2462,2410,2392,2454,2334,2266,2040,2505,2373,2394,2262,2293,2361,2292,2439,2411
2218: 2331,2214,2330,2419,2416,2365,2378,2265,915,2409,2263,2267,2333,2309,2308,2016,2154,2238,2374,2311,2024,2225,2251,2131,2219,2288,2250,2216
2219: 2288,2252,2312,2250,2309,2308,2016,2154,2238,2331,2214,2330,2218,2374,2351,2311,2024,2225,2251,2131,2249,2253,2244,2300,2246,2216,2283,2215,2247,2129,2107,2159,2150
2353: 2226,2155,1961,2235,2205,2400,2055,2315,2313,2178,2319,2341,2420,2156,2322,2321,2314,2154,2238,2318,2316,2180,2317,2225,2249,2202,2142,2278,2122,2169,2177,2130,2112,2247,2129,2248
2223: 2072,583,571
2224: 2148,2498,2499,926
2225: 2251,2131,2249,2319,2341,2420,2156,2322,2321,2314,2309,2308,2016,2154,2238,2331,2214,2330,2218,2226,2155,2353,1961,2235,2205,2219,2288,2252,2312,2250,2169,2177,2130,2112,2247,2129,2248,2256,2138,2107
2226: 2155,2353,1961,2235,2205,2315,2313,2178,2319,2341,2420,2156,2322,2321,2314,2309,2308,2016,2154,2238,2318,2316,2225,2251,2131,2249,2142,2177,2130,2112,2247,2129,2248
2227: 2228,2038,2229,2164,2104,2103,2120,2077,2147,2137,2121,2099,2114
2228: 2038,2227,2229,2164,2104,2077,2147,2137,2121,2099,2114
2229: 2228,2038,2227,2164,2104,2103,2232,2120,2077,2147,2137,2121,2114
2437: 2340,2425,2451,2382,2544,2277,2405,2332,2395,2391,2422,2474,2435,2195
2231: 2190,2346,2270,2383,2166,2385,2302,2367,2105,2389,2304,2400,2055,2315,2313,2208,2359,1997,2384,2318,2316,2180,2317,2167,2202,2278
2235: 2226,2155,2353,1961,2205,2178,2341,2156,2314,2309,2308,2016,2154,2238,2318,2316,2225,2251,2131,2249,2142,2278,2122,2169,2177,2130,2112,2247,2129,2248,2256,2138
2236: 2272,2201,2280,2139,2279,2237,2132,568,2260,2199,2098,2042,2043
2237: 2281,2280,2139,2279,2132,2089,2345,2339,2094,2277,2193,2002,2140,2201,2196,2191,2236,2260,2199,2197,2329
2599: 2600,2598,2562,1899,2582,2632,2603,2647,2528
2240: 2381,2245,2347,2351,2243,2325,2044,2408,2253,2244,2300,2246,2216,2283,2215,2344,2323,2159,2150,2110,2282,2338,2261,2089,2345,2275,2339,2094
2241: 2046,2386,2324,2408,2293,2361,2292,2439,2411,2424,2243,2325,2044,2242,2425,2423,2381,2245,2344
2242: 2425,2423,2292,2439,2411,2388,2424,2452,2497,2046,2386,2324,2408,2241,2344,2382,2404
2243: 2325,2044,2394,2262,2263,2267,2333,2293,2361,2292,2439,2374,2351,2311,2299,2024,2386,2324,2408,2241,2253,2244,2300,2246,2216,2215,2240,2381,2245,2347,2344
2244: 2253,2300,2246,2216,2283,2215,2214,2374,2351,2311,2299,2024,2243,2325,2044,2219,2288,2312,2240,2381,2245,2347,2107,2323,2159,2150,2110,2282,2338,2261
2245: 2240,2381,2347,2374,2351,2299,2243,2325,2044,2046,2386,2324,2408,2241,2253,2244,2300,2246,2215,2344,2110,2282,2338,2089,2345,2275,2339,2094
2246: 2253,2244,2300,2216,2283,2215,2331,2214,2374,2351,2311,2299,2024,2243,2325,2044,2219,2288,2252,2312,2240,2381,2245,2347,2107,2323,2159,2150,2110,2282,2338,2261
2247: 2129,2248,2256,2138,2226,2155,2353,1961,2235,2205,2225,2251,2131,2249,2219,2288,2252,2312,2250,2169,2177,2130,2112,2107,2185,2163,2162,2175,2183,2259
2248: 2247,2129,2256,2138,2226,2155,2353,1961,2235,2205,2225,2251,2131,2249,2252,2312,2250,2122,2169,2177,2130,2112,2107,2185,2144,2163,2062,2162,2175,2183,2259
2249: 2225,2251,2131,2341,2156,2309,2308,2016,2154,2238,2331,2226,2155,2353,1961,2235,2205,2219,2288,2252,2312,2250,2177,2130,2112,2247,2129,2248,2256,2138,2107,2185
2250: 2219,2288,2252,2312,2309,2308,2016,2154,2238,2331,2214,2330,2218,2311,2225,2251,2131,2249,2253,2300,2216,2283,2247,2129,2248,2256,2138,2107,2185,2150
2251: 2225,2131,2249,2341,2420,2156,2322,2309,2308,2016,2154,2238,2331,2214,2330,2218,2226,2155,2235,2219,2288,2252,2312,2250,2177,2247,2129,2248,2256,2107
2252: 2219,2288,2312,2250,2309,2308,2016,2154,2238,2331,2214,2330,2311,2225,2251,2131,2249,2253,2300,2246,2216,2283,2247,2129,2248,2256,2138,2107,2185,2159,2150
2253: 2244,2300,2246,2216,2283,2215,2351,2311,2024,2243,2044,2219,2288,2252,2312,2250,2240,2381,2245,2347,2107,2185,2323,2159,2150,2110,2282,2338,2261
2254: 512
2256: 2247,2129,2248,2138,2235,2205,2225,2251,2131,2249,2252,2312,2250,2122,2169,2177,2130,2112,2107,2185,2093,2144,2160,2163,2062,2162,2175,2182,1994,2188,2186,2183,2184,2259
2650: 2516,2559,2528,1951,2541,2648,1933,2560,2539,2501,2668,2681,2649,2508,2688,2696
2259: 2182,1994,2188,2186,2183,2187,2184,2247,2129,2248,2256,2138,2107,2185,2323,2150,2163,2062,2162,2175,2133,2170,2127,2064
2260: 2199,2197,2329,2281,2280,2139,2279,2237,2132,2196,2191,2335,2271,2236,2098,2042,2043,2161,2097
2262: 2394,2263,2267,2333,2465,1671,2410,2392,1700,2454,2334,2266,2040,2217,2363,2362,915,2409,2293,2361,2214,2374,2351,2311,2299,2024,2243,2325,2044
2263: 2394,2262,2267,2333,2465,1671,2364,2410,2392,1700,2454,2334,2266,2040,2362,915,2409,2293,2331,2214,2330,2218,2374,2311,2299,2024,2243,2325
2600: 2598,2562,2599,1899,2582,2619,2632,2603,2647,2528
2265: 2419,2416,2365,2378,2376,2157,2433,2152,2465,2364,2357,2158,2352,2414,2355,2310,2379,915,2409,2319,2341,2420,2156,2322,2321,2309,2308,2016,2154,2238,2331,2214,2330,2218
2266: 1701,2410,2392,1700,2454,2334,2040,2488,2464,2268,2463,2462,2465,1671,2364,2217,2363,2362,915,2409,2394,2262,2263,2267,2333,2293,2361
2267: 2394,2262,2263,2333,2410,2392,2266,2040,915,2409,2293,2331,2214,2330,2218,2374,2351,2311,2299,2024,2243,2325
2268: 2463,2462,2488,2464,2410,2454,2334,2266,2217,2363,2362,2505,2373
2307: 2306,2301,2305,2460,2458,2179,2431,2459,2399,2479,1989,2406,2320,2415,2356,2403,2432,2383,2166,2385,2302,2367,2105,2389,2304,2400,2055,2315,2313
2270: 2190,2346,2231,2166,2302,2367,2105,2389,2304,2400,2055,2315,2313,2178,2208,2359,1997,2384,2318,2316,2180,2317,2210,2167,2202,2142,2278
2271: 2335,2277,2193,2405,2002,2332,2395,2391,2066,2422,2474,2196,2191,2260,2199,2197,2329
2272: 2091,2140,2201,2337,2323,2282,2261,2339,2094,2181,2149,2258,2281,2280,2139,2279,2132,2076,2045,2204,2115,568,2236
2469: 2587,2588,2635
2274: 2146
2275: 2089,2345,2339,2094,2240,2381,2245,2347,2344,2382,2404,2282,2338,2261,2277,2193,2405,2002,2337,2281,2280,2139,2279,2132,2191
2669: 503
2277: 2193,2405,2002,2382,2404,2340,2437,2089,2345,2275,2094,2332,2395,2391,2066,2281,2237,2132,2196,2191,2335,2271
2278: 2202,2142,2190,2346,2231,2270,2318,2316,2180,2317,2353,1961,2235,2205,2122,2169,2177,2130,2112,2120,2143,2147,2135,2144,1982
2279: 2281,2280,2139,2237,2132,2282,2338,2261,2089,2345,2275,2339,2094,2193,2002,2272,2091,2140,2201,2337,2196,2191,568,2236,2260,2199
2280: 2281,2139,2279,2237,2132,2282,2338,2261,2089,2345,2275,2339,2094,2193,2002,2272,2091,2140,2201,2337,2196,2191,568,2236,2260
2282: 2342,2338,2261,2253,2244,2300,2246,2283,2240,2381,2245,2347,2323,2159,2150,2110,2089,2345,2275,2339,2094,2181,2149,2258,2272,2091,2140,2201,2337,2280,2139,2279
2283: 2253,2244,2300,2246,2216,2215,2331,2214,2351,2311,2024,2219,2288,2252,2312,2250,2240,2347,2107,2185,2323,2159,2150,2110,2282
2345: 2089,2275,2339,2094,2240,2381,2245,2347,2404,2282,2338,2261,2277,2193,2405,2002,2140,2201,2337,2281,2280,2139,2279,2237,2132,2196,2191
2285: 2495,2592,2550,2467,2514,2601,2573,2585,2398,2543
2286: 589,2595,2449,1773,2350
2287: 2519
2288: 2219,2252,2312,2250,2309,2308,2016,2154,2238,2331,2214,2330,2218,2374,2311,2024,2225,2251,2131,2249,2253,2244,2300,2246,2216,2283,2215,2247,2129,2107,2150
2290: 2096,2659,2615,585
2291: 2438,2411,2388,2424,2452,2497
2292: 2439,2411,2217,2363,2362,2505,2373,2438,2293,2361,2388,2424,2243,2325,2044,2046,2386,2324,2408,2241,2242,2425,2423
2293: 2361,2410,2392,2454,2266,2040,2217,2363,2362,2505,2373,2394,2262,2263,2267,2333,2292,2439,2411,2374,2351,2299,2024,2243,2325,2044,2046,2386,2324,2408,2241
2294: 2441,2507,509,2452,2497,490
2601: 2573,2550,2467,2514,2285,2585,2398,2543,2588,2574
2543: 2585,2398,2550,2467,2514,2495,2592,2285,2601,2573,2574,2627,2590
2439: 2292,2411,2217,2363,2362,2505,2373,2438,2293,2361,2388,2424,2243,2325,2044,2046,2386,2324,2408,2241,2242,2425,2423
2525: 2371,2396
2299: 2374,2351,2311,2024,915,2409,2394,2262,2263,2267,2333,2293,2331,2214,2243,2325,2044,2244,2300,2246,2216,2215,2245
2300: 2253,2244,2246,2216,2283,2215,2331,2214,2374,2351,2311,2299,2024,2243,2325,2044,2219,2288,2252,2312,2250,2240,2245,2347,2107,2159,2150,2110,2282
2301: 2306,2305,2307,2460,2458,2482,2179,2431,2466,2459,2399,2479,1989,2406,2320,2415,2356,2403,2432,2383,2166,2385,2302,2367,2105,2389,2304,2400,2055,2315
2302: 2383,2166,2385,2367,2105,2168,2459,2399,2479,1989,2306,2301,2305,2307,2445,2443,2389,2304,2348,2233,2208,2359,1997,2384,2190,2346,2231,2270
2303: 2556,2481,2555,2483,2471,2522,2430,2547,588,2460,2458,2482,2168,2459,2399,2479,1989
2304: 2389,2306,2301,2305,2307,2406,2320,2383,2166,2385,2302,2367,2105,2400,2055,2315,2313,2178,2208,2359,1997,2384,2190,2346,2231,2270,2318,2316,2180,2317
2305: 2306,2301,2307,2460,2458,2179,2431,2459,2399,2479,1989,2406,2320,2415,2356,2403,2432,2383,2166,2385,2302,2367,2105,2389,2304,2400,2055,2315
2306: 2301,2305,2307,2460,2458,2482,2179,2431,2466,2459,2399,2479,1989,2406,2320,2415,2356,2403,2432,2383,2385,2302,2367,2105,2389,2304,2400,2055,2315
2308: 2309,2016,2154,2238,2357,2158,2352,2414,2355,2310,2379,2419,2416,2365,2378,2265,915,2319,2341,2420,2156,2322,2321,2314,2331,2214,2330,2218,2226,2155,1961,2235,2225,2251,2131,2249,2219,2288,2252,2250
2309: 2308,2016,2154,2238,2357,2310,2419,2365,2378,2265,915,2319,2341,2420,2156,2322,2321,2314,2331,2214,2330,2218,2226,2155,2235,2225,2251,2131,2249,2219,2288,2252,2312,2250
2310: 2357,2158,2352,2414,2355,2379,2461,2376,2417,2157,2433,2152,2320,2415,2356,2419,2416,2365,2378,2265,2319,2341,2420,2156,2322,2321,2314,2309,2308,2016,2154,2238
2313: 2400,2055,2315,2178,2307,2406,2320,2356,2357,2158,2355,2389,2304,2319,2341,2420,2156,2322,2321,2314,2190,2231,2270,2318,2316,2180,2317,2226,2155,2353,1961,2205
2314: 2319,2341,2420,2156,2322,2321,2406,2320,2356,2357,2158,2414,2355,2310,2400,2055,2315,2313,2178,2309,2308,2016,2154,2238,2318,2316,2180,2317,2226,2155,2353,1961,2235,2205,2225
2315: 2400,2055,2313,2178,2306,2301,2305,2307,2406,2320,2356,2432,2357,2158,2355,2389,2304,2319,2341,2420,2156,2322,2321,2314,2190,2346,2231,2270,2318,2316,2180,2317,2226,2155,2353,1961,2205
2316: 2318,2180,2317,2389,2304,2400,2055,2315,2313,2178,2319,2341,2156,2321,2314,2190,2346,2231,2270,2226,2155,2353,1961,2235,2205,2202,2142,2278,2122,2169,2177,2112
2317: 2318,2316,2180,2389,2304,2400,2055,2315,2313,2178,2314,2190,2346,2231,2270,2155,2353,1961,2205,2202,2142,2278,2122,2169,2177,2112
2318: 2316,2180,2317,2389,2304,2400,2055,2315,2313,2178,2319,2341,2420,2156,2321,2314,2190,2346,2231,2270,2226,2155,2353,1961,2235,2205,2202,2142,2278,2122,2169,2177,2112
2319: 2341,2420,2156,2322,2321,2314,2406,2320,2415,2356,2403,2432,2357,2158,2352,2414,2355,2310,2379,2419,2365,2378,2265,2400,2055,2315,2313,2178,2309,2308,2016,2154,2238,2318,2316,2226,2155,2353,1961,2225
2320: 2406,2415,2356,2403,2432,2431,2461,2417,2306,2301,2305,2307,2357,2158,2352,2414,2355,2310,2389,2304,2400,2055,2315,2313,2178,2319,2341,2420,2156,2322,2321,2314
2322: 2319,2341,2420,2156,2321,2314,2320,2415,2356,2357,2158,2352,2414,2355,2310,2379,2419,2416,2365,2378,2265,2315,2313,2178,2309,2308,2016,2154,2238,2226,2155,2353,1961,2225,2251
2323: 2159,2150,2110,2312,2253,2244,2246,2283,2240,2347,2107,2185,2282,2261,2182,1994,2188,2186,2183,2187,2184,2259,2181,2149,2258,2272,2091,2140,2201,2337
2324: 2046,2386,2408,2241,2293,2361,2292,2439,2411,2424,2243,2325,2044,2242,2425,2423,2381,2245,2344,2382
2325: 2243,2044,2394,2262,2263,2267,2333,2293,2361,2292,2439,2374,2351,2311,2299,2024,2386,2324,2408,2241,2244,2300,2246,2215,2240,2381,2245,2344
2523: 2377,2476,2475,2487,2429,2480,2477,2456,2485,853,1677,2376,2433,2512,2152,2427,2465,2364
2407: 589,2565,2442,1773,2350,2551,2596,2655,1341,1477
2567: 2702,2616,2632,2603
2329: 2260,2199,2197,2281,2237,2132,2196,2191,2335,2271,2161,2097
2330: 2331,2214,2218,2419,2416,2365,2378,2265,915,2409,2263,2267,2333,2309,2308,2016,2154,2238,2311,2024,2225,2251,2131,2219,2288,2252,2250,2216
2331: 2214,2330,2218,2365,2265,915,2409,2263,2267,2333,2309,2308,2016,2154,2238,2374,2311,2299,2024,2225,2251,2131,2249,2219,2288,2252,2312,2250,2300,2246,2216,2283,2215
2332: 2395,2391,2066,2340,2437,2277,2193,2405,2002,2422,2474,2435,2195,2196,2191,2335,2271
2333: 2394,2262,2263,2267,2465,2410,2392,2266,2040,915,2409,2293,2331,2214,2330,2218,2374,2351,2311,2299,2024,2243,2325
2334: 1701,2410,2392,1700,2454,2266,2040,853,1677,2488,2464,2268,2463,2462,2465,1671,2364,2217,2363,2362,2409,2394,2262,2263,2361
2335: 2271,2277,2193,2405,2002,2332,2395,2391,2066,2422,2474,2196,2191,2260,2199,2197,2329
2336: 2070
2337: 2272,2091,2140,2201,2323,2159,2150,2110,2342,2282,2338,2261,2089,2345,2275,2339,2094,2181,2149,2258,2281,2280,2139,2279,2045,2204,568
2338: 2342,2282,2261,2253,2244,2246,2215,2240,2381,2245,2347,2344,2159,2110,2089,2345,2275,2339,2094,2181,2258,2091,2140,2201,2337,2281,2280,2139,2279,2132
2339: 2089,2345,2275,2094,2240,2381,2245,2347,2344,2404,2342,2282,2338,2261,2193,2405,2002,2272,2091,2140,2201,2337,2281,2280,2139,2279,2237,2132,2196,2191
2340: 2437,2425,2451,2382,2544,2277,2405,2332,2391,2422,2195
2341: 2319,2420,2156,2322,2321,2314,2320,2357,2158,2352,2414,2355,2310,2379,2419,2365,2265,2315,2313,2178,2309,2308,2016,2154,2238,2318,2316,2226,2155,2353,1961,2235,2205,2225,2251,2131,2249
2342: 2282,2338,2261,2347,2339,2094,2181,2140,2337
2348: 2233,2445,2443,2383,2166,2385,2302,2367,2105,2418,2366,2208,2359,1997,2384,2426,2213,2207,2211,2210,2167
2349: 2165,2212,2031,1976,940
2350: 1773,2286,589,2595,2449,918,2407,2596,2655
2351: 2374,2311,2299,2024,2262,2267,2333,2293,2214,2243,2325,2044,2219,2253,2244,2300,2246,2216,2283,2215,2240,2381,2245,2347
2352: 2357,2158,2414,2355,2310,2379,2431,2466,2461,2376,2417,2157,2433,2512,2152,2427,2406,2320,2415,2356,2403,2432,2419,2416,2365,2378,2265,2319,2341,2420,2322,2321,2308
2590: 2627,2585,2543,2574,2672,2575
2355: 2357,2158,2352,2414,2310,2379,2461,2376,2417,2157,2433,2152,2406,2320,2415,2356,2403,2432,2419,2416,2365,2378,2265,2400,2055,2315,2313,2178,2319,2341,2420,2156,2322,2321,2314,2308,2016,2154,2238
2356: 2406,2320,2415,2403,2432,2431,2466,2461,2376,2417,2157,2306,2301,2305,2307,2357,2158,2352,2414,2355,2310,2379,2400,2055,2315,2313,2178,2319,2420,2322,2321,2314
2357: 2158,2352,2414,2355,2310,2379,2461,2376,2417,2157,2433,2152,2406,2320,2415,2356,2432,2419,2416,2365,2378,2265,2055,2315,2313,2178,2319,2341,2420,2156,2322,2321,2314,2309,2308,2016,2154,2238
2358: 2173,916,580,434
2359: 2208,1997,2384,2383,2166,2385,2302,2367,2105,2389,2304,2348,2233,2190,2346,2231,2270,2213,2207,2211,2210,2167
2360: 2503
2361: 2293,2410,2454,2334,2266,2217,2363,2362,2505,2373,2394,2262,2292,2439,2411,2243,2325,2324,2241
2362: 2217,2363,2268,2463,2462,2410,2392,2454,2334,2266,2040,2505,2373,2394,2262,2263,2293,2361,2292,2439,2411
2363: 2217,2362,2268,2463,2462,2410,2454,2334,2266,2505,2373,2394,2262,2293,2361,2292,2439,2411
2364: 2465,1671,2377,2476,2475,2523,853,1677,2488,2464,2433,2512,2152,2427,2410,2392,1700,2454,2334,2266,2040,2416,2365,2378,2265,915,2409,2394,2263
2365: 2419,2416,2378,2265,2376,2157,2433,2152,2427,2465,2364,2357,2158,2352,2414,2355,2310,2379,915,2409,2319,2341,2420,2156,2322,2321,2309,2308,2016,2154,2238,2331,2214,2330,2218
2366: 2418,2348,2233,2212,2426,2213,2207,2211
2367: 2383,2166,2385,2302,2105,2168,2399,2479,2306,2301,2305,2307,2445,2443,2389,2304,2348,2233,2208,2359,1997,2384,2190,2346,2231,2270
2369: 2473,911
2370: 2521,916,434
2371: 2525,2396
2485: 2487,2429,2480,2477,2456,2524,2222,2402,2377,2476,2475,2523,2431,2466,2461,2376,2417,2157,2433,2512,2152,2427
2373: 2505,2268,2463,2462,2217,2363,2362,2293,2361,2292,2439,2411
2374: 2351,2311,2299,2024,915,2409,2394,2262,2263,2267,2333,2293,2331,2214,2218,2243,2325,2044,2219,2288,2244,2300,2246,2216,2215,2245
2555: 2483,2471,2522,2430,2547,588,2556,2481,2303,2482
2376: 2461,2417,2157,2524,2222,2402,2487,2429,2480,2477,2456,2485,2377,2476,2475,2523,2431,2466,2433,2512,2152,2427,2415,2356,2357,2158,2352,2414,2355,2310,2379,2419,2416,2365,2378,2265
2378: 2419,2416,2365,2265,2376,2417,2157,2433,2512,2152,2427,2465,2364,2357,2158,2352,2414,2355,2310,2379,915,2319,2420,2322,2309,2308,2016,2330,2218
2379: 2357,2158,2352,2414,2355,2310,2466,2461,2376,2417,2157,2433,2512,2152,2427,2415,2356,2419,2416,2365,2378,2265,2319,2341,2420,2322,2321,2308,2016
2477: 2487,2429,2480,2456,2485,2524,2222,2402,2377,2476,2475,2523,2466,2461,2376,2157,2433,2512,2152,2427
2381: 2240,2245,2347,2351,2243,2325,2044,2046,2386,2324,2408,2241,2253,2244,2246,2215,2344,2110,2282,2338,2089,2345,2275,2339,2094
2382: 2404,2046,2386,2324,2408,2242,2425,2423,2344,2340,2437,2275,2277,2193,2405
2383: 2166,2385,2302,2367,2105,2168,2399,2479,2306,2301,2305,2307,2445,2443,2389,2304,2348,2233,2208,2359,1997,2384,2346,2231
2384: 2208,2359,1997,2445,2443,2383,2166,2385,2302,2367,2105,2389,2304,2348,2233,2190,2346,2231,2270,2213,2211,2167
2385: 2383,2166,2302,2367,2105,2168,2459,2399,2479,2306,2301,2305,2307,2445,2443,2389,2304,2348,2233,2208,2359,1997,2384,2346,2231
2386: 2046,2324,2408,2241,2293,2292,2439,2411,2388,2424,2243,2325,2044,2242,2425,2423,2381,2245,2344,2382,2404
2466: 2431,2530,2434,2524,2222,2402,2487,2429,2480,2477,2456,2485,2179,2461,2376,2417,2157,2306,2301,2415,2356,2403,2432,2352,2414,2379
2388: 2424,2291,2438,2292,2439,2411,2452,2497,2046,2386,2242,2425,2423
2389: 2304,2306,2301,2305,2307,2406,2320,2383,2166,2385,2302,2367,2105,2400,2055,2315,2313,2178,2208,2359,1997,2384,2190,2346,2231,2270,2318,2316,2180,2317
2524: 2222,2402,2530,2548,2434,2487,2429,2480,2477,2456,2485,2179,2431,2466,2461,2376,2417
2391: 2332,2395,2066,2340,2437,2277,2193,2405,2002,2422,2474,2435,2195,2196,2191,2335,2271
2392: 1701,2410,1700,2454,2334,2266,2040,853,1677,2488,2464,2465,1671,2364,2217,2362,915,2409,2394,2262,2263,2267,2333,2293
2393: 576,2203
2394: 2262,2263,2267,2333,2465,1671,2364,2410,2392,1700,2454,2334,2266,2040,2217,2363,2362,915,2409,2293,2361,2374,2311,2299,2024,2243,2325
2395: 2332,2391,2066,2437,2277,2193,2405,2002,2422,2474,2196,2191,2335,2271
2396: 2525,2371,2174,2455
2488: 2464,853,1677,2268,2463,2462,2465,1671,2364,2410,2392,1700,2454,2334,2266,2040
2398: 2585,2543,2550,2467,2514,2495,2592,2285,2601,2573,2574,2627
2399: 2459,2479,1989,2556,2481,2303,2460,2458,2482,2168,2306,2301,2305,2307,2445,2443,2383,2166,2385,2302,2367,2105
2570: 2095
2402: 2524,2222,2530,2548,2434,2487,2429,2480,2477,2456,2485,2179,2431,2466,2461,2376,2417,2157
2403: 2406,2320,2415,2356,2432,2179,2431,2466,2461,2417,2306,2301,2305,2307,2158,2352,2414,2355,2400,2055,2319,2321
2404: 2382,2046,2386,2408,2242,2425,2423,2344,2089,2345,2275,2339,2094,2277,2193,2405,2002
2405: 2277,2193,2002,2382,2404,2340,2437,2089,2345,2275,2339,2094,2332,2395,2391,2066,2281,2132,2196,2191,2335,2271
2408: 2046,2386,2324,2241,2293,2292,2439,2424,2243,2325,2044,2242,2425,2423,2240,2381,2245,2347,2344,2382,2404
2409: 915,2465,1671,2364,2410,2392,1700,2454,2334,2266,2040,2416,2365,2265,2394,2262,2263,2267,2333,2331,2214,2330,2218,2374,2311,2299,2024
2410: 1701,2392,1700,2454,2334,2266,2040,2488,2464,2268,2463,2462,2465,1671,2364,2217,2363,2362,915,2409,2394,2262,2263,2267,2333,2293,2361
2411: 2292,2439,2217,2363,2362,2505,2373,2291,2438,2293,2361,2388,2424,2046,2386,2324,2241,2242,2425,2423
2593: 2641,2572,2624
2560: 1933,2539,2501,2709,2528,1951,2541,2516,2650,2559,2486,2504,2708,2668,2681,2508,2688,2696,927
2414: 2357,2158,2352,2355,2310,2379,2431,2466,2461,2376,2417,2157,2433,2152,2406,2320,2415,2356,2403,2432,2419,2416,2365,2378,2265,2319,2341,2420,2156,2322,2321,2314,2308,2016
2415: 2406,2320,2356,2403,2432,2431,2466,2461,2376,2417,2157,2306,2301,2305,2307,2357,2158,2352,2414,2355,2310,2379,2400,2055,2319,2420,2322,2321
2416: 2419,2365,2378,2265,2461,2376,2417,2157,2433,2512,2152,2427,2465,2364,2357,2158,2352,2414,2355,2310,2379,915,2409,2420,2322,2308,2016,2330,2218
2417: 2461,2376,2157,2524,2222,2402,2487,2429,2480,2456,2485,2377,2431,2466,2433,2152,2406,2320,2415,2356,2403,2432,2357,2158,2352,2414,2355,2310,2379,2419,2416,2378
2418: 2366,2348,2233,2212,2426,2213,2207
2419: 2416,2365,2378,2265,2461,2376,2417,2157,2433,2152,2357,2158,2352,2414,2355,2310,2379,915,2319,2341,2420,2156,2322,2321,2309,2308,2016,2154,2238,2330,2218
2420: 2319,2341,2156,2322,2321,2314,2320,2415,2356,2357,2158,2352,2414,2355,2310,2379,2419,2416,2365,2378,2265,2315,2313,2178,2309,2308,2016,2154,2238,2318,2226,2155,2353,1961,2225,2251
2422: 2474,2435,2195,2340,2437,2332,2395,2391,2066,2335,2271
2423: 2242,2425,2292,2439,2411,2388,2424,2452,2497,2046,2386,2324,2408,2241,2344,2382,2404
2424: 2388,2291,2438,2292,2439,2411,2452,2497,2046,2386,2324,2408,2241,2242,2425,2423
2425: 2242,2423,2292,2439,2411,2388,2424,2452,2497,2046,2386,2324,2408,2241,2344,2382,2404,2340,2437
2426: 2418,2366,2348,2233,2212,2213,2207,2211,2031,1976
2427: 2433,2512,2152,2487,2429,2480,2477,2456,2485,2377,2476,2475,2523,853,1677,2376,2157,2465,1671,2364,2352,2379,2416,2365,2378,915
2428: 2529
2429: 2487,2480,2477,2456,2485,2524,2222,2402,2377,2476,2475,2523,2431,2466,2461,2376,2417,2157,2433,2512,2152,2427
2430: 2471,2522,2547,2555,2483,2484,2530,2548,2434,2303,2460,2458,2482,2179
2431: 2466,2530,2548,2434,2524,2222,2402,2487,2429,2480,2456,2485,2179,2461,2376,2417,2157,2306,2301,2305,2307,2406,2320,2415,2356,2403,2432,2158,2352,2414
2432: 2406,2320,2415,2356,2403,2431,2466,2461,2417,2306,2301,2305,2307,2357,2158,2352,2414,2355,2400,2055,2315,2319,2321
2433: 2512,2152,2427,2487,2429,2480,2477,2456,2485,2377,2476,2475,2523,2461,2376,2417,2157,2465,2364,2357,2352,2414,2355,2310,2379,2419,2416,2365,2378,2265,915
2434: 2484,2530,2548,2522,2430,2547,2524,2222,2402,2179,2431,2466
2435: 2422,2474,2195,2437,2544,540,2332,2391
2436: 2343,485
2438: 2291,2505,2292,2439,2411,2388,2424,2452,2497
2471: 2522,2430,2547,2555,2483,2484,2548,2556,2481,2303,2460,2458,2482,2179
2441: 2507,2294
2443: 2445,2168,2459,2399,2479,1989,2383,2166,2385,2302,2367,2105,2348,2233,1997,2384
2444: 2491
2445: 2443,2168,2459,2399,2479,1989,2383,2166,2385,2302,2367,2105,2348,2233,1997,2384
2446: 2448,2209,2447,588
2447: 2446,2448,2209,588
2448: 2446,2209,2447,900,588
2449: 2595,918,2584,2545,2286,1773,2350
2450: 2561,2568,578,540,2534,2151,2653
2451: 490,2340,2437,2544
2452: 2497,2291,2438,2294,2388,2424,490,2242,2425,2423
2454: 1701,2410,2392,1700,2334,2266,2040,853,1677,2488,2464,2268,2463,2462,2465,1671,2364,2217,2363,2362,2409,2394,2262,2263,2293,2361
2455: 2174,2396
2456: 2487,2429,2480,2477,2485,2524,2222,2402,2377,2475,2523,2431,2466,2461,2376,2417,2157,2433,2512,2152,2427
2652: 2604,503,2671
2458: 2460,2482,2471,2522,2430,2547,2556,2481,2303,2179,2168,2459,2399,2479,1989,2306,2301,2305,2307
2459: 2399,2479,1989,2556,2481,2303,2460,2458,2482,2179,2168,2306,2301,2305,2307,2445,2443,2385,2302
2460: 2458,2482,2471,2522,2430,2547,2556,2481,2303,2179,2168,2459,2399,2479,1989,2306,2301,2305,2307
2461: 2376,2417,2157,2524,2222,2402,2487,2429,2480,2477,2456,2485,2377,2475,2431,2466,2433,2512,2152,2406,2320,2415,2356,2403,2432,2357,2158,2352,2414,2355,2310,2379,2419,2416
2462: 2268,2463,2488,2464,2410,1700,2454,2334,2266,2040,2217,2363,2362,2505,2373
2463: 2268,2462,2488,2464,2410,2454,2334,2266,2217,2363,2362,2505,2373
2464: 2488,853,1677,2268,2463,2462,2465,1671,2364,2410,2392,1700,2454,2334,2266,2040
2465: 1671,2364,2377,2476,2475,2523,853,1677,2488,2464,2433,2512,2152,2427,2410,2392,1700,2454,2334,2266,2040,2416,2365,2378,2265,915,2409,2394,2262,2263,2333
2467: 2550,2514,2285,2601,2573,2398,2543
2468: 2566
2542: 582,2125
2473: 2369,911
2474: 2422,2435,2195,2437,2332,2395,2391,2066,2335,2271
2475: 2377,2476,2523,2487,2429,2480,2477,2456,2485,853,1677,2461,2376,2157,2433,2512,2152,2427,2465,2364
2476: 2377,2475,2523,2487,2429,2480,2477,2485,853,1677,2376,2433,2512,2152,2427,2465,1671,2364
2479: 2459,2399,1989,2556,2481,2303,2460,2458,2482,2168,2306,2301,2305,2307,2445,2443,2383,2166,2385,2302,2367,2105
2480: 2487,2429,2477,2456,2485,2524,2222,2402,2377,2476,2475,2523,2431,2466,2461,2376,2417,2157,2433,2512,2152,2427
2481: 2556,2303,2555,2483,2471,2522,588,2460,2458,2482,2168,2459,2399,2479,1989
2482: 2460,2458,2555,2483,2471,2522,2430,2547,2484,2548,2556,2481,2303,2179,2459,2399,2479,1989,2306,2301
2483: 2555,2471,2522,2430,2547,588,2556,2481,2303,2482
2484: 2530,2548,2434,2471,2522,2430,2547,2482,2179
2486: 2504,1884,2708,1951,2541,2540,1933,2560,2501,2489,1830,1882,1907,927
2487: 2429,2480,2477,2456,2485,2524,2222,2402,2377,2476,2475,2523,2431,2466,2461,2376,2417,2157,2433,2512,2152,2427
2489: 1830,1882,1907,2540,1874,2486,2504,1884,2708,927,1871
2710: 2638,2714,2699,2679,2687,945,2642,551,2678,2713,2715
2491: 2444
2566: 2468
2493: 2610,2564,2689,2637,2613,2609,2647,2612,2682,2630,2658,2645,2704,2611,2646,2644
2685: 2703,2712,2684,2716,2633
2495: 2592,2285,2550,2573,2585,2398,2543
2496: 1915,927,1717,1796,2631
2497: 2452,2291,2438,2294,2388,2424,490,2242,2425,2423
2498: 2148,2224,2499,926
2499: 2148,2224,2498,926
2579: 2602,2021,2594,1939,2563,2623,1867,2189,2255,1913
2501: 1933,2560,2539,2709,2528,1951,2541,2516,2650,2559,2486,2504,1884,2708,2668,2681,2508,2688,2696,927
2595: 2449,918,2584,2545,2286,1773,2350
2503: 2360
2504: 2486,1884,2708,1951,2541,1933,2560,2539,2501,2709,2489,1830,1882,1907,2508,2688,2696,927
2505: 2373,2268,2463,2462,2217,2363,2362,2438,2293,2361,2292,2439,2411
2563: 2623,2021,2594,1939,2579,2602
2507: 2441,2294
2508: 2688,2696,2650,1933,2560,2539,2501,2504,2708,2668,927
2509: 995,2571,1887
2510: 
2511: 2597,2533,2569
2512: 2433,2152,2427,2487,2429,2480,2477,2456,2485,2377,2476,2475,2523,853,1677,2461,2376,2157,2465,2364,2352,2379,2416,2378,915
2564: 2493,2610,2689,2637,2613,2609,2647,2630,2658,2645,2704,2611,2646
2514: 2550,2467,2285,2601,2573,2398,2543
2515: 2695,2693,2664,422,2705,2717,493
2516: 2650,2559,2528,1951,2541,1933,2560,2539,2501,2668,2681,2688,2696
2613: 2637,2609,2616,2632,2603,2647,2630,2658,2493,2610,2564,2689
2614: 2700,2673,2675,2661,2633,2663,2657,2683,2692,2662,2674,2699,2679,2687,945,2642
2519: 2287
2528: 2600,2598,2562,2599,1951,2541,2648,2516,2650,2559,1933,2560,2539,2501
2529: 2428
2530: 2484,2548,2434,2430,2547,2524,2222,2402,2179,2431,2466
2539: 1933,2560,2501,2528,1951,2541,2516,2650,2559,2504,2708,2668,2681,2649,2508,2688,2696,927
2534: 2450,2561,2568,578,540,2151,2653
2679: 2699,2687,945,2642,2692,2674,2700,2673,2675,2614,551,2710,2638,2714,2678,2713,2715
2664: 2693,2515,2695,560
2677: 2607,1728,1792
2586: 2123,572
2545: 2584,2595,2449,918
2571: 1883,995,1887,1912,2509
2547: 2471,2522,2430,2555,2483,2484,2530,2548,2434,2303,2460,2458,2482,2179
2548: 2484,2530,2434,2471,2522,2430,2547,2524,2222,2402,2482,2179,2431
2549: 2145,2198
2550: 2467,2514,2495,2592,2285,2601,2573,2398,2543
2551: 589,2565,2442,2407,2596,2655,1341,1477
2712: 2703,2685
2556: 2481,2303,2555,2483,2471,2522,588,2460,2458,2482,2168,2459,2399,2479,1989
2557: 2629
2561: 2450,2568,578,540,2534,2151,2653
2562: 2600,2598,2599,1899,2582,2632,2603,2647,2528
2565: 2442,589,2407,2551
2568: 2450,2561,578,540,2534,2151,2653
2569: 2533,2597,2511
2572: 2624,2593,2641
2573: 2601,2550,2467,2514,2495,2592,2285,2585,2398,2543,2574
2574: 2601,2573,2585,2398,2543,2627,2590,2635,2672,2575
2576: 2690,2660,2667,2606,2639
2584: 2545,2595,2449,918
2587: 2469,2588,2635,2625
2592: 2495,2285,2550,2573,2585,2398,2543
2594: 2021,1939,2580,2563,2623,2579,2602
2596: 2655,1773,2350,2407,2551,1341,1477
2597: 2511,2569
2598: 2600,2562,2599,1899,2582,2632,2603,2647,2528
2606: 2667,2690,2576,2639
2607: 2677,1756,1728,1792
2638: 2710,2714,2699,2679,2687,945,2642,551,2678,2713,2715
2609: 2637,2613,2616,2603,2647,2630,2658,2493,2610,2564,2689,2645
2610: 2493,2564,2689,2637,2613,2609,2647,2630,2658,2645,2704,2611,2646
2616: 2567,2632,2603,2637,2613,2609,2647
2618: 560,2702,2718
2623: 2563,2021,2594,1939,2579,2602
2624: 2572,2593,2641
2625: 2587,2635,2589,2698
2671: 2604,2652
2627: 2590,2585,2398,2543,2574,2672,2575
2682: 2612,2630,2658,2639,2657,2683,2493,2704,2611
2629: 2557
2630: 2612,2682,2658,2639,2637,2613,2609,2657,2683,2493,2610,2564,2704,2611
2631: 1717,1796,1915,2496,2583,1756
2632: 2603,2567,1899,2582,2616,2600,2598,2562,2599,2637,2613
2633: 2661,2663,2685,2684,2716,2707,2692,2662,2674,2673,2675,2614
2635: 2588,2574,2469,2587,2625
2642: 2699,2679,2687,945,2692,2674,2700,2673,2675,2614,2710,2638,2714
2644: 2493,2689,2645,2648,2646,908
2645: 2637,2609,2647,2493,2610,2564,2689,2648,2646,2644
2646: 2493,2610,2564,2689,2645,2704,2611,2644
2647: 2616,2603,2600,2598,2562,2599,2637,2613,2609,2493,2610,2564,2689,2645,2648
2648: 2647,2528,2645,2650,2644,2681,2649
2675: 2700,2673,2614,2661,2633,2663,2657,2683,2692,2674,2699,2679,2687,945,2642
2655: 2596,1773,2350,2407,2551,1341,1477
2715: 2678,2713,2679,2710,2638,2694,2680
2657: 2683,2639,2612,2682,2630,2658,2700,2673,2675,2614,2704,2611
2659: 2096,2290,2615
2660: 2690,2705,2717,493,2576,2667
2661: 2633,2663,2684,2716,2707,2692,2662,2674,2673,2675,2614
2662: 2692,2674,2684,2716,2661,2633,2663,2707,2673,2614,945
2663: 2661,2633,2684,2716,2707,2692,2662,2674,2700,2673,2675,2614
2667: 2606,2690,2660,2576,2639
2672: 2575,2574,2627,2590
2673: 2700,2675,2614,2661,2633,2663,2657,2683,2692,2662,2674,2679,2687,945,2642
2674: 2692,2662,2661,2633,2663,2707,2700,2673,2675,2614,2699,2679,2687,945,2642
2688: 2508,2696,2516,2650,2559,1933,2560,2539,2501,2504,2708,2668,2681,2649,927
2689: 2493,2610,2564,2637,2613,2609,2647,2645,2704,2611,2646,2644
2690: 2660,2705,2717,493,2576,2667,2606
2706: 1875,1750,2701,2711,1629,514,1574,1605
2692: 2662,2674,2661,2633,2663,2707,2700,2673,2675,2614,2699,2679,2687,945,2642
2693: 2664,2515,2695,560
2694: 2680,2678,2713,2715,1820,1858
2713: 2678,2715,2699,2679,2687,2710,2638,2714,2694,2680
2698: 2625,2589,503,931
2701: 1875,1750,2711,2706,1629,514,1574,1605
2702: 560,2618,493,2718,2567
2703: 2712,2686,2685
2704: 2611,2657,2683,2612,2682,2630,2658,2493,2610,2564,2689,2646
2711: 1875,1750,2701,2706,1629,1574,1605
2717: 2705,422,2515,2695,2686,2690,2660