0: 90,42,95,23,20,13,53,22,57,92,379,182,99,1238,76,19,69,251
1: 476,140,106,21,1209,1211,1227,1210,1228,70,1229,199,416,15,447,449,48,1203,232
2: 37,1224,103,86,1251,1219,1254,1250,1252,1249,1253,1221,1255,68,413,1241,1262,1242,1243,1206,41,487,7,10,1205,51,49
3: 6,262,191,168,465,82,26,1204,135,61,83,338,219,103,86
4: 91,163,338,219,103,386,68,413,111,358,365,41,487
5: 204,1227,1228,30,35,1202,1208,480,1207,1229,199,1203,232
6: 3,262,191,168,465,82,26,1204,135,61,83,338,219,103,86
7: 68,413,37,1224,2,1241,1262,1242,1243,1206,41,487,10,1205,51,49,47,55,28,85,1218,1216,16
8: 64,56,185,234,384,44,46,12,98,82,26,1204,66,9,61,83,1223,1244,1225,1248,1246,74,78
9: 66,384,44,46,12,98,173,8,64,56,67,33,1248,74,78,42,95,23
10: 1205,51,49,37,1224,2,1241,1262,1242,1243,1206,1258,1236,1234,1231,1235,1232,72,1233,1230,7,63,1237,1239,85,1218,1216,16,88,89
11: 1213,1217,32,1215,40,1212,97,54,96,264,47,55,28,85,1218,1216,75,104,73,1226,58,419,361,124,129
12: 46,98,463,93,216,145,384,44,173,8,56,66,9,67,33
13: 20,67,33,65,43,39,90,42,95,23,53,22,57,92,0,379,182
14: 17,99,1238,76,19,69,251,25,38,62,134,140,106,21,1209,1211,1227,1210,1228
15: 416,447,84,70,476,1,24,60,449,225,220,433
16: 7,10,1205,51,49,63,1237,1239,85,1218,1216,88,89,73,1226,1214,58,45,18,164,84
17: 14,99,1238,76,19,69,251,25,38,62,134,140,106,21,1209,1211,1227,1210,1228
18: 45,164,85,1218,1216,16,88,73,1226,1214,58,84,129,27,355,59,24,60,50
19: 22,57,92,0,379,182,99,1238,76,69,251,25,38,14,17,62,134
20: 13,67,33,65,43,39,90,42,95,23,53,22,57,92,0,379,182
21: 1209,1211,38,14,17,62,134,140,106,1227,1210,1228,70,476,1,1229,199
22: 57,92,78,90,42,95,23,20,13,1261,1247,1222,1240,1256,1245,1259,1257,1220,1263,31,1260,0,1258,1236,1234,1231,1235,1232,72,1233,1230,99,1238,76,19
23: 90,42,95,66,9,67,33,65,78,20,13,1261,1247,1222,1240,1256,1245,1259,1257,1220,1263,31,1260,22,57,92,0
24: 60,50,45,18,164,84,70,355,59,416,15,447,290,225,220
25: 38,1236,1234,1231,1235,1232,72,1233,1230,99,1238,76,19,63,1237,1239,14,17,88,89,140,106,1209
26: 82,1204,296,185,234,384,44,168,465,8,64,56,3,6,61,83,1223,1244,1225,1248,1246,74
27: 129,1215,54,1214,58,45,18,164,361,124,355,59,441,311,290
28: 47,55,358,365,41,487,7,96,264,85,1218,1216,75,104,1213,1217,32,1215,40,1212,97,11,54,73,1226,58
29: 199,204,48,1203,232
30: 35,1202,1208,62,134,381,352,1227,1210,1228,480,1207,1229,199,5,204
31: 1261,1247,1222,1240,1256,1245,1259,1257,1220,1263,1260,1223,1244,1225,1246,74,78,42,95,23,1251,1219,1254,1250,1252,1249,1253,1221,1255,22,57,92,1241,1262,1242,1243,1206,1258,1236,1234,1231,1235,1232,72,1233,1230,99,1238,76
32: 1213,1217,1215,40,1212,97,11,54,96,264,47,55,28,85,1218,1216,75,104,73,1226,1214,58,419,361,124,129
33: 67,46,12,98,173,183,301,66,9,65,78,90,42,95,23,20,13
34: 36
35: 30,1202,1208,62,134,381,352,1227,1210,1228,480,1207,1229,199,5,204
36: 488,34,52,130
37: 1224,2,103,86,1251,1219,1254,1250,1252,1249,1253,1221,1255,68,413,1241,1262,1242,1243,1206,41,487,7,10,1205,51,49
38: 25,1258,1236,1234,1231,1235,1232,72,1233,1230,99,1238,76,19,63,1237,1239,14,17,88,89,140,106,21,1209,1211
39: 43,183,301,87,488,65,52,20,13,53
40: 1213,1217,32,1215,1212,97,11,54,96,264,47,55,28,85,1218,1216,75,104,73,1226,1214,58,419,361,124,129
41: 487,91,4,68,413,37,2,358,365,7,96,264,47,55,28,85,1218,1216
42: 90,95,23,66,9,67,33,65,78,20,13,1261,1247,1222,1240,1256,1245,1259,1257,1220,1263,31,1260,22,57,92,0
43: 39,183,301,87,488,65,52,20,13,53
44: 384,317,179,463,93,216,185,234,46,12,98,82,26,1204,8,64,56,66,9
45: 18,164,85,1218,1216,16,88,89,73,1226,1214,58,84,129,27,355,59,24,60,50
46: 12,98,463,93,216,145,384,44,173,8,56,66,9,67,33
47: 55,28,358,365,41,487,7,96,264,85,1218,1216,75,104,1213,1217,32,1215,40,1212,97,11,54,73,1226,1214,58
48: 1203,232,476,1,1229,199,204,449,29,433
49: 10,1205,51,37,1224,2,1241,1262,1242,1243,1206,1258,1236,1234,1231,1235,1232,72,1233,1230,7,63,1237,1239,85,1218,16,88,89
50: 24,60,45,18,164,84,70,355,59,416,447,290,225,220
51: 10,1205,49,37,1224,2,1241,1262,1242,1243,1206,1258,1236,1234,1231,1235,1232,72,1233,1230,7,63,1237,1239,85,1218,1216,16,88,89
52: 488,43,39,36,53,130
53: 65,43,39,52,20,13,0,379,182,339,245
54: 1213,1217,32,1215,40,1212,97,11,264,47,55,28,85,1218,1216,75,104,73,1226,1214,58,419,361,124,129,27
55: 47,28,358,365,41,487,7,96,264,85,1218,1216,75,104,1213,1217,32,1215,40,1212,97,11,54,73,1226,1214,58
56: 8,64,185,234,384,44,46,12,98,82,26,1204,66,9,61,83,1223,1244,1225,1248,1246,74,78
57: 22,92,78,90,42,95,23,20,13,1261,1247,1222,1240,1256,1245,1259,1257,1220,1263,31,1260,0,1258,1236,1234,1231,1235,1232,72,1233,1230,99,1238,76,19
58: 73,1226,1214,47,55,28,85,1218,1216,16,1213,1217,32,1215,40,1212,97,11,54,45,18,164,361,124,129,27,355,59
59: 355,73,1226,1214,58,45,18,164,84,129,27,24,60,50,441,311,290,225
60: 24,50,45,18,164,84,70,355,59,416,15,447,290,225,220
61: 83,168,465,82,26,1204,8,64,56,3,6,1223,1244,1225,1248,1246,74,103,86,1219
62: 134,19,69,251,126,14,17,381,21,1209,1211,1227,1210,1228,30,35,1202,1208
63: 1237,1239,1241,1262,1242,1243,1206,1258,1236,1234,1231,1235,1232,72,1233,1230,99,1238,76,10,1205,51,49,25,38,16,88,89,140,106
64: 8,56,185,234,384,44,82,26,1204,66,9,61,83,1223,1244,1225,1248,1246,74,78
65: 173,183,301,87,67,33,43,39,90,42,95,23,20,13,53
66: 9,384,44,46,12,98,173,8,64,56,67,33,1223,1244,1225,1248,1246,74,78,90,42,95,23
67: 33,46,12,98,173,183,301,66,9,65,78,90,42,95,23,20,13
68: 413,338,219,103,86,91,4,37,1224,2,358,365,41,487,7
69: 251,0,379,182,339,245,19,126,14,17,62,134,381
70: 88,89,140,106,21,1209,1211,84,476,1,24,60,50,416,15,447,449
71: 255,250,352,480,1207,209
72: 1258,1236,1234,1231,1235,1232,1233,1230,1251,1219,1254,1250,1252,1249,1253,1221,1255,1261,1247,1222,1240,1256,1245,1259,1257,1220,1263,31,1260,22,57,92,1241,1262,1242,1243,1206,99,1238,76,10,1205,51,49,63,1237,1239,25,38
73: 1226,1214,58,47,55,28,85,1218,1216,16,1213,1217,32,1215,40,1212,97,11,54,45,18,164,361,124,129,355,59
74: 1223,1244,1225,1248,1246,82,26,1204,8,64,56,66,9,61,83,78,86,1251,1219,1254,1250,1252,1249,1253,1221,1255,1261,1247,1222,1240,1256,1245,1259,1257,1220,1263,31,1260
75: 104,244,96,264,47,55,28,446,1213,1217,32,1215,40,1212,97,11,54,419,361,124
76: 99,1238,1261,1247,1222,1240,1256,1245,1259,1257,1220,1263,31,1260,22,57,92,0,1258,1236,1234,1231,1235,1232,72,1233,1230,19,63,1237,1239,25,38,14,17
77: 369,296
78: 8,64,56,66,9,67,33,1223,1244,1225,1248,1246,74,90,42,95,23,1251,1219,1254,1250,1252,1249,1253,1221,1255,1261,1247,1222,1240,1256,1245,1259,1257,1220,1263,31,1260,22,57,92
79: 267,163,94,229,386
80: 116,484,317,179,463,216
81: 290,225,220
82: 26,1204,296,185,234,384,44,168,465,8,64,56,3,6,61,83,1223,1225,74
83: 61,168,465,82,26,1204,8,64,56,3,6,1223,1244,1225,1248,1246,74,103,86,1251,1219,1254,1250,1252,1249,1253,1221,1255
84: 16,88,89,140,106,45,18,164,70,355,59,24,60,50,416,15,447
85: 1218,1216,41,487,7,10,1205,51,49,47,55,28,16,1213,1217,32,1215,40,1212,97,11,54,73,1226,1214,58,45,18,164
86: 3,6,61,83,1223,1244,1225,1248,1246,74,103,1251,1219,1254,1250,1252,1249,1253,1221,1255,68,413,37,1224,2,1241,1262,1242,1243,1206
87: 308,288,183,301,488,65,43,39
88: 89,10,1205,51,49,63,1237,1239,25,38,16,140,106,45,18,164,84,70
89: 88,10,1205,51,49,63,1237,1239,25,38,16,140,106,45,164,84,70
90: 42,95,23,66,67,33,65,78,20,13,1247,1222,1240,1245,1259,1257,1220,22,57,92,0
91: 4,163,338,219,103,386,68,413,111,358,365,41,487
92: 22,57,78,90,42,95,23,20,13,1261,1247,1222,1240,1256,1245,1259,1257,1220,1263,31,1260,0,1258,1236,1234,1231,1235,1232,72,1233,1230,99,1238,76,19
93: 216,116,484,193,463,145,384,44,46,12,98,173
94: 229,79,163,386,111
95: 90,42,23,66,9,67,33,65,78,20,13,1261,1247,1222,1240,1256,1245,1259,1257,1220,1263,31,1260,22,57,92,0
96: 264,111,358,365,41,487,244,47,55,28,446,75,104,1213,1217,32,1215,40,1212,11
97: 1213,1217,32,1215,40,1212,11,54,264,47,55,28,85,1218,1216,75,104,73,1226,1214,58,419,361,124,129
98: 46,12,463,93,216,145,384,44,173,8,56,66,9,67,33
99: 1238,76,1261,1247,1222,1240,1256,1245,1259,1257,1220,1263,31,1260,22,57,92,0,1258,1236,1234,1231,1235,1232,72,1233,1230,19,63,1237,1239,25,38,14,17
100: 421,133,213,309
101: 306,247,246
102: 302,485,393,305,477,131,236,175
103: 135,3,6,61,83,338,219,86,91,4,68,413,37,1224,2
104: 75,244,96,264,47,55,28,446,1213,1217,32,1215,40,1212,97,11,54,419,361,124
105: 263,420,425,119,166,189,143,306
106: 140,63,1237,1239,25,38,14,17,88,89,21,1209,1211,84,70,476,1
107: 436,489,496
108: 387,349,256,362,227,326
109: 421,133,372,210,252,211,137
110: 380,391,460,453,455
111: 94,229,386,91,4,115,358,365,244,96,264
112: 132,367,187
113: 258,147,189,443,294,454,276
114: 157,315,272,478
115: 229,386,111,244
116: 80,484,317,179,463,93,216
117: 241,437,412,292,298
118: 196,181,254
119: 166,249,299,425,189,263,105
120: 396,190,438,431,354,353,269
121: 458,238,496,268,261,218,331
122: 324,175,477,293,316
123: 230,247,246,184,281,439,461
124: 361,75,104,1213,1217,32,1215,40,1212,97,11,54,73,1226,1214,58,419,129,27,441,311
125: 482
126: 379,182,339,245,284,69,251,255,250,62,134,381,352
127: 155,380,432,455,239,471
128: 428,415,248
129: 27,1213,1217,32,1215,40,1212,97,11,54,73,1226,1214,58,45,18,164,361,124,355,59,441,311,290
130: 52,36,339,245,284
131: 285,393,305,102,335,236,375
132: 367,112,192,389,314
133: 421,100,309,372,210,109
134: 62,19,69,251,126,14,17,381,21,1209,1211,1227,1210,1228,30,35,1202,1208
135: 427,262,191,168,465,267,3,6,163,338,219,103
136: 278,171,429,203,423,188
137: 495,109,252,160,259
138: 397,322,282,154,366
139: 200,170,442,494,188,445,149,186,277
140: 106,63,1237,1239,25,38,14,17,88,89,21,1209,1211,84,70,476,1
141: 313,240,440,468,156,253,444
142: 425,143,420
143: 142,425,166,263,420,105
144: 406,235,328,332,473,475,270
145: 484,193,93,216,308,46,12,98,173,183,301
146: 176
147: 258,403,350,299,113
148: 281,461,233,374
149: 462,445,200,139,170,188,186,277
150: 418,243,321,448
151: 
152: 452,409,158
153: 388,353
154: 366,138,394,376
155: 127,380,460,432,455
156: 468,483,141,313,265,253,215,493
157: 451,248,315,114
158: 152,409,240,440
159: 370,469,279,426,373,217
160: 340,337,252,495,137,259
161: 389,314,346,378,223,333
162: 178,411,450,269,260
163: 267,135,79,338,219,94,229,386,91,4
164: 45,18,85,1218,1216,16,88,89,73,1226,1214,58,84,129,27,355,59,24,60,50
165: 363,205,410,303,197
166: 119,425,189,143,263,420,105,443,306
167: 348,490,329,474
168: 465,296,185,234,262,191,82,26,1204,135,3,6,61,83
169: 459,210,211
170: 200,139,429,442,188,445,149,186
171: 278,136,429,203,423,188
172: 312,464,196,181,435,235,342,332
173: 93,216,145,308,46,12,98,183,301,66,9,67,33,65
174: 270,307,435,235,406,273,481
175: 122,324,102,302,477,316
176: 490,146
177: 409,291,483,274
178: 411,450,467,356,162
179: 317,80,116,463,296,185,234,384,44
180: 348,424,226,371
181: 254,312,464,196,118,172,332
182: 379,20,13,53,0,339,245,19,69,251,126
183: 301,145,308,288,173,87,67,33,65,43,39
184: 399,230,247,246,123,439
185: 234,317,179,463,296,384,44,168,465,82,26,1204,8,64,56
186: 277,200,139,170,323,462,445,149
187: 112,367
188: 171,136,200,139,170,462,445,149
189: 258,119,166,113,263,105,443,306,294,454,276
190: 120,396,438,431,354,353,269
191: 262,296,427,168,465,267,135,3,6
192: 389,314,297,132
193: 484,93,216,145,308
194: 198,331,422,357
195: 266,241,437,412,292,298,214
196: 312,464,118,172,181,254
197: 165,363,205,410,336,203,423
198: 194,331,422,357
199: 1229,21,1209,1211,1227,1210,1228,30,35,1202,1208,476,1,5,204,449,48,1203,232,29
200: 139,170,188,462,445,149,186
201: 385,364,360,275,218
202: 334,362,279,426,469
203: 423,197,336,278,171,136
204: 5,1227,1210,1228,30,35,1202,1208,480,1207,1229,199,48,1203,232,29
205: 165,363,410,197
206: 402,273,417,304,330,345,283
207: 280,471,489,400,238,496,360,458
208: 415
209: 352,71,480,1207
210: 133,109,169,459,211
211: 210,109,169,459
212: 240,486,482
213: 309,421,100
214: 412,300,195
215: 493,313,156,253,497,300,401
216: 93,80,116,484,193,463,145,384,44,46,12,98,173
217: 159,370,373,389,346
218: 275,360,458,121,201,385,364
219: 338,267,135,3,6,163,103,386,91,4,68,413
220: 24,60,50,416,15,447,449,225,433,81
221: 343
222: 405,310
223: 333,161,224
224: 223
225: 355,59,24,60,50,416,15,447,290,220,81
226: 424,180,348,371
227: 326,108,349,256,321,287
228: 430
229: 94,79,163,386,115,111
230: 466,399,247,246,184,123
231: 467,356
232: 48,1203,476,1,1229,199,5,204,449,29,433
233: 461,148,374,432
234: 185,317,179,463,296,384,44,168,465,82,26,1204,8,64,56
235: 342,172,307,435,328,332,174,270,406,144
236: 393,305,102,302,285,131,324,375
237: 337,407,257
238: 496,489,207,268,458,121,261
239: 471,453,455,127
240: 486,158,212,440,141
241: 437,117,412,292,298,195
242: 271,403,351
243: 150
244: 115,111,358,365,96,264,446,75,104
245: 339,53,130,379,182,284,69,251,126,255,250
246: 247,101,230,184,123,281
247: 246,101,230,184,123,281
248: 327,428,128,157,315,350
249: 403,351,299,119
250: 255,339,245,284,126,381,352,71
251: 69,0,379,182,339,245,19,126,14,17,62,134,381
252: 372,109,160,495,137
253: 444,141,313,156,215,493,497,319,300,401
254: 181,464,196,118,332,475
255: 250,339,245,284,126,381,352,71
256: 108,387,349,321,227,326
257: 286,237,266,407,414
258: 147,299,189,113
259: 340,160,495,137
260: 162,269
261: 238,496,268,458,121,331
262: 191,296,427,168,465,267,135,3,6
263: 420,105,119,166,189,143,443,306,294
264: 96,111,358,365,41,487,244,47,55,28,446,75,104,1213,1217,32,1215,40,1212,97,11,54
265: 468,483,274,156,493
266: 195,437,257,286
267: 427,262,191,135,79,163,338,219
268: 238,496,121,261
269: 120,396,190,162,260
270: 174,307,435,235,342,406,144,481
271: 242,351
272: 315,114,478
273: 481,174,304,206
274: 177,468,483,265
275: 218,201,385,364,325,357
276: 454,189,113,443,294
277: 186,139,323,398,445,149,312,464
278: 171,136,203,423
279: 426,334,202,159,370,469
280: 207,400,360,458
281: 247,246,123,148,461
282: 310,322,397,138
283: 345,206,402
284: 130,339,245,126,255,250
285: 131,393,305,335,236,375
286: 257,266,407,383,414
287: 227,326,498
288: 308,183,301,87,488
289: 499,295,394,424,376
290: 129,27,355,59,24,60,50,441,311,225,81
291: 377,470,177
292: 412,298,117,241,437,319,195
293: 122,324,316
294: 443,306,189,113,263,454,276
295: 345,341,289,499
296: 77,369,317,179,185,234,262,191,168,465,82,26,1204
297: 192,389,314
298: 412,292,117,444,241,497,319,195
299: 403,351,249,258,147,119
300: 497,319,253,215,412,401,214
301: 183,145,308,288,173,87,67,33,65,43,39
302: 102,485,305,477,236,324,175
303: 410,165,429
304: 273,481,206,402,330
305: 393,102,302,285,131,236
306: 443,294,166,189,263,420,105,101
307: 435,235,342,174,270
308: 193,145,288,173,183,301,87
309: 213,421,133,100,372
310: 405,222,322,282
311: 441,361,124,129,27,355,59,290
312: 464,323,398,277,196,172,181
313: 141,440,468,156,253,444,215,493
314: 192,389,297,132,367,161
315: 157,248,327,114,272
316: 122,324,175,293
317: 179,80,116,463,296,185,234,384,44
318: 419
319: 497,300,253,444,412,292,298,401
320: 448
321: 387,349,256,150,418,227,326
322: 310,282,397,138
323: 398,494,186,277,312
324: 122,175,302,477,236,375,293,316
325: 275,357
326: 227,108,387,349,256,321,287
327: 248,428,315,350
328: 332,235,473,475,406,144
329: 474,167
330: 304,206,341
331: 121,261,422,198,194
332: 328,172,181,254,235,342,473,475,144
333: 223,161,378
334: 202,362,279,426,469
335: 393,285,131,415,451
336: 197,492,203,423
337: 237,407,340,160
338: 219,267,135,3,6,163,103,386,91,4,68,413
339: 245,53,130,379,182,284,69,251,126,255,250
340: 160,337,259
341: 330,345,295
342: 235,172,307,435,332,270
343: 221
344: 
345: 283,206,341,295
346: 373,217,389,161,378
347: 
348: 180,424,226,371,167
349: 108,387,256,321,227,326
350: 248,327,403,351,147
351: 403,271,242,350,249,299
352: 126,255,250,381,71,30,35,1202,1208,480,1207,209
353: 153,438,356,120,396,190,411
354: 431,438,120,396,190
355: 59,73,1226,1214,58,45,18,164,84,129,27,24,60,50,441,311,290,225
356: 231,467,353,178,411,450
357: 275,422,325,198,194
358: 365,386,91,4,68,413,111,41,487,244,96,264,47,55,28
359: 452,409
360: 400,207,280,458,201,364,218
361: 124,75,104,1213,1217,32,1215,40,1212,97,11,54,73,1226,1214,58,419,129,27,441,311
362: 108,387,334,202
363: 165,205,410,197
364: 201,385,360,458,275,218
365: 358,386,91,4,68,413,111,41,487,244,96,264,47,55,28
366: 154,138,394,376
367: 132,112,314,187
368: 472
369: 77,296
370: 159,469,279,426,373,217
371: 226,180,348,491
372: 309,404,421,133,109,252
373: 426,159,370,469,217,430,346
374: 148,233
375: 285,131,236,324
376: 289,499,394,154,366
377: 491,409,291
378: 346,161,333
379: 182,20,13,53,0,339,245,19,69,251,126
380: 110,391,460,455,155,127
381: 69,251,126,255,250,62,134,352,1227,1210,1228,30,35,1202,1208,480,1207
382: 473,475,405
383: 414,407,286
384: 44,317,179,463,93,216,185,234,46,12,98,82,26,1204,8,64,56,66,9
385: 201,364,458,275,218
386: 79,163,338,219,94,229,91,4,115,111,358,365
387: 108,349,256,362,321,326
388: 153
389: 192,314,297,217,132,346,161
390: 1022
391: 439,380,110,460
392: 466,399
393: 305,102,335,285,131,236
394: 289,499,154,366,376
395: 281,148
396: 120,190,438,354,353,269
397: 138,322,282
398: 323,277,312,464
399: 392,466,230,184
400: 207,280,360
401: 253,215,493,497,319,300
402: 206,481,417,304,283
403: 351,242,350,249,299,147
404: 372
405: 222,382,310
406: 144,235,328,473,174,270,481,417
407: 237,337,257,286,383,414
408: 
409: 359,377,152,158,177
410: 303,165,363,205,197,429
411: 178,450,467,356,353,162
412: 292,298,117,444,241,497,319,300,195,214
413: 68,338,219,103,86,91,4,37,1224,2,358,365,41,487,7
414: 383,407,257,286
415: 208,335,451,128
416: 15,447,84,70,476,1,24,60,50,449,225,220,433
417: 406,481,304,206,402
418: 150,321
419: 446,75,104,1213,1217,32,1215,40,1212,97,11,54,361,124,318
420: 263,105,142,425,166,143,306
421: 133,100,213,309,372,109
422: 331,357,198,194
423: 203,197,336,278,171,136
424: 289,226,180,348
425: 142,119,166,143,420,105
426: 279,334,202,159,370,469,373
427: 262,191,267,135
428: 128,248,327
429: 410,303,171,136,170
430: 228,373
431: 354,438,120,190
432: 461,233,460,155,127
433: 416,15,447,449,48,1203,232,220
434: 778,838,807,1108,775,858,1062
435: 307,172,235,342,174,270
436: 489,107
437: 241,117,292,195,266
438: 431,354,353,120,396,190
439: 391,184,123,460
440: 158,240,486,468,483,141,313
441: 311,361,124,129,27,355,59,290
442: 494,139,170
443: 306,294,166,189,113,263,454,276
444: 253,141,313,412,298,497,319
445: 462,149,200,139,170,188,186,277
446: 244,96,264,75,104,419
447: 416,15,84,70,476,1,24,60,50,449,225,220,433
448: 150,320
449: 70,476,1,1229,199,416,15,447,48,1203,232,220,433
450: 178,411,356,162
451: 335,415,157
452: 359,152
453: 110,455,239
454: 276,189,113,443,294
455: 380,110,453,155,127,239,471
456: 
457: 
458: 121,207,280,238,360,261,385,364,218
459: 169,210,211
460: 439,391,461,380,110,432,155
461: 233,123,281,148,460,432
462: 445,149,200,188,186
463: 80,116,484,317,179,93,216,185,234,384,44,46,12,98
464: 312,398,277,196,172,181,254
465: 168,296,185,234,262,191,82,26,1204,135,3,6,61,83
466: 392,399,230
467: 231,356,178,411
468: 483,440,274,141,313,156,265
469: 159,370,334,202,279,426,373
470: 474,291
471: 239,455,127,207
472: 368
473: 475,328,332,406,144,382
474: 329,167,470
475: 473,254,328,332,144,382
476: 1,140,106,21,1209,1211,1227,1210,1228,70,1229,199,416,15,447,449,48,1203,232
477: 485,102,302,122,324,175
478: 114,272
479: 
480: 1207,381,352,71,30,35,1202,1208,209,5,204
481: 273,174,270,406,417,304,402
482: 125,212,486
483: 468,177,440,274,156,265
484: 80,116,193,463,93,216,145
485: 102,302,477
486: 240,212,440,482
487: 41,91,4,68,413,37,1224,2,358,365,7,96,264,47,55,28,85,1218,1216
488: 288,87,43,39,52,36
489: 436,107,207,238,496
490: 176,167
491: 377,371
492: 336
493: 215,313,156,265,253,401
494: 442,139,323
495: 137,252,160,259
496: 238,489,107,207,268,121,261
497: 319,300,253,444,215,412,298,401
498: 287
499: 289,295,394,376
500: 1125,955,1035,513,1044,622,511
501: 
502: 1030,840,506,853,1112,833,842,915,534,845
503: 851,1191,1069,1183
504: 1023,575,827,1188,703,755,1163,616
505: 793,973,908,820
506: 840,853,1112,591,510,738,1030,502
507: 525,577
508: 1159,818,551
509: 806,1133,828,962,537,1176
510: 738,840,506,1112,591,1030
511: 622,500,578,535
512: 1070,863
513: 500,1044,1052
514: 590,1011,541,566,923
515: 626,1094,669,810
516: 630,939,540
517: 980,958,886,1085
518: 764,779,1098
519: 963,1011,1095,749
520: 686
521: 1029,942,687
522: 792,858,1062,989,888
523: 815,859,571,593,695
524: 904,1010,1052,879,1050
525: 712,577,507
526: 612
527: 1113,905,615,712,928,602,976
528: 678,548,529,1117,762,614,768,926,545,1101,584
529: 1117,762,614,768,528,548
530: 606,1196,1192,802,585,546
531: 938
532: 989,880,600
533: 951,674
534: 1118,845,1030,502,915,817
535: 578,734,622,511,984
536: 761,646
537: 1176,509,806,828,962,636,1016
538: 1021,1073
539: 766,1024,643,555,737,978,832,1054
540: 630,939,516,583,763
541: 566,514,923
542: 632,1027,594,563,725
543: 995
544: 843,701,732,838
545: 1101,584,728,614,768,528,678,548,1177
546: 1192,530,606,802,585
547: 1127,1120,854,894,653
548: 528,678,529,1117,762,614,768,545,1101,584
549: 684,771,917,664
550: 672,1193,909,872,929,941,1013,1032,590
551: 818,508,1159,628,825
552: 662,1186,837
553: 751,1047,1092
554: 988,722,1005,891,619,719
555: 927,1024,643,737,539,840
556: 663,581,994
557: 1185,570,831,860,572,916
558: 1137,1114,870,1140,698
559: 698,942
560: 983,651,1151
561: 576,767
562: 1181,650,1100,649
563: 725,542,594
564: 1056,1049,777,1169
565: 583,697,763
566: 541,916,514,923
567: 1145,649,621
568: 723,1063
569: 785,805
570: 1061,831,557
571: 859,815,523,954,695
572: 831,860,877,1164,557,916
573: 578,588,597,774,734
574: 655,628,825,675,998,789,932
575: 882,971,827,1188,504,1023,703
576: 767,825,932,561,1077
577: 525,676,507,891
578: 573,588,774,734,622,511,535,984
579: 881,1008,650
580: 682,898,952
581: 1072,967,714,556,866
582: 613,647,1013,1173
583: 540,697,763,565
584: 545,1101,728,528,678,548,926,692,1177
585: 1111,1192,530,606,1042,1165,546
586: 1076,821,605,1019,1034
587: 984,966,935
588: 597,813,774,573,578,734
589: 850,729,1116,746,1035,862
590: 550,929,941,877,1164,1032,1011,514
591: 840,506,1054,510,738,1099
592: 
593: 523
594: 542,563,725,595,1130
595: 594,1130
596: 759,1002,618
597: 588,819,1083,813,996,774,573,734
598: 994,1146,620,1033
599: 1098,779,1053,702,906
600: 888,792,532,743,947
601: 714,866,823
602: 615,527,1113,905,928,976,724
603: 726
604: 730,681,911,1196
605: 586,821,1019,1034,757
606: 530,1196,1192,802,585,546
607: 
608: 
609: 866,823,788,925,773
610: 1147,897,748,1179,658,1168
611: 784,1144,625,1017
612: 526
613: 582,647,710,1173
614: 768,529,1117,528,678,548,545,1101
615: 712,527,1113,905,602
616: 755,1163,1188,504,1133
617: 1122,1195,814
618: 596,1002,829,977,1120
619: 891,676,554,988,722,914
620: 994,598,670,1033
621: 567,1145,1198,631
622: 511,500,578,1044,535
623: 1020
624: 1093,660
625: 1144,611,784
626: 1094,1038,665,927,515,669
627: 694,948,1000,913,1014
628: 655,574,551,825,675,998,789,932
629: 1103
630: 939,540,516
631: 1128,621,1198,848,940
632: 1173,710,542,1027
633: 869,666,816,922,987,849,1001
634: 952,818
635: 646,1018
636: 1078,1016,828,537,1176
637: 658,1168
638: 764
639: 1068
640: 1089,849,1001,808,971,708,742,652,1188,750
641: 885,876,897,748
642: 1041,985,1015
643: 766,1024,555,737,539
644: 949
645: 818
646: 536,761,635,1018
647: 1073,710,582,613
648: 846,795,1028
649: 1100,562,650,1174,957,1055,567,1145
650: 579,881,562,1100,649,1174,957,1055
651: 1096,796,983,560
652: 1188,1001,808,971,640,1089,1023,755
653: 854,894,883,1120,1127,547
654: 1189,1077
655: 574,628,675,998,789
656: 518,1009
657: 953,664,1004,721
658: 610,1179,1168,637
659: 830
660: 1180,624,934
661: 758,980
662: 837,552
663: 696,679,556
664: 549,657,953
665: 1124,1046,626,1094
666: 816,922,633,849,1001
667: 704,834,961,899,1088
668: 797,1185
669: 626,515,810,840,853,1112,842
670: 788,925,620
671: 1194,798
672: 934,1193,872,550
673: 897,748,1179
674: 1020,533,951
675: 655,574,628,998,789
676: 577,988,891,619
677: 1070,689
678: 528,548,1117,762,614,926,545,1101,584,728,692
679: 920,663
680: 728,692,1177,1166
681: 730,911,1196,604
682: 721,580
683: 1071,772,739,1109,946,1152
684: 771,902,549,917
685: 735
686: 520,688
687: 521,942,979
688: 686,1065
689: 677,907
690: 914,1064,918
691: 820,709,889
692: 678,926,1101,584,728,1090,680
693: 735
694: 627,948,913,1014
695: 859,571,523,954
696: 903,1162,663
697: 763,1091,583,565,758
698: 870,558,1137,1029,559
699: 1166,839,1110,1195,739
700: 972,794
701: 843,791,1135,544,732
702: 1053,956,938,599,867,815
703: 575,827,504,1023,1163
704: 844,667,834,961
705: 754,1152,1048
706: 766,1024,737,978,832
707: 1026,1049,777
708: 742,1147,987,849,1001,640,1089,750
709: 691,822
710: 647,1067,613,632,1173
711: 769,869,987
712: 615,527,1113,525
713: 969
714: 967,1072,581,601,866,823
715: 800,933
716: 803,1149
717: 981,780,945
718: 
719: 554,722,1136
720: 1148,1066
721: 1004,657,953,985,682
722: 554,988,1005,891,619,1136,719
723: 1063,781,568
724: 602,976,1060
725: 563,542,594,1130
726: 603,538
727: 939
728: 545,1101,584,678,692,1177,680
729: 589,847,1116,746
730: 681,911,904,604
731: 1014,828,1066
732: 843,701,544,826
733: 781,1063
734: 588,597,774,573,578,1136,535,984
735: 693,685
736: 912
737: 978,766,1024,643,555,706,539,832,1054
738: 510,840,506,591,1030,1099,1025
739: 741,1110,699,772,1109,683,1071
740: 1059
741: 992,1197,921,839,1110,772,739
742: 708,1147,987,849,640,750
743: 947,600,888,1157,782
744: 
745: 887,850,819,1083
746: 729,589,1116,955,1035,862,1125
747: 1181
748: 897,641,610,673,1179
749: 519,963,1095,1080
750: 708,742,1147,640,1089
751: 553,1184,1092
752: 1175
753: 1194,783
754: 705,1048,865
755: 1163,616,652,1188,504,1023
756: 930,1021,1067
757: 821,605,1019,1034
758: 697,661
759: 596,1002
760: 
761: 536,646
762: 529,1117,528,678,548,926
763: 697,540,583,565
764: 638,779,518
765: 813,996,1105,1083,1005,895,970,774
766: 1024,643,706,737,978,539
767: 576,825,932,561
768: 614,1127,529,1117,528,548,545
769: 1118,869,711,987
770: 775
771: 684,902,549,917
772: 741,992,1110,739,1109,683
773: 823,609
774: 765,813,970,588,597,573,578,734,1136
775: 1108,434,770
776: 1047,887
777: 1026,1049,707,564,1056
778: 434,838,807,919,1108,1062
779: 764,518,1053,1098,599
780: 717,981,975,1132
781: 733,723,1063
782: 743,947,1074
783: 753,1194
784: 611,1144,944,625,1017
785: 569,865,805
786: 
787: 
788: 925,866,609,670
789: 998,655,574,628,675,932,1135,900
790: 1181
791: 1135,843,701
792: 522,858,989,880,600,888
793: 505,973,908,820
794: 972,700
795: 846,833,842,648
796: 1096,651
797: 668
798: 1106,671
799: 1138,858,1062
800: 715,933
801: 1170,890
802: 530,606,546
803: 716,982,1149
804: 1199,993,1102
805: 785,569
806: 509,1133,962,537
807: 838,919,1108,434,778
808: 971,922,1001,640,1089,652,1188,1023
809: 1017
810: 515,669,846,853,842
811: 
812: 1087,1105,1123,1005,895
813: 765,996,1083,895,970,588,597,774
814: 1195,617
815: 1053,702,867,859,571,523
816: 666,922,633,1001
817: 1025,534,1118,885,876,1150
818: 634,551,508,1159
819: 850,745,1083,955,862,597
820: 505,793,691
821: 1076,586,605,757
822: 910,709,889,1131
823: 866,714,601,925,609,773
824: 
825: 551,574,628,998,932,576,767
826: 732,1068
827: 882,575,504,1023,703
828: 1133,731,509,537,1176,1078,636
829: 977,618,1012,1120
830: 659,878
831: 860,572,570,877,1164,557,1185,916
832: 1054,706,737,978,539,937,1099
833: 842,853,795,502,915
834: 961,704,667,899,1088
835: 990,1038,927
836: 
837: 1186,662,921,552
838: 807,544,919,434,778
839: 1110,1197,1166,741,699
840: 506,555,669,853,1112,591,510,738,1030,502
841: 
842: 833,669,810,846,853,795,502
843: 701,791,544,732
844: 704
845: 534,1118,1030,502,915
846: 810,842,795,648
847: 1116,729,1158,1178
848: 940,1198,1128,631
849: 633,666,922,987,1001,708,742,640
850: 745,589,819
851: 503,1069
852: 1003,965
853: 1112,669,810,840,506,833,842,1030,502
854: 894,653,1120,1127,547,958
855: 1102,1165,991,1161,1039,1114,870
856: 1134,944
857: 1191,1069,1183
858: 1062,434,1138,799,522,792
859: 571,815,1051,523,954,695
860: 831,572,557,1185,916
861: 1057
862: 955,1035,589,819,746,1125
863: 512,1160,999,969
864: 1158,1178
865: 754,1048,785
866: 823,581,714,601,788,925,609
867: 956,938,1053,702,815
868: 1058
869: 1118,769,633,711,987
870: 855,1161,1114,558,1137,698
871: 1087,1119,1184,1123
872: 672,1193,550,1013,1032
873: 1111,1104,1196,1192,1042
874: 1178,904,1010,1052,879
875: 
876: 1150,817,885,641
877: 1164,909,929,941,831,572,590
878: 830,1065
879: 1010,1052,874,904,524
880: 989,792,892,532
881: 579,1008,650
882: 575,827
883: 1115,1120,894,653
884: 1155,1037
885: 817,876,1150,641
886: 958,517,980,1006,1036,1085
887: 745,776,1083
888: 600,522,792,989,743
889: 691,822,910
890: 1170,801
891: 619,676,577,554,988,722,914
892: 989,880
893: 1157
894: 854,653,883,1120,1127,547,958
895: 1005,970,1105,812,765,813,996
896: 1027,1095,1080
897: 748,641,610,673,1179
898: 580
899: 1088,667,834,961,1190
900: 1189,998,789,932,1135
901: 1050
902: 1090,684,771
903: 696
904: 911,874,730,1010,1052,879,524
905: 527,1113,1075,615,928,602
906: 1053,1098,599
907: 986,689,1143,1156,1076
908: 973,505,793
909: 929,941,877,1164
910: 822,889,1131
911: 904,730,681,1010,604
912: 924,736,1146,1058
913: 1000,627,694,948,1014
914: 690,1064,891,619,918
915: 833,502,534,1118,845
916: 831,860,572,557,1185,566
917: 684,771,549,1004,953
918: 690,914,1064
919: 838,807,778,1138
920: 1153,1141,679
921: 1186,837,741,992
922: 666,816,633,849,1001,808
923: 963,1011,514,541,566,1043
924: 912,1146,1058
925: 788,866,823,609,670
926: 762,528,678,584,692,1090
927: 835,1038,626,555
928: 1075,527,1113,905,1031,602,976
929: 941,909,550,877,1164,1032,590
930: 1121,1021,756
931: 
932: 574,628,825,998,789,576,767,900
933: 715,800
934: 672,1180,660,1193
935: 966,587
936: 
937: 832,1054,1099
938: 956,531,702,1084,867
939: 630,727,540,516
940: 848,1198,1128,631
941: 929,1193,909,550,877,1164,1032,590
942: 559,521,687,979
943: 1031,976,982,1182
944: 1074,1144,856,784
945: 717,1167,1075
946: 1122,683,1071,1152
947: 743,600,1157,782
948: 627,694,913
949: 644
950: 1061,1106
951: 533,674
952: 1015,580,634
953: 657,917,664,1004,721
954: 859,571,695
955: 1035,862,819,746,500,1125
956: 938,702,867
957: 1174,650,649,1055,1172
958: 854,894,1127,517,980,886
959: 1045,1171,1082
960: 
961: 834,704,667,899,1088
962: 509,806,964,537,1176
963: 1011,519,749,923
964: 962
965: 852,1115
966: 935,587
967: 1162,1072,581,714
968: 1022
969: 863,1160,999,713
970: 1005,895,1105,765,813,996,774
971: 808,1001,575,640,652,1188,1023
972: 794,700
973: 908,505,793
974: 
975: 780,1132
976: 527,1113,928,602,943,724
977: 829,618,1012
978: 737,766,1024,706,539,832,1054
979: 942,687
980: 517,958,661,886,1006
981: 717,780,1132
982: 803,943,1182
983: 560,651,1151
984: 578,734,535,587
985: 721,1041,642,1015
986: 907,1143,1156,1076
987: 769,869,633,711,849,708,742,1147
988: 554,722,1005,676,891,619
989: 880,522,792,892,888,532
990: 1033,835
991: 1102,1165,855,1039,1114
992: 741,1197,921,772
993: 804,1199,1102
994: 556,598,620
995: 543
996: 765,813,1083,895,970,597
997: 1045,1171
998: 789,655,574,628,825,675,932,1135,1189,900
999: 863,1160,969
1000: 913,627,1014
1001: 633,666,816,922,849,808,971,708,640,1089,652
1002: 759,596,618
1003: 852
1004: 917,657,953,721
1005: 895,970,1105,812,765,554,988,722
1006: 1036,1085,980,886
1007: 
1008: 579,881
1009: 656
1010: 1052,879,874,911,904,524
1011: 963,590,519,514,923
1012: 829,977
1013: 872,550,582,1032
1014: 1000,913,627,694,731,1066
1015: 985,642,952
1016: 1078,636,537,1176
1017: 611,784,809
1018: 646,635
1019: 1034,586,605,757
1020: 674,623
1021: 538,930,1073,756,1067
1022: 968,390
1023: 504,808,971,575,827,652,1188,703,755,1163
1024: 766,643,555,706,737,978,539
1025: 738,817
1026: 1049,777,707
1027: 632,542,1095,896
1028: 648
1029: 698,521
1030: 502,840,506,853,510,738,534,845
1031: 928,943
1032: 872,550,929,941,1013,590
1033: 1146,598,620,990
1034: 1019,586,605,757
1035: 955,862,589,746,500,1125
1036: 1006,1085,886,1197
1037: 1129,1155,884
1038: 835,927,626,1094
1039: 991,855,1114
1040: 1060,1086
1041: 985,642
1042: 1165,873,1111,1192,1102,585
1043: 923
1044: 500,1125,513,622
1045: 997,1171,1082,959
1046: 1124,665,1094
1047: 553,776,1092
1048: 705,754,865
1049: 1026,777,707,564
1050: 524,901
1051: 1084,859
1052: 1010,879,874,513,904,524
1053: 702,779,1098,599,867,815,906
1054: 832,737,978,539,591,937,1099
1055: 650,1100,649,1174,957,1145
1056: 564,777,1169
1057: 1107,861
1058: 912,924,868
1059: 740
1060: 1040,724
1061: 950,570,1106
1062: 858,434,778,1138,799,522
1063: 723,733,781,568
1064: 690,914,918
1065: 688,878
1066: 731,1014,720,1148,1078
1067: 1021,1073,756,710,1173
1068: 826,639
1069: 1191,503,851,1183,857
1070: 677,512
1071: 683,739,1109,946,1152
1072: 581,967,1162,714
1073: 538,1021,647,1067
1074: 782,944
1075: 945,1167,905,928
1076: 907,986,1156,586,821
1077: 576,654
1078: 636,1016,828,1066,1176,1129
1079: 
1080: 1095,749,896
1081: 
1082: 1171,1045,959
1083: 745,887,819,765,813,996,597
1084: 938,1051
1085: 1006,1036,517,886
1086: 1040
1087: 1119,871,1184,812,1123
1088: 899,667,834,961,1190
1089: 640,1001,808,708,1147,652,1188,750
1090: 926,692,902
1091: 697
1092: 553,1047,1105
1093: 624
1094: 626,1038,665,1046,515
1095: 519,1027,749,896,1080
1096: 796,651
1097: 1195
1098: 599,779,518,1053,906
1099: 832,1054,591,738,937
1100: 649,562,650,1055,1145
1101: 545,584,728,614,528,678,548,692,1177
1102: 804,1199,1042,1165,991,855
1103: 629
1104: 1196,873,1111,1192
1105: 1092,812,765,1005,895,970
1106: 1061,950,798
1107: 1057
1108: 807,434,778,775
1109: 772,739,683,1071
1110: 839,1166,741,699,772,739
1111: 873,1104,1192,1042,585
1112: 853,669,840,506,510,502
1113: 527,905,615,712,928,602,976
1114: 991,855,1161,1039,870,558,1137
1115: 965,883
1116: 847,729,589,1158,746,1178
1117: 529,762,614,768,528,678,548
1118: 534,845,915,817,769,869
1119: 1087,871,1184,1123
1120: 618,829,883,854,894,653,1127,547
1121: 930
1122: 617,1195,946
1123: 1087,1119,871,812
1124: 665,1046
1125: 500,746,955,1035,862,1044
1126: 
1127: 547,1120,854,894,653,958,768
1128: 631,1198,848,940
1129: 1078,1037
1130: 594,725,595
1131: 822,910
1132: 780,981,975
1133: 616,509,806,828
1134: 856
1135: 998,789,791,1189,900,701
1136: 774,722,734,719
1137: 558,1114,870,1140,698
1138: 919,799,858,1062
1139: 
1140: 558,1137
1141: 1153,920
1142: 
1143: 907,986,1156
1144: 944,625,611,784
1145: 567,1100,649,1055,621
1146: 912,924,598,1033
1147: 708,742,987,1089,610,750
1148: 720,1066
1149: 716,803
1150: 876,817,885
1151: 983,560,1181
1152: 683,1071,946,705
1153: 1141,920
1154: 
1155: 884,1037
1156: 1143,907,986,1076
1157: 893,743,947
1158: 847,1116,864,1178
1159: 508,818,551
1160: 863,999,969
1161: 855,1114,870
1162: 967,696,1072
1163: 755,616,1188,504,1023,703
1164: 877,909,929,941,831,572,590
1165: 1042,1102,585,991,855
1166: 1177,680,1197,839,1110,699
1167: 945,1075
1168: 610,658,637
1169: 564,1056
1170: 890,801
1171: 1082,997,1045,959
1172: 1174,957
1173: 632,1067,710,582,613
1174: 957,650,649,1055,1172
1175: 752
1176: 537,509,828,962,1078,636,1016
1177: 545,1101,584,728,680,1197,1166
1178: 1158,847,1116,864,874
1179: 897,748,610,673,658
1180: 660,934
1181: 1151,747,790,562
1182: 943,982
1183: 503,1191,1069,857
1184: 1087,1119,871
1185: 557,831,860,916,668
1186: 837,921,552
1187: 
1188: 652,808,971,575,640,1089,504,1023,755,1163,616
1189: 900,998,1135,654
1190: 899,1088
1191: 1069,503,1183,857
1192: 1104,1196,873,1111,530,606,1042,585,546
1193: 934,672,872,550,941
1194: 753,783,671
1195: 1097,699,617,1122,814
1196: 681,1104,604,873,1192,530,606
1197: 1036,1177,1166,741,992,839
1198: 621,848,940,1128,631
1199: 804,993,1102
1202: 30,35,1208,62,134,381,352,1227,1228,480,1207,1229,199,5,204
1203: 48,232,476,1,1229,199,5,204,449,29,433
1204: 82,26,296,185,234,384,44,168,465,8,64,56,3,6,61,83,1223,1244,1225,1248,1246,74
1205: 10,51,49,37,1224,2,1241,1262,1242,1243,1206,1258,1236,1234,1231,1235,1232,72,1233,1230,7,63,1237,1239,85,1218,16,88,89
1206: 1241,1262,1242,1243,86,1251,1219,1254,1250,1252,1249,1253,1221,1255,1261,1247,1222,1240,1256,1245,1259,1257,1220,1263,31,1260,37,1224,2,1258,1236,1234,1231,1235,1232,72,1233,1230,7,10,1205,51,49,63,1237,1239
1207: 480,381,352,71,30,35,1202,1208,209,5,204
1208: 30,35,1202,62,134,381,352,1227,1210,1228,480,1207,1229,199,5,204
1209: 21,1211,25,38,14,17,62,134,140,106,1227,1210,1228,70,476,1,1229,199
1210: 1227,1228,14,17,62,134,381,21,1209,1211,30,35,1208,476,1,1229,199,204
1211: 21,1209,38,14,17,62,134,140,106,1227,1210,1228,70,476,1,1229,199
1212: 1213,1217,32,1215,40,97,11,54,96,264,47,55,28,85,1218,1216,75,104,73,1226,1214,58,419,361,124,129
1213: 1217,32,1215,40,1212,97,11,54,96,264,47,55,28,85,1218,1216,75,104,73,1226,1214,58,419,361,124,129
1214: 73,1226,58,47,55,85,1218,1216,16,1213,1217,32,1215,40,1212,97,54,45,18,164,361,124,129,27,355,59
1215: 1213,1217,32,40,1212,97,11,54,96,264,47,55,28,85,1218,1216,75,104,73,1226,1214,58,419,361,124,129,27
1216: 85,1218,41,487,7,10,51,47,55,28,16,1213,1217,32,1215,40,1212,97,11,54,73,1226,1214,58,45,18,164
1217: 1213,32,1215,40,1212,97,11,54,96,264,47,55,28,85,1218,1216,75,104,73,1226,1214,58,419,361,124,129
1218: 85,1216,41,487,7,10,1205,51,49,47,55,28,16,1213,1217,32,1215,40,1212,97,11,54,73,1226,1214,58,45,18,164
1219: 1251,1254,1250,1252,1249,1253,1221,1255,61,83,1223,1244,1225,1248,1246,74,78,86,1261,1247,1222,1240,1256,1245,1259,1257,1220,1263,31,1260,37,1224,2,1241,1262,1242,1243,1206,1258,1236,1234,1231,1235,1232,72,1233,1230
1220: 1261,1247,1222,1240,1256,1245,1259,1257,1263,31,1260,1223,1244,1225,1248,1246,74,78,90,42,95,23,1251,1219,1254,1250,1252,1249,1253,1221,1255,22,57,92,1241,1262,1242,1206,1258,1234,1231,1235,1232,72,1233,1230,99,76
1221: 1251,1219,1254,1250,1252,1249,1253,1255,83,1223,1225,1246,74,78,86,1261,1222,1240,1256,1259,1257,1220,1263,31,1260,37,1224,2,1241,1262,1242,1243,1206,1258,1236,1234,1231,1235,1232,72,1233,1230
1222: 1261,1247,1240,1256,1245,1259,1257,1220,1263,31,1260,1223,1244,1225,1248,1246,74,78,90,42,95,23,1251,1219,1254,1250,1252,1249,1253,1221,1255,22,57,92,1241,1262,1242,1243,1206,1258,1236,1234,1231,1235,1232,72,1233,1230,99,1238,76
1223: 1244,1225,1248,1246,74,82,26,1204,8,64,56,66,61,83,78,86,1251,1219,1254,1250,1252,1249,1253,1221,1255,1261,1247,1222,1240,1256,1257,1220,1263,31,1260
1224: 37,2,103,86,1251,1219,1254,1250,1252,1249,1253,1221,1255,68,413,1241,1262,1242,1243,1206,487,7,10,1205,51,49
1225: 1223,1244,1248,1246,74,82,26,1204,8,64,56,66,61,83,78,86,1251,1219,1254,1250,1252,1249,1253,1221,1255,1261,1247,1222,1240,1256,1259,1257,1220,1263,31,1260
1226: 73,1214,58,47,55,28,85,1218,1216,16,1213,1217,32,1215,40,1212,97,11,54,45,18,164,361,124,129,355,59
1227: 1210,1228,14,17,62,134,381,21,1209,1211,30,35,1202,1208,476,1,1229,199,5,204
1228: 1227,1210,14,17,62,134,381,21,1209,1211,30,35,1202,1208,476,1,1229,199,5,204
1229: 199,21,1209,1211,1227,1210,1228,30,35,1202,1208,476,1,5,204,449,48,1203,232
1230: 1258,1236,1234,1231,1235,1232,72,1233,1251,1219,1254,1250,1252,1249,1253,1221,1255,1261,1247,1222,1240,1256,1245,1259,1257,1220,1263,31,1260,22,57,92,1241,1262,1242,1243,1206,99,1238,76,10,1205,51,49,63,1237,1239,25,38
1231: 1258,1236,1234,1235,1232,72,1233,1230,1251,1219,1254,1250,1252,1249,1253,1221,1255,1261,1247,1222,1240,1256,1245,1259,1257,1220,1263,31,1260,22,57,92,1241,1262,1242,1243,1206,99,1238,76,10,1205,51,49,63,1237,1239,25,38
1232: 1258,1236,1234,1231,1235,72,1233,1230,1251,1219,1254,1250,1252,1249,1253,1221,1255,1261,1247,1222,1240,1256,1245,1259,1257,1220,1263,31,1260,22,57,92,1241,1262,1242,1243,1206,99,1238,76,10,1205,51,49,63,1237,1239,25,38
1233: 1258,1236,1234,1231,1235,1232,72,1230,1219,1254,1252,1249,1253,1221,1255,1261,1247,1222,1240,1256,1245,1259,1257,1220,1263,31,1260,22,57,92,1241,1262,1242,1243,1206,99,1238,76,10,1205,51,49,63,1237,1239,25,38
1234: 1258,1236,1231,1235,1232,72,1233,1230,1251,1219,1254,1250,1252,1249,1253,1221,1255,1261,1247,1222,1240,1256,1245,1259,1257,1220,1263,31,1260,22,57,92,1241,1262,1242,1243,1206,99,1238,76,10,1205,51,49,63,1237,1239,25,38
1235: 1258,1236,1234,1231,1232,72,1233,1230,1251,1219,1254,1250,1252,1249,1253,1221,1255,1261,1247,1222,1240,1256,1245,1259,1257,1220,1263,31,1260,22,57,92,1241,1262,1242,1243,1206,99,1238,76,10,1205,51,49,63,1237,1239,25,38
1236: 1258,1234,1231,1235,1232,72,1233,1230,1219,1254,1250,1252,1249,1253,1221,1255,1261,1222,1240,1256,1245,1259,1257,31,1260,22,57,92,1241,1262,1242,1243,1206,99,1238,76,10,1205,51,49,63,1237,1239,25,38
1237: 63,1239,1241,1262,1242,1243,1206,1258,1236,1234,1231,1235,1232,72,1233,1230,99,1238,76,10,1205,51,49,25,38,16,88,89,140,106
1238: 99,76,1261,1222,1256,1245,1259,1257,31,1260,22,57,92,0,1258,1236,1234,1231,1235,1232,72,1233,1230,19,63,1237,1239,25,38,14,17
1239: 63,1237,1241,1262,1242,1206,1258,1236,1234,1231,1235,1232,72,1233,1230,99,1238,76,10,1205,51,49,25,38,16,88,89,140,106
1240: 1261,1247,1222,1256,1245,1259,1257,1220,1263,31,1260,1223,1244,1225,1248,1246,74,78,90,42,95,23,1251,1219,1254,1250,1252,1249,1253,1221,1255,22,57,92,1241,1262,1242,1206,1258,1236,1234,1231,1235,1232,72,1233,1230,99,76
1241: 1262,1242,1243,1206,86,1251,1219,1254,1250,1252,1249,1253,1221,1255,1261,1222,1240,1256,1259,1257,1220,1263,31,1260,37,1224,2,1258,1236,1234,1231,1235,1232,72,1233,1230,7,10,1205,51,49,63,1237,1239
1242: 1241,1262,1243,1206,86,1251,1219,1254,1250,1252,1249,1253,1221,1255,1261,1247,1222,1240,1256,1245,1259,1257,1220,1263,31,1260,37,1224,2,1258,1236,1234,1231,1235,1232,72,1233,1230,7,10,1205,51,49,63,1237,1239
1243: 1241,1262,1242,1206,86,1251,1219,1254,1250,1252,1249,1253,1221,1255,1261,1222,1256,1259,1257,1263,31,1260,37,1224,2,1258,1236,1234,1231,1235,1232,72,1233,1230,7,10,1205,51,49,63,1237
1244: 1223,1225,1248,1246,74,26,1204,8,64,56,66,61,83,78,86,1251,1219,1254,1250,1252,1249,1253,1255,1261,1247,1222,1240,1256,1245,1259,1257,1220,1263,31,1260
1245: 1261,1247,1222,1240,1256,1259,1257,1220,1263,31,1260,1244,1246,74,78,90,42,95,23,1251,1219,1254,1249,1253,1255,22,57,92,1262,1242,1206,1258,1236,1234,1231,1235,1232,72,1233,1230,99,1238,76
1246: 1223,1244,1225,1248,74,26,1204,8,64,56,66,61,83,78,86,1251,1219,1254,1250,1252,1249,1253,1221,1255,1261,1247,1222,1240,1256,1245,1259,1257,1220,1263,31,1260
1247: 1261,1222,1240,1256,1245,1259,1257,1220,1263,31,1260,1223,1244,1225,1248,1246,74,78,90,42,95,23,1251,1219,1254,1250,1252,1249,1253,1255,22,57,92,1262,1242,1206,1258,1234,1231,1235,1232,72,1233,1230,99,76
1248: 1223,1244,1225,1246,74,26,1204,8,64,56,66,9,61,83,78,86,1251,1219,1254,1250,1249,1253,1261,1247,1222,1240,1256,1220,1263
1249: 1251,1219,1254,1250,1252,1253,1221,1255,83,1223,1244,1225,1248,1246,74,78,86,1261,1247,1222,1240,1256,1245,1259,1257,1220,1263,31,1260,37,1224,2,1241,1262,1242,1243,1206,1258,1236,1234,1231,1235,1232,72,1233,1230
1250: 1251,1219,1254,1252,1249,1253,1221,1255,83,1223,1244,1225,1248,1246,74,78,86,1261,1247,1222,1240,1256,1259,1257,1220,1263,31,1260,37,1224,2,1241,1262,1242,1243,1206,1258,1236,1234,1231,1235,1232,72,1230
1251: 1219,1254,1250,1252,1249,1253,1221,1255,83,1223,1244,1225,1248,1246,74,78,86,1261,1247,1222,1240,1256,1245,1259,1257,1220,1263,31,1260,37,1224,2,1241,1262,1242,1243,1206,1258,1234,1231,1235,1232,72,1230
1252: 1251,1219,1254,1250,1249,1253,1221,1255,83,1223,1244,1225,1246,74,78,86,1261,1247,1222,1240,1256,1259,1257,1220,1263,31,1260,37,1224,2,1241,1262,1242,1243,1206,1258,1236,1234,1231,1235,1232,72,1233,1230
1253: 1251,1219,1254,1250,1252,1249,1221,1255,83,1223,1244,1225,1248,1246,74,78,86,1261,1247,1222,1240,1256,1245,1259,1257,1220,1263,31,1260,37,1224,2,1241,1262,1242,1243,1206,1258,1236,1234,1231,1235,1232,72,1233,1230
1254: 1251,1219,1250,1252,1249,1253,1221,1255,83,1223,1244,1225,1248,1246,74,78,86,1261,1247,1222,1240,1256,1245,1259,1257,1220,1263,31,1260,37,1224,2,1241,1262,1242,1243,1206,1258,1236,1234,1231,1235,1232,72,1233,1230
1255: 1251,1219,1254,1250,1252,1249,1253,1221,83,1223,1244,1225,1246,74,78,86,1261,1247,1222,1240,1256,1245,1259,1257,1220,1263,31,1260,37,1224,2,1241,1262,1242,1243,1206,1258,1236,1234,1231,1235,1232,72,1233,1230
1256: 1261,1247,1222,1240,1245,1259,1257,1220,1263,31,1260,1223,1244,1225,1248,1246,74,78,42,95,23,1251,1219,1254,1250,1252,1249,1253,1221,1255,22,57,92,1241,1262,1242,1243,1206,1258,1236,1234,1231,1235,1232,72,1233,1230,99,1238,76
1257: 1261,1247,1222,1240,1256,1245,1259,1220,1263,31,1260,1223,1244,1225,1246,74,78,90,42,95,23,1251,1219,1254,1250,1252,1249,1253,1221,1255,22,57,92,1241,1262,1242,1243,1206,1258,1236,1234,1231,1235,1232,72,1233,1230,99,1238,76
1258: 1236,1234,1231,1235,1232,72,1233,1230,1251,1219,1254,1250,1252,1249,1253,1221,1255,1261,1247,1222,1240,1256,1245,1259,1257,1220,1263,31,1260,22,57,92,1241,1262,1242,1243,1206,99,1238,76,10,1205,51,49,63,1237,1239,38
1259: 1261,1247,1222,1240,1256,1245,1257,1220,1263,31,1260,1244,1225,1246,74,78,90,42,95,23,1251,1219,1254,1250,1252,1249,1253,1221,1255,22,57,92,1241,1262,1242,1243,1206,1258,1236,1234,1231,1235,1232,72,1233,1230,99,1238,76
1260: 1261,1247,1222,1240,1256,1245,1259,1257,1220,1263,31,1223,1244,1225,1246,74,78,42,95,23,1251,1219,1254,1250,1252,1249,1253,1221,1255,22,57,92,1241,1262,1242,1243,1206,1258,1236,1234,1231,1235,1232,72,1233,1230,99,1238,76
1261: 1247,1222,1240,1256,1245,1259,1257,1220,1263,31,1260,1223,1244,1225,1248,1246,74,78,42,95,23,1251,1219,1254,1250,1252,1249,1253,1221,1255,22,57,92,1241,1262,1242,1243,1206,1258,1236,1234,1231,1235,1232,72,1233,1230,99,1238,76
1262: 1241,1242,1243,1206,86,1251,1219,1254,1250,1252,1249,1253,1221,1255,1261,1247,1222,1240,1256,1245,1259,1257,1220,1263,31,1260,37,1224,2,1258,1236,1234,1231,1235,1232,72,1233,1230,7,10,1205,51,49,63,1237,1239
1263: 1261,1247,1222,1240,1256,1245,1259,1257,1220,31,1260,1223,1244,1225,1248,1246,74,78,42,95,23,1251,1219,1254,1250,1252,1249,1253,1221,1255,22,57,92,1241,1262,1242,1243,1206,1258,1234,1231,1235,1232,72,1233,1230,99,76