1574: 1605,480,1337,1521
1390: 
1068: 1069,1067,237,1063,1065
1141: 1100,577
1543: 1349,1482,1578,1388,1554,1479,1501,1376
566: 405,495
949: 
1581: 1562,1397,1458
1445: 1400,1454,1530,1586,1391
1126: 1011,1020,1162,153,1128,1136,1037
977: 590
1519: 1564,1531,1557,1419,1558,1537,1450,1476,1430,1479
1373: 1506,1478,1467,1365,1476,1430,1554,1479,1379,1394,1415,1345,1317,1431,1346,1426,1316,323
1572: 1527
1394: 1379,1415,1365,1525,1459,1467,1373,985,1345,1317,1431,1346,1448,1393,1426,323
15: 582
754: 69
1459: 1525,1365,1456,1387,1379,1394,1415,985,1345,1317,1431,1346,1448
1509: 1357,985,1345,1317,1431,1346,1448,1393,1426,1561,1526,1472,1428
583: 
1566: 1536,1502
1376: 1501,1554,1479,1349,1543,1506,1478,1464,1316,323,1425,1461,1474,1514
900: 576
1520: 1495,1456,1387
1337: 1521,1574,1605,1326,552
1383: 1483,1435
643: 
1393: 1464,1426,1316,323,1394,1415,1506,1478,1467,1501,1345,1317,1431,1346,1448,1425,1461,1509,1357,1472,1395
1602: 1532
29: 
562: 
740: 
1174: 1062
822: 1487,1404,1503,985,1561,1526
947: 
563: 
985: 1456,1387,1525,1459,1394,1415,1345,1317,1431,1346,1448,822,1487,1561,1526,1509,1357
1450: 1583,1603,1519,1564,1531,1557,1419,1578,1388,1476,1430,1554,1479,1482
1434: 1512
1556: 1475,1575,1576
995: 
551: 
1532: 1602
957: 
1540: 1558,1537,959,1499,1571
1367: 233
961: 547
766: 
1456: 1387,1520,1495,1525,1459,985
968: 
1587: 1606,917
929: 
939: 555
905: 1453
1461: 1425,1501,1376,1464,1393,1426,1316,323,1474,1514,1472,1395,1436
552: 1326,1337,1521,1268,1499,1571,959
572: 
1506: 1478,1467,1373,1476,1430,1554,1479,1501,1376,1431,1346,1464,1393,1426,1316,323,1425
560: 
1410: 1428,1489,1472,1395,1460,1399,1452,61,1398
1479: 1554,1519,1564,1531,1557,1419,1450,1578,1388,1476,1430,1349,1482,1543,1506,1478,1467,1373,1501,1376
61: 1398,1489,1410,1460,1399,1452,1429,1444,1539
839: 
558: 
1527: 1572
1495: 1520,952,1456,1387
1582: 1569,851,476
922: 
589: 
69: 754
1600: 1589
598: 1114,153,1128,1136,1037
1202: 492
1128: 153,1136,1037,1114,598,1126,1011,1020,1162
587: 518
607: 
1571: 1499,1424,1326,552,1540,1558,1537,959,952,1496
569: 
996: 586
854: 
605: 227
916: 472
1172: 
1605: 1574,480,1337,1521
591: 
926: 
1487: 822,1404,1503,985,1561,1526
1513: 1548
1429: 1436,1460,1399,1452,61
944: 
582: 15
1295: 
948: 
1349: 1482,1543,1578,1388,1554,1479,1501,1376
1064: 1088,415,166,1015
588: 
1253: 1278
994: 986
1518: 
1496: 952,1499,1571,1424,1537,959
1266: 1151
593: 541
1426: 1464,1393,1316,323,1394,1415,1506,1478,1467,1373,1501,1345,1317,1431,1346,1448,1425,1461,1509,1357,1472,1395
544: 592
908: 564
1606: 1587,917
955: 
1346: 1345,1317,1431,1448,1525,1459,1394,1415,1506,1478,1467,1373,985,1464,1393,1426,1316,323,1509,1357,1472
906: 
659: 
581: 
1539: 61,1398,1444,1409,1551,1414
932: 
575: 
993: 
1475: 1575,1556,1576
851: 1528,1582,1569,137,1608,476
1395: 1464,1393,1426,1316,323,1425,1461,1474,1514,1472,1436,1410,1399,1452
1428: 1489,1410,1509,1357,1472,1323,1460,1399,1452,1398
119: 
1278: 1253
1387: 1456,1520,1495,1525,1459,985
1316: 1464,1393,1426,323,1415,1506,1478,1467,1373,1501,1376,1345,1317,1431,1346,1425,1461,1395
1604: 853
1458: 1397,1562,1581,997
1483: 1383
975: 
911: 
555: 939
597: 1551,1470,1414
979: 937
988: 
963: 
1535: 
1465: 
951: 511
1348: 1402
137: 1608,1528,851
592: 544
1063: 237,1065,1069,1067,1068,1066,1083
1562: 1581,1397,1458
1569: 1582,851,476
986: 994
559: 901
586: 996
903: 1588
1589: 1600
596: 962
1359: 
557: 
580: 413
894: 
978: 
153: 1128,1136,1037,1114,598,1126,1011,1020,1162
980: 918
1151: 1266
568: 
157: 1588
965: 311,1005
1413: 1453
902: 
556: 
1503: 1404,1488,822,1487
1430: 1476,1519,1564,1531,1557,1419,1450,1365,1554,1479,1379,1506,1478,1467,1373
1114: 598,275,153,1128,1136,1037
594: 
166: 1015,1088,1064
820: 
168: 238,682
700: 1009
1528: 1592,851,137,1608
171: 
550: 
1547: 1580
574: 
940: 
1065: 237,1063,1069,1067,1068,1066,1083
1399: 1460,1452,1472,1395,1428,1489,1410,1429,61,1398
923: 
1062: 1174
1053: 
901: 559
1436: 1425,1461,1474,1514,1395,1452,1429
1588: 157,903
992: 
1290: 454
1336: 460,445
967: 
573: 
547: 961
976: 
919: 
1415: 1379,1394,1365,1525,1459,1478,1467,1373,985,1345,1317,1431,1346,1448,1393,1426,1316,323
1565: 1585,482,1530
590: 977
1464: 1393,1426,1316,323,1506,1478,1501,1376,1345,1317,1431,1346,1425,1461,1472,1395
1514: 1474,1501,1376,1425,1461,1395,1436
962: 596
927: 
1578: 1388,1583,1603,1450,1554,1479,1349,1482,1543
584: 
934: 
1531: 1519,1564,1557,1419,1558,1537,1583,1603,1450,1476,1430,1554,1479
953: 
1197: 
973: 
206: 
982: 
1357: 1509,985,1345,1317,1431,1346,1448,1393,1426,1561,1526,1472,1428
924: 
1453: 1413,905
1424: 1499,1571,1558,1537,959,952,1496
990: 958
578: 
1341: 1477,457
1149: 1184
1388: 1578,1583,1603,1450,1554,1479,1349,1482,1543
1502: 1536,1566
914: 
1419: 1519,1564,1531,1557,1558,1537,1450,1476,1430,1554,1479
1011: 1126,1020,1162,153,1128,1136,1037
1607: 232
925: 
1521: 1337,1574,1605,1326,552
1100: 1141,577
1489: 1428,1410,1472,1323,1460,1399,1452,61,1398
941: 
227: 605
912: 
950: 
943: 
1443: 1598,456
232: 1607
233: 1488,1367
1551: 1470,1414,1539,1409,597
1404: 1503,1488,822,1487
579: 
237: 1063,1065,1069,1067,1068,1066,1083
238: 168,682
920: 
1379: 1394,1415,1365,1476,1430,1525,1459,1467,1373,1345,1317,1431
599: 
1580: 1547,456
243: 
1476: 1430,1519,1564,1531,1557,1419,1450,1365,1554,1479,1379,1506,1478,1467,1373
971: 
972: 
1557: 1519,1564,1531,1419,1558,1537,1450,1476,1430,1554,1479
1583: 1603,487,448,1531,1450,1578,1388
1585: 1565,482,1530
1402: 1348
1576: 457,1475,1575,1556
1345: 1317,1431,1346,1448,1525,1459,1379,1394,1415,1467,1373,985,1464,1393,1426,1316,323,1509,1357,1472
1526: 1561,985,822,1487,1509,1357,1323
1512: 1434
255: 326
942: 
571: 
1478: 1506,1467,1373,1365,1476,1430,1554,1479,1415,1501,1376,1431,1346,1464,1393,1426,1316,323,1425
1501: 1376,1554,1479,1349,1543,1506,1478,1467,1464,1393,1426,1316,323,1425,1461,1474,1514
1563: 997
928: 414
1499: 1571,1424,1326,552,1540,1558,1537,959,952,1496
567: 
264: 
909: 419
1467: 1506,1478,1373,1365,1476,1430,1554,1479,1379,1394,1415,1501,1345,1317,1431,1346,1393,1426,1316,323
267: 
998: 
853: 1604
585: 
887: 
1525: 1459,1365,1456,1387,1379,1394,1415,985,1345,1317,1431,1346,1448
915: 
1009: 700
275: 1066,1114
959: 1540,1558,1537,1326,552,1499,1571,1424,952,1496
913: 
1608: 137,1528,851
892: 
1088: 1064,415,166,1015
281: 
958: 990
553: 
1474: 1514,1501,1376,1425,1461,1395,1436
1365: 952,1476,1430,1525,1459,1379,1394,1415,1478,1467,1373
1530: 482,1400,1585,1565,1445
682: 238,168
720: 509
960: 
984: 
952: 1496,1499,1571,1424,1558,1537,959,1495,1365
595: 
1561: 1526,985,1448,822,1487,1509,1357,1323
1435: 1383
672: 
999: 411
1162: 1126,1011,1020,153,1128,1136,1037
298: 
1470: 1551,1414,1409,597
300: 
956: 
1414: 1551,1470,1539,1409,597
933: 
904: 
1015: 166,1088,1064
1066: 1083,1069,1067,237,1063,1065,275
549: 
991: 
1268: 1326,552,487,448
1454: 1400,1323,1445,1515
311: 1005,965
554: 
313: 338
1536: 1502,1566
548: 
1448: 1345,1317,1431,1346,1525,1459,1394,1415,985,1393,1426,1561,1509,1357,1472
989: 
1069: 1067,1068,237,1063,1065,1066,1083
1601: 1590
545: 930
576: 900
945: 
323: 1464,1393,1426,1316,1394,1415,1506,1478,1467,1373,1501,1376,1345,1317,1431,1346,1425,1461,1395
981: 
946: 
326: 255
327: 
1161: 492
570: 
1037: 153,1128,1136,1114,598,1126,1011,1020,1162
1592: 1528
918: 980
1184: 1149
1425: 1461,1506,1478,1501,1376,1464,1393,1426,1316,323,1474,1514,1395,1436
1323: 1561,1526,1428,1489,1400,1454
1020: 1126,1011,1162,153,1128,1136,1037
1243: 492
338: 313
1460: 1399,1452,1428,1489,1410,1429,61,1398
840: 
938: 
966: 
1391: 1445,1515,1586
937: 979
1477: 1341,457
921: 
347: 1504
1326: 552,1337,1521,1268,487,1499,1571,1558,1537,959
1400: 1454,1323,1530,1445,1515
997: 1563,1397,1458
1482: 1349,1543,1450,1578,1388,1554,1479
917: 1587,1606
1515: 1400,1454,1444,1391
1537: 1540,1558,959,1326,1499,1571,1424,952,1496,1519,1564,1531,1557,1419
546: 
1067: 1069,1068,237,1063,1065,1066,1083
970: 
1603: 1583,487,448,1531,1450,1578,1388
1488: 1404,1503,233
1452: 1460,1399,1395,1436,1428,1489,1410,1429,61,1398
627: 1586
1431: 1345,1317,1346,1448,1525,1459,1379,1394,1415,1506,1478,1467,1373,985,1464,1393,1426,1316,323,1509,1357,1472
931: 
565: 
1504: 347
1005: 311,965
561: 477
1472: 1345,1317,1431,1346,1448,1464,1393,1426,1461,1509,1357,1395,1428,1489,1410,1399
964: 
1398: 61,1428,1489,1410,1460,1399,1452,1444,1539
1317: 1345,1431,1346,1448,1525,1459,1379,1394,1415,1467,1373,985,1464,1393,1426,1316,323,1509,1357,1472
954: 
1575: 1475,1556,1576
1590: 1601
1444: 61,1398,1515,1539
1558: 1540,1537,959,1326,1499,1571,1424,952,1519,1564,1531,1557,1419
1548: 1513
564: 908
817: 
1586: 1445,1391,627
969: 
382: 
1136: 153,1128,1037,1114,598,1126,1011,1020,1162
1554: 1479,1564,1531,1557,1419,1450,1578,1388,1476,1430,1349,1482,1543,1506,1478,1467,1373,1501,1376
987: 
935: 
1397: 1458,1562,1581,997
1083: 1066,1069,1067,237,1063,1065
974: 419
907: 
1598: 1443,456
930: 545
577: 1141,1100
983: 
865: 
1409: 1539,1551,1470,1414
1564: 1519,1531,1557,1419,1558,1537,1450,1476,1430,1554,1479
910: 
936: 
400: 
401: 
402: 416
403: 484
404: 
405: 566
406: 458
407: 
408: 
409: 
410: 
411: 999
412: 
413: 580
414: 928
415: 1088,1064
416: 510,402
417: 
418: 
419: 909,425,974
420: 
421: 
422: 
423: 
424: 
425: 419
426: 
427: 
428: 
429: 
430: 
431: 
432: 
433: 
434: 
435: 
436: 
437: 
438: 
439: 
440: 
441: 
442: 
443: 
444: 
445: 1336
446: 
447: 
448: 1268,487,1583,1603
449: 
450: 
451: 
452: 
453: 
454: 1290
455: 
456: 1580,1598,1443
457: 1477,1341,1576
458: 406
459: 
460: 1336
461: 
462: 
463: 
464: 
465: 
466: 
467: 
468: 
469: 
470: 
471: 
472: 916
473: 
474: 
475: 
476: 1582,1569,851
477: 561
478: 
479: 
480: 1574,1605
481: 
482: 1585,1565,1530
483: 
484: 403
485: 
486: 
487: 1268,1326,448,1583,1603
488: 
489: 
490: 
491: 
492: 1202,1243,1161
493: 
494: 
495: 566
496: 
497: 
498: 
499: 
500: 
501: 
502: 
503: 
504: 
505: 
506: 
507: 
508: 
509: 720
510: 416
511: 951
512: 
513: 
514: 
515: 
516: 
517: 
518: 587
519: 
520: 
521: 
522: 
523: 532
524: 
525: 
526: 
527: 
528: 
529: 
530: 
531: 
532: 523
533: 
534: 
535: 
536: 
537: 
538: 
539: 
540: 
541: 593
542: 
543: 