1574: 1605,1615,1616,1626
543: 
1068: 1632,1656,1630,1655,1659,1653,1654,1657,1658,1640
1141: 1634,1631,1656,1100,949
1543: 1349
566: 
949: 1141,1100
1581: 1562
1445: 1530,233,347,1586
1126: 1162,1611,1621,1011,1614,153,1622,1128,1136,1617,1635,1037,1613,1610
977: 
1519: 1564,1531,1373,1467,1450,1479,1554,1476,1430,1478,1506
1373: 1540,1467,1499,1571,1519,1564,1531
1572: 1527,902,456
1394: 1379,1415,1365,1459,1525,1345,1317,1346,1426,1316,323,1431
535: 
754: 69
1459: 1525,487,1557,1419,985,1561,1526,1379,1394,1415,1365
1509: 1357,1345,1428,1489
583: 
1619: 1627,1645,1636,1640,1624,1638,1639,1646,1644
1376: 1501,1514,1474,1452,994
900: 
1520: 1424,1637,1495,552
1337: 1521,1649,1651,1647,1650,1652,1197,1648,492,1243,478
500: 553
520: 
1393: 1346,1426,1316,323,1431,1415,1345,1317,1425,1461,1395
1602: 1532,1341,1477
1623: 1066,1618,1063,1065,1609,1083,1615,1616,1062,1174
562: 
509: 
1174: 1172,1053,1062,1066,1623,1616,1614,153,1650,1652
822: 1487,1503,1404,1561,1526
947: 
563: 
985: 1499,1571,1557,1419,1459,1525,487
1450: 1479,1554,1519,1564,1531,1476,1430,1478,1506
1434: 445,1512
1556: 1576
995: 
551: 560
1532: 1602
957: 983
1540: 1373,1467,1499,1571
1367: 1197,1648
961: 
495: 
1456: 1387,952,1557,1419,1503,1404
968: 
1587: 1606
929: 
939: 
905: 
1461: 1425,1346,1393,1426,1316,323,1431,1395
552: 1495,1520
572: 
1506: 1476,1430,1478,1519,1564,1531,1450
560: 551
504: 
1479: 1450,1554,1519,1564,1531
61: 1460,1399,1398
539: 
558: 
1527: 1572,456
1495: 552,1424,1637,1520
1582: 1569
922: 
589: 460
69: 754
1600: 1589,556
598: 531
1202: 1649,1647
1128: 1622,1136,1617,1635,1626,1614,153,1037,1613,1162,1611,1621,1011,1126,1610
587: 
515: 972
1571: 1499,952,1540,1373,1467,1557,1419,985
569: 
996: 545
854: 
605: 
916: 580
1172: 1062,1174
1605: 1574,1615,1616,1626
591: 
926: 
1487: 822,1404,1561,1526
1513: 1548
532: 
944: 
582: 
1295: 1610
948: 
1349: 1543
1064: 1088
588: 490
1253: 1278
994: 1376,1501,1514,1474,1452
1518: 952
1496: 1660,1268,1326
1266: 1151,991
593: 
1426: 1346,1393,1316,323,1431,1394,1415,1345,1317,1425,1461,1395
544: 
908: 
1606: 1587
955: 
1346: 1393,1426,1316,323,1431,1379,1394,1415,1345,1317,1425,1461,1395
906: 
1635: 1622,1128,1136,1617,1626,1614,153,1037,1613,1162,1611,1621,1011,1126,1610
581: 
498: 
932: 
575: 
993: 
1646: 1624,1638,1639,1644,1640,1619,1627,1645,1636
531: 598
1395: 1346,1393,1426,1316,323,1431,1425,1461
1428: 1489,1509,1357,1398
513: 
1278: 1253
1387: 952,1456,1557,1419
1316: 1346,1393,1426,323,1431,1394,1415,1345,1317,1425,1461,1395
1604: 853,915
1458: 1397,1598,1443,448
506: 
975: 
911: 962,596
555: 
597: 
979: 
988: 
963: 
1535: 
538: 
951: 
1348: 1402,420
536: 
592: 
1063: 1618,1065,1609,1083,1612,1067,1069,1620,1615,1623,1616
1562: 1581
1569: 1582
986: 
559: 
586: 
903: 
1589: 1600,556
596: 962,911
1359: 478
557: 311,1005,1625,1633,1629
580: 916
537: 
978: 
153: 1614,1062,1174,1622,1128,1136,1617,1635,1162,1611,1621,1011,1126
980: 
1151: 1266,991
568: 
157: 1588
965: 311,1005,237,1625,1633,1629
1413: 1453,412
902: 1502,1572,1536
556: 1600,1589
1503: 1404,1456,822
1430: 1476,1478,1506,1519,1564,1531,1450,1379,1365
541: 
594: 
166: 1015,1634,1631,1656
820: 521
507: 
700: 1009,454,442
1528: 1592,574
519: 
550: 510
1547: 1580
574: 1528,1592
940: 502
1065: 1618,1063,1609,1083,1612,1067,1069,1620,1615,1066,1623,1616
1399: 1460,61
923: 
1062: 1172,1053,1174,1066,1623,1616,1614,153,1650,1652
1053: 1062,1174
901: 
501: 
1588: 157
992: 
1290: 
534: 
967: 
573: 
547: 
976: 
919: 
1415: 1379,1394,1365,1459,1525,1345,1317,1346,1393,1426,1316,323,1431
1565: 1585
590: 
1625: 237,311,1005,557,1633,1629,965,1612,1067
1514: 1501,1474,1376,1452,994
962: 596,911
927: 
1578: 1388
584: 
934: 
1531: 1519,1564,1373,1467,1450,1479,1554,1476,1430,1506
953: 
1197: 1648,1521,1337,1651,1367
973: 
517: 484,403
982: 
1357: 1509,1345,1317,1428,1489
924: 
1453: 1413,412
1424: 1637,1520,1495
990: 
578: 
1341: 1477,1602
1149: 1184
1388: 1558,1537,1578
1502: 902,1536
914: 
1419: 1557,1387,1571,1456,985,1459,1525,487
1011: 1162,1611,1621,1126,1614,153,1622,1128,1136,1617,1635,1037,1613,1610
1607: 232
925: 440
1521: 1337,1649,1651,1647,1650,1652,1197,1648,492
1100: 1634,1631,1656,1630,1655,1653,1654,1657,1658,1141,949
1489: 1428,1509,1357,1398
941: 
1659: 1630,1655,1653,1654,1657,1658,1632,1068,1656,1640,1624,1638,1639
912: 
950: 
943: 459
1443: 1598,448,456,1397,1458
232: 1607
233: 1454,1323,1445,1530
1551: 1414
1404: 1503,1456,822,1487
579: 
237: 1625,311,1005,1633,1629,965,1612,1067
508: 
920: 
1379: 1394,1415,1365,1459,1525,487,1476,1430,1345,1317,1346,323,1431
599: 
1580: 1547
514: 
1476: 1430,1478,1506,1519,1564,1531,1450,1379,1365
971: 
972: 515
1557: 1419,1387,1571,1456,985,1459,1525,487
1583: 1603,480
1585: 1565
1402: 1348,420
1576: 1556
1345: 1317,1379,1394,1415,1365,1346,1393,1426,1316,323,1431,1509,1357
1526: 1561,1459,1525,822,1487
1512: 445,1434
512: 540
942: 
571: 
1478: 1476,1430,1506,1519,1564,1450
1501: 1514,1474,1376,1452,994
1563: 
928: 
1499: 1571,952,1540,1373,1467,985
567: 
528: 
909: 
1467: 1540,1373,1499,1571,1519,1564,1531
524: 
998: 
853: 1604,915
585: 
523: 
1525: 1459,487,1557,1419,985,1561,1526,1379,1394,1415,1365
915: 853,1604
1009: 700,454,442
533: 
959: 475
913: 488
530: 
496: 
1088: 1064
522: 997
958: 
553: 500
1474: 1501,1514,1376,1452,994
1365: 1379,1394,1415,1459,1525,487,1476,1430,1345,1317,1431
1530: 1445,233,347,1586
510: 550
542: 
960: 
984: 
952: 1518,1387,1499,1571,1456
595: 
1561: 1526,1459,1525,822,1487
505: 
521: 820
999: 
1162: 1611,1621,1011,1126,1614,153,1128,1136,1617,1635,1613,1610,492
518: 
1470: 1391
502: 940
956: 
1414: 1551
933: 
904: 
1015: 166,1634,1631,1656
1066: 1623,1618,1065,1083,1615,1616,1062,1174
549: 
991: 1151,1266
1268: 1326,1496,1660,1558,1537
1454: 1323,233
311: 1005,557,237,1625,1633,1629,965
554: 
497: 
1536: 902,1502
548: 
526: 
989: 
1069: 1620,1612,1067,1618,1063,1065,1609,1083,1615
1601: 1590
545: 996
576: 
945: 
323: 1346,1393,1426,1316,1431,1379,1394,1415,1345,1317,1425,1461,1395
981: 
946: 
516: 
1637: 1558,1424,1520,1495
1161: 
570: 
1037: 1613,1626,1622,1128,1136,1617,1635,1611,1011,1126,1610
1592: 1528,574
918: 
1184: 1149
1425: 1461,1346,1393,1426,1316,323,1431,1395
1323: 1454,233
1621: 1162,1611,1011,1126,1614,153,1128,1136,1617,1635,1613,1610,492
1243: 1337,1649,1647
499: 
1460: 1399,1398,61
840: 
938: 
966: 
1391: 1470
937: 
1477: 1341,1602
921: 
347: 1445,1530,1586
1326: 1268,1496,1660,1558
540: 512
997: 522
503: 
917: 
1626: 1574,1605,1614,1622,1128,1136,1617,1635,1037,1613
1537: 1558,1268,1388
546: 
1067: 1612,237,1625,1069,1620,1618,1063,1065,1609,1083
970: 
1603: 1583,480
1488: 
1452: 1376,1501,1514,1474,994
627: 
1431: 1346,1393,1426,1316,323,1379,1394,1415,1365,1345,1317,1425,1461,1395
931: 
565: 
529: 491,430
1005: 311,557,237,1625,1633,1629,965
561: 
1624: 1638,1639,1646,1644,1630,1655,1659,1657,1640,1619,1627,1645,1636
964: 
1398: 1428,1489,1460,61
1317: 1345,1379,1394,1415,1365,1346,1393,1426,1316,323,1431,1357
954: 
1575: 1642,1641,1643
1590: 1601
1622: 1128,1136,1617,1635,1626,1614,153,1037,1613,1611,1011,1126,1610
1558: 1537,1268,1326,1388,1637
1548: 1513
564: 
511: 
1586: 1445,1530,347
969: 
527: 459
1136: 1622,1128,1617,1635,1626,1614,153,1037,1613,1162,1611,1621,1011,1126,1610
1554: 1450,1479,1519,1564,1531
987: 
935: 
1397: 1458,1598,1443,448
1083: 1618,1063,1065,1609,1612,1067,1069,1620,1615,1066,1623,1616
974: 446
907: 
1598: 1443,448,456,1397,1458
930: 
577: 
983: 957
525: 
1409: 
1564: 1519,1531,1373,1467,1450,1479,1554,1476,1430,1478,1506
910: 
936: 
400: 
401: 
402: 
403: 517
404: 
405: 
406: 
407: 
408: 
409: 
410: 
411: 
412: 1413,1453
413: 489
414: 
415: 
416: 
417: 
418: 
419: 
420: 1348,1402
421: 
422: 
423: 
424: 
425: 
426: 
427: 
428: 
429: 
430: 529
431: 
432: 
433: 
434: 
435: 
436: 
437: 
438: 
439: 
440: 925
441: 477
442: 700,1009,454
443: 472
444: 
445: 1512,1434
446: 974
447: 
448: 1598,1443,456,1397,1458
449: 
450: 
451: 
452: 
453: 
454: 700,1009,442
455: 
456: 1572,1527,1598,1443,448
457: 
458: 
459: 943,527
460: 589
461: 
462: 
463: 
464: 
465: 
466: 
467: 
468: 
469: 
470: 
471: 
472: 443
473: 
474: 
475: 959
476: 
477: 441
478: 1337,1649,1647,492,1359
479: 
480: 1583,1603
481: 
482: 
483: 
484: 517
485: 
486: 
487: 1459,1525,1557,1419,985,1379,1365
488: 913
489: 413
490: 588
491: 529
492: 1650,1652,1162,1621,1521,1337,1649,1647,478
493: 
494: 
1609: 1618,1063,1065,1083,1612,1067,1069,1620,1615,1623,1616
1610: 1295,1622,1128,1136,1617,1635,1037,1613,1162,1611,1621,1011,1126
1611: 1162,1621,1011,1126,153,1622,1128,1136,1617,1635,1037,1613,1610
1612: 1067,237,1625,1069,1620,1618,1063,1065,1609,1083
1613: 1037,1626,1622,1128,1136,1617,1635,1162,1611,1621,1011,1126,1610
1614: 153,1626,1062,1174,1622,1128,1136,1617,1635,1162,1621,1011,1126
1615: 1069,1620,1618,1063,1065,1609,1083,1574,1605,1066,1623,1616
1616: 1618,1063,1065,1609,1083,1615,1574,1605,1066,1623,1062,1174
1617: 1622,1128,1136,1635,1626,1614,153,1037,1613,1162,1611,1621,1011,1126,1610
1618: 1063,1065,1609,1083,1612,1067,1069,1620,1615,1066,1623,1616
1620: 1069,1612,1067,1618,1063,1065,1609,1083,1615
1627: 1619,1645,1636,1640,1624,1638,1639,1646,1644
1636: 1619,1627,1645,1640,1624,1638,1639,1646,1644
1629: 1633,311,1005,557,237,1625,965
1630: 1655,1659,1653,1654,1657,1658,1632,1068,1656,1640,1100,1624,1638,1639
1631: 1634,166,1015,1656,1141,1100
1632: 1068,1656,1630,1655,1659,1653,1654,1657,1658,1640
1633: 1629,311,1005,557,237,1625,965
1634: 1631,166,1015,1656,1141,1100
1638: 1624,1639,1646,1644,1630,1655,1659,1653,1657,1640,1619,1627,1645,1636
1639: 1624,1638,1646,1644,1630,1655,1659,1640,1619,1627,1645,1636
1640: 1632,1068,1630,1655,1659,1657,1619,1627,1645,1636,1624,1638,1639,1646,1644
1641: 1643,1575,1642
1642: 1575,1641,1643
1643: 1641,1575,1642
1644: 1624,1638,1639,1646,1640,1619,1627,1645,1636
1645: 1619,1627,1636,1640,1624,1638,1639,1646,1644
1647: 1521,1337,1649,1651,1650,1652,1648,492,1202,1243,478
1648: 1197,1650,1652,1521,1337,1649,1651,1647,1367
1649: 1521,1337,1651,1647,1650,1652,1648,492,1202,1243,478
1650: 1652,1062,1174,1648,1521,1337,1649,1651,1647,492
1651: 1521,1337,1649,1647,1650,1652,1197,1648
1652: 1650,1062,1174,1648,1521,1337,1649,1651,1647,492
1653: 1630,1655,1659,1654,1657,1658,1632,1068,1656,1100,1638
1654: 1630,1655,1659,1653,1657,1658,1632,1068,1656,1100
1655: 1630,1659,1653,1654,1657,1658,1632,1068,1656,1640,1100,1624,1638,1639
1656: 166,1015,1632,1068,1634,1631,1630,1655,1659,1653,1654,1657,1658,1141,1100
1657: 1630,1655,1659,1653,1654,1658,1632,1068,1656,1640,1100,1624,1638
1658: 1630,1655,1659,1653,1654,1657,1632,1068,1656,1100
1660: 1496,1268,1326