1183: 110,1206,1230,1208,1176,1224,1203,1229
784: 
1068: 237,1063,1065,1067,117,1038,1069,1088,1066,1083,1151,1091,1105,278
1141: 1062,1150,1113,1120,1184,1075,1216,1149,1100,1122,1211,1194
796: 
5: 
949: 1049,1015
7: 21,313
1159: 1155,1122,1211,492,1186,1187,1218,1131,1208,1176,1224,1124,1200,1204
1126: 1011,1140,1162,1020,1171,153,1128,1136,1089,1037,598,1007,1139,1134,1219,1236
977: 
11: 244,253
1223: 1053,1091,1105,278,1225,1210,1148,1217,1213,1190,1231
13: 
1113: 1150,1073,1146,1097,1148,1062,1174,1238,1120,1141
15: 199,29
754: 69
17: 
711: 
19: 334
20: 452
21: 825,7
22: 
699: 918
1124: 1159,1155,1218,1131,1208,1176,1224,1200,1227,1228,1204,1203,1229,1153,1221,1181,1237
25: 387
1219: 1236,1126,1140,1166,1007,1139,1134,95
27: 
842: 834,667
29: 15
30: 
740: 134
1188: 1158,1129,1184,1216,1211,748,1186,110,1206,1230,1208,1176,1224
33: 
947: 518
35: 
985: 325
37: 
38: 
868: 
995: 948
875: 
42: 822,56
957: 968
44: 
45: 
961: 736
766: 246
814: 125,63,898
968: 957
859: 
929: 214
52: 285,345,652,939
905: 205
1160: 1007,1139,1134,1140,1162,1020,95
727: 845,662
56: 42,638
811: 200
1122: 1211,1194,1141,1075,1216,1149,1100,492,1158,1129,1186,1159,1155
1216: 1075,1149,1100,1141,1184,1122,1211,1194,748,1158,1129,1188,1186
792: 
61: 105
839: 
63: 814,898
64: 960
65: 
698: 864
922: 
869: 887
69: 754
837: 1027
1153: 1221,1181,1237,1208,1224,1124,1227,1204,1203,1229
1109: 410,1184,748,110
1128: 153,1136,1089,1037,1114,1074,1171,598,1126,1011,1140,1162,1020
799: 
75: 
864: 698
77: 781,208,794
996: 
854: 659
1007: 1160,1139,1134,1126,1011,1140,1162,1020,1219,1236,95
916: 
1172: 1225,1210,278,1232,1171,1190
1215: 1107,1120,1184
1200: 1227,1228,1204,1159,1132,1187,1218,1233,1131,1124,1221,1181
1181: 1153,1221,1237,1208,1224,1124,1200,1227,1228,1204,1203,1229
1235: 1066,1083,1088,531,237,1065,1091,1105,278,1209,1118,275
87: 243
794: 208,77,781
944: 
90: 
1211: 1122,1194,1141,1075,1216,1149,1100,492,1158,1129,1188,1186,1159,1155
948: 995
1158: 1129,1188,1184,1075,1216,1149,1122,1211,748,1186,110,1206,1230,1208,1176
1064: 166,1015,117,1038,1069,1088
95: 1007,1160,1139,1134,1219,1236
891: 
994: 
98: 345,643
1238: 1148,1150,1113,1197,1201
100: 496,219
1228: 1200,1227,1204,1132,1187,1218,1233,1131,1124,1181
102: 
872: 
908: 560,422,564
105: 61
955: 
1225: 1210,1172,1091,1105,278,1114,1223,1232,1171,1217,1213,1190,1231
906: 
704: 
110: 1109,410,748,1158,1129,1188,1206,1230,1183
845: 727
932: 510
1155: 1159,1122,1211,492,1192,1186,1187,1218,1131,1176,1124
1048: 598
115: 764
851: 137
117: 1038,1015,166,1064,1028,1030,1069,1088,237,1063,1068,1067
1030: 1028,1049,1015,311,1005,117,1038
119: 
120: 
121: 236
122: 
123: 
1209: 278,237,1063,1065,1067,1066,1083,1235,1091,1105,1118,275,1232
125: 814,898
975: 549
911: 
898: 814,125,63
1224: 1208,1176,1188,1159,1230,1124,1183,1203,1229,1153,1221,1181,1237
979: 543
1075: 1216,1149,1100,1120,1141,1184,1122,1211,1194,748,1158,1129,1186
963: 
1186: 1075,1216,1149,1122,1211,1194,492,1158,1129,1188,1159,1155,1176
134: 740
951: 937
1120: 1113,1215,1141,1184,1075,1149,1100
137: 735,851,650
730: 407
1063: 237,1065,1068,1067,117,1038,1069,1088,1066,1083,1091,1105,278,1209
140: 
141: 
986: 487
143: 
1078: 700,1009
903: 491
1097: 1146,1096,1098,1073,1148,1062,1174,1150,1113
1237: 1153,1221,1181,1208,1176,1224,1124,1227,1204,1203,1229
148: 548
149: 
790: 
151: 
978: 594
153: 1128,1136,1089,1037,1114,1118,1074,1232,1171,598,1126,1011,1140,1162,1020
980: 
1151: 1068,1091,1105,1098
156: 923
157: 
965: 1217,1213,1190,1231,1197,1201,1202,1144,1161
1230: 1206,748,1158,1129,1188,110,1208,1176,1224,1183,1203,1229
902: 475
161: 
162: 419
1027: 837
1114: 1118,275,278,1074,1225,1232,1171,153,1128,1136,1089,1037
1204: 1200,1227,1228,1159,1132,1187,1218,1233,1131,1124,1153,1221,1181,1237
166: 1064,1015,117,1038,1069,1088
820: 
168: 238,682
700: 1009,1078
883: 
171: 582
746: 213
173: 
1104: 311,1005,1028
940: 
1065: 237,1063,1068,1067,1038,1069,1088,1066,1083,1235,1091,1105,278,1209
177: 
923: 156
1062: 1174,1137,1073,1146,1097,1096,1150,1113,1141
1053: 1223,1091,1105,278
901: 
182: 298
183: 
992: 953
185: 377,998
870: 
967: 
1233: 1132,1187,1218,1131,492,1192,1234,1200,1227,1228,1204
834: 842,667
976: 587
191: 
803: 
1208: 1176,1224,1158,1188,1159,1206,1230,1124,1183,1203,1229,1153,1221,1181,1237
809: 884
1192: 1234,1144,492,1155,1132,1187,1218,1233,1131
1203: 1229,1206,1230,1208,1176,1224,1124,1183,1153,1221,1181,1237
962: 926
1236: 1219,1126,1140,1162,1166,1007,1139,1134,95
199: 211,384,15
200: 811
201: 
1073: 1137,1098,1146,1097,1096,1062,1174,1150,1113
953: 992
1197: 1201,1238,965,492
205: 905
206: 
982: 
208: 682,794,77,781
924: 
210: 
211: 199
990: 
213: 746
214: 929
1149: 1075,1216,1100,1120,1141,1184,1122,1211,1194,748,1158,1129,1186
1140: 1126,1011,1162,1020,153,1128,1136,1089,1037,598,1007,1160,1139,1134,1219,1236
1098: 1151,1137,1073,1146,1097,1096,1148
914: 
219: 100
1187: 1132,1218,1233,1131,492,1192,1234,1159,1155,1200,1228,1204
866: 294
925: 993
223: 
1100: 1075,1216,1149,1120,1141,1184,1122,1211,1194,748,1129
1118: 1114,275,1235,278,1209,1074,1232,1171,153,1136,1089
941: 
227: 605,338
912: 418,412
950: 
943: 402
706: 
232: 
233: 
234: 
703: 
236: 121
237: 1063,1065,1068,1067,117,1038,1069,1088,1066,1083,1235,1091,1105,278,1209
238: 168,682
920: 
829: 665
241: 
849: 327
243: 87
244: 11,253
971: 
246: 766
247: 652
1105: 1091,237,1063,1065,1068,1067,1066,1083,1235,1151,278,1209,1053,1223,1225,1210
877: 
1129: 1158,1188,1184,1075,1216,1149,1100,1122,1211,1194,748,1186,110,1206,1230,1176
251: 
1148: 1098,1223,1146,1097,1096,1217,1150,1113,1238
253: 11,244
1091: 1105,237,1063,1065,1068,1067,1066,1083,1235,1151,278,1209,1053,1223,1225,1210
255: 326
942: 
1190: 1213,1231,1223,1225,1210,1172,1232,1171,1217,965
844: 604
259: 
260: 
928: 
690: 
1218: 1132,1187,1233,1131,492,1192,1234,1159,1155,1124,1200,1227,1228,1204
264: 
909: 
1096: 1146,1097,1098,1137,1073,1148,1062,1174,1150
267: 688
998: 185
853: 
270: 
887: 869
1089: 153,1128,1136,1037,1114,1118,1074,1232,1171,598,1126,1011,1140
915: 
823: 
275: 1114,1118,1066,1083,1235,278,1209,1074,1232,1171
959: 552
913: 
278: 1209,237,1063,1065,1068,1067,1066,1083,1235,1091,1105,1114,1118,275,1053,1223,1225,1210,1172,1232,1171
892: 756
1144: 1202,1161,965,1201,492,1192,1234
281: 
958: 
764: 115
1038: 117,1015,166,1064,1028,1030,1069,1088,237,1063,1065,1068,1067
285: 345,52
286: 822
723: 524
720: 384
960: 64
984: 
952: 
292: 
1107: 1215
294: 866
672: 
999: 
1162: 1126,1011,1140,1020,153,1128,1136,1037,598,1007,1160,1139,1134,1236
298: 182
299: 
300: 
956: 
1232: 1171,278,1209,1114,1118,275,1074,1225,1210,1172,153,1136,1089,1213,1190,1011
303: 
904: 
1015: 949,166,1064,1028,1030,117,1038,1069,1088
1066: 1083,1235,1069,1088,531,237,1063,1065,1068,1067,1091,1105,278,1209,275
307: 840
991: 586,525
821: 
1028: 1030,1049,1015,311,1005,117,1038,1104
311: 1005,1049,1028,1030,1104
312: 
313: 7
1201: 1197,1238,965,1144,1194,492
315: 644
712: 358
989: 502
1069: 1088,1015,166,1064,117,1038,237,1063,1065,1068,1067,1066,1083
856: 
320: 
825: 697,21
945: 
323: 325,631
981: 
325: 985,631,323
326: 255
327: 331,849
1161: 1144,965,492
1132: 1187,1218,1233,1131,492,1192,1234,1200,1228,1204
1037: 153,1128,1136,1089,1114,1074,1171,598,1126,1011,1140,1162,1020
331: 327
918: 699
1184: 1215,1120,1141,1075,1216,1149,1100,1109,410,748,1158,1129,1188
334: 19
697: 825
1020: 1126,1011,1140,1162,153,1128,1136,1037,1007,1160,1139,1134
1166: 598,1219,1236,411
338: 227,605
339: 
840: 307,597
938: 432
966: 
1221: 1153,1181,1237,1208,1176,1224,1124,1200,1227,1204,1203,1229
937: 951
345: 285,52,98,939
921: 
347: 
348: 
349: 425
997: 
806: 
917: 497
836: 
354: 
355: 
356: 453
970: 
358: 712
359: 
360: 
884: 809
1234: 1192,1144,492,1132,1187,1218,1233
931: 926
759: 
365: 646
1005: 311,1049,1028,1030,1104
1134: 1007,1160,1139,1126,1140,1162,1020,1219,1236,95
1146: 1097,1096,1098,1137,1073,1148,1062,1174,1150,1113
964: 
815: 
371: 
954: 
1131: 1132,1187,1218,1233,492,1192,1159,1155,1124,1200,1227,1228,1204
748: 1184,1075,1216,1149,1100,1109,410,1158,1129,1188,110,1206,1230
710: 
1176: 1208,1224,1158,1129,1188,1186,1159,1155,1206,1230,1124,1183,1203,1229,1221,1237
377: 185
673: 
817: 
688: 267
969: 
382: 
1136: 153,1128,1089,1037,1114,1118,1074,1232,1171,598,1126,1011,1140,1162,1020
384: 720,199
1231: 1213,1190,1223,1225,1210,1217,965
935: 
387: 25
1083: 1066,1235,1069,1088,531,237,1063,1065,1068,1067,1091,1105,278,1209,275
974: 570
907: 
391: 
930: 
1210: 1225,1172,1091,1105,278,1223,1232,1171,1217,1213,1190,1231
983: 
1213: 1190,1231,1223,1225,1210,1232,1171,1217,965
396: 
773: 
910: 
936: 494
400: 471
401: 
402: 943
403: 
404: 
405: 
406: 
407: 730
408: 
409: 
410: 1109,1184,748,110
411: 1166
412: 912
413: 
414: 
415: 
416: 
417: 
418: 912
419: 162
420: 
421: 
422: 908
423: 
424: 
425: 349
426: 
427: 
428: 
429: 530
430: 
431: 
432: 938
433: 
434: 
435: 
436: 
437: 
438: 
439: 
440: 
441: 559
442: 
443: 
444: 576
445: 
446: 
447: 467
448: 552
449: 
450: 
451: 
452: 20
453: 356
454: 
455: 
456: 
457: 
458: 
459: 
460: 
461: 
462: 
463: 
464: 
465: 
466: 
467: 447
468: 474
469: 
470: 
471: 400
472: 
473: 
474: 468
475: 902
476: 
477: 
478: 
479: 
480: 
481: 
482: 
483: 495
484: 
485: 
486: 
487: 986
488: 
489: 
490: 588
491: 903
492: 1197,1201,1202,1144,1161,1122,1211,1194,1192,1234,1186,1159,1155,1132,1187,1218,1233,1131
493: 
494: 936
495: 483
496: 100
497: 917
498: 
499: 
500: 
501: 
502: 989
503: 
504: 
505: 
506: 
507: 
508: 
509: 528
510: 932
511: 
512: 
513: 
514: 
515: 
516: 
517: 
518: 947
519: 
520: 
521: 
522: 
523: 
524: 723
525: 991,586
526: 541
527: 
528: 509,743
529: 
530: 429
531: 1066,1083,1235
532: 
533: 
534: 
535: 557
536: 
537: 
538: 
539: 
540: 
541: 526
542: 
543: 979
544: 
545: 
546: 
547: 
548: 148
549: 975
550: 
551: 
552: 448,959
553: 
554: 
555: 
556: 
557: 535
558: 
559: 441
560: 908,564
561: 
562: 
563: 
564: 908,560
565: 
566: 
567: 
568: 
569: 
570: 974
571: 
572: 
573: 
574: 
575: 
576: 444
577: 
578: 
579: 
580: 
581: 
582: 171
583: 
584: 
585: 
586: 991,525
587: 976
588: 490
589: 
590: 
591: 
592: 
593: 
594: 978
595: 
596: 
597: 840
598: 1074,153,1128,1136,1089,1037,1048,1126,1011,1140,1162,1166
599: 
927: 732
743: 528
1174: 1062,1137,1073,1146,1097,1096,1150,1113
988: 
604: 607,844
605: 227,338
832: 
607: 604
1206: 1230,748,1158,1129,1188,110,1208,1176,1183,1203,1229
900: 
1049: 949,311,1005,1028,1030
1009: 700,1078
736: 961
1067: 237,1063,1065,1068,117,1038,1069,1088,1066,1083,1091,1105,278,1209
972: 919
946: 
973: 
617: 
618: 
619: 
1150: 1113,1073,1146,1097,1096,1148,1062,1174,1238,1141
1202: 1144,965,492
622: 
623: 
1171: 1232,278,1114,1118,275,1074,1225,1210,1172,153,1128,1136,1089,1037,1213,1190,1126,1011
625: 
1137: 1073,1098,1146,1096,1062,1174
627: 634
926: 931,962
629: 
756: 892
631: 325,323
865: 
822: 286,42
634: 627
709: 
1139: 1007,1160,1134,1126,1011,1140,1162,1020,1219,1236,95
781: 77,208,794
638: 56
639: 
1229: 1203,1206,1230,1208,1176,1224,1124,1183,1153,1221,1181,1237
1074: 1114,1118,275,1232,1171,153,1128,1136,1089,1037,598
894: 
643: 98
644: 315
735: 137,650
646: 365
647: 
885: 
1011: 1126,1140,1162,1020,1232,1171,153,1128,1136,1089,1037,598,1007,1139
650: 735,137
732: 927
652: 52,247,939
1217: 1223,1225,1210,1148,1213,1190,1231,965
654: 
682: 238,168,208
1194: 1122,1211,1141,1201,1075,1216,1149,1100,492,1129,1186
987: 
933: 
659: 854
934: 
919: 972
662: 727
993: 925
939: 345,52,652
665: 829
1088: 1069,1015,166,1064,117,1038,237,1063,1065,1068,1067,1066,1083,1235
667: 834,842
1227: 1200,1228,1204,1218,1233,1131,1124,1153,1221,1181,1237