1574: 1605,1521,1337,959,1268,1326
1390: 
1068: 965,1069,1067,237,1063,1065
1141: 1100,577
1543: 1349,1482,1388,1578,1554,1479,1501,1376
566: 405
949: 
1581: 1562,1566,1458,1397
1445: 1530,1400,1586,1391
1126: 1011,1020,1162,153,1128,1136,1037,598
977: 
1519: 1564,1531,1557,1419,1558,1537,1450,952,1476,1430,1554,1479
1373: 1379,1394,1415,1467,1365,952,1476,1430,1525,1459,1506,1478,985,1345,1317,1431,1346,1426,1316,323
1572: 1527
1394: 1379,1415,1467,1373,1365,1525,1459,985,1345,1317,1431,1346,1393,1426,323
15: 
754: 69,740
1459: 1525,1365,952,1456,1387,1379,1394,1415,1467,1373,985,1345,1317,1431,1346
1509: 1357,1448,985,1345,1317,1431,1346,1393,1426,1472,1454,1428,1410
583: 
1566: 1502,1536,1581,1562,1458,1397
1376: 1501,1554,1479,1349,1482,1543,1506,1478,1464,1316,323,1425,1461,1474,1514
900: 576,502
1520: 1495,1424,1456,1387
1337: 1521,959,1268,1605,1574,1326,1499,1571
1383: 1483,1435
643: 
1393: 1464,1426,1316,323,1394,1415,1467,1506,1501,1345,1317,1431,1346,1425,1461,1509,1357,1448,1472,1395
1602: 1532,1465
29: 
562: 950
740: 754
1174: 1062
822: 1487,1526,1561,1404,1503,985
947: 559
563: 
985: 1456,1387,1525,1459,1379,1394,1415,1467,1373,1345,1317,1431,1346,822,1487,1561,1509,1357,1448
1450: 1388,1519,1564,1531,1557,1419,1578,1476,1430,1554,1479,1482
1434: 1512
1556: 1475,1575,457,1576
995: 
551: 
1532: 1602,1465
957: 
1540: 1558,1537,1499,1571
1367: 233,1504
961: 
766: 
1456: 1387,1520,1495,1525,1459,1404,985
968: 
1587: 1606
929: 
939: 
905: 
1461: 1425,1501,1376,1464,1393,1426,1316,323,1474,1514,1472,1395,1436
552: 
572: 
1506: 1478,1476,1430,1554,1479,1467,1373,1501,1376,1431,1464,1393,1426,1316,323,1425
560: 
1410: 1428,1489,1509,1448,1472,1395,1460,1399,1452,1398,61
1479: 1554,1519,1564,1531,1557,1419,1450,1388,1578,1476,1430,1349,1482,1543,1506,1478,1501,1376
61: 1489,1410,1460,1399,1452,1429,1398,1444,1539
839: 
558: 519
1527: 1572
1495: 1520,1456,1387
1582: 1569,476
922: 
589: 
69: 754
1600: 1589
598: 1128,1136,1037,1126,1011
1202: 
1128: 153,1136,1037,1114,598,1126,1011,1020,1162
587: 
607: 
1571: 1499,1521,1337,959,1268,1540,1558,1537,1424,1496
569: 
996: 930
854: 
605: 227
916: 472,512
1172: 
1605: 1574,1521,1337,959,1268,1326
591: 
926: 980
1487: 822,1526,1561,1404,1503,985
1513: 1548
1429: 1436,1460,1399,1452,61
944: 
582: 
1295: 
948: 
1349: 1482,1543,1388,1578,1554,1479,1501,1376
1064: 1088,415,166
588: 
1253: 1278
994: 986,1477,1341
1518: 
1496: 1424,1499,1571,1558,1537,952
1266: 1151
593: 
1426: 1464,1393,1316,323,1394,1415,1467,1373,1506,1478,1501,1345,1317,1431,1346,1425,1461,1509,1357,1448,1472,1395
872: 
908: 564
1606: 1587
955: 
1346: 1345,1317,1431,1525,1459,1394,1415,1467,1373,985,1464,1393,1426,1316,323,1509,1357,1448,1472
906: 
659: 
581: 
1539: 1398,61,1444,1409,1414,1470
932: 
575: 
993: 
1475: 1575,1556,1576
851: 1528,137,1608,320
1395: 1464,1393,1426,1316,323,1425,1461,1474,1514,1472,1410,1399,1452
1428: 1489,1410,1509,1357,1448,1472,1323,1460,1399,1452,1398
119: 
1278: 1253
1387: 1456,1520,1495,1525,1459,985
1316: 1464,1393,1426,323,1415,1467,1373,1506,1478,1501,1376,1345,1317,1431,1346,1425,1461,1448,1395
1604: 853
1458: 1563,1397,1566,1581,1562
1483: 1383
975: 401
911: 410
555: 
597: 1551,1414,840
979: 
988: 548
963: 
1535: 
1465: 627,1532,1602
951: 
1348: 1402
137: 1608,1528,1592,851,320
592: 
1063: 237,1065,1069,1067,1068,1066,1083
1562: 1581,1566,1458,1397
1569: 1582,476
986: 994,1477
559: 947
586: 
903: 157,1588,1589
1589: 903,1600
596: 
1359: 1488
557: 311
580: 568
894: 
978: 817
153: 1128,1136,1037,1114,1126,1011,1020,1162
980: 926
1151: 1266
568: 580
157: 1588,903
965: 311,1005,1068
1413: 1453,522
902: 
556: 
1503: 1404,1488,822,1487
1430: 1476,1519,1564,1531,1557,1419,1450,1365,952,1554,1479,1379,1467,1373,1506,1478
1114: 275,153,1128,1136,1037
594: 
166: 1088,1064,1015
820: 
168: 238,682
700: 1009
1528: 1592,851,137,1608
171: 
550: 
1547: 1580,456
574: 
940: 
1065: 237,1063,1069,1067,1068,1066,1083
1399: 1460,1452,1472,1395,1428,1489,1410,1429,1398,61
923: 
1062: 1174
1053: 
901: 
1436: 1425,1461,1474,1514,1429
1588: 157,903
992: 
1290: 
1336: 
967: 
573: 
547: 
976: 
919: 
1415: 1379,1394,1467,1373,1365,1525,1459,985,1345,1317,1431,1346,1393,1426,1316,323
1565: 1585,482
590: 
1464: 1393,1426,1316,323,1506,1478,1501,1376,1345,1317,1431,1346,1425,1461,1448,1472,1395
1514: 1474,1501,1376,1425,1461,1395,1436
962: 
927: 
1578: 1450,1388,1554,1479,1349,1482,1543
584: 
934: 
1531: 1519,1564,1557,1419,1558,1537,1450,1388,1476,1430,1554,1479
953: 
1197: 
973: 
206: 
982: 481
1357: 1509,1448,985,1345,1317,1431,1346,1393,1426,1472,1428
924: 
1453: 1413,522
1424: 1496,1499,1571,1558,1520,952
990: 
578: 
1341: 1477,994
1149: 1184
1388: 1450,1531,1557,1419,1578,1554,1479,1349,1482,1543
1502: 1536,1566
914: 
1419: 1519,1564,1531,1557,1558,1537,1450,1388,952,1476,1430,1554,1479
1011: 1126,1020,1162,153,1128,1136,1037,598
1607: 232
925: 419
1521: 1337,959,1268,1605,1574,1326,1499,1571
1100: 1141,577
1489: 1428,1410,1472,1323,1460,1399,1452,1398,61
941: 
227: 605
912: 
950: 562
943: 439
1443: 1598
232: 1607
233: 1488,1367
1551: 1414,1470,1409,597
1404: 1503,1456,1488,822,1487
579: 
237: 1063,1065,1069,1067,1068,1066,1083
238: 168,682
920: 
1379: 1394,1415,1467,1373,1365,952,1476,1430,1525,1459,985,1345,1317,1431
599: 
1580: 1547,456
243: 
1476: 1430,1519,1564,1531,1557,1419,1450,1365,952,1554,1479,1379,1467,1373,1506,1478
971: 
972: 
1557: 1519,1564,1531,1419,1558,1537,1450,1388,952,1476,1430,1554,1479
1583: 1603,448,487,1326
1585: 1565,482
1402: 1348
1576: 457,1475,1575,1556
1345: 1317,1431,1346,1525,1459,1379,1394,1415,1467,1373,985,1464,1393,1426,1316,323,1509,1357,1448
1526: 822,1487,1561,1454
1512: 1434
255: 326
942: 
571: 
1478: 1506,1476,1430,1554,1479,1467,1373,1501,1376,1464,1426,1316,323,1425
1501: 1376,1554,1479,1349,1482,1543,1506,1478,1464,1393,1426,1316,323,1425,1461,1474,1514
1563: 1458,1397
928: 
1499: 1571,1521,1337,959,1268,1540,1558,1537,1424,1496
567: 
264: 
909: 
1467: 1379,1394,1415,1373,1365,952,1476,1430,1525,1459,1506,1478,985,1345,1317,1431,1346,1393,1426,1316,323
267: 
998: 
853: 1604
585: 407
887: 
1525: 1459,1365,1456,1387,1379,1394,1415,1467,1373,985,1345,1317,1431,1346
915: 
1009: 700
275: 1342,1066,1114
959: 1521,1337,1268,1605,1574,1326,1499,1571,1558,1537
913: 
1608: 137,1528,851,320
892: 
1088: 1064,415,166
281: 
958: 
553: 447
1474: 1514,1501,1376,1425,1461,1395,1436
1365: 952,1476,1430,1525,1459,1379,1394,1415,1467,1373
1530: 1445,1400,1586,1391
682: 238,168
720: 
960: 
984: 
952: 1365,1424,1496,1519,1564,1557,1419,1476,1430,1459,1379,1467,1373
595: 
1561: 822,1487,1526,985,1454
1435: 1383
672: 
999: 411
1162: 1126,1011,1020,153,1128,1136,1037,492
298: 
1470: 1551,1414,1539,1409
300: 
956: 
1414: 1551,1470,1539,1409,597
933: 
904: 
1015: 166
1066: 1083,1069,1067,237,1063,1065,275
549: 441
991: 
1268: 1521,1337,959,1605,1574,1326,1499,1571,1558,1537
1454: 1526,1561,1509,1323,1400
311: 1005,965,557
554: 
313: 338
1536: 1502,1566
548: 988
1448: 1509,1357,985,1345,1317,1431,1346,1464,1393,1426,1316,323,1472,1428,1410
989: 
1069: 1067,1068,237,1063,1065,1066,1083
1601: 1590
320: 851,137,1608
576: 900,502
945: 
323: 1464,1393,1426,1316,1394,1415,1467,1373,1506,1478,1501,1376,1345,1317,1431,1346,1425,1461,1448,1395
981: 
946: 
326: 255
327: 
1161: 
570: 433
1037: 153,1128,1136,1114,598,1126,1011,1020,1162
1592: 1528,137
918: 
1184: 1149
1425: 1461,1506,1478,1501,1376,1464,1393,1426,1316,323,1474,1514,1395,1436
1323: 1454,1428,1489,1400
1020: 1126,1011,1162,153,1128,1136,1037,492
1243: 
338: 313
1460: 1399,1452,1472,1428,1489,1410,1429,1398,61
840: 597
938: 494
966: 444
1391: 1530,1445,1515,1586
937: 
1477: 1341,986,994
921: 
347: 1504
1326: 1605,1574,487,1521,1337,959,1268,1603,448,1583,1558,1537
1400: 1454,1323,1530,1445,1515
997: 1397
1482: 1349,1543,1450,1388,1578,1554,1479,1501,1376
917: 
1515: 1400,1398,1444,1391
1537: 1540,1558,959,1268,1326,1499,1571,1496,1519,1564,1531,1557,1419
1342: 275
1067: 1069,1068,237,1063,1065,1066,1083
970: 
1603: 448,1583,487,1326
1488: 1359,1404,1503,233
1452: 1460,1399,1472,1395,1428,1489,1410,1429,1398,61
627: 1586,1465
1431: 1345,1317,1346,1525,1459,1379,1394,1415,1467,1373,1506,985,1464,1393,1426,1316,323,1509,1357,1448
931: 
565: 
1504: 1367,347
1005: 311,965
561: 
1472: 1346,1464,1393,1426,1461,1509,1357,1448,1395,1428,1489,1410,1460,1399,1452
964: 
1398: 1428,1489,1410,1460,1399,1452,61,1515,1444,1539
1317: 1345,1431,1346,1525,1459,1379,1394,1415,1467,1373,985,1464,1393,1426,1316,323,1509,1357,1448
954: 
1575: 1475,1556,1576
1590: 1601
1444: 1398,61,1515,1539
1558: 1540,1537,959,1268,1326,1499,1571,1424,1496,1519,1564,1531,1557,1419
1548: 1513
564: 908
817: 978
1586: 1530,1445,1391,627
969: 
382: 
1136: 153,1128,1037,1114,598,1126,1011,1020,1162
1554: 1479,1519,1564,1531,1557,1419,1450,1388,1578,1476,1430,1349,1482,1543,1506,1478,1501,1376
987: 
935: 
1397: 1563,1458,1566,1581,1562,997
1083: 1066,1069,1067,237,1063,1065
974: 425
907: 
1598: 1443
930: 996
577: 1100,1141
983: 
865: 
1409: 1539,1551,1414,1470
1564: 1519,1531,1557,1419,1558,1537,1450,952,1476,1430,1554,1479
910: 
936: 500
400: 
401: 975,518
402: 510
403: 
404: 
405: 566
406: 
407: 585,422
408: 
409: 
410: 911
411: 999
412: 
413: 
414: 
415: 1088,1064
416: 
417: 
418: 
419: 925
420: 
421: 
422: 407
423: 
424: 
425: 974
426: 
427: 
428: 
429: 
430: 
431: 
432: 
433: 570
434: 
435: 
436: 
437: 
438: 
439: 943
440: 
441: 549
442: 
443: 
444: 966
445: 
446: 
447: 553
448: 1603,1583,487,1326
449: 
450: 
451: 
452: 
453: 
454: 
455: 
456: 1547,1580
457: 1576,1556
458: 
459: 
460: 
461: 
462: 
463: 
464: 
465: 
466: 
467: 
468: 
469: 
470: 
471: 
472: 916,512
473: 
474: 
475: 
476: 1582,1569
477: 
478: 
479: 498
480: 
481: 982
482: 1565,1585
483: 
484: 
485: 
486: 
487: 1326,1603,448,1583
488: 
489: 
490: 
491: 
492: 1020,1162
493: 
494: 938
495: 
496: 
497: 
498: 479
499: 
500: 936
501: 
502: 576,900
503: 
504: 
505: 
506: 
507: 
508: 
509: 
510: 402
511: 
512: 916,472
513: 
514: 
515: 
516: 
517: 
518: 401
519: 558
520: 
521: 
522: 1413,1453
523: 
524: 
525: 
526: 
527: 
528: 
529: 
530: 
531: 
532: 
533: 462
534: 
535: 
536: 
537: 
538: 
539: 
540: 
541: 
542: 
543: 
544: 
545: 
546: 