1574: 1612,1067,1605,1069,1620,2084,1618,1063,1065,1609,1083
543: 
1068: 1632,1656,1708,1630,1655,1659,1653,1654,1657,1658,1640,1638,1627,1619,1624
1141: 1656,1746,1708,1100
1543: 1349,475
566: 438
949: 1713
1581: 1562,488
1445: 2148,1530,2224,2070,2274,1773,410,926,2230,2326
1701: 1671,1700
977: 
1519: 1564,1430,1531,1499,1571,1554,1479,1450,1476,1588
1373: 1467
1572: 913,1527
1394: 1379,1415,1365,1456,1387,1419,1557,1345,1317,1501,1346,323,1431
535: 
1939: 2021
1459: 1525
1509: 1357,1376,1345,1501,1393,1428
583: 2165,2290,2035,2031,1976,1936,1967,2203,2087,2050,2096,2273,2072,2223
1619: 1640,1638,1627,1644,1624,1646,1632,1068,1521,1731,1655,1659,1653,1657,1636,1645,1639
1376: 1509,1357,1345,1317,1501,1346,1393,1426,323,1431,1428
900: 
1520: 1495,1499,1571,1554,1479
1337: 2146,911,1690,2070,2274,2336
500: 
520: 
1393: 1346,1426,1316,323,1431,1345,1317,1501,1461,1509,1376,1395
1602: 1532,1477,1341,460
1623: 1066,492,1618,1063,1065,1609,1083,1615,1521,1731,1053
562: 
509: 
1174: 700,1009,1253,1062,1278
822: 1487,410
947: 
563: 541
985: 1404,1503
1450: 1519,1564,1430,1531,1476,157,1588
2261: 2342,2094,2338,2089,2276,2345,2282,2339,2340,2337,2246,2253,2244,2242,2245,2044,2240,2347,2344,490,2234,2110,2159,2323,2283,2275,2193,2277,2258,2181,2149,2272,2201,2280,2091,2140,2045,2281,2237,2279,2139
1556: 1576
995: 
551: 948
1532: 1602,1477,1341,460
957: 
1540: 1499,1571,1554,1479
1687: 1496,1660,1637,1668
961: 
495: 
1456: 1387,1419,1557,1379,1394,1415,1365
968: 
1718: 1765,1713,1694,1714
929: 
939: 
905: 
1461: 1346,1393,1426,1316,323,1431,1395
552: 577,1424,1672
572: 
1506: 1478,903
560: 2014,1895
504: 
1479: 1540,1499,1571,1554,1520,1495,1519,1564,1430,1531
61: 1460
539: 
558: 
1527: 1572,913,1458,1397
1495: 1520,1499,1571,1554,1479
2145: 2260,2199,2198,2132,2237,2197,2196,2271,2043,2125,2239,2151,2254,2141,2074,2097,2042,2098,2161
922: 579
589: 1477,1341
1874: 1893,1872,1951,1926,1907,1830,1882,1884
1600: 1789
598: 1756,1819,586
1202: 1676,1650,1684,1663,1682
1781: 1752,534,1779,1767,1766,1836
587: 
515: 
1571: 1540,1499,1554,1479,1520,1495,1519,1564,1430
569: 2073,2095,2019,1992,946
996: 525,933
1823: 1920,1940,1986,1955,1904,1848,1948,1864,1887,1912,1906,1922,1919
1690: 2146,911,1337
916: 1947,2171
1172: 1136,1635,1617
1605: 1612,1067,1574,1069,1620,2084
591: 
926: 2230,2326,1773,1530,1445,2071
1487: 822,410
1513: 1548
532: 555
944: 
582: 
1295: 454
948: 551
1349: 1543,475
1064: 1088,415,557
588: 
1253: 700,1009,1174,1278
994: 
1518: 
1496: 1660,1687
1869: 2007
593: 
1426: 1346,1393,1316,323,1431,1415,1345,1317,1501,1461,1376,1395
544: 
908: 1629,1633
1606: 1853,1839,1900,1851,1871,1835,1810
955: 
1346: 1393,1426,1316,323,1431,1379,1394,1415,1365,1345,1317,1501,1461,1376,1395
906: 
1635: 153,1617,1172,1136,1268,1326
581: 
498: 928
932: 
575: 1948,1864,2057,2059,2033,1922,1919,1890,1910,524,2004
993: 1740,1798
1646: 1640,1638,1627,1619,1644,1624,1655,1636,1645,1639
531: 478
1395: 1346,1393,1426,1316,323,1431,1461
1428: 1509,1357,1376
513: 
1278: 700,1009,1253,1174
1387: 1456,1419,1557,1379,1394,1415,1365
1316: 1346,1393,1426,323,1431,1345,1317,1501,1461,1395
1671: 1700,853,1677,1701,2152,2157,2264,2265,2040,2262,2263,2268,2266,2334
1458: 1397,913,1527,1474,1514
506: 2101,1947,2171,1973,2053
975: 
911: 2146,1337,1690,2070,2274,2336
555: 532
597: 
979: 
988: 
963: 
1684: 1202,1243,1161,1676,1650,1686,1664,1663,1682
538: 
951: 
1348: 1402
536: 
592: 565
1063: 1618,1065,1609,1083,1612,1067,1574,1069,1620,2084,2026,2119,1615,1521,1731,1623,492
1562: 1581,488
1569: 
986: 1443,1598
559: 554
586: 598,1756,1804,1860,1730,1834
903: 1478,1506
1589: 1732
596: 
1670: 1743,1745,1722
557: 1064,1088
580: 2206,1985,2116,2117,2097,2042,2098,2088,2161,2173,568,434
537: 414
978: 
153: 1635,1617,1136,1268,1326
980: 
1974: 1921,1963,1942,1941,1965,1986,1955
568: 2086,2141,2042,2098,2206,1985,2116,2117,580,1950,2067
157: 1476,1588,1430,1450,1379,1365
965: 
1860: 1804,586,1841,1870,1730,1834
902: 
556: 
1503: 1404,985
1430: 1519,1564,1531,1571,1554,1479,1450,1476,157,1588
541: 563
594: 
166: 1015
1708: 1656,1746,1632,1068,1141,1630,1655,1659,1653,1654,1657,1658,1100
507: 1841,1870,1730,1834,1863,1807,981
700: 1009,1253,1174,1278
1528: 1592
519: 
550: 
1547: 1580,1536,1502
574: 
940: 
1065: 1618,1063,1609,1083,1612,1067,1574,1069,1620,2084,2026,2119,1615,1521,1731,1066,1623,492
1837: 1783,1719
923: 
1062: 1174
1053: 1066,1623
901: 
501: 
1588: 1476,157,1519,1564,1430,1531,1450,1379,1365
992: 
1290: 
534: 1781,1752,1766,525
967: 
573: 
547: 
976: 
919: 997
1415: 1379,1394,1365,1456,1387,1419,1557,1345,1317,1501,1346,1426,323,1431
1565: 1585,1721,1695,1665,1702
590: 2061,2018,2036,1995,2030,1966,2003,1987,1950,2067,1999,2020
1625: 945,1933,1914,237
1514: 1474,1458,1397,488
962: 1697
927: 1915,1934,1879,1938,1820,1858
1578: 1388
584: 
934: 
1531: 1519,1564,1430,1554,1479,1450,1476,1588
953: 
1197: 1686,1664
973: 
517: 
982: 
1357: 1509,1376,1345,1501,1428
924: 
1891: 1793
1424: 552,577,1672,952
990: 
578: 
1341: 1477,589,1602,1532
1149: 1184
1388: 1578
1502: 1536,448,1547,1580
914: 
1419: 1557,1456,1387,1379,1394,1415,1365,1345,1317
1693: 1707,1725,1723,1698,1754,1720,1703
1607: 232
925: 446
1521: 1731,1618,1063,1065,1609,1083,1066,1623,492,1627,1619,1636,1645
1100: 1141,1656,1746,1708
2107: 2150,1994,2184,2183,2238,2251,2129,2225,2154,2248,2219,2024,2312,2250,2131,2288,2252,2289,2246,2300,2253,2216,2244,2259,2138,2249,2256,2162,2247,2234,2110,2159,2323,2283,2163,2175,2176,2133,2062,2093,2182,2064,2012,2186,2187,2188,2185,2258,2181,2149,2127
941: 
1659: 1630,1655,1653,1654,1657,1658,1632,1068,1656,1708,1640,1638,1627,1619,1624,1639
912: 
950: 
943: 
1443: 1598,986
232: 1607
1742: 1699
1551: 1414
1404: 1503,985
579: 564,922
237: 1625,514
508: 
920: 
1379: 1394,1415,1365,1456,1387,1476,157,1588,1419,1557,1345,1317,1346,323,1431
599: 
1580: 1547,1536,1502
514: 237
1476: 157,1588,1519,1564,1430,1531,1450,1379,1365
971: 
972: 
1557: 1419,1456,1387,1379,1394,1415,1365,1345,1317
1583: 1603
1585: 1565,1721,1695,1665,1702
1402: 1348
1576: 1556
1345: 1317,1501,1419,1557,1379,1394,1415,1365,1346,1393,1426,1316,323,1431,1509,1357,1376
1526: 1561,482
2281: 2132,2237,2279,2139,2191,2094,2338,2089,2276,2261,2345,2339,2340,2337,2275,2002,2193,2277,2327,2192,2328,2195,2272,2201,2280,2091,2140,2045,2066,2197,2329,2196,2204,2236,2043,2260,2199,2198
512: 
942: 
571: 
1478: 1506,903
1501: 1345,1317,1394,1415,1346,1393,1426,1316,323,1431,1509,1357,1376
1563: 
928: 498
1499: 1540,1571,1554,1479,1520,1495,1519,1564
567: 
528: 413
909: 
1467: 1373
524: 1922,1919,1890,1910,1948,1906,575
998: 
853: 1677,1671,1700
585: 
523: 
1525: 1459
915: 2152,2157,2222,2158,2264,2265,2040,2262,2263,2221,2322,2309,2308,2016,2310,2220,2267,2214,2218,2333,2331,2330
1009: 700,1253,1174,1278
533: 503
959: 
913: 1572,1527,1458,1397
530: 958
496: 
1088: 1064,415,557
522: 
958: 530
553: 423
1474: 1514,1458,1397,488
1365: 1379,1394,1415,1456,1387,1476,157,1588,1419,1557,1345,1317,1346,1431
1530: 2148,1445,2224,2274,1773,410,926,2230,2326
510: 
542: 
960: 
984: 
952: 1672,1424
595: 
1561: 1526,482
505: 
521: 
999: 
1795: 1776,1960
518: 
1680: 1648,1686,1664
502: 
956: 
1414: 1551
933: 996
904: 
1015: 166
1066: 1623,492,1618,1065,1083,1615,1521,1731,1053,1662,1651
549: 
991: 1778,1847
1268: 1326,1136,153,1635,1617
1454: 1323
311: 1005
554: 559
497: 
1536: 1502,448,1547,1580
548: 
526: 
989: 
1069: 1620,2084,1605,1612,1067,1574,2026,2119,1618,1063,1065,1609,1083,1615
1601: 1590,907
545: 930,1772,1802
576: 
945: 1933,1914,1625
323: 1346,1393,1426,1316,1431,1379,1394,1415,1345,1317,1501,1461,1376,1395
981: 507,1760,1797,1863,1807,1788,1970
946: 2073,569,2052,2029,1972,2015,1963,1942
516: 917
1637: 1668,1687
1161: 1676,1650,1684,1663,1682
570: 
1985: 2206,2116,2117,580,2141,2074,2097,2042,2098,2161,568
1592: 1528
918: 2071,2326
1184: 1149
1714: 1694,1718,1765
1323: 1454
1686: 1197,1664,1663,1680,1648,1676,1650,1684
1243: 1676,1650,1684,1663,1682
499: 
1460: 61
1732: 1589
938: 
966: 2255,2072,2189,2223,444
1700: 1671,853,1677,1701,2152,2157,2264,2265,2040,2262,2263,2268,2266
937: 
1477: 1341,589,1602,1532
921: 
1698: 1707,1693,1725,1723,1754,1720,1703,1745,1722
1326: 1268,1136,153,1635,1617
540: 490
997: 919
503: 533
917: 516
1766: 534,1781,1752,525,1836
1537: 1558,1685
546: 
1067: 1612,1574,1605,1069,1620,2084,1618,1063,1065,1609,1083
970: 
1603: 1583
2233: 2168,2298,2303,1989,2306,2301,2209,2302,2166,2105,2167,2304,2287,2211,2213,2207,2231,1997,2208,2210,2103,2232,2120,2346
1668: 1637,454,1687
1719: 1763,1837
1431: 1346,1393,1426,1316,323,1379,1394,1415,1365,1345,1317,1501,1461,1376,1395
931: 
565: 592
529: 
1005: 311
561: 
1624: 1640,1638,1627,1619,1644,1646,1632,1068,1630,1655,1659,1653,1654,1657,1658,1636,1645,1639
964: 
2033: 2057,2059,2039,1977,575,2004
1317: 1345,1501,1419,1557,1379,1394,1415,1365,1346,1393,1426,1316,323,1431,1376
954: 
1575: 1642,1641,1643
1590: 1601,907
2104: 2164,2211,2213,2207,1997,2208,2210,2103,2232,2031,1976,2228,2227,2038,2229,2087,2050,2096
1558: 1537,1685
1548: 1513
564: 579
511: 
1788: 1863,1807,981,1970
969: 
527: 
1136: 1172,1662,1651,153,1635,1617,1268,1326
1554: 1540,1499,1571,1479,1520,1495,1519,1564,1430,1531
987: 480
935: 
1397: 1458,913,1527,1474,1514
1083: 1618,1063,1065,1609,1612,1067,1574,1069,1620,2084,2026,2119,1615,1521,1731,1066,1623,492
974: 
907: 1601,1590
1598: 1443,986
930: 545
577: 552,1424,1672
983: 
525: 534,1766,1836,996
1984: 1855
1564: 1519,1430,1531,1499,1571,1554,1479,1450,1476,1588
910: 
936: 
400: 
401: 
402: 
403: 484
404: 
405: 
406: 
407: 
408: 
409: 1978,1818
410: 1487,822,2148,1530,1445,2224
411: 
412: 
413: 528
414: 537,429
415: 1064,1088
416: 
417: 
418: 
419: 
420: 
421: 
422: 
423: 553
424: 
425: 
426: 
427: 
428: 
429: 414
430: 
431: 
432: 
433: 
434: 2088,2173,2206,2117,580
435: 
436: 
437: 
438: 566
439: 
440: 
441: 
442: 1772,1802,1846,1729
443: 
444: 966
445: 
446: 925
447: 
448: 1536,1502
449: 
450: 
451: 1817,1689
452: 
453: 
454: 1295,1668
455: 
456: 
457: 
458: 
459: 
460: 1602,1532
461: 1631,1634
462: 
463: 
464: 
465: 
466: 
467: 
468: 
469: 
470: 
471: 
472: 
473: 
474: 
475: 1349,1543
476: 
477: 
478: 531
479: 
480: 987
481: 
482: 1526,1561
483: 
484: 403
485: 
486: 
487: 
488: 1474,1514,1562,1581
489: 
490: 2297,2295,2296,2291,2046,2292,2293,540,2242,2245,2044,2240,2324,2241,2347,2344,2094,2338,2089,2276,2261,2345,2282,2339,2340,2337,2275,2002,2193,2277,2327,2192,2328,2195
491: 
492: 1066,1623,1618,1063,1065,1609,1083,1615,1521,1731
493: 
494: 
1609: 1618,1063,1065,1083,1612,1067,1574,1069,1620,2084,2026,2119,1615,1521,1731,1623,492
1699: 1742,1811
1676: 1202,1243,1161,1650,1684,1686,1664,1663,1682
1612: 1067,1574,1605,1069,1620,2084,1618,1063,1065,1609,1083
1721: 1695,1565,1585
1672: 952,552,577,1424
1615: 1069,1620,2084,2026,2119,1618,1063,1065,1609,1083,1066,1623,492
1729: 1846,1797,1772,1802,442
1617: 153,1635,1172,1136,1268,1326
1618: 1063,1065,1609,1083,1612,1067,1574,1069,1620,2084,2026,2119,1615,1521,1731,1066,1623,492
1620: 1069,2084,1605,1612,1067,1574,2026,2119,1618,1063,1065,1609,1083,1615
1627: 1640,1638,1619,1644,1624,1646,1632,1068,1521,1731,1655,1659,1653,1657,1636,1645,1639
1636: 1645,1521,1731,1640,1638,1627,1619,1644,1624,1646,1639
1629: 1633,908
1630: 1655,1659,1653,1654,1657,1658,1632,1068,1656,1746,1708,1640,1638,1624,1639
1631: 1634,461
1632: 1068,1656,1708,1630,1655,1659,1653,1654,1657,1658,1640,1638,1627,1619,1624
1633: 1629,908
1634: 1631,461
1638: 1640,1627,1619,1644,1624,1646,1632,1068,1630,1655,1659,1653,1654,1657,1658,1636,1645,1639
1639: 1630,1655,1659,1653,1654,1657,1658,1640,1638,1627,1619,1644,1624,1646,1636,1645
1640: 1638,1627,1619,1644,1624,1646,1632,1068,1630,1655,1659,1653,1654,1657,1658,1636,1645,1639
1641: 1643,1575,1642
1642: 1575,1641,1643
1643: 1641,1575,1642
1644: 1640,1638,1627,1619,1624,1646,1655,1636,1645,1639
1645: 1636,1521,1731,1640,1638,1627,1619,1644,1624,1646,1639
1685: 1692,1558,1537
1648: 1680,1686,1664
1696: 1679
1650: 1202,1243,1161,1676,1684,1686,1664,1663,1682
1651: 1662,1066,1136
1677: 853,1671,1700
1653: 1630,1655,1659,1654,1657,1658,1632,1068,1656,1746,1708,1640,1638,1627,1619,1624,1639
1654: 1630,1655,1659,1653,1657,1658,1632,1068,1656,1746,1708,1640,1638,1624,1639
1655: 1630,1659,1653,1654,1657,1658,1632,1068,1656,1746,1708,1640,1638,1627,1619,1644,1624,1646,1639
1656: 1746,1708,1632,1068,1141,1630,1655,1659,1653,1654,1657,1658,1100
1657: 1630,1655,1659,1653,1654,1658,1632,1068,1656,1746,1708,1640,1638,1627,1619,1624,1639
1658: 1630,1655,1659,1653,1654,1657,1632,1068,1656,1746,1708,1640,1638,1624,1639
1660: 1496,1687
1720: 1703,1707,1693,1725,1723,1698,1722
1662: 1651,1066,1136
1663: 1686,1664,1202,1243,1161,1676,1650,1684,1682
1664: 1197,1686,1663,1680,1648,1676,1650,1684
1665: 1702,1565,1585
1679: 1696
1682: 1663,1202,1243,1161,1676,1650,1684
1689: 451,1817,2257,1790
1688: 
1797: 1760,981,1846,1729
1692: 1685
1694: 1714,1718,1765
1695: 1721,1565,1585
1697: 1787,962
1702: 1665,1565,1585
1703: 1720,1707,1693,1725,1723,1698
1982: 2202,2270,2278,2143,2167,2190,2180,2317,2316,1961,2235,2318,2205,2120,2122,2169,2112,2130,2177,2142,2228,2227,2038,2229,2135,2077,2147,2114,2144,2137,2160,2113
1767: 1779,1769,1771,1781,1752,1736,1751
1842: 1871,1838,1835,1810,1717,1796
1707: 1693,1725,1723,1698,1754,1720,1703
1731: 1521,1618,1063,1065,1609,1083,1066,1623,492,1627,1619,1636,1645
1730: 1841,1870,1834,586,1804,1860,507
1926: 1951,1893,1946,1899,1874
1713: 949,1718,1765
1717: 1796,1842,1769,1771,1810,1736,1751,1776
1722: 1745,1720,1723,1698,1743,1670
1723: 1707,1693,1725,1698,1754,1720,1703,1745,1722
1725: 1707,1693,1723,1698,1754,1720,1703
1841: 1870,1730,1834,1804,1860,507,1863,1807
1728: 1792
1807: 1863,1841,1870,507,981,1788,1970
1772: 1802,442,545,1846,1729
1736: 1751,1769,1771,1779,1767,1717,1796
1737: 1953,1888,1825
1830: 1907,1882,1884,1874,1839,1871,1838,1835
1765: 1718,1713,1694,1714
1740: 1798,993,1988,1791
1743: 1670,1745,1722
1778: 1847,991
1745: 1722,1723,1698,1743,1670
1746: 1656,1708,1141,1630,1655,1653,1654,1657,1658,1100
1796: 1717,1842,1769,1771,1810,1736,1751
1858: 1820,1915,1934,927
2312: 2219,2024,2250,2131,2288,2252,2289,2220,2311,2267,2214,2218,2331,2330,2215,2217,2299,2243,2325,2238,2251,2154,2246,2300,2253,2216,2244,2259,2249,2247,2107,2150,1994,2184,2183,2234,2110,2159,2323,2283
1750: 1875
1751: 1736,1769,1771,1779,1767,1717,1796
1752: 1781,534,1779,1767,1766,1836
2132: 2281,2237,2279,2139,2191,2089,2276,2345,2275,2002,2193,2277,2192,2328,2195,2272,2201,2280,2091,2140,2045,2197,2329,2196,2090,2075,2204,2236,2043,2260,2199,2145,2198
1754: 1707,1693,1725,1723,1698
2321: 2341,2221,2156,2319,2322,2314,2179,2222,2158,2152,2157,2307,2320,2305,2055,2178,2308,2016,2310,2220,2153,2190,2313,2180,2317,2316,2315,1961,2155,2226,2235,2318,2205,2238,2225,2154,2248
1756: 1819,1776,1960,598,586
1835: 1871,1838,1839,1907,1830,1882,1884,1853,1606,1842
1760: 1797,981,1846
1917: 1843,1906,1848,1920,1940,1887,1912,1922,1919,1890,1910,1905,1880
1763: 1719
1825: 1953,1888,1737
1768: 1832
1769: 1771,1810,1779,1767,1717,1796,1736,1751
1770: 1872,1905,1839
1771: 1769,1810,1779,1767,1717,1796,1736,1751
1773: 2148,1530,1445,2224,926,2230,2326
1775: 1898
1776: 1960,1717,1756,1819,1795
1779: 1767,1769,1771,1781,1752,1736,1751
2163: 2175,2176,2133,2062,2093,2122,2169,2112,2130,2177,2142,2259,2138,2249,2256,2162,2247,2107,2150,1994,2184,2183,2114,2144,2137,2160,2113,2182,2064,2012,2186,2187,2188,2185,2080,2054,2134,2037,2092,2108,2049,2063
1783: 1837
1785: 1928
2046: 2297,2295,2296,2291,2292,2293,2268,2266,2334,2294,2215,2217,2299,2243,2325,2246,2300,2216,2244,2242,2245,2044,2240,2324,2241,2347,2344,490
1787: 1697
1789: 1600
1790: 1689,2174,2286,2285,2123
1791: 1988,1740,1798
1792: 1728
1793: 1891
1798: 1740,993,1988,1791
2076: 2115,2170,2182,2064,2012,2186,2187,2188,2258,2181,2149,2127,2272,2201,2140,2045,2102,2090,2075,2204,2236,2047
1802: 1772,442,545,1846,1729
1803: 1876,1844,1877,1900,1851
1804: 1860,586,1841,1870,1730,1834
1890: 1922,1919,1910,524,1920,1948,1864,1843,1917,1906,575
2080: 2054,2134,2077,2147,2114,2144,2137,2160,2113,2163,2133,2093,2121,2099,2037,2092,2108,2049,2063,2095,2019,2065,2011
1867: 1913,1904,1848,1887,1912
1810: 1769,1771,1606,1842,1717,1796
1811: 1699
1844: 1876,1803,1877,1900,1851
1973: 2006,2068,2053,2058,506
1817: 451,2257,1689
1818: 1978,409
1819: 1756,1776,1960,598
1820: 1858,1915,1934,927
1938: 1879,1933,1914,1907,1915,1934,927
1919: 1922,1890,1910,524,1920,1940,1823,1948,1864,1843,1917,1906,575
2143: 2202,2270,1982,2278,2166,2105,2167,2304,2190,2180,2317,2316,1961,2235,2318,2205,2103,2232,2120,2346,2122,2169,2112,2130,2177,2142,2228,2227,2038,2229,2135,2077,2147,2114,2144,2137,2160
2255: 2072,2189,2223,2087,2050,966
1988: 1791,1740,1798
2042: 2097,2098,2145,2198,2239,2141,2074,2161,568,2206,1985,2116,2117,580
1832: 1768
1880: 1905,1887,1912,1843,1917,1906,1900,1851
1834: 1841,1870,1730,586,1804,1860,507
1836: 1781,1752,1766,525
1838: 1871,1835,1839,1907,1830,1882,1884,1842
1839: 1770,1905,1830,1882,1884,1871,1838,1835,1853,1606
1851: 1900,1905,1880,1876,1803,1844,1877,1853,1606
1843: 1917,1906,1848,1920,1887,1912,1919,1890,1910,1905,1880
1936: 1967,2203,2165,583,2290,2035,2273
1846: 1729,1760,1797,1772,1802,442
1847: 1778,991
1848: 1904,1867,1913,1920,1940,1823,1887,1912,1843,1917,1906
2234: 2110,2159,2323,2283,2312,2246,2300,2253,2216,2244,2242,2245,2044,2240,2241,2347,2344,2107,2150,1994,2184,2183,2342,2094,2338,2089,2276,2261,2345,2282,2339,2340,2337,2182,2186,2187,2188,2258,2181,2149,2127,2272,2280,2091,2140,2045
1853: 1606,1839,1900,1851,1835
1855: 1984
2133: 2163,2175,2176,2062,2093,2122,2169,2130,2177,2259,2138,2256,2162,2107,1994,2184,2183,2114,2144,2137,2160,2113,2182,2064,2012,2186,2187,2188,2185,2080,2054,2134,2037,2092,2108,2049,2063,2102
1920: 1940,1823,1986,1955,1904,1848,1948,1864,1887,1912,1843,1917,1906,1922,1919,1890,1910
1863: 1807,1841,1870,507,981,1788,1970
1864: 1948,1986,1955,1920,1940,1823,1906,1922,1919,1890,1910,575
1899: 1946,1951,1926
1987: 2003,2052,2029,2036,1995,2030,1972,2015,2061,590
2127: 2258,2181,2149,2107,2150,1994,2184,2183,2234,2159,2323,2182,2064,2012,2186,2187,2188,2185,2272,2045,2102,2115,2076,2170,2090,2075,2204
1870: 1841,1730,1834,1804,1860,507,1863,1807
1871: 1838,1835,1839,1907,1830,1882,1884,1606,1842
1872: 1893,1770,1874
2002: 2275,2193,2277,2242,2245,490,2094,2338,2089,2276,2345,2339,2340,2337,2327,2192,2328,2195,2272,2201,2280,2091,2140,2281,2132,2237,2279,2139,2191,2066,2197,2329,2196
1875: 1750
1876: 1803,1844,1877,1900,1851
1877: 1876,1803,1844,1900,1851
1879: 1938,1933,1914,1907,1884,1915,1934,927
1882: 1907,1830,1884,1874,1839,1871,1838,1835
1883: 1979,1991,1886
1884: 1907,1830,1882,1874,1839,1871,1838,1835,1879
1886: 1991,1979,1883,1941
1887: 1912,1867,1913,1904,1848,1920,1940,1823,1843,1917,1906,1905,1880
1888: 1953,1825,1737
1951: 1926,1946,1899,1874,1933,1914
1893: 1872,1926,1874
1894: 
1895: 2014,560
1948: 1864,1986,1955,1920,1940,1823,1906,1922,1919,1890,1910,524,575
1970: 1863,1807,981,1788
1898: 1775
1900: 1851,1880,1876,1803,1844,1877,1853,1606
2222: 2158,2179,2152,2157,915,2307,2320,2305,2055,2178,2321,2341,2221,2156,2319,2322,2314,2309,2308,2016,2310,2220,2153
2311: 2267,2214,2218,2333,2331,2330,2264,2265,2040,2262,2263,2268,2266,2334,2309,2308,2016,2220,2215,2217,2299,2243,2325,2238,2251,2154,2219,2024,2312,2250,2131,2288,2252,2289,2246,2300,2253,2216,2244
1904: 1848,1867,1913,1920,1940,1823,1887,1912,1906
1905: 1880,1887,1912,1843,1917,1906,1770,1839,1851
1906: 1843,1917,1904,1848,1920,1940,1823,1948,1864,1887,1912,1922,1919,1890,1910,524,1905,1880
1907: 1830,1882,1884,1874,1871,1838,1835,1879,1938
2032: 2065,2011,2037,2092,2108,2049,2063,2102,2052,2029,2036,1995
1910: 1922,1919,1890,524,1920,1948,1864,1843,1917,1906,575
2064: 2182,2012,2186,2187,2188,2185,2259,2138,2249,2256,2162,2107,2150,1994,2184,2183,2159,2323,2163,2175,2176,2133,2062,2093,2258,2149,2127,2037,2092,2108,2049,2063,2102,2115,2076,2170
1912: 1887,1867,1913,1904,1848,1920,1940,1823,1843,1917,1906,1905,1880
1913: 1867,1904,1848,1887,1912
1914: 1933,1951,945,1625,1879,1938
1915: 1934,927,1879,1938,1820,1858
2086: 2090,2075,2236,2043,2141,2074,1966,568
1921: 1974,1963,1942,1941,1965,1986,1955
1922: 1919,1890,1910,524,1920,1940,1823,1948,1864,1917,1906,575
2034: 2101,1931,2058
1989: 2303,2306,2301,2179,2298,2307,2320,2305,2055,2178,2233,2168,2302,2166,2105,2167,2304,2190,2313,2180,2317,2316,2315
1950: 2067,2030,1966,568,2061,590,2018,1999,2020
2061: 590,2018,2036,1995,2030,1966,1987,1950,2067,1999,2020
1928: 1785
1972: 2015,2052,2029,2036,1995,946,2003,1987
2058: 1931,2101,2034,2006,2068,1973,2053
1931: 2020,2101,2034,2058
2031: 1976,2212,2287,2211,2213,2343,2207,2231,1997,2208,2210,2164,2104,2165,583,2290,2035,2087,2050,2096
1933: 1914,1951,945,1625,1879,1938
1934: 1915,927,1879,1938,1820,1858
2090: 2075,2204,2236,2258,2181,2127,2272,2201,2091,2140,2045,2132,2237,2115,2076,2170,2043,2047,2086,2141,2074
1940: 1920,1823,1986,1955,1904,1848,1948,1864,1887,1912,1917,1906,1922,1919
1941: 1965,1991,1886,1963,1942,1921,1974
1942: 1963,946,1941,1965,1921,1974
1995: 2036,2032,2052,2029,2030,1966,1972,2015,2003,1987,2061,590,2018
2125: 2239,2151,2254,2335,2271,2260,2199,2145,2198,2097,2088,2161,2173
1946: 1899,1951,1926
1947: 2171,916,506
1953: 1888,1825,1737
2113: 2114,2144,2137,2160,1982,2122,2169,2130,2177,2142,2256,2162,2135,2147,2163,2175,2176,2133,2062,2093,2121,2099,2080,2054,2134,2037,2092,2108,2049,2063
1955: 1986,1921,1974,1920,1940,1823,1948,1864
2012: 2182,2064,2186,2187,2188,2185,2259,2138,2256,2162,2107,2150,1994,2184,2183,2159,2323,2163,2175,2176,2133,2062,2093,2258,2181,2149,2127,2037,2092,2108,2049,2063,2102,2115,2076,2170
2147: 2135,2077,2103,2232,2120,2202,2270,1982,2278,2143,2122,2169,2142,2228,2227,2038,2229,2114,2144,2137,2160,2113,2121,2099,2080,2054
1960: 1776,1756,1819,1795
1961: 2155,2226,2235,2318,2205,2307,2320,2305,2055,2178,2321,2341,2221,2156,2319,2322,2314,2308,2310,2220,2153,2190,2313,2180,2317,2316,2315,2238,2251,2129,2225,2154,2248,2202,2270,1982,2278,2143,2122,2169,2112,2130,2177,2142,2259,2249,2256,2162,2247
1997: 2231,2208,2210,2209,2233,2168,2166,2105,2167,2304,2212,2287,2211,2213,2343,2207,2103,2232,2120,2346,2031,1976,2164,2104
1963: 1942,946,1941,1965,1921,1974
1986: 1955,1921,1974,1920,1940,1823,1948,1864
1965: 1941,1991,1963,1942,1921,1974
1966: 2030,2086,2036,1995,2061,590,2018,1950,2067
1967: 1936,2203,2165,583,2035,2273
1976: 2031,2212,2287,2211,2213,2343,2207,2231,1997,2208,2210,2164,2104,2165,583,2290,2035,2087,2050,2096
1977: 2039,2057,2059,2033,2004
1978: 1818,409
1979: 1883,1991,1886
1991: 1886,1979,1883,1941,1965
1992: 2073,569
2020: 2061,590,2018,1950,2067,1999,1931
1994: 2107,2150,2184,2183,2251,2129,2312,2250,2131,2288,2252,2253,2259,2138,2249,2256,2162,2247,2234,2110,2159,2323,2283,2163,2175,2176,2133,2062,2182,2064,2012,2186,2187,2188,2185,2258,2181,2149,2127
1998: 2027
1999: 2061,590,2018,1950,2067,2020,2027
2055: 2307,2320,2305,2178,2179,2222,2158,2303,1989,2306,2301,2321,2341,2221,2156,2319,2322,2314,2302,2304,2190,2313,2180,2317,2316,2315,1961,2155,2226,2235,2318,2205
2030: 1966,2036,1995,1987,2061,590,2018,1950,2067
2003: 1987,2052,2029,2036,1995,1972,2015,590
2004: 2057,2059,2033,2039,1977,575
2108: 2037,2092,2049,2063,2160,2113,2163,2175,2176,2133,2062,2093,2182,2064,2012,2186,2187,2188,2185,2080,2054,2134,2102,2065,2011,2032
2006: 2068,1973,2053,2058
2007: 1869
2162: 2259,2138,2249,2256,2247,1961,2155,2226,2235,2318,2205,2238,2251,2129,2225,2154,2248,2219,2250,2131,2252,2289,2122,2169,2112,2130,2177,2142,2107,2150,1994,2184,2183,2144,2160,2113,2163,2175,2176,2133,2062,2093,2182,2064,2012,2186,2187,2188,2185
2105: 2302,2166,2167,2304,2298,2303,1989,2306,2301,2307,2320,2305,2178,2233,2168,2190,2313,2180,2317,2316,2315,2231,1997,2208,2210,2103,2232,2120,2346,2202,2270,2278,2143
2026: 2119,1069,1620,2084,1618,1063,1065,1609,1083,1615
2011: 2065,2032,2080,2054,2037,2092,2108,2049,2063,2102,2019,2052,2029
2347: 2242,2245,2044,2240,2324,2241,2344,2215,2217,2299,2243,2325,2297,2295,2296,2291,2046,2292,2293,2246,2300,2253,2216,2244,490,2234,2110,2159,2323,2283,2094,2338,2089,2276,2261,2345,2282,2339,2340,2337,2275,2277
2014: 1895,560
2015: 1972,2052,2029,2036,1995,946,2003,1987
2016: 2309,2308,2310,2220,2153,2222,2158,2152,2157,915,2264,2265,2040,2262,2263,2321,2341,2221,2156,2322,2311,2267,2214,2218,2333,2331,2330,2155,2226,2238,2251,2225,2154,2219,2024,2131,2288,2289
2018: 2061,590,2036,1995,2030,1966,1950,2067,1999,2020
2019: 2121,2099,2080,2054,2134,2037,2092,2095,2065,2011,569
2021: 1939
2057: 2059,2033,2039,1977,575,2004
2084: 1069,1620,1605,1612,1067,1574,2026,2119,1618,1063,1065,1609,1083,1615
2024: 2219,2312,2250,2131,2288,2252,2289,2309,2308,2016,2220,2311,2267,2214,2218,2333,2331,2330,2215,2217,2299,2243,2325,2238,2251,2225,2154,2246,2300,2253,2216,2244,2107,2150,2110,2283
2027: 1998,1999
2146: 911,1337,1690,2070,2274,2336
2029: 2052,2065,2011,2032,2036,1995,946,1972,2015,2003,1987
2035: 2165,583,2290,2031,1976,1936,1967,2203,2087,2050,2096,2273,2072,2223
2036: 1995,2032,2052,2029,2030,1966,1972,2015,2003,1987,2061,590,2018
2037: 2092,2108,2049,2063,2114,2144,2137,2160,2113,2163,2175,2176,2133,2062,2093,2064,2012,2080,2054,2134,2102,2019,2065,2011,2032
2038: 2228,2227,2229,2231,2210,2103,2232,2120,2346,2202,2270,1982,2143,2164,2104,2135,2077,2147,2121,2099
2039: 1977,2057,2059,2033,2004
2040: 2264,2265,2262,2263,1671,1700,2152,2157,915,2268,2266,2334,2309,2308,2016,2310,2220,2311,2267,2214,2218,2333,2331,2330,2215,2217,2299,2243,2325
2289: 2219,2024,2312,2250,2131,2288,2252,2309,2308,2016,2310,2220,2153,2311,2267,2214,2218,2333,2331,2330,2215,2299,2238,2251,2129,2225,2154,2248,2300,2253,2216,2259,2249,2256,2162,2247,2107,2150,2184,2283
2043: 2272,2201,2280,2091,2140,2045,2281,2132,2237,2279,2139,2191,2196,2090,2075,2204,2236,2260,2199,2145,2198,2086,2141,2074,2098
2044: 2242,2245,2240,2324,2241,2347,2344,2215,2217,2299,2243,2325,2297,2295,2296,2291,2046,2292,2293,2246,2300,2253,2216,2244,490,2234,2110,2283,2094,2338,2089,2276,2261,2345,2282,2339,2340,2337,2275,2277
2045: 2272,2201,2280,2091,2140,2234,2323,2089,2276,2261,2345,2339,2337,2275,2258,2181,2149,2127,2281,2132,2237,2279,2139,2115,2076,2170,2090,2075,2204,2236,2043
2047: 2102,2115,2076,2170,2090,2075
2346: 2103,2232,2120,2233,2168,2302,2166,2105,2167,2304,2190,2231,1997,2208,2210,2202,2270,2143,2228,2227,2038
2049: 2037,2092,2108,2063,2160,2113,2163,2175,2176,2133,2062,2093,2182,2064,2012,2186,2187,2188,2185,2080,2054,2134,2102,2065,2011,2032
2050: 2087,2096,2031,1976,2164,2104,2165,583,2290,2035,2273,2255,2072,2189,2223
2232: 2103,2120,2346,2233,2168,2302,2166,2105,2167,2304,2190,2231,1997,2208,2210,2202,2270,2143,2164,2104,2228,2227,2038,2229,2147
2052: 2029,2065,2011,2032,2036,1995,946,1972,2015,2003,1987
2053: 2006,2068,1973,2058,506
2054: 2080,2134,2135,2077,2147,2114,2144,2137,2160,2113,2163,2176,2133,2093,2121,2099,2037,2092,2108,2049,2063,2095,2019,2065,2011
2059: 2057,2033,2039,1977,575,2004
2190: 2313,2180,2317,2316,2315,2303,1989,2306,2301,2307,2320,2305,2055,2178,2321,2156,2319,2314,2302,2166,2105,2167,2304,1961,2235,2318,2205,2103,2232,2120,2346,2202,2270,1982,2278,2143,2122,2169,2112,2177,2142
2062: 2163,2175,2176,2133,2093,2122,2169,2112,2130,2177,2142,2259,2138,2249,2256,2162,2247,2107,2150,1994,2184,2183,2114,2144,2137,2160,2113,2182,2064,2012,2186,2187,2188,2185,2134,2037,2092,2108,2049
2063: 2037,2092,2108,2049,2160,2113,2163,2176,2133,2093,2064,2012,2188,2080,2054,2134,2102,2065,2011,2032
2065: 2011,2032,2080,2054,2134,2037,2092,2108,2049,2063,2102,2019,2052,2029
2066: 2197,2329,2196,2002,2193,2327,2192,2328,2195,2332,2281,2191,2335,2271,2260,2199,2151,2254
2067: 1950,2030,1966,568,2061,590,2018,1999,2020
2068: 2006,1973,2053,2058
2069: 2257,2070,2336
2070: 2274,2336,2146,911,1337,2069,2148,1445,2224
2071: 918,926,2230,2326
2072: 2255,2189,2223,2165,583,2290,2035,2087,2050,2096,2273,966
2073: 569,1992,946
2074: 2141,2090,2075,2204,2236,2043,2260,2199,2145,2198,2086,2097,2042,2098,1985,2116
2075: 2090,2204,2236,2258,2181,2149,2127,2272,2201,2091,2140,2045,2132,2237,2115,2076,2170,2043,2047,2086,2074
2077: 2135,2147,2120,1982,2143,2169,2142,2228,2227,2038,2229,2114,2144,2137,2121,2099,2080,2054
2144: 2114,2137,2160,2113,2202,2270,1982,2278,2143,2122,2169,2112,2130,2177,2142,2259,2138,2256,2162,2135,2077,2147,2163,2175,2176,2133,2062,2093,2121,2099,2080,2054,2134,2037,2092
2103: 2232,2120,2346,2233,2168,2302,2166,2105,2167,2304,2190,2231,1997,2208,2210,2202,2270,2143,2164,2104,2228,2227,2038,2229,2147
2087: 2050,2096,2031,1976,2164,2104,2165,583,2290,2035,2273,2255,2072,2189,2223
2088: 2161,2173,2125,2239,2151,2097,2206,2117,580,434
2089: 2342,2094,2338,2276,2261,2345,2282,2339,2340,2337,2246,2244,2242,2245,2044,2240,2347,2344,490,2234,2110,2323,2275,2002,2193,2277,2258,2181,2272,2201,2280,2091,2140,2045,2281,2132,2237,2279,2139,2191
2091: 2272,2201,2280,2140,2045,2234,2110,2159,2323,2342,2094,2338,2089,2276,2261,2345,2282,2339,2340,2337,2275,2002,2193,2277,2258,2181,2149,2281,2132,2237,2279,2139,2191,2090,2075,2204,2236,2043
2092: 2037,2108,2049,2063,2114,2144,2137,2160,2113,2163,2175,2176,2133,2062,2093,2064,2012,2188,2185,2080,2054,2134,2102,2019,2065,2011,2032
2093: 2163,2175,2176,2133,2062,2122,2169,2130,2177,2142,2259,2138,2256,2162,2107,2183,2114,2144,2137,2160,2113,2064,2012,2185,2080,2054,2134,2037,2092,2108,2049,2063,2102
2094: 2342,2338,2089,2276,2261,2345,2282,2339,2340,2337,2246,2253,2244,2242,2245,2044,2240,2324,2241,2347,2344,490,2234,2110,2323,2283,2275,2002,2193,2277,2258,2181,2272,2201,2280,2091,2140,2281,2237,2279,2139,2191
2095: 2121,2099,2080,2054,2134,2019,569
2096: 2087,2050,2031,1976,2164,2104,2165,583,2290,2035,2273,2072,2223
2097: 2042,2098,2260,2199,2145,2198,2125,2239,2151,2254,2141,2074,2088,2161,2173,2206,1985,2116,2117,580
2098: 2097,2042,2043,2145,2198,2239,2141,2074,2161,568,2206,1985,2116,2117,580
2099: 2121,2228,2227,2038,2229,2135,2077,2147,2114,2144,2137,2160,2113,2080,2054,2134,2095,2019
2101: 2034,1931,2058,506
2102: 2175,2176,2133,2093,2182,2064,2012,2186,2188,2149,2127,2037,2092,2108,2049,2063,2115,2076,2170,2065,2011,2032,2047
2202: 2270,1982,2278,2143,2302,2166,2105,2167,2304,2190,2313,2180,2317,2316,2315,1961,2155,2226,2235,2318,2205,2103,2232,2120,2346,2122,2169,2112,2130,2177,2142,2228,2038,2135,2147,2144
2110: 2234,2159,2323,2283,2219,2024,2312,2288,2252,2246,2300,2253,2216,2244,2242,2245,2044,2240,2324,2241,2347,2344,2107,2150,1994,2184,2183,2094,2338,2089,2276,2261,2345,2282,2339,2340,2337,2182,2187,2258,2181,2149,2272,2091
2201: 2272,2280,2091,2140,2045,2094,2089,2276,2261,2345,2339,2337,2275,2002,2193,2277,2258,2181,2281,2132,2237,2279,2139,2191,2076,2090,2075,2204,2236,2043
2112: 2122,2169,2130,2177,2142,2190,2313,2180,2317,2316,2315,1961,2155,2226,2235,2318,2205,2238,2129,2225,2154,2248,2202,2270,1982,2278,2143,2259,2249,2256,2162,2247,2135,2144,2160,2163,2062
2114: 2144,2137,2160,2113,1982,2143,2122,2169,2130,2177,2142,2135,2077,2147,2163,2133,2062,2093,2121,2099,2080,2054,2134,2037,2092
2115: 2076,2170,2182,2064,2012,2186,2187,2188,2258,2181,2149,2127,2140,2045,2102,2090,2075,2204,2047
2116: 2206,1985,2117,580,2141,2074,2097,2042,2098,2161,568
2117: 2206,1985,2116,580,2141,2097,2042,2098,2088,2161,2173,568,434
2119: 2026,1069,1620,2084,1618,1063,1065,1609,1083,1615
2120: 2103,2232,2346,2233,2168,2302,2166,2105,2167,2304,2190,2180,2317,2316,2315,2231,1997,2208,2210,2202,2270,1982,2278,2143,2228,2227,2038,2229,2135,2077,2147
2121: 2099,2228,2227,2038,2229,2135,2077,2147,2114,2144,2137,2160,2113,2080,2054,2134,2095,2019
2122: 2169,2112,2130,2177,2142,2190,2180,2317,2316,1961,2155,2226,2235,2318,2205,2129,2225,2248,2202,2270,1982,2278,2143,2259,2138,2249,2256,2162,2247,2135,2147,2114,2144,2137,2160,2113,2163,2175,2176,2133,2062,2093
2123: 2285,1790,2174,2286
2238: 2251,2129,2225,2154,2248,2321,2341,2221,2156,2319,2322,2314,2309,2308,2016,2310,2220,2153,2311,2267,2214,2218,2331,2330,1961,2155,2226,2235,2318,2205,2219,2024,2312,2250,2131,2288,2252,2289,2112,2177,2259,2249,2256,2162,2247,2107,2150
2129: 2238,2251,2225,2154,2248,2341,2221,2156,2314,2220,2153,2214,2331,1961,2155,2226,2235,2318,2205,2219,2250,2131,2288,2252,2289,2122,2169,2112,2130,2177,2142,2259,2138,2249,2256,2162,2247,2107,2150,1994,2184,2183
2130: 2122,2169,2112,2177,2142,1961,2155,2235,2318,2205,2251,2129,2225,2248,2202,1982,2278,2143,2259,2138,2249,2256,2162,2247,2135,2114,2144,2137,2160,2113,2163,2175,2176,2133,2062,2093
2131: 2219,2024,2312,2250,2288,2252,2289,2309,2016,2220,2153,2311,2214,2218,2331,2330,2238,2251,2129,2225,2154,2248,2300,2253,2216,2259,2138,2249,2256,2162,2247,2107,2150,1994,2184,2183,2159,2283
2134: 2080,2054,2135,2114,2144,2137,2160,2113,2163,2175,2176,2133,2062,2093,2121,2099,2037,2092,2108,2049,2063,2095,2019,2065
2135: 2077,2147,2120,2202,2270,1982,2278,2143,2122,2169,2112,2130,2177,2142,2228,2227,2038,2114,2144,2137,2160,2113,2121,2099,2054,2134
2258: 2181,2149,2127,2107,2150,1994,2184,2183,2234,2110,2159,2323,2283,2342,2094,2338,2089,2276,2261,2345,2282,2339,2340,2337,2182,2064,2012,2186,2187,2188,2185,2272,2201,2280,2091,2140,2045,2115,2076,2170,2090,2075,2204
2137: 2114,2144,2160,2113,1982,2143,2122,2169,2130,2177,2142,2256,2135,2077,2147,2163,2176,2133,2062,2093,2121,2099,2080,2054,2134,2037,2092
2138: 2259,2249,2256,2162,2247,2251,2129,2225,2248,2250,2131,2252,2122,2169,2130,2177,2107,2150,1994,2184,2183,2144,2160,2163,2175,2176,2133,2062,2093,2182,2064,2012,2186,2187,2188,2185
2139: 2281,2132,2237,2279,2191,2094,2338,2089,2276,2261,2345,2282,2339,2340,2337,2275,2002,2193,2277,2327,2192,2328,2195,2272,2201,2280,2091,2140,2045,2197,2329,2196,2204,2236,2043,2260
2140: 2272,2201,2280,2091,2045,2234,2094,2089,2276,2261,2345,2339,2337,2275,2002,2193,2277,2258,2181,2281,2132,2237,2279,2139,2191,2115,2076,2090,2075,2204,2236,2043
2141: 2074,2090,2236,2043,2260,2199,2145,2198,2086,2097,2042,2098,568,2206,1985,2116,2117
2142: 2122,2169,2112,2130,2177,2190,2313,2180,2317,2316,2315,1961,2155,2226,2235,2318,2205,2129,2225,2248,2202,2270,1982,2278,2143,2256,2162,2247,2135,2077,2147,2114,2144,2137,2160,2113,2163,2062,2093
2148: 1530,1445,2224,2070,2274,2336,1773,410,2230
2149: 2258,2181,2127,2107,2150,1994,2184,2183,2234,2110,2159,2323,2283,2276,2261,2337,2182,2064,2012,2186,2187,2188,2185,2272,2091,2045,2102,2115,2076,2170,2075,2204
2150: 2107,1994,2184,2183,2238,2251,2129,2225,2154,2248,2219,2024,2312,2250,2131,2288,2252,2289,2246,2300,2253,2216,2244,2259,2138,2249,2256,2162,2247,2234,2110,2159,2323,2283,2163,2175,2176,2062,2182,2064,2012,2186,2187,2188,2185,2258,2181,2149,2127
2151: 2125,2239,2254,2066,2197,2329,2196,2335,2271,2260,2199,2145,2198,2097,2088,2161
2152: 2157,915,1671,1700,2222,2158,2264,2265,2040,2262,2263,2321,2341,2221,2156,2319,2322,2309,2308,2016,2310,2220,2153,2267,2214,2218,2333,2331,2330
2153: 2309,2308,2016,2310,2220,2222,2158,2152,2157,2265,2263,2321,2341,2221,2156,2319,2322,2314,2214,2218,2331,2330,1961,2155,2226,2235,2318,2205,2238,2251,2129,2225,2154,2248,2219,2250,2131,2252,2289
2154: 2238,2251,2129,2225,2248,2321,2341,2221,2156,2322,2314,2309,2308,2016,2310,2220,2153,2311,2267,2214,2218,2331,2330,1961,2155,2226,2235,2318,2205,2219,2024,2312,2250,2131,2288,2252,2289,2112,2177,2259,2249,2256,2162,2247,2107,2150
2155: 1961,2226,2235,2318,2205,2307,2320,2055,2178,2321,2341,2221,2156,2319,2322,2314,2309,2308,2016,2310,2220,2153,2313,2180,2317,2316,2315,2238,2251,2129,2225,2154,2248,2202,2278,2122,2169,2112,2130,2177,2142,2259,2249,2256,2162,2247
2156: 2321,2341,2221,2319,2322,2314,2179,2222,2158,2152,2157,2307,2320,2305,2055,2178,2309,2308,2016,2310,2220,2153,2190,2313,2180,2317,2316,2315,1961,2155,2226,2235,2318,2205,2238,2251,2129,2225,2154,2248
2157: 2152,915,1671,1700,2222,2158,2264,2265,2040,2262,2263,2321,2341,2221,2156,2319,2322,2314,2309,2308,2016,2310,2220,2153,2267,2214,2218,2333,2331,2330
2158: 2222,2179,2152,2157,915,2307,2320,2305,2055,2178,2321,2341,2221,2156,2319,2322,2314,2309,2308,2016,2310,2220,2153
2159: 2234,2110,2323,2283,2219,2312,2250,2131,2288,2252,2246,2300,2253,2216,2244,2245,2240,2347,2107,2150,1994,2184,2183,2276,2261,2282,2339,2337,2182,2064,2012,2186,2187,2188,2185,2258,2181,2149,2127,2272,2091
2160: 2114,2144,2137,2113,1982,2143,2122,2169,2112,2130,2177,2142,2259,2138,2249,2256,2162,2247,2135,2147,2163,2175,2176,2133,2062,2093,2121,2099,2080,2054,2134,2037,2092,2108,2049,2063
2161: 2088,2173,2260,2199,2145,2198,2125,2239,2151,2254,2097,2042,2098,2206,1985,2116,2117,580
2164: 2104,2212,2287,2211,2213,2207,1997,2208,2210,2103,2232,2031,1976,2228,2227,2038,2229,2087,2050,2096
2165: 583,2290,2035,2031,1976,1936,1967,2203,2087,2050,2096,2273,2072,2223
2166: 2302,2105,2167,2304,2298,2303,1989,2306,2301,2307,2320,2305,2178,2233,2168,2190,2313,2180,2317,2316,2315,2231,1997,2208,2210,2103,2232,2120,2346,2202,2270,2278,2143
2167: 2302,2166,2105,2304,2298,2303,1989,2306,2301,2307,2320,2305,2178,2233,2168,2190,2313,2180,2317,2316,2315,2231,1997,2208,2210,2103,2232,2120,2346,2202,2270,1982,2278,2143
2168: 2233,2298,2303,1989,2306,2301,2209,2302,2166,2105,2167,2304,2211,2207,2231,1997,2208,2210,2103,2232,2120,2346
2169: 2122,2112,2130,2177,2142,2190,2180,2317,2316,1961,2155,2226,2235,2318,2205,2129,2225,2248,2202,2270,1982,2278,2143,2259,2138,2249,2256,2162,2247,2135,2077,2147,2114,2144,2137,2160,2113,2163,2175,2176,2133,2062,2093
2170: 2115,2076,2182,2064,2012,2186,2187,2188,2185,2258,2181,2149,2127,2272,2045,2102,2090,2075,2204,2047
2171: 1947,916,506
2221: 2321,2341,2156,2319,2322,2314,2179,2222,2158,2152,2157,915,2307,2320,2305,2055,2178,2309,2308,2016,2310,2220,2153,2313,2316,2315,1961,2155,2226,2235,2318,2205,2238,2251,2129,2225,2154,2248
2173: 2088,2161,2125,2239,2097,2206,2117,580,434
2174: 2286,1790,2285,2123
2175: 2163,2176,2133,2062,2093,2122,2169,2130,2177,2259,2138,2249,2256,2162,2247,2107,2150,1994,2184,2183,2144,2160,2113,2182,2064,2012,2186,2187,2188,2185,2134,2037,2092,2108,2049,2102
2176: 2163,2175,2133,2062,2093,2122,2169,2130,2177,2259,2138,2249,2256,2162,2107,2150,1994,2184,2183,2144,2137,2160,2113,2182,2064,2012,2186,2187,2188,2185,2054,2134,2037,2092,2108,2049,2063,2102
2177: 2122,2169,2112,2130,2142,2190,2313,2180,2317,2316,2315,1961,2155,2226,2235,2318,2205,2238,2251,2129,2225,2154,2248,2202,2270,1982,2278,2143,2259,2138,2249,2256,2162,2247,2135,2114,2144,2137,2160,2113,2163,2175,2176,2133,2062,2093
2178: 2307,2320,2305,2055,2179,2222,2158,2303,1989,2306,2301,2321,2341,2221,2156,2319,2322,2314,2302,2166,2105,2167,2304,2190,2313,2180,2317,2316,2315,1961,2155,2226,2235,2318,2205
2179: 2222,2158,2303,1989,2306,2301,2307,2320,2305,2055,2178,2321,2341,2221,2156,2319,2322,2314
2180: 2190,2313,2317,2316,2315,2303,1989,2306,2301,2307,2320,2305,2055,2178,2321,2341,2156,2319,2314,2302,2166,2105,2167,2304,1961,2155,2226,2235,2318,2205,2120,2202,2270,1982,2278,2143,2122,2169,2112,2177,2142
2181: 2258,2149,2127,2107,2150,1994,2184,2183,2234,2110,2159,2323,2283,2342,2094,2338,2089,2276,2261,2345,2282,2339,2340,2337,2182,2012,2186,2187,2188,2272,2201,2280,2091,2140,2045,2115,2076,2170,2090,2075,2204
2182: 2064,2012,2186,2187,2188,2185,2259,2138,2249,2256,2162,2107,2150,1994,2184,2183,2234,2110,2159,2323,2283,2163,2175,2176,2133,2062,2258,2181,2149,2127,2108,2049,2102,2115,2076,2170
2183: 2107,2150,1994,2184,2251,2129,2248,2312,2250,2131,2288,2252,2259,2138,2249,2256,2162,2247,2234,2110,2159,2323,2283,2163,2175,2176,2133,2062,2093,2182,2064,2012,2186,2187,2188,2185,2258,2181,2149,2127
2184: 2107,2150,1994,2183,2251,2129,2219,2312,2250,2131,2288,2252,2289,2300,2253,2216,2259,2138,2249,2256,2162,2247,2234,2110,2159,2323,2283,2163,2175,2176,2133,2062,2182,2064,2012,2186,2187,2188,2185,2258,2181,2149,2127
2185: 2182,2064,2012,2186,2187,2188,2259,2138,2249,2256,2162,2247,2107,2150,1994,2184,2183,2159,2323,2283,2163,2175,2176,2133,2062,2093,2258,2149,2127,2092,2108,2049,2170
2186: 2182,2064,2012,2187,2188,2185,2259,2138,2256,2162,2107,2150,1994,2184,2183,2234,2159,2323,2283,2163,2175,2176,2133,2062,2258,2181,2149,2127,2108,2049,2102,2115,2076,2170
2187: 2182,2064,2012,2186,2188,2185,2259,2138,2162,2107,2150,1994,2184,2183,2234,2110,2159,2323,2283,2163,2175,2176,2133,2062,2258,2181,2149,2127,2108,2049,2115,2076,2170
2188: 2182,2064,2012,2186,2187,2185,2259,2138,2162,2107,2150,1994,2184,2183,2234,2159,2323,2283,2163,2175,2176,2133,2062,2258,2181,2149,2127,2092,2108,2049,2063,2102,2115,2076,2170
2189: 2255,2072,2223,2087,2050,966
2191: 2281,2132,2237,2279,2139,2094,2338,2089,2276,2345,2339,2340,2275,2002,2193,2277,2327,2192,2328,2195,2272,2201,2280,2091,2140,2066,2197,2329,2196,2236,2043,2260,2199,2198
2192: 2327,2328,2195,490,2275,2002,2193,2277,2332,2281,2132,2237,2279,2139,2191,2066,2197,2329,2196,2335,2271
2193: 2275,2002,2277,2242,2245,2344,490,2094,2338,2089,2276,2261,2345,2339,2340,2337,2327,2192,2328,2195,2272,2201,2280,2091,2140,2281,2132,2237,2279,2139,2191,2066,2197,2329,2196
2344: 2242,2245,2044,2240,2324,2241,2347,2215,2217,2299,2243,2325,2297,2295,2296,2291,2046,2292,2293,2246,2300,2253,2216,2244,490,2234,2110,2283,2094,2338,2089,2276,2261,2345,2282,2339,2340,2337,2275,2193,2277
2195: 2327,2192,2328,490,2275,2002,2193,2277,2332,2281,2132,2237,2279,2139,2191,2066,2197,2329,2196,2335,2271
2196: 2066,2197,2329,2275,2002,2193,2277,2327,2192,2328,2195,2332,2281,2132,2237,2279,2139,2191,2335,2271,2043,2260,2199,2145,2198,2151,2254
2197: 2066,2329,2196,2275,2002,2193,2277,2327,2192,2328,2195,2332,2281,2132,2237,2279,2139,2191,2335,2271,2260,2199,2145,2198,2151,2254
2198: 2260,2199,2145,2281,2132,2237,2191,2197,2329,2196,2271,2043,2125,2239,2151,2254,2141,2074,2097,2042,2098,2161
2199: 2260,2145,2198,2281,2132,2237,2279,2191,2066,2197,2329,2196,2335,2271,2043,2125,2239,2151,2254,2141,2074,2097,2161
2343: 2212,2287,2211,2213,2207,2209,1997,2208,2210,2031,1976
2203: 1936,1967,2165,583,2290,2035,2273
2204: 2090,2075,2236,2258,2181,2149,2127,2272,2201,2280,2091,2140,2045,2281,2132,2237,2279,2139,2115,2076,2170,2043,2074
2205: 1961,2155,2226,2235,2318,2307,2320,2305,2055,2178,2321,2341,2221,2156,2319,2314,2153,2190,2313,2180,2317,2316,2315,2238,2251,2129,2225,2154,2248,2202,2270,1982,2278,2143,2122,2169,2112,2130,2177,2142,2259,2249,2256,2162,2247
2206: 1985,2116,2117,580,2141,2097,2042,2098,2088,2161,2173,568,434
2207: 2212,2287,2211,2213,2343,2209,2233,2168,2231,1997,2208,2210,2031,1976,2164,2104
2208: 2231,1997,2210,2209,2233,2168,2302,2166,2105,2167,2304,2212,2287,2211,2213,2343,2207,2103,2232,2120,2346,2031,1976,2164,2104,2227
2209: 2298,2233,2168,2212,2287,2211,2213,2343,2207,2231,1997,2208,2210
2210: 2231,1997,2208,2209,2233,2168,2302,2166,2105,2167,2304,2212,2287,2211,2213,2343,2207,2103,2232,2120,2346,2031,1976,2164,2104,2227,2038,2229
2211: 2212,2287,2213,2343,2207,2209,2233,2168,2231,1997,2208,2210,2031,1976,2164,2104
2212: 2287,2211,2213,2343,2207,2209,1997,2208,2210,2031,1976,2164
2213: 2212,2287,2211,2343,2207,2209,2233,2231,1997,2208,2210,2031,1976,2164,2104
2214: 2311,2267,2218,2333,2331,2330,2152,2157,915,2264,2265,2040,2262,2263,2268,2266,2334,2309,2308,2016,2310,2220,2153,2215,2217,2299,2243,2325,2238,2251,2129,2225,2154,2219,2024,2312,2250,2131,2288,2252,2289,2246,2300,2253,2216,2244
2215: 2217,2299,2243,2325,2264,2265,2040,2262,2263,2268,2266,2334,2294,2311,2267,2214,2218,2333,2331,2330,2297,2295,2296,2291,2046,2292,2293,2219,2024,2312,2250,2288,2252,2289,2246,2300,2253,2216,2244,2242,2245,2044,2240,2324,2241,2347,2344
2216: 2246,2300,2253,2244,2311,2267,2214,2218,2333,2331,2330,2215,2217,2299,2243,2325,2046,2293,2219,2024,2312,2250,2131,2288,2252,2289,2242,2245,2044,2240,2324,2241,2347,2344,2107,2150,2184,2234,2110,2159,2323,2283,2282,2339
2217: 2215,2299,2243,2325,2264,2265,2040,2262,2263,2268,2266,2334,2294,2311,2267,2214,2218,2333,2331,2330,2297,2295,2296,2291,2046,2292,2293,2219,2024,2312,2288,2246,2300,2253,2216,2244,2242,2245,2044,2240,2324,2241,2347,2344
2218: 2311,2267,2214,2333,2331,2330,2152,2157,915,2264,2265,2040,2262,2263,2268,2266,2334,2309,2308,2016,2310,2220,2153,2215,2217,2299,2243,2325,2238,2251,2225,2154,2219,2024,2312,2250,2131,2288,2252,2289,2246,2300,2216
2219: 2024,2312,2250,2131,2288,2252,2289,2309,2308,2016,2220,2153,2311,2267,2214,2218,2333,2331,2330,2215,2217,2299,2243,2325,2238,2251,2129,2225,2154,2248,2246,2300,2253,2216,2244,2249,2162,2247,2107,2150,2184,2110,2159,2283
2220: 2309,2308,2016,2310,2153,2222,2158,2152,2157,915,2264,2265,2040,2262,2263,2321,2341,2221,2156,2322,2311,2267,2214,2218,2333,2331,2330,1961,2155,2226,2235,2238,2251,2129,2225,2154,2248,2219,2024,2312,2250,2131,2288,2252,2289
2223: 2255,2072,2189,2165,583,2290,2035,2087,2050,2096,2273,966
2224: 2148,1530,1445,2070,2274,2336,1773,410,2230
2225: 2238,2251,2129,2154,2248,2321,2341,2221,2156,2319,2322,2314,2309,2308,2016,2310,2220,2153,2214,2218,2331,2330,1961,2155,2226,2235,2318,2205,2219,2024,2250,2131,2288,2252,2289,2122,2169,2112,2130,2177,2142,2259,2138,2249,2256,2162,2247,2107,2150
2226: 1961,2155,2235,2318,2205,2307,2320,2305,2055,2178,2321,2341,2221,2156,2319,2322,2314,2309,2308,2016,2310,2220,2153,2313,2180,2317,2316,2315,2238,2251,2129,2225,2154,2248,2202,2278,2122,2169,2112,2177,2142,2249,2256,2162,2247
2227: 2228,2038,2229,2208,2210,2103,2232,2120,2346,2270,1982,2143,2164,2104,2135,2077,2147,2121,2099
2228: 2227,2038,2229,2231,2103,2232,2120,2346,2202,2270,1982,2278,2143,2164,2104,2135,2077,2147,2121,2099
2229: 2228,2227,2038,2210,2103,2232,2120,1982,2143,2164,2104,2077,2147,2121,2099
2230: 926,2326,1773,2148,1530,1445,2224,2071
2231: 1997,2208,2210,2209,2233,2168,2302,2166,2105,2167,2304,2211,2213,2207,2103,2232,2120,2346,2031,1976,2228,2038
2235: 1961,2155,2226,2318,2205,2307,2320,2305,2055,2178,2321,2341,2221,2156,2319,2322,2314,2310,2220,2153,2190,2313,2180,2317,2316,2315,2238,2251,2129,2225,2154,2248,2202,2270,1982,2278,2143,2122,2169,2112,2130,2177,2142,2259,2249,2256,2162,2247
2236: 2090,2075,2204,2272,2201,2280,2091,2140,2045,2281,2132,2237,2279,2139,2191,2076,2043,2086,2141,2074
2237: 2281,2132,2279,2139,2191,2094,2338,2089,2276,2261,2345,2340,2337,2275,2002,2193,2277,2192,2328,2195,2272,2201,2280,2091,2140,2045,2197,2329,2196,2090,2075,2204,2236,2043,2260,2199,2145,2198
2239: 2125,2151,2254,2335,2271,2260,2199,2145,2198,2097,2042,2098,2088,2161,2173
2240: 2242,2245,2044,2324,2241,2347,2344,2215,2217,2299,2243,2325,2297,2295,2296,2291,2046,2292,2293,2246,2300,2253,2216,2244,490,2234,2110,2159,2323,2283,2094,2338,2089,2276,2261,2345,2282,2339,2340,2337,2275,2277
2241: 2242,2245,2044,2240,2324,2347,2344,2215,2217,2299,2243,2325,2297,2295,2296,2291,2046,2292,2293,2246,2300,2253,2216,2244,490,2234,2110,2283,2094,2338,2276,2282,2339,2340
2242: 2245,2044,2240,2324,2241,2347,2344,2215,2217,2299,2243,2325,2297,2295,2296,2291,2046,2292,2293,2246,2300,2253,2216,2244,490,2234,2110,2094,2338,2089,2276,2261,2345,2282,2339,2340,2275,2002,2193,2277
2243: 2215,2217,2299,2325,2264,2265,2040,2262,2263,2268,2266,2334,2294,2311,2267,2214,2218,2333,2331,2330,2297,2295,2296,2291,2046,2292,2293,2219,2024,2312,2288,2246,2300,2253,2216,2244,2242,2245,2044,2240,2324,2241,2347,2344
2244: 2246,2300,2253,2216,2311,2267,2214,2333,2215,2217,2299,2243,2325,2297,2295,2296,2291,2046,2292,2293,2219,2024,2312,2288,2252,2242,2245,2044,2240,2324,2241,2347,2344,2107,2150,2234,2110,2159,2323,2283,2094,2338,2089,2276,2261,2345,2282,2339,2340,2337
2245: 2242,2044,2240,2324,2241,2347,2344,2215,2217,2299,2243,2325,2297,2295,2296,2291,2046,2292,2293,2246,2300,2253,2216,2244,490,2234,2110,2159,2323,2283,2342,2094,2338,2089,2276,2261,2345,2282,2339,2340,2337,2275,2002,2193,2277
2246: 2300,2253,2216,2244,2311,2267,2214,2218,2333,2331,2215,2217,2299,2243,2325,2297,2295,2296,2291,2046,2292,2293,2219,2024,2312,2250,2288,2252,2242,2245,2044,2240,2324,2241,2347,2344,2107,2150,2234,2110,2159,2323,2283,2094,2338,2089,2276,2261,2282,2339,2340,2337
2247: 2259,2138,2249,2256,2162,1961,2155,2226,2235,2318,2205,2238,2251,2129,2225,2154,2248,2219,2312,2250,2131,2288,2252,2289,2122,2169,2112,2130,2177,2142,2107,2150,1994,2184,2183,2160,2163,2175,2062,2185
2248: 2238,2251,2129,2225,2154,2321,2341,2221,2156,2314,2220,2153,1961,2155,2226,2235,2318,2205,2219,2250,2131,2252,2289,2122,2169,2112,2130,2177,2142,2259,2138,2249,2256,2162,2247,2107,2150,2183
2249: 2259,2138,2256,2162,2247,1961,2155,2226,2235,2318,2205,2238,2251,2129,2225,2154,2248,2219,2312,2250,2131,2288,2252,2289,2122,2169,2112,2130,2177,2107,2150,1994,2184,2183,2160,2163,2175,2176,2062,2182,2064,2185
2250: 2219,2024,2312,2131,2288,2252,2289,2220,2153,2311,2214,2218,2331,2330,2215,2238,2251,2129,2225,2154,2248,2246,2300,2253,2216,2259,2138,2249,2256,2162,2247,2107,2150,1994,2184,2183,2159,2283
2251: 2238,2129,2225,2154,2248,2221,2156,2309,2308,2016,2310,2220,2153,2311,2214,2218,2331,2330,1961,2155,2226,2235,2205,2219,2024,2312,2250,2131,2288,2252,2289,2130,2177,2259,2138,2249,2256,2162,2247,2107,2150,1994,2184,2183
2252: 2219,2024,2312,2250,2131,2288,2289,2220,2153,2311,2214,2218,2331,2330,2215,2238,2251,2129,2225,2154,2248,2246,2300,2253,2216,2244,2259,2138,2249,2256,2162,2247,2107,2150,1994,2184,2183,2110,2159,2323,2283
2253: 2246,2300,2216,2244,2311,2214,2331,2215,2217,2299,2243,2325,2297,2293,2219,2024,2312,2250,2131,2288,2252,2289,2242,2245,2044,2240,2324,2241,2347,2344,2107,2150,1994,2184,2234,2110,2159,2323,2283,2094,2338,2276,2261,2282,2339,2340,2337
2254: 2125,2239,2151,2066,2197,2329,2196,2335,2271,2260,2199,2145,2198,2097,2161
2256: 2259,2138,2249,2162,2247,1961,2155,2226,2235,2318,2205,2238,2251,2129,2225,2154,2248,2250,2131,2252,2289,2122,2169,2112,2130,2177,2142,2107,2150,1994,2184,2183,2144,2137,2160,2113,2163,2175,2176,2133,2062,2093,2182,2064,2012,2186,2185
2257: 1817,2069,1689
2259: 2138,2249,2256,2162,2247,1961,2155,2235,2205,2238,2251,2129,2225,2154,2248,2312,2250,2131,2252,2289,2122,2169,2112,2130,2177,2107,2150,1994,2184,2183,2144,2160,2163,2175,2176,2133,2062,2093,2182,2064,2012,2186,2187,2188,2185
2260: 2199,2145,2198,2281,2132,2237,2279,2139,2191,2066,2197,2329,2196,2335,2271,2043,2125,2239,2151,2254,2141,2074,2097,2161
2262: 2264,2265,2040,2263,1671,1700,2152,2157,915,2268,2266,2334,2309,2308,2016,2310,2220,2311,2267,2214,2218,2333,2331,2330,2215,2217,2299,2243,2325
2263: 2264,2265,2040,2262,1671,1700,2152,2157,915,2268,2266,2334,2309,2308,2016,2310,2220,2153,2311,2267,2214,2218,2333,2331,2330,2215,2217,2299,2243,2325
2264: 2265,2040,2262,2263,1671,1700,2152,2157,915,2268,2266,2334,2309,2308,2016,2310,2220,2311,2267,2214,2218,2333,2331,2330,2215,2217,2299,2243
2265: 2264,2040,2262,2263,1671,1700,2152,2157,915,2268,2266,2334,2309,2308,2016,2310,2220,2153,2311,2267,2214,2218,2333,2331,2330,2215,2217,2299,2243,2325
2266: 2268,2334,1671,1700,2264,2265,2040,2262,2263,2294,2311,2267,2214,2218,2333,2331,2330,2215,2217,2299,2243,2325,2296,2291,2046,2292,2293
2267: 2311,2214,2218,2333,2331,2330,2152,2157,915,2264,2265,2040,2262,2263,2268,2266,2334,2309,2308,2016,2310,2220,2215,2217,2299,2243,2325,2238,2154,2219,2024,2312,2288,2289,2246,2300,2216,2244
2268: 2266,2334,1671,1700,2264,2265,2040,2262,2263,2294,2311,2267,2214,2218,2333,2331,2330,2215,2217,2299,2243,2325,2297,2295,2296,2291,2046,2292,2293
2307: 2320,2305,2055,2178,2179,2222,2158,2303,1989,2306,2301,2321,2341,2221,2156,2319,2322,2314,2302,2166,2105,2167,2304,2190,2313,2180,2317,2316,2315,1961,2155,2226,2235,2318,2205
2270: 2202,1982,2278,2143,2302,2166,2105,2167,2304,2190,2313,2180,2317,2316,2315,1961,2235,2318,2205,2103,2232,2120,2346,2122,2169,2112,2177,2142,2228,2227,2038,2135,2147,2144
2271: 2335,2327,2192,2328,2195,2332,2066,2197,2329,2196,2260,2199,2145,2198,2125,2239,2151,2254
2272: 2201,2280,2091,2140,2045,2234,2110,2159,2323,2283,2342,2094,2338,2089,2276,2261,2345,2282,2339,2340,2337,2275,2002,2193,2277,2258,2181,2149,2127,2281,2132,2237,2279,2139,2191,2076,2170,2090,2075,2204,2236,2043
2273: 1936,1967,2203,2165,583,2290,2035,2087,2050,2096,2072,2223
2274: 2070,2336,2146,911,1337,2148,1530,1445,2224
2275: 2002,2193,2277,2242,2245,2044,2240,2324,2347,2344,490,2342,2094,2338,2089,2276,2261,2345,2282,2339,2340,2337,2327,2192,2328,2195,2272,2201,2280,2091,2140,2045,2281,2132,2237,2279,2139,2191,2197,2329,2196
2276: 2342,2094,2338,2089,2261,2345,2282,2339,2340,2337,2246,2253,2244,2242,2245,2044,2240,2324,2241,2347,2344,490,2234,2110,2159,2323,2283,2275,2002,2193,2277,2258,2181,2149,2272,2201,2280,2091,2140,2045,2281,2132,2237,2279,2139,2191
2277: 2275,2002,2193,2242,2245,2044,2240,2324,2347,2344,490,2094,2338,2089,2276,2261,2345,2282,2339,2340,2337,2327,2192,2328,2195,2272,2201,2280,2091,2140,2281,2132,2237,2279,2139,2191,2197,2329,2196
2278: 2202,2270,1982,2143,2302,2166,2105,2167,2304,2190,2313,2180,2317,2316,2315,1961,2155,2226,2235,2318,2205,2120,2122,2169,2112,2130,2177,2142,2228,2135,2147,2144
2279: 2281,2132,2237,2139,2191,2094,2338,2089,2276,2261,2345,2339,2340,2337,2275,2002,2193,2277,2327,2192,2328,2195,2272,2201,2280,2091,2140,2045,2197,2329,2196,2204,2236,2043,2260,2199
2280: 2272,2201,2091,2140,2045,2234,2094,2338,2089,2276,2261,2345,2282,2339,2340,2337,2275,2002,2193,2277,2258,2181,2281,2132,2237,2279,2139,2191,2204,2236,2043
2282: 2342,2094,2338,2089,2276,2261,2345,2339,2340,2337,2246,2300,2253,2216,2244,2242,2245,2044,2240,2324,2241,2347,2344,490,2234,2110,2159,2323,2283,2275,2277,2258,2181,2272,2280,2091,2139
2283: 2234,2110,2159,2323,2219,2024,2312,2250,2131,2288,2252,2289,2246,2300,2253,2216,2244,2245,2044,2240,2324,2241,2347,2344,2107,2150,1994,2184,2183,2094,2338,2276,2261,2282,2339,2337,2182,2186,2187,2188,2185,2258,2181,2149,2272
2345: 2342,2094,2338,2089,2276,2261,2282,2339,2340,2337,2244,2242,2245,2044,2240,2347,2344,490,2234,2110,2323,2275,2002,2193,2277,2258,2181,2272,2201,2280,2091,2140,2045,2281,2132,2237,2279,2139,2191
2285: 2123,1790,2174,2286
2286: 2174,1790,2285,2123
2287: 2212,2211,2213,2343,2207,2209,2233,1997,2208,2210,2031,1976,2164
2288: 2219,2024,2312,2250,2131,2252,2289,2309,2016,2220,2311,2267,2214,2218,2333,2331,2330,2215,2217,2299,2243,2325,2238,2251,2129,2225,2154,2246,2300,2253,2216,2244,2249,2247,2107,2150,1994,2184,2183,2110,2159,2283
2290: 2165,583,2035,2031,1976,1936,2203,2087,2050,2096,2273,2072,2223
2291: 2297,2295,2296,2046,2292,2293,2268,2266,2334,2294,2215,2217,2299,2243,2325,2246,2300,2244,2242,2245,2044,2240,2324,2241,2347,2344,490
2292: 2297,2295,2296,2291,2046,2293,2268,2266,2334,2294,2215,2217,2299,2243,2325,2246,2300,2244,2242,2245,2044,2240,2324,2241,2347,2344,490
2293: 2297,2295,2296,2291,2046,2292,2268,2266,2334,2294,2215,2217,2299,2243,2325,2246,2300,2253,2216,2244,2242,2245,2044,2240,2324,2241,2347,2344,490
2294: 2268,2266,2334,2215,2217,2299,2243,2325,2297,2295,2296,2291,2046,2292,2293
2295: 2297,2296,2291,2046,2292,2293,2268,2334,2294,2215,2217,2299,2243,2325,2246,2300,2244,2242,2245,2044,2240,2324,2241,2347,2344,490
2296: 2297,2295,2291,2046,2292,2293,2268,2266,2334,2294,2215,2217,2299,2243,2325,2246,2244,2242,2245,2044,2240,2324,2241,2347,2344,490
2297: 2295,2296,2291,2046,2292,2293,2268,2334,2294,2215,2217,2299,2243,2325,2246,2300,2253,2244,2242,2245,2044,2240,2324,2241,2347,2344,490
2298: 2303,1989,2306,2301,2209,2233,2168,2302,2166,2105,2167,2304
2299: 2215,2217,2243,2325,2264,2265,2040,2262,2263,2268,2266,2334,2294,2311,2267,2214,2218,2333,2331,2330,2297,2295,2296,2291,2046,2292,2293,2219,2024,2312,2288,2289,2246,2300,2253,2216,2244,2242,2245,2044,2240,2324,2241,2347,2344
2300: 2246,2253,2216,2244,2311,2267,2214,2218,2333,2331,2330,2215,2217,2299,2243,2325,2297,2295,2291,2046,2292,2293,2219,2024,2312,2250,2131,2288,2252,2289,2242,2245,2044,2240,2324,2241,2347,2344,2107,2150,2184,2234,2110,2159,2283,2282,2339
2301: 2303,1989,2306,2179,2298,2307,2320,2305,2055,2178,2233,2168,2302,2166,2105,2167,2304,2190,2313,2180,2317,2316,2315
2302: 2166,2105,2167,2304,2298,2303,1989,2306,2301,2307,2320,2305,2055,2178,2233,2168,2190,2313,2180,2317,2316,2315,2231,2208,2210,2103,2232,2120,2346,2202,2270,2278
2303: 1989,2306,2301,2179,2298,2307,2320,2305,2055,2178,2233,2168,2302,2166,2105,2167,2304,2190,2313,2180,2317,2316,2315
2304: 2302,2166,2105,2167,2298,2303,1989,2306,2301,2307,2320,2305,2055,2178,2233,2168,2190,2313,2180,2317,2316,2315,2231,1997,2208,2210,2103,2232,2120,2346,2202,2270,2278,2143
2305: 2307,2320,2055,2178,2179,2222,2158,2303,1989,2306,2301,2321,2341,2221,2156,2319,2322,2314,2302,2166,2105,2167,2304,2190,2313,2180,2317,2316,2315,1961,2226,2235,2318,2205
2306: 2303,1989,2301,2179,2298,2307,2320,2305,2055,2178,2233,2168,2302,2166,2105,2167,2304,2190,2313,2180,2317,2316,2315
2308: 2309,2016,2310,2220,2153,2222,2158,2152,2157,915,2264,2265,2040,2262,2263,2321,2341,2221,2156,2319,2322,2314,2311,2267,2214,2218,2333,2331,2330,1961,2155,2226,2238,2251,2225,2154,2219,2024,2289
2309: 2308,2016,2310,2220,2153,2222,2158,2152,2157,915,2264,2265,2040,2262,2263,2341,2221,2156,2322,2311,2267,2214,2218,2333,2331,2330,2155,2226,2238,2251,2225,2154,2219,2024,2131,2288,2289
2310: 2309,2308,2016,2220,2153,2222,2158,2152,2157,915,2264,2265,2040,2262,2263,2321,2341,2221,2156,2319,2322,2314,2267,2214,2218,2333,2331,2330,1961,2155,2226,2235,2238,2251,2225,2154,2289
2313: 2190,2180,2317,2316,2315,2303,1989,2306,2301,2307,2320,2305,2055,2178,2321,2341,2221,2156,2319,2322,2314,2302,2166,2105,2167,2304,1961,2155,2226,2235,2318,2205,2202,2270,2278,2112,2177,2142
2314: 2321,2341,2221,2156,2319,2322,2179,2222,2158,2157,2307,2320,2305,2055,2178,2308,2310,2153,2190,2313,2180,2317,2316,2315,1961,2155,2226,2235,2318,2205,2238,2129,2225,2154,2248
2315: 2190,2313,2180,2317,2316,2303,1989,2306,2301,2307,2320,2305,2055,2178,2321,2341,2221,2156,2319,2322,2314,2302,2166,2105,2167,2304,1961,2155,2226,2235,2318,2205,2120,2202,2270,2278,2112,2177,2142
2316: 2190,2313,2180,2317,2315,2303,1989,2306,2301,2307,2320,2305,2055,2178,2321,2341,2221,2156,2319,2322,2314,2302,2166,2105,2167,2304,1961,2155,2226,2235,2318,2205,2120,2202,2270,1982,2278,2143,2122,2169,2112,2177,2142
2317: 2190,2313,2180,2316,2315,2303,1989,2306,2301,2307,2320,2305,2055,2178,2321,2341,2156,2319,2314,2302,2166,2105,2167,2304,1961,2155,2226,2235,2318,2205,2120,2202,2270,1982,2278,2143,2122,2169,2112,2177,2142
2318: 1961,2155,2226,2235,2205,2307,2320,2305,2055,2178,2321,2341,2221,2156,2319,2322,2314,2153,2190,2313,2180,2317,2316,2315,2238,2129,2225,2154,2248,2202,2270,1982,2278,2143,2122,2169,2112,2130,2177,2142,2249,2256,2162,2247
2319: 2321,2341,2221,2156,2322,2314,2179,2222,2158,2152,2157,2307,2320,2305,2055,2178,2308,2310,2153,2190,2313,2180,2317,2316,2315,1961,2155,2226,2235,2318,2205,2238,2225
2320: 2307,2305,2055,2178,2179,2222,2158,2303,1989,2306,2301,2321,2341,2221,2156,2319,2322,2314,2302,2166,2105,2167,2304,2190,2313,2180,2317,2316,2315,1961,2155,2226,2235,2318,2205
2322: 2321,2341,2221,2156,2319,2314,2179,2222,2158,2152,2157,915,2307,2320,2305,2055,2178,2309,2308,2016,2310,2220,2153,2313,2316,2315,1961,2155,2226,2235,2318,2238,2225,2154
2323: 2234,2110,2159,2283,2312,2252,2246,2253,2216,2244,2245,2240,2347,2107,2150,1994,2184,2183,2094,2338,2089,2276,2261,2345,2282,2339,2337,2182,2064,2012,2186,2187,2188,2185,2258,2181,2149,2127,2272,2091,2045
2324: 2242,2245,2044,2240,2241,2347,2344,2215,2217,2299,2243,2325,2297,2295,2296,2291,2046,2292,2293,2246,2300,2253,2216,2244,490,2110,2283,2094,2338,2276,2282,2339,2340,2275,2277
2325: 2215,2217,2299,2243,2265,2040,2262,2263,2268,2266,2334,2294,2311,2267,2214,2218,2333,2331,2330,2297,2295,2296,2291,2046,2292,2293,2219,2024,2312,2288,2246,2300,2253,2216,2244,2242,2245,2044,2240,2324,2241,2347,2344
2326: 926,2230,1773,1530,1445,2071,918
2327: 2192,2328,2195,490,2275,2002,2193,2277,2332,2281,2279,2139,2191,2066,2197,2329,2196,2335,2271
2328: 2327,2192,2195,490,2275,2002,2193,2277,2332,2281,2132,2237,2279,2139,2191,2066,2197,2329,2196,2335,2271
2329: 2066,2197,2196,2275,2002,2193,2277,2327,2192,2328,2195,2332,2281,2132,2237,2279,2139,2191,2335,2271,2260,2199,2198,2151,2254
2330: 2311,2267,2214,2218,2333,2331,2152,2157,915,2264,2265,2040,2262,2263,2268,2266,2334,2309,2308,2016,2310,2220,2153,2215,2217,2299,2243,2325,2238,2251,2225,2154,2219,2024,2312,2250,2131,2288,2252,2289,2300,2216
2331: 2311,2267,2214,2218,2333,2330,2152,2157,915,2264,2265,2040,2262,2263,2268,2266,2334,2309,2308,2016,2310,2220,2153,2215,2217,2299,2243,2325,2238,2251,2129,2225,2154,2219,2024,2312,2250,2131,2288,2252,2289,2246,2300,2253,2216
2332: 2327,2192,2328,2195,2066,2197,2329,2196,2335,2271
2333: 2311,2267,2214,2218,2331,2330,2152,2157,915,2264,2265,2040,2262,2263,2268,2266,2334,2309,2308,2016,2310,2220,2215,2217,2299,2243,2325,2219,2024,2288,2289,2246,2300,2216,2244
2334: 2268,2266,1671,2264,2265,2040,2262,2263,2294,2311,2267,2214,2218,2333,2331,2330,2215,2217,2299,2243,2325,2297,2295,2296,2291,2046,2292,2293
2335: 2271,2327,2192,2328,2195,2332,2066,2197,2329,2196,2260,2199,2125,2239,2151,2254
2336: 2070,2274,2146,911,1337,2069,2148,2224
2337: 2342,2094,2338,2089,2276,2261,2345,2282,2339,2340,2246,2253,2244,2245,2044,2240,2347,2344,490,2234,2110,2159,2323,2283,2275,2002,2193,2277,2258,2181,2149,2272,2201,2280,2091,2140,2045,2281,2237,2279,2139
2338: 2342,2094,2089,2276,2261,2345,2282,2339,2340,2337,2246,2253,2244,2242,2245,2044,2240,2324,2241,2347,2344,490,2234,2110,2323,2283,2275,2002,2193,2277,2258,2181,2272,2280,2091,2281,2237,2279,2139,2191
2339: 2342,2094,2338,2089,2276,2261,2345,2282,2340,2337,2246,2300,2253,2216,2244,2242,2245,2044,2240,2324,2241,2347,2344,490,2234,2110,2159,2323,2283,2275,2002,2193,2277,2258,2181,2272,2201,2280,2091,2140,2045,2281,2279,2139,2191
2340: 2342,2094,2338,2089,2276,2261,2345,2282,2339,2337,2246,2253,2244,2242,2245,2044,2240,2324,2241,2347,2344,490,2234,2110,2275,2002,2193,2277,2258,2181,2272,2280,2091,2281,2237,2279,2139,2191
2341: 2321,2221,2156,2319,2322,2314,2179,2222,2158,2152,2157,2307,2320,2305,2055,2178,2309,2308,2016,2310,2220,2153,2313,2180,2317,2316,2315,1961,2155,2226,2235,2318,2205,2238,2129,2225,2154,2248
2342: 2094,2338,2089,2276,2261,2345,2282,2339,2340,2337,2245,2234,2275,2258,2181,2272,2091