1574: 1605
543: 
1068: 1632,1656,1630,1655,1659,1653,1654,1657,1658,1640,1638,1627,1619
1141: 1100,1656,1631
1543: 1349,904
566: 495
949: 1644,1640,1638,1627,1619,1636,1651,1645,1686,1664,1624,1646,1639,1708,1678,1746,1680,1648,1734
1581: 1562
1445: 1586,1530
1701: 1671,1700
977: 
1519: 1564,1531,1373,1467,1479,1554,1450,1476,1430,1506,1478,994
1373: 1467,1540,1519,1564,1531,1450
1572: 456,1527
1394: 1379,1415,1365,985,1345,1317,1346,1426,1316,323,1431
535: 599
754: 69
1459: 1525,1557,1419,985,1526,1561
1509: 1357,1345,1428,1489
583: 
1619: 1640,1638,1627,1632,1068,1521,1731,1662,1655,1659,1657,1636,1651,1645,1624,1646,1639,1644,949
1376: 1501,1474,1514
900: 
1520: 1495,1424,1672,1268,1537,552
1337: 1690,1702,1665
500: 
520: 
1393: 1346,1426,1316,323,1431,1415,1345,1317,1461,1395
1602: 1532,1341,1477
1623: 1066,1618,1063,1065,1609,1083,1615,1731,1662,1053,1651,1686,1664,492
562: 
509: 578
1174: 1062,1615,1053,492,1172,153,1663,1684,1617,1635,1136
822: 1487
947: 
563: 
985: 1459,1525,1379,1394,1415,1365
1450: 1373,1467,1479,1554,1519,1564,1531,1476,1430,1506,1478,994
1434: 1512
1556: 1576
995: 
551: 
1532: 1341,1602,1477
957: 
1540: 1499,1571,1373
1687: 1202,1243,1161,1326,1668,1268
961: 1590,1601
495: 566
1456: 1387,1503,1404,1557,1419
968: 
1718: 1733,1689,1713,1694,1714,1697,1749,577
929: 944
939: 956
905: 935
1461: 1346,1393,1426,1316,323,1431,1395
552: 1520,1495
572: 
1506: 1476,1430,1478,994,1519,1564,1531,1450,1379,1365
560: 
504: 
1479: 1554,1536,1502,1519,1531,1450
61: 1398,1460,1399
539: 
558: 980
1527: 456,1572
1495: 1520,1424,1672,1268,1537,552
1582: 1569,591
922: 
589: 
69: 754
1600: 1747,1589,1732
598: 
1202: 1687
1712: 507,1606,1727,1751,1736,1753,1717,1735,1730
587: 
515: 972
1571: 1499,487,952,1540
569: 
996: 1724,1748,1752,1716,1739,1740,1738,1705,1737
854: 
1690: 1337,1682,1679,1696,1702,1665
916: 
1172: 153,1663,1684,1174,1062,1635,1136
1605: 1574
591: 1569,1582
926: 
1487: 822
1513: 1548
532: 
944: 929
582: 
1295: 1388,1578,1278,1253,478
948: 579
1349: 1543,904
1064: 1088,557,965,461
588: 
1253: 1278,1290,478,1295,1388,1578
994: 1476,1430,1506,1478,1519,1564,1531,1450
1518: 
1496: 1660,1637,1326,1268,1537
1266: 1151,409,534
593: 
1426: 1346,1393,1316,323,1431,1394,1415,1345,1317,1461,1395
544: 
908: 
1606: 1727,1751,1736,1715,1744,981,1726,525,1712,507,1753,1717,1735
955: 
1346: 1393,1426,1316,323,1431,1379,1394,1415,1345,1317,1461,1395
906: 
1635: 1617,1136,1174,1062,1172,153,1663,1684,478
581: 
498: 
932: 
575: 
993: 
1646: 1624,1639,1640,1638,1627,1619,1636,1651,1645,1644,949,1708,1746,1734
531: 454
1395: 1346,1393,1426,1316,323,1431,1461
1428: 1489,1509,1357,1398
513: 
1278: 1253,1290,478,1295,1388,1578
1387: 1456,1503,1404,1557,1419
1316: 1346,1393,1426,323,1431,1394,1415,1345,1317,1461,1395
1671: 1700,853,1677,1701,915
1458: 1397
506: 
975: 
911: 
555: 
597: 
979: 
988: 
963: 
1684: 1172,153,1663,1174,1062,492,1617,1635,1136
538: 
951: 
1348: 1402
536: 
592: 
1063: 1618,1065,1609,1083,1612,1067,1069,1620,1688,1750,1615,1623
1562: 1581
1569: 403,1582,591
986: 
559: 
586: 
903: 1474,1514
1589: 1732,1747,1600
596: 
1670: 1743,1719,1742,1699,1741,1720,1703,1693,1707,1723,1698,1689,1713,1722,1745,1733
557: 311,1005,1064,1088
580: 
537: 
978: 
153: 1172,1663,1684,1174,1062,492,1617,1635,1136
980: 558
1151: 1266,409,534
568: 
157: 1588
965: 311,1005,1064,1088
1413: 1453,438
902: 1443,1598,1397
556: 549
1503: 1404,1456,1387
1430: 1476,1506,1478,994,1519,1564,1531,1450,1379,1365
541: 
594: 
166: 1015,461
1708: 1678,1746,1646,949,1680,1648,1734,1184,1149,1725,1691,1754
507: 1712,1606,1727,1751,1736,1753,1717,1735
700: 1009
1528: 1592,403
519: 
550: 402,510
1547: 1580,475,480
574: 517
940: 
1065: 1618,1063,1609,1083,1612,1067,1069,1620,1688,1750,1615,1521,1731,1066,1623
1399: 1460,61,1398
923: 
1062: 1174,1615,1053,492,1172,153,1663,1684,1617,1635,1136
1053: 1066,1623,1174,1062,492
901: 
501: 
1588: 157
992: 
1290: 1278,1253
534: 1266,1151,1740,1738
967: 
573: 
547: 
976: 
919: 
1415: 1379,1394,1365,985,1345,1317,1346,1393,1426,1316,323,1431
1565: 1585,1530
590: 
1625: 237,1633
1514: 1474,1501,1376,903
962: 
927: 
1578: 1295,1388,1278,1253,478
584: 
934: 
1531: 1519,1564,1373,1467,1479,1554,1450,1476,1430,1506,994
953: 
1197: 
973: 526
517: 574
982: 481
1357: 1509,1345,1317,1428,1489
924: 
1453: 1413,438
1424: 1520,1495,1672,1268
990: 
578: 509
1341: 1532,1602,1477
1149: 1184,1725,1708,1678,1746,1691,1754,1699,1741,1720,1703,1693,1707,1723,1698
1388: 1295,1578,1278,1253,478
1502: 1536,448,1479
914: 
1419: 1557,952,487,1456,1387,1459,1525
1693: 1707,1723,1698,1184,1149,1725,1691,1754,1699,1720,1703,1743,1670,1713,1722,1745,1692
1607: 232
925: 
1521: 1731,1662,1688,1750,1618,1065,1640,1627,1619,1636,1651,1645,1686,1664
1100: 1141,1656,1631
1489: 1428,1509,1357,1398
941: 
1659: 1630,1655,1653,1654,1657,1658,1632,1068,1656,1640,1638,1627,1619,1624,1639
912: 
950: 
943: 527
1443: 1598,902,1397
232: 1607
1742: 1719,1699,1741,1720,1703,1743,1670
1551: 1414
1404: 1503,1456,1387
579: 948
237: 1633,1629,1625
508: 
920: 
1379: 1394,1415,1365,985,1476,1430,1506,1478,1345,1317,1346,323,1431
599: 535
1580: 1547,475,480
514: 
1476: 1430,1506,1478,994,1519,1564,1531,1450,1379,1365
971: 
972: 515
1557: 1419,952,487,1456,1387,1459,1525
1583: 1603,904
1585: 1565
1402: 1348
1576: 1556
1345: 1317,1379,1394,1415,1365,1346,1393,1426,1316,323,1431,1509,1357
1526: 1561,1459,1525
1512: 1434
512: 
942: 
571: 966
1478: 1476,1430,1506,994,1519,1564,1450,1379,1365
1501: 1376,1474,1514
1563: 
928: 
1499: 1571,487,952,1540
567: 
528: 
909: 417
1467: 1373,1519,1564,1531,1450
524: 
998: 
853: 1677,1671,1700
585: 
523: 
1525: 1459,1557,1419,985,1526,1561
915: 1671,1700
1009: 700
533: 
959: 
913: 
530: 
496: 
1088: 1064,557,965,461
522: 
958: 
553: 423
1474: 1514,1501,1376,903
1365: 1379,1394,1415,985,1476,1430,1506,1478,1345,1317,1431
1530: 1565,1586,1445
510: 402,550
542: 
960: 
984: 
952: 1499,1571,487,1557,1419
595: 412
1561: 1526,1459,1525
505: 
521: 
999: 
1678: 1708,1746,1639,949,1648,1734,1184,1149,1725,1691,1754
518: 
1680: 1648,1734,949,1708,1746,1691
502: 
956: 939
1414: 1551
933: 1705,452
904: 1583,1543,1349
1015: 166
1066: 1623,1618,1065,1083,1615,1662,1053,1651,1686,1664,492
549: 556
991: 
1268: 1687,1326,1496,1660,1637,1668,1679,1696,1520,1495,1424,1672
1454: 1323
311: 1005,557,965
554: 
497: 
1536: 1502,448,1479
548: 
526: 973
989: 
1069: 1620,1612,1067,1688,1750,1618,1063,1065,1609,1083,1615
1601: 1590,961
545: 
576: 
945: 
323: 1346,1393,1426,1316,1431,1379,1394,1415,1345,1317,1461,1395
981: 1715,1744,1726,1606,1727,1751,1736
946: 
516: 
1637: 1496,1660,1326,1268
1161: 1687,1668
570: 
1716: 1739,525,1740,1738,1724,1748,996,1752
1592: 1528,403
918: 
1184: 1149,1725,1708,1678,1746,1691,1754,1699,1741,1720,1703,1693,1707,1723,1698
1714: 1694,1697,1689,1713,1722,1745,1692,1685,1733,1718,1695,1749,577
1323: 1454
1686: 1664,1521,1731,1662,1066,1623,1636,1651,1645,492,1644,949,1676
1243: 1687
499: 
1460: 1399,61,1398
1732: 1589,1747,1600
938: 
966: 571
1700: 1671,853,1677,1701,915
937: 
1477: 1532,1341,1602
921: 
1698: 1693,1707,1723,1184,1149,1691,1699,1741,1720,1703,1743,1670,1689,1713,1722,1745,1692
1326: 1687,1496,1660,1637,1668,1268
540: 
997: 
503: 
917: 
1726: 1715,1744,981,525,1606,1727,1751,1736
1537: 1496,1660,1558,1520,1495
546: 
1067: 1612,1069,1620,1688,1750,1618,1063,1065,1609,1083
970: 
1603: 1583
1733: 1718,1743,1670,1689,1713,1722,1745,1692,1694,1714,1697,1749,577
1668: 1161,1687,1326,1268
1719: 1742,1699,1741,1720,1703,1743,1670
1431: 1346,1393,1426,1316,323,1379,1394,1415,1365,1345,1317,1461,1395
931: 
565: 
529: 491
1005: 311,557,965
561: 
1624: 1646,1639,1630,1655,1659,1653,1654,1657,1658,1640,1638,1627,1619,1636,1651,1645,1644,949,1746
964: 
1398: 61,1428,1489,1460,1399
1317: 1345,1379,1394,1415,1365,1346,1393,1426,1316,323,1431,1357
954: 
1575: 1642,1641,1643
1590: 961,1601
1741: 1699,1720,1703,1184,1149,1719,1742,1723,1698,1743,1670,1713,1722,1745
1558: 1537
1548: 1513
564: 439
511: 
1586: 1445,1530
969: 987
527: 943
1136: 1617,1635,1174,1062,1172,153,1663,1684,478
1554: 1479,1519,1531,1450
987: 969
935: 905
1397: 1458,1443,1598,902
1083: 1618,1063,1065,1609,1612,1067,1069,1620,1615,1066,1623
974: 
907: 
1598: 1443,902,1397
930: 
577: 1749,1733,1718,1694,1714,1697
983: 
525: 1715,1744,1726,1716,1739,1606,1727
1409: 
1564: 1519,1531,1373,1467,1450,1476,1430,1506,1478,994
910: 
936: 
400: 
401: 
402: 510,550
403: 1592,1528,1569
404: 
405: 
406: 
407: 
408: 
409: 1266,1151
410: 
411: 
412: 595
413: 
414: 
415: 
416: 
417: 909
418: 
419: 
420: 
421: 
422: 
423: 553
424: 
425: 
426: 
427: 
428: 
429: 
430: 
431: 
432: 
433: 
434: 489
435: 
436: 
437: 
438: 1413,1453
439: 564
440: 446
441: 
442: 
443: 
444: 
445: 
446: 440
447: 
448: 1536,1502
449: 
450: 
451: 
452: 933
453: 
454: 531
455: 
456: 1527,1572
457: 
458: 
459: 
460: 
461: 166,1064,1088
462: 
463: 
464: 
465: 
466: 
467: 
468: 
469: 
470: 
471: 
472: 
473: 
474: 
475: 1580,1547
476: 
477: 
478: 1617,1635,1136,1278,1253,1295,1388,1578
479: 
480: 1580,1547
481: 982
482: 
483: 
484: 
485: 
486: 
487: 1499,1571,952,1557,1419
488: 
489: 434
490: 
491: 529
492: 1066,1623,1053,1174,1062,1686,1664,153,1663,1684,1650,1676
493: 
494: 
1609: 1618,1063,1065,1083,1612,1067,1069,1620,1688,1750,1615,1623
1699: 1741,1720,1703,1184,1149,1719,1742,1693,1723,1698,1743,1670,1713,1722,1745
1676: 1650,1686,492,1663
1612: 1067,1069,1620,1688,1750,1618,1063,1065,1609,1083
1721: 1695,1685,1682,1694,1702,1665
1672: 1520,1495,1424,1268
1615: 1069,1620,1618,1063,1065,1609,1083,1066,1623,1174,1062
1729: 1706,1730,1728
1617: 1635,1136,1174,1062,153,1663,1684,478
1618: 1063,1065,1609,1083,1612,1067,1069,1620,1688,1750,1615,1521,1731,1662,1066,1623
1620: 1069,1612,1067,1688,1750,1618,1063,1065,1609,1083,1615
1627: 1640,1638,1619,1632,1068,1521,1731,1662,1655,1659,1657,1636,1651,1645,1624,1646,1639,1644,949
1636: 1651,1645,1521,1731,1662,1640,1638,1627,1619,1686,1664,1624,1646,1639,1644,949
1629: 237,1633
1630: 1655,1659,1653,1654,1657,1658,1632,1068,1656,1640,1638,1624,1639
1631: 1634,1100,1141
1632: 1068,1656,1630,1655,1659,1653,1654,1657,1658,1640,1638,1627,1619
1633: 237,1629,1625
1634: 1631
1638: 1640,1627,1619,1632,1068,1662,1630,1655,1659,1653,1657,1636,1651,1645,1624,1646,1639,1644,949
1639: 1624,1646,1630,1655,1659,1653,1654,1657,1658,1640,1638,1627,1619,1636,1651,1645,1644,949,1678,1746
1640: 1638,1627,1619,1632,1068,1521,1662,1630,1655,1659,1653,1657,1636,1651,1645,1624,1646,1639,1644,949
1641: 1643,1575,1642
1642: 1575,1641,1643
1643: 1641,1575,1642
1644: 949,1640,1638,1627,1619,1636,1651,1645,1686,1664,1624,1646,1639,1746,1734
1645: 1636,1651,1521,1731,1662,1640,1638,1627,1619,1686,1664,1624,1646,1639,1644,949
1685: 1692,1682,1694,1714,1695,1721,1702,1665
1648: 1680,1734,949,1708,1678,1746,1691
1696: 1679,1268,1690
1650: 1676,492,1663
1651: 1636,1645,1521,1731,1662,1066,1623,1640,1638,1627,1619,1686,1664,1624,1646,1639,1644,949
1677: 853,1671,1700
1653: 1630,1655,1659,1654,1657,1658,1632,1068,1656,1640,1638,1624,1639
1654: 1630,1655,1659,1653,1657,1658,1632,1068,1656,1624,1639
1655: 1630,1659,1653,1654,1657,1658,1632,1068,1656,1640,1638,1627,1619,1624,1639
1656: 1632,1068,1630,1655,1659,1653,1654,1657,1658,1100,1141
1657: 1630,1655,1659,1653,1654,1658,1632,1068,1656,1640,1638,1627,1619,1624,1639
1658: 1630,1655,1659,1653,1654,1657,1632,1068,1656,1624,1639
1660: 1496,1637,1326,1268,1537
1720: 1699,1741,1703,1184,1149,1719,1742,1693,1707,1723,1698,1743,1670,1689,1713,1722,1745
1662: 1521,1731,1618,1066,1623,1640,1638,1627,1619,1636,1651,1645,1686,1664
1663: 1172,153,1684,1174,1062,492,1617,1635,1136,1650,1676
1664: 1686,1521,1731,1662,1066,1623,1636,1651,1645,492,1644,949
1665: 1702,1685,1682,1695,1721,1690,1337
1679: 1696,1268,1690
1682: 1685,1695,1721,1702,1665,1690
1689: 1713,1722,1745,1720,1723,1698,1743,1670,1692,1733,1718,1694,1714,1697
1688: 1750,1612,1067,1069,1620,1618,1063,1065,1609,1521,1731
1691: 1754,1708,1678,1746,1680,1648,1734,1184,1149,1725,1693,1707,1723,1698
1692: 1693,1707,1723,1698,1689,1713,1722,1745,1685,1733,1694,1714
1694: 1714,1697,1689,1713,1722,1692,1685,1733,1718,1695,1721,1749,577
1695: 1721,1685,1682,1694,1714,1697,1702,1665
1697: 1694,1714,1689,1713,1733,1718,1695,1749,577
1702: 1665,1685,1682,1695,1721,1690,1337
1703: 1699,1741,1720,1184,1149,1719,1742,1693,1707,1723,1698,1743,1670,1713,1722,1745
1715: 1744,981,1726,525,1606,1727,1751,1736
1705: 1737,1740,1738,1724,1748,996,1752,933
1706: 1729,1730,1728
1707: 1693,1723,1698,1184,1149,1725,1691,1754,1720,1703,1670,1713,1722,1745,1692
1731: 1521,1662,1688,1750,1618,1065,1623,1627,1619,1636,1651,1645,1686,1664
1730: 1728,1712,1753,1735,1729,1706
1724: 1748,996,1752,1716,1739,1740,1738,1705,1737
1713: 1689,1722,1745,1699,1741,1720,1703,1693,1707,1723,1698,1743,1670,1692,1733,1718,1694,1714,1697
1717: 1753,1735,1606,1727,1751,1736,1712,507
1722: 1689,1713,1745,1699,1741,1720,1703,1693,1707,1723,1698,1743,1670,1692,1733,1694,1714
1723: 1693,1707,1698,1184,1149,1691,1699,1741,1720,1703,1743,1670,1689,1713,1722,1745,1692
1725: 1184,1149,1708,1678,1746,1691,1754,1693,1707
1727: 1606,1751,1736,1715,1744,981,1726,525,1712,507,1753,1717,1735
1728: 1730,1735,1729,1706
1734: 1680,1648,1646,1644,949,1708,1678,1746,1691,1754
1735: 1753,1717,1606,1727,1751,1736,1712,507,1730,1728
1736: 1606,1727,1751,1715,1744,981,1726,1712,507,1753,1717,1735
1737: 1705,1740,1738,1724,1748,996,1752
1738: 1740,534,1716,1739,1724,1748,996,1752,1705,1737
1739: 1716,525,1740,1738,1724,1748,996,1752
1740: 1738,534,1716,1739,1724,1748,996,1752,1705,1737
1743: 1670,1719,1742,1699,1741,1720,1703,1693,1723,1698,1689,1713,1722,1745,1733
1744: 1715,981,1726,525,1606,1727,1751,1736
1745: 1689,1713,1722,1699,1741,1720,1703,1693,1707,1723,1698,1743,1670,1692,1733,1714
1746: 1708,1678,1624,1646,1639,1644,949,1680,1648,1734,1184,1149,1725,1691,1754
1747: 1589,1732,1600
1748: 1724,996,1752,1716,1739,1740,1738,1705,1737
1749: 577,1733,1718,1694,1714,1697
1750: 1688,1612,1067,1069,1620,1618,1063,1065,1609,1521,1731
1751: 1606,1727,1736,1715,1744,981,1726,1712,507,1753,1717,1735
1752: 1724,1748,996,1716,1739,1740,1738,1705,1737
1753: 1717,1735,1606,1727,1751,1736,1712,507,1730
1754: 1691,1708,1678,1746,1734,1184,1149,1725,1693,1707