1574: 1605,311,1005
543: 
1068: 1632,1656,1630,1655,1659,1653,1654,1657,1658,1640,1638,1627,1619,1624
1141: 1100
1543: 1349,1520,1495
566: 
949: 
1581: 1562,1576,1556,491
1445: 1530,822,1487
1701: 1700,2334,2410,2266,2488,2464,2465,1671,2364,2392,2040
977: 493,2616,2600,2598,2562,2599
1519: 1564,1430,1450,1531,1476
1373: 1467,480,1685,1668,1687
1572: 1527,1514,559,554
1394: 1379,1415,1365,1346,482,1431
535: 
1939: 2580,966,2021,2594,2579,2602
1459: 1525,1588
1509: 1357,1346,1393
583: 2050,2087
1619: 1640,1638,1627,1644,1624,1646,1632,1068,1630,1655,1659,1653,1657,1636,1645,1664,1686,1639
1376: 1501
900: 455,2448,2446,2447,2209
1520: 1495,1543,1349
1337: 1690
500: 
520: 
1393: 1431,1426,1346,482,1461,1509,1357,1395
1602: 1532,1477,1341
1623: 1066,1618,1063,1065,1609,1083,1615,1053,1521,1731
562: 
509: 
1174: 1062,2119,2026,1651,1662
822: 1487,1445,1530
947: 499
563: 
985: 
1450: 1531,1519,1564,1430,1476
2261: 2272,2091,2201,2337,2323,2283,2159,2342,2282,2338,2110,2089,2339,2275,2094,2345,2204,2184,2258,2045,2181,2281,2280,2139,2279,2132,2140
1556: 1581,1562,1576,491
995: 2578,1913,1867,2619,1899
551: 945,2687,2642,2713,2728,2699
1532: 1602,1477,1341
957: 538
1540: 1499,1571
1687: 1668,1467,1373,1685
961: 1536
495: 
1456: 1387
968: 
1718: 1765
929: 
939: 
905: 
1461: 1431,1393,1426,1395
552: 
572: 
1506: 1478
560: 
504: 
1479: 1554
61: 1460
539: 
558: 
1527: 1572,1514,559,554
1495: 1520,1543,1349
2145: 2198,2358,2074,2141,2173,580
922: 
589: 2148,2224,2498,2499
1874: 1882,2540,2489,1830,1907
1600: 1789,474
598: 965
1202: 
1781: 1752
587: 
515: 
1571: 1540,1499,903
569: 1948,1864,1922,1823,1940,1974,1921,1920,1843,1917,1919
996: 1978,1818
1823: 1940,1974,1921,1920,1948,1864,1922,569
1690: 1337
916: 2529,2428
1172: 1268,1326,153,1635,1617,1136
1605: 1574,311,1005
591: 
926: 
1487: 822,1445,1530
1513: 1548
532: 
944: 
582: 2542,2125
1295: 
948: 
1349: 1543,1520,1495
1064: 1088,908,1820,1858,1633,1629
588: 2556,2481,2482,2303,2460,2458,2479,2399,2302,2459,1989,2445,2443,2168
1253: 1278,1290
994: 
1518: 
1496: 1660,1684,1424,1672,1663
2729: 1820,1858,2727,2732,2715,2680
593: 
1426: 1431,1393,1346,482,1461,1395
544: 920
908: 1891,1793,1064,1088
1606: 1853,1736,1751
955: 
1346: 482,1379,1394,1415,1365,1431,1393,1426,1509,1357
906: 
1635: 153,1617,1136,1268,1326,1637,1172
581: 
498: 
932: 2716,2684
575: 1887,1912
993: 
1646: 1640,1638,1627,1619,1644,1624,1655,1636,1645,1664,1686,1639
531: 1729,1846
1395: 1431,1393,1426,1461
2602: 2579,2021,2594,2580,1939,2563,2623,2189,2255
513: 
1278: 1253,1290
1387: 1456
2541: 1951,2528,2516,2559,1933,2560,2539,2709,2486,2504,1884,2708
1671: 2465,2364,2392,2040,2476,853,1677,2488,2464,2427,915,1701,1700,2334,2410,2266,2394,2262,2263,2409
1458: 554,1397
506: 1855,1984
975: 
911: 
555: 
597: 
979: 
988: 
963: 
1684: 1496,1660,1424,1672,1663
538: 957
951: 
1348: 1402
536: 
592: 954
1063: 1618,1065,1609,1083,1615,1612,1067,1069,1620,492,1066,1623
1562: 1581,1576,1556,491
2578: 1913,1867,2619,1899,995
986: 
559: 1474,1514,1527,1572,430,554,1397
586: 2641
903: 1499,1571,1564,1430,1476
1589: 1732
596: 1558,1537
1670: 1743
557: 
580: 2198,2145,1947
537: 958
978: 
153: 1635,1617,1136,1268,1326,1172
980: 2369
1974: 1921,1998,2027,1823,1940,1948,1864,569,1955
568: 2182,1994,2188,2186,2183,2185,2204,2184,2258,2045,2181,2187,2272,2091,2337,2127,2170,2108,2049,2176,2090,2075,2076,2115
157: 1588
965: 598
2637: 2613,2609,2567,2616,2603,2630,2658,2493,2610,2564,2647
902: 1598,1443
556: 
1503: 1404
1430: 1519,1564,903,1450,1531,1476
541: 
594: 
166: 1015,943,924,1149,1184
1708: 1746
507: 1736,1751,1776,1960
700: 1009,1637
1528: 1592
519: 1817
550: 508
1547: 907,1580,573
574: 
940: 2072
1065: 1618,1063,1609,1083,1615,1612,1067,1069,1620,492,1066,1623
1837: 1783,1719,1763
923: 
1062: 1174,2119,2026,1651,1662
1053: 1066,1623,1268,1326
901: 526
501: 
1588: 157,1459
992: 
1290: 1278,1253
534: 1910,1890
967: 
573: 1547
547: 
976: 
919: 
1415: 1379,1394,1365,1346,482,1431
1565: 1585
590: 2068,2059,2006,2033,2020,524
2687: 2642,2721,2674,2675,2700,2673,2657,945,2694,551
1514: 1474,1527,1572,430,559,554
962: 1695,1721
927: 1933,2560,2539,2486,2504,1884,2708,2489,1907,2508,2501,1915,2496
1578: 1388
584: 2604
934: 
1531: 1450,1519,1564,1430,1476
953: 
1197: 
973: 
517: 1414,1551
982: 
1357: 1509,1346,482,1431,1393
924: 166,1015,943,1149,1184
1891: 1793,908
1424: 1672,1676,1650,1496,1660,1684
990: 422,2695,2725
578: 
1341: 1477,410,1532,1602
1149: 1184,166,1015,943,924
1388: 1578
1502: 1536
914: 
1419: 1557
1693: 1707,1725,1754,1723,1698
1607: 232
925: 
1521: 1731,1066,1623,1636,1645,1664,1686
1100: 1141,1722,1745
2107: 2150,2138,2225,2251,2131,2219,2288,2252,2312,2250,2300,2216,2253,2244,2246,2162,2247,2248,2256,2129,2249,2259,2323,2283,2159,2163,2062,2175,2182,1994,2188,2186,2183,2185,2184,2258,2187
941: 
1659: 1630,1655,1653,1654,1657,1658,1632,1068,1656,1640,1638,1627,1619,1624,1639
912: 
950: 
943: 166,1015,924,1149,1184
1443: 1598,902
232: 1607
2540: 1882,1874,2486,1884,2489,1830,1907
1551: 517,1414,404
1404: 1503
579: 2685
2720: 2633
508: 550
920: 544
1379: 1394,1415,1365,1476,1346,482,1431
599: 
1580: 907,1547
514: 2593,2641
1476: 903,1519,1564,1430,1450,1531,1379,1365
971: 
972: 
1557: 1419
1583: 1603,431
1585: 1565
1402: 1348
1576: 1581,1562,1556
2662: 2633,2663,2721,2674,2692,2722,945
1526: 1561
2281: 2280,2139,2279,2132,2237,2140,2282,2338,2089,2339,2275,2094,2345,2405,2193,2002,2272,2091,2261,2201,2337,2196,2191,2260,2199
512: 2097,2161,2549
942: 
571: 2212,1936,1967,2165,2349
1478: 1506
1501: 1376
1563: 
928: 
1499: 1540,1571,903
567: 
528: 
909: 974
1467: 480,1373,1685,1668,1687
524: 2059,2033,590
998: 
853: 1677,2377,2476,2475,2523,2512,2488,2464,2433,2427,2152,915,2465,1671,2364,2392,2040,1700
585: 2343,2436
523: 
1525: 1459
915: 2433,2427,2152,2429,2480,2377,2476,2475,2523,2512,853,1677,2376,2157,2465,1671,2364,2392,2040,2352,2414,2310,2379,2419,2416,2365,2378,2265,2267,2333,2218
1009: 700
533: 
959: 
913: 
530: 
496: 
1088: 1064,908,1820,1858,1633,1629
522: 
958: 537
553: 
1474: 1514,430,559
1365: 1379,1394,1415,1476,1346,482,1431
1530: 1445,822,1487
510: 
542: 
960: 475
984: 
952: 
595: 
1561: 1526
505: 
521: 
999: 
2589: 2698,931,2625
518: 
1680: 1754,1648,1720,1639,1703,1725,1723,1698
502: 1979,1883,1991,1886
956: 
1414: 517,1551,404
933: 1836,1877,1766,1779
904: 
1015: 166,943,924,1149,1184
1066: 1623,1618,1063,1065,1609,1083,1615,1053,1686,1521,1731
549: 
991: 1977,409
1268: 1326,1053,1172,153,1635,1617,1136
1454: 1323,918,2575,2672,503
311: 1005,1574,1605
554: 1514,1527,1572,559,1397,1458
497: 983,1590
1536: 1502,961
548: 
526: 901
989: 
1069: 1620,492,1612,1067,1063,1065,1609,1083,1615
1601: 983,1590
545: 1797,1760
576: 2436
945: 2662,2721,2674,2675,2673,2692,2722,2687,2642,551
2730: 2678,2710
981: 930,1797,1772,1802,1760,478
946: 2029,2121,2063,2052,2065,2011
516: 917
1637: 700,1635,1136
1161: 
570: 
1985: 2116,2117,2206
1592: 1528
918: 2596,2655,2672,1323,1454
1184: 1149,166,1015,943,924
1714: 1694
1323: 1454,918,2575,2672,503
1686: 1636,1645,1664,1066,1640,1638,1627,1619,1644,1624,1646,1521,1731,1639
1243: 
499: 947
1460: 61
1732: 1589
938: 2468,2566
966: 2580,1939,444
1700: 1701,2334,2410,2266,853,1677,2488,2464,2268,2462,2465,1671,2364,2392,2040,2454,2263,2409
937: 
1477: 1341,410,1532,1602
921: 
1698: 1723,1754,1648,1680,1707,1693,1725,1682,1692
1326: 1268,1053,1172,153,1635,1617,1136
540: 2544,2451,2435,2195,2422
997: 
503: 2575,2672,1323,1454
917: 449,516
1766: 1877,1844,1836,933
1537: 1558,1692,596
546: 
1067: 1612,1069,1620,492,1618,1063,1065,1609,1083,1615
970: 
1603: 1583
2233: 1997,2445,2443,2168,2348,2383,2166,2385,2384,2367,2418,2208,2359,2167,2366,2426,2207,2211,2213
1668: 1687,1467,1373
1719: 1837,1783,1763
1431: 1393,1426,1379,1394,1415,1365,1346,482,1461,1357,1395
931: 2698,2589
565: 
529: 
1005: 311,1574,1605
561: 
1624: 1640,1638,1627,1619,1644,1646,1632,1068,1630,1655,1659,1653,1654,1657,1658,1636,1645,1664,1686,1720,1639
964: 
2033: 2068,2059,2006,590,524
2733: 422,2717
954: 592
1575: 1642,1641,1643,468
1590: 497,983,1601
2104: 2103,2164,2210,2228,2038,2227,2229,2050,2087
1558: 1537,596
1548: 1513
564: 
511: 1697,1787
1788: 1870,1841,1863,1807,1970
969: 
527: 
1136: 153,1635,1617,1268,1326,1637,1172
1554: 1479
987: 
935: 
1397: 559,554,1458
1083: 1618,1063,1065,1609,1615,1612,1067,1069,1620,492,1066,1623
974: 909
907: 1547,1580
1598: 1443,902
930: 981,1797,1772,1802,1760
577: 
983: 497,1590,1601
525: 1778,1847
1984: 506,1855
1564: 1519,1430,903,1450,1531,1476
910: 
936: 
400: 
401: 
402: 
403: 
404: 1414,1551
405: 
406: 
407: 
408: 
409: 1977,991,2039
410: 1477,1341
411: 
412: 
413: 
414: 
415: 
416: 
417: 
418: 
419: 
420: 
421: 
422: 2717,990,2695,2725,2733
423: 
424: 
425: 
426: 
427: 
428: 
429: 
430: 1474,1514,559
431: 1583
432: 
433: 
434: 2173
435: 
436: 471
437: 
438: 
439: 
440: 
441: 
442: 1772,1802,1729,1846
443: 
444: 966,1979,1883
445: 
446: 
447: 
448: 456
449: 917
450: 1689,2468,2566
451: 1768,1832
452: 1729,1846
453: 
454: 
455: 900,2448,2446,2447,2209
456: 448
457: 
458: 
459: 
460: 
461: 1634,1631
462: 
463: 
464: 
465: 
466: 
467: 
468: 1641,1643,1575,1642
469: 
470: 
471: 436
472: 2568,2534
473: 
474: 1789,1600
475: 960
476: 
477: 
478: 981,1863,1807
479: 
480: 1467,1373
481: 
482: 1346,1379,1394,1415,1365,1431,1393,1426,1357
483: 
484: 
485: 2287
486: 
487: 
488: 
489: 2117,2206,2034
490: 
491: 1581,1562,1556
492: 1069,1620,1612,1067,1618,1063,1065,1609,1083,1615
493: 977,2567,2616
494: 
1609: 1618,1063,1065,1083,1615,1612,1067,1069,1620,492,1066,1623
2725: 2695,990,422
1676: 1650,1424,1672
1612: 1067,1069,1620,492,1618,1063,1065,1609,1083,1615
1721: 1695,962
1672: 1424,1676,1650,1663,1496,1660,1684
1615: 1618,1063,1065,1609,1083,1612,1067,1069,1620,492,1066,1623
1729: 1846,1797,1772,1802,442,531,452
1617: 153,1635,1136,1268,1326,1172
1618: 1063,1065,1609,1083,1615,1612,1067,1620,492,1066,1623
1620: 1069,492,1612,1067,1618,1063,1065,1609,1083,1615
1627: 1640,1638,1619,1644,1624,1646,1632,1068,1655,1659,1653,1657,1636,1645,1664,1686,1639
1636: 1645,1664,1686,1640,1638,1627,1619,1644,1624,1646,1521,1731,1639
1629: 1633,1064,1088,1750,2706
1630: 1655,1659,1653,1654,1657,1658,1632,1068,1656,1640,1638,1619,1624,1720,1639
1631: 1634,461
1632: 1068,1656,1630,1655,1659,1653,1654,1657,1658,1640,1638,1627,1619,1624
1633: 1629,1064,1088,1750,2706
1634: 1631,461
1638: 1640,1627,1619,1644,1624,1646,1632,1068,1630,1655,1659,1653,1654,1657,1658,1636,1645,1664,1686,1720,1639
1639: 1630,1655,1659,1653,1654,1657,1658,1640,1638,1627,1619,1644,1624,1646,1636,1645,1664,1686,1720,1703,1648,1680
1640: 1638,1627,1619,1644,1624,1646,1632,1068,1630,1655,1659,1653,1654,1657,1658,1636,1645,1664,1686,1720,1639
1641: 1643,1575,1642,468
1642: 1575,1641,1643,468
1643: 1641,1575,1642,468
1644: 1640,1638,1627,1619,1624,1646,1655,1636,1645,1664,1686,1639
1645: 1636,1664,1686,1640,1638,1627,1619,1644,1624,1646,1521,1731,1639
1685: 1467,1373,1687
1648: 1754,1680,1720,1639,1703,1725,1723,1698
1696: 1679
1650: 1676,1424,1672
1651: 1662,1174,1062
1677: 853,2377,2476,2475,2523,2512,2488,2464,2427,915,2465,1671,2364,2392,2040,1700,2334,2266
1653: 1630,1655,1659,1654,1657,1658,1632,1068,1656,1640,1638,1627,1619,1624,1720,1639
1654: 1630,1655,1659,1653,1657,1658,1632,1068,1656,1640,1638,1624,1720,1639
1655: 1630,1659,1653,1654,1657,1658,1632,1068,1656,1640,1638,1627,1619,1644,1624,1646,1720,1639
1656: 1632,1068,1630,1655,1659,1653,1654,1657,1658,1720
1657: 1630,1655,1659,1653,1654,1658,1632,1068,1656,1640,1638,1627,1619,1624,1639
1658: 1630,1655,1659,1653,1654,1657,1632,1068,1656,1640,1638,1624,1639
1660: 1496,1684,1424,1672,1663
1720: 1656,1630,1655,1653,1654,1640,1638,1624,1639,1703,1754,1648,1680
1662: 1651,1174,1062
1663: 1672,1496,1660,1684
1664: 1636,1645,1686,1640,1638,1627,1619,1644,1624,1646,1521,1731,1639
1665: 1702
1679: 1696
1682: 1723,1698,1692
1689: 1817,450
1688: 
1797: 1772,1802,1760,545,930,981,1729
1692: 1723,1698,1682,1537
1694: 1714
1695: 962,1721
1697: 1787,511
1702: 1665
1703: 1720,1639,1754,1648,1680,1725
1982: 2093,2144,2160,2202,2142,2278,2205,2122,2169,2177,2112,2130,2162,2256,2143,2077,2147,2135,2163,2062,2137,2114,2113,2134,2054,2080
1767: 1779
2612: 2630,2611,2658,2704,2639,2682,2683,2493,2657
1707: 1693,1725,1754,1723,1698
1731: 1521,1066,1623,1636,1645,1664,1686
1730: 1834,1870,1841
2728: 2699,551,2731,2710
2701: 1875,2711,1750,2706
1717: 1796,2583,1915,2496,2631,1756,1819
1722: 1745,1100
1723: 1698,1754,1648,1680,1707,1693,1725,1682,1692
1725: 1707,1693,1703,1754,1648,1680,1723,1698
1841: 1870,1730,1834,1863,1807,1788,1970
1728: 1792,1756,1819,2607,2677
1807: 1863,1870,1841,478,1788,1970
1772: 1797,1802,1760,930,981,442,1729,1846
1736: 1751,1606,1776,1960,507
1737: 1888
1830: 2489,1907,1882,2540,1874,2486,2504,1884,2708
1765: 1718
1740: 1798
1743: 1670
1778: 1847,525
1745: 1722,1100
1746: 1708
1796: 2583,1717,1915,2496,2631,1756,1819
1858: 1820,1064,1088,2729
2312: 2219,2288,2252,2250,2300,2216,2309,2238,2331,2214,2311,2351,2024,2225,2251,2131,2253,2244,2246,2247,2129,2249,2107,2150,2138,2323,2283,2159
1750: 1633,1629,2706,1875,2711,2701
1751: 1736,1606,1853,1776,1960,507
1752: 1781
2132: 2281,2280,2139,2279,2237,2140,2338,2089,2339,2275,2094,2345,2193,2002,2272,2091,2261,2201,2337,2196,2191,2260,2199
1754: 1648,1680,1720,1703,1707,1693,1725,1723,1698
2321: 2319,2341,2420,2156,2322,2406,2320,2415,2356,2403,2432,2357,2158,2352,2414,2355,2310,2379,2419,2365,2378,2265,2055,2178,2400,2314,2309,2308,2016,2154,2238,2318,2316,2180,2315,2313,2226,2155,2353,1961,2235,2225
1756: 1819,1796,2583,1717,1776,1960,2607,1792,1728
2603: 2616,2600,2598,2562,2599,2637,2613,2609,2610,2564,2647
1760: 1797,1772,1802,545,930,981
1917: 1843,1919,1920,1948,1864,1922,569,1955,1986,1910,1890
1763: 1719,1837,1783
1825: 1953
1768: 451,1832
1769: 1771,1876,1877,1844
2698: 2589,931,2625
1771: 1769,1877,1844
1773: 2286,2350,2595,2449,2407,2596
1775: 1898
1776: 1960,1736,1751,507,1756,1819
1779: 1767,933
2163: 2062,2175,2122,2169,2177,2112,2130,2162,2247,2248,2256,2129,2249,2259,2107,2138,2093,2144,2160,1982,2182,1994,2188,2186,2183,2185,2113,2134,2054,2080,2037,2133,2092,2170
1783: 1837,1719,1763
1785: 1928
2046: 2386,2241,2408,2324,2293,2363,2292,2439,2388,2291,2424,2411,2044,2325,2242,2425,2423,2245,2381,2344,2404
1787: 1697,511
1789: 1600,474
2706: 1633,1629,1750,1875,2711,2701
1791: 1988
1792: 1728,1756,1819,2607,2677
1793: 1891,908
1798: 1740
2076: 2090,2075,2115,2127,2170,568,2108,2049,2176
1802: 1797,1772,1760,930,981,442,1729,1846
1803: 1876,1877,1844
2732: 2727,2715,2680,2729
1890: 1910,534,1843,1917,1919
2080: 2113,2134,2054,2093,2144,2160,1982,2163,2062,2137,2114,2037,2133,2092,2121,2099,2063
1867: 2578,1913,2189,2255,2619,1899,995
2722: 2692,2662,2721,2674,945,2707
1811: 
1844: 1877,1771,1769,1876,1803,1766,1836
1973: 2053,1947
1817: 519,1689
1818: 1978,996
1819: 1756,1796,2583,1717,1776,1960,1792,1728
1820: 1858,1064,1088,2729
2678: 2730,2731,2710
1919: 1843,1917,1920,1948,1864,1922,569,1955,1986,1890
2143: 2077,2147,2135,2120,2202,2142,2278,2205,2122,2169,2177,2112,2130,2093,2144,2160,1982,2228,2038,2227,2229,2137,2113
2255: 2189,2579,2602,1991,1886,1913,1867
1988: 1791
2042: 2098,2043,2236,2161
1832: 451,1768
2544: 540,2451,2561,2435,2195
1834: 1730,1870,1841
1836: 933,1877,1844,1766
2619: 1899,2578,1913,1867,995,2600
2580: 1939,966,2021,2594,2579,2602
2604: 2652,584
1843: 1917,1919,1920,1948,1864,1922,569,1955,1986,1910,1890
1936: 1967,571
1846: 1729,1772,1802,442,531,452
1847: 1778,525
2700: 2675,2673,2663,2614,2683,2721,2674,2657,2687,2642,2694
2707: 2724,2684,2692,2722
1853: 1606,1751
1855: 506,1984
2133: 2037,2092,2093,2144,2160,2163,2062,2175,2182,1994,2188,2186,2183,2185,2134,2054,2080,2127,2170,2049,2176
1920: 1823,1940,1921,1941,1948,1864,1922,569,1843,1917,1919
1863: 1807,1870,1841,478,1788,1970
1864: 1948,1922,569,1823,1940,1974,1921,1920,1955,1986,1843,1917,1919
1899: 2619,2578,1913,1867,995,2600,2598,2562,2599
1987: 2003,2065,2011,2030,1966,2036,1995
2127: 2170,2175,2182,1994,2188,2186,2183,2185,2204,2184,2258,2045,2181,2187,2037,2133,568,2049,2176,2076,2115
1870: 1841,1730,1834,1863,1807,1788,1970
2723: 2664,2393,2203
2667: 2606,2690,2660,2639
2002: 2405,2193,2404,2089,2339,2275,2094,2345,2332,2395,2391,2066,2277,2281,2280,2139,2279,2132,2237,2140,2196,2191,2335,2271,2197,2329
1875: 2711,2701,1750,2706
1876: 1803,1769,1877,1844
1877: 1844,1771,1769,1876,1803,1766,1836,933
2615: 2659,2096,2290
1882: 2540,1874,2486,2504,1884,2708,2489,1830,1907
1883: 1979,444,1991,1886,502
1884: 2486,2504,2708,1951,2541,1882,2540,1933,2489,1830,1907,2501,927
1886: 1991,1979,1883,2189,2255,502
1887: 1912,1965,1941,2509,2571,575
1888: 1737
1951: 2541,2528,2516,2559,1933,2560,2539,2709,2486,2504,1884,2708
2533: 2569,2511,2597
2694: 2675,2700,2687,2642,2713
2684: 2716,932,2707,2724
1948: 1864,1922,569,1823,1940,1974,1921,1920,1955,1986,1843,1917,1919
1970: 1870,1841,1863,1807,1788
1898: 1775
2653: 2151,2568,2534,2450,2561
2222: 2524,2530,2402,2484,2548,2434,2487,2429,2480,2477,2456,2485,2179,2431,2466,2461,2376,2417
2311: 2331,2214,2330,2365,2265,2267,2333,2218,2394,2262,2263,2409,2309,2308,2016,2238,2374,2351,2024,2299,2251,2131,2219,2288,2252,2312,2250,2300,2216,2253,2244,2246
2711: 1875,2701,1750,2706
2695: 2725,990,422,2717
2522: 2471,2430,2547,2555,2483,2484,2548,2556,2481,2482,2303,2460,2458,2179
1907: 2489,1830,1882,2540,1874,2486,2504,1884,2708,927
2689: 2493,2610,2564,2613,2609,2630,2611,2658,2704,2647,2648,2646,2644
1910: 1890,534,1843,1917
2660: 2690,2576,2667
1912: 1887,1965,1941,2509,2571,575
1913: 2578,1867,2189,2255,2619,1899,995
2709: 1933,2560,2539,1951,2541,2504,2708,2501
1915: 2496,2631,927,1796,2583,1717
2400: 2055,2178,2314,2306,2301,2305,2307,2406,2320,2415,2356,2403,2432,2357,2158,2355,2389,2105,2304,2319,2341,2156,2321,2270,2346,2231,2190,2318,2316,2180,2317,2315,2313,2353,1961
1921: 1974,1998,2027,1823,1940,1920,1948,1864,569,1955,1986
1922: 1948,1864,569,1823,1940,1920,1955,1986,1843,1917,1919
2034: 2101,2117,2206,489
1989: 2479,2399,2302,2459,2556,2481,2482,2303,2460,2458,2179,588,2306,2301,2305,2307,2443,2168
1950: 2067,2020,1999
2061: 2036,1995,1998,2027,2018
1928: 1785
1972: 2015,1963,1942,1998,2027
2559: 2516,2528,1951,2541,1933,2560,2539,2501
2583: 1796,1717,1915,2496,2631,1756,1819
2031: 1976,2212,2366,2426,2207,2211,2165,2349
1933: 2560,2539,2709,2528,1951,2541,2516,2559,2486,2504,1884,2708,2508,2501,927
2588: 2587,2469
2090: 2075,2076,2115,568,2108,2049,2176,2030,1966
1940: 1823,1974,1921,1920,1948,1864,1922,569
1941: 1965,1920,1887,1912
1942: 1963,1972,2015
1995: 2036,2061,1987,2003,2018
2125: 582,2542
2717: 422,2695,2733
1947: 580,1973,2053
1953: 1825
2113: 2134,2054,2080,2143,2077,2147,2135,2093,2144,2160,1982,2163,2062,2137,2114,2037,2092,2121,2099
1955: 1986,1974,1921,1948,1864,1922,1843,1917,1919
2674: 2721,2661,2633,2663,2614,2662,2675,2700,2673,2692,2722,945,2687,2642
2147: 2143,2077,2135,2120,2202,2142,2278,2122,2169,2093,2144,2160,1982,2228,2038,2227,2229,2137,2114,2113,2134
1960: 1776,1736,1751,507,1756,1819
1961: 2226,2155,2353,2235,2055,2178,2400,2314,2319,2341,2420,2156,2322,2321,2308,2154,2238,2318,2316,2180,2317,2315,2313,2225,2202,2142,2278,2205,2122,2169,2177,2112,2130,2248,2129
1997: 2233,2443,2168,2348,2383,2166,2385,2384,2367,2418,2208,2359,2167,2366,2426,2207,2211,2232,2213
1963: 1942,1972,2015
1986: 1955,1921,1948,1864,1922,1843,1917,1919
1965: 1941,1887,1912
1966: 2030,2108,2049,2090,2075,2065,2011,1987,2003
1967: 1936,571
1976: 2031,2212,2366,2426,2207,2211,2165,2349
1977: 409,991,2039
1978: 1818,996
1979: 1883,444,1991,1886,502
1991: 1886,1979,1883,2189,2255,502
1992: 2073
2020: 2067,1950,1999,2068,2006,590
1994: 2182,2188,2186,2183,2185,2162,2256,2259,2107,2150,2138,2323,2283,2159,2163,2175,2204,2184,2258,2045,2181,2187,2133,2127,2170,568
1998: 2027,1972,2015,2061,2018,1974,1921
1999: 2067,1950,2020,2068,2006
2055: 2178,2400,2314,2306,2301,2305,2307,2406,2320,2415,2356,2403,2432,2357,2158,2414,2355,2389,2105,2304,2319,2341,2156,2321,2270,2346,2231,2190,2318,2316,2180,2317,2315,2313,2353,1961
2030: 1966,2108,2049,2176,2090,2075,2065,2011,1987,2003
2003: 1987,2030,1966,2036,1995
2004: 2057
2108: 2049,2176,2037,568,2090,2075,2076,2115,2065,2011,2030,1966
2006: 2068,2059,2033,590,2020,1999
2708: 2486,2504,1884,1951,2541,1882,1933,2560,2539,2709,2489,1830,1907,2508,2501,927
2162: 2247,2248,2256,2129,2249,2259,2235,2225,2131,2252,2250,2122,2169,2177,2112,2130,2107,2150,2138,2093,2144,2160,1982,2163,2062,2175,2182,1994,2188,2186,2183,2185
2105: 2389,2304,2479,2399,2302,2306,2301,2305,2307,2406,2320,2403,2432,2383,2166,2385,2384,2367,2055,2400,2208,2359,2167,2270,2346,2231,2190,2315
2026: 2119,1174,1062
2011: 2065,2063,2108,2049,2029,946,2030,1966,1987
2347: 2240,2245,2381,2351,2044,2215,2241,2408,2253,2244,2246,2344,2323,2283,2159,2282,2338,2110,2339,2275,2094
2591: 
2015: 1972,1963,1942,1998,2027
2016: 2309,2308,2154,2238,2357,2355,2310,2379,2419,2416,2365,2378,2265,2267,2333,2218,2319,2341,2420,2156,2322,2321,2331,2214,2330,2311,2226,2155,2235,2225,2251,2131,2219,2288,2252,2250,2300,2216
2018: 2036,1995,2061,1998,2027
2611: 2612,2630,2658,2704,2639,2613,2609,2682,2683,2493,2610,2564,2689,2657,2646
2021: 2594,2580,1939,2579,2602
2057: 2004
2639: 2667,2606,2614,2682,2683,2612,2630,2611,2658,2704
2024: 2374,2351,2299,2267,2333,2218,2394,2262,2263,2409,2331,2214,2330,2311,2044,2215,2243,2325,2219,2288,2252,2312,2250,2300,2216,2253,2244,2246,2245
2027: 1998,1972,2015,2061,2018,1974,1921
2146: 2274
2029: 946,2121,2099,2063,2052,2065,2011
2442: 2565
2036: 1995,2061,1987,2003,2018
2037: 2133,2092,2093,2144,2160,2163,2062,2175,2188,2113,2134,2054,2080,2127,2170,2063,2108,2049,2176
2038: 2228,2227,2229,2164,2143,2077,2147,2104,2137,2114,2121,2099
2039: 1977,409
2040: 2465,1671,2364,2392,853,1677,2488,2464,2427,915,1701,1700,2334,2410,2266,2416,2265,2267,2333,2218,2394,2262,2263,2409
2699: 2728,551,2731,2710
2043: 2236,2260,2199,2161,2042,2098
2044: 2215,2243,2325,2394,2262,2293,2363,2292,2439,2374,2351,2024,2299,2046,2386,2241,2408,2324,2244,2246,2240,2347,2245,2381,2344
2045: 2204,2184,2258,2181,2187,2323,2159,2282,2182,1994,2188,2186,2183,2185,2272,2091,2261,2201,2337,2127,2170,568
2716: 932,2684
2346: 2270,2231,2190,2383,2166,2385,2384,2367,2389,2105,2304,2055,2178,2400,2208,2359,2167,2318,2316,2180,2317,2315,2313,2232,2120,2202,2278
2049: 2108,2176,2037,2133,2092,2127,2170,568,2090,2075,2076,2115,2065,2011,2030,1966
2050: 2087,2104,583
2232: 2213,1997,2208,2359,2167,2346,2207,2211,2120,2103,2164,2210
2052: 2121,2099,2063,2029,946,2095,2570
2053: 1973,1947
2054: 2113,2134,2080,2135,2093,2144,2160,1982,2163,2062,2137,2114,2037,2133,2092,2121,2099,2063
2059: 2068,2006,2033,590,524
2190: 2270,2346,2231,2367,2389,2105,2304,2055,2178,2400,2314,2208,2359,2167,2318,2316,2180,2317,2315,2313,2120,2202,2142,2278,2205
2062: 2163,2175,2122,2169,2177,2130,2162,2247,2248,2256,2129,2249,2259,2107,2138,2093,2144,2160,1982,2188,2185,2113,2134,2054,2080,2037,2133,2092
2063: 2054,2080,2037,2092,2121,2099,2052,2029,946,2065,2011
2065: 2011,2063,2108,2049,2176,2029,946,2030,1966,1987
2066: 2332,2395,2391,2277,2340,2437,2405,2193,2002,2422,2474,2196,2191,2335,2271,2197,2329
2067: 1950,2020,1999,2068
2068: 2059,2006,2033,590,2067,2020,1999
2680: 2727,2732,2715,2729
2070: 2336
2575: 2672,2627,2590,1323,1454,503
2072: 2223,940
2073: 1992
2074: 2141,2198,2145,2358
2075: 2090,2076,2115,568,2108,2049,2176,2030,1966
2077: 2143,2147,2135,2120,2142,2122,2169,2093,2144,2160,1982,2228,2038,2227,2229,2137,2114,2113,2134
2144: 2093,2160,1982,2202,2142,2278,2205,2122,2169,2177,2112,2130,2162,2247,2248,2256,2129,2259,2143,2077,2147,2135,2163,2062,2175,2113,2134,2054,2080,2037,2133,2092
2103: 2164,2210,2207,2211,2232,2213,2120,2104
2087: 2050,2104,583
2521: 2370
2089: 2339,2275,2094,2345,2282,2338,2405,2193,2002,2261,2201,2337,2281,2280,2139,2279,2132,2237,2140,2196,2191
2091: 2272,2261,2201,2337,2159,2282,2338,2339,2094,2204,2184,2258,2045,2181,2187,2281,2280,2139,2279,2132,2237,2140,568
2092: 2037,2133,2093,2144,2160,2163,2062,2175,2113,2134,2054,2080,2170,2063,2049,2176
2093: 2144,2160,1982,2142,2122,2169,2177,2130,2162,2256,2143,2077,2147,2135,2163,2062,2175,2137,2114,2113,2134,2054,2080,2037,2133,2092
2094: 2089,2339,2275,2345,2240,2347,2245,2381,2344,2342,2282,2338,2110,2405,2193,2002,2272,2091,2261,2201,2337,2281,2280,2139,2279,2132,2237,2140,2196,2191
2095: 2570,2052
2096: 2290,2615,2659
2097: 512,2260,2199,2161
2098: 2042,2043,2236,2161
2099: 2121,2228,2038,2227,2229,2137,2114,2113,2134,2054,2080,2063,2052,2029
2101: 2034,2117,2206
2641: 2593,514,586
2202: 2142,2278,2205,2270,2346,2231,2190,2318,2316,2180,2317,2315,2313,2353,1961,2235,2120,2122,2169,2177,2112,2130,2143,2147,2135,2144,1982
2110: 2342,2282,2338,2253,2244,2246,2240,2347,2245,2381,2323,2283,2159,2339,2275,2094,2184,2258,2181,2261,2337
2201: 2272,2091,2261,2337,2282,2338,2089,2339,2275,2094,2345,2204,2258,2045,2181,2281,2280,2139,2279,2132,2237,2140
2112: 2122,2169,2177,2130,2318,2316,2180,2317,2315,2313,2226,2155,2353,1961,2235,2225,2202,2142,2278,2205,2162,2247,2248,2256,2129,2143,2135,2144,1982,2163
2114: 2137,2077,2147,2093,2160,1982,2228,2038,2227,2229,2113,2134,2054,2080,2121,2099
2115: 2090,2075,2076,2127,568,2108,2049,2176
2116: 1985,2117,2206
2117: 2206,2116,1985,489,2101,2034
2119: 2026,1174,1062
2120: 2167,2270,2346,2190,2232,2213,2202,2142,2278,2103,2164,2210,2143,2077,2147
2121: 2099,2228,2038,2227,2229,2137,2114,2113,2134,2054,2080,2063,2052,2029,946
2122: 2169,2177,2112,2130,2318,2316,2180,2317,2353,1961,2235,2202,2142,2278,2205,2162,2247,2248,2256,2129,2143,2077,2147,2135,2093,2144,2160,1982,2163,2062
2123: 2586
2238: 2309,2308,2016,2154,2357,2310,2419,2365,2265,2218,2319,2341,2420,2156,2322,2321,2331,2214,2330,2311,2226,2155,2353,1961,2235,2225,2251,2131,2219,2288,2252,2312,2250,2300,2216
2129: 2162,2247,2248,2256,2249,2259,2226,2155,2353,1961,2235,2225,2251,2131,2219,2288,2252,2312,2250,2122,2169,2177,2112,2130,2107,2150,2138,2144,2163,2062,2185
2130: 2122,2169,2177,2112,2318,2316,2226,2155,2353,1961,2235,2225,2202,2142,2278,2205,2162,2247,2248,2256,2129,2249,2259,2143,2135,2093,2144,2160,1982,2163,2062,2175
2131: 2225,2251,2341,2420,2156,2309,2308,2016,2154,2238,2331,2214,2330,2311,2226,2155,2235,2219,2288,2252,2312,2250,2300,2216,2177,2162,2247,2248,2256,2129,2249,2259,2107,2150,2138
2134: 2113,2054,2080,2077,2147,2135,2093,2144,2160,1982,2163,2062,2137,2114,2037,2133,2092,2121,2099
2135: 2143,2077,2147,2202,2142,2278,2205,2122,2169,2177,2112,2130,2093,2144,2160,1982,2137,2113,2134,2054
2258: 2204,2184,2045,2181,2187,2107,2150,2323,2283,2159,2282,2338,2110,2182,1994,2188,2186,2183,2185,2272,2091,2261,2201,2337,2127,2170,568
2137: 2114,2143,2077,2147,2135,2093,2160,1982,2228,2038,2227,2229,2113,2134,2054,2080,2121,2099
2138: 2107,2150,2225,2131,2252,2312,2250,2253,2162,2247,2248,2256,2129,2249,2259,2323,2163,2062,2175,2182,1994,2188,2186,2183,2185,2184,2187
2139: 2281,2280,2279,2132,2237,2140,2282,2338,2089,2339,2275,2094,2345,2193,2002,2272,2091,2261,2201,2337,2196,2191,2260,2199
2140: 2281,2280,2139,2279,2132,2237,2282,2338,2089,2339,2275,2094,2345,2002,2272,2091,2261,2201,2337,2196,2191
2141: 2074,2198,2145,2358
2142: 2202,2278,2205,2270,2190,2318,2316,2180,2317,2315,2353,1961,2235,2120,2122,2169,2177,2112,2130,2143,2077,2147,2135,2093,2144,2160,1982
2148: 2224,2498,2499,589
2659: 2615,2096,2290
2150: 2107,2138,2225,2251,2131,2219,2288,2252,2312,2250,2300,2216,2253,2244,2246,2162,2247,2248,2256,2129,2249,2259,2323,2283,2159,2175,2182,1994,2188,2186,2183,2185,2184,2258,2181,2187
2151: 2653,2568,2534,2450,2561
2152: 2433,2427,915,2487,2429,2480,2477,2456,2485,2377,2476,2475,2523,2512,853,2461,2376,2417,2157,2465,2364,2392,2357,2352,2414,2355,2310,2379,2419,2416,2365,2378,2265
2377: 2476,2475,2523,2512,2487,2429,2480,2477,2456,2485,853,1677,2461,2376,2417,2157,2433,2427,2152,915,2465,2364
2154: 2309,2308,2016,2238,2357,2158,2355,2310,2419,2365,2265,2218,2319,2341,2420,2156,2322,2321,2331,2214,2330,2226,2155,2353,1961,2235,2225,2251,2131,2219,2288,2252,2250
2155: 2226,2353,1961,2235,2178,2314,2319,2341,2420,2156,2322,2321,2309,2308,2016,2154,2238,2318,2316,2180,2317,2315,2313,2225,2251,2131,2205,2169,2177,2112,2130,2247,2248,2256,2129,2249
2156: 2319,2341,2420,2322,2321,2406,2320,2357,2158,2414,2355,2310,2419,2365,2265,2055,2178,2400,2314,2309,2308,2016,2154,2238,2318,2316,2180,2315,2313,2226,2155,2353,1961,2235,2225,2251,2131
2157: 2461,2376,2417,2402,2487,2429,2480,2477,2456,2485,2377,2476,2475,2512,2431,2466,2433,2427,2152,915,2406,2415,2356,2357,2158,2352,2414,2355,2310,2379,2419,2416,2365,2378,2265
2158: 2357,2352,2414,2355,2310,2379,2431,2461,2376,2417,2157,2406,2320,2415,2356,2403,2432,2419,2416,2365,2378,2265,2055,2178,2400,2314,2319,2341,2420,2156,2322,2321,2308,2154
2159: 2323,2283,2312,2253,2244,2246,2240,2347,2245,2381,2107,2150,2282,2338,2110,2182,1994,2186,2183,2185,2204,2184,2258,2045,2181,2187,2272,2091,2261,2337
2160: 2093,2144,1982,2142,2122,2169,2177,2130,2162,2256,2143,2077,2147,2135,2163,2062,2175,2137,2114,2113,2134,2054,2080,2037,2133,2092
2161: 2260,2199,2043,512,2097,2042,2098
2164: 2103,2210,2207,2211,2232,2213,2120,2104,2228,2038,2227,2229
2165: 2349,2212,571,2031,1976
2166: 2383,2385,2384,2367,2479,2399,2302,2306,2301,2305,2307,2445,2443,2168,2348,2389,2105,2304,1997,2233,2208,2359,2167,2270,2346,2231
2167: 2208,2359,2348,2383,2166,2385,2384,2367,2389,2105,2304,1997,2233,2270,2346,2231,2190,2426,2207,2211,2232,2213,2120
2168: 2445,2443,2348,588,2479,2399,2302,2459,1989,2383,2166,2385,2384,2367,2418,1997,2233,2208,2359
2169: 2122,2177,2112,2130,2318,2316,2180,2317,2226,2155,2353,1961,2235,2225,2202,2142,2278,2205,2162,2247,2248,2256,2129,2249,2143,2077,2147,2135,2093,2144,2160,1982,2163,2062
2170: 2127,2163,2175,2182,1994,2188,2186,2183,2185,2204,2184,2258,2045,2181,2187,2037,2133,2092,568,2049,2176,2076
2406: 2320,2415,2356,2403,2432,2431,2461,2417,2157,2306,2301,2305,2307,2357,2158,2352,2414,2355,2310,2379,2389,2105,2304,2055,2178,2400,2314,2319,2341,2420,2156,2322,2321
2658: 2612,2630,2611,2704,2639,2637,2613,2609,2682,2683,2493,2610,2564,2689,2657
2173: 2198,2145,2358,434
2174: 2455,2396
2175: 2163,2062,2130,2162,2247,2256,2259,2107,2150,2138,2093,2144,2160,2182,1994,2188,2186,2183,2185,2037,2133,2092,2127,2170
2176: 2108,2049,2037,2133,2092,2127,2170,568,2090,2075,2076,2115,2065,2030
2177: 2122,2169,2112,2130,2318,2316,2180,2317,2315,2313,2226,2155,2353,1961,2235,2225,2251,2131,2202,2142,2278,2205,2162,2247,2248,2256,2129,2249,2259,2143,2135,2093,2144,2160,1982,2163,2062
2178: 2055,2400,2314,2301,2305,2307,2406,2320,2357,2158,2355,2389,2304,2319,2341,2420,2156,2322,2321,2270,2346,2231,2190,2318,2316,2180,2317,2315,2313,2226,2155,2353,1961,2235
2179: 2471,2522,2430,2547,2484,2548,2434,2524,2222,2530,2402,2460,2458,2431,2466,2302,2459,1989,2306,2301,2305,2307,2415,2403,2432
2180: 2318,2316,2317,2315,2313,2389,2304,2055,2178,2400,2314,2341,2156,2321,2270,2346,2231,2190,2226,2155,2353,1961,2235,2202,2142,2278,2205,2122,2169,2177,2112
2181: 2204,2184,2258,2045,2187,2150,2323,2283,2159,2282,2338,2110,2182,1994,2188,2186,2183,2185,2272,2091,2261,2201,2337,2127,2170,568
2182: 1994,2188,2186,2183,2185,2162,2256,2259,2107,2150,2138,2323,2159,2163,2175,2204,2184,2258,2045,2181,2187,2133,2127,2170,568
2183: 2182,1994,2188,2186,2185,2162,2247,2256,2249,2259,2107,2150,2138,2323,2283,2159,2163,2175,2204,2184,2258,2045,2181,2187,2133,2127,2170,568
2184: 2204,2258,2045,2181,2187,2107,2150,2138,2323,2283,2159,2282,2110,2182,1994,2188,2186,2183,2185,2272,2091,2261,2337,2127,2170,568
2185: 2182,1994,2188,2186,2183,2162,2247,2256,2129,2249,2259,2107,2150,2138,2323,2283,2159,2163,2062,2175,2204,2184,2258,2045,2181,2187,2133,2127,2170,568
2186: 2182,1994,2188,2183,2185,2162,2256,2259,2107,2150,2138,2323,2159,2163,2175,2204,2184,2258,2045,2181,2187,2133,2127,2170,568
2187: 2204,2184,2258,2045,2181,2107,2150,2138,2323,2159,2182,1994,2188,2186,2183,2185,2272,2091,2337,2127,2170,568
2188: 2182,1994,2186,2183,2185,2162,2256,2259,2107,2150,2138,2323,2163,2062,2175,2204,2184,2258,2045,2181,2187,2037,2133,2127,2170,568
2189: 2255,2579,2602,1991,1886,1913,1867
2191: 2196,2089,2339,2275,2094,2345,2405,2193,2002,2332,2395,2391,2066,2277,2281,2280,2139,2279,2132,2237,2140,2335,2271,2197,2329,2260,2199
2683: 2682,2639,2614,2612,2630,2611,2658,2704,2675,2700,2673,2657
2193: 2405,2002,2404,2437,2089,2339,2275,2094,2345,2332,2395,2391,2066,2277,2281,2280,2139,2279,2132,2237,2196,2191,2335,2271,2197,2329
2344: 2044,2215,2046,2386,2241,2408,2324,2242,2425,2423,2240,2347,2245,2381,2404,2338,2275,2094
2195: 2435,2451,2340,2437,540,2544,2422,2474
2196: 2191,2089,2339,2275,2094,2345,2405,2193,2002,2332,2395,2391,2066,2277,2281,2280,2139,2279,2132,2237,2140,2335,2271,2197,2329,2260,2199
2197: 2335,2271,2329,2405,2193,2002,2332,2395,2391,2066,2277,2422,2474,2196,2191,2260,2199
2198: 2145,2358,2074,2141,2173,580
2199: 2260,2281,2280,2139,2279,2132,2237,2196,2191,2335,2271,2197,2329,2043,2236,2161,2097
2343: 585,2436
2203: 2393,2664,2723
2204: 2184,2258,2045,2181,2187,2323,2159,2282,2182,1994,2188,2186,2183,2185,2272,2091,2261,2201,2337,2127,2170,568
2205: 2202,2142,2278,2270,2190,2318,2316,2180,2317,2315,2313,2226,2155,2353,1961,2235,2122,2169,2177,2112,2130,2143,2135,2144,1982
2206: 2117,2116,1985,489,2101,2034
2207: 2426,2211,1997,2233,2359,2167,2366,2232,2213,2031,1976,2103,2164,2210
2208: 2359,2167,2443,2168,2348,2383,2166,2385,2384,2367,2389,2105,2304,1997,2233,2270,2346,2231,2190,2211,2232,2213
2209: 2446,2447,900,455,2448
2210: 2103,2164,2426,2207,2211,2232,2213,2120,2104
2211: 2426,2207,1997,2233,2208,2359,2167,2366,2232,2213,2031,1976,2103,2164,2210
2212: 571,2165,2349,2031,1976
2213: 2232,1997,2233,2208,2359,2167,2426,2207,2211,2120,2103,2164,2210
2214: 2331,2330,2311,2365,2265,2267,2333,2218,2263,2409,2309,2308,2016,2154,2238,2374,2351,2024,2299,2225,2251,2131,2219,2288,2252,2312,2250,2300,2216,2253,2244,2246
2215: 2044,2243,2325,2394,2262,2293,2292,2439,2374,2351,2024,2299,2241,2408,2324,2253,2244,2246,2240,2347,2245,2381,2344
2216: 2219,2288,2252,2312,2250,2300,2309,2016,2238,2331,2214,2330,2311,2374,2351,2024,2299,2225,2251,2131,2253,2244,2246,2249,2107,2150,2323,2283
2217: 2362,2361,2454,2488,2464,2268,2463,2462,2334,2410,2266,2505,2373,2394,2262,2293,2363,2292,2439
2218: 2267,2333,915,2364,2392,2040,2419,2416,2365,2378,2265,2394,2263,2409,2309,2308,2016,2154,2238,2331,2214,2330,2311,2374,2024,2299
2219: 2288,2252,2312,2250,2300,2216,2309,2308,2016,2154,2238,2331,2214,2330,2311,2374,2351,2024,2299,2225,2251,2131,2253,2244,2246,2247,2129,2249,2107,2150,2323,2283
2353: 2226,2155,1961,2235,2055,2178,2400,2314,2319,2341,2420,2156,2321,2308,2154,2238,2318,2316,2180,2317,2315,2313,2225,2202,2142,2278,2205,2122,2169,2177,2112,2130,2247,2248,2129,2249
2223: 2072
2224: 2148,2498,2499,589
2225: 2251,2131,2319,2341,2420,2156,2322,2321,2309,2308,2016,2154,2238,2331,2214,2330,2226,2155,2353,1961,2235,2219,2288,2252,2312,2250,2300,2216,2169,2177,2112,2130,2162,2247,2248,2256,2129,2249,2259,2107,2150,2138
2226: 2155,2353,1961,2235,2178,2314,2319,2341,2420,2156,2322,2321,2309,2308,2016,2154,2238,2318,2316,2180,2315,2313,2225,2251,2131,2205,2169,2177,2112,2130,2247,2248,2256,2129,2249
2227: 2228,2038,2229,2164,2143,2077,2147,2104,2137,2114,2121,2099
2228: 2038,2227,2229,2164,2143,2077,2147,2104,2137,2114,2121,2099
2229: 2228,2038,2227,2164,2143,2077,2147,2104,2137,2114,2121,2099
2437: 2340,2382,2451,2404,2435,2195,2405,2193,2332,2395,2391,2066,2277,2422,2474
2231: 2270,2346,2190,2383,2166,2385,2384,2367,2389,2105,2304,2055,2178,2400,2208,2359,2167,2318,2316,2180,2317,2315,2313,2202,2278
2235: 2226,2155,2353,1961,2178,2314,2319,2341,2420,2156,2322,2321,2309,2308,2016,2154,2238,2318,2316,2180,2317,2315,2313,2225,2251,2131,2202,2142,2278,2205,2122,2169,2177,2112,2130,2162,2247,2248,2256,2129,2249
2236: 2043,2260,2199,2042,2098
2237: 2281,2280,2139,2279,2132,2140,2089,2339,2094,2345,2193,2002,2272,2091,2201,2196,2191,2260,2199
2599: 2600,2598,2562,977,1899,2603,2528
2240: 2347,2245,2381,2351,2044,2215,2241,2408,2253,2244,2246,2344,2323,2283,2159,2282,2338,2110,2339,2275,2094,2345
2241: 2046,2386,2408,2324,2293,2363,2292,2439,2424,2411,2044,2215,2243,2325,2242,2425,2423,2240,2347,2245,2381,2344
2242: 2425,2423,2292,2439,2388,2291,2424,2411,2452,2497,2046,2386,2241,2408,2324,2382,2344,2404
2243: 2044,2215,2325,2394,2262,2263,2409,2293,2363,2292,2439,2374,2351,2024,2299,2386,2241,2408,2324,2244,2246,2245,2381
2244: 2253,2246,2331,2214,2311,2374,2351,2024,2299,2044,2215,2243,2325,2219,2288,2312,2300,2216,2240,2347,2245,2381,2107,2150,2323,2283,2159,2282,2338,2110
2245: 2240,2347,2381,2351,2024,2044,2215,2243,2325,2046,2386,2241,2408,2324,2253,2244,2246,2344,2283,2159,2282,2338,2110,2339,2275,2094
2246: 2253,2244,2331,2214,2311,2374,2351,2024,2299,2044,2215,2243,2219,2288,2252,2312,2250,2300,2216,2240,2347,2245,2381,2107,2150,2323,2283,2159,2282,2338,2110
2247: 2162,2248,2256,2129,2249,2259,2226,2155,2353,2235,2225,2251,2131,2219,2288,2252,2312,2250,2122,2169,2177,2112,2130,2107,2150,2138,2144,2163,2062,2175,2183,2185
2248: 2162,2247,2256,2129,2249,2259,2226,2155,2353,1961,2235,2225,2251,2131,2288,2252,2250,2122,2169,2177,2112,2130,2107,2150,2138,2144,2163,2062
2249: 2162,2247,2248,2256,2129,2259,2226,2155,2353,2235,2225,2251,2131,2219,2288,2252,2312,2250,2300,2216,2169,2177,2130,2107,2150,2138,2163,2062,2183,2185
2250: 2219,2288,2252,2312,2300,2216,2309,2308,2016,2154,2238,2331,2214,2330,2311,2024,2225,2251,2131,2253,2246,2162,2247,2248,2256,2129,2249,2259,2107,2150,2138
2251: 2225,2131,2341,2420,2156,2322,2309,2308,2016,2154,2238,2331,2214,2330,2311,2226,2155,2235,2219,2288,2252,2312,2250,2300,2216,2177,2247,2248,2256,2129,2249,2107,2150
2252: 2219,2288,2312,2250,2300,2216,2309,2308,2016,2154,2238,2331,2214,2311,2024,2225,2251,2131,2253,2246,2162,2247,2248,2256,2129,2249,2259,2107,2150,2138,2323,2283
2253: 2244,2246,2331,2214,2311,2351,2024,2215,2219,2288,2252,2312,2250,2300,2216,2240,2347,2245,2107,2150,2138,2323,2283,2159,2282,2110
2731: 2710,2728,2699,2678
2256: 2162,2247,2248,2129,2249,2259,2226,2155,2235,2225,2251,2131,2252,2250,2122,2169,2177,2112,2130,2107,2150,2138,2093,2144,2160,1982,2163,2062,2175,2182,1994,2188,2186,2183,2185
2663: 2661,2633,2614,2662,2721,2674,2675,2700,2673
2259: 2162,2247,2248,2256,2129,2249,2225,2131,2252,2250,2177,2130,2107,2150,2138,2144,2163,2062,2175,2182,1994,2188,2186,2183,2185
2260: 2199,2281,2280,2139,2279,2132,2237,2196,2191,2335,2271,2197,2329,2043,2236,2161,2097
2262: 2394,2263,2409,1671,2364,2392,2040,2334,2410,2266,2217,2362,2361,2454,2267,2333,2293,2363,2311,2374,2351,2024,2299,2044,2215,2243,2325
2263: 2394,2262,2409,2465,1671,2364,2392,2040,1700,2410,2266,2267,2333,2218,2293,2331,2214,2330,2311,2374,2024,2299,2243,2325
2600: 2598,2562,2599,977,2619,1899,2603,2528
2265: 2419,2416,2365,2378,2157,2433,2152,915,2392,2040,2357,2158,2352,2414,2355,2310,2379,2267,2333,2218,2319,2341,2420,2156,2322,2321,2309,2308,2016,2154,2238,2331,2214,2330,2311
2266: 1701,1700,2334,2410,1677,2488,2464,2268,2463,2462,2465,1671,2364,2392,2040,2217,2362,2361,2454,2267,2333,2394,2262,2263,2409,2293,2363
2267: 2333,2218,915,2465,2364,2392,2040,2410,2266,2365,2378,2265,2394,2262,2263,2409,2309,2308,2016,2331,2214,2330,2311,2374,2024,2299
2268: 2463,2462,2488,2464,1700,2334,2410,2266,2217,2362,2361,2454,2505,2373
2307: 2306,2301,2305,2460,2458,2179,2431,2479,2399,2302,2459,1989,2406,2320,2415,2356,2403,2432,2383,2166,2385,2367,2389,2105,2304,2055,2178,2400,2314
2270: 2346,2231,2190,2383,2166,2385,2367,2389,2105,2304,2055,2178,2400,2314,2208,2359,2167,2318,2316,2180,2317,2315,2313,2120,2202,2142,2278,2205
2271: 2335,2197,2329,2405,2193,2002,2332,2395,2391,2066,2277,2422,2474,2196,2191,2260,2199
2272: 2091,2261,2201,2337,2159,2282,2338,2339,2094,2345,2204,2184,2258,2045,2181,2187,2281,2280,2139,2279,2132,2237,2140,568
2469: 2587,2588,2635
2274: 2146
2275: 2089,2339,2094,2345,2240,2347,2245,2381,2344,2404,2282,2338,2110,2405,2193,2002,2261,2201,2337,2281,2139,2279,2132,2140,2196,2191
2669: 
2277: 2332,2395,2391,2066,2404,2340,2437,2405,2193,2002,2422,2474,2196,2191,2335,2271,2197,2329
2278: 2202,2142,2205,2270,2346,2231,2190,2318,2316,2180,2317,2315,2313,2353,1961,2235,2120,2122,2169,2177,2112,2130,2143,2147,2135,2144,1982
2279: 2281,2280,2139,2132,2237,2140,2282,2338,2089,2339,2275,2094,2345,2193,2002,2272,2091,2261,2201,2337,2196,2191,2260,2199
2280: 2281,2139,2279,2132,2237,2140,2282,2338,2089,2339,2094,2345,2193,2002,2272,2091,2261,2201,2337,2196,2191,2260,2199
2282: 2342,2338,2110,2253,2244,2246,2240,2347,2245,2381,2323,2283,2159,2089,2339,2275,2094,2345,2204,2184,2258,2045,2181,2272,2091,2261,2201,2337,2281,2280,2139,2279,2140
2283: 2323,2159,2219,2288,2252,2312,2300,2216,2253,2244,2246,2240,2347,2245,2381,2107,2150,2282,2338,2110,1994,2183,2185,2184,2258,2181,2261,2337
2345: 2089,2339,2275,2094,2240,2282,2338,2405,2193,2002,2272,2261,2201,2337,2281,2280,2139,2279,2132,2237,2140,2196,2191
2285: 2495,2592,2550,2601,2573,2398,2543
2286: 2545,2584,2350,2595,2449,1773
2287: 2519,485
2288: 2219,2252,2312,2250,2300,2216,2309,2308,2016,2154,2238,2331,2214,2330,2311,2374,2024,2299,2225,2251,2131,2253,2244,2246,2247,2248,2129,2249,2107,2150,2283
2290: 2096,2615,2659
2291: 2388,2424,2411,2505,2373,2438,2439,2452,2497,2046,2386,2242,2425,2423,2382
2292: 2439,2217,2362,2361,2373,2293,2363,2388,2424,2411,2044,2215,2243,2325,2046,2386,2241,2408,2324,2242,2425,2423
2293: 2363,2334,2410,2266,2217,2362,2361,2454,2505,2373,2394,2262,2263,2409,2292,2439,2374,2351,2299,2044,2215,2243,2325,2046,2386,2241,2324
2724: 2707,2684,2692
2601: 2573,2467,2514,2550,2495,2285,2398,2543,2574
2543: 2398,2550,2495,2592,2285,2601,2573,2574,2627,2590
2439: 2292,2217,2362,2361,2505,2373,2293,2363,2388,2291,2424,2411,2044,2215,2243,2325,2046,2386,2241,2408,2324,2242,2425,2423
2525: 2371,2396
2299: 2374,2351,2024,2267,2333,2218,2394,2262,2263,2409,2293,2331,2214,2330,2311,2044,2215,2243,2325,2219,2288,2300,2216,2244,2246
2300: 2219,2288,2252,2312,2250,2216,2309,2016,2238,2331,2214,2330,2311,2374,2351,2024,2299,2225,2251,2131,2253,2244,2246,2249,2107,2150,2323,2283
2301: 2306,2305,2307,2460,2458,2179,2431,2466,2479,2399,2302,2459,1989,2406,2320,2415,2356,2403,2432,2383,2166,2385,2367,2389,2105,2304,2055,2178,2400,2314
2302: 2479,2399,2459,1989,2482,2460,2458,2179,588,2306,2301,2305,2307,2445,2443,2168,2348,2383,2166,2385,2384,2367,2389,2105,2304
2303: 2556,2481,2482,2555,2483,2471,2522,2430,2547,2460,2458,588,2479,2399,2459,1989
2304: 2389,2105,2302,2306,2301,2305,2307,2406,2320,2403,2383,2166,2385,2384,2367,2055,2178,2400,2314,2208,2359,2167,2270,2346,2231,2190,2318,2316,2180,2317,2315,2313
2305: 2306,2301,2307,2460,2458,2179,2431,2479,2399,2302,2459,1989,2406,2320,2415,2356,2403,2432,2383,2166,2385,2367,2389,2105,2304,2055,2178,2400,2314
2306: 2301,2305,2307,2460,2458,2179,2431,2466,2479,2399,2302,2459,1989,2406,2320,2415,2356,2403,2432,2383,2166,2385,2367,2389,2105,2304,2055,2400
2308: 2309,2016,2154,2238,2357,2158,2352,2414,2355,2310,2379,2419,2416,2365,2378,2265,2267,2333,2218,2319,2341,2420,2156,2322,2321,2331,2214,2330,2311,2226,2155,2353,1961,2235,2225,2251,2131,2219,2288,2252,2250
2309: 2308,2016,2154,2238,2357,2310,2419,2365,2378,2265,2267,2333,2218,2319,2341,2420,2156,2322,2321,2331,2214,2330,2311,2226,2155,2235,2225,2251,2131,2219,2288,2252,2312,2250,2300,2216
2310: 2357,2158,2352,2414,2355,2379,2461,2376,2417,2157,2433,2152,915,2406,2320,2415,2356,2419,2416,2365,2378,2265,2319,2341,2420,2156,2322,2321,2309,2308,2016,2154,2238
2313: 2318,2316,2180,2317,2315,2389,2304,2055,2178,2400,2314,2319,2341,2156,2321,2270,2346,2231,2190,2226,2155,2353,1961,2235,2202,2278,2205,2177,2112
2314: 2055,2178,2400,2301,2305,2307,2406,2320,2356,2357,2158,2355,2389,2304,2319,2341,2420,2156,2322,2321,2270,2190,2318,2316,2180,2317,2315,2313,2226,2155,2353,1961,2235
2315: 2318,2316,2180,2317,2313,2389,2105,2304,2055,2178,2400,2314,2319,2341,2156,2321,2270,2346,2231,2190,2226,2155,2353,1961,2235,2202,2142,2278,2205,2177,2112
2316: 2318,2180,2317,2315,2313,2389,2304,2055,2178,2400,2314,2319,2341,2156,2321,2270,2346,2231,2190,2226,2155,2353,1961,2235,2202,2142,2278,2205,2122,2169,2177,2112,2130
2317: 2318,2316,2180,2315,2313,2389,2304,2055,2178,2400,2314,2270,2346,2231,2190,2155,2353,1961,2235,2202,2142,2278,2205,2122,2169,2177,2112
2318: 2316,2180,2317,2315,2313,2304,2055,2178,2400,2314,2319,2341,2420,2156,2321,2270,2346,2231,2190,2226,2155,2353,1961,2235,2202,2142,2278,2205,2122,2169,2177,2112,2130
2319: 2341,2420,2156,2322,2321,2406,2320,2415,2356,2403,2432,2357,2158,2352,2414,2355,2310,2379,2419,2416,2365,2378,2265,2055,2178,2400,2314,2309,2308,2016,2154,2238,2318,2316,2315,2313,2226,2155,2353,1961,2235,2225
2320: 2406,2415,2356,2403,2432,2431,2461,2417,2306,2301,2305,2307,2357,2158,2352,2414,2355,2310,2379,2389,2105,2304,2055,2178,2400,2314,2319,2341,2420,2156,2322,2321
2322: 2319,2341,2420,2156,2321,2406,2320,2415,2356,2357,2158,2352,2414,2355,2310,2379,2419,2416,2365,2378,2265,2178,2314,2309,2308,2016,2154,2238,2226,2155,1961,2235,2225,2251
2323: 2283,2159,2219,2252,2312,2300,2216,2253,2244,2246,2240,2347,2107,2150,2138,2282,2338,2110,2182,1994,2188,2186,2183,2185,2204,2184,2258,2045,2181,2187,2261,2337
2324: 2046,2386,2241,2408,2293,2363,2292,2439,2424,2411,2044,2215,2243,2325,2242,2425,2423,2245,2381,2344
2325: 2044,2215,2243,2394,2262,2263,2409,2293,2363,2292,2439,2374,2351,2024,2299,2046,2386,2241,2408,2324,2244,2245,2381
2523: 2377,2476,2475,2512,2487,2429,2480,2477,2456,2485,853,1677,2376,2433,2427,2152,915,2465,2364
2407: 2350,1773,2551,2596,2655
2567: 493,2606,2616,2637,2613
2329: 2335,2271,2197,2405,2193,2002,2332,2395,2391,2066,2277,2422,2474,2196,2191,2260,2199
2330: 2331,2214,2311,2419,2416,2365,2378,2265,2267,2333,2218,2263,2409,2309,2308,2016,2154,2238,2374,2024,2299,2225,2251,2131,2219,2288,2250,2300,2216
2331: 2214,2330,2311,2365,2265,2267,2333,2218,2263,2409,2309,2308,2016,2154,2238,2374,2351,2024,2299,2225,2251,2131,2219,2288,2252,2312,2250,2300,2216,2253,2244,2246
2332: 2395,2391,2066,2277,2340,2437,2435,2405,2193,2002,2422,2474,2196,2191,2335,2271,2197,2329
2333: 2267,2218,915,2364,2392,2040,2410,2266,2416,2365,2378,2265,2394,2262,2263,2409,2309,2308,2016,2331,2214,2330,2311,2374,2024,2299
2334: 1701,1700,2410,2266,1677,2488,2464,2268,2463,2462,2465,1671,2364,2392,2040,2217,2362,2361,2454,2394,2262,2293,2363
2335: 2271,2197,2329,2405,2193,2002,2332,2395,2391,2066,2277,2422,2474,2196,2191,2260,2199
2336: 2070
2337: 2272,2091,2261,2201,2323,2283,2159,2342,2282,2338,2110,2089,2339,2275,2094,2345,2204,2184,2258,2045,2181,2187,2281,2280,2139,2279,2132,2140,568
2338: 2342,2282,2110,2244,2246,2240,2347,2245,2381,2344,2323,2283,2159,2089,2339,2275,2094,2345,2258,2181,2272,2091,2261,2201,2337,2281,2280,2139,2279,2132,2140
2339: 2089,2275,2094,2345,2240,2347,2245,2381,2342,2282,2338,2110,2405,2193,2002,2272,2091,2261,2201,2337,2281,2280,2139,2279,2132,2237,2140,2196,2191
2340: 2437,2382,2451,2404,2435,2195,2405,2332,2395,2391,2066,2277,2422,2474
2341: 2319,2420,2156,2322,2321,2406,2320,2357,2158,2414,2355,2310,2419,2365,2265,2055,2178,2400,2314,2309,2308,2016,2154,2238,2318,2316,2180,2315,2313,2226,2155,2353,1961,2235,2225,2251,2131
2342: 2282,2338,2110,2339,2094,2261,2337
2348: 2445,2443,2168,2479,2399,2302,2383,2166,2385,2384,2367,2418,1997,2233,2208,2359,2167
2349: 2165,2212,571,2031,1976
2350: 2286,2595,2449,1773,2407
2351: 2374,2024,2299,2394,2262,2293,2331,2214,2311,2044,2215,2243,2325,2219,2312,2300,2216,2253,2244,2246,2240,2347,2245,2381
2352: 2357,2158,2414,2355,2310,2379,2431,2466,2461,2376,2417,2157,2433,2427,2152,915,2406,2320,2415,2356,2403,2432,2419,2416,2365,2378,2265,2319,2420,2322,2321,2308
2590: 2627,2398,2543,2574,2575,2672
2355: 2357,2158,2352,2414,2310,2379,2431,2461,2376,2417,2157,2433,2152,2406,2320,2415,2356,2403,2432,2419,2416,2365,2378,2265,2055,2178,2400,2314,2319,2341,2420,2156,2322,2321,2308,2016,2154
2356: 2406,2320,2415,2403,2432,2431,2466,2461,2376,2417,2157,2306,2301,2305,2307,2357,2158,2352,2414,2355,2310,2379,2055,2400,2314,2319,2420,2322,2321
2357: 2158,2352,2414,2355,2310,2379,2461,2376,2417,2157,2433,2152,2406,2320,2415,2356,2432,2419,2416,2365,2378,2265,2055,2178,2400,2314,2319,2341,2420,2156,2322,2321,2309,2308,2016,2154,2238
2358: 2198,2145,2074,2141,2173
2359: 2208,2167,2443,2168,2348,2383,2166,2385,2384,2367,2389,2105,2304,1997,2233,2270,2346,2231,2190,2207,2211,2232,2213
2360: 2503
2361: 2217,2362,2454,2268,2463,2462,2334,2410,2266,2505,2373,2394,2262,2293,2363,2292,2439
2362: 2217,2361,2454,2488,2464,2268,2463,2462,2334,2410,2266,2505,2373,2394,2262,2293,2363,2292,2439
2363: 2293,2334,2410,2266,2217,2362,2361,2454,2505,2373,2394,2262,2292,2439,2044,2243,2325,2046,2386,2241,2324
2364: 2465,1671,2392,2040,2377,2476,2523,2512,853,1677,2488,2464,2433,2427,2152,915,1701,1700,2334,2410,2266,2416,2378,2267,2333,2218,2394,2262,2263,2409
2365: 2419,2416,2378,2265,2157,2433,2152,915,2357,2158,2352,2414,2355,2310,2379,2267,2333,2218,2319,2341,2420,2156,2322,2321,2309,2308,2016,2154,2238,2331,2214,2330,2311
2366: 2418,1997,2233,2426,2207,2211,2031,1976
2367: 2383,2166,2385,2384,2479,2399,2302,2306,2301,2305,2307,2445,2443,2168,2348,2389,2105,2304,1997,2233,2208,2359,2167,2270,2346,2231,2190
2369: 2473,980
2370: 2521
2371: 2525,2396
2485: 2487,2429,2480,2477,2456,2524,2222,2530,2402,2377,2476,2475,2523,2512,2431,2466,2461,2376,2417,2157,2433,2427,2152
2373: 2505,2268,2463,2462,2217,2362,2361,2454,2438,2293,2363,2292,2439,2291,2411
2374: 2351,2024,2299,2267,2333,2218,2394,2262,2263,2409,2293,2331,2214,2330,2311,2044,2215,2243,2325,2219,2288,2300,2216,2244,2246
2555: 2483,2471,2522,2430,2547,2556,2481,2482,2303,2460,2458
2376: 2461,2417,2157,2524,2222,2402,2487,2429,2480,2477,2456,2485,2377,2476,2475,2523,2512,2431,2466,2433,2427,2152,915,2415,2356,2357,2158,2352,2414,2355,2310,2379,2419,2416,2378
2378: 2419,2416,2365,2265,2376,2417,2157,2433,2427,2152,915,2465,2364,2392,2357,2158,2352,2414,2355,2310,2379,2267,2333,2218,2319,2420,2322,2321,2309,2308,2016,2330
2379: 2357,2158,2352,2414,2355,2310,2466,2461,2376,2417,2157,2433,2427,2152,915,2406,2320,2415,2356,2419,2416,2365,2378,2265,2319,2420,2322,2321,2308,2016
2477: 2487,2429,2480,2456,2485,2524,2222,2402,2377,2476,2475,2523,2512,2466,2461,2376,2157,2433,2427,2152
2381: 2240,2347,2245,2351,2044,2215,2243,2325,2046,2386,2241,2408,2324,2244,2246,2344,2283,2159,2282,2338,2110,2339,2275,2094
2382: 2388,2291,2424,2411,2452,2497,2242,2425,2423,2404,2340,2437
2383: 2166,2385,2384,2367,2479,2399,2302,2306,2301,2305,2307,2445,2443,2168,2348,2389,2105,2304,1997,2233,2208,2359,2167,2270,2346,2231
2384: 2383,2166,2385,2367,2479,2399,2302,2445,2443,2168,2348,2389,2105,2304,1997,2233,2208,2359,2167,2346,2231
2385: 2383,2166,2384,2367,2479,2399,2302,2306,2301,2305,2307,2445,2443,2168,2348,2389,2105,2304,1997,2233,2208,2359,2167,2270,2346,2231
2386: 2046,2241,2408,2324,2293,2363,2292,2439,2388,2291,2424,2411,2044,2243,2325,2242,2425,2423,2245,2381,2344,2404
2466: 2431,2484,2434,2524,2222,2530,2402,2487,2429,2480,2477,2456,2485,2179,2461,2376,2417,2157,2306,2301,2415,2356,2403,2432,2352,2414,2379
2388: 2291,2424,2411,2438,2292,2439,2452,2497,2046,2386,2242,2425,2423,2382
2389: 2105,2304,2479,2302,2306,2301,2305,2307,2406,2320,2383,2166,2385,2384,2367,2055,2178,2400,2314,2208,2359,2167,2270,2346,2231,2190,2316,2180,2317,2315,2313
2524: 2222,2530,2402,2484,2548,2434,2487,2429,2480,2477,2456,2485,2179,2431,2466,2461,2376,2417
2391: 2332,2395,2066,2277,2404,2340,2437,2435,2405,2193,2002,2422,2474,2196,2191,2335,2271,2197,2329
2392: 2465,1671,2364,2040,853,1677,2488,2464,2427,2152,915,1701,1700,2334,2410,2266,2416,2378,2265,2267,2333,2218,2394,2262,2263,2409
2393: 2203,2664,2723
2394: 2262,2263,2409,1671,2364,2392,2040,2334,2410,2266,2217,2362,2361,2454,2267,2333,2218,2293,2363,2311,2374,2351,2024,2299,2044,2215,2243,2325
2395: 2332,2391,2066,2277,2340,2437,2405,2193,2002,2422,2474,2196,2191,2335,2271,2197,2329
2396: 2525,2371,2174,2455
2488: 2464,853,1677,2268,2463,2462,2465,1671,2364,2392,2040,1701,1700,2334,2410,2266,2217,2362,2454
2398: 2543,2550,2495,2592,2285,2601,2573,2574,2627,2590
2399: 2479,2302,2459,1989,2556,2481,2482,2303,2460,2458,588,2306,2301,2305,2307,2445,2443,2168,2348,2383,2166,2385,2384,2367,2105
2570: 2095,2052
2402: 2524,2222,2530,2484,2548,2434,2487,2429,2480,2477,2456,2485,2179,2431,2466,2461,2376,2417,2157
2403: 2406,2320,2415,2356,2432,2179,2431,2466,2461,2417,2306,2301,2305,2307,2158,2352,2414,2355,2105,2304,2055,2400,2319,2321
2404: 2046,2386,2408,2242,2425,2423,2382,2344,2340,2437,2275,2405,2193,2002,2391,2277
2405: 2193,2002,2404,2340,2437,2089,2339,2275,2094,2345,2332,2395,2391,2066,2277,2281,2196,2191,2335,2271,2197,2329
2408: 2046,2386,2241,2324,2292,2439,2424,2044,2215,2243,2325,2242,2425,2423,2240,2347,2245,2381,2344,2404
2409: 2394,2262,2263,2465,1671,2364,2392,2040,1700,2410,2266,2267,2333,2218,2293,2331,2214,2330,2311,2374,2024,2299,2243,2325
2410: 1701,1700,2334,2266,2488,2464,2268,2463,2462,2465,1671,2364,2392,2040,2217,2362,2361,2454,2267,2333,2394,2262,2263,2409,2293,2363
2411: 2388,2291,2424,2505,2373,2438,2292,2439,2452,2497,2046,2386,2241,2324,2242,2425,2423,2382
2593: 2641,514
2560: 1933,2539,2709,2528,1951,2541,2516,2559,2486,2504,2708,2508,2501,927
2414: 2357,2158,2352,2355,2310,2379,2431,2466,2461,2376,2417,2157,2433,2152,915,2406,2320,2415,2356,2403,2432,2419,2416,2365,2378,2265,2055,2319,2341,2420,2156,2322,2321,2308
2415: 2406,2320,2356,2403,2432,2179,2431,2466,2461,2376,2417,2157,2306,2301,2305,2307,2357,2158,2352,2414,2355,2310,2379,2055,2400,2319,2420,2322,2321
2416: 2419,2365,2378,2265,2461,2376,2417,2157,2433,2427,2152,915,2465,2364,2392,2040,2357,2158,2352,2414,2355,2310,2379,2333,2218,2319,2420,2322,2308,2016,2330
2417: 2461,2376,2157,2524,2222,2402,2487,2429,2480,2456,2485,2377,2431,2466,2433,2152,2406,2320,2415,2356,2403,2432,2357,2158,2352,2414,2355,2310,2379,2419,2416,2378
2418: 2445,2443,2168,2348,1997,2233,2366,2426
2419: 2416,2365,2378,2265,2461,2376,2417,2157,2433,2152,915,2357,2158,2352,2414,2355,2310,2379,2218,2319,2341,2420,2156,2322,2321,2309,2308,2016,2154,2238,2330
2420: 2319,2341,2156,2322,2321,2406,2320,2415,2356,2357,2158,2352,2414,2355,2310,2379,2419,2416,2365,2378,2265,2178,2314,2309,2308,2016,2154,2238,2318,2226,2155,2353,1961,2235,2225,2251,2131
2422: 2474,2340,2437,2435,2195,540,2332,2395,2391,2066,2277,2335,2271,2197,2329,2529,2428
2423: 2242,2425,2292,2439,2388,2291,2424,2411,2452,2497,2046,2386,2241,2408,2324,2382,2344,2404
2424: 2388,2291,2411,2438,2292,2439,2452,2497,2046,2386,2241,2408,2324,2242,2425,2423,2382
2425: 2242,2423,2292,2439,2388,2291,2424,2411,2452,2497,2046,2386,2241,2408,2324,2382,2344,2404
2426: 2207,2211,2418,1997,2233,2167,2366,2213,2031,1976,2210
2427: 2433,2152,915,2487,2429,2480,2477,2456,2485,2377,2476,2475,2523,2512,853,1677,2376,2157,2465,1671,2364,2392,2040,2352,2379,2416,2378
2428: 2529,2422,2474,916
2429: 2487,2480,2477,2456,2485,2524,2222,2402,2377,2476,2475,2523,2512,2431,2466,2461,2376,2417,2157,2433,2427,2152,915
2430: 2471,2522,2547,2555,2483,2484,2548,2434,2482,2303,2460,2458,2179
2431: 2466,2484,2548,2434,2524,2222,2530,2402,2487,2429,2456,2485,2179,2461,2376,2417,2157,2306,2301,2305,2307,2406,2320,2415,2356,2403,2432,2158,2352,2414,2355
2432: 2406,2320,2415,2356,2403,2179,2431,2466,2461,2417,2306,2301,2305,2307,2357,2158,2352,2414,2355,2105,2055,2400,2319,2321
2433: 2427,2152,915,2487,2429,2480,2477,2456,2485,2377,2476,2475,2523,2512,853,2461,2376,2417,2157,2465,2364,2357,2352,2414,2355,2310,2379,2419,2416,2365,2378,2265
2434: 2484,2548,2430,2547,2524,2222,2530,2402,2179,2431,2466
2435: 2195,2451,2340,2437,540,2544,2332,2391,2422,2474
2436: 585,2343,576
2438: 2505,2373,2388,2291,2424,2411,2452,2497
2471: 2522,2430,2547,2555,2483,2484,2548,2556,2481,2482,2303,2460,2458,2179
2441: 2507,2450,2561
2443: 2445,2168,2348,588,2479,2399,2302,2459,1989,2383,2166,2385,2384,2367,2418,1997,2233,2208,2359
2444: 2491
2445: 2443,2168,2348,588,2479,2399,2302,2459,2383,2166,2385,2384,2367,2418,2233
2446: 2447,2209,900,455,2448
2447: 2446,2209,900,455,2448
2448: 900,455,2446,2447,2209
2449: 2595,2545,2584,2286,2350,1773
2450: 2561,2507,2441,2151,2653
2451: 2340,2437,2435,2195,540,2544
2452: 2497,2438,2388,2291,2424,2411,2242,2425,2423,2382
2454: 2217,2362,2361,2488,2464,2268,2463,2462,1700,2334,2410,2266,2505,2373,2394,2262,2293,2363
2455: 2174,2396
2456: 2487,2429,2480,2477,2485,2524,2222,2530,2402,2377,2476,2475,2523,2512,2431,2466,2461,2376,2417,2157,2433,2427,2152
2652: 2604
2458: 2460,2555,2483,2471,2522,2430,2547,2556,2481,2482,2303,2179,588,2479,2399,2302,2459,1989,2306,2301,2305,2307
2459: 2479,2399,2302,1989,2556,2481,2482,2303,2460,2458,2179,588,2306,2301,2305,2307,2445,2443,2168
2460: 2458,2555,2483,2471,2522,2430,2547,2556,2482,2303,2179,588,2479,2399,2302,2459,1989,2306,2301,2305,2307
2461: 2376,2417,2157,2524,2222,2530,2402,2487,2429,2480,2477,2456,2485,2377,2475,2431,2466,2433,2152,2406,2320,2415,2356,2403,2432,2357,2158,2352,2414,2355,2310,2379,2419,2416
2462: 2268,2463,2488,2464,1700,2334,2410,2266,2217,2362,2361,2454,2505,2373
2463: 2268,2462,2488,2464,2334,2410,2266,2217,2362,2361,2454,2505,2373
2464: 2488,853,1677,2268,2463,2462,2465,1671,2364,2392,2040,1701,1700,2334,2410,2266,2217,2362,2454
2465: 1671,2364,2392,2040,2377,2476,2475,2523,2512,853,1677,2488,2464,2433,2427,2152,915,1701,1700,2334,2410,2266,2416,2378,2267,2263,2409
2467: 2514,2550,2601,2573
2468: 938,2566,450
2542: 582,2125
2473: 2369
2474: 2422,2340,2437,2435,2195,2332,2395,2391,2066,2277,2335,2271,2197,2329,2529,2428
2475: 2377,2476,2523,2512,2487,2429,2480,2477,2456,2485,853,1677,2461,2376,2157,2433,2427,2152,915,2465
2476: 2377,2475,2523,2512,2487,2429,2480,2477,2456,2485,853,1677,2376,2157,2433,2427,2152,915,2465,1671,2364
2479: 2399,2302,2459,1989,2556,2481,2482,2303,2460,2458,588,2306,2301,2305,2307,2445,2443,2168,2348,2383,2166,2385,2384,2367,2389,2105
2480: 2487,2429,2477,2456,2485,2524,2222,2402,2377,2476,2475,2523,2512,2466,2461,2376,2417,2157,2433,2427,2152,915
2481: 2556,2482,2303,2555,2483,2471,2522,2458,588,2479,2399,2459,1989
2482: 2556,2481,2303,2555,2483,2471,2522,2430,2547,2460,2458,588,2479,2399,2302,2459,1989
2483: 2555,2471,2522,2430,2547,2556,2481,2482,2303,2460,2458
2484: 2548,2434,2471,2522,2430,2547,2524,2222,2530,2402,2179,2431,2466
2486: 2504,1884,2708,1951,2541,1882,2540,1933,2560,2489,1830,1907,2501,927
2487: 2429,2480,2477,2456,2485,2524,2222,2530,2402,2377,2476,2475,2523,2512,2431,2466,2461,2376,2417,2157,2433,2427,2152
2489: 1830,1907,1882,2540,1874,2486,2504,1884,2708,927
2710: 2731,2728,2699,2678,2730
2491: 2444
2566: 938,2468,450
2493: 2610,2564,2689,2637,2613,2609,2612,2630,2611,2658,2704,2647,2648,2646
2685: 579
2495: 2592,2285,2550,2601,2398,2543
2496: 1915,2631,927,1796,2583,1717
2497: 2452,2438,2388,2291,2424,2411,2242,2425,2423,2382
2498: 2148,2224,2499,589
2499: 2148,2224,2498,589
2579: 2602,2021,2594,2580,1939,2563,2623,2189,2255
2501: 2508,2516,2559,1933,2560,2539,2709,2486,2504,1884,2708,927
2595: 2449,2545,2584,2286,2350,1773
2503: 2360
2504: 2486,1884,2708,1951,2541,1882,1933,2560,2539,2709,2489,1830,1907,2508,2501,927
2505: 2373,2268,2463,2462,2217,2362,2361,2454,2438,2293,2363,2439,2291,2411
2563: 2623,2594,2579,2602
2507: 2441,2450,2561
2508: 2501,1933,2560,2539,2504,2708,927
2509: 2571,1887,1912
2704: 2612,2630,2611,2658,2639,2609,2682,2683,2493,2610,2564,2689,2657,2646
2511: 2597,2569,2533
2512: 2377,2476,2475,2523,2487,2429,2480,2477,2456,2485,853,1677,2376,2157,2433,2427,2152,915,2465,2364
2564: 2493,2610,2689,2637,2613,2609,2603,2630,2611,2658,2704,2647,2648
2514: 2467,2550,2601
2727: 2732,2715,2680,2729
2516: 2559,2528,1951,2541,1933,2560,2539,2501
2613: 2637,2609,2567,2616,2603,2630,2611,2658,2493,2610,2564,2689,2647
2614: 2639,2661,2633,2663,2683,2721,2674,2675,2700,2673,2657
2519: 2287,485
2528: 2600,2598,2562,2599,1951,2541,2516,2559,1933,2560,2539
2529: 2428,2422,2474,916
2530: 2524,2222,2402,2484,2548,2434,2487,2456,2485,2179,2431,2466,2461
2539: 1933,2560,2709,2528,1951,2541,2516,2559,2504,2708,2508,2501,927
2534: 2151,2653,2568,472
2661: 2633,2663,2614,2674,2675,2673
2664: 2723,2393,2203
2677: 2607,1792,1728
2586: 2123
2545: 2584,2286,2595,2449
2571: 2509,1887,1912
2547: 2471,2522,2430,2555,2483,2484,2548,2434,2482,2303,2460,2458,2179
2548: 2484,2434,2471,2522,2430,2547,2524,2222,2530,2402,2179,2431
2549: 512
2550: 2467,2514,2495,2592,2285,2601,2573,2398,2543
2551: 2407,2596,2655
2692: 2722,2662,2721,2674,945,2707,2724
2556: 2481,2482,2303,2555,2483,2471,2522,2460,2458,588,2479,2399,2459,1989
2557: 2629
2561: 2450,2507,2441,2544,2151,2653
2562: 2600,2598,2599,977,1899,2603,2528
2565: 2442
2568: 2151,2653,2534,472
2569: 2533,2511,2597
2572: 2624
2573: 2601,2467,2550,2285,2398,2543,2574
2574: 2601,2573,2398,2543,2627,2590,2635
2576: 2690,2660
2584: 2545,2286,2595,2449
2587: 2469,2588,2635
2592: 2495,2285,2550,2398,2543
2594: 2021,2580,1939,2563,2579,2602
2596: 2655,1773,2407,2551,918
2597: 2511,2569,2533
2598: 2600,2562,2599,977,1899,2603,2528
2606: 2667,2567,2639
2607: 2677,1756,1792,1728
2721: 2674,2633,2663,2614,2662,2675,2700,2673,2692,2722,945,2687,2642
2609: 2637,2613,2616,2603,2630,2611,2658,2704,2493,2610,2564,2689,2647,2648
2610: 2493,2564,2689,2637,2613,2609,2603,2630,2611,2658,2704,2647,2648
2616: 493,977,2567,2637,2613,2609,2603
2713: 2694,551
2623: 2563,2579,2602
2624: 2572
2625: 2698,2589
2673: 2675,2700,2661,2633,2663,2614,2683,2721,2674,2657,945,2687,2642
2627: 2590,2398,2543,2574,2575,2672
2682: 2683,2639,2612,2630,2611,2658,2704,2657
2629: 2557
2630: 2612,2611,2658,2704,2639,2637,2613,2609,2682,2683,2493,2610,2564,2689,2657
2631: 1915,2496,1796,2583,1717
2672: 2575,2627,2590,918,1323,1454,503
2633: 2661,2663,2720,2614,2662,2721,2674,2675,2673
2635: 2574,2587,2469
2642: 2687,2721,2674,2675,2700,2673,945,2694,551
2644: 2689,2647,2648,2646
2690: 2660,2576,2667
2646: 2611,2704,2493,2689,2644
2647: 2648,2637,2613,2609,2603,2493,2610,2564,2689,2644
2648: 2647,2609,2493,2610,2564,2689,2644
2675: 2700,2673,2661,2633,2663,2614,2683,2721,2674,2657,945,2687,2642,2694
2655: 2596,2407,2551,918
2715: 2727,2732,2680,2729
2657: 2614,2682,2683,2612,2630,2611,2658,2704,2675,2700,2673,2687