1574: 1605,1626
543: 
1068: 1632,1629,1633,1631,1634,1630
1141: 1100,1631,1634,1630,949
1543: 1349,475,1578,1388
566: 
949: 1141,1100,1624
1581: 1562
1445: 1530,233,1454,1323,1586
1126: 1162,1611,1621,1011,1614,153,1622,1128,1136,1617,1635,1037,1613,1610
977: 
1519: 1564,1531,1373,1467,1554,1479,1450,1476,1430,1478,1506
1373: 1540,1499,1571,1467,1519,1564,1531
1572: 1527,1547
1394: 1379,1415,1365,487,985,1345,1317,1346,1426,1316,323,1431
535: 
754: 69
1459: 1525,1419,1557,487,1526,1561,985,1379,1365
1509: 1357,1345,482,1428,1489
583: 
1619: 1627,1624,1636,1174,1062
1376: 1474,1501,1452,1514
900: 
1520: 1495,1424,1637
1337: 1521,1162,1621,1202,1243,1161,492,478
500: 553
520: 
1393: 1346,1426,1316,323,1431,1415,1345,1317,1425,1461,1395
1602: 1532
1623: 1066,1618,1063,1065,1609,1083,1615,1616
562: 
509: 
1174: 1062,1619,1627,1172,1053
822: 1487,1557,1404,1503,1526,1561
947: 538
563: 
985: 1459,1525,1419,487,1526,1561,1379,1394,1415,1365,1317
1450: 1467,1554,1479,1519,1564,1531,1476,1430,1478,1506
1434: 1512
1556: 1576,903
995: 
551: 
1532: 1602
957: 
1540: 1373,1499,1571,1467
1367: 1197,1202,1243,1161
961: 987
495: 
1456: 1387,1557,1404,1503,1487
968: 433
1587: 1606
929: 
939: 
905: 
1461: 1425,1346,1393,1426,1316,323,1431,1395
552: 1558,1537,1495
572: 
1506: 1476,1430,1478,1519,1564,1531,1450
560: 
504: 
1479: 1554,1519,1564,1531,1450
61: 1460,1398
539: 979,924
558: 
1527: 1572,1547,1580
1495: 1520,1424,1637,552
1582: 1569
922: 
589: 
69: 754
1600: 1589
598: 531
1202: 1521,1337,1367
1128: 1622,1136,1617,1635,1626,1614,153,1037,1613,1162,1611,1621,1011,1126,1610
587: 
515: 972
1571: 1499,952,1540,1373,1557
569: 946
996: 
854: 
605: 227
916: 
1172: 1174
1605: 1574,1626
591: 
926: 
1487: 822,1456,1387,1557,1404,1503,1526,1561
1513: 1548
532: 
944: 
582: 
1295: 1610
948: 
1349: 1543,475,1578,1388
1064: 1088
588: 
1253: 1278
994: 157,1474,1588,1514
1518: 
1496: 1268,1424,1637
1266: 1151,991,525
593: 
1426: 1346,1393,1316,323,1431,1394,1415,1345,1317,1425,1461,1395
544: 
908: 945
1606: 1587
955: 
1346: 1393,1426,1316,323,1431,1379,1394,1415,1345,1317,1425,1461,1395
906: 
1635: 1622,1128,1136,1617,1626,1614,153,1037,1613,1162,1611,1621,1011,1126,1610
581: 
498: 
932: 
575: 
993: 
1475: 1575,405
531: 598
1395: 1346,1393,1426,1316,323,1431,1425,1461
1428: 1489,1509,1357,1398
513: 
1278: 1253
1387: 1456,1557,1404,1487
1316: 1346,1393,1426,323,1431,1394,1415,1345,1317,1425,1461,1395
1604: 853,915
1458: 1397,986
506: 
975: 
911: 
555: 
597: 
979: 539
988: 548
963: 
1535: 
538: 947
951: 
1348: 1402
536: 
592: 
1063: 1618,1065,1609,1083,1612,1067,1069,1620,1615,1623,1616
1562: 1581
1569: 1582
986: 1458,1588
559: 
586: 
903: 1556,1576,1414,1551
1589: 1600
596: 962
1359: 
557: 965,311,1005,237,1625,1629,1633
580: 
537: 479
978: 
153: 1614,1622,1128,1136,1617,1635,1162,1611,1621,1011,1126
980: 
1151: 1266,991,525
568: 
157: 994,1474,1588,1514
965: 557,311,1005,237,1625,1629,1633
1413: 1453,483
902: 1502,1536
556: 
1503: 1404,1456,1487,822
1430: 1476,1478,1506,1519,1564,1531,1450,487,1379,1365
541: 567,570
594: 
166: 1015,1631,1634
820: 
507: 
700: 1009,442,454
1528: 1592,574
519: 
550: 
1547: 1580,1572,1527
574: 1528,1592
940: 
1065: 1618,1063,1609,1083,1612,1067,1069,1620,1615,1066,1623,1616
1399: 1460
923: 
1062: 1174,1619,1627,1053,1197
1053: 1174,1062
901: 
501: 
1588: 1474,986,1514,994,157
992: 
1290: 
534: 
967: 
573: 
547: 
976: 
919: 
1415: 1379,1394,1365,487,985,1345,1317,1346,1393,1426,1316,323,1431
1565: 1585
590: 
1625: 237,311,1005,557,965,1612,1067,1629,1633
1514: 1376,1474,1501,1588,1452,994,157
962: 596
927: 
1578: 1388,1543,1349,1558,1537
584: 
934: 
1531: 1519,1564,1373,1467,1554,1479,1450,1476,1430,1506
953: 
1197: 1062,1367
973: 
517: 484,403
982: 
1357: 1509,1345,1317,482,1428,1489
924: 539
1453: 1413,483
1424: 1637,1496,1495,1520
990: 
578: 
1341: 1477
1149: 1184
1388: 1578,1543,1349,1537
1502: 1536,902,448
914: 
1419: 1459,1525,1557,487,1526,985,1365
1011: 1162,1611,1621,1126,1614,153,1622,1128,1136,1617,1635,1037,1613,1610
1607: 232
925: 
1521: 1337,1162,1621,1202,1243,492
1100: 1141,1631,1634,1630,949
1489: 1428,1509,1357,1398
941: 
227: 605
912: 546
950: 
943: 
1443: 456,1598
232: 1607
233: 1454,1323,1445,1530
1551: 1414,903
1404: 1503,1456,1387,1487,822
579: 
237: 1625,311,1005,557,965,1612,1067,1629,1633
508: 
920: 
1379: 1394,1415,1365,1459,1525,487,1476,1430,1478,985,1345,1317,1346,323,1431
599: 
1580: 1547,1527
514: 
1476: 1430,1478,1506,1519,1564,1531,1450,487,1379,1365
971: 
972: 515
1557: 1571,952,1456,1387,1487,822,1459,1525,1419
1583: 1603,480,1326
1585: 1565
1402: 1348
1576: 1556,903
1345: 1317,1379,1394,1415,1365,1346,1393,1426,1316,323,1431,1509,1357
1526: 1561,1487,822,1459,1525,1419,985
1512: 1434
512: 
942: 
571: 
1478: 1476,1430,1506,1519,1564,1450,1379
1501: 1474,1376,1452,1514
1563: 
928: 
1499: 1571,952,1540,1373
567: 541,570
528: 
909: 440
1467: 1540,1373,1519,1564,1531,1450
524: 
998: 
853: 1604,915
585: 
523: 
1525: 1459,1419,1557,487,1526,1561,985,1379,1365
915: 853,1604
1009: 700,442,454
533: 462
959: 475
913: 488
530: 
496: 970
1088: 1064
522: 
958: 
553: 500
1474: 1501,1376,1588,1452,1514,994,157
1365: 1379,1394,1415,1459,1525,1419,487,1476,1430,985,1345,1317,1431
1530: 1445,233,1454,1323,1586
510: 
542: 
960: 
984: 
952: 1499,1571,1557
595: 
1561: 1526,1487,822,1459,1525,985
505: 
521: 
999: 
1162: 1611,1621,1011,1126,1614,153,1128,1136,1617,1635,1613,1610,1521,1337
518: 
1470: 1391
502: 
956: 
1414: 1551,903
933: 
904: 
1015: 166,1631,1634
1066: 1623,1618,1065,1083,1615,1616
549: 
991: 1151,1266
1268: 1326,1496
1454: 1323,233,1445,1530
311: 1005,557,965,237,1625
554: 
497: 
1536: 1502,902,448
548: 988
526: 
989: 
1069: 1620,1612,1067,1618,1063,1065,1609,1083,1615
1601: 1590
545: 
576: 
945: 908
323: 1346,1393,1426,1316,1431,1379,1394,1415,1345,1317,1425,1461,1395
981: 
946: 569
516: 
1637: 1424,1496,1495,1520
1161: 1337,1367
570: 541,567
1037: 1613,1626,1622,1128,1136,1617,1635,1611,1011,1126,1610
1592: 1528,574
918: 
1184: 1149
1425: 1461,1346,1393,1426,1316,323,1431,1395
1323: 1454,233,1445,1530
1621: 1162,1611,1011,1126,1614,153,1128,1136,1617,1635,1613,1610,1521,1337
1243: 1521,1337,1367
499: 
1460: 1399,1398,61
840: 
938: 
966: 
1391: 1470
937: 
1477: 1341
921: 
347: 
1326: 1583,1603,1268
540: 
997: 
503: 
917: 
1626: 1574,1605,1614,1622,1128,1136,1617,1635,1037,1613
1537: 1558,1578,1388,552
546: 912
1067: 1612,237,1625,1069,1620,1618,1063,1065,1609,1083
970: 496
1603: 1583,480,1326
1488: 
1452: 1376,1474,1501,1514
627: 
1431: 1346,1393,1426,1316,323,1379,1394,1415,1365,1345,1317,1425,1461,1395
931: 
565: 
529: 
1005: 311,557,965,237,1625
561: 
1624: 1636,1630,1619,1627,949
964: 
1398: 1428,1489,1460,61
1317: 1345,985,1379,1394,1415,1365,1346,1393,1426,1316,323,1431,1357
954: 
1575: 1475,405
1590: 1601
1622: 1128,1136,1617,1635,1626,1614,153,1037,1613,1611,1011,1126,1610
1558: 1537,1578,552
1548: 1513
564: 
511: 
1586: 1445,1530
969: 
527: 
1136: 1622,1128,1617,1635,1626,1614,153,1037,1613,1162,1611,1621,1011,1126,1610
1554: 1479,1519,1564,1531,1450
987: 961
935: 
1397: 1458
1083: 1618,1063,1065,1609,1612,1067,1069,1620,1615,1066,1623,1616
974: 446
907: 
1598: 1443,456
930: 
577: 
983: 
525: 1151,1266
1409: 
1564: 1519,1531,1373,1467,1554,1479,1450,1476,1430,1478,1506
910: 
936: 
400: 
401: 
402: 
403: 484,517
404: 
405: 1475,1575
406: 
407: 
408: 
409: 
410: 
411: 
412: 
413: 434
414: 
415: 
416: 
417: 
418: 
419: 
420: 
421: 
422: 
423: 447
424: 
425: 
426: 
427: 
428: 
429: 
430: 491
431: 
432: 
433: 968
434: 413
435: 
436: 
437: 
438: 
439: 
440: 909
441: 477
442: 454,700,1009
443: 
444: 
445: 
446: 974
447: 423
448: 1502,1536
449: 
450: 
451: 
452: 
453: 
454: 442,700,1009
455: 
456: 1443,1598
457: 
458: 
459: 
460: 
461: 
462: 533
463: 
464: 
465: 
466: 
467: 
468: 
469: 
470: 
471: 
472: 
473: 
474: 
475: 1543,1349,959
476: 
477: 441
478: 1337,492
479: 537
480: 1583,1603
481: 
482: 1509,1357
483: 1413,1453
484: 403,517
485: 
486: 
487: 1459,1525,1419,1476,1430,985,1379,1394,1415,1365
488: 913
489: 
490: 
491: 430
492: 1521,1337,478
493: 
494: 
1609: 1618,1063,1065,1083,1612,1067,1069,1620,1615,1623,1616
1610: 1295,1622,1128,1136,1617,1635,1037,1613,1162,1611,1621,1011,1126
1611: 1162,1621,1011,1126,153,1622,1128,1136,1617,1635,1037,1613,1610
1612: 1067,237,1625,1069,1620,1618,1063,1065,1609,1083
1613: 1037,1626,1622,1128,1136,1617,1635,1162,1611,1621,1011,1126,1610
1614: 153,1626,1622,1128,1136,1617,1635,1162,1621,1011,1126
1615: 1069,1620,1618,1063,1065,1609,1083,1066,1623,1616
1616: 1618,1063,1065,1609,1083,1615,1066,1623
1617: 1622,1128,1136,1635,1626,1614,153,1037,1613,1162,1611,1621,1011,1126,1610
1618: 1063,1065,1609,1083,1612,1067,1069,1620,1615,1066,1623,1616
1620: 1069,1612,1067,1618,1063,1065,1609,1083,1615
1627: 1619,1624,1636,1174,1062
1636: 1624,1630,1619,1627
1629: 1633,557,965,237,1625,1632,1068
1630: 1632,1068,1631,1634,1141,1100,1624,1636
1631: 1634,166,1015,1632,1068,1630,1141,1100
1632: 1068,1629,1633,1631,1634,1630
1633: 1629,557,965,237,1625,1632,1068
1634: 1631,166,1015,1632,1068,1630,1141,1100