1574: 1599,552,1598,1443,1597,1268,1326,1594,1546,1583
639: 
1068: 1069,1067,237,1063,1065,1083,949
1141: 1100,911,410
1543: 1536,1502,1349,1482,1474,1514
566: 
949: 1068,237,1063,1065,1083,1066,278,1053,965
1581: 1562,456,1418
1347: 1440,1516,1495,1520,1533,1424,1473,1401,1525,1480,1435,1456,1387
1126: 1011,1020,1162,153,1128,1136,1037
977: 
1519: 487,1268,1326,1499,1571,1531,1564,1419,1450,1388,1578
1373: 1506,323,1478,1365,1379,1476,1430,1394,1467,1376,1501,1345,1317,1415,1346,1431,1464,1393,1426,1316,1425
1572: 1527,1450,1388,1578,1566,1479,1554,1482
1394: 1467,1365,1379,323,1373,1454,1323,1345,1317,1415,1346,1431,1393,1426,1316
15: 29
754: 69,740
17: 
1509: 1357,1454,1323,1345,1317,1415,1346,1431,1393,1426,985,1448,1428
583: 
1566: 1572,1527,1536,1502,1482
1376: 1501,1430,1479,1554,1506,323,1478,1373,1474,1514,1464,1393,1426,1316,1425,1461
900: 588
1520: 1495,1533,1483,1521,1440,1516,1424,1496,1337,1473,1347,1401,1525
1337: 1424,1496,1521,959,1495,1520,1533,952,1558,1401,1525,1459
1383: 1504,1488,1359,1367,1480,1435
643: 
1393: 1464,1426,1316,1394,1467,1506,323,1373,1376,1501,1345,1317,1415,1346,1431,1425,1461,1509,1357,1448,1395
1593: 1532,482,1582,1569
29: 15
562: 408
740: 69,754
1174: 1062
822: 1487,1503,1456,1387,1404,1560
947: 
563: 
985: 1454,1323,1345,1317,1415,1346,1431,1509,1357,1530,1445
1505: 1492,1530,1445,1544,1447,1484,1417,1485,1339
646: 
1556: 986,994,935,1576
995: 
1491: 1390,1405,1280,1504
1532: 1593,482,1582,1569
957: 
1540: 1499,1571,1268,959,952
1367: 1488,1359,1383,1504,1480,1435,1396
961: 917
766: 
814: 953,125,898
968: 974
1587: 1579,1590,902,1598,1443,1597,1547,1580,1546,1583
929: 
939: 
905: 
1492: 1505,1530,1445,1544,1447,1484,1417,1485,1339
727: 662
572: 
1506: 323,1478,1373,1365,1476,1430,1557,1479,1554,1467,1376,1501,1346,1431,1464,1393,1426,1316,1425
832: 
1533: 1495,1520,1483,1521,1440,1516,1424,1496,1337,1347,1401
792: 1363
61: 1409,1472,1410,1400,1489,1460,1429,1452,1399,1515,1398,1539,1433
839: 
1550: 1382,1298
1527: 1572,1450,1388,1578,1566,1479,1554,1482
65: 
1582: 1569,1532,1593
922: 
589: 
69: 754,740
1600: 1589,1370,994,935
598: 
1202: 492
1128: 153,1136,1037,1114,1126,1011,1020,1162
587: 
607: 
1571: 1540,1499,1268,1326,1594,959,1519,487,952,1531,1564
569: 
996: 
854: 
605: 227,820
916: 580,472
1172: 278
1559: 574,1591
591: 
926: 980
1487: 822,1503,1456,1387,1404,1560
1513: 1548,1547,1580,456
1429: 1460,1452,1399,1436,1472,1410,1400,1489,1406,1398,1409,61,1433
944: 
582: 
1295: 
948: 
1349: 1536,1502,1482,1543,1474,1514
1064: 1088,945,415
588: 940,900
1253: 1278,478
994: 986,1589,1370,1600,1556,1576
1518: 959
1496: 1424,1337,1521,959,1495,1520,1533,952,1558,1537,1401,1525,1459
1266: 311,1151
593: 532
102: 
872: 
908: 
105: 1542,1530,1445,1570,1385,1544,1586
955: 
1346: 1345,1317,1415,1431,1394,1467,1506,323,1373,1454,1323,1464,1393,1426,1316,985,1509,1357,1448
906: 
659: 
581: 954
1539: 1515,1398,1400,1489,1460,1447,1409,61,1465,1444,1470
932: 
575: 507
993: 431
1544: 1530,1445,105,1492,1505,1485
851: 137
1395: 1436,1464,1393,1426,1316,1425,1461,1448,1472,1410,1452,1399
1599: 1574,552,1598,1443,1597,1268,1326,1594,1546,1583
119: 
1278: 1253,478
1387: 1456,1347,1401,1480,1404,1396,822,1487,1503
1316: 1464,1393,1426,1394,1467,1506,323,1478,1373,1376,1501,1415,1346,1431,1425,1461,1448,1395
123: 
1209: 1069,1067,1342
125: 953,814,898
975: 
911: 1100,1141
898: 125,814
597: 1416,574
979: 
988: 515
963: 
1507: 1458,1397,1477,1341,1348,1402
1465: 1339,1447,1484,1417,1515,1398,1539,1444,1378,1391,1517
951: 937
1348: 1402,1507
137: 851
592: 
1063: 237,1065,1083,1069,1067,1068,1066,949,278
1562: 1581,456,1418
1569: 1582,482,1532,1593
986: 994,1370,935,1556,1576
143: 
586: 991
903: 
1589: 1370,1600,994,935
596: 
1359: 1488,1367,1383,1504,1480,1435,1396
1451: 233,1396,1560,1561,1526,1336,1434,1542
580: 472,916
894: 
978: 
153: 1128,1136,1037,1114,1126,1011,1020,1162
980: 926
1151: 311,1005,1266
568: 
157: 1588
965: 1053,949,278
1413: 1453
902: 1587,1579,1590,1547,1580,1548
1517: 1465,1339,1444,1391
1503: 822,1487,1480,1435,1456,1387,1404,1396,1560
1430: 1476,1557,1531,1564,1419,1450,1578,1365,1379,1479,1554,1467,1506,1478,1373,1376
1114: 275,153,1128,1136,1037
594: 
166: 1015,311,1005
820: 227,605
168: 238,682
700: 1009,1468,454
1528: 1592,1575,1591
171: 
746: 
1547: 1580,902,1587,1579,1590,1548,1513
574: 597,1559
940: 588
1065: 237,1063,1083,1069,1067,1068,1066,949,278
1382: 1298,1550
923: 
1062: 1174
1053: 965,949,278
901: 526
1343: 347
183: 
992: 
1290: 
1336: 233,1451,1434,347,1512
967: 546
573: 
1406: 1436,1429,1452,1399
976: 
919: 
1415: 1345,1317,1346,1431,1394,1467,323,1373,1454,1323,1393,1426,1316,985,1509,1357
1208: 1129,1306
590: 
1464: 1393,1426,1316,1467,1506,323,1373,1376,1501,1346,1431,1425,1461,1448,1395,1436
1514: 1474,1479,1554,1349,1482,1543,1376,1501,1425
962: 
927: 
1578: 1450,1388,1519,487,1531,1564,1419,1572,1527,1430,1557,1479,1554
584: 533
934: 
1531: 1564,1419,1499,1571,1519,487,1450,1388,1578,1476,1430,1557,1479,1554
953: 125,814
1197: 492
973: 
206: 
982: 
1357: 1509,1454,1323,1345,1317,1415,1346,1431,1393,1426,985,1448
924: 
1453: 1413
1424: 1496,1337,1521,959,1495,1520,1533,952,1558,1537,1347,1401,1525,1459
990: 
578: 
1341: 1458,1397,1477,1507
1149: 1184
1388: 1450,1578,1519,487,1531,1564,1419,1572,1527,1557,1479,1554
1502: 1536,1349,1482,1543,1566
914: 463
1298: 1585,1565,1382,1550
1011: 1126,1020,1162,153,1128,1136,1037
866: 294
925: 419
1521: 959,1495,1520,1533,1424,1496,1337,952
1100: 1141,911,410
1489: 1428,1472,1410,1400,1436,1460,1429,1452,1399,1447,1484,1515,1398,1539,1409,61
941: 
227: 605,820
912: 
950: 
943: 402
1591: 1592,1528,1559
232: 
233: 1451,1560,1561,1526,1336,1434,1542
1551: 1414,1470,307,1573
703: 424
579: 
237: 1063,1065,1083,1069,1067,1068,1066,949,278
238: 168,682
920: 
1379: 1365,952,1558,1537,1459,1476,1430,1394,1467,1373
599: 
604: 554,491
243: 
1370: 1589,1600,986,994,935
971: 
972: 538
1557: 1476,1430,1531,1564,1419,1450,1388,1578,1479,1554,1506,1478
1583: 1546,1574,1599,1598,1443,1597,1587,1326,1594,487
877: 
1129: 1208
1576: 986,994,935,1556
1345: 1317,1415,1346,1431,1394,1467,323,1373,1454,1323,1393,1426,985,1509,1357,1448
1526: 1560,1561,233,1451,1434,1542
1512: 1336,1434,1542,1570,1385,1585,1565
255: 326
942: 
571: 
844: 
1501: 1376,1479,1554,1506,323,1478,1373,1474,1514,1464,1393,1426,1316,1425,1461
1563: 457
928: 
1499: 1540,1571,1268,1326,1594,959,1519,487,952,1531,1564
567: 
264: 
909: 440
1546: 1583,1574,1599,1598,1443,1597,1587,1590,1326,1594,487
267: 
998: 
853: 
585: 
887: 
1525: 1401,1495,1520,1424,1496,1337,952,1558,1537,1347,1459,1456
915: 540
1009: 700,1468,454
275: 1342,1066,278,1114
959: 1518,1268,1521,1540,1499,1571,1424,1496,1337,952,1558,1537
913: 
278: 237,1063,1065,1083,1066,275,949,1053,965,1172
892: 
1088: 1064,945,415
281: 
958: 
1597: 1598,1443,1574,1599,1587,1579,1590,1594,1546,1583
623: 
1365: 1379,952,1558,1537,1459,1476,1430,1394,1467,1506,1373
1530: 1445,985,105,1544,1492,1505
682: 238,168
720: 
960: 
984: 
952: 1558,1537,1521,959,1540,1499,1571,1424,1496,1337,1525,1459,1365,1379
595: 
1561: 1560,1526,233,1451,1434,1542
294: 866
672: 
999: 
1162: 1126,1011,1020,153,1128,1136,1037
298: 
1363: 792
300: 
956: 
1414: 1551,1470,307,1573
933: 545
904: 411
1015: 166,311,1005
1066: 1069,1067,237,1063,1065,1083,275,949,278
307: 1433,1551,1414,1573,840
991: 586
1268: 480,552,1574,1599,1326,1594,959,1540,1499,1571,1519,487
1454: 1323,1394,1467,1345,1317,1415,1346,1431,985,1509,1357
311: 1005,166,1015,1151,1266
312: 382
313: 
1385: 1570,1434,1542,1512,105,1585,1565,1586
1280: 1405,1306,1390,1491
712: 358
989: 
1069: 1067,1209,1068,237,1063,1065,1083,1066
856: 
320: 
576: 
945: 1088,1064
323: 1506,1478,1373,1479,1394,1467,1376,1501,1345,1415,1346,1431,1464,1393,1426,1316,1425,1461
981: 
946: 
326: 255
327: 577
1161: 
570: 
1037: 153,1128,1136,1114,1126,1011,1020,1162
1592: 1528,1575,1591
918: 
1184: 1149
1425: 1461,1506,323,1478,1373,1376,1501,1474,1514,1464,1393,1426,1316,1448,1395,1436
1323: 1454,1394,1467,1345,1317,1415,1346,1431,985,1509,1357
1020: 1126,1011,1162,153,1128,1136,1037
1243: 492
338: 
1378: 1485,1465,1339,1391
840: 307,1573
938: 
966: 
1306: 1208,1405,1280,1390
937: 951
634: 627,1416
921: 
347: 1336,1343
1326: 1594,552,1574,1599,1598,1443,1268,1546,1583,1499,1571,1519,487
349: 
997: 
806: 
917: 961
836: 542
1339: 1465,1492,1505,1447,1484,1417,1515,1485,1444,1378,1391,1517
1342: 1209,275
1067: 1069,1209,1068,237,1063,1065,1083,1066
970: 
358: 712
1488: 1359,1367,1383,1473,1504,1480,1435,1404,1396
1452: 1460,1429,1399,1448,1395,1436,1428,1472,1410,1400,1489,1406,1398,1409,61
627: 634
1431: 1345,1317,1415,1346,1394,1467,1506,323,1478,1373,1454,1323,1464,1393,1426,1316,985,1509,1357,1448
931: 
565: 
1504: 1405,1383,1390,1491,1488,1359,1367
1005: 311,166,1015,1151
1405: 1280,1306,1390,1491,1504
1573: 307,1551,1414,840
964: 
815: 
1317: 1345,1415,1346,1431,1394,1467,1373,1454,1323,1393,1426,985,1509,1357
954: 581
662: 727
1590: 1587,1579,902,1598,1443,1597,1547,1580,1546
710: 
1558: 952,1537,959,1424,1496,1337,1401,1525,1459,1365,1379
1548: 1513,902,1547,1580,456
564: 
817: 
1586: 1570,1385,105,1585,1565,482
969: 
382: 312
1136: 153,1128,1037,1114,1126,1011,1020,1162
1554: 1479,1531,1564,1419,1450,1388,1578,1572,1527,1476,1430,1557,1506,1478,1376,1501,1474,1514
987: 907
935: 1589,1370,1600,986,1556,1576
1542: 233,1451,1560,1561,1526,1434,1512,1570,1385,105
1083: 237,1063,1065,1069,1067,1068,1066,949,278
974: 968
907: 987
391: 
930: 
577: 327
983: 
865: 
396: 
1564: 1531,1419,1499,1571,1519,487,1450,1388,1578,1476,1430,1557,1554
910: 
936: 
400: 
401: 
402: 943
403: 
404: 
405: 
406: 
407: 422
408: 562
409: 
410: 1100,1141
411: 516,904
412: 
413: 
414: 
415: 1088,1064
416: 
417: 
418: 
419: 925
420: 
421: 
422: 407
423: 
424: 703
425: 
426: 
427: 
428: 
429: 
430: 
431: 993
432: 
433: 
434: 
435: 
436: 
437: 
438: 
439: 
440: 909
441: 
442: 
443: 
444: 
445: 
446: 
447: 
448: 
449: 
450: 
451: 
452: 
453: 
454: 700,1009
455: 490
456: 1548,1513,1581,1562
457: 1563
458: 
459: 535
460: 
461: 
462: 
463: 914
464: 
465: 
466: 
467: 
468: 
469: 
470: 
471: 
472: 580,916
473: 
474: 
475: 
476: 
477: 
478: 1253,1278
479: 
480: 552,1268
481: 
482: 1586,1569,1532,1593
483: 
484: 
485: 
486: 
487: 1519,1268,1326,1594,1546,1583,1499,1571,1531,1564,1419,1450,1388,1578
488: 
489: 540
490: 455
491: 554,604
492: 1197,1202,1243
493: 
494: 553
495: 
496: 
497: 
498: 
499: 
500: 
501: 
502: 
503: 
504: 
505: 
506: 
507: 575
508: 
509: 
510: 
511: 
512: 
513: 
514: 
515: 988
516: 411
517: 
518: 
519: 558
520: 
521: 
522: 
523: 
524: 
525: 
526: 901
527: 
528: 
529: 
530: 
531: 
532: 593
533: 584
534: 
535: 459
536: 
537: 
538: 972
539: 
540: 915,489
541: 
542: 836
543: 
544: 
545: 933
546: 967
547: 
548: 
549: 
550: 
551: 
552: 480,1574,1599,1268,1326,1594
553: 494
554: 491,604
555: 
556: 
557: 
558: 519
559: 
560: 
561: 
1575: 1475,1592,1528
1390: 1491,1306,1405,1280,1504
1391: 1485,1465,1339,1444,1378,1517
1396: 1404,1488,1359,1367,1480,1435,1456,1387,1503,1451,1560
1397: 1458,1477,1341,1507
1398: 1515,1539,1428,1472,1410,1400,1489,1460,1429,1452,1399,1447,1484,1409,61,1465,1444,1470
1399: 1460,1429,1452,1448,1395,1436,1428,1472,1410,1400,1489,1406,1398,1409,61
1400: 1428,1472,1410,1489,1460,1429,1452,1399,1447,1484,1417,1515,1398,1539,61
1401: 1525,1495,1520,1533,1424,1496,1337,1558,1347,1459,1456,1387
1402: 1348,1507
1560: 1561,1526,1404,1396,822,1487,1503,233,1451,1434,1542
1404: 1396,1488,1480,1435,1456,1387,822,1487,1503,1560
1585: 1565,1512,1385,1586,1298
1588: 157
1409: 61,1410,1489,1460,1429,1452,1399,1515,1398,1539,1433,1470
1410: 1428,1472,1400,1489,1448,1395,1436,1460,1429,1452,1399,1515,1398,1409,61
1516: 1440,1483,1495,1520,1533,1473,1347
1416: 634,597
1417: 1447,1484,1400,1492,1505,1515,1485,1465,1339,1444
1418: 1581,1562
1419: 1531,1564,1519,487,1450,1388,1578,1476,1430,1557,1479,1554
1515: 1398,1539,1428,1410,1400,1489,1460,1447,1484,1417,1409,61,1465,1339,1444
1426: 1464,1393,1316,1394,1467,1506,323,1478,1373,1376,1501,1345,1317,1415,1346,1431,1425,1461,1509,1357,1448,1395
1537: 952,1558,959,1424,1496,1525,1459,1365,1379
1428: 1472,1410,1400,1489,1509,1448,1460,1452,1399,1447,1484,1515,1398
1565: 1585,1512,1385,1586,1298
1433: 1429,1409,61,1470,307
1434: 233,1451,1560,1561,1526,1336,1542,1512,1570,1385
1435: 1480,1383,1473,1347,1488,1359,1367,1404,1396,1503
1436: 1395,1464,1425,1461,1448,1472,1410,1489,1460,1429,1452,1399,1406
1579: 1587,1590,902,1598,1443,1597,1547,1580
1535: 
1440: 1516,1483,1495,1520,1533,1473,1347
1443: 1598,1597,1574,1599,1587,1579,1590,1326,1594,1546,1583
1444: 1447,1484,1417,1515,1398,1539,1465,1339,1470,1391,1517
1445: 1530,985,105,1544,1492,1505
1447: 1484,1417,1428,1400,1489,1492,1505,1515,1398,1539,1465,1339,1444
1448: 1345,1346,1431,1464,1393,1426,1316,1425,1461,1509,1357,1395,1436,1428,1472,1410,1452,1399
1450: 1388,1578,1519,487,1531,1564,1419,1572,1527,1476,1430,1557,1479,1554
1570: 1385,1434,1542,1512,105,1586
1456: 1387,1473,1347,1401,1525,1480,1404,1396,822,1487,1503
1598: 1443,1597,1574,1599,1587,1579,1590,1326,1594,1546,1583
1458: 1397,1477,1341,1507
1459: 1424,1496,1337,952,1558,1537,1401,1525,1365,1379
1460: 1429,1452,1399,1436,1428,1472,1410,1400,1489,1515,1398,1539,1409,61
1461: 1425,323,1376,1501,1464,1393,1426,1316,1448,1395,1436
1495: 1520,1533,1483,1521,1440,1516,1424,1496,1337,1473,1347,1401,1525
1594: 1326,552,1574,1599,1598,1443,1597,1268,1546,1583,1499,1571,487
1467: 1394,1365,1379,1476,1430,1506,323,1478,1373,1454,1323,1345,1317,1415,1346,1431,1464,1393,1426,1316
1468: 700,1009
1470: 1398,1539,1409,1433,1444,1551,1414
1580: 1547,902,1587,1579,1590,1548,1513
1472: 1428,1410,1400,1489,1448,1395,1436,1460,1429,1452,1399,1398,61
1473: 1440,1516,1495,1520,1347,1488,1480,1435,1456
1474: 1514,1479,1554,1349,1482,1543,1376,1501,1425
1475: 1575
1476: 1430,1557,1531,1564,1419,1450,1365,1379,1479,1554,1467,1506,1478,1373
1477: 1458,1397,1341,1507
1478: 1506,323,1373,1476,1430,1557,1479,1554,1467,1376,1501,1431,1426,1316,1425
1479: 1554,1531,1419,1450,1388,1578,1572,1527,1476,1430,1557,1506,323,1478,1376,1501,1474,1514
1480: 1435,1383,1473,1347,1488,1359,1367,1456,1387,1404,1396,1503
1536: 1502,1349,1482,1543,1566
1482: 1536,1502,1349,1543,1572,1527,1566,1474,1514
1483: 1440,1516,1495,1520,1533
1484: 1447,1417,1428,1400,1489,1492,1505,1515,1398,1465,1339,1444
1485: 1544,1492,1505,1417,1339,1378,1391