0: 49,63,51,37,1232,92,1230,22,99,38,1231,10,1205,25,21,1209,1228,89,1214,45,59,85,60,16,88,1211
1: 1203,25,21,1209,1228,89,35,1229,1202,62,1207,88,1211,1208,30,5,71,15,72,48,29,199
2: 86,94,427,103,3,83,61,6,74,1204,413,1206,1221,79,91,41,68
3: 83,135,168,77,26,64,82,427,103,61,6,74,1204,413,86,2,94,1206,1221
4: 338,79,91,358,386,96,55,28,487,75,11,40,365
5: 1208,30,71,35,1229,1202,62,1207,381,1203,1,480,48,29,199
6: 61,74,1204,168,77,26,64,82,56,3,83,8,86,2,1206,1221,1224
7: 1218,47,1216,91,41,68,51,37,96,55,28,1231,10,1205,75,11,40,365,1217,32,1226,1213,73,1215,1212,1214,45,59,85
8: 26,64,82,56,98,46,33,61,6,74,1204,9,66,1206,1221,31,42,1225,1223,1222,1224,1220,1219,23,78
9: 66,56,98,46,33,67,8,95,1225,1223,1224,23,78,13
10: 1231,1205,41,68,51,37,1232,92,1230,22,99,1218,47,1216,7,49,0,63,1217,32,1226,1213,73,1215,1212,1214,45,59,85,60,16
11: 75,40,365,4,96,55,28,1218,47,1216,7,487,1217,32,1226,1213,73,1215,1212,419,244,361,97
12: 173,384,93,463,317,216,80,44,65,56,98,46,33,67
13: 76,90,57,9,66,95,34,52,43,23,78,20,1232,92,1230,22,99,38,14,1227,1210
14: 1227,1210,76,90,57,13,20,379,53,38,69,17,19,25,21,1209,1228,89,35,1229,1202,62,1207
15: 72,60,16,88,1211,1203,1,50,70,48,164,81,416,106,140
16: 60,1231,10,1205,49,0,63,25,21,1209,1228,89,1214,45,59,85,88,1211,27,24,58,84,50,70,15,72
17: 69,19,20,379,53,130,339,14,1227,1210,134,182,35,1229,1202,62,1207,381
18: 54,97,32,1226,1213,73,1215,1214,45,59,85,361,27,24,58,84,355,129
19: 69,17,20,379,53,130,339,14,1227,1210,134,182,35,1229,1202,62,1207,381
20: 95,34,52,43,36,76,90,57,13,379,53,38,14,1227,1210,69,17,19
21: 25,1209,1228,89,1232,92,1230,22,99,38,14,1227,1210,49,0,63,35,1229,16,88,1211,1
22: 1232,92,1230,99,31,42,1225,1223,1222,1220,1219,23,78,76,90,57,13,51,37,38,1231,10,1205,49,0,63,25,21,1209,1228,89
23: 78,8,9,66,95,31,42,1225,1223,1222,1224,1220,1219,76,90,57,13,51,37,1232,92,1230,22,99,38
24: 27,58,84,1215,1214,45,59,85,60,16,18,54,50,70,355,129,164,81
25: 21,1209,1228,89,1232,22,99,38,14,1227,1210,49,0,63,35,1229,16,88,1211,1
26: 64,82,465,179,185,80,44,168,77,56,3,83,61,6,74,1204,8
27: 24,58,84,32,1226,1213,73,1215,1214,45,59,85,60,16,18,54,97,50,70,355,129,164
28: 96,55,91,68,4,1218,47,1216,7,487,75,11,40,365,1217,32,1226,1213,73,1215,1212
29: 199,1203,1,1208,30,5,71,480,48,140,232
30: 1208,5,71,35,1229,1202,62,1207,381,1203,1,480,48,29,199
31: 42,1225,1223,1222,1224,1220,1219,61,74,1204,8,66,1206,1221,23,78,41,68,51,37,92,1230,22
32: 1217,1226,1213,73,1215,1212,55,28,1218,47,1216,7,10,75,11,40,365,1214,45,59,85,361,18,54,97,27,58,84
33: 98,46,80,44,173,384,12,93,65,56,67,8,9,66,95
34: 52,43,67,39,95,36,90,57,13,20,379,53
35: 1229,38,14,1227,1210,69,17,19,25,21,1209,1228,89,1202,62,1207,88,1211,1203,1,1208,30,5,71
36: 39,87,34,52,43,284,20,379,53,130,339
37: 51,1206,1221,31,42,1225,1223,1222,1224,1220,1219,23,78,41,68,1232,92,1230,22,1218,47,1216,7,1231,10,1205,49,0,63
38: 23,78,76,90,57,13,20,1232,92,1230,22,99,14,1227,1210,49,0,63,25,21,1209,1228,89,35,1229
39: 87,65,301,183,67,95,34,52,43,36
40: 75,11,365,4,96,55,28,1218,47,1216,7,487,1217,32,1226,1213,73,1215,1212,419,244,361,54,97
41: 68,86,2,94,1206,1221,31,1222,1220,91,51,37,55,1218,47,7,10
42: 31,1225,1223,1222,1224,1220,1219,74,8,66,1206,1221,23,78,68,51,37,1232,92,1230,22,99
43: 34,52,67,39,87,95,36,76,90,57,13,20,379,53
44: 80,463,317,216,179,185,173,384,12,93,26,64,82,56,98,46,33
45: 1214,59,85,1218,47,1216,7,1231,10,1205,49,0,63,1217,32,1226,1213,73,1215,1212,60,16,18,54,97,27,24,58,84,50,70
46: 98,33,44,173,384,12,93,65,56,67,8,9,66,95
47: 1218,1216,7,91,41,68,51,37,96,55,28,10,1205,75,11,40,365,1217,32,1226,1213,73,1215,1212,1214,45,85
48: 88,1211,1203,1,1208,30,5,15,72,29,199,106,140,232
49: 0,63,51,37,1232,92,1230,22,99,38,1231,10,1205,25,21,89,45,85,16,88
50: 70,45,59,85,60,16,88,27,24,84,15,72,355,129,164,81,416
51: 37,1206,1221,31,42,1225,1223,1222,1224,1220,1219,23,78,41,68,1232,92,1230,22,99,1218,47,1216,7,1231,10,1205,49,0,63
52: 34,43,67,39,95,36,90,57,13,20,379,53
53: 379,34,52,43,36,284,20,130,339,14,1227,1210,69,17,19,134,182
54: 18,97,75,40,365,1217,32,1226,1213,73,1215,1212,1214,45,59,85,361,27,24,58,84,355,129
55: 96,28,79,91,41,68,4,1218,47,1216,7,487,75,11,40,365,1217,32,1226,1213,73,1215,1212
56: 179,185,80,44,173,384,12,93,26,64,82,98,46,33,61,6,74,1204,8,9,66
57: 76,90,13,66,95,34,52,43,23,78,20,1232,92,22,99,38,14,1227,1210
58: 27,24,84,1217,32,1226,1213,73,1215,1212,1214,45,59,85,16,18,54,97,70,355,129,164
59: 1214,45,85,1218,1216,7,10,0,63,1217,32,1226,1213,73,1215,1212,60,16,18,54,97,27,24,58,84,50,70
60: 16,10,0,63,89,1214,45,59,85,88,1211,27,24,84,50,70,15,72
61: 6,74,1204,168,77,26,64,82,56,3,83,8,86,2,1206,1221,31,1225,1223,1224,1220,1219
62: 1202,1207,14,1227,1210,69,17,19,134,182,35,1229,381,1203,1,1208,30,5,71,480
63: 49,0,51,37,1232,92,1230,22,99,38,1231,10,1205,25,21,1209,1228,89,1214,45,59,85,60,16,88,1211
64: 26,82,465,179,185,80,44,168,77,56,3,83,61,6,74,1204,8
65: 216,173,384,12,93,301,183,98,46,33,67,39,87
66: 9,56,98,46,33,67,8,95,31,42,1225,1223,1222,1224,1220,1219,23,78,76,90,57,13
67: 173,384,12,93,65,301,183,98,46,33,39,87,9,66,95,34,52,43
68: 41,86,2,94,1206,1221,31,42,1225,1223,1222,1224,1220,1219,91,51,37,55,28,1218,47,1216,7,1231,10,1205
69: 17,19,20,379,53,130,339,14,1227,1210,134,182,35,1229,1202,62,1207,381
70: 50,1214,45,59,85,60,16,88,1211,27,24,58,84,15,72,355,129,164,81,416
71: 1208,30,5,35,1202,62,1207,381,1203,1,480,29,199
72: 15,60,16,88,1211,1203,1,50,70,48,164,81,416,106,140
73: 1217,32,1226,1213,1215,1212,55,28,1218,47,1216,7,10,1205,75,11,40,365,1214,45,59,85,18,54,97,27,58,84
74: 61,6,1204,168,77,26,64,82,56,3,83,8,86,2,1206,1221,31,42,1225,1223,1222,1224,1220,1219
75: 11,40,365,4,96,55,28,1218,47,1216,7,487,1217,32,1226,1213,73,1215,1212,419,244,361,54,97
76: 90,57,13,66,95,43,23,78,20,1232,92,1230,22,99,38,14,1210
77: 168,465,179,185,135,26,64,82,427,3,83,61,6,74
78: 23,8,9,66,95,31,42,1225,1223,1222,1224,1220,1219,76,57,13,51,37,1232,92,1230,22,38
79: 267,413,86,2,94,338,91,358,386,4,55
80: 44,463,317,216,179,185,173,384,12,93,26,64,56,98,33
81: 164,24,84,50,70,15,72,355,129,416,290,225
82: 26,64,465,179,185,44,168,77,56,3,83,61,6,74,1204,8
83: 3,135,168,77,26,64,82,427,103,61,6,74,1204,413,86,2,94,1206,1221
84: 27,24,58,1217,32,1226,1213,73,1215,1212,1214,45,59,85,60,16,18,54,97,50,70,355,129,164,81
85: 1214,45,59,1218,47,1216,7,1231,10,1205,49,0,63,1217,32,1226,1213,73,1215,1212,60,16,18,54,97,27,24,58,84,50,70
86: 2,94,427,103,3,83,61,6,74,1204,413,1206,1221,79,91,41,68
87: 39,65,301,183,67,95,43,36
88: 1211,49,0,63,25,21,1209,1228,89,35,1229,60,16,1203,1,50,70,15,72,48
89: 25,21,1209,1228,1232,1230,22,99,38,14,1227,1210,49,0,63,35,1229,60,16,88,1211,1203,1
90: 76,57,13,66,95,34,52,43,23,20,22,38,14
91: 413,86,2,94,1206,1221,79,41,68,4,96,55,28,1218,47,1216,7
92: 1232,1230,22,99,31,42,1225,1223,1222,1224,1220,1219,23,78,76,57,13,51,37,38,1231,10,1205,49,0,63,21
93: 173,384,12,463,216,80,44,65,56,98,46,33,67
94: 86,2,427,103,3,83,413,1206,79,91,41,68
95: 46,33,67,39,87,9,66,34,52,43,23,78,76,90,57,13,20
96: 55,28,91,4,47,7,487,75,11,40,365,1217,1212
97: 18,54,75,11,40,365,1217,32,1226,1213,73,1215,1212,1214,45,59,85,361,27,58,84,129
98: 46,33,80,44,173,384,12,93,65,56,67,8,9,66
99: 1232,92,1230,22,42,23,76,57,13,51,38,1231,10,49,0,63,25,21,1209,1228,89
100: 459,187,133,224,367,169
101: 105,420,263,306,166,143,392,189,443,294,466,281
102: 477,485,302
103: 427,135,168,3,83,267,413,86,2,94
104: 198,194,357,318,321,387
105: 420,263,101,306,119,142,166,143,392,189,443,294
106: 140,15,72,48,199,416,232,476
107: 471,400,455,460,155,127,239,489,496,207
108: 387,362,320,227,349
109: 210,133,421,372,457,211
110: 391,123,432,380,455,460,155
111: 233,115,374,155,127,436
112: 132,459,187
113: 403,258,189,443,294,454,276
114: 248,296,157,451
115: 233,123,461,432,374,155,111
116: 463,317
117: 292,298,412,266,195
118: 277,398,149,312,464,342,328,172,181,196
119: 142,166,299,403,105,420,263,189,443,294
120: 153,438,431,354,396,484,269
121: 238,458,360,261,268,385,275,331,422
122: 324,477,375,293,175,316
123: 184,439,391,461,110,432,115
124: 
125: 482,298,444,141,253,319,412,497
126: 
127: 155,455,460,111,107,471,400,489,496
128: 327,415,208,428,451
129: 355,18,54,97,27,24,58,84,50,70,164,81,311,290,225
130: 339,36,284,379,53,251,69,17,19,134,182
131: 375,236,393,305,302,285,324,151
132: 112,192,389,441,459,314,224,367
133: 187,213,459,421,100,210,109
134: 182,379,53,130,339,251,69,17,19,1202,62,1207,381
135: 465,168,77,427,103,3,83
136: 303,429,171,442,188,200,170
137: 211,252,495
138: 499,322,295,397,394,154,366
139: 200,445,170,442,494,188,277,488,149,186,312
140: 106,15,72,48,29,199,416,232,476
141: 313,440,493,125,444,253,215
142: 119,166,299,143,105,420,263,306
143: 392,142,166,105,420,263,101,306
144: 332,382,235,473,254,270,406
145: 
146: 176,154,366,376,434
147: 350,249,242,351,403,258,191
148: 461
149: 186,312,445,139,277,323,398,488,118,464,172
150: 418,256,321,326,448
151: 285,131,375,236,335,248,296
152: 452,359,209,177,377,158
153: 353,388,438,356,396,190,120
154: 366,138,397,394,376,176,146,434
155: 127,110,432,115,455,460,111,107
156: 468,483,440,274
157: 451,327,415,114,248,315
158: 152,452,377,240,440
159: 370,469,279,426,373,217
160: 404,237,340
161: 314,346,389,333,224,378,223
162: 450,356,396,190,178,411,269,260
163: 
164: 81,27,24,58,84,50,70,15,72,355,129,416,290,225
165: 363,408,205,410,303,193,197,171
166: 119,142,143,105,420,263,101,306,189,443,294
167: 490,348,474,329
168: 77,465,179,185,135,26,64,82,427,103,3,83,61,6,74,1204
169: 100,210
170: 200,445,139,136,442,494,188,277,288,488,186
171: 429,165,363,410,303,197,136,203,423
172: 342,328,149,186,312,118,347,464,196,307,435,235,332
173: 384,12,93,463,317,216,80,44,65,56,98,46,33,67
174: 270,435,406,273,481
175: 293,375,122,324,316
176: 146,154,434
177: 377,409,152,291,483
178: 411,467,356,190,162,450
179: 185,463,317,465,80,44,168,77,26,64,82,56
180: 250,424,226,371,348,490
181: 196,118,328,475,332,382,254
182: 134,379,53,130,339,251,69,17,19,62,381
183: 301,65,67,39,87
184: 230,247,246,439,123,461
185: 179,463,317,465,80,44,168,77,26,64,82,56
186: 149,312,200,445,170,139,277,323,398,488,464,172
187: 133,112,213,459,421,100,210
188: 136,442,200,445,170,139,288,488
189: 443,294,119,166,113,105,420,263,101,454,276
190: 396,153,356,178,411,162,450,269
191: 147,351,258
192: 389,221,441,297,346,132,314
193: 472,205,165,363,197,336,423
194: 422,275,331,446,325,357,198,104
195: 214,292,117,412,437
196: 181,118,342,328,172,332,254
197: 205,165,363,410,193,171,336,203,423
198: 104,194,422,446,357,318
199: 29,1203,1,1208,30,5,71,480,48,106,140,232
200: 445,170,139,136,442,188,288,488,186
201: 385,360
202: 279,426,334,370,469,228,373
203: 423,197,171,336,278
204: 
205: 472,165,363,193,197
206: 402,273,417,304,330
207: 280,107,471,400,489,496,364,238,458,360
208: 428,327,128,415
209: 359,152,452,377
210: 109,187,133,421,457,169
211: 137,109,252,495
212: 240,486,482
213: 309,187,133,421
214: 195,300,437
215: 141,313,265,493,253,319
216: 308,463,317,80,44,173,384,12,93,65
217: 346,159,370,297,373,221
218: 325,243,385,275,331,422,357
219: 267,338,358,386
220: 225
221: 192,389,441,297,346,217
222: 402,283,390,310,322,345
223: 333,161,314,224,367
224: 367,389,132,459,161,314,100,223
225: 355,129,164,81,416,290,220
226: 424,180,250,371,348,491
227: 349,108,320,326,287
228: 202,430
229: 
230: 399,466,247,246,184
231: 467,356
232: 48,29,199,106,140,476
233: 115,461,374,111
234: 296,478
235: 347,342,328,172,307,435,144,332,382,270
236: 131,375,393,305,285,324,151
237: 404,433,160,407,340,337
238: 458,471,400,489,496,207,280,360,121,261,268
239: 380,455,460,107,471,453
240: 486,158,440,212
241: 
242: 271,428,327,249,315,147,350,351
243: 325,218,385,275,357
244: 419,487,75,11,40,365,361,264
245: 330
246: 247,466,281,230,399,184
247: 246,466,281,230,399,184
248: 114,296,335,151,157,451
249: 428,242,271,147,350
250: 180,289,424,226,371,348,490
251: 284,130,339,134,182
252: 137,211,495
253: 319,141,313,265,493,125,444,215,497,401
254: 473,181,196,475,144,332,382
255: 289,424
256: 325,357,318,321,150,418
257: 414,286,456,433,266,407,437,383
258: 147,403,191,113
259: 337,414,340,383
260: 162,269
261: 268,238,458,121,331,422
262: 
263: 105,420,101,306,119,142,166,143,189,443,294
264: 419,244
265: 493,468,274,313,253,215
266: 117,433,407,257,414,286,456
267: 427,103,413,219,338,79
268: 261,238,458,121,331,422
269: 396,190,120,484,162,260
270: 174,307,435,235,144,406,481
271: 242,428,249,350
272: 315,478,369
273: 481,174,304,206
274: 483,468,156,265
275: 331,121,385,194,422,325,243,218,357
276: 454,113,189,443,294
277: 494,445,170,139,323,398,488,149,186,312,118
278: 203,423
279: 426,202,334,159,370,469,373
280: 207,471,400,453,364,238,458,360
281: 466,101,294,247,246,395
282: 310,322,345,499,397
283: 405,402,390,310,222,345
284: 36,379,53,130,339,251
285: 393,305,131,375,236,335,151
286: 257,414,456,266,407,437,337,383
287: 320,326,227,349
288: 188,200,445,170,488,462
289: 255,376,424,250
290: 355,129,164,81,311,225
291: 491,409,474,177,377,470,483
292: 117,298,412,195
293: 175,122,324,316
294: 189,443,119,166,113,105,420,263,101,306,454,276,281
295: 341,138
296: 114,248,151,234
297: 343,346,217,192,389,221,441
298: 125,482,444,292,117,412,497
299: 425,403,119,142
300: 497,401,214
301: 183,65,67,39,87
302: 393,305,477,102,131
303: 410,165,429,171,136
304: 273,481,206,402,330
305: 393,302,285,131,375,236
306: 105,420,263,101,142,166,143,392,294,466
307: 435,347,464,342,172,235,270
308: 216
309: 213,421,372,457
310: 390,405,283,222,322,345,282
311: 355,129,290
312: 149,186,445,139,277,398,488,118,462,347,464,342,172
313: 141,440,468,265,493,444,253,215
314: 161,346,192,389,441,132,333,224,367,223
315: 428,327,157,451,242,351,272
316: 122,324,293,175
317: 463,116,216,179,185,80,44,173,384,12
318: 321,198,104,256,387,418,320,349
319: 253,493,125,444,215,497,401
320: 326,318,321,108,387,418,227,349,448,287
321: 318,104,256,150,418,320,326,349
322: 345,390,310,222,282,499,138,397
323: 398,494,277,149,186
324: 122,477,131,375,236,293,175,316
325: 243,218,385,275,194,422,357,256
326: 320,321,150,418,227,349,448,287
327: 128,415,208,428,157,451,242,315
328: 342,172,118,347,464,181,196,435,235,332
329: 167,474
330: 304,206,245,341
331: 275,121,261,268,385,194,422,218,357
332: 144,382,342,328,172,181,196,235,254
333: 346,389,161,314,378,223
334: 362,279,426,202,469
335: 285,151,248
336: 193,197,492,203,423
337: 259,237,407,414,286,340,383
338: 267,413,219,79,358,386,4
339: 130,36,284,379,53,251,69,17,19,134,182
340: 160,237,407,337,259
341: 330,295
342: 328,172,312,118,347,464,196,307,435,235,332
343: 297,441
344: 368,438,431
345: 322,283,390,310,222,282,499
346: 217,297,192,389,221,441,333,161,314
347: 464,312,342,328,172,307,435,235
348: 371,180,250,226,167,490,491,409,474
349: 227,318,321,108,387,320,326,287
350: 147,249,242,271,351
351: 242,315,147,350,191
352: 359
353: 388,153,356,396
354: 431,368,438,120,484
355: 129,18,54,27,24,58,84,50,70,164,81,311,290,225
356: 353,388,153,231,467,396,190,178,411,162,450
357: 275,331,194,422,325,243,218,198,104,256
358: 386,219,338,79,4,487
359: 209,352,152,452
360: 364,207,280,238,458,121,201
361: 487,75,11,40,365,1217,32,1213,1215,419,244,18,54,97
362: 108,387,334
363: 165,205,410,193,197,171
364: 453,471,207,280,360
365: 75,11,40,4,96,55,28,47,1216,7,487,1217,32,1213,73,1215,1212,419,244,361,54,97
366: 154,499,138,397,394,376,146,434
367: 224,389,132,459,314,100,223
368: 344,438,431,354
369: 272,478
370: 159,469,279,426,202,430,373,217
371: 348,424,180,250,226,490,491
372: 457,309,421,109
373: 279,426,202,159,370,469,430,217
374: 233,115,111
375: 131,236,305,477,285,122,324,151,175
376: 394,154,366,289,146
377: 177,209,409,152,291,158,483
378: 333,161
379: 53,34,52,43,36,284,20,130,339,14,1227,69,17,19,134,182
380: 110,455,460,239
381: 69,17,19,134,182,1202,62,1207,1208,30,5,71,480
382: 144,332,181,475,235,473,254,406
383: 407,257,414,286,456,337,259
384: 173,12,93,463,317,216,80,44,65,56,98,46,33,67
385: 201,121,275,331,325,243,218
386: 358,219,338,79,4,487
387: 108,104,318,362,320,349
388: 353,153,356
389: 192,221,441,297,346,132,333,161,314,224,367
390: 310,405,283,222,322,345
391: 439,123,110,432
392: 143,105,420,101,306,466
393: 305,302,285,131,236
394: 499,138,154,366,376
395: 466,281,246
396: 190,353,153,438,356,120,411,162,450,269
397: 322,282,499,138,154,366
398: 323,277,149,186,312,118
399: 230,466,247,246
400: 107,471,127,489,496,207,280,238,458
401: 253,319,215,497,300
402: 206,417,304,283,222
403: 425,147,299,258,119,113
404: 160,237
405: 283,390,310
406: 144,382,174,270,481,417
407: 433,266,237,257,414,286,340,337,383
408: 165
409: 491,348,474,177,377,291
410: 303,165,363,197,429,171
411: 178,467,356,396,190,162,450
412: 125,482,298,292,117,497,195
413: 427,103,3,83,267,86,2,94,338,79,91
414: 257,286,456,266,407,337,259,383
415: 327,128,208,428,157,451
416: 50,70,15,72,164,81,106,140,225
417: 406,481,304,206,402,283
418: 150,256,318,321,320,326,448
419: 244,487,75,11,40,365,361,264
420: 105,263,101,306,119,142,166,143,392,189,443,294,466
421: 213,309,187,133,372,457,210,109
422: 194,121,261,268,275,331,325,218,357,198
423: 203,193,197,429,171,336,278
424: 255,289,180,250,226,371
425: 299,403
426: 279,202,334,159,370,469,373
427: 103,135,168,77,3,83,267,413,86,2,94
428: 327,128,415,249,242,271,315
429: 171,410,303,136,423
430: 370,228,373
431: 354,344,368,438,120,484
432: 439,391,123,461,110,115,460,155
433: 449,266,237,407,257
434: 154,366,176,146
435: 307,347,342,328,172,235,174,270
436: 111,489,496
437: 214,195,257,286,456
438: 344,368,153,431,354,396,120,484
439: 391,184,123,432
440: 158,240,468,156,141,313
441: 192,389,221,297,343,346,132,314
442: 136,494,188,200,445,170,139
443: 189,294,119,166,113,105,420,263,101,454,276
444: 125,482,298,141,313,253,319,497
445: 200,170,139,442,494,188,277,288,488,149,186,312
446: 194,198
447: 476
448: 150,418,320,326
449: 479,433
450: 162,356,396,190,178,411
451: 157,327,128,415,114,248,315
452: 152,359,209,158
453: 364,239,280
454: 276,113,189,443,294
455: 460,110,380,155,127,239,107
456: 257,414,286,266,437,383
457: 372,309,421,210,109
458: 238,400,496,207,280,360,121,261,268
459: 112,132,187,133,224,367,100
460: 455,110,432,380,155,127,239,107
461: 184,148,123,432,233,115
462: 288,488,186,312,464
463: 317,116,216,179,185,80,44,173,384,12,93
464: 347,488,149,186,312,118,462,342,328,172,307
465: 179,185,135,168,77,26,64,82
466: 281,392,420,101,306,230,399,247,246
467: 231,356,178,411
468: 156,483,440,274,313,265,493
469: 159,370,334,279,426,202,373
470: 474,291
471: 107,400,127,239,489,496,364,207,280,238
472: 205,193
473: 254,475,144,382
474: 348,167,490,409,329,291,470
475: 181,382,473,254
476: 106,140,232,447
477: 102,302,375,122,324
478: 234,272,369
479: 449
480: 1202,62,1207,381,1208,30,5,71,29,199
481: 273,174,270,406,417,304
482: 125,298,444,212,412
483: 177,377,291,468,156,274
484: 438,431,354,120,269
485: 477,102,231
486: 240,212
487: 358,386,4,96,55,28,75,11,40,365,419,244,361
488: 188,200,445,170,139,277,288,149,186,312,462,464
489: 496,127,436,107,471,400,207,238
490: 167,180,250,371,348,491,474
491: 409,226,371,348,490,291
492: 336
493: 265,468,141,313,253,319,215
494: 442,445,170,139,277,323
495: 252,137,211
496: 489,127,436,107,471,400,207,238,458
497: 125,298,444,253,319,412,300
498: 
499: 138,322,345,282,397,394,366
500: 1044,746,955,862,578,1158,1125,622
501: 583
502: 810,626,1094,515,669,853,842,840
503: 851,961,1191,1069,1183
504: 1188,1023,827,755,1163,703
505: 793,973,820
506: 1030,840,510,833,845,534
507: 525,676,712
508: 1159,551
509: 964,828,962,537,1176,1016
510: 738,840,591,1030,506,1025
511: 535,1136,966,935
512: 611,863
513: 874,622,1010,1052,879,524
514: 916,668,1164,831,860,572,541
515: 665,1046,626,1094,846,502
516: 939,630,777,583
517: 958,768,1127,980,886,1006,1085
518: 656,779,764,1098,1009
519: 590,566,1032,1011,963
520: 686,909
521: 1029,942,687
522: 792,888,892,770,989
523: 1053,599,859,702,571,695
524: 904,1010,1052,879,513,1050
525: 507,1087,1123,1132,577,676
526: 1172,612
527: 905,1113,928,615,602
528: 678,1117,529,744,762,545,1101,584
529: 744,762,977,653,548,528,678,1117
530: 585,546,991,800,933
531: 1148
532: 989,880,600,782
533: 951,1121,674
534: 845,738,1030,506,833,1150
535: 1125,588,597,734,1136,511,966
536: 1077,761,635
537: 1176,1016,509,828,636,962
538: 726,603,930,1021,1073
539: 706,737,766,555,832,1054,1099,978
540: 939,727,630,583,763
541: 923,572,514,1043
542: 1173,632,1130,594,563,725
543: 682,995,985,580
544: 843,732,838,919,799
545: 1101,584,528,678,1117
546: 606,1192,802,530,585
547: 614,1120,618,1012,787,977,653
548: 653,529,768,1127,1117
549: 684,771,1004
550: 1193,624,941,872,929,1013,590,1032
551: 508,1159,574,825,576,767,932
552: 824
553: 996,895,776,1047,751,1092
554: 988,1005,891,619,722,690
555: 766,643,539,706,737
556: 581,679,696,994,788
557: 570,1061,831,860
558: 1137,870,698,559,1140
559: 1140,558,1137,698
560: 651,983,1096
561: 576,767,761
562: 1181,579
563: 1130,542,1173,594,725
564: 1056,1169
565: 662,837
566: 590,1032,929,1164,572,1011,963,923
567: 1100,1145
568: 935,733,781,1063
569: 865,785,805,968
570: 557,1061,831
571: 702,859,954,523,884,695
572: 1164,590,566,916,514,668,1011,923,541
573: 819,813,578,774,1125,588,597
574: 1159,551,825
575: 808,971,666,922,1001,1023,640,652,1188
576: 767,932,551,561,1077,761
577: 1087,1119,1123,812,525,676
578: 1035,955,862,573,500,1044,1125,597
579: 1181,747,562
580: 898,682,543,952
581: 679,663,696,556
582: 613,1013
583: 516,630,540,777,501
584: 545,1101,528,678,926
585: 530,546,606,991,800
586: 821,907,605,1019,1034
587: 1136,966,935
588: 597,573,819,774,970,734,535
589: 850,729,847,746,862
590: 566,1032,550,929,877,1164,572,1011
591: 1099,978,1054,510,738,937,1025,1150
592: 
593: 599
594: 1130,542,1173,563
595: 1103,629
596: 852,1154,759,1115
597: 588,578,573,819,774,1125,535
598: 924,912,1079
599: 1053,859,815,906,702,523,593
600: 532
601: 700,714,866,925,823,794
602: 527,1031,928,976,724,1060,943
603: 538,726,930
604: 
605: 586,1019,1034,757
606: 546,1192,802,585
607: 1160
608: 1178,847,1116,746,864
609: 866,925,773
610: 1179,897,750,748,1168
611: 1070,512
612: 526
613: 582,647
614: 1120,547,618,1012,829,854,653
615: 527,712
616: 755,1163,828
617: 1122,1195,814
618: 1002,1012,829,614,1120,547
619: 891,1005,554,988,722,690,914,1064
620: 1146,788
621: 848,903,940
622: 500,513
623: 1020
624: 1193,941,872,550,929
625: 1144,1070
626: 1094,1038,665,927,515,1112,669,502
627: 694,948,1000,913,1014
628: 655
629: 595
630: 939,516,540,777,583
631: 848
632: 710,542,1173
633: 915,849,987,769
634: 952,818
635: 1077,536,1018
636: 1078,731,828,537,1176
637: 964,962
638: 764
639: 1068,826
640: 1001,808,971,575,708,742,652,1089
641: 885,876,711,748,673
642: 1041,1015
643: 1033,766,555
644: 949,884
645: 818
646: 
647: 934,1073,872,613
648: 795,1028,811
649: 1145,1055,1100,957,1174
650: 881,1055,1174
651: 560,1039,983,1151
652: 1001,808,971,575,640,1188,1089
653: 614,1120,547,977,529,1127,548,1117
654: 1135,843,1189,732
655: 628,789
656: 518,764,1098
657: 953,917,1004,664,721,995
658: 1168
659: 1131,1156,830
660: 1180,934
661: 980,758,958
662: 565,837
663: 1162,903,940,967,581,696,1072
664: 917,1004,657,953
665: 1046,670,1124,960,626,1094,515
666: 849,922,1001,808,575
667: 875,899,1057,861
668: 916,514,831,860,572
669: 853,626,1094,1112,1024,810,502,840
670: 1124,665
671: 1194
672: 934,1193,624,872,550
673: 641
674: 1121,1020,533,951
675: 974,789,1007,701,791
676: 577,525,507,891
677: 689,1143
678: 528,1117,529,744,545,1101,584
679: 581,556
680: 692,728,926,1090
681: 911,904
682: 543,721,995,985,580
683: 739,699,1109,946,1071,1152
684: 771,902,549,1004
685: 693,936
686: 520
687: 521,942,979
688: 950,878,1065
689: 1143,677,1076
690: 914,554,988,891,619,722,1064,719
691: 889,820,793,709
692: 728,680,926,1090,902
693: 685,936
694: 627,948,913,1014,1066
695: 702,571,523,760
696: 663,967,581,1072,556
697: 1091,763
698: 870,558,1137,1029,715,559,1140
699: 1110,739,1122,683,946
700: 601
701: 675,789,1007
702: 571,867,1053,599,859,954,523,695
703: 504,827,1000,913,1014
704: 834,844,1088,1190,899
705: 1152,754
706: 539,737,766,555,832,1054
707: 1026
708: 742,1147,987,1001,640
709: 822,691,910
710: 632,801,1067,1173
711: 1118,915,876,987,769,641,748
712: 507,615
713: 969
714: 967,1072,866,823,794
715: 1029,933,718,698
716: 1149,982
717: 981,945
718: 933,1029,715
719: 722,690,914,1064
720: 1066,1129
721: 657,953,995,985,682,543
722: 554,988,891,619,690,914,984,719
723: 1063,781
724: 1060,602,976,943
725: 542,896,563,1027,1126
726: 538,603,930
727: 939,965,540
728: 692,680,926,1090,1097
729: 589,847,1116,746
730: 911,904,1196
731: 636,1078,828,1129
732: 843,654,544,919,799,1068
733: 781,568,1063
734: 774,588,535,1136
735: 1049
736: 912
737: 539,706,766,555,832,1054
738: 510,1099,591,978,1030,1025,1150,845,534
739: 741,839,1110,699,1109,683
740: 1059
741: 992,772,1197,839,1110,739
742: 708,1147,987,640,897
743: 782,1082
744: 529,762,977,528,678,1117
745: 850,887,1035
746: 729,589,847,1116,955,862,1178,608,1158,500,1044
747: 796,1181,579
748: 711,641,610,1179,897
749: 963,1095,1027,1080
750: 610,1179,897,1147,1168
751: 1092,996,553,895
752: 1175
753: 757,783,1194
754: 705,1048
755: 1163,1188,504,1133,616
756: 930,1021,801,1067
757: 605,753,783
758: 1091,894,661,980
759: 596,1002
760: 695
761: 1077,576,767,932,561,536
762: 529,744,977,528,1117
763: 540,697
764: 779,638,656,518,1098
765: 813,1105,1083,970
766: 555,643,539,706,737
767: 576,932,551,825,561,761
768: 1127,854,548,517,958,886
769: 987,1118,817,633,915,711
770: 775,888,522,1108
771: 684,902,549
772: 741,992,1166,1197,839,1110
773: 925,609
774: 970,813,573,819,588,597,734
775: 858,807,888,770
776: 1047,553,895,887
777: 1026,516,630,583
778: 858,838,919,1138,1062,807,888,892
779: 764,518,815,1098,1009
780: 981,975
781: 733,568,723,1063
782: 532,743
783: 757,753
784: 1144,944,856,1017
785: 865,1048,569,1022,805,968
786: 
787: 1012,547,977
788: 994,556,620,1146
789: 655,675,701,791
790: 942,979
791: 675,789,998,1135,843
792: 522,888,892,989
793: 505,973,820,691,889
794: 714,601,866,925,823
795: 810,842,648,816,811
796: 983,1096,747
797: 798,1185,1106
798: 1185,1106,797
799: 919,544,732,838
800: 530,585,933
801: 1067,1021,756,710
802: 546,606
803: 
804: 1199,993,1102
805: 968,1048,785,569,1022,974
806: 1133,964
807: 888,858,778,1138,1062,775,892
808: 971,575,666,922,1001,640,652,1188
809: 
810: 502,669,853,842,795
811: 795,648,1028,816,869
812: 1123,1105,577,1005
813: 765,1083,573,819,774,970
814: 1195,617
815: 779,956,1053,599,859,906
816: 795,811
817: 1118,845,915,876,769
818: 645,898,634
819: 573,1083,813,774,970,588,597
820: 505,793,691,889
821: 586
822: 709,910
823: 866,925,714,601,794
824: 552,1186
825: 574,551,998,767,932,900
826: 1068,639
827: 1023,504,1000,703
828: 616,509,636,1078,731,537,1176
829: 618,1012,614,1120,854,894
830: 659,1156,878,986
831: 570,557,1164,860,916,514,668
832: 1054,539,706,737,1099,978,937
833: 840,1030,506,534
834: 844,704,1088,1190,875,899
835: 990,1038,1033,927
836: 1016
837: 565,662
838: 544,919,799,778,1062
839: 1110,1166,741,992,772,739
840: 1112,1024,669,853,502,510,1030,506,833
841: 1170
842: 846,810,502,795
843: 791,654,544,732
844: 834,704,1088,1190,899
845: 534,738,1030,506,1150,817
846: 515,842
847: 1116,729,589,746,1178,608,1158
848: 631,621,1128,903,940
849: 633,666,1001
850: 745,589,1035
851: 503,961,1069,1183
852: 596,1154
853: 669,1112,810,502,840
854: 894,829,614,1120,768,1127
855: 1161,1102,1165,1039,1114
856: 1134,1074,944,784
857: 1107,1057
858: 778,1138,1062,807,888,892
859: 1053,599,956,815,702,571,523
860: 557,831,1185,916,514,668
861: 667,1057
862: 955,589,1035,746,578,500,1044
863: 512,999
864: 1178,608
865: 1048,785,569
866: 925,823,1072,714,794,609
867: 1084,938,956,1051,954,702
868: 
869: 1028,811
870: 1161,991,1114,558,1137,698
871: 1184,975,1087,1119
872: 934,672,1193,624,647,550,1013
873: 1111,1104,1196,1192,1042
874: 1158,1010,1052,879,513
875: 834,899,667
876: 817,885,711,641
877: 1164,941,929,590
878: 830,950,688,986,1065
879: 1010,1052,874,904,513,524
880: 1045,997,989,532
881: 1008,650
882: 1139
883: 1115,1091
884: 949,1051,954,571,644
885: 876,641
886: 768,517,958,1006,1036,1085
887: 776,1047,745,1083
888: 807,858,778,1138,1062,775,892,770,522,792
889: 691,820,793
890: 1130
891: 619,1005,676,554,988,722,690,1064
892: 858,778,1138,1062,807,888,522,792,989
893: 1157
894: 854,829,1120,758,1127
895: 996,553,776,1047,751,1092
896: 1095,725,1027
897: 610,1179,750,748,742,1147,1168
898: 580,818
899: 834,844,704,1088,1190,875,667,1057
900: 998,825,932,1135
901: 
902: 1090,692,684,771
903: 940,621,848,663,1162
904: 911,730,1010,1052,879,681,524
905: 527,1113,1031,928
906: 815,1098,1009,1053,599
907: 999,586,969,1019,1034
908: 1157,947
909: 1093,520,941
910: 822,709,1131,1156
911: 904,730,1010,681
912: 1079,736,598,924
913: 1000,703,627,694,948,1014
914: 690,619,722,918,1064,719
915: 633,1118,817,711,987,769
916: 514,668,1164,831,860,572
917: 1004,664,657,953
918: 1064,914
919: 799,544,732,838,778,1062
920: 
921: 1197,1186,992
922: 666,1001,808,971,575
923: 541,566,572,1011,963
924: 598,912
925: 866,823,794,609,773
926: 1101,584,1090,692,728,680
927: 835,1038,1033,626,1112,1024
928: 1031,527,905,1113,1075,602,976
929: 624,941,550,877,1164,590,566,1032
930: 603,538,726,1021,756
931: 1167,945
932: 576,767,551,825,900,761
933: 530,800,718,715
934: 672,1180,660,1193,647,872
935: 966,1136,511,587,568
936: 693,685
937: 832,1054,1099,591,978,1025
938: 1084,867,1148,1051
939: 1049,727,516,630,540
940: 903,621,848,663,1162,967
941: 909,1193,624,550,929,877,1164
942: 521,790,687,979
943: 1182,602,976,982,724,1060
944: 1144,856,784
945: 717,1167,931
946: 699,1122,683,1071,1152
947: 908,1070
948: 627,694,913
949: 884,1051,954,644
950: 688,878,1065
951: 533,1121,674
952: 580,634
953: 657,917,1004,664,721
954: 1051,1084,867,702,571,949,884
955: 862,1035,746,578,500,1044,1125
956: 815,867,859
957: 1100,1055,1174,1145,649
958: 517,768,1127,661,980,886
959: 1171,1082
960: 1124,665,1046
961: 503,851,1069
962: 964,509,637,537,1176,1016
963: 1011,566,1032,519,923,749
964: 806,1133,509,637,962
965: 1115,727
966: 935,535,1136,511,587
967: 940,663,696,1072,714
968: 805,1048,785,569,1022
969: 999,907,713
970: 774,765,813,819,588
971: 808,575,922,1001,1023,640,652,1188
972: 1198,1128
973: 505,793
974: 805,675
975: 780,871,1119,1132
976: 1031,928,1075,602,982,724,1060,1182,943
977: 787,547,653,529,744,762
978: 1099,591,539,832,1054,738,937,1025
979: 790,942,687
980: 661,758,517,958
981: 780,717
982: 976,716,1182,943
983: 1096,560,651,796
984: 722
985: 721,995,682,543
986: 830,878
987: 769,633,915,711,708,742,1147
988: 554,1005,891,619,722,690
989: 892,522,792,880,532
990: 835
991: 1161,530,585,1114,870
992: 741,772,921,1197,839
993: 804,1199,1102
994: 788,556,1146
995: 657,721,985,682,543
996: 553,895,751,1092,1105
997: 880,1045
998: 825,791,1135,900
999: 863,907,969
1000: 827,703,913,627
1001: 849,666,922,808,971,575,708,640,652
1002: 759,618
1003: 
1004: 917,684,549,664,657,953
1005: 812,554,988,891,619
1006: 1036,1085,517,886
1007: 675,701
1008: 881
1009: 1098,779,518,906
1010: 1052,879,874,911,904,513,524
1011: 963,590,566,1032,572,519,923
1012: 618,787,829,614,1120,547
1013: 872,550,582
1014: 703,913,627,694,1066
1015: 642
1016: 537,1176,509,962,836
1017: 784
1018: 635
1019: 1034,586,907,605
1020: 674,623
1021: 538,930,1073,756,801,1067
1022: 1048,785,805,968
1023: 971,575,1188,504,827
1024: 1112,927,669,840
1025: 1054,1099,591,978,510,738,937,1150
1026: 707,516,777
1027: 1095,896,749,725,1080
1028: 648,811,869
1029: 715,718,698,521
1030: 506,840,510,738,833,845,534
1031: 928,905,1113,1075,602,976
1032: 590,566,550,929,519,1011,963
1033: 835,1038,643,927
1034: 1019,586,907,605
1035: 850,745,955,862,578
1036: 1006,1085,886
1037: 1148,1155
1038: 835,1033,927,626,1094
1039: 855,651,1151
1040: 1060,1086
1041: 642
1042: 1165,873,1111,1192,1102
1043: 541
1044: 500,746,955,862,578,1158,1125
1045: 880,997
1046: 665,1124,960,1094,515
1047: 776,553,895,887
1048: 865,754,785,1022,805,968
1049: 735,939
1050: 524
1051: 954,1084,867,938,949,884
1052: 1010,879,874,904,513,524
1053: 599,859,815,906,702,523
1054: 832,539,706,737,1099,591,978,937,1025
1055: 650,1100,957,1174,649
1056: 564,1169
1057: 899,667,1107,857,861
1058: 1079
1059: 740
1060: 724,602,976,1182,943,1040
1061: 570,557
1062: 1138,838,919,858,778,807,888,892
1063: 723,733,781,568
1064: 918,891,619,690,914,719
1065: 950,688,878
1066: 694,1014,720
1067: 801,1021,1073,756,710
1068: 732,826,639
1069: 1191,961,503,851,1088
1070: 947,625,611
1071: 1152,1109,683,946
1072: 663,967,696,714,866
1073: 538,1021,647,1067
1074: 1082,856,1134
1075: 1031,928,976
1076: 689,1143
1077: 761,576,536,635
1078: 636,731,828,1176,1129
1079: 912,598,1058
1080: 1095,749,1027
1081: 
1082: 1171,959,743,1074
1083: 887,765,813,819
1084: 867,938,1148,1051,954
1085: 1006,1036,517,886
1086: 1040
1087: 1119,1123,1184,871,577,525
1088: 1190,834,844,704,1069,899
1089: 640,652,1133
1090: 926,902,692,728,680
1091: 883,697,758
1092: 751,996,553,895,1105
1093: 909
1094: 626,1038,665,1046,515,669,502
1095: 896,749,1027,1080
1096: 983,560,796
1097: 728,1195
1098: 1009,779,764,656,518,906
1099: 591,978,539,832,1054,738,937,1025
1100: 957,1055,1174,1145,649,567
1101: 545,584,528,678,926,1177
1102: 804,1199,1042,1165,855
1103: 1170,595
1104: 1196,873,1111,1192
1105: 996,1092,812,765
1106: 798,1185,1194,797
1107: 857,1057
1108: 770,1157
1109: 739,683,1071
1110: 839,1166,741,772,739,699
1111: 873,1104,1192,1042
1112: 1024,927,626,669,853,840
1113: 527,905,1031,928
1114: 855,1161,991,870
1115: 596,965,883
1116: 847,729,746,1178,608,1158
1117: 528,678,653,529,744,762,548,545
1118: 817,915,711,769
1119: 1087,1123,1184,871,975,577
1120: 614,547,618,1012,829,854,894,653
1121: 674,533,951
1122: 617,1195,699,946
1123: 1087,1119,812,577,525
1124: 670,960,665,1046
1125: 955,578,573,500,1044,597,535
1126: 725,1142
1127: 768,854,894,653,548,517,958
1128: 1198,848,972
1129: 1078,731,720
1130: 890,542,1173,594,563
1131: 659,910,1156
1132: 975,525
1133: 1089,755,806,964
1134: 856,1074
1135: 998,791,900,654,1189
1136: 734,535,511,966,935,587
1137: 558,870,698,559,1140
1138: 1062,858,778,807,888,892
1139: 882
1140: 559,558,1137,698
1141: 
1142: 1126
1143: 689,677,1076
1144: 944,625,784
1145: 649,1100,957,1174,567
1146: 620,994,788
1147: 708,742,987,897,750
1148: 531,1037,1084,938
1149: 716
1150: 591,738,1025,845,534
1151: 651,1039
1152: 1071,683,946,705
1153: 
1154: 852,596
1155: 1037
1156: 910,659,1131,830
1157: 1108,893,908
1158: 847,1116,746,1178,500,1044,874
1159: 508,574,551
1160: 607
1161: 855,1165,991,1114,870
1162: 663,903,940
1163: 755,1188,504,616
1164: 877,941,929,831,590,566,572,916,514
1165: 1042,1102,855,1161
1166: 1177,772,839,1110
1167: 931,945
1168: 610,897,750,658
1169: 564,1056
1170: 1103,841
1171: 959,743,1082
1172: 1174,526
1173: 542,632,710,1130,594,563
1174: 650,1055,1100,957,1145,649,1172
1175: 752
1176: 537,1016,509,828,636,1078,962
1177: 1101,1166
1178: 608,847,1116,746,864,1158
1179: 610,897,750,748
1180: 660
1181: 747,579,562
1182: 943,976,982,1060
1183: 503,851,1191
1184: 871,1087,1119,1123
1185: 798,1106,860,797
1186: 824,921,1197
1187: 
1188: 504,808,971,575,1023,652,755,1163
1189: 1135,654
1190: 1088,834,844,704,1191,899
1191: 1069,503,1190,1183
1192: 1104,1196,873,1111,1042,546,606
1193: 624,934,672,941,872,550
1194: 753,671,1106
1195: 1097,617,1122,814
1196: 730,1104,873,1192
1197: 921,1186,741,992,772
1198: 1128,972
1199: 804,1102
1202: 62,1207,14,1227,1210,69,17,19,134,35,1229,381,1203,1,1208,30,5,71,480
1203: 1,1209,1228,89,35,1229,1202,62,1207,88,1211,1208,30,5,71,15,72,48,29,199
1204: 61,6,74,168,26,64,82,56,3,83,8,86,2,1206,1221,31,1225,1223,1224,1219
1205: 1231,10,68,51,37,1232,92,1230,22,1218,47,1216,7,49,0,63,1217,1226,73,1215,1212,1214,45,85,16
1206: 1221,3,83,61,6,74,1204,8,86,2,94,31,42,1225,1223,1222,1224,1220,1219,91,41,68,51,37
1207: 1202,62,14,1227,69,17,19,134,35,1229,381,1203,1,1208,30,5,71,480
1208: 30,5,71,35,1229,1202,62,1207,381,1203,1,480,48,29,199
1209: 25,21,1228,89,22,99,38,14,1227,1210,0,63,35,1229,16,88,1211,1203,1
1210: 14,1227,76,57,13,20,53,38,69,17,19,25,21,1209,1228,89,35,1229,1202,62
1211: 88,0,63,25,21,1209,1228,89,35,1229,60,16,1203,1,70,15,72,48
1212: 1217,32,1226,1213,73,1215,96,55,28,1218,47,1216,7,1231,10,1205,75,11,40,365,1214,45,59,85,54,97,58,84
1213: 1217,32,1226,73,1215,1212,55,28,1218,47,1216,7,10,75,11,40,365,1214,45,59,85,361,18,54,97,27,58,84
1214: 45,59,85,1218,47,1216,7,1231,10,1205,0,63,1217,32,1226,1213,73,1215,1212,60,16,18,54,97,27,24,58,84,70
1215: 1217,32,1226,1213,73,1212,55,28,1218,47,1216,7,10,1205,75,11,40,365,1214,45,59,85,361,18,54,97,27,24,58,84
1216: 1218,47,7,91,68,51,37,55,28,1231,10,1205,75,11,40,365,1217,32,1226,1213,73,1215,1212,1214,45,59,85
1217: 32,1226,1213,73,1215,1212,96,55,28,1218,47,1216,7,10,1205,75,11,40,365,1214,45,59,85,361,54,97,58,84
1218: 47,1216,7,91,41,68,51,37,55,28,1231,10,1205,75,11,40,1217,32,1226,1213,73,1215,1212,1214,45,59,85
1219: 31,42,1225,1223,1222,1224,1220,61,74,1204,8,66,1206,1221,23,78,68,51,37,92,1230,22
1220: 31,42,1225,1223,1222,1224,1219,61,74,8,66,1206,1221,23,78,41,68,51,37,1232,92,1230,22
1221: 1206,3,83,61,6,74,1204,8,86,2,31,42,1225,1223,1222,1224,1220,1219,91,41,68,51,37
1222: 31,42,1225,1223,1224,1220,1219,74,8,66,1206,1221,23,78,41,68,51,37,1232,92,1230,22
1223: 31,42,1225,1222,1224,1220,1219,61,74,1204,8,9,66,1206,1221,23,78,68,51,37,92,1230,22
1224: 31,42,1225,1223,1222,1220,1219,61,6,74,1204,8,9,66,1206,1221,23,78,68,51,37,92
1225: 31,42,1223,1222,1224,1220,1219,61,74,1204,8,9,66,1206,1221,23,78,68,51,37,1232,92,1230,22
1226: 1217,32,1213,73,1215,1212,55,28,1218,47,1216,7,1231,10,1205,75,11,40,1214,45,59,85,18,54,97,27,58,84
1227: 14,1210,57,13,20,379,53,38,69,17,19,25,21,1209,1228,89,35,1229,1202,62,1207
1228: 25,21,1209,89,1232,22,99,38,14,1227,1210,0,63,35,1229,16,88,1211,1203,1
1229: 35,38,14,1227,1210,69,17,19,25,21,1209,1228,89,1202,62,1207,88,1211,1203,1,1208,30,5
1230: 1232,92,22,99,31,42,1225,1223,1222,1220,1219,23,78,76,13,51,37,38,1231,10,1205,49,0,63,21,89
1231: 10,1205,68,51,37,1232,92,1230,22,99,1218,1216,7,49,0,63,1226,1212,1214,45,85,16
1232: 92,1230,22,99,42,1225,1222,1220,23,78,76,57,13,51,37,38,1231,10,1205,49,0,63,25,21,1228,89