1574: 1612,1067,1605,1069,1620,2084,1618,1063,1065,1609
543: 
1068: 1632,1656,1630,1655,1659,1653,1654,1657,1658,1640,1638,1627,1619,1624
1141: 1100,1656,1746,1708
1543: 1349,475
566: 
949: 1713
1581: 1562,488
1445: 2148,2224,1773,2350,410,926,2230,2326,1530
1701: 1671,1700,2264,2040,2268,2266,2262
977: 1979
1519: 1564,1430,1531,1499,1571,1554,1479,1450,1476,1588,157
1373: 1467
1572: 1601,1527
1394: 1379,1415,1365,1456,1387,1419,1557,1345,1317,1501,1346,323,1431
535: 
1939: 2021
1459: 1525
1509: 1357,1376,1345,1501,1393,1428
583: 2035,2290,2349,2165,2031,1976,1936,1967,2203,2087,2050,2096,2072,2223
1619: 1640,1638,1627,1644,1624,1646,1632,1068,1521,1731,1655,1659,1653,1657,1636,1645,1639
1376: 1509,1357,1345,1317,1501,1346,1393,1426,323,1431,1428
900: 455
1520: 1495,487,1499,1571,1554,1479
1337: 2146,911,2336,2274,2070,1690,2224
500: 
520: 
1393: 1346,1426,1316,323,1431,1345,1317,1501,1461,1509,1376,1395
1602: 1532,1477,1341,460
1623: 1066,492,1618,1063,1065,1609,1615,1083,1521,1731,1053
562: 
509: 
1174: 1062
822: 1487,410
947: 
563: 
985: 1404
1450: 1519,1564,1430,1531,1476,1588,157
2261: 2342,2094,2337,2089,2276,2345,2282,2339,2246,2300,2253,2216,2244,2312,2347,2245,2044,2240,2344,490,2242,2340,2234,2110,2283,2159,2275,2277,2338,2258,2181,2149,2323,2272,2201,2280,2091,2140,2045,2204,2281,2279,2139
1556: 1576
995: 502
551: 
1532: 1602,1477,1341,460
957: 
1540: 1499,1571,1554,1479,1495
1687: 1496,1660,1637,1668
961: 
495: 
1456: 1387,1419,1557,1379,1394,1415,1365
968: 
1718: 1765,1713,1694,1714
929: 
939: 
905: 
1461: 1346,1393,1426,1316,323,1431,1395
552: 577,1672,1424
572: 
1506: 1478,903
560: 2014,1895
504: 
1479: 1540,1499,1571,1554,1520,1495,1519,1564,1430,1531
61: 1460
539: 
558: 
1527: 1572,1458,1397
1495: 1520,487,1540,1499,1571,1554,1479
2145: 2260,2199,2198,2281,2132,2237,2196,2197,2271,2151,2043,2125,2239,2354,2254,2141,2074,2097,2042,2098,2161
922: 579
589: 1477,1341
1874: 1872,1770,1951,1926,1907,1830,1882,1884
1600: 1789
598: 1756,1819,586
1202: 1676,1650,1684,1663,1682
1781: 1752,534,1779,1767,1766,1836
587: 
515: 
1571: 1540,1499,1554,1479,1520,1495,1519,1564,1430
569: 2073,2095,2019,1992,946
996: 525
1823: 1920,1940,1906,1986,1955,1904,1848,1948,1864,1887,1912,1922,1919
1690: 2146,911,1337,2336,2274,2070
916: 1947,2171
1172: 1136,1635,1617
1605: 1612,1067,1574,1069,1620,2084,1618,1063,1065,1609
591: 
926: 2230,1773,2350,1445,2326,1530,2071
1487: 822,410
1513: 1548
532: 555
944: 
582: 
1295: 454
948: 
1349: 1543,475
1064: 1088,415,557
588: 
1253: 1278,700,1009
994: 
1518: 
1496: 1660,1687
1869: 2007
593: 
1426: 1346,1393,1316,323,1431,1415,1345,1317,1501,1461,1376,1395
544: 
908: 1629,1633
1606: 1853,1839,1900,1851,1871,1838,1835,1810
955: 
1346: 1393,1426,1316,323,1431,1379,1394,1415,1365,1345,1317,1501,1461,1376,1395
906: 
1635: 153,1617,1172,1136,1268,1326
581: 
498: 928
932: 
575: 1948,1864,2057,2059,2033,1922,1919,1890,1910,524,2004
993: 1791
1646: 1640,1638,1627,1619,1644,1624,1655,1636,1645,1639
531: 
1395: 1346,1393,1426,1316,323,1431,1461
1428: 1509,1357,1376
513: 
1278: 1253,700,1009
1387: 1456,1419,1557,1379,1394,1415,1365
1316: 1346,1393,1426,323,1431,1345,1317,1461,1395
1671: 1700,853,1677,2377,1701,2157,915,2375,2264,2365,2040,2364,2263,2333,2265,2268,2266,2334,2262
1458: 1397,913,1527,1514
506: 2101,2034,1947,2171,2058,1973,2068,2053
975: 
911: 2146,1337,2336,2274,2070,1690
555: 532
597: 
979: 971
988: 
963: 
1684: 1202,1243,1161,1676,1650,1663,1686,1664,1682
538: 
951: 
1348: 1402
536: 
592: 565
1063: 1618,1065,1609,1612,1067,1574,1605,1069,1620,2084,2026,2119,1615,1083,1521,1731,1623,492
1562: 1581,488
1569: 
986: 1443,1598
559: 554
586: 598,1756,1819,1804,1860,1730,1834
903: 1506
1589: 1732,549,912
596: 
1670: 1743,1745,1722
557: 1064,1088
580: 434,2088,2358,2206,1985,2116,2117
537: 414,429
978: 
153: 1635,1617,1136,1268,1326
980: 
1974: 1921,1963,1942,1941,1965,1986,1955
568: 2086,2141,2074,2042,2098,2206,1985,2116,1950,2067
157: 1476,1588,1519,1430,1450,1379,1365
965: 
1860: 1804,586,1841,1870,1730,1834
902: 
556: 
1503: 1404
1430: 1519,1564,1531,1571,1554,1479,1450,1476,1588,157
541: 
594: 
166: 1015
1708: 1656,1746,1632,1100,1630,1655,1659,1653,1654,1657,1658,1141
507: 1841,1870,1834,1760,1797,1863,1807,981
700: 1009,1278,1253
1528: 1592
519: 
550: 
1547: 1580,1536,1502
574: 
940: 
1065: 1618,1063,1609,1612,1067,1574,1605,1069,1620,2084,2026,2119,1615,1083,1521,1731,1066,1623,492
1837: 1783
923: 
1062: 1174
1053: 1066,1623
901: 
501: 
1588: 1476,157,1519,1564,1430,1531,1450,1379,1365
992: 
1290: 
534: 1781,1752,525
967: 
573: 
547: 
976: 
919: 997
1415: 1379,1394,1365,1456,1387,1419,1557,1345,1317,1501,1346,1426,323,1431
1565: 1585,1721,1695,1665,1702
590: 2061,2018,2036,1995,2030,1966,2003,1987,1950,2067,1999,2020
1625: 945,1933,1914,237
1514: 1474,1458,1397,488
962: 
927: 1934,1879,1938,1915,1820,1858
1578: 1388
584: 
934: 
1531: 1519,1564,1430,1554,1479,1450,1476,1588
953: 
1197: 1686,1664
973: 
517: 
982: 
1357: 1509,1376,1345,1501,1428
924: 
1891: 1793
1424: 1672,552,577,952
990: 
578: 
1341: 1477,589,1602,1532
1149: 1184
1388: 1578
1502: 1536,448,1547,1580
914: 
1419: 1557,1456,1387,1379,1394,1415,1365,1345,1317
1693: 1707,1725,1723,1754,1720,1703,1698
1607: 232
925: 446
1521: 1731,1618,1063,1065,1609,1066,1623,492,1627,1619,1636,1645
1100: 1656,1746,1708,1141
2107: 2150,1994,2184,2185,2238,2251,2131,2225,2154,2248,2219,2024,2289,2250,2252,2288,2246,2300,2253,2216,2244,2312,2259,2138,2249,2256,2162,2247,2129,2234,2110,2283,2159,2163,2175,2176,2133,2062,2093,2182,2064,2188,2186,2187,2183,2012,2258,2181,2149,2127,2323
941: 
1659: 1630,1655,1653,1654,1657,1658,1632,1068,1656,1708,1640,1638,1627,1619,1624,1639
912: 1589,1732
950: 
943: 508
1443: 1598,986
232: 1607
1742: 1699
1551: 1414
1404: 1503,985
579: 922,564
237: 1625
508: 943
920: 
1379: 1394,1415,1365,1456,1387,1476,1588,157,1419,1557,1345,1317,1346,323,1431
599: 
1580: 1547,1536,1502
514: 
1476: 1588,157,1519,1564,1430,1531,1450,1379,1365
971: 979
972: 
1557: 1419,1456,1387,1379,1394,1415,1365,1345,1317
1583: 1603
1585: 1565,1721,1695,1665,1702
1402: 1348
1576: 1556
1345: 1317,1501,1419,1557,1379,1394,1415,1365,1346,1393,1426,1316,323,1431,1509,1357,1376
1526: 1561,482
2281: 2132,2237,2279,2139,2196,2094,2337,2089,2276,2261,2345,2282,2339,2275,2002,2193,2277,2191,2338,2195,2192,2328,2272,2201,2280,2091,2140,2045,2204,2329,2197,2236,2043,2260,2199,2145,2198
512: 
942: 
571: 
1478: 1506
1501: 1345,1317,1394,1415,1346,1393,1426,323,1431,1509,1357,1376
1563: 
928: 498
1499: 1540,1571,1554,1479,1520,1495,1519,1564
567: 
528: 413
909: 417
1467: 1373
524: 1922,1919,1890,1910,1920,1906,1948,1864,575
998: 426
853: 1677,2377,1671,1700
585: 
523: 
1525: 1459
915: 2152,2157,2375,2376,2377,1671,2222,2352,2355,2264,2365,2040,2364,2263,2333,2265,2221,2322,2357,2309,2308,2016,2310,2368,2330,2214,2218,2267,2331
1009: 700,1278,1253
533: 503
959: 
913: 1458,1397
530: 958
496: 
1088: 1064,415,557
522: 
958: 530
553: 423
1474: 1514,488
1365: 1379,1394,1415,1456,1387,1476,1588,157,1419,1557,1345,1317,1346,1431
1530: 2326,1773,2350,2148,1445,410,926,2230,2071
510: 
542: 
960: 
984: 
952: 1424
595: 
1561: 1526,482
505: 
521: 
999: 
1795: 1776,1960
518: 
1680: 1648,1686,1664
502: 995
956: 
1414: 1551
933: 
904: 
1015: 166
1066: 1623,492,1618,1065,1615,1083,1521,1731,1053,1662
549: 1589
991: 1778,1847
1268: 1326,1136,153,1635,1617
1454: 1323
311: 1005
554: 559
497: 
1536: 1502,448,1547,1580
548: 
526: 
989: 
1069: 1620,2084,1612,1067,1574,1605,2026,2119,1618,1063,1065,1609,1615,1083
1601: 1590,907,1572
545: 1792,1772,1802
576: 
945: 1625
323: 1346,1393,1426,1316,1431,1379,1394,1415,1345,1317,1501,1461,1376,1395
981: 507,1760,1797,1863,1807,1846,1729,1970,1788
946: 2095,2019,2065,2011,2032,2073,569,2052,2029,1972,2015
516: 411,917
1637: 1668,1687
1161: 1676,1650,1684,1663,1682
570: 
1985: 2206,2116,2117,2141,2074,2097,2042,2098,2161,568,580
1592: 1528
918: 2326,2071
1184: 1149
1714: 1694,1718,1765
1323: 1454
1686: 1197,1664,1680,1648,1676,1650,1684,1663
1243: 1676,1650,1684,1663,1682
499: 
1460: 61
1732: 1589,912
938: 
966: 444
1700: 1671,853,1677,2377,1701,2157,2375,2264,2040,2364,2263,2268,2266,2334,2262
937: 
1477: 1341,589,1602,1532
921: 
1698: 1720,1703,1707,1693,1725,1723,1745,1722
1326: 1268,1136,153,1635,1617
540: 2327,490,2192
997: 919
503: 533
917: 516
1766: 1781,1752,525,1836
1537: 1558,1685
546: 
1067: 1612,1574,1605,1069,1620,2084,1618,1063,1065,1609
970: 
1603: 1583
2233: 2231,2348,2166,2359,2298,2168,2303,1989,2306,2301,2302,2360,2209,2366,2367,2346,2105,2167,2304,1997,2287,2211,2213,2207,2208,2210,2232,2103
1668: 1637,1687
1719: 1763
1431: 1346,1393,1426,1316,323,1379,1394,1415,1365,1345,1317,1501,1461,1376,1395
931: 
565: 592
529: 
1005: 311
561: 418
1624: 1640,1638,1627,1619,1644,1646,1632,1068,1630,1655,1659,1653,1654,1657,1658,1636,1645,1639
964: 
2033: 2057,2059,2039,1977,575,2004
1317: 1345,1501,1419,1557,1379,1394,1415,1365,1346,1393,1426,1316,323,1431,1376
954: 
1575: 1642,1641,1643
1590: 1601,907
2104: 2164,2211,2213,2207,2210,2232,2103,2031,1976,2227,2038,2229,2087,2050,2096
1558: 1537,1685
1548: 1513
564: 579
511: 
1788: 1970,1863,1807,981
969: 
527: 459
1136: 1172,1662,1651,153,1635,1617,1268,1326
1554: 1540,1499,1571,1479,1520,1495,1519,1564,1430,1531
987: 
935: 
1397: 1458,913,1527,1514
1083: 1615,1069,1620,2084,2026,2119,1618,1063,1065,1609,1066,1623,492
974: 431
907: 1590,1601
1598: 1443,986
930: 
577: 552,1672,1424
983: 
525: 534,1766,996,1836
1984: 1855
1564: 1519,1430,1531,1499,1571,1554,1479,1450,1476,1588
910: 
936: 
400: 
401: 
402: 
403: 484
404: 
405: 
406: 
407: 
408: 
409: 1978,1818
410: 2224,1487,822,2148,1445,1530
411: 516
412: 
413: 528
414: 537,429
415: 1064,1088
416: 
417: 909
418: 561
419: 
420: 
421: 
422: 
423: 553
424: 
425: 
426: 998
427: 
428: 
429: 414,537
430: 
431: 974
432: 
433: 
434: 580,2088,2173,2358,2206,2117
435: 
436: 
437: 
438: 
439: 
440: 
441: 
442: 1772,1802
443: 
444: 966
445: 
446: 925
447: 
448: 1536,1502
449: 
450: 
451: 1689,1817
452: 
453: 
454: 1295,1660
455: 900
456: 
457: 
458: 
459: 527
460: 1602,1532
461: 1631,1634
462: 
463: 
464: 
465: 
466: 
467: 
468: 
469: 
470: 
471: 
472: 
473: 
474: 
475: 1349,1543
476: 
477: 
478: 
479: 
480: 
481: 
482: 1526,1561
483: 
484: 403
485: 
486: 
487: 1520,1495
488: 1474,1514,1562,1581
489: 
490: 2242,2340,2297,2295,2324,2291,2046,2372,2293,2296,2347,2245,2044,2240,2344,2241,540,2327,2094,2337,2089,2276,2261,2345,2282,2339,2275,2002,2193,2277,2191,2338,2195,2192,2328
491: 
492: 1066,1623,1618,1063,1065,1609,1615,1083,1521,1731
493: 
494: 
1609: 1618,1063,1065,1612,1067,1574,1605,1069,1620,2084,2026,2119,1615,1083,1521,1623,492
1699: 1742,1811
1676: 1202,1243,1161,1650,1684,1663,1686,1664,1682
1612: 1067,1574,1605,1069,1620,2084,1618,1063,1065,1609
1721: 1695,1565,1585
1672: 1424,552,577
1615: 1083,1069,1620,2084,2026,2119,1618,1063,1065,1609,1066,1623,492
1729: 1846,1760,1797,1772,1802,981
1617: 153,1635,1172,1136,1268,1326
1618: 1063,1065,1609,1612,1067,1574,1605,1069,1620,2084,2026,2119,1615,1083,1521,1731,1066,1623,492
1620: 1069,2084,1612,1067,1574,1605,2026,2119,1618,1063,1065,1609,1615,1083
1627: 1640,1638,1619,1644,1624,1646,1632,1068,1521,1731,1655,1659,1653,1657,1636,1645,1639
1636: 1645,1521,1731,1640,1638,1627,1619,1644,1624,1646,1639
1629: 1633,908
1630: 1655,1659,1653,1654,1657,1658,1632,1068,1656,1746,1708,1640,1638,1624,1639
1631: 1634,461
1632: 1068,1656,1708,1630,1655,1659,1653,1654,1657,1658,1640,1638,1627,1619,1624
1633: 1629,908
1634: 1631,461
1638: 1640,1627,1619,1644,1624,1646,1632,1068,1630,1655,1659,1653,1654,1657,1658,1636,1645,1639
1639: 1630,1655,1659,1653,1654,1657,1658,1640,1638,1627,1619,1644,1624,1646,1636,1645
1640: 1638,1627,1619,1644,1624,1646,1632,1068,1630,1655,1659,1653,1654,1657,1658,1636,1645,1639
1641: 1643,1575,1642
1642: 1575,1641,1643
1643: 1641,1575,1642
1644: 1640,1638,1627,1619,1624,1646,1655,1636,1645,1639
1645: 1636,1521,1731,1640,1638,1627,1619,1644,1624,1646,1639
1685: 1692,1558,1537
1648: 1680,1686,1664
1696: 1679
1650: 1202,1243,1161,1676,1684,1663,1686,1664,1682
1651: 1662,1136
1677: 853,1671,1700
1653: 1630,1655,1659,1654,1657,1658,1632,1068,1656,1746,1708,1640,1638,1627,1619,1624,1639
1654: 1630,1655,1659,1653,1657,1658,1632,1068,1656,1746,1708,1640,1638,1624,1639
1655: 1630,1659,1653,1654,1657,1658,1632,1068,1656,1746,1708,1640,1638,1627,1619,1644,1624,1646,1639
1656: 1746,1708,1632,1068,1100,1630,1655,1659,1653,1654,1657,1658,1141
1657: 1630,1655,1659,1653,1654,1658,1632,1068,1656,1746,1708,1640,1638,1627,1619,1624,1639
1658: 1630,1655,1659,1653,1654,1657,1632,1068,1656,1746,1708,1640,1638,1624,1639
1660: 1496,454,1687
1720: 1703,1698,1707,1693,1725,1723,1745,1722
1662: 1651,1066,1136
1663: 1202,1243,1161,1676,1650,1684,1686,1664,1682
1664: 1197,1686,1680,1648,1676,1650,1684,1663
1665: 1702,1565,1585
1679: 1696
1682: 1202,1243,1161,1676,1650,1684,1663
1689: 1817,451,2257,2371,1790,2174,2123
1688: 
1797: 1760,507,981,1846,1729
1692: 1685
1694: 1714,1718,1765
1695: 1721,1565,1585
1697: 1787
1702: 1665,1565,1585
1703: 1720,1698,1707,1693,1725,1723,1722
1982: 2135,2077,2147,2120,2202,2143,2278,2122,2169,2112,2142,2177,2228,2227,2038,2229,2114,2144,2137,2160,2113,2134,2130,2121,2099
1767: 1779,1769,1771,1781,1752,1736,1751
1842: 1871,1838,1835,1810,1717,1796
1707: 1693,1725,1723,1754,1720,1703,1698
1731: 1521,1618,1063,1065,1066,1623,492,1627,1619,1636,1645
1730: 1841,1870,1834,586,1804,1860
1926: 1951,1893,1946,1899,1874
1713: 949,1718,1765
1717: 1796,1842,1769,1771,1810,1736,1751,1776
1722: 1745,1720,1703,1698,1723,1743,1670
1723: 1707,1693,1725,1754,1720,1703,1698,1745,1722
1725: 1707,1693,1723,1754,1720,1703,1698
1841: 1870,1730,1834,1804,1860,507,1863,1807
1728: 1792
1807: 1863,1841,1870,507,981,1970,1788
1772: 1802,545,1846,1729,442
1736: 1751,1769,1771,1779,1767,1717,1796,1776
1737: 1953,1888,1825
1830: 1907,1882,1884,1874,1839,1871,1838,1835
1765: 1718,1713,1694,1714
1740: 1798,1988,1791
1743: 1670,1745,1722
1778: 1847,991
1745: 1722,1720,1698,1723,1743,1670
1746: 1656,1708,1100,1630,1655,1653,1654,1657,1658,1141
1796: 1717,1842,1769,1771,1810,1736,1751
1858: 1820,927,1934,1915
2312: 2246,2300,2253,2216,2244,2311,2214,2218,2331,2215,2243,2325,2351,2219,2024,2289,2250,2252,2288,2347,2245,2240,2241,2107,2150,1994,2184,2185,2234,2110,2283,2159,2337,2261,2282
1750: 1875
1751: 1736,1769,1771,1779,1767,1717,1796,1776
1752: 1781,534,1779,1767,1766,1836
2132: 2281,2237,2279,2139,2196,2089,2276,2345,2275,2002,2193,2277,2191,2195,2328,2272,2201,2280,2091,2140,2045,2204,2329,2197,2090,2075,2236,2043,2260,2199,2145,2198
1754: 1707,1693,1725,1723
2321: 2341,2221,2156,2319,2322,2314,2357,2179,2222,2158,2352,2356,2355,2157,2376,2307,2320,2305,2055,2178,2313,2315,2308,2016,2310,2368,2190,2180,2317,2316,1961,2155,2226,2235,2318,2205,2353,2238,2225,2154
1756: 1819,1776,1960,598,586
1835: 1871,1838,1839,1907,1830,1882,1884,1853,1606,1842
1760: 1797,507,981,1846,1729
1917: 1843,1848,1920,1940,1906,1887,1912,1922,1919,1890,1910,1905,1880
1763: 1719
1825: 1953,1888,1737
1768: 1832
1769: 1771,1810,1779,1767,1717,1796,1736,1751
1770: 1872,1874,1839
1771: 1769,1810,1779,1767,1717,1796,1736,1751
1773: 2350,2224,2148,1445,926,2230,2326,1530
1775: 1898
1776: 1960,1717,1736,1751,1756,1819,1795
1779: 1767,1769,1771,1781,1752,1736,1751
2163: 2175,2176,2133,2062,2093,2122,2169,2112,2142,2177,2259,2138,2249,2256,2162,2247,2129,2107,2150,1994,2184,2185,2114,2144,2137,2160,2113,2134,2130,2182,2064,2188,2186,2187,2183,2012,2054,2037,2092,2063,2049,2102,2108
1783: 1837
1785: 1928
2046: 2297,2295,2324,2291,2372,2293,2268,2266,2334,2363,2361,2262,2294,2373,2292,2215,2217,2299,2243,2325,2351,2362,2374,2296,2246,2300,2244,2347,2245,2044,2240,2344,2241,490,2242,2340
1787: 1697
1789: 1600
1790: 1689,1817,2174,2286,2123,2285
1791: 1988,1740,1798,993
1792: 1728,545
1793: 1891
1798: 1740,1988,1791
2076: 2115,2170,2182,2064,2188,2186,2187,2012,2258,2181,2149,2127,2323,2272,2091,2140,2045,2204,2102,2108,2090,2075,2047
1802: 1772,545,1846,1729,442
1803: 1876,1877,1900,1851,1844
1804: 1860,586,1841,1870,1730,1834
1890: 1922,1919,1910,524,1920,1906,1948,1864,1843,1917,575
2080: 2054,2135,2077,2147,2114,2144,2137,2160,2113,2134,2130,2133,2093,2121,2099,2037,2092,2063,2049,2095,2019,2065,2011
1867: 1913,1904,1848,1887,1912
1810: 1769,1771,1606,1842,1717,1796
1811: 1699
1844: 1900,1851,1876,1803,1877
1973: 2058,2101,2034,506,2006,2068,2053
1817: 1689,451,2257,2371,1790,2174,2123
1818: 1978,409
1819: 1756,1776,1960,598,586
1820: 1858,927,1934,1915
1938: 1879,1933,1914,1907,927,1934,1915
1919: 1922,1890,1910,524,1920,1940,1823,1906,1948,1864,1843,1917,575
2143: 2202,2278,2367,2346,2105,2167,2190,2270,2180,2317,2316,2318,2205,2120,2232,2103,2122,2169,2112,2142,2177,2228,2227,2038,2229,2135,2077,2147,1982,2114,2144,2137,2160,2130
2255: 2072,2189,2223,2087,2050
1988: 1791,1740,1798
2042: 2097,2098,2043,2145,2198,2141,2074,2161,568,2206,1985,2116,2117
1832: 1768
1880: 1905,1887,1912,1843,1917,1900,1851
1834: 1841,1870,1730,586,1804,1860,507
1836: 1781,1752,1766,525
1838: 1871,1835,1839,1907,1830,1882,1884,1606,1842
1839: 1770,1830,1882,1884,1871,1838,1835,1853,1606
1851: 1900,1905,1880,1876,1803,1877,1853,1606,1844
1843: 1917,1848,1920,1906,1887,1912,1922,1919,1890,1910,1905,1880
1936: 1967,2203,2349,2165,2035,583,2290
1846: 1729,1760,1797,1772,1802,981
1847: 1778,991
1848: 1904,1867,1913,1920,1940,1823,1906,1887,1912,1843,1917
2234: 2110,2283,2159,2252,2288,2246,2300,2253,2216,2244,2312,2347,2245,2044,2240,2107,2150,1994,2184,2185,2342,2094,2337,2089,2276,2261,2345,2282,2339,2182,2188,2186,2187,2183,2258,2181,2149,2127,2323,2272,2280,2091,2045,2204
1853: 1606,1839,1900,1851,1835
1855: 1984
2133: 2163,2175,2176,2062,2093,2122,2169,2177,2259,2138,2256,2162,2107,1994,2184,2185,2114,2144,2137,2160,2113,2134,2130,2182,2064,2188,2186,2183,2012,2080,2054,2037,2092,2063,2049,2102,2108
1920: 1940,1823,1906,1986,1955,1904,1848,1948,1864,1887,1912,1843,1917,1922,1919,1890,1910,524
1863: 1807,1841,1870,507,981,1970,1788
1864: 1948,1986,1955,1920,1940,1823,1906,1922,1919,1890,1910,524,575
1899: 1946,1951,1926
1987: 2003,2052,2029,2036,1995,2030,1966,1972,2015,2061,590,2018
2127: 2258,2181,2149,2323,2107,1994,2184,2185,2234,2159,2337,2182,2064,2188,2186,2187,2183,2012,2272,2091,2045,2204,2102,2108,2115,2076,2170,2090,2075
1870: 1841,1730,1834,1804,1860,507,1863,1807
1871: 1838,1835,1839,1907,1830,1882,1884,1606,1842
1872: 1770,1874
2002: 2275,2193,2277,2191,2338,2245,490,2242,2340,2327,2094,2089,2276,2345,2282,2339,2195,2192,2328,2201,2280,2091,2281,2132,2237,2279,2139,2196,2329,2197
1875: 1750
1876: 1803,1877,1900,1851,1844
1877: 1876,1803,1900,1851,1844
1879: 1938,1933,1914,1907,1884,927,1934,1915
1882: 1907,1830,1884,1874,1839,1871,1838,1835
1883: 1991,1886,1979
1884: 1907,1830,1882,1874,1839,1871,1838,1835,1879
1886: 1991,1883,1979,1941,1965
1887: 1912,1867,1913,1904,1848,1920,1940,1823,1906,1843,1917,1905,1880
1888: 1953,1825,1737
1951: 1926,1946,1899,1874,1933,1914
1893: 1926
1894: 
1895: 2014,560
1948: 1864,1986,1955,1920,1940,1823,1906,1922,1919,1890,1910,524,575
1970: 1788,1863,1807,981
1898: 1775
1900: 1851,1880,1876,1803,1877,1853,1606,1844
2222: 2158,2352,2356,2355,2377,2179,2152,2157,915,2375,2376,2307,2320,2305,2055,2178,2313,2321,2341,2221,2156,2319,2322,2314,2357,2309,2308,2016,2310,2368
2311: 2330,2214,2218,2267,2331,2157,2264,2365,2040,2364,2263,2333,2265,2268,2266,2334,2361,2262,2309,2308,2016,2215,2217,2299,2243,2325,2351,2362,2374,2238,2251,2131,2225,2154,2219,2024,2289,2250,2252,2288,2246,2300,2253,2216,2244,2312
1904: 1848,1867,1913,1920,1940,1823,1906,1887,1912
1905: 1880,1887,1912,1843,1917,1851
1906: 1920,1940,1823,1986,1955,1904,1848,1948,1864,1887,1912,1843,1917,1922,1919,1890,1910,524
1907: 1830,1882,1884,1874,1871,1838,1835,1879,1938
2032: 2065,2011,2037,2092,2063,2049,2102,2047,946,2052,2029,2036,1995
1910: 1922,1919,1890,524,1920,1906,1948,1864,1843,1917,575
2064: 2182,2188,2186,2187,2183,2012,2259,2138,2249,2256,2162,2247,2107,2150,1994,2184,2185,2159,2163,2175,2176,2133,2062,2093,2258,2149,2127,2323,2037,2092,2063,2049,2102,2108,2115,2076,2170
1912: 1887,1867,1913,1904,1848,1920,1940,1823,1906,1843,1917,1905,1880
1913: 1867,1904,1848,1887,1912
1914: 1933,1951,1625,1879,1938
1915: 1879,1938,927,1934,1820,1858
2086: 2115,2090,2075,2236,2043,2141,2074,2030,1966,568
1921: 1974,1963,1942,1941,1965,1986,1955
1922: 1919,1890,1910,524,1920,1940,1823,1906,1948,1864,1843,1917,575
2034: 2101,1931,2058,1973,506
1989: 2303,2306,2301,2302,2179,2298,2168,2307,2320,2305,2055,2178,2313,2315,2233,2231,2348,2166,2359,2367,2346,2105,2167,2304,2190,2270,2180,2317,2316
1950: 2067,2030,1966,568,2061,590,2018,1999,2020
2061: 590,2018,2036,1995,2030,1966,1987,1950,2067,1999,2020
1928: 1785
1972: 2015,946,2052,2029,2036,1995,2003,1987
2058: 1973,1931,2101,2034,506,2006,2068,2053
1931: 2101,2034,2058
2031: 1976,2343,2212,1997,2287,2211,2213,2207,2208,2210,2349,2165,2164,2104,2035,583,2290,2087,2050,2096
1933: 1914,1951,1625,1879,1938
1934: 927,1879,1938,1915,1820,1858
2090: 2075,2236,2258,2181,2149,2127,2272,2201,2280,2091,2140,2045,2204,2132,2237,2139,2115,2076,2170,2043,2086,2141,2074
1940: 1920,1823,1906,1986,1955,1904,1848,1948,1864,1887,1912,1917,1922,1919
1941: 1965,1991,1886,1963,1942,1921,1974
1942: 1963,1941,1965,1921,1974
1995: 2036,2032,2052,2029,2030,1966,1972,2015,2003,1987,2061,590,2018
2125: 2239,2354,2254,2335,2271,2151,2260,2199,2145,2198,2097,2088,2161,2370,2173,2358
1946: 1899,1951,1926
1947: 2171,916,506
1953: 1888,1825,1737
2113: 2114,2144,2137,2160,2134,2130,2122,2169,2142,2177,2256,2162,2135,2147,1982,2163,2175,2176,2133,2062,2093,2121,2099,2080,2054,2037,2092,2063,2049
1955: 1986,1921,1974,1920,1940,1823,1906,1948,1864
2012: 2182,2064,2188,2186,2187,2183,2259,2138,2107,2150,1994,2184,2185,2159,2163,2175,2176,2133,2062,2093,2258,2181,2149,2127,2323,2037,2092,2063,2049,2102,2108,2115,2076,2170
2147: 2135,2077,1982,2120,2232,2103,2202,2143,2278,2122,2169,2142,2228,2227,2038,2229,2114,2144,2137,2160,2113,2121,2099,2080,2054
1960: 1776,1756,1819,1795
1961: 2155,2226,2235,2318,2205,2353,2307,2320,2055,2178,2313,2315,2321,2341,2221,2156,2319,2322,2314,2357,2308,2190,2270,2180,2317,2316,2238,2251,2131,2225,2154,2248,2202,2278,2122,2169,2112,2142,2177,2249,2256,2162,2247,2129
1997: 2287,2211,2213,2207,2360,2209,2366,2233,2231,2348,2166,2359,2343,2212,2208,2210,2031,1976
1963: 1942,1941,1965,1921,1974
1986: 1955,1921,1974,1920,1940,1823,1906,1948,1864
1965: 1941,1991,1886,1963,1942,1921,1974
1966: 2030,2047,2086,2036,1995,1987,2061,590,2018,1950,2067
1967: 1936,2203,2349,2165,2035,583,2290
1976: 2031,2343,2212,1997,2287,2211,2213,2207,2208,2210,2349,2165,2164,2104,2035,583,2290,2087,2050,2096
1977: 2039,2057,2059,2033,2004
1978: 1818,409
1979: 1883,1991,1886,977
1991: 1886,1883,1979,1941,1965
1992: 2073,569
2020: 1999,2061,590,2018,1950,2067
1994: 2107,2150,2184,2185,2251,2131,2248,2219,2289,2250,2252,2288,2253,2312,2259,2138,2249,2256,2162,2247,2129,2234,2110,2283,2159,2163,2175,2176,2133,2062,2093,2182,2064,2188,2186,2187,2183,2012,2258,2181,2149,2127,2323
1998: 2027
1999: 2020,2061,590,2018,1950,2067
2055: 2307,2320,2305,2178,2313,2315,2179,2222,2158,2352,2356,2355,2303,1989,2306,2301,2302,2321,2341,2221,2156,2319,2322,2314,2357,2167,2304,2190,2180,2317,2316,1961,2155,2226,2318,2205,2353
2030: 1966,2047,2086,2036,1995,2003,1987,2061,590,2018,1950,2067
2003: 1987,2052,2029,2036,1995,2030,1972,2015,590
2004: 2057,2059,2033,2039,1977,575
2108: 2102,2163,2175,2176,2133,2062,2093,2182,2064,2188,2186,2187,2183,2012,2149,2127,2037,2092,2063,2049,2115,2076,2170,2065,2047
2006: 2068,2053,2058,1973
2007: 1869
2162: 2259,2138,2249,2256,2247,2129,1961,2155,2226,2235,2318,2205,2353,2238,2251,2131,2225,2154,2248,2289,2250,2252,2122,2169,2112,2142,2177,2107,2150,1994,2184,2185,2144,2160,2113,2134,2130,2163,2175,2176,2133,2062,2093,2182,2064,2188,2186,2183
2105: 2367,2346,2167,2304,2298,2168,2303,1989,2306,2301,2302,2307,2305,2313,2315,2233,2231,2348,2166,2359,2190,2270,2180,2317,2316,2208,2210,2120,2232,2103,2202,2143,2278
2026: 2119,1069,1620,2084,1618,1063,1065,1609,1615,1083
2011: 2065,2032,2080,2054,2037,2092,2063,2049,2102,2019,946,2052,2029
2347: 2245,2044,2240,2344,2241,2215,2243,2325,2351,2297,2295,2324,2291,2046,2293,2246,2300,2253,2216,2244,2312,490,2242,2340,2234,2110,2283,2159,2094,2337,2089,2276,2261,2345,2282,2339,2275,2277,2338
2014: 1895,560
2015: 1972,946,2052,2029,2036,1995,2003,1987
2016: 2309,2308,2310,2368,2222,2352,2355,2152,2157,915,2375,2376,2264,2365,2040,2364,2263,2333,2265,2321,2341,2221,2156,2322,2357,2311,2330,2214,2218,2267,2331,2155,2226,2238,2251,2131,2225,2154,2219,2024,2289,2250,2288
2018: 2061,590,2036,1995,2030,1966,1987,1950,2067,1999,2020
2019: 2121,2099,2080,2054,2037,2092,2095,2065,2011,569,946
2021: 1939
2057: 2059,2033,2039,1977,575,2004
2084: 1069,1620,1612,1067,1574,1605,2026,2119,1618,1063,1065,1609,1615,1083
2024: 2219,2289,2250,2252,2288,2309,2308,2016,2311,2330,2214,2218,2267,2331,2215,2217,2299,2243,2325,2351,2362,2374,2238,2251,2131,2225,2154,2246,2300,2253,2216,2244,2312,2107,2150,2110,2283
2027: 1998
2146: 911,1337,2336,2274,2070,1690,2224
2029: 2052,2065,2011,2032,946,2036,1995,1972,2015,2003,1987
2035: 583,2290,2349,2165,2031,1976,1936,1967,2203,2087,2050,2096,2072,2223
2036: 1995,2032,2047,2052,2029,2030,1966,1972,2015,2003,1987,2061,590,2018
2037: 2092,2063,2049,2114,2144,2137,2160,2113,2134,2130,2163,2175,2176,2133,2062,2093,2064,2012,2080,2054,2102,2108,2019,2065,2011,2032
2038: 2228,2227,2229,2210,2120,2232,2103,2202,2143,2278,2164,2104,2135,2077,2147,1982,2121,2099
2039: 1977,2057,2059,2033,2004
2040: 2264,2365,2364,2263,2333,2265,2377,1671,1700,1701,2152,2157,915,2375,2376,2268,2266,2334,2363,2361,2262,2309,2308,2016,2368,2311,2330,2214,2218,2267,2331,2215,2217,2299,2243,2325,2351,2362,2374
2289: 2219,2024,2250,2252,2288,2309,2308,2016,2311,2330,2214,2218,2267,2331,2215,2351,2238,2251,2131,2225,2154,2248,2246,2300,2253,2216,2312,2259,2138,2249,2256,2162,2247,2129,2107,2150,1994,2184,2185,2283,2159
2043: 2272,2201,2280,2091,2140,2045,2204,2281,2132,2237,2279,2139,2196,2090,2075,2236,2260,2199,2145,2198,2086,2141,2074,2042
2044: 2347,2245,2240,2344,2241,2215,2217,2243,2325,2351,2362,2297,2295,2324,2291,2046,2372,2293,2296,2246,2300,2253,2216,2244,490,2242,2340,2234,2110,2283,2094,2337,2089,2276,2261,2345,2282,2339,2275,2277,2338
2045: 2272,2201,2280,2091,2140,2204,2234,2337,2089,2276,2261,2345,2258,2181,2149,2127,2323,2281,2132,2237,2279,2139,2115,2076,2170,2090,2075,2236,2043
2047: 2063,2049,2102,2108,2115,2076,2170,2065,2032,2036,2030,1966
2346: 2367,2105,2167,2304,2298,2168,2303,1989,2301,2302,2305,2233,2231,2348,2166,2359,2190,2270,2208,2210,2120,2232,2103,2143
2049: 2037,2092,2063,2144,2160,2113,2134,2130,2163,2175,2176,2133,2062,2093,2182,2064,2188,2186,2187,2183,2012,2080,2054,2102,2108,2065,2011,2032,2047
2050: 2087,2096,2349,2165,2031,1976,2164,2104,2035,583,2290,2255,2072,2189,2223
2232: 2120,2103,2233,2231,2348,2166,2359,2367,2346,2105,2167,2304,2190,2270,2208,2210,2202,2143,2278,2164,2104,2228,2227,2038,2229,2147
2052: 2029,2065,2011,2032,946,2036,1995,1972,2015,2003,1987
2053: 2006,2068,2058,1973,506
2054: 2080,2135,2077,2147,2114,2144,2137,2160,2113,2134,2130,2163,2133,2093,2121,2099,2037,2092,2063,2049,2095,2019,2065,2011
2059: 2057,2033,2039,1977,575,2004
2190: 2270,2180,2317,2316,2303,1989,2306,2301,2302,2307,2320,2305,2055,2178,2313,2315,2321,2156,2319,2314,2367,2346,2105,2167,2304,1961,2235,2318,2205,2353,2120,2232,2103,2202,2143,2278,2122,2169,2112,2142,2177
2062: 2163,2175,2176,2133,2093,2122,2169,2112,2142,2177,2259,2138,2249,2256,2162,2247,2129,2107,2150,1994,2184,2185,2114,2144,2137,2160,2113,2134,2130,2182,2064,2188,2186,2187,2183,2012,2037,2092,2049,2108
2063: 2037,2092,2049,2160,2113,2134,2163,2175,2176,2133,2093,2064,2188,2186,2012,2080,2054,2102,2108,2065,2011,2032,2047
2065: 2011,2032,2080,2054,2037,2092,2063,2049,2102,2108,2019,2047,946,2052,2029
2066: 2332,2327,2195,2192,2328,2329,2197,2335,2271,2151
2067: 1950,2030,1966,568,2061,590,2018,1999,2020
2068: 2006,2053,2058,1973,506
2069: 2369,2336,2070,2257,2371
2070: 2146,911,1337,2336,2274,1690,2069,2369,2224
2071: 926,2230,2326,1530,918
2072: 2255,2189,2223,2035,583,2290,2087,2050,2096
2073: 569,1992,946
2074: 2141,2090,2075,2236,2043,2260,2199,2145,2198,2086,2097,2042,2098,568,1985,2116
2075: 2090,2236,2258,2181,2149,2127,2272,2201,2280,2091,2140,2045,2204,2132,2237,2139,2115,2076,2170,2043,2086,2141,2074
2077: 2135,2147,1982,2120,2143,2169,2142,2228,2227,2038,2229,2114,2144,2137,2121,2099,2080,2054
2144: 2114,2137,2160,2113,2134,2130,2202,2143,2278,2122,2169,2112,2142,2177,2259,2138,2256,2162,2129,2135,2077,2147,1982,2163,2175,2176,2133,2062,2093,2121,2099,2080,2054,2037,2092,2049
2103: 2120,2232,2233,2231,2348,2166,2359,2367,2346,2105,2167,2304,2190,2270,2208,2210,2202,2143,2164,2104,2228,2227,2038,2229,2147
2087: 2050,2096,2349,2165,2031,1976,2164,2104,2035,583,2290,2255,2072,2189,2223
2088: 2161,2370,2125,2239,2097,2173,2358,2206,2117,434,580
2089: 2342,2094,2337,2276,2261,2345,2282,2339,2246,2244,2347,2245,2044,2240,2344,490,2242,2340,2234,2110,2275,2002,2193,2277,2191,2338,2258,2181,2272,2201,2280,2091,2140,2045,2281,2132,2237,2279,2139,2196
2091: 2272,2201,2280,2140,2045,2204,2234,2110,2342,2094,2337,2089,2276,2261,2345,2282,2339,2275,2002,2193,2277,2191,2338,2258,2181,2149,2127,2323,2281,2132,2237,2279,2139,2196,2115,2076,2170,2090,2075,2236,2043
2092: 2037,2063,2049,2114,2144,2137,2160,2113,2134,2130,2163,2175,2176,2133,2062,2093,2064,2188,2012,2080,2054,2102,2108,2019,2065,2011,2032
2093: 2163,2175,2176,2133,2062,2122,2169,2112,2142,2177,2259,2138,2249,2256,2162,2247,2129,2107,1994,2185,2114,2144,2137,2160,2113,2134,2130,2064,2188,2186,2183,2012,2080,2054,2037,2092,2063,2049,2102,2108
2094: 2342,2337,2089,2276,2261,2345,2282,2339,2246,2300,2253,2244,2347,2245,2044,2240,2344,2241,490,2242,2340,2234,2110,2283,2275,2002,2193,2277,2191,2338,2258,2181,2323,2272,2201,2280,2091,2281,2279,2139,2196
2095: 2121,2099,2080,2054,2019,569,946
2096: 2087,2050,2349,2165,2031,1976,2164,2104,2035,583,2290,2072,2223
2097: 2042,2098,2260,2199,2145,2198,2125,2239,2354,2254,2141,2074,2088,2161,2370,2206,1985,2116,2117
2098: 2097,2042,2145,2198,2141,2074,2161,568,2206,1985,2116,2117
2099: 2121,2228,2227,2038,2135,2077,2147,1982,2114,2144,2137,2160,2113,2134,2130,2080,2054,2095,2019
2101: 2034,1931,2058,1973,506
2102: 2108,2163,2175,2176,2133,2093,2182,2064,2188,2186,2183,2012,2149,2127,2037,2092,2063,2049,2115,2076,2170,2065,2011,2032,2047
2202: 2143,2278,2367,2105,2167,2304,2190,2270,2180,2317,2316,1961,2155,2226,2235,2318,2205,2353,2120,2232,2103,2122,2169,2112,2142,2177,2228,2227,2038,2135,2147,1982,2144,2137,2130
2110: 2234,2283,2159,2219,2024,2288,2246,2300,2253,2216,2244,2312,2347,2245,2044,2240,2344,2241,2107,2150,1994,2184,2342,2094,2337,2089,2276,2261,2345,2282,2339,2182,2187,2258,2181,2149,2323,2272,2280,2091
2201: 2272,2280,2091,2140,2045,2204,2094,2337,2089,2276,2261,2345,2339,2275,2002,2277,2191,2258,2181,2281,2132,2237,2279,2139,2196,2090,2075,2236,2043
2112: 2122,2169,2142,2177,2190,2270,2180,2317,2316,1961,2155,2226,2235,2318,2205,2353,2251,2225,2248,2202,2143,2278,2259,2138,2249,2256,2162,2247,2129,2135,1982,2144,2160,2130,2163,2062,2093
2114: 2144,2137,2160,2113,2134,2130,2143,2122,2169,2142,2135,2077,2147,1982,2163,2133,2062,2093,2121,2099,2080,2054,2037,2092
2115: 2076,2170,2182,2064,2188,2186,2187,2012,2258,2181,2149,2127,2323,2272,2091,2140,2045,2204,2102,2108,2090,2075,2236,2047,2086
2116: 2206,1985,2117,2141,2074,2097,2042,2098,2161,568,580
2117: 2206,1985,2116,2097,2042,2098,2088,2161,2370,434,580
2119: 2026,1069,1620,2084,1618,1063,1065,1609,1615,1083
2120: 2232,2103,2231,2166,2359,2367,2346,2105,2167,2304,2190,2270,2180,2317,2316,2208,2210,2202,2143,2278,2228,2227,2038,2229,2135,2077,2147,1982
2121: 2099,2228,2227,2038,2229,2135,2077,2147,1982,2114,2144,2137,2160,2113,2134,2130,2080,2054,2095,2019
2122: 2169,2112,2142,2177,2190,2270,2180,2317,2316,1961,2155,2226,2235,2318,2205,2353,2251,2225,2248,2202,2143,2278,2259,2138,2249,2256,2162,2247,2129,2135,2147,1982,2114,2144,2137,2160,2113,2134,2130,2163,2175,2176,2133,2062,2093
2123: 2174,2286,1689,1817,1790,2285
2238: 2251,2131,2225,2154,2248,2321,2341,2221,2156,2322,2314,2357,2309,2308,2016,2310,2368,2311,2330,2214,2218,2267,2331,1961,2155,2226,2235,2318,2205,2353,2219,2024,2289,2250,2252,2288,2177,2249,2256,2162,2247,2129,2107,2150
2129: 2259,2138,2249,2256,2162,2247,1961,2155,2226,2235,2318,2205,2353,2238,2251,2131,2225,2154,2248,2219,2289,2250,2252,2288,2122,2169,2112,2142,2177,2107,2150,1994,2184,2185,2144,2160,2130,2163,2175,2062,2093,2183
2130: 2114,2144,2137,2160,2113,2134,2202,2143,2278,2122,2169,2112,2142,2177,2259,2138,2249,2256,2162,2247,2129,2135,1982,2163,2175,2176,2133,2062,2093,2121,2099,2080,2054,2037,2092,2049
2131: 2238,2251,2225,2154,2248,2309,2308,2016,2311,2330,2214,2218,2331,1961,2155,2226,2235,2205,2353,2219,2024,2289,2250,2252,2288,2177,2259,2138,2249,2256,2162,2247,2129,2107,2150,1994,2184,2185
2134: 2114,2144,2137,2160,2113,2130,2122,2169,2142,2138,2256,2162,2135,1982,2163,2175,2176,2133,2062,2093,2121,2099,2080,2054,2037,2092,2063,2049
2135: 2077,2147,1982,2120,2202,2143,2278,2122,2169,2112,2142,2177,2228,2227,2038,2229,2114,2144,2137,2160,2113,2134,2130,2121,2099,2080,2054
2258: 2181,2149,2127,2323,2107,2150,1994,2184,2185,2234,2110,2283,2159,2094,2337,2089,2276,2261,2345,2282,2339,2182,2064,2188,2186,2187,2183,2012,2272,2201,2280,2091,2140,2045,2204,2115,2076,2170,2090,2075
2137: 2114,2144,2160,2113,2134,2130,2202,2143,2122,2169,2142,2177,2135,2077,2147,1982,2163,2133,2062,2093,2121,2099,2080,2054,2037,2092
2138: 2259,2249,2256,2162,2247,2129,2235,2205,2251,2131,2225,2248,2289,2250,2252,2122,2169,2112,2177,2107,2150,1994,2184,2185,2144,2160,2134,2130,2163,2175,2176,2133,2062,2093,2182,2064,2188,2186,2187,2183,2012
2139: 2281,2132,2237,2279,2196,2094,2337,2089,2276,2261,2345,2282,2339,2275,2002,2193,2277,2191,2338,2195,2192,2272,2201,2280,2091,2140,2045,2204,2329,2197,2090,2075,2236,2043,2260,2199
2140: 2272,2201,2280,2091,2045,2204,2337,2089,2276,2261,2345,2339,2275,2191,2258,2181,2281,2132,2237,2279,2139,2196,2115,2076,2090,2075,2236,2043
2141: 2074,2090,2075,2236,2043,2260,2199,2145,2198,2086,2097,2042,2098,568,1985,2116
2142: 2122,2169,2112,2177,2190,2270,2180,2317,2316,1961,2155,2226,2235,2318,2205,2353,2225,2248,2202,2143,2278,2256,2162,2247,2129,2135,2077,2147,1982,2114,2144,2137,2160,2113,2134,2130,2163,2062,2093
2148: 1445,2224,1773,2350,410,2230,1530
2149: 2258,2181,2127,2323,2107,2150,1994,2184,2185,2234,2110,2283,2159,2337,2276,2261,2182,2064,2188,2186,2187,2183,2012,2272,2091,2045,2204,2102,2108,2115,2076,2170,2090,2075
2150: 2107,1994,2184,2185,2238,2251,2131,2225,2154,2248,2219,2024,2289,2250,2252,2288,2246,2300,2253,2216,2244,2312,2259,2138,2249,2256,2162,2247,2129,2234,2110,2283,2159,2163,2175,2062,2182,2064,2188,2186,2187,2183,2012,2258,2181,2149,2323
2151: 2335,2271,2195,2328,2332,2066,2329,2197,2260,2199,2145,2198,2125,2239,2354,2254
2152: 2157,915,2375,2376,2377,2222,2158,2352,2356,2355,2264,2365,2040,2364,2263,2265,2221,2322,2357,2309,2308,2016,2310,2368,2330,2218
2377: 853,1671,1700,2222,2352,2356,2152,2157,915,2375,2376,2264,2365,2040,2364,2263,2265
2154: 2238,2251,2131,2225,2248,2321,2341,2221,2156,2322,2314,2309,2308,2016,2310,2368,2311,2330,2214,2218,2331,1961,2155,2226,2235,2318,2205,2353,2219,2024,2289,2250,2252,2288,2177,2259,2249,2256,2162,2247,2129,2107,2150
2155: 1961,2226,2235,2318,2205,2353,2320,2055,2178,2313,2315,2321,2341,2221,2156,2319,2322,2314,2357,2309,2308,2016,2310,2368,2180,2317,2316,2238,2251,2131,2225,2154,2248,2202,2278,2122,2169,2112,2142,2177,2259,2249,2256,2162,2247,2129
2156: 2321,2341,2221,2319,2322,2314,2357,2179,2222,2158,2352,2356,2355,2157,2307,2320,2305,2055,2178,2313,2315,2309,2308,2016,2310,2368,2190,2180,2317,2316,1961,2155,2226,2235,2318,2205,2353,2238,2251,2225,2154,2248
2157: 2152,915,2375,2376,2377,1671,1700,2222,2158,2352,2356,2355,2264,2365,2040,2364,2263,2333,2265,2321,2341,2221,2156,2319,2322,2314,2357,2309,2308,2016,2310,2368,2311,2330,2214,2218,2267,2331
2158: 2222,2352,2356,2355,2179,2152,2157,2375,2376,2307,2320,2305,2055,2178,2313,2315,2321,2341,2221,2156,2319,2322,2314,2357,2308,2310,2368
2159: 2234,2110,2283,2219,2289,2250,2252,2288,2246,2300,2253,2216,2244,2312,2347,2107,2150,1994,2184,2185,2337,2276,2261,2282,2182,2064,2188,2186,2187,2183,2012,2258,2181,2149,2127,2323,2272
2160: 2114,2144,2137,2113,2134,2130,2143,2122,2169,2112,2142,2177,2259,2138,2249,2256,2162,2247,2129,2135,2147,1982,2163,2175,2176,2133,2062,2093,2121,2099,2080,2054,2037,2092,2063,2049
2161: 2088,2370,2260,2199,2145,2198,2125,2239,2354,2254,2097,2042,2098,2173,2358,2206,1985,2116,2117
2164: 2104,2211,2213,2207,2210,2232,2103,2031,1976,2227,2038,2229,2087,2050,2096
2165: 2349,2343,2212,2287,2031,1976,1936,1967,2203,2035,583,2290,2087,2050,2096
2166: 2233,2231,2348,2359,2298,2168,2303,1989,2306,2301,2302,2360,2209,2366,2367,2346,2105,2167,2304,1997,2211,2213,2207,2208,2210,2120,2232,2103
2167: 2367,2346,2105,2304,2298,2168,2303,1989,2306,2301,2302,2307,2320,2305,2055,2178,2313,2315,2233,2231,2348,2166,2359,2190,2270,2180,2317,2316,2208,2210,2120,2232,2103,2202,2143,2278
2168: 2298,2303,1989,2306,2301,2302,2360,2209,2366,2233,2231,2348,2166,2359,2367,2346,2105,2167,2304
2169: 2122,2112,2142,2177,2190,2270,2180,2317,2316,1961,2155,2235,2318,2205,2353,2225,2248,2202,2143,2278,2259,2138,2249,2256,2162,2247,2129,2135,2077,2147,1982,2114,2144,2137,2160,2113,2134,2130,2163,2175,2176,2133,2062,2093
2170: 2115,2076,2182,2064,2188,2186,2187,2183,2012,2258,2181,2149,2127,2323,2272,2091,2045,2204,2102,2108,2090,2075,2047
2171: 1947,916,506
2221: 2321,2341,2156,2319,2322,2314,2357,2179,2222,2158,2352,2356,2355,2152,2157,915,2375,2376,2307,2320,2055,2178,2313,2315,2309,2308,2016,2310,2368,2316,1961,2155,2226,2235,2318,2205,2353,2238,2251,2225,2154,2248
2173: 2358,2125,2239,2088,2161,2370,434
2174: 2286,2123,1689,1817,1790,2285
2175: 2163,2176,2133,2062,2093,2122,2169,2177,2259,2138,2249,2256,2162,2247,2129,2107,2150,1994,2184,2185,2144,2160,2113,2134,2130,2182,2064,2188,2186,2187,2183,2012,2037,2092,2063,2049,2102,2108
2176: 2163,2175,2133,2062,2093,2122,2169,2177,2259,2138,2249,2256,2162,2107,1994,2184,2185,2144,2160,2113,2134,2130,2182,2064,2188,2186,2187,2183,2012,2037,2092,2063,2049,2102,2108
2177: 2122,2169,2112,2142,2190,2270,2180,2317,2316,1961,2155,2226,2235,2318,2205,2353,2238,2251,2131,2225,2154,2248,2202,2143,2278,2259,2138,2249,2256,2162,2247,2129,2135,1982,2144,2137,2160,2113,2130,2163,2175,2176,2133,2062,2093
2178: 2307,2320,2305,2055,2313,2315,2179,2222,2158,2352,2356,2355,2303,1989,2306,2301,2302,2321,2341,2221,2156,2319,2322,2314,2357,2367,2167,2304,2190,2270,2180,2317,2316,1961,2155,2226,2235,2318,2205,2353
2179: 2222,2158,2352,2356,2355,2303,1989,2306,2301,2302,2307,2320,2305,2055,2178,2313,2315,2321,2341,2221,2156,2319,2322,2314,2357
2180: 2190,2270,2317,2316,2303,1989,2306,2301,2302,2307,2320,2305,2055,2178,2313,2315,2321,2341,2156,2319,2322,2314,2357,2367,2105,2167,2304,1961,2155,2226,2235,2318,2205,2353,2120,2202,2143,2278,2122,2169,2112,2142,2177
2181: 2258,2149,2127,2323,2107,2150,1994,2184,2234,2110,2283,2159,2342,2094,2337,2089,2276,2261,2345,2282,2339,2182,2188,2186,2187,2183,2012,2272,2201,2280,2091,2140,2045,2204,2115,2076,2170,2090,2075
2182: 2064,2188,2186,2187,2183,2012,2259,2138,2249,2256,2162,2247,2107,2150,1994,2184,2185,2234,2110,2283,2159,2163,2175,2176,2133,2062,2258,2181,2149,2127,2323,2049,2102,2108,2115,2076,2170
2183: 2182,2064,2188,2186,2187,2012,2259,2138,2249,2256,2162,2247,2129,2107,2150,1994,2184,2185,2234,2283,2159,2163,2175,2176,2133,2062,2093,2258,2181,2149,2127,2323,2049,2102,2108,2170
2184: 2107,2150,1994,2185,2251,2131,2225,2248,2219,2289,2250,2252,2288,2300,2253,2216,2312,2259,2138,2249,2256,2162,2247,2129,2234,2110,2283,2159,2163,2175,2176,2133,2062,2182,2064,2188,2186,2187,2183,2012,2258,2181,2149,2127,2323
2185: 2107,2150,1994,2184,2251,2131,2225,2248,2219,2289,2250,2252,2288,2312,2259,2138,2249,2256,2162,2247,2129,2234,2283,2159,2163,2175,2176,2133,2062,2093,2182,2064,2188,2186,2187,2183,2012,2258,2149,2127,2323
2186: 2182,2064,2188,2187,2183,2012,2259,2138,2249,2256,2162,2107,2150,1994,2184,2185,2234,2283,2159,2163,2175,2176,2133,2062,2093,2258,2181,2149,2127,2323,2063,2049,2102,2108,2115,2076,2170
2187: 2182,2064,2188,2186,2183,2012,2259,2138,2249,2107,2150,1994,2184,2185,2234,2110,2283,2159,2163,2175,2176,2062,2258,2181,2149,2127,2323,2049,2108,2115,2076,2170
2188: 2182,2064,2186,2187,2183,2012,2259,2138,2162,2107,2150,1994,2184,2185,2234,2283,2159,2163,2175,2176,2133,2062,2093,2258,2181,2149,2127,2323,2092,2063,2049,2102,2108,2115,2076,2170
2189: 2255,2072,2223,2087,2050
2191: 2275,2002,2193,2277,2338,2245,490,2242,2340,2327,2094,2089,2276,2345,2339,2195,2192,2328,2201,2280,2091,2140,2281,2132,2237,2279,2139,2196,2329,2197
2192: 2195,2328,490,2242,2340,540,2327,2275,2002,2193,2277,2191,2338,2332,2066,2281,2279,2139,2196,2329,2197,2335,2271
2193: 2275,2002,2277,2191,2338,2245,2240,2344,490,2242,2340,2327,2094,2089,2276,2345,2282,2339,2195,2192,2328,2280,2091,2281,2132,2237,2279,2139,2196,2329,2197
2344: 2347,2245,2044,2240,2241,2215,2217,2243,2325,2351,2362,2297,2295,2324,2291,2046,2372,2293,2296,2246,2300,2253,2216,2244,490,2242,2340,2110,2094,2337,2089,2276,2261,2345,2282,2339,2275,2193,2277,2338
2195: 2192,2328,490,2340,2327,2275,2002,2193,2277,2191,2338,2332,2066,2281,2132,2237,2279,2139,2196,2329,2197,2335,2271,2151
2196: 2281,2132,2237,2279,2139,2094,2089,2276,2345,2339,2275,2002,2193,2277,2191,2338,2195,2192,2328,2201,2280,2091,2140,2329,2197,2043,2260,2199,2145,2198
2197: 2329,2275,2002,2193,2277,2191,2195,2192,2328,2332,2066,2281,2132,2237,2279,2139,2196,2335,2271,2151,2260,2199,2145,2198,2354,2254
2198: 2260,2199,2145,2281,2132,2237,2279,2196,2329,2197,2335,2271,2151,2043,2125,2239,2354,2254,2141,2074,2097,2042,2098,2161
2199: 2260,2145,2198,2281,2132,2237,2279,2139,2196,2329,2197,2335,2271,2151,2043,2125,2239,2354,2254,2141,2074,2097,2161
2343: 2212,2360,2366,1997,2287,2211,2213,2207,2349,2165,2031,1976
2203: 1936,1967,2349,2165,2035,583,2290
2204: 2272,2201,2280,2091,2140,2045,2234,2337,2276,2261,2345,2258,2181,2149,2127,2323,2281,2132,2237,2279,2139,2115,2076,2170,2090,2075,2236,2043
2205: 1961,2155,2226,2235,2318,2353,2307,2055,2178,2313,2315,2321,2341,2221,2156,2319,2322,2314,2190,2270,2180,2317,2316,2238,2251,2131,2225,2154,2248,2202,2143,2278,2122,2169,2112,2142,2177,2259,2138,2249,2256,2162,2247,2129
2206: 1985,2116,2117,2097,2042,2098,2088,2161,2370,568,434,580
2207: 1997,2287,2211,2213,2360,2209,2366,2233,2231,2348,2166,2359,2343,2212,2208,2210,2349,2031,1976,2164,2104
2208: 2210,2360,2209,2366,2233,2231,2348,2166,2359,2367,2346,2105,2167,2304,1997,2287,2211,2213,2207,2120,2232,2103,2031,1976
2209: 2360,2366,2298,2168,2233,2231,2348,2166,2359,1997,2287,2211,2213,2207,2208,2210
2210: 2208,2360,2209,2366,2233,2231,2348,2166,2359,2367,2346,2105,2167,1997,2287,2211,2213,2207,2120,2232,2103,2031,1976,2164,2104,2228,2227,2038,2229
2211: 1997,2287,2213,2207,2360,2209,2366,2233,2231,2348,2166,2359,2343,2212,2208,2210,2349,2031,1976,2164,2104
2212: 2343,2360,2366,1997,2287,2211,2213,2207,2349,2165,2031,1976
2213: 1997,2287,2211,2207,2360,2209,2366,2233,2231,2348,2166,2359,2343,2212,2208,2210,2349,2031,1976,2164,2104
2214: 2311,2330,2218,2267,2331,2157,915,2264,2365,2040,2364,2263,2333,2265,2266,2334,2262,2309,2308,2016,2310,2368,2215,2299,2243,2325,2351,2362,2374,2238,2251,2131,2225,2154,2219,2024,2289,2250,2252,2288,2246,2300,2253,2216,2244,2312
2215: 2217,2299,2243,2325,2351,2362,2374,2264,2365,2040,2364,2263,2333,2265,2268,2266,2334,2363,2361,2262,2294,2373,2292,2311,2330,2214,2218,2267,2331,2297,2295,2324,2291,2046,2372,2293,2219,2024,2289,2288,2246,2300,2253,2216,2244,2312,2347,2245,2044,2240,2344,2241
2216: 2246,2300,2253,2244,2312,2311,2330,2214,2218,2267,2331,2215,2299,2243,2325,2351,2362,2374,2324,2293,2219,2024,2289,2250,2252,2288,2347,2245,2044,2240,2344,2241,2107,2150,2184,2234,2110,2283,2159,2261,2282
2217: 2215,2299,2243,2325,2351,2362,2374,2264,2040,2364,2263,2333,2268,2266,2334,2363,2361,2262,2294,2373,2292,2311,2330,2218,2267,2297,2295,2324,2291,2046,2372,2293,2024,2246,2300,2244,2044,2344,2241
2218: 2311,2330,2214,2267,2331,2152,2157,915,2375,2264,2365,2040,2364,2263,2333,2265,2268,2266,2334,2363,2361,2262,2309,2308,2016,2310,2368,2215,2217,2299,2243,2325,2351,2362,2374,2238,2131,2154,2219,2024,2289,2288,2300,2216,2312
2219: 2024,2289,2250,2252,2288,2309,2308,2016,2311,2330,2214,2218,2267,2331,2215,2299,2243,2325,2351,2238,2251,2131,2225,2154,2248,2246,2300,2253,2216,2244,2312,2259,2249,2247,2129,2107,2150,1994,2184,2185,2110,2283,2159
2353: 1961,2155,2226,2235,2318,2205,2307,2320,2055,2178,2313,2315,2321,2341,2221,2156,2319,2322,2314,2357,2308,2190,2270,2180,2317,2316,2238,2251,2131,2225,2154,2248,2202,2278,2122,2169,2112,2142,2177,2249,2256,2162,2247,2129
2223: 2255,2072,2189,2035,583,2290,2087,2050,2096
2224: 2146,1337,2336,2274,2070,1773,2350,2148,1445,410
2225: 2238,2251,2131,2154,2248,2321,2341,2221,2156,2322,2314,2309,2308,2016,2310,2368,2311,2330,2214,2331,1961,2155,2226,2235,2318,2205,2353,2219,2024,2289,2250,2252,2288,2122,2169,2112,2142,2177,2259,2138,2249,2256,2162,2247,2129,2107,2150,2184,2185
2226: 1961,2155,2235,2318,2205,2353,2320,2055,2178,2313,2315,2321,2341,2221,2156,2319,2322,2314,2357,2309,2308,2016,2310,2368,2180,2317,2316,2238,2251,2131,2225,2154,2248,2202,2278,2122,2112,2142,2177,2249,2256,2162,2247,2129
2227: 2228,2038,2229,2210,2120,2232,2103,2202,2143,2164,2104,2135,2077,2147,1982,2121,2099
2228: 2227,2038,2229,2210,2120,2232,2103,2202,2143,2278,2135,2077,2147,1982,2121,2099
2229: 2228,2227,2038,2210,2120,2232,2103,2143,2164,2104,2135,2077,2147,1982,2121
2230: 926,1773,2350,2148,1445,2326,1530,2071
2231: 2233,2348,2166,2359,2298,2168,2303,1989,2301,2302,2360,2209,2366,2367,2346,2105,2167,2304,1997,2211,2213,2207,2208,2210,2120,2232,2103
2235: 1961,2155,2226,2318,2205,2353,2178,2313,2315,2321,2341,2221,2156,2319,2322,2314,2308,2190,2270,2180,2317,2316,2238,2251,2131,2225,2154,2248,2202,2278,2122,2169,2112,2142,2177,2259,2138,2249,2256,2162,2247,2129
2236: 2090,2075,2272,2201,2280,2091,2140,2045,2204,2281,2132,2237,2279,2139,2115,2043,2086,2141,2074
2237: 2281,2132,2279,2139,2196,2089,2276,2345,2275,2002,2193,2277,2191,2195,2272,2201,2280,2091,2140,2045,2204,2329,2197,2090,2075,2236,2043,2260,2199,2145,2198
2239: 2125,2354,2254,2335,2271,2151,2260,2199,2145,2198,2097,2088,2161,2370,2173,2358
2240: 2347,2245,2044,2344,2241,2215,2243,2325,2351,2297,2295,2324,2291,2046,2293,2296,2246,2300,2253,2216,2244,2312,490,2242,2340,2234,2110,2283,2094,2337,2089,2276,2261,2345,2282,2339,2275,2193,2277,2338
2241: 2347,2245,2044,2240,2344,2215,2217,2299,2243,2325,2351,2362,2374,2297,2295,2324,2291,2046,2372,2293,2296,2246,2300,2253,2216,2244,2312,490,2242,2340,2110,2094,2282,2339,2275,2277,2338
2242: 490,2340,2297,2295,2324,2291,2046,2372,2293,2296,2347,2245,2044,2240,2344,2241,2327,2094,2089,2276,2261,2345,2282,2339,2275,2002,2193,2277,2191,2338,2192
2243: 2215,2217,2299,2325,2351,2362,2374,2264,2040,2333,2268,2266,2334,2363,2361,2262,2294,2373,2292,2311,2330,2214,2218,2267,2331,2297,2295,2324,2291,2046,2372,2293,2219,2024,2288,2246,2300,2253,2216,2244,2312,2347,2245,2044,2240,2344,2241
2244: 2246,2300,2253,2216,2312,2311,2214,2267,2215,2217,2299,2243,2325,2351,2362,2374,2297,2295,2324,2291,2046,2372,2293,2219,2024,2288,2347,2245,2044,2240,2344,2241,2107,2150,2234,2110,2283,2159,2094,2337,2089,2276,2261,2282,2339
2245: 2347,2044,2240,2344,2241,2215,2243,2325,2351,2297,2295,2324,2291,2046,2372,2293,2296,2246,2300,2253,2216,2244,2312,490,2242,2340,2234,2110,2283,2342,2094,2337,2089,2276,2261,2345,2282,2339,2275,2002,2193,2277,2191,2338
2246: 2300,2253,2216,2244,2312,2311,2214,2267,2331,2215,2217,2299,2243,2325,2351,2362,2374,2297,2295,2324,2291,2046,2372,2293,2219,2024,2289,2252,2288,2347,2245,2044,2240,2344,2241,2107,2150,2234,2110,2283,2159,2094,2337,2089,2276,2261,2282,2339
2247: 2259,2138,2249,2256,2162,2129,1961,2155,2226,2235,2318,2205,2353,2238,2251,2131,2225,2154,2248,2219,2289,2250,2252,2288,2122,2169,2112,2142,2177,2107,2150,1994,2184,2185,2160,2130,2163,2175,2062,2093,2182,2064,2183
2248: 2238,2251,2131,2225,2154,2341,2221,2156,2314,2308,1961,2155,2226,2235,2318,2205,2353,2219,2289,2250,2252,2122,2169,2112,2142,2177,2259,2138,2249,2256,2162,2247,2129,2107,2150,1994,2184,2185
2249: 2259,2138,2256,2162,2247,2129,1961,2155,2226,2235,2205,2353,2238,2251,2131,2225,2154,2248,2219,2289,2250,2252,2288,2122,2169,2112,2177,2107,2150,1994,2184,2185,2160,2130,2163,2175,2176,2062,2093,2182,2064,2186,2187,2183
2250: 2219,2024,2289,2252,2288,2309,2308,2016,2311,2330,2214,2331,2238,2251,2131,2225,2154,2248,2300,2253,2216,2312,2259,2138,2249,2256,2162,2247,2129,2107,2150,1994,2184,2185,2283,2159
2251: 2238,2131,2225,2154,2248,2341,2221,2156,2309,2308,2016,2311,2330,2214,2331,1961,2155,2226,2235,2205,2353,2219,2024,2289,2250,2252,2288,2122,2112,2177,2259,2138,2249,2256,2162,2247,2129,2107,2150,1994,2184,2185
2252: 2219,2024,2289,2250,2288,2311,2214,2331,2351,2238,2251,2131,2225,2154,2248,2246,2300,2253,2216,2312,2259,2138,2249,2256,2162,2247,2129,2107,2150,1994,2184,2185,2234,2283,2159
2253: 2246,2300,2216,2244,2312,2311,2214,2331,2215,2243,2325,2351,2324,2219,2024,2289,2250,2252,2288,2347,2245,2044,2240,2344,2241,2107,2150,1994,2184,2234,2110,2283,2159,2094,2337,2276,2261,2282,2339
2254: 2125,2239,2354,2329,2197,2335,2271,2151,2260,2199,2145,2198,2097,2161,2370
2256: 2259,2138,2249,2162,2247,2129,1961,2155,2226,2235,2318,2205,2353,2238,2251,2131,2225,2154,2248,2289,2250,2252,2122,2169,2112,2142,2177,2107,2150,1994,2184,2185,2144,2160,2113,2134,2130,2163,2175,2176,2133,2062,2093,2182,2064,2186,2183
2257: 2371,2069,2369,1689,1817
2259: 2138,2249,2256,2162,2247,2129,2155,2235,2205,2251,2131,2225,2154,2248,2219,2289,2250,2252,2288,2122,2169,2112,2177,2107,2150,1994,2184,2185,2144,2160,2130,2163,2175,2176,2133,2062,2093,2182,2064,2188,2186,2187,2183,2012
2260: 2199,2145,2198,2281,2132,2237,2279,2139,2196,2329,2197,2335,2271,2151,2043,2125,2239,2354,2254,2141,2074,2097,2161
2262: 2268,2266,2334,2363,2361,1671,1700,1701,2264,2365,2040,2364,2263,2333,2265,2294,2373,2292,2311,2330,2214,2218,2267,2331,2215,2217,2299,2243,2325,2351,2362,2374,2046,2372,2293
2263: 2264,2365,2040,2364,2333,2265,2377,1671,1700,2152,2157,915,2375,2376,2268,2266,2334,2363,2361,2262,2309,2308,2016,2310,2368,2311,2330,2214,2218,2267,2331,2215,2217,2299,2351,2362,2374
2264: 2365,2040,2364,2263,2333,2265,2377,1671,1700,1701,2152,2157,915,2375,2376,2268,2266,2334,2363,2361,2262,2309,2308,2016,2310,2368,2311,2330,2214,2218,2267,2331,2215,2217,2299,2243,2362,2374
2265: 2264,2365,2040,2364,2263,2333,2377,1671,2152,2157,915,2375,2376,2268,2266,2334,2262,2309,2308,2016,2310,2368,2311,2330,2214,2218,2267,2331,2215,2299,2351,2374
2266: 2268,2334,2363,2361,2262,1671,1700,1701,2264,2365,2040,2364,2263,2333,2265,2294,2373,2292,2311,2330,2214,2218,2267,2331,2215,2217,2299,2243,2325,2351,2362,2374,2324,2291,2046,2372,2293
2267: 2311,2330,2214,2218,2331,2157,915,2264,2365,2040,2364,2263,2333,2265,2268,2266,2334,2363,2361,2262,2309,2308,2016,2215,2217,2299,2243,2325,2351,2362,2374,2238,2219,2024,2289,2288,2246,2300,2216,2244
2268: 2266,2334,2363,2361,2262,1671,1700,1701,2264,2365,2040,2364,2263,2333,2265,2294,2373,2292,2311,2330,2218,2267,2215,2217,2299,2243,2325,2351,2362,2374,2295,2324,2291,2046,2372,2293
2307: 2320,2305,2055,2178,2313,2315,2179,2222,2158,2352,2356,2355,2303,1989,2306,2301,2302,2321,2341,2221,2156,2319,2322,2314,2357,2367,2105,2167,2304,2190,2270,2180,2317,2316,1961,2318,2205,2353
2270: 2190,2180,2317,2316,2303,1989,2306,2301,2302,2307,2305,2178,2313,2315,2314,2367,2346,2105,2167,2304,1961,2235,2318,2205,2353,2120,2232,2103,2202,2143,2278,2122,2169,2112,2142,2177
2271: 2335,2151,2195,2192,2328,2332,2066,2329,2197,2260,2199,2145,2198,2125,2239,2354,2254
2272: 2201,2280,2091,2140,2045,2204,2234,2110,2159,2342,2094,2337,2089,2276,2261,2345,2282,2339,2275,2277,2338,2258,2181,2149,2127,2323,2281,2132,2237,2279,2139,2115,2076,2170,2090,2075,2236,2043
2368: 2309,2308,2016,2310,2222,2158,2352,2356,2355,2152,2157,915,2375,2376,2264,2365,2040,2364,2263,2265,2321,2341,2221,2156,2319,2322,2314,2357,2330,2214,2218,2331,2155,2226,2238,2225,2154
2274: 2146,911,1337,2336,2070,1690,2224
2275: 2002,2193,2277,2191,2338,2347,2245,2044,2240,2344,2241,490,2242,2340,2327,2094,2337,2089,2276,2261,2345,2282,2339,2195,2192,2328,2272,2201,2280,2091,2140,2281,2132,2237,2279,2139,2196,2329,2197
2276: 2342,2094,2337,2089,2261,2345,2282,2339,2246,2253,2244,2347,2245,2044,2240,2344,490,2242,2340,2234,2110,2283,2159,2275,2002,2193,2277,2191,2338,2258,2181,2149,2323,2272,2201,2280,2091,2140,2045,2204,2281,2132,2237,2279,2139,2196
2277: 2275,2002,2193,2191,2338,2347,2245,2044,2240,2344,2241,490,2242,2340,2327,2094,2337,2089,2276,2261,2345,2282,2339,2195,2192,2328,2272,2201,2280,2091,2281,2132,2237,2279,2139,2196,2329,2197
2278: 2202,2143,2367,2105,2167,2304,2190,2270,2180,2317,2316,1961,2155,2226,2235,2318,2205,2353,2120,2232,2122,2169,2112,2142,2177,2228,2038,2135,2147,1982,2144,2130
2279: 2281,2132,2237,2139,2196,2094,2337,2089,2276,2261,2345,2282,2339,2275,2002,2193,2277,2191,2338,2195,2192,2328,2272,2201,2280,2091,2140,2045,2204,2329,2197,2236,2043,2260,2199,2198
2280: 2272,2201,2091,2140,2045,2204,2234,2110,2094,2337,2089,2276,2261,2345,2282,2339,2275,2002,2193,2277,2191,2338,2258,2181,2323,2281,2132,2237,2279,2139,2196,2090,2075,2236,2043
2282: 2342,2094,2337,2089,2276,2261,2345,2339,2246,2300,2253,2216,2244,2312,2347,2245,2044,2240,2344,2241,490,2242,2340,2234,2110,2283,2159,2275,2002,2193,2277,2338,2258,2181,2323,2272,2280,2091,2281,2279,2139
2283: 2234,2110,2159,2219,2024,2289,2250,2252,2288,2246,2300,2253,2216,2244,2312,2347,2245,2044,2240,2107,2150,1994,2184,2185,2094,2337,2276,2261,2282,2339,2182,2188,2186,2187,2183,2258,2181,2149,2323
2345: 2342,2094,2337,2089,2276,2261,2282,2339,2347,2245,2044,2240,2344,490,2242,2340,2234,2110,2275,2002,2193,2277,2191,2338,2258,2181,2272,2201,2280,2091,2140,2045,2204,2281,2132,2237,2279,2139,2196
2285: 1790,2174,2286,2123
2286: 2174,2123,1790,2285
2287: 1997,2211,2213,2207,2360,2209,2366,2233,2348,2359,2343,2212,2208,2210,2349,2165,2031,1976
2288: 2219,2024,2289,2250,2252,2309,2308,2016,2311,2330,2214,2218,2267,2331,2215,2299,2243,2325,2351,2238,2251,2131,2225,2154,2246,2300,2253,2216,2244,2312,2259,2249,2247,2129,2107,2150,1994,2184,2185,2234,2110,2283,2159
2290: 2035,583,2349,2165,2031,1976,1936,1967,2203,2087,2050,2096,2072,2223
2291: 2297,2295,2324,2046,2372,2293,2268,2266,2334,2363,2361,2294,2373,2292,2215,2217,2299,2243,2325,2351,2362,2374,2296,2246,2244,2347,2245,2044,2240,2344,2241,490,2242,2340
2292: 2294,2373,2268,2266,2334,2363,2361,2262,2215,2217,2299,2243,2325,2351,2362,2374,2297,2295,2324,2291,2046,2372,2293,2296
2293: 2297,2295,2324,2291,2046,2372,2268,2266,2334,2363,2361,2262,2294,2373,2292,2215,2217,2299,2243,2325,2351,2362,2374,2296,2246,2300,2216,2244,2347,2245,2044,2240,2344,2241,490,2242,2340
2294: 2373,2292,2268,2266,2334,2363,2361,2262,2215,2217,2299,2243,2325,2362,2374,2297,2295,2324,2291,2046,2372,2293,2296
2295: 2297,2324,2291,2046,2372,2293,2268,2334,2363,2361,2294,2373,2292,2215,2217,2299,2243,2325,2351,2362,2374,2296,2246,2244,2347,2245,2044,2240,2344,2241,490,2242,2340
2296: 2294,2373,2292,2297,2295,2324,2291,2046,2372,2293,2245,2044,2240,2344,2241,490,2242,2340
2297: 2295,2324,2291,2046,2372,2293,2334,2363,2361,2294,2373,2292,2215,2217,2299,2243,2325,2351,2362,2296,2246,2300,2244,2347,2245,2044,2240,2344,2241,490,2242,2340
2298: 2168,2303,1989,2306,2301,2302,2360,2209,2366,2233,2231,2348,2166,2359,2367,2346,2105,2167,2304
2299: 2215,2217,2243,2325,2351,2362,2374,2264,2365,2040,2364,2263,2333,2265,2268,2266,2334,2363,2361,2262,2294,2373,2292,2311,2330,2214,2218,2267,2331,2297,2295,2324,2291,2046,2372,2293,2219,2024,2288,2246,2300,2216,2244,2241
2300: 2246,2253,2216,2244,2312,2311,2330,2214,2218,2267,2331,2215,2217,2299,2243,2325,2351,2362,2374,2297,2324,2046,2293,2219,2024,2289,2250,2252,2288,2347,2245,2044,2240,2344,2241,2107,2150,2184,2234,2110,2283,2159,2094,2261,2282
2301: 2303,1989,2306,2302,2179,2298,2168,2307,2320,2305,2055,2178,2313,2315,2233,2231,2348,2166,2367,2346,2105,2167,2304,2190,2270,2180,2317,2316
2302: 2303,1989,2306,2301,2179,2298,2168,2307,2320,2305,2055,2178,2313,2315,2233,2231,2348,2166,2359,2367,2346,2105,2167,2304,2190,2270,2180,2317,2316
2303: 1989,2306,2301,2302,2179,2298,2168,2307,2320,2305,2055,2178,2313,2315,2233,2231,2348,2166,2359,2367,2346,2105,2167,2304,2190,2270,2180,2317,2316
2304: 2367,2346,2105,2167,2298,2168,2303,1989,2306,2301,2302,2307,2320,2305,2055,2178,2313,2315,2233,2231,2348,2166,2359,2190,2270,2180,2317,2316,2208,2120,2232,2103,2202,2278
2305: 2307,2320,2055,2178,2313,2315,2179,2222,2158,2356,2355,2303,1989,2306,2301,2302,2321,2341,2156,2319,2322,2314,2357,2367,2346,2105,2167,2304,2190,2270,2180,2317,2316,2318
2306: 2303,1989,2301,2302,2179,2298,2168,2307,2320,2305,2055,2178,2313,2315,2233,2166,2367,2105,2167,2304,2190,2270,2180,2317,2316
2308: 2309,2016,2310,2368,2222,2158,2352,2356,2355,2152,2157,915,2375,2376,2264,2365,2040,2364,2263,2333,2265,2321,2341,2221,2156,2319,2322,2314,2357,2311,2330,2214,2218,2267,2331,1961,2155,2226,2235,2353,2238,2251,2131,2225,2154,2248,2219,2024,2289,2250,2288
2309: 2308,2016,2310,2368,2222,2352,2152,2157,915,2375,2376,2264,2365,2040,2364,2263,2333,2265,2341,2221,2156,2322,2357,2311,2330,2214,2218,2267,2331,2155,2226,2238,2251,2131,2225,2154,2219,2024,2289,2250,2288
2310: 2309,2308,2016,2368,2222,2158,2352,2356,2355,2152,2157,915,2375,2376,2264,2365,2364,2263,2265,2321,2341,2221,2156,2319,2322,2314,2357,2330,2214,2218,2331,2155,2226,2238,2225,2154
2313: 2307,2320,2305,2055,2178,2315,2179,2222,2158,2352,2356,2355,2303,1989,2306,2301,2302,2321,2341,2221,2156,2319,2322,2314,2357,2367,2105,2167,2304,2190,2270,2180,2317,2316,1961,2155,2226,2235,2318,2205,2353
2314: 2321,2341,2221,2156,2319,2322,2357,2179,2222,2158,2352,2356,2355,2157,2307,2320,2305,2055,2178,2313,2315,2308,2310,2368,2190,2270,2180,2317,2316,1961,2155,2226,2235,2318,2205,2353,2238,2225,2154,2248
2315: 2307,2320,2305,2055,2178,2313,2179,2158,2356,2355,2303,1989,2306,2301,2302,2321,2341,2221,2156,2319,2322,2314,2357,2367,2105,2167,2304,2190,2270,2180,2317,2316,1961,2155,2226,2235,2318,2205,2353
2316: 2190,2270,2180,2317,2303,1989,2306,2301,2302,2307,2320,2305,2055,2178,2313,2315,2321,2341,2221,2156,2319,2322,2314,2357,2367,2105,2167,2304,1961,2155,2226,2235,2318,2205,2353,2120,2202,2143,2278,2122,2169,2112,2142,2177
2317: 2190,2270,2180,2316,2303,1989,2306,2301,2302,2307,2320,2305,2055,2178,2313,2315,2321,2341,2156,2319,2314,2367,2105,2167,2304,1961,2155,2226,2235,2318,2205,2353,2120,2202,2143,2278,2122,2169,2112,2142,2177
2318: 1961,2155,2226,2235,2205,2353,2307,2320,2305,2055,2178,2313,2315,2321,2341,2221,2156,2319,2322,2314,2357,2190,2270,2180,2317,2316,2238,2225,2154,2248,2202,2143,2278,2122,2169,2112,2142,2177,2256,2162,2247,2129
2319: 2321,2341,2221,2156,2322,2314,2357,2179,2222,2158,2352,2356,2355,2157,2376,2307,2320,2305,2055,2178,2313,2315,2308,2310,2368,2190,2180,2317,2316,1961,2155,2226,2235,2318,2205,2353
2320: 2307,2305,2055,2178,2313,2315,2179,2222,2158,2352,2356,2355,2303,1989,2306,2301,2302,2321,2341,2221,2156,2319,2322,2314,2357,2367,2167,2304,2190,2180,2317,2316,1961,2155,2226,2318,2353
2322: 2321,2341,2221,2156,2319,2314,2357,2179,2222,2158,2352,2356,2355,2152,2157,915,2375,2376,2307,2320,2305,2055,2178,2313,2315,2309,2308,2016,2310,2368,2180,2316,1961,2155,2226,2235,2318,2205,2353,2238,2225,2154
2323: 2258,2181,2149,2127,2107,2150,1994,2184,2185,2234,2110,2283,2159,2094,2337,2276,2261,2282,2339,2182,2064,2188,2186,2187,2183,2012,2272,2280,2091,2045,2204,2115,2076,2170
2324: 2297,2295,2291,2046,2372,2293,2268,2266,2334,2363,2361,2294,2373,2292,2215,2217,2299,2243,2325,2351,2362,2374,2296,2246,2300,2253,2216,2244,2347,2245,2044,2240,2344,2241,490,2242,2340
2325: 2215,2217,2299,2243,2351,2362,2374,2040,2333,2268,2266,2334,2363,2361,2262,2294,2373,2292,2311,2330,2214,2218,2267,2331,2297,2295,2324,2291,2046,2372,2293,2219,2024,2288,2246,2300,2253,2216,2244,2312,2347,2245,2044,2240,2344,2241
2326: 1530,1773,2350,1445,926,2230,918,2071
2327: 540,490,2242,2340,2275,2002,2193,2277,2191,2338,2195,2192,2328,2332,2066
2328: 2195,2192,490,2340,2327,2275,2002,2193,2277,2191,2338,2332,2066,2281,2132,2279,2196,2329,2197,2335,2271,2151
2329: 2197,2275,2002,2193,2277,2191,2195,2192,2328,2332,2066,2281,2132,2237,2279,2139,2196,2335,2271,2151,2260,2199,2198,2354,2254
2330: 2311,2214,2218,2267,2331,2152,2157,915,2375,2264,2365,2040,2364,2263,2333,2265,2268,2266,2334,2361,2262,2309,2308,2016,2310,2368,2215,2217,2299,2243,2325,2351,2362,2374,2238,2251,2131,2225,2154,2219,2024,2289,2250,2288,2300,2216
2331: 2311,2330,2214,2218,2267,2157,915,2264,2365,2040,2364,2263,2333,2265,2266,2334,2262,2309,2308,2016,2310,2368,2215,2299,2243,2325,2351,2362,2374,2238,2251,2131,2225,2154,2219,2024,2289,2250,2252,2288,2246,2300,2253,2216,2312
2332: 2066,2327,2195,2192,2328,2329,2197,2335,2271,2151
2333: 2264,2365,2040,2364,2263,2265,1671,2157,915,2268,2266,2334,2363,2361,2262,2309,2308,2016,2311,2330,2214,2218,2267,2331,2215,2217,2299,2243,2325,2351,2362,2374
2334: 2268,2266,2363,2361,2262,1671,1700,2264,2365,2040,2364,2263,2333,2265,2294,2373,2292,2311,2330,2214,2218,2267,2331,2215,2217,2299,2243,2325,2351,2362,2374,2297,2295,2324,2291,2046,2372,2293
2335: 2271,2151,2195,2192,2328,2332,2066,2329,2197,2260,2199,2198,2125,2239,2354,2254
2336: 2146,911,1337,2274,2070,1690,2069,2369,2224
2337: 2342,2094,2089,2276,2261,2345,2282,2339,2246,2253,2244,2312,2347,2245,2044,2240,2344,490,2340,2234,2110,2283,2159,2275,2277,2338,2258,2181,2149,2127,2323,2272,2201,2280,2091,2140,2045,2204,2281,2279,2139
2338: 2275,2002,2193,2277,2191,2347,2245,2044,2240,2344,2241,490,2242,2340,2327,2342,2094,2337,2089,2276,2261,2345,2282,2339,2195,2192,2328,2272,2280,2091,2281,2279,2139,2196
2339: 2342,2094,2337,2089,2276,2261,2345,2282,2246,2253,2244,2347,2245,2044,2240,2344,2241,490,2242,2340,2234,2110,2283,2275,2002,2193,2277,2191,2338,2258,2181,2323,2272,2201,2280,2091,2140,2281,2279,2139,2196
2340: 490,2242,2297,2295,2324,2291,2046,2293,2296,2347,2245,2044,2240,2344,2241,2327,2094,2337,2089,2276,2261,2345,2282,2339,2275,2002,2193,2277,2191,2338,2195,2192,2328
2341: 2321,2221,2156,2319,2322,2314,2357,2179,2222,2158,2352,2356,2355,2157,2307,2320,2305,2055,2178,2313,2315,2309,2308,2016,2310,2368,2180,2317,2316,1961,2155,2226,2235,2318,2205,2353,2238,2251,2225,2154,2248
2342: 2094,2337,2089,2276,2261,2345,2282,2339,2245,2234,2110,2338,2181,2272,2091
2348: 2233,2231,2166,2359,2298,2168,2303,1989,2301,2302,2360,2209,2366,2367,2346,2105,2167,2304,1997,2287,2211,2213,2207,2208,2210,2232,2103
2349: 2165,2343,2212,2287,2211,2213,2207,2031,1976,1936,1967,2203,2035,583,2290,2087,2050,2096
2350: 1773,2224,2148,1445,926,2230,2326,1530
2351: 2215,2217,2299,2243,2325,2362,2374,2365,2040,2364,2263,2333,2265,2268,2266,2334,2363,2361,2262,2292,2311,2330,2214,2218,2267,2331,2297,2295,2324,2291,2046,2372,2293,2219,2024,2289,2252,2288,2246,2300,2253,2216,2244,2312,2347,2245,2044,2240,2344,2241
2352: 2222,2158,2356,2355,2377,2179,2152,2157,915,2375,2376,2307,2320,2055,2178,2313,2321,2341,2221,2156,2319,2322,2314,2357,2309,2308,2016,2310,2368
2354: 2125,2239,2254,2329,2197,2335,2271,2151,2260,2199,2145,2198,2097,2161,2370
2355: 2222,2158,2352,2356,2179,2152,2157,915,2375,2376,2307,2320,2305,2055,2178,2313,2315,2321,2341,2221,2156,2319,2322,2314,2357,2308,2016,2310,2368
2356: 2222,2158,2352,2355,2377,2179,2152,2157,2375,2376,2307,2320,2305,2055,2178,2313,2315,2321,2341,2221,2156,2319,2322,2314,2357,2308,2310,2368
2357: 2321,2341,2221,2156,2319,2322,2314,2179,2222,2158,2352,2356,2355,2152,2157,915,2375,2376,2307,2320,2305,2055,2178,2313,2315,2309,2308,2016,2310,2368,2180,2316,1961,2155,2226,2318,2353,2238
2358: 2173,2125,2239,2088,2161,2370,434,580
2359: 2233,2231,2348,2166,2298,2168,2303,1989,2302,2360,2209,2366,2367,2346,2105,2167,2304,1997,2287,2211,2213,2207,2208,2210,2120,2232,2103
2360: 2209,2366,2298,2168,2233,2231,2348,2166,2359,2343,2212,1997,2287,2211,2213,2207,2208,2210
2361: 2268,2266,2334,2363,2262,2264,2040,2364,2263,2333,2294,2373,2292,2311,2330,2218,2267,2215,2217,2299,2243,2325,2351,2362,2374,2297,2295,2324,2291,2046,2372,2293
2362: 2215,2217,2299,2243,2325,2351,2374,2264,2040,2364,2263,2333,2268,2266,2334,2363,2361,2262,2294,2373,2292,2311,2330,2214,2218,2267,2331,2297,2295,2324,2291,2046,2372,2293,2024,2246,2300,2216,2244,2044,2344,2241
2363: 2268,2266,2334,2361,2262,2264,2040,2263,2333,2294,2373,2292,2218,2267,2215,2217,2299,2243,2325,2351,2362,2374,2297,2295,2324,2291,2046,2372,2293
2364: 2264,2365,2040,2263,2333,2265,2377,1671,1700,2152,2157,915,2375,2376,2268,2266,2334,2361,2262,2309,2308,2016,2310,2368,2311,2330,2214,2218,2267,2331,2215,2217,2299,2351,2362,2374
2365: 2264,2040,2364,2263,2333,2265,2377,1671,2152,2157,915,2375,2376,2268,2266,2334,2262,2309,2308,2016,2310,2368,2311,2330,2214,2218,2267,2331,2215,2299,2351,2374
2366: 2360,2209,2298,2168,2233,2231,2348,2166,2359,2343,2212,1997,2287,2211,2213,2207,2208,2210
2367: 2346,2105,2167,2304,2298,2168,2303,1989,2306,2301,2302,2307,2320,2305,2178,2313,2315,2233,2231,2348,2166,2359,2190,2270,2180,2317,2316,2208,2210,2120,2232,2103,2202,2143,2278
2369: 2069,2336,2070,2257,2371
2370: 2088,2161,2125,2239,2354,2254,2097,2173,2358,2206,2117
2371: 2257,2069,2369,1689,1817
2372: 2297,2295,2324,2291,2046,2293,2268,2266,2334,2363,2361,2262,2294,2373,2292,2215,2217,2299,2243,2325,2351,2362,2374,2296,2246,2244,2245,2044,2344,2241,490,2242
2373: 2294,2292,2268,2266,2334,2363,2361,2262,2215,2217,2299,2243,2325,2362,2374,2297,2295,2324,2291,2046,2372,2293,2296
2374: 2215,2217,2299,2243,2325,2351,2362,2264,2365,2040,2364,2263,2333,2265,2268,2266,2334,2363,2361,2262,2294,2373,2292,2311,2330,2214,2218,2267,2331,2295,2324,2291,2046,2372,2293,2024,2246,2300,2216,2244,2241
2375: 2152,2157,915,2376,2377,1671,1700,2222,2158,2352,2356,2355,2264,2365,2040,2364,2263,2265,2221,2322,2357,2309,2308,2016,2310,2368,2330,2218
2376: 2152,2157,915,2375,2377,2222,2158,2352,2356,2355,2264,2365,2040,2364,2263,2265,2321,2221,2319,2322,2357,2309,2308,2016,2310,2368