1267: 1272,1250,1275,1221,1273,1251,1252,74,1223,1271,1225,1265,1279,1268,1269,1270,1276,1266,1277,1220,1263,1224,1274,1254,1249,1253,1219,37,1243,1242,1206,1241,1255,1231
1: 1211,140,106,17,476,1210,21,1209,447,449,199
1261: 31,1256,1259,1257,1258,1260,1262,1276,1266,1247,1278,1277,1220,1263,1222,1245,22,1254,1249,1253,1240,1219,92,1235,1255,1231,1232,76
3: 168,61,6,83,74,103,86,1224,1274
4: 219,135,338,163,103,94,111,386,91
5: 30,1227,1202,35,1264,480,1229,1208,62,204,125
6: 83,26,82,64,1204,66,61,3,74,1223,1271,1225
1266: 1276,1247,1278,1277,1220,1263,1248,1244,78,1246,42,1223,1271,1225,1265,1279,1268,1269,1270,1222,1245,1267,1272,1250,1275,1273,1251,1252,1254,1249,1253,1240,1219,1256,1260,1261
1268: 1223,1271,1225,1265,1279,1269,1270,83,1248,1244,78,1246,74,1276,1266,1247,1278,1277,1220,1263,1274,1267,1272,1250,1275,1221,1273,1251,1252,1254,1249,1253,1240,1219
9: 384,12,98,46,216,66,95,173,1244,78,1246,42
1263: 1276,1266,1247,1278,1277,1220,1248,78,1246,42,1223,1271,1225,1265,1279,1268,1269,1270,1222,1245,1267,1272,1250,1275,1221,1273,1251,1252,1254,1249,1253,1240,1219,31,1256,1259,1257,1258,1260,1261,1262
11: 28,40,487,365,55,264,1218,1217,1216,47,1212,96,318,419,75,97,32,54,1215,1213
12: 98,46,463,93,193,384,216,66,9,95,173
1265: 1223,1271,1225,1279,1268,1269,1270,83,1248,1244,78,1246,74,1276,1266,1247,1278,1277,1220,1263,1224,1274,1267,1272,1250,1275,1221,1273,1251,1252,1254,1249,1253,1219
1264: 1202,35,381,209,1207,71,352,480,1208,62,5,30,1227
15: 433,447,449,199,416,164,232,48,457,220
1260: 31,1256,1259,1257,1258,1261,1262,1276,1266,1247,1278,1277,1220,1263,1222,1245,22,1254,1249,1253,1240,1219,92,1235,1255,1231,1232,76
17: 38,25,134,381,106,1211,1,1210,21,1209,1229,1208,1228,62
18: 59,1218,1217,1216,73,1212,1214,1226,85,84,54,58,1215,1213,124,129,355
1259: 31,1256,1257,1258,1260,1261,1262,1276,1247,1278,1220,1263,1222,1245,22,1254,1249,1253,1240,1219,92,1235,1255,1231,1232,76
20: 183,67,65,90,57,22,53
21: 1210,1209,106,17,1211,1,1229,1208,1228,62,449,199,204
22: 42,90,57,20,1222,1245,31,1256,1259,1257,1258,1260,1261,1262,92,379
1262: 31,1256,1259,1257,1258,1260,1261,1247,1220,1263,1222,1245,22,1254,1249,1253,1240,1219,92,1235,1255,1231,1232,76
24: 50,60,45,88,447,355,416,164,441,225
25: 38,1232,76,69,1238,99,134,140,106,17
26: 82,296,234,185,465,64,1204,168,61,6,83
27: 129,59,124,355,311,221,441
28: 11,40,487,365,55,264,1218,1217,1216,47,1212,96,318,419,75,97,32,1215,1213
29: 1203,199,204,125,232,48,482
30: 5,1227,1202,35,1264,480,1229,1208,62,204,125
31: 1256,1259,1257,1258,1260,1261,1262,1247,1220,1263,1222,1245,22,1254,1249,1253,1240,1219,92,1235,1255,1231,1232,76
32: 419,75,97,264,28,11,40,1218,1217,1216,47,73,1212,96,318,54,58,1215,1213,124
1269: 1223,1271,1225,1265,1279,1268,1270,83,1248,1244,78,1246,74,1276,1266,1247,1278,1277,1220,1263,1224,1274,1267,1272,1250,1275,1221,1273,1251,1252,1254,1249,1253,1240,1219
34: 347,39,36
35: 1202,1264,381,209,1207,71,352,480,1229,1208,62,5,30,1227
36: 347,34,39,52,43,130
37: 1243,86,1224,1274,1267,1272,1250,1275,1221,1273,1251,1252,413,1242,1206,1241,68,41,51,1230
38: 25,1232,76,69,1238,99,134,140,106,17
39: 488,347,34,65,36,52,43,130
40: 28,11,487,365,55,264,1218,1217,1216,47,73,1212,96,318,419,75,97,32,54,58,1215,1213
41: 51,413,37,1243,1206,1241,68,1230,55,1205,49
42: 9,95,173,183,78,1246,90,57,1276,1266,1247,1278,1277,1220,1263,1222,1245,22
43: 52,65,39,36,130,53,339
44: 179,80,317,463,234,185,384
45: 88,84,89,476,447,355,50,60,24,416,164
46: 12,98,463,93,384,216,66,9,95,173
47: 1218,1217,1216,73,1212,96,487,365,55,1205,28,11,40,1214,1226,85,419,75,32,54,58,1215,1213
48: 232,449,199,204,15,433,29,1203,220
49: 41,51,1230,72,1234,1236,1233,1237,1205,63,1239,1214,1226,85,84,89
50: 60,24,45,88,447,355,416,164,441,225,457
51: 41,413,37,1243,1242,1206,1241,68,1230,55,1205,49
52: 43,65,39,36,130,53,339
53: 20,52,43,379,251,182,245
54: 58,1215,1213,11,40,1218,1217,1216,47,73,1212,96,1214,1226,85,419,75,97,32,18,124,129
55: 68,41,51,487,365,1205,28,11,40,1218,1217,1216,47,73,1212,96,1214,1226,85
1271: 1223,1225,1265,1279,1268,1269,1270,6,83,1248,1244,78,1246,74,1276,1266,1278,1277,1220,1263,1224,1274,1267,1272,1250,1275,1221,1273,1251,1252,1254,1249,1253,1219
57: 90,95,173,183,67,42,20,1222,1245,22
58: 54,1215,1213,40,1218,1217,1216,47,73,1212,96,1214,1226,85,419,75,97,32,18,59,124,129
59: 18,73,1214,1226,85,84,58,1215,124,27,129,355
60: 50,24,45,88,447,355,416,164,441,225,457
61: 465,26,82,64,1204,168,6,83,3,74
62: 1229,1208,1228,17,1202,35,1264,1210,21,1209,5,30,1227,199,204,125
63: 1239,1230,72,1234,1236,1233,1237,1238,99,49,140,84,89,476
64: 1204,234,185,384,26,82,66,61,6,83
65: 301,87,488,347,67,39,20,52,43
66: 185,384,12,98,46,64,1204,9,6,83,1248,1244,78,1246
67: 145,301,87,488,183,65,90,57,20
68: 91,413,37,1243,41,51,487,365,55,1205
69: 92,379,251,182,76,126,38,25,134,381
1272: 1267,1250,1275,1221,1273,1251,1252,74,1223,1271,1225,1265,1279,1268,1269,1270,1276,1266,1247,1278,1277,1220,1263,1224,1274,1254,1249,1253,1240,1219,37,1243,1242,1206,1241,1255,1231
71: 352,250,255,209,1207,1202,35,1264,480
72: 1234,1236,1233,1237,1242,1206,1241,1235,1255,1231,1232,1230,1238,99,49,63,1239,140
73: 1218,1217,1216,47,1212,96,487,365,55,1205,40,1214,1226,85,419,97,32,54,58,1215,1213,18,59
74: 61,6,83,1248,1244,3,1223,1271,1225,1265,1279,1268,1269,1270,86,1224,1274,1267,1272,1250,1275,1221,1273,1251,1252
75: 419,97,32,264,28,11,40,1217,1216,47,1212,96,318,54,58,1215,1213,124
76: 31,1256,1259,1257,1258,1260,1261,1262,92,379,1232,69,1238,99,38,25,134
77: 151,369,296
78: 1246,66,9,95,173,1248,1244,42,1223,1271,1225,1265,1279,1268,1269,1270,1276,1266,1247,1278,1277,1220,1263,1222,1245
79: 229,163,94,111,115
80: 116,179,484,44,463
81: 441,225,457,290
82: 26,296,234,185,465,64,1204,168,61,6,83
83: 6,26,82,64,1204,66,61,1248,1244,3,74,1223,1271,1225,1265,1279,1268,1269,1270
84: 1205,49,63,1239,1214,1226,85,89,18,59,45,88
85: 1214,1226,55,1205,49,1218,1217,1216,47,73,1212,96,84,54,58,1215,1213,18,59
86: 3,74,103,1224,1274,91,413,37,1243
87: 301,308,288,145,488,183,67,65
88: 45,84,89,476,447,355,50,60,24,416,164
89: 49,63,1239,140,84,476,45,88,447
90: 57,95,173,183,67,42,20,1222,1245,22
91: 219,4,103,86,386,413,358,68
92: 1222,1245,22,31,1256,1259,1257,1258,1260,1261,1262,379,1232,76,69
93: 484,463,193,384,12,98,46,216
94: 111,163,219,4,229,79,386,115,358
95: 173,12,98,46,216,145,9,183,78,1246,42,90,57
96: 1218,1217,1216,47,73,1212,487,365,55,28,11,40,1214,1226,85,419,75,97,32,54,58,1215,1213
97: 419,75,32,264,28,11,40,1218,1217,1216,73,1212,96,318,54,58,1215,1213,124
98: 12,46,463,93,193,384,216,66,9,95,173
99: 1238,1235,1255,1231,1232,76,72,1234,1236,1233,1237,38,25,63,1239,140,106
1168: 610
1166: 839
1164: 877,929,941,831,590
103: 338,3,219,4,86,386,91,413
104: 107,446,244,264,318
105: 263,420,189,143
106: 1238,99,38,25,134,140,17,476,1211,1,1210,21,1209
107: 115,446,244,104
108: 362,387,227,349
109: 252,421,372,210,137
1155: 1037
111: 94,163,219,4,229,79,386,115,358
112: 132
113: 258,147,189,443,454,276
114: 315,272,478
115: 229,79,94,111,386,358,107,446,244
116: 80,484
1003: 852
1238: 99,1235,1255,1231,1232,76,72,1234,1236,1233,1237,38,25,63,1239,140,106
119: 189
120: 396,431,354,269
1127: 1120,854,894,958
122: 324,477,293,316
1209: 1210,21,106,17,1211,1,1229,1228,62,449,199,204
124: 419,75,97,32,54,58,1215,1213,18,59,27,129,361,311,221
125: 1229,1208,1228,62,5,30,1227,204,29,1203,482
126: 379,251,182,245,69,250,134,381,209,1207
1119: 1087,1184,1123
1109: 683,1071
129: 27,54,58,1215,1213,18,59,124,355,311,221,441
130: 39,36,52,43,339,345
131: 285,393,305
132: 112,192,389
1090: 
134: 76,69,126,38,25,381,106,17
135: 267,262,338,163,219,4
1084: 1051
137: 109,252,495
975: 
858: 1138,522,792
140: 72,1234,1236,1233,1237,1238,99,38,25,63,1239,106,89,476,1211,1
141: 313,240,440,253
1237: 72,1234,1236,1233,1242,1206,1241,1235,1255,1231,1232,1230,1238,99,49,63,1239,140
143: 263,420,105
144: 406,235,332,270,473
145: 193,308,216,301,87,95,173,183,67
1069: 1191,503,851
147: 258,113
148: 461,233,374
850: 745,589
150: 418
151: 77,317,369,296,234
152: 158
1065: 
154: 366,394,376
155: 460,455
1257: 31,1256,1259,1258,1260,1261,1262,1276,1247,1278,1220,1263,1222,1245,22,1254,1249,1253,1240,1219,92,1235,1255,1231,1232,76
1278: 1276,1266,1247,1277,1220,1263,1248,1244,78,1246,42,1223,1271,1225,1265,1279,1268,1269,1270,1222,1245,1272,1250,1251,1252,1254,1249,1253,1240,1219,1256,1259,1257,1260,1261
158: 152,240,440
159: 370,469,279,426
1061: 570
161: 389,378
162: 178,411,450,269,260
163: 135,338,219,4,229,79,94,111,386
164: 416,45,88,447,449,50,60,24,15,433,225,457,220
165: 410,303,363,197
804: 993,1102
167: 329
168: 465,26,82,262,61,338,3
169: 210
1120: 618,854,894,1127
944: 1144,856
172: 196,181,435,235,342,332
173: 95,12,98,46,216,145,9,183,78,1246,42,90,57
174: 270,307,435,235,406,273,481
1006: 1036,1085,886
176: 376
177: 291,274
178: 411,450,467,356,162
179: 80,317,44,463
180: 424,226,371
181: 196,172,342,332
182: 251,53,379,245,69,126,250
183: 216,145,301,87,95,173,67,42,90,57,20
184: 247,246,439
185: 317,44,463,234,384,26,82,64,1204,66
186: 323,462,445,277
1029: 698,521
188: 200,278,462,445
189: 119,258,113,263,105,443,454,276
989: 522,792,600,532,880
191: 427,369,267,262
192: 389,297,132
193: 484,93,308,12,98,216,145
194: 198,422,357
1212: 1218,1217,1216,47,73,96,487,365,55,1205,28,11,40,1214,1226,85,419,75,97,32,54,58,1215,1213,18
196: 172,181
197: 363,165,336,203,423
198: 194,422,357
199: 1211,1,1210,21,1209,1229,1208,1228,62,449,204,15,433,232,48,29,1203
200: 188,462,445
201: 360,385
1014: 627,694
203: 423,197,336,278
204: 1210,21,1209,1229,1208,1228,62,5,30,1227,199,125,232,48,29,1203,482
1007: 
206: 402,273,417,304,330
1008: 
208: 
209: 1207,126,250,255,381,71,352,1202,35,1264,480
210: 109,169
1279: 1223,1271,1225,1265,1268,1269,1270,83,1248,1244,78,1246,74,1276,1266,1247,1278,1277,1220,1263,1274,1267,1272,1250,1275,1273,1251,1252,1254,1249,1253,1240,1219
212: 240,486
213: 309,421
214: 412
1274: 1224,3,74,1223,1271,1225,1265,1279,1268,1269,1270,86,1267,1272,1250,1275,1221,1273,1251,1252,413,37,1243,1242,1206,1241
216: 93,193,308,12,98,46,145,9,95,173,183
1258: 31,1256,1259,1257,1260,1261,1262,1247,1220,1263,1222,1245,22,1254,1249,1253,1240,1219,92,1235,1255,1231,1232,76
1255: 1235,1231,1267,1272,1250,1275,1221,1273,1251,1252,1254,1249,1253,1240,1219,31,1256,1259,1257,1258,1260,1261,1262,1242,1206,1241,1232,1230,72,1234,1236,1233,1237,1238,99
219: 4,135,338,163,103,94,111,386,91
220: 416,164,15,433,232,48,457
221: 124,27,129,355,311,441,290
1251: 1267,1272,1250,1275,1221,1273,1252,74,1223,1271,1225,1265,1279,1268,1269,1270,1276,1266,1247,1278,1277,1220,1263,1224,1274,1254,1249,1253,1240,1219,37,1243,1242,1206,1241,1235,1255,1231
1249: 1254,1253,1240,1219,1271,1225,1265,1279,1268,1269,1270,1276,1266,1247,1278,1277,1220,1263,1222,1245,1267,1272,1250,1275,1221,1273,1251,1252,31,1256,1259,1257,1258,1260,1261,1262,1242,1206,1241,1235,1255,1231,1232
1248: 1244,66,83,78,1246,74,1223,1271,1225,1265,1279,1268,1269,1270,1276,1266,1247,1278,1277,1220,1263
225: 355,50,60,24,416,164,441,457,290,81
226: 424,180,371
227: 349,108,287
228: 
229: 79,163,94,111,115
1243: 37,86,1224,1274,1267,1272,1250,1275,1221,1273,1251,1252,413,1242,1206,1241,68,41,51,1230
231: 467,356
232: 48,449,199,204,15,433,29,1203,220
233: 461,148,374
234: 151,317,44,296,185,465,26,82,64,1204
235: 342,172,307,435,332,174,270,406,144
1234: 72,1236,1233,1237,1242,1206,1241,1235,1255,1231,1232,1230,1238,99,49,63,1239,140
1231: 1235,1255,1267,1272,1250,1275,1221,1273,1251,1252,1254,1249,1253,1240,1219,31,1256,1259,1257,1258,1260,1261,1262,1242,1206,1241,1232,1230,72,1234,1236,1233,1237,1238,99
238: 496,489,268,261
239: 455
240: 486,158,212,440,141
241: 
1229: 1208,1228,62,17,35,1210,21,1209,5,30,1227,199,204,125
1227: 5,30,1202,35,1264,480,1229,1208,1228,62,204,125
244: 446,115,358,107,104,264
245: 53,339,251,182,126,250,255
246: 247,184
247: 246,184
1222: 1245,78,1246,42,90,57,1276,1266,1247,1278,1277,1220,1263,22,1254,1249,1253,1240,1219,31,1256,1259,1257,1258,1260,1261,1262,92
1221: 1267,1272,1250,1275,1273,1251,1252,74,1271,1265,1268,1269,1270,1277,1263,1224,1274,1254,1249,1253,1219,37,1243,1242,1206,1241,1235,1255,1231
250: 251,182,245,126,255,381,209,1207,71,352
251: 182,53,379,245,69,126,250
252: 109,372,137,495
253: 141,313,412,401
1213: 54,58,1215,28,11,40,1218,1217,1216,47,73,1212,96,1214,1226,85,419,75,97,32,18,124,129
255: 245,284,250,209,1207,71,352
1208: 1229,1228,62,17,1202,35,1264,1210,21,5,30,1227,199,204,125
257: 286,414
258: 147,189,113
1204: 64,234,185,384,26,82,66,61,6,83
260: 162,269
261: 238,496,268
262: 191,427,465,168,135,338
263: 420,105,189,143,443
264: 446,244,487,365,104,28,11,40,318,419,75,97,32
265: 274
1123: 1087,1119
267: 191,427,135
268: 238,496,261
269: 120,396,162,260
270: 174,307,435,235,342,406,144,481
1138: 919,858
272: 315,114,478
273: 481,174,304,206
274: 177,265
275: 385,325,357
276: 454,189,113,443
277: 186,323,398,445
278: 203,423,188
279: 426,334,159,370,469
1114: 870,558,1137
810: 626,1094,669
282: 322,397
1117: 529,528,678
284: 339,345,255
285: 131,393,305
286: 257,383,414
287: 227,349
288: 301,87,488,347
1113: 527,905
290: 221,441,225,81
291: 470,177
1147: 708,742,987,610
293: 122,324,316
1102: 993,804,1042,1165
295: 341
296: 77,151,317,369,234,465,26,82
297: 192,389
1078: 636,1176
1250: 1267,1272,1275,1221,1273,1251,1252,74,1223,1271,1225,1265,1279,1268,1269,1270,1276,1266,1247,1278,1277,1220,1263,1224,1274,1254,1249,1253,1240,1219,37,1243,1242,1206,1241,1235,1255,1231
1073: 538,1021
301: 87,308,288,145,488,183,67,65
1240: 1254,1249,1253,1219,1279,1268,1269,1270,1276,1266,1247,1278,1277,1220,1263,1222,1245,1272,1250,1251,1252,31,1256,1259,1257,1258,1260,1261,1262,1206,1235,1255,1231,1232
303: 410,165,429
304: 273,481,206,402,330
305: 393,285,131
1053: 779,956,1098,906
307: 435,235,342,174,270
308: 193,216,145,301,87
309: 213,421,372
891: 619,676,554,988
311: 124,27,129,361,221
1036: 1006,1085,886
313: 141,440,253
1034: 1019,586,605
315: 114,272,478
316: 122,324,293
317: 179,151,44,296,234,185
318: 104,264,28,11,40,419,75,97,32
1021: 538,930,1073,756
1013: 872,550,582,613
1010: 1052,879,874,911,904
322: 282
323: 398,494,186,277
324: 122,477,293,316
325: 275,357
949: 644
1002: 759,618
1001: 666,808,971,708,742,640,652
329: 167
330: 304,206,341
983: 1096
332: 172,181,235,342,144
979: 687
334: 362,279,469
999: 
336: 197,492,203,423
974: 
338: 262,168,135,163,219,4,103
339: 52,43,130,345,245,284
340: 
341: 330,295
342: 235,172,181,307,435,332,270
343: 
864: 
345: 130,339,284
822: 
347: 288,488,34,65,39,36
958: 854,894,1127,886,517
349: 227,387,108,287
350: 428
808: 971,1001,640,652,1188,755
352: 71,250,255,209,1207,1202,35,1264,480
1241: 1242,1206,1224,1274,1267,1272,1250,1275,1221,1273,1251,1252,1254,1249,1253,1219,37,1243,1235,1255,1231,41,51,1230,72,1234,1236,1233,1237
354: 431,120,396
355: 18,59,45,88,27,129,50,60,24,221,441,225
356: 231,467,178,411,450
357: 275,422,325,198,194
358: 94,111,386,91,115,446,244,487,365
359: 452,409
360: 201,385
361: 124,311
362: 108,387,334
363: 410,165,197
856: 1134,944
365: 487,358,68,55,264,28,11,40,1218,1217,1216,47,73,1212,96
366: 154,394,376
879: 1010,1052,874,904
900: 1135,998
369: 77,151,296,191,427,465
370: 159,469,279,426
371: 226,180,491
372: 309,404,421,109,252
923: 541,963
374: 148,233
921: 1186,741,992
376: 394,154,366,176
1145: 567,1100
378: 161
379: 22,53,92,251,182,76,69,126
1157: 893
381: 69,126,250,134,209,1207,17,1202,35,1264
905: 527,1113
383: 414,286
384: 44,463,93,185,12,98,46,64,1204,66,9
385: 360,201,275
386: 163,219,4,103,94,111,91,115,358
387: 362,108,349
893: 1157
389: 192,297,132,161
833: 795
391: 439,460
886: 517,958,1006,1036,1085
393: 305,285,131
394: 154,366,376
395: 148
396: 120,354,269
397: 282
398: 323,277
877: 1164,929,941,831,590
876: 885
401: 253
402: 206,481,417,304
872: 672,1193,550,1013
404: 372
405: 
406: 144,235,174,270,473,481,417
814: 1195,617
1225: 1223,1271,1265,1279,1268,1269,1270,6,83,1248,1244,78,1246,74,1276,1266,1278,1277,1220,1263,1274,1267,1272,1250,1275,1273,1251,1252,1254,1249,1219
409: 452,359
410: 303,165,363,429
411: 178,450,467,356,162
412: 253,214
413: 103,86,1224,1274,91,37,1243,68,41,51
414: 383,257,286
1230: 37,1243,1242,1206,1241,1235,1255,1231,41,51,72,1234,1236,1233,1237,1205,49,63,1239
416: 164,45,88,447,449,50,60,24,15,433,225,457,220
417: 406,481,304,206,402
418: 150
419: 75,97,32,264,28,11,40,1218,1217,1216,47,73,1212,96,318,54,58,1215,1213,124
420: 263,105,143
421: 213,309,372,109
422: 357,198,194
423: 203,197,336,278
424: 226,180
1276: 1266,1247,1278,1277,1220,1263,1248,1244,78,1246,42,1223,1271,1225,1265,1279,1268,1269,1270,1222,1245,1267,1272,1250,1275,1273,1251,1252,1254,1249,1253,1240,1219,1256,1259,1257,1260,1261
426: 279,159,370,469
427: 191,369,267,262
428: 350
429: 410,303
1242: 1206,1241,1224,1274,1267,1272,1250,1275,1221,1273,1251,1252,1254,1249,1253,1219,37,1243,1235,1255,1231,51,1230,72,1234,1236,1233,1237
431: 354,120
1235: 1255,1231,1250,1275,1221,1251,1252,1254,1249,1253,1240,1219,31,1256,1259,1257,1258,1260,1261,1262,1242,1206,1241,1232,1230,72,1234,1236,1233,1237,1238,99
433: 15,447,449,199,416,164,232,48,457,220
1232: 1254,1249,1253,1240,1219,31,1256,1259,1257,1258,1260,1261,1262,92,1235,1255,1231,76,72,1234,1236,1233,1237,1238,99,38,25
435: 307,172,235,342,174,270
436: 489
880: 532,792,989,600
852: 1003
439: 391,184,460
440: 158,240,486,141,313
441: 27,129,355,50,60,24,221,225,290,81
1216: 1218,1217,47,73,1212,96,487,365,55,1205,28,11,40,1214,1226,85,419,75,97,32,54,58,1215,1213,18
443: 189,113,263,454,276
1210: 21,1209,106,17,1211,1,1229,1208,1228,62,449,199,204
445: 462,186,188,200,277
446: 244,115,358,107,104,264
447: 89,476,1211,1,45,88,449,50,60,24,416,164,15,433
1206: 1242,1241,1224,1274,1267,1272,1250,1275,1221,1273,1251,1252,1254,1249,1253,1240,1219,37,1243,1235,1255,1231,41,51,1230,72,1234,1236,1233,1237
449: 476,1211,1,1210,21,1209,447,199,416,164,15,433,232,48
450: 178,411,356,162
1205: 68,41,51,1230,55,49,1218,1216,47,73,1212,1214,85,84
452: 409,359
848: 1128
454: 276,189,113,443
455: 155,239
860: 916,831
457: 50,60,416,164,15,433,225,220,81
885: 876
1195: 1097,617,1122,814
460: 439,391,461,155
461: 233,148,460
462: 445,186,188,200
463: 179,80,484,44,93,185,384,12,98,46
1233: 72,1234,1236,1237,1242,1206,1241,1235,1255,1231,1232,1230,1238,99,49,63,1239,140
465: 369,296,234,26,82,262,168,61
1188: 652,808,971,640,504,755,1163
467: 231,356,178,411
962: 509,537,1176,836
469: 159,370,334,279,426
470: 291
1180: 660,934
472: 
473: 406,144
1017: 
1172: 1174
476: 63,1239,140,106,89,1211,1,45,88,447,449
477: 122,324
478: 315,114,272
479: 
480: 209,1207,71,352,1202,35,1264,5,30,1227
481: 273,174,270,406,417,304,402
482: 204,125,29,1203
898: 
484: 116,80,463,93,193
1203: 29,199,204,125,232,48,482
486: 240,212,440
487: 365,358,68,55,264,28,11,40,1218,1217,1216,47,73,1212,96
488: 288,301,87,347,67,65,39
489: 436,238,496
820: 
491: 371
492: 336
1085: 1006,1036,886,517
494: 323
495: 252,137
496: 238,489,268,261
1137: 558,1114,870,698
1228: 1229,1208,62,17,1210,21,1209,1227,199,204,125
1134: 856
500: 955
1054: 832,737,539,591,937,1099
1063: 723,733,781
503: 851,1191,1069
504: 755,1163,827,1188
505: 973
1122: 617,1195,946
1101: 545,528,678,584
508: 1159
509: 962,537,1176
510: 738,591,1030
1111: 873,1104,1192,1042
512: 
1103: 629
1100: 567,1145
1099: 832,1054,591,738,937
516: 630,939,540
517: 886,958,1085
1096: 983
519: 1095,749,963
520: 686
521: 1029,687
522: 792,858,989
523: 593,695
836: 962
1087: 1119,1184,1123
795: 833,648
527: 1113,905
528: 529,1117,678,545,1101,584
529: 1117,528
1215: 54,58,1213,28,11,40,1218,1217,1216,47,73,1212,96,1214,1226,85,419,75,97,32,18,59,124,129
531: 
532: 880,989,600
533: 951,674
1068: 639
832: 1054,706,737,539,937,1099
536: 1018
537: 1176,509,962,636
538: 726,1021,1073
539: 737,766,832,1054,591
540: 630,939,516,763
541: 923
542: 563,632,594
1247: 1276,1266,1278,1277,1220,1263,1248,78,1246,42,1265,1279,1268,1269,1270,1222,1245,1272,1250,1251,1252,1254,1249,1253,1240,1219,31,1256,1259,1257,1258,1260,1261,1262
544: 843,838
545: 1101,528,678,584
1270: 1223,1271,1225,1265,1279,1268,1269,83,1248,1244,78,1246,74,1276,1266,1247,1278,1277,1220,1263,1224,1274,1267,1272,1250,1275,1221,1273,1251,1252,1254,1249,1253,1240,1219
838: 544,919
1050: 
1196: 1104,873,1192
550: 672,1193,872,929,941,1013,590
870: 1114,558,1137,698
1042: 1165,873,1111,1192,1102
1040: 1086
554: 988,891,619
1169: 564,1056
556: 
894: 854,1120,1127,958
558: 1137,1114,870,698
1031: 
839: 1166,741
1020: 674,623
831: 570,877,1164,916,860
563: 542,632,594
564: 1056,1169
946: 1122,683,1071
951: 533,674
567: 1145,1100
998: 1135,900
569: 785
570: 1061,831
890: 594
967: 1072,714
573: 588,774
992: 741,921
851: 503,1069
576: 767,1077
987: 711,708,742,1147
982: 1182
963: 519,749,923,1080
1052: 1010,879,874,904
956: 1053
582: 613,1013
953: 657,664,721
584: 528,678,545,1101
1219: 1254,1249,1253,1240,1223,1271,1225,1265,1279,1268,1269,1270,1276,1266,1247,1278,1277,1220,1263,1222,1245,1267,1272,1250,1275,1221,1273,1251,1252,31,1256,1259,1257,1258,1260,1261,1262,1242,1206,1241,1235,1255,1231,1232
586: 821,605,1019,1034
887: 745,776,1083
588: 573,774
589: 850,729
590: 550,929,941,877,1164
591: 539,1054,510,738,1099
592: 
593: 523
594: 890,542,563
937: 832,1054,1099
929: 941,550,877,1164,590
927: 835,1038,626
1253: 1254,1249,1240,1219,1271,1265,1279,1268,1269,1270,1276,1266,1247,1278,1277,1220,1263,1222,1245,1267,1272,1250,1275,1221,1273,1251,1252,31,1256,1259,1257,1258,1260,1261,1262,1242,1206,1241,1235,1255,1231,1232
1254: 1249,1253,1240,1219,1223,1271,1225,1265,1279,1268,1269,1270,1276,1266,1247,1278,1277,1220,1263,1222,1245,1267,1272,1250,1275,1221,1273,1251,1252,31,1256,1259,1257,1258,1260,1261,1262,1242,1206,1241,1235,1255,1231,1232
600: 792,989,532,880
601: 714
802: 
903: 
1174: 1172
605: 586,821,1019,1034
1149: 707
821: 586,605
912: 736
609: 773
610: 1147,1168
1037: 1155
904: 911,874,730,1010,1052,879
613: 582,1013
1105: 
899: 834
1019: 1034,586,605
617: 1122,1195,814
618: 1002,1120
619: 891,676,554,988
1184: 751,1087,1119
1202: 35,1264,381,209,1207,71,352,480,1208,62,5,30,1227
843: 544
623: 1020
1207: 209,126,250,255,381,71,352,1202,35,1264,480
625: 1144
626: 1094,1038,665,927,669,810
627: 694,948,1014
866: 1072,714
629: 1103
630: 939,540,516
874: 904,1010,1052,879
632: 542,563
1277: 1276,1266,1247,1278,1220,1263,1248,1244,78,1246,42,1223,1271,1225,1265,1279,1268,1269,1270,1222,1245,1267,1272,1250,1275,1221,1273,1251,1252,1254,1249,1253,1240,1219,1256,1260,1261
634: 952
1273: 1267,1272,1250,1275,1221,1251,1252,74,1223,1271,1225,1265,1279,1268,1269,1270,1276,1266,1277,1220,1263,1224,1274,1254,1249,1253,1219,37,1243,1242,1206,1241,1255,1231
636: 1078,537,1176
1252: 1267,1272,1250,1275,1221,1273,1251,74,1223,1271,1225,1265,1279,1268,1269,1270,1276,1266,1247,1278,1277,1220,1263,1224,1274,1254,1249,1253,1240,1219,37,1243,1242,1206,1241,1235,1255,1231
638: 
639: 1068
640: 1001,808,971,708,742,652,1188
1246: 78,66,9,95,173,1248,1244,42,1223,1271,1225,1265,1279,1268,1269,1270,1276,1266,1247,1278,1277,1220,1263,1222,1245
642: 
1236: 72,1234,1233,1237,1242,1206,1241,1235,1255,1231,1232,1230,1238,99,49,63,1239,140
644: 949
645: 
1226: 1214,85,55,49,1218,1217,1216,47,73,1212,96,84,54,58,1215,1213,18,59
1224: 1274,3,74,1271,1265,1269,1270,86,1267,1272,1250,1275,1221,1273,1251,1252,413,37,1243,1242,1206,1241
648: 795,1028
1220: 1276,1266,1247,1278,1277,1263,1248,78,1246,42,1223,1271,1225,1265,1279,1268,1269,1270,1222,1245,1267,1272,1250,1275,1273,1251,1252,1254,1249,1253,1240,1219,31,1256,1259,1257,1258,1260,1261,1262
1218: 1217,1216,47,73,1212,96,487,365,55,1205,28,11,40,1214,1226,85,419,97,32,54,58,1215,1213,18
1217: 1218,1216,47,73,1212,96,487,365,55,28,11,40,1214,1226,85,419,75,97,32,54,58,1215,1213,18
652: 1188,1001,808,971,640,755
1214: 1226,85,55,1205,49,1218,1217,1216,47,73,1212,96,84,54,58,1215,1213,18,59
835: 1038,927
655: 
656: 
657: 953,664,721
834: 899
659: 
660: 1180,934
661: 
1193: 934,672,872,550,941
1191: 1069,503
664: 657,953
665: 1046,626,1094
666: 1001
1186: 921
993: 804,1102
669: 626,1094,810
1182: 982
671: 
672: 934,1193,872,550
1097: 1195
674: 1020,533,951
1171: 
676: 988,891,619
677: 689
678: 1117,528,545,1101,584
1167: 945
1165: 1042,1102
1163: 504,755,971,1188
682: 721
683: 1071,1109,946
684: 
873: 1111,1104,1196,1192,1042
686: 520
687: 521,979
1275: 1267,1272,1250,1221,1273,1251,1252,74,1223,1271,1225,1265,1279,1268,1269,1270,1276,1266,1277,1220,1263,1224,1274,1254,1249,1253,1219,37,1243,1242,1206,1241,1235,1255,1231
689: 677
1176: 537,509,962,1078,636
1077: 576
1083: 745,887
1144: 944,625
694: 627,948,1014
695: 523
1095: 519,749,1080
697: 763,1091
698: 870,558,1137,1029
1128: 848
1115: 
1104: 1196,873,1111,1192
1094: 626,1038,665,1046,669,810
1091: 697
827: 504
705: 754
706: 737,766,832
707: 1026
708: 742,1147,987,1001,640
1056: 564,1169
1192: 1104,1196,873,1111,1042
711: 987
1211: 1,140,106,17,476,1210,21,1209,447,449,199
713: 
714: 967,1072,601,866
1072: 967,714,866
1244: 1248,66,9,83,78,1246,74,1223,1271,1225,1265,1279,1268,1269,1270,1276,1266,1278,1277
717: 981,945
1239: 63,1230,72,1234,1236,1233,1237,1238,99,49,140,84,89,476
1245: 1222,78,1246,42,90,57,1276,1266,1247,1278,1277,1220,1263,22,1254,1249,1253,1240,1219,31,1256,1259,1257,1258,1260,1261,1262,92
720: 
721: 657,953,682
1059: 740
723: 1063,781
724: 
1051: 1084
726: 538
1046: 665,1094
1038: 835,927,626,1094
729: 589,847
730: 911,904
919: 838,1138
1030: 510,738
733: 781,1063
1028: 648
1026: 707
736: 912
737: 766,706,539,832,1054
738: 510,591,1030,1099
930: 1021,756
740: 1059
741: 992,921,839
742: 708,1147,987,1001,640
1018: 536
847: 729
745: 887,850,1083
1098: 779,1053,906
747: 
988: 554,676,891,619
749: 519,1095,963,1080
981: 717,945
751: 1184
973: 505
753: 
754: 705
755: 504,1163,808,971,652,1188
756: 930,1021
971: 808,1001,640,652,1188,755,1163
1256: 31,1259,1257,1258,1260,1261,1262,1276,1266,1247,1278,1277,1220,1263,1222,1245,22,1254,1249,1253,1240,1219,92,1235,1255,1231,1232,76
759: 1002
1159: 508
955: 500
952: 634
763: 697,540
948: 627,694
1080: 1095,749,963
766: 737,706,539
767: 576
945: 717,981,1167
1086: 1040
941: 929,1193,550,877,1164,590
1093: 
939: 630,540,516
773: 609
774: 573,588
775: 
776: 887
934: 672,1180,660,1193
933: 
779: 1053,1098
1153: 
781: 733,723,1063
1135: 998,900
783: 
868: 
785: 569
916: 860,831
1071: 683,1109,946
911: 904,730,1010
1223: 1271,1225,1265,1279,1268,1269,1270,6,83,1248,1244,78,1246,74,1276,1266,1278,1277,1220,1263,1274,1267,1272,1250,1275,1273,1251,1252,1254,1219
854: 894,1120,1127,958
906: 1053,1098
792: 522,858,989,600,880