0: 63,49,51,1232,92,1230,22,38,99,1231,10,1205,25,21,1209,1228,1214,45,85,60,16,88,1211,89
1: 1203,25,21,1209,1228,35,1229,1227,1210,1202,62,1207,17,88,1211,89,1208,30,5,71,15,72,48,29
2: 427,103,3,83,61,6,74,1204,413,86,94,1206,1221,68,79,91,41,37
3: 83,135,168,26,64,82,427,103,61,6,74,1204,413,86,94,2,1206,1221,68
4: 338,386,79,91,41,358,96,55,28,487,244,75,11,365
5: 1208,30,71,35,1229,1227,1210,1202,62,1207,17,381,1203,1,480,48,29,199
6: 61,74,1204,168,26,64,82,56,3,83,8,2,1206,68,1224
7: 1218,47,1216,1212,91,41,37,51,96,55,28,1231,10,1205,75,11,365,1217,32,1226,1213,73,1215,40,1214,45,85
8: 26,64,82,56,98,46,93,61,6,74,1204,9,66,1206,1221,68,31,42,1225,1223,1222,1224,1220,1219,23,78
9: 66,56,98,46,93,67,33,8,95,13,42,1225,1223,1224,23,78
10: 1231,1205,37,51,1232,92,1230,22,1218,47,1216,1212,7,63,0,49,1217,32,1226,1213,73,1215,40,1214,45,85,60,16
11: 75,365,4,96,55,28,1218,47,1216,1212,7,487,244,1217,32,1226,1213,73,1215,40,419,361,97
12: 384,463,216,80,44,65,173,56,98,46,93,67,33
13: 95,98,46,93,67,33,39,87,9,66,34,52,43,23,78,76,90,57,20
14: 76,90,57,20,379,53,19,38,99,69,25,21,1209,1228,35,1229,1227,1210,1202,62,1207,17
15: 72,60,16,88,1211,89,1203,1,50,70,84,48,164,81,416,106,140
16: 60,1231,10,1205,63,0,49,25,21,1209,1228,1214,45,85,88,1211,89,27,59,58,50,70,84,15,72
17: 1202,62,1207,14,69,134,182,35,1229,1227,1210,381,1203,1,1208,30,5,71,480
18: 54,97,32,1226,1213,73,1215,1214,45,85,361,27,59,58,355,129,24
19: 379,53,34,52,43,36,284,20,130,14,69,134,182
20: 95,13,34,52,43,36,76,90,57,379,53,19,38,99,14,69
21: 25,1209,1228,1232,92,1230,22,38,99,14,63,0,49,35,1229,1227,1210,16,88,1211,89,1
22: 1232,92,1230,31,42,1225,1223,1222,1220,1219,23,78,76,90,57,51,38,99,1231,10,1205,63,0,49,25,21,1228
23: 78,8,9,66,95,13,31,42,1225,1223,1222,1224,1220,1219,76,90,57,51,1232,92,1230,22,38,99
24: 355,129,18,54,27,59,58,50,70,84,164,81,290,225
25: 21,1209,1228,1232,22,38,99,14,63,0,49,35,1229,1227,1210,16,88,1211,89,1
26: 64,82,465,77,179,185,80,44,168,56,3,83,61,6,74,1204,8
27: 59,58,32,1226,1213,73,1215,1214,45,85,60,16,18,54,97,50,70,84,355,129,24,164
28: 96,55,91,37,4,1218,47,1216,1212,7,487,75,11,365,1217,32,1226,1213,73,1215,40
29: 1203,1,1208,30,5,71,480,48,199,140,232
30: 1208,5,71,35,1229,1202,62,1207,17,381,1203,1,480,48,29,199
31: 42,1225,1223,1222,1224,1220,1219,61,74,1204,8,66,1206,1221,68,23,78,37,51,92,1230,22
32: 1217,1226,1213,73,1215,40,55,28,1218,47,1216,1212,7,10,75,11,365,1214,45,85,361,18,54,97,27,59,58
33: 67,384,12,65,173,183,301,98,46,93,39,87,9,66,95,13,34,52,43
34: 52,43,67,33,39,95,13,36,90,57,20,379,53,19
35: 1229,1227,1210,38,14,69,25,21,1209,1228,1202,62,1207,17,88,1211,89,1203,1,1208,30,5,71
36: 39,87,34,52,43,284,20,379,53,19,130
37: 2,1206,1221,68,31,42,1225,1223,1222,1224,1220,1219,91,41,51,55,28,1218,47,1216,1212,7,1231,10,1205
38: 99,23,78,76,90,57,20,1232,92,1230,22,14,63,0,49,25,21,1209,1228,35,1229,1227,1210
39: 87,65,173,183,301,67,33,95,13,34,52,43,36
40: 1217,32,1226,1213,73,1215,96,55,28,1218,47,1216,1212,7,10,75,11,365,1214,45,85,361,54,97,58
41: 91,413,86,94,2,1206,1221,68,79,37,4,55,47,7
42: 31,1225,1223,1222,1224,1220,1219,74,8,9,66,1206,1221,68,23,78,37,51,1232,92,1230,22
43: 34,52,67,33,39,87,95,13,36,76,90,57,20,379,53,19
44: 80,317,463,216,179,185,384,12,26,64,82,56,98,46,93
45: 1214,85,1218,47,1216,1212,7,1231,10,1205,63,0,49,1217,32,1226,1213,73,1215,40,60,16,18,54,97,27,59,58,50,70,84
46: 98,93,44,384,12,65,173,56,67,33,8,9,66,95,13
47: 1218,1216,1212,7,91,41,37,51,96,55,28,10,1205,75,11,365,1217,32,1226,1213,73,1215,40,1214,45,85
48: 88,1211,1203,1,1208,30,5,15,72,29,106,140,232
49: 63,0,51,1232,92,1230,22,38,99,1231,10,1205,25,21,1209,1228,45,85,16,88,89
50: 70,84,45,85,60,16,88,27,59,15,72,355,129,24,164,81,416
51: 1206,1221,68,31,42,1225,1223,1222,1224,1220,1219,23,78,37,1232,92,1230,22,1218,47,1216,1212,7,1231,10,1205,63,0,49
52: 34,43,67,33,39,95,13,36,90,57,20,379,53,19
53: 379,19,34,52,43,36,284,20,130,14,69,134,182
54: 18,97,75,365,1217,32,1226,1213,73,1215,40,1214,45,85,361,27,59,58,355,129,24
55: 96,28,79,91,41,37,4,1218,47,1216,1212,7,487,244,75,11,365,1217,32,1226,1213,73,1215,40
56: 179,185,80,44,384,12,26,64,82,98,46,93,61,6,74,1204,8,9,66
57: 76,90,66,95,13,34,52,43,23,78,20,1232,92,22,38,99,14
58: 27,59,1217,32,1226,1213,73,1215,40,1214,45,85,16,18,54,97,70,84,355,129,24,164
59: 27,58,1217,32,1226,1213,73,1215,1214,45,85,60,16,18,54,97,50,70,84,355,129,24,164
60: 16,10,63,0,1214,45,85,88,1211,89,27,59,50,70,84,15,72
61: 6,74,1204,168,26,64,82,56,3,83,8,2,1206,1221,68,31,1225,1223,1224,1219
62: 1202,1207,17,14,69,134,182,35,1229,1227,1210,381,1203,1,1208,30,5,71,480
63: 0,49,51,1232,92,1230,22,38,99,1231,10,1205,25,21,1209,1228,1214,45,85,60,16,88,1211,89
64: 26,82,465,77,179,185,80,44,168,56,3,83,61,6,74,1204,8
65: 173,216,308,384,12,183,301,98,46,93,67,33,39,87
66: 9,56,98,46,93,67,33,8,95,13,31,42,1225,1223,1222,1224,1220,1219,23,78,76,90,57
67: 33,384,12,65,173,183,301,98,46,93,39,87,9,66,95,13,34,52,43
68: 1206,1221,3,83,61,6,74,1204,8,2,31,42,1225,1223,1222,1224,1220,1219,91,41,37,51
69: 20,379,53,19,130,14,134,182,35,1229,1227,1210,1202,62,1207,17,381
70: 50,84,1214,45,85,60,16,88,1211,89,27,59,58,15,72,355,129,24,164,81,416
71: 1208,30,5,35,1202,62,1207,17,381,1203,1,480,29,199
72: 15,60,16,88,1211,89,1203,1,50,70,84,48,164,81,416,106,140
73: 1217,32,1226,1213,1215,40,55,28,1218,47,1216,1212,7,10,1205,75,11,365,1214,45,85,361,18,54,97,27,59,58
74: 61,6,1204,168,26,64,82,56,3,83,8,2,1206,1221,68,31,42,1225,1223,1222,1224,1220,1219
75: 11,365,4,96,55,28,1218,47,1216,1212,7,487,244,1217,32,1226,1213,73,1215,40,419,361,54,97
76: 90,57,66,95,13,43,23,78,20,1232,92,1230,22,38,99,14
77: 465,317,179,185,135,168,26,64,82
78: 23,8,9,66,95,13,31,42,1225,1223,1222,1224,1220,1219,76,57,51,1232,92,1230,22,38
79: 267,413,86,94,2,338,386,91,41,358,4,55
80: 44,317,463,216,179,185,384,12,26,64,56,98,93
81: 164,50,70,84,15,72,355,129,24,416,290,225
82: 26,64,465,77,179,185,44,168,56,3,83,61,6,74,1204,8
83: 3,135,168,26,64,82,427,103,61,6,74,1204,413,86,94,2,1206,1221,68
84: 50,70,1214,45,85,60,16,88,1211,89,27,59,58,15,72,355,129,24,164,81,416
85: 1214,45,1218,47,1216,1212,7,1231,10,1205,63,0,49,1217,32,1226,1213,73,1215,40,60,16,18,54,97,27,59,58,50,70,84
86: 413,94,427,103,3,83,267,2,338,386,79,91,41
87: 39,65,173,183,301,67,33,95,13,43,36
88: 1211,89,63,0,49,25,21,1209,1228,35,1229,1210,60,16,1203,1,50,70,84,15,72,48
89: 88,1211,63,0,49,25,21,1209,1228,35,1229,1227,1210,60,16,1203,1,70,84,15,72
90: 76,57,66,95,13,34,52,43,23,20,22,38,14
91: 41,413,86,94,2,1206,1221,68,79,37,4,96,55,28,1218,47,1216,1212,7
92: 1232,1230,22,31,42,1225,1223,1222,1224,1220,1219,23,78,76,57,51,38,99,1231,10,1205,63,0,49,21
93: 98,46,80,44,384,12,65,173,56,67,33,8,9,66,95,13
94: 413,86,103,3,83,267,2,338,386,79,91,41
95: 13,46,93,67,33,39,87,9,66,34,52,43,23,78,76,90,57,20
96: 55,28,91,4,47,1212,7,487,244,75,11,365,1217,40
97: 18,54,75,11,365,1217,32,1226,1213,73,1215,40,1214,45,85,361,27,59,58,355,129
98: 46,93,80,44,384,12,65,173,56,67,33,8,9,66,13
99: 38,23,76,57,20,1232,92,1230,22,14,63,0,49,25,21,1209,1228,1227,1210
100: 459,133,187,210,169
101: 105,420,263,306,166,143,189,443,294,392,466,281
102: 477,302,485
103: 427,135,168,3,83,267,413,86,94,2
104: 198,194,446,318,387
105: 420,263,101,306,119,142,166,143,189,294
106: 140,15,72,48,416,232,476
107: 455,460,155,127,239,489,400,207,280,471
108: 387,362,320,227,349
109: 210,133,421,372,457,137
110: 391,123,432,380,455,460,155
111: 233,115,374,155,127,436,489
112: 132,459,187
113: 403,258,189,443,454,276
114: 248,296,151,157
115: 233,461,432,374,155,111
116: 317,463
117: 292,412,266,195
118: 149,398,312,347,464,342,328,172,181,196
119: 142,166,299,425,403,105,420,263,189,443,294
120: 153,438,431,354,396,484,190,269
121: 458,238,360,261,268,385,275,218,422,331
122: 324,477,375,293,175,316
123: 184,439,391,461,110,432
124: 446,387,362
125: 482,298,444,141,319,292,412,497
126: 
127: 155,455,460,111,107,489,496,400
128: 327,451,415,208,428
129: 355,24,18,54,97,27,59,58,50,70,84,164,81,311,290,225
130: 36,284,379,53,19,339,69,134,182,251
131: 375,393,305,302,285,236,324,151
132: 112,192,389,441,459,314,223,224,367
133: 187,213,459,421,100,210,109
134: 182,379,53,19,130,339,69,251,1202,62,1207,17,381
135: 465,77,168,427,103,3,83
136: 303,429,171,188,200,170,442
137: 211,109,252,495
138: 499,322,345,295,397,394,366
139: 200,445,170,442,494,188,277,288,488,312,186
140: 106,15,72,48,29,416,232,476
141: 313,440,468,493,125,482,444,253,319,215
142: 119,166,299,425,143,105,420,263,306
143: 142,166,105,420,263,101,306,392
144: 332,382,235,473,254,270,406
145: 
146: 154,366,376,434,176
147: 350,351,249,242,403,258,191
148: 461
149: 118,277,323,398,312,186,464,172
150: 418,256,321,326,448
151: 285,236,131,375,335,114,248,296
152: 452,359,209,177,158,377
153: 353,438,396,120
154: 366,397,394,376,146,434
155: 127,110,432,115,455,460,111,107
156: 468,377,483,440,274
157: 327,451,415,114,248,315
158: 152,452,377,240,440
159: 370,469,279,426,373,217
160: 404,372,237,340
161: 314,223,389,224,378,333
162: 450,190,356,396,178,411,269,260
163: 
164: 81,27,59,58,50,70,84,15,72,355,129,24,416,290,225
165: 363,205,410,303,193,197,171
166: 119,142,299,403,143,105,420,263,101,306,189,443,294
167: 490,348,474,329
168: 465,77,179,185,135,26,64,82,427,103,3,83,61,6,74,1204
169: 100,210
170: 200,445,139,442,136,494,188,277,288,488,186
171: 429,165,363,410,303,197,136,423
172: 342,328,312,186,118,149,347,464,196,435,235,332
173: 65,216,308,384,12,183,301,98,46,93,67,33,39,87
174: 270,435,406,273,481
175: 293,375,122,324,316
176: 146,434
177: 409,152,291,377,483
178: 411,467,356,162,450,190
179: 185,317,463,465,77,80,44,168,26,64,82,56
180: 250,424,226,371,490,348
181: 196,118,328,332,475,254
182: 134,379,53,19,130,339,69,251,62,17,381
183: 301,308,65,173,67,33,39,87
184: 230,247,246,439,123,461
185: 179,317,463,465,77,80,44,168,26,64,82,56
186: 312,200,445,170,139,277,323,398,488,149,347,464,172
187: 133,112,213,459,421,100,210
188: 136,200,445,170,139,442,288,488
189: 443,294,119,166,113,105,420,263,101,454,276
190: 162,450,356,396,120,178,411,269
191: 147,351,258
192: 389,221,441,297,346,217,132,314
193: 472,205,165,363,197,336
194: 422,331,275,325,357,198,104
195: 214,292,117,412,437
196: 181,118,342,328,172,332,254
197: 165,363,410,193,171,336,203,423
198: 104,194,422,446,357,256,318
199: 1208,30,5,71,480,29,232
200: 445,170,139,442,136,188,288,488,186
201: 385,360,218
202: 279,426,228
203: 423,197,336,278
204: 
205: 472,165,363,193
206: 402,273,417,304,330
207: 280,471,107,489,496,400,238,360,458
208: 428,327,128,415
209: 359,152,452
210: 109,133,187,421,457,100,169
211: 137,252,495
212: 240,486,482
213: 309,133,187,421
214: 195,300,437
215: 141,313,265,493,253,319
216: 463,308,80,44,384,12,65,173
217: 346,159,370,297,373,192,221
218: 275,121,201,385,422,331,325,243,357
219: 267,338,386,358
220: 476,447
221: 192,389,441,297,346,217,314
222: 402,283,390,310,322,345
223: 161,314,389,132,224,367,333
224: 367,389,132,459,161,314,223
225: 355,129,24,164,81,416,290
226: 424,180,250,371,490,348,491
227: 349,108,320,326,287
228: 202
229: 
230: 399,466,247,246,184
231: 467,485,356
232: 48,29,199,106,140,476
233: 115,461,374,111
234: 296
235: 347,342,328,172,307,435,144,332,382,270
236: 285,393,305,131,375,151
237: 404,433,160,407,340
238: 489,496,400,207,280,471,360,121,458,261,268
239: 380,455,460,107,453,471
240: 486,158,440,212
241: 
242: 428,327,271,315,147,350,351,249
243: 325,385,275,218,357,256
244: 487,358,4,96,55,75,11,365,419,361
245: 304,330
246: 247,466,281,230,399,184
247: 246,466,281,230,399,184
248: 114,296,151,157
249: 147,350,351,271,242
250: 180,289,424,226,371,490
251: 130,339,134,182,381
252: 457,137,211,495
253: 319,141,313,265,493,444,215,497,401
254: 473,475,181,196,144,332,382
255: 289,424
256: 325,243,357,198,318,321,150,418
257: 414,286,266,407,437,456,337,383
258: 147,351,403,191,113
259: 337,407,414,340,383
260: 162,269
261: 268,238,121,458,422,331
262: 
263: 105,420,101,306,119,142,166,143,189,443,294,466
264: 419
265: 493,468,274,313,253,215
266: 117,433,407,257,414,286,456
267: 427,103,413,86,94,219,338,386,79
268: 261,238,121,458,422,331
269: 396,120,484,162,190,260
270: 174,307,435,235,144,406,481
271: 428,242,350,249
272: 315,478,369
273: 481,174,304,206
274: 377,483,468,156,265
275: 218,121,385,194,422,331,325,243,357
276: 454,113,189,443,294
277: 494,445,170,139,323,398,488,312,186,149
278: 203,423
279: 426,334,202,159,370,469,373
280: 207,471,107,496,400,364,238,360,458
281: 101,294,466,247,246,395
282: 310,322,345,499,397
283: 405,402,390,310,222,345
284: 36,379,53,19,130,339
285: 236,393,305,131,375,335,151
286: 257,414,266,407,437,456,337,383
287: 320,326,227,349,448,498
288: 188,200,445,170,139,488,462
289: 255,250
290: 355,129,24,164,81,311,225
291: 491,409,177,470,377,483
292: 117,125,298,412,195
293: 175,122,324,316
294: 189,443,119,166,105,420,263,101,306,454,276,466,281
295: 341,138
296: 114,248,151,234
297: 343,346,217,192,389,221,441
298: 125,482,444,292,412,497
299: 425,403,119,142,166
300: 497,401,214
301: 183,308,65,173,67,33,39,87
302: 393,305,477,102,131
303: 410,165,429,171,136
304: 273,481,206,402,245,330
305: 393,302,285,236,131,375
306: 105,420,263,101,142,166,143,294,392,466
307: 435,347,464,342,235,270
308: 216,65,173,183,301
309: 213,421,372,457
310: 390,405,283,222,322,345,282
311: 355,129,290
312: 186,139,277,323,398,488,118,149,347,464,342,328,172
313: 141,440,468,265,493,444,253,319,215
314: 161,223,192,389,221,441,132,224,367,333
315: 428,327,451,157,242,351,272
316: 122,324,293,175
317: 116,463,465,77,179,185,80,44
318: 321,198,104,256,387,418,349
319: 253,141,313,493,125,482,444,215,497,401
320: 326,321,108,418,227,349,448,287
321: 318,256,150,418,320,326,349
322: 345,390,310,222,282,499,138,397
323: 398,494,277,312,186,149
324: 122,477,131,375,293,175,316
325: 243,385,275,218,194,422,357,256
326: 320,321,150,418,227,349,448,287
327: 451,128,415,208,428,157,242,315
328: 342,172,312,118,347,464,181,196,435,235,332
329: 167,474
330: 304,206,245,341
331: 194,422,121,458,261,268,275,218,357
332: 144,382,342,328,172,181,196,235,254
333: 378,161,314,223
334: 362,279,426,469
335: 285,151,415
336: 193,197,492,203,423
337: 259,407,257,414,286,340,383
338: 386,267,413,86,94,219,79,358,4
339: 284,130,134,182,251
340: 160,237,407,337,259
341: 330,295
342: 328,172,312,118,347,464,196,307,435,235,332
343: 297,441
344: 368,438,431
345: 322,283,390,310,222,282,499,138
346: 217,297,192,389,221,441
347: 464,312,186,118,342,328,172,307,435,235
348: 371,490,180,226,167,491,409
349: 227,318,321,108,387,320,326,287
350: 147,351,249,271,242
351: 147,350,249,242,315,258,191
352: 359,452
353: 388,153,356,396
354: 431,368,438,120,484
355: 129,24,18,54,97,27,59,58,50,70,84,164,81,311,290,225
356: 353,231,467,396,178,411,162,450,190
357: 275,218,194,422,331,325,243,198,256
358: 219,338,386,79,4,487,244
359: 209,352,152,452
360: 364,207,280,471,238,121,458,201
361: 487,244,75,11,365,1217,32,1213,73,1215,40,419,18,54,97
362: 124,108,387,334
363: 165,205,410,193,197,171
364: 453,280,471,360
365: 75,11,4,96,55,28,47,1216,1212,7,487,244,1217,32,1213,73,1215,40,419,361,54,97
366: 154,499,138,397,394,376,146
367: 224,389,132,459,314,223
368: 344,438,431,354
369: 272,478
370: 159,469,279,426,373,217
371: 490,348,424,180,250,226,491
372: 457,309,421,160,109
373: 430,279,426,159,370,469,217
374: 233,115,111
375: 131,305,285,236,122,324,151,175
376: 394,154,366,146
377: 152,177,291,158,483,156
378: 333,161
379: 53,19,34,52,43,36,284,20,130,14,69,134,182
380: 110,455,460,239
381: 69,134,182,251,1202,62,1207,17,1208,30,5,71,480
382: 144,332,235,473,475,254,406
383: 407,257,414,286,456,337,259
384: 12,463,216,80,44,65,173,56,98,46,93,67,33
385: 201,121,275,218,325,243
386: 338,267,413,86,94,219,79,358,4
387: 108,104,124,318,362,349
388: 353
389: 192,221,441,297,346,132,161,314,223,224,367
390: 310,405,283,222,322,345
391: 439,123,110,432
392: 143,420,101,306,466,399
393: 305,302,285,236,131
394: 499,138,154,366,376
395: 466,281,246
396: 353,153,438,356,120,411,162,450,190,269
397: 322,282,499,138,154,366
398: 323,277,312,186,118,149
399: 230,392,466,247,246
400: 489,496,127,107,207,280,471,238
401: 253,319,215,497,300
402: 206,417,304,283,222
403: 147,299,425,258,119,166,113
404: 160,237
405: 283,390,310
406: 144,382,174,270,481,417
407: 433,266,237,257,414,286,340,337,259,383
408: 
409: 491,348,177,291
410: 303,165,363,197,429,171
411: 178,467,356,396,162,450,190
412: 125,482,298,292,117,497,195
413: 86,94,427,103,3,83,267,2,338,386,79,91,41
414: 257,286,266,407,456,337,259,383
415: 327,451,128,208,335,428,157
416: 50,70,84,15,72,164,81,106,140,225
417: 406,481,304,206,402,283
418: 150,256,318,321,320,326,448
419: 487,244,75,11,365,361,264
420: 105,263,101,306,119,142,166,143,189,443,294,392,466
421: 213,309,133,187,372,457,210,109
422: 194,331,121,261,268,275,218,325,357,198
423: 203,197,429,171,336,278
424: 289,255,180,250,226,371
425: 299,403,119,142
426: 279,334,202,159,370,469,373
427: 103,135,168,3,83,267,413,86,2
428: 327,451,128,415,271,242,315
429: 171,410,303,136,423
430: 373
431: 354,344,368,438,120,484
432: 439,391,123,461,110,115,460,155
433: 449,266,237,407
434: 154,146,176
435: 307,347,342,328,172,235,174,270
436: 111,489,496
437: 456,214,195,257,286
438: 344,368,153,431,354,396,120,484
439: 391,184,123,432
440: 158,240,468,156,141,313
441: 192,389,221,297,343,346,132,314
442: 200,445,170,139,136,494,188
443: 189,294,119,166,113,420,263,101,454,276
444: 125,482,298,141,313,253,319,497
445: 200,170,139,442,188,277,288,488,186
446: 198,104,124
447: 476,220
448: 150,418,320,326,287
449: 479,433
450: 162,190,356,396,178,411
451: 327,128,415,428,157,315
452: 152,352,359,209,158
453: 364,239,471
454: 276,113,189,443,294
455: 460,110,380,155,127,239,107
456: 437,266,257,414,286,383
457: 372,309,421,210,109,252
458: 121,207,280,238,360,261,268,331
459: 112,132,133,187,224,367,100
460: 455,110,432,380,155,127,239,107
461: 184,148,123,432,233,115
462: 288,488,186,464
463: 116,317,216,179,185,80,44,384,12
464: 347,488,312,186,118,149,462,342,328,172,307
465: 77,317,179,185,135,168,26,64,82
466: 420,263,101,306,294,392,281,230,399,247,246
467: 231,356,178,411
468: 156,483,440,274,141,313,265,493
469: 159,370,334,279,426,373
470: 474,291
471: 207,280,239,107,489,496,400,364,453,238,360
472: 205,193
473: 475,254,144,382
474: 167,329,470
475: 473,254,181,382
476: 106,140,232,220,447
477: 102,302,485,122,324
478: 272,369
479: 449
480: 1202,62,1207,17,381,1208,30,5,71,29,199
481: 273,174,270,406,417,304
482: 125,298,444,212,141,319,412
483: 177,291,377,468,156,274
484: 438,431,354,120,269
485: 477,102,231
486: 240,212
487: 244,358,4,96,55,28,75,11,365,419,361
488: 188,200,445,170,139,277,288,312,186,462,464
489: 496,400,127,111,436,107,207,471,238
490: 371,348,180,250,226,167,491
491: 409,226,371,490,348,291
492: 336
493: 265,468,141,313,253,319,215
494: 170,139,442,277,323
495: 252,137,211
496: 489,400,127,436,207,280,471,238
497: 125,298,444,253,319,412,401,300
498: 287
499: 138,322,345,282,397,394,366
500: 1044,746,955,578,1158,1125,622
501: 583
502: 669,853,626,1094,1112,810,840
503: 851,961,1191,1069,1183
504: 1188,1023,827,755,1163,703
505: 973,820,793
506: 1030,534,840,510,833,845
507: 525,577,712,676
508: 1159,551
509: 964,828,962,537,1176
510: 738,840,591,1030,506,534,1025,1150,845
511: 535,1136,734,966,935
512: 611,863
513: 874,622,1010,1052,879,524
514: 916,1164,831,860,572,668,541
515: 665,1046,626,1094,846
516: 939,630,777,583
517: 958,768,886,1006,1085
518: 656,779,764,1098,1009
519: 590,566,1032,1011,963
520: 686,909
521: 1029,715,942,687
522: 792,888,892,770,989
523: 859,1053,599,702,571,954,695
524: 904,1010,1052,879,513,1050
525: 507,1087,1123,1132,577,676
526: 1172
527: 905,1113,1031,928,615,602
528: 678,1117,529,744,762,545,1101,584
529: 744,762,977,653,548,528,678,1117
530: 585,546,606,802,800,933
531: 1148,938
532: 989,880,600,782
533: 951,1121,674
534: 1030,506,510,738,833,1150,845
535: 588,1136,734,511,966
536: 761,1077,635
537: 1176,509,636,962,1016
538: 726,603,930,1021,1073
539: 706,737,766,555,832,1054,978
540: 939,727,630,583,763
541: 923,566,572,514,1043
542: 632,1173,594,563,725
543: 682,995,985,580
544: 799,843,732,838,919
545: 1101,584,528,678,1117
546: 606,802,530,585,800
547: 614,618,1012,787,1120,977,653
548: 653,529,768,1127,1117,886
549: 684,1004
550: 1193,624,941,872,929,1013,590,1032
551: 508,1159,574,825,576,767,932
552: 824
553: 895,776,751,1092,1047,996
554: 988,1005,891,619,722,984,690
555: 643,927,766,1024,539,706,737
556: 581,696,994,788
557: 570,1061,831,860
558: 1137,1114,870,698,559,1140
559: 1140,558,1137,698,790,942
560: 983,1096,651,796
561: 576,767
562: 1181
563: 1173,542,594,1130,725
564: 1056,1169
565: 662,837
566: 590,1032,929,1164,572,1011,963,923,541
567: 1100,1145,649
568: 733,781,723,1063
569: 785,865,805,968
570: 557,1061,831
571: 702,954,867,859,1051,523,695
572: 1164,590,566,1032,514,1011,923,541
573: 819,813,578,774,588,597
574: 1159,551,825,932
575: 808,971,922,1001,1023,640,652,1188
576: 767,932,551,561,1077,761
577: 1087,1119,1123,507,525,676
578: 1035,955,862,573,500,1044,1125,597
579: 747,1181
580: 898,543,952
581: 663,1162,679,696,556
582: 613,1013
583: 516,540,777,501
584: 545,1101,528,678,926
585: 530,546,606,991,800
586: 821,907,605,1019,1034
587: 1136,966,935
588: 597,573,819,774,970,535,734
589: 850,729,847,862
590: 566,1032,550,929,877,1164,572,1011
591: 978,1054,510,738,937,1025,1099,1150
592: 
593: 599
594: 1130,1173,542,563
595: 1103,629
596: 852,1154,759,1115
597: 588,578,573,819,774,1125
598: 924,912,1079
599: 1053,815,859,906,702,523,593
600: 532,782
601: 700,714,823,866,925,794
602: 527,1113,1031,928,976,724,1060,943
603: 538,726,930,1021
604: 
605: 586,1019,1034,757
606: 546,1192,802,530,585
607: 1160
608: 847,729,864,1178,1116
609: 866,925,773,670
610: 897,1179,748,750,1168
611: 1070,512
612: 
613: 582,647
614: 547,618,1012,829,1120,977,854,653
615: 527,712
616: 755,1163,828
617: 1122,1195,814
618: 1002,1012,829,1120,614,547
619: 891,554,988,722,690,914,1064
620: 866,1146
621: 848,903,940
622: 500,1125,513
623: 1020
624: 1193,941,550,929
625: 1144
626: 1094,1038,665,927,515,1112,669,502
627: 694,948,1000,913,1014,1066
628: 655
629: 595
630: 939,516,540,777,583
631: 1145,649,848
632: 710,1173,542
633: 915,1118,769,849,987
634: 952,818
635: 1077,536,761,1018
636: 731,828,537,1176,1078,1129
637: 964,962
638: 764
639: 1068,826,997
640: 1001,808,971,575,708,742,652,1089
641: 876,817,885,711,673
642: 1041,1015
643: 1033,766,555
644: 949,884,760
645: 818
646: 1018
647: 934,1073,872,613
648: 795,1028,811
649: 1145,1055,1100,957,1174,567,631
650: 881,1055,1174
651: 1199,1039,983,560,1151
652: 1001,808,971,575,640,1188,1089
653: 614,547,977,529,744,762,1127,548,1117
654: 1135,843,1189,799,732
655: 628,789
656: 518,764,1098
657: 953,917,664,721,995
658: 1168
659: 1131,830
660: 1180,934
661: 758,980,958,837
662: 565,837
663: 1162,903,940,967,581,696,1072
664: 917,657,953
665: 1046,1124,960,626,1094,515
666: 849,922,1001,808
667: 1057,899,875,861
668: 831,860,1185,916,514
669: 502,853,626,1094,1112,1024,810,840
670: 609,1124
671: 1194
672: 934,1193,624,872,550
673: 876,641,748
674: 1020,533,951
675: 974,789,1007,701,791
676: 577,507,525,891
677: 689,1143
678: 528,1117,529,744,545,1101,584
679: 920,581
680: 692,728,926,1090,1097
681: 911,904
682: 543,721,995,985
683: 739,699,1109,946,1071,1152
684: 771,902,549,1004
685: 693
686: 520,688
687: 521,942,979
688: 878,950,686,1065
689: 1143,677,1076
690: 914,554,988,619,722,984,1064,719
691: 820,889,709
692: 728,680,926,1090,902
693: 685,936
694: 627,948,913,1014,1066
695: 702,571,954,523,760
696: 663,581,1072,556
697: 1091,763
698: 870,558,1137,1029,715,559,1140
699: 1110,1195,739,1122,683,946
700: 601
701: 675,789,1007,791
702: 571,954,867,859,1053,599,523,695
703: 504,827,1000,913,1014
704: 834,844,899
705: 1152,754
706: 539,737,766,555,832,1054
707: 1026
708: 742,1147,987,1001,640
709: 822,691,910
710: 632,1067,801,1173
711: 1118,769,641,987
712: 507,615
713: 969
714: 823,967,1072,866,925
715: 1029,698,718,521
716: 982,1149,1182
717: 981,945
718: 933,715
719: 722,984,690,914
720: 1066,1129
721: 657,953,995,985,682,543
722: 984,554,988,891,619,690,914,719
723: 1063,781,568
724: 1060,602,976,943
725: 542,896,563,1027
726: 538,603,930
727: 965,939,540
728: 692,680,1090,902,1097
729: 589,847,608
730: 911,904,1196
731: 636,828,1078,1129
732: 843,654,544,799,919,1068
733: 781,1063,568
734: 1136,588,535,511,966
735: 1049
736: 912
737: 539,706,766,555,832,1054
738: 510,840,978,591,1030,534,1025,1150,845
739: 741,772,839,1110,699,1109,683
740: 1059
741: 992,772,1197,839,1110,739
742: 708,1147,987,640,897
743: 782,1082
744: 529,762,653,528,678,1117
745: 850,887
746: 847,955,862,1178,1158,1116,500,1044
747: 579,796,1181
748: 1179,673,610,897
749: 963,1095,1027,1080
750: 1147,610,897,1168
751: 1092,895,553,996
752: 1175,1086
753: 757,783,1194
754: 705,1048
755: 1163,1188,504,1133,616
756: 930,1021,1067,801
757: 605,753
758: 980,1091,894,661
759: 1154,596,1002
760: 695,644
761: 536,576,767,1077,635
762: 529,744,977,653,528,1117
763: 540,697
764: 779,638,656,518,1098
765: 813,1105,996,1083
766: 643,555,539,706,737
767: 576,932,551,825,561,761
768: 1127,854,548,517,958,886
769: 1118,817,633,915,711,987
770: 775,888,522,1108
771: 684,902
772: 741,992,1166,1197,839,1110,739
773: 609
774: 970,813,573,819,588,597
775: 858,888,807,770
776: 895,553,887,1047
777: 1026,516,630,583
778: 858,1062,838,919,1138,807
779: 764,518,815,1098,1009
780: 981,871,975
781: 733,723,1063,568
782: 600,532,743
783: 753
784: 1144,944,856,1017
785: 865,1048,569,1022,805,968
786: 
787: 1012,547,977
788: 994,556,1146
789: 655,675,701,791
790: 559,1140,979
791: 675,789,701,1135
792: 522,892,989
793: 820,505,889
794: 823,601,925
795: 810,842,648,816,811
796: 983,1096,560,1181,747
797: 798,1185,1106
798: 1185,1106,797
799: 544,843,654,732,838,919
800: 546,530,585,933
801: 756,1067,710,890
802: 546,606,530
803: 
804: 993,1102,1199
805: 968,1048,785,569,1022,974
806: 964,1168,1133
807: 888,858,778,1062,1138,775,892
808: 971,575,666,922,1001,640,652,1188
809: 
810: 846,669,502,853,842,795
811: 816,795,648,1028,869
812: 1092,1123,1105,996,1005
813: 765,1083,573,819,774,970
814: 1195,617
815: 779,956,1098,859,1053,599,906
816: 811,795,1028,869
817: 1118,769,885,876,641
818: 645,898,634
819: 573,1083,813,774,588,597
820: 505,691,889,793
821: 586
822: 709,910
823: 714,601,866,925,794
824: 552,1186
825: 574,551,998,767,932,900
826: 1068,639
827: 1023,504,1000,703
828: 616,509,636,731,1176
829: 1120,618,1012,614,854,894
830: 659,1156,878,986
831: 570,557,1164,860,916,514,668
832: 1054,539,706,737,978,937,1099
833: 1030,506,534
834: 844,704,1088,1190,899
835: 990,1038,1033,927
836: 1016
837: 661,565,662
838: 544,799,919,778,1062
839: 1110,1166,741,992,772,739
840: 1112,1024,669,502,853,510,738,1030,506
841: 951
842: 846,810,795
843: 654,544,799,732
844: 834,704,1088,1190,899
845: 510,738,1030,506,534,1150
846: 515,810,842
847: 608,729,589,746,1178,1116
848: 631,621,1128,903,940
849: 633,666,1001
850: 745,589
851: 503,961,1069,1183
852: 596,1154
853: 669,502,1112,810,840
854: 894,829,1120,614,768,1127
855: 1114,1161,1039
856: 1134,944,784
857: 1057,1107
858: 778,1062,1138,888,807,892
859: 956,815,1084,867,1053,599,702,571,954,523
860: 557,831,1185,916,514,668
861: 875,667,1057
862: 955,589,746,578,1035,1158,1116,1044
863: 512,999
864: 608,1178
865: 785,1048,569,1022,968
866: 925,1072,714,823,620,609
867: 1084,938,956,859,1051,702,571,954
868: 1058
869: 816,811
870: 1161,991,1114,558,1137,698
871: 780,1184,975,1087,1119
872: 934,672,1193,647,550,1013
873: 1111,1104,1196,1192,1042
874: 1178,1010,1052,879,513
875: 899,667,1057,861
876: 641,817,885,673
877: 1164,941,929,590
878: 950,830,688,986,1065
879: 1010,1052,874,904,513,524
880: 1045,997,989,532
881: 1008,650
882: 1139
883: 1115,1091
884: 949,1051,954,644
885: 817,876,641
886: 768,548,517,958,1006,1036,1085
887: 1047,776,895,745,1083
888: 807,858,1062,1138,775,892,770,522
889: 820,691,793
890: 801,1173,1130
891: 619,1005,676,554,988,722,1064
892: 858,1062,1138,888,807,522,792,989
893: 1157
894: 854,829,1120,758,1127
895: 553,776,751,1092,887,1047,996
896: 1095,725,1027,1080
897: 610,742,1147,1179,748,750
898: 580,818
899: 704,834,844,1088,1190,875,667,1057
900: 998,825,932,1135,1189
901: 
902: 1090,692,728,684,771
903: 621,848,940,663,1162
904: 911,730,1010,1052,879,681,524
905: 527,1113,1031,928
906: 815,1098,1009,1053,599
907: 999,586,969,1034
908: 1157,947
909: 1093,520
910: 822,709,1131,1156
911: 904,730,1010,681
912: 1079,736,598,924
913: 1000,703,627,694,948,1014
914: 690,619,722,918,1064,719
915: 633,1118,769,987
916: 514,1164,831,860,668
917: 1004,664,657,953
918: 1064,914
919: 544,799,732,838,778,1062
920: 1153,679
921: 1197,1186,992
922: 666,1001,808,575
923: 541,566,572,1011,963
924: 598,994,912
925: 866,714,823,601,794,609
926: 1101,584,1090,692,680
927: 835,1038,1033,626,555,1112,1024
928: 1031,527,905,1113,1075,602,976
929: 624,941,550,877,1164,590,566,1032
930: 603,538,726,1021,756
931: 1167,945
932: 576,767,574,551,825,900
933: 530,800,718
934: 672,1180,660,1193,647,872
935: 511,966,587
936: 693
937: 832,1054,978,591,1025,1099
938: 531,1148,1084,867
939: 1049,727,516,630,540
940: 621,848,903,663,1162,967
941: 1193,624,550,929,877,1164
942: 559,521,687,979
943: 1182,602,976,982,724,1060
944: 1144,856,784
945: 717,1167,931
946: 699,1122,683,1071,1152
947: 908
948: 627,694,1000,913
949: 884,954,644
950: 878,688,986,1065
951: 533,1121,674,841
952: 580,634
953: 657,917,1004,664,721
954: 702,571,867,859,1051,949,884,695
955: 862,746,578,1035,1158,500,1044,1125
956: 815,867,859
957: 1100,1055,1174,1145,649
958: 517,980,768,1127,661,886
959: 1171,1082,1074
960: 1124,665,1046
961: 503,851,1088,1069
962: 964,509,637,537,1176,1016
963: 1011,566,1032,519,923,749
964: 806,1133,509,637,962
965: 1115,727
966: 535,1136,734,511,587,935
967: 940,663,1162,1072,714
968: 805,1048,785,865,569,1022
969: 999,907,713,1034
970: 774,813,588
971: 808,575,1001,1023,640,652,1188
972: 1198,1128
973: 505
974: 805,675
975: 780,871,1119,1132
976: 1031,928,1075,602,982,724,1060,1182,943
977: 1012,787,614,547,653,529,762
978: 591,539,832,1054,738,937,1025,1099
979: 790,942,687
980: 758,661,958
981: 780,717
982: 716,976,1182,943
983: 1096,560,651,796,1181
984: 722,554,690,719
985: 721,995,682,543,1015
986: 830,878,950
987: 1118,769,633,915,711,708,742,1147
988: 554,1005,891,619,722,690
989: 892,997,522,792,880,532
990: 835,1033
991: 1165,1161,585,1114,870
992: 741,772,921,1197,839
993: 804,1102
994: 788,556,1146,924
995: 657,721,985,682,543
996: 1105,895,553,751,1092,812,765
997: 639,989,880,1045
998: 825,1135,900
999: 863,907,969
1000: 827,703,913,627,948
1001: 849,666,922,808,971,575,708,640,652
1002: 759,618
1003: 
1004: 917,684,549,953
1005: 1105,812,554,988,891
1006: 1036,1085,517,886
1007: 675,701
1008: 881
1009: 779,518,1098,906
1010: 1052,879,874,911,904,513,524
1011: 963,590,566,1032,572,519,923
1012: 618,787,829,1120,614,547,977
1013: 872,550,582
1014: 703,913,627,694,1066
1015: 985,642
1016: 962,537,1176,836
1017: 784
1018: 635,646
1019: 1034,586,605
1020: 674,623
1021: 603,538,930,1073,756,1067
1022: 1048,785,865,805,968
1023: 971,575,1188,504,827
1024: 1112,927,555,669,840
1025: 1099,1054,978,591,510,738,937,1150
1026: 707,516,777
1027: 1095,896,749,725,1080
1028: 648,816,811
1029: 715,698,521
1030: 506,534,840,510,738,833,1150,845
1031: 928,527,905,1113,1075,602,976
1032: 590,566,550,929,572,519,1011,963
1033: 990,835,1038,643,927
1034: 1019,586,907,969,605
1035: 578,955,862,1044
1036: 1006,1085,886
1037: 1148,1155
1038: 835,1033,927,626,1094
1039: 651,855,1151
1040: 1060,1086
1041: 642
1042: 1165,873,1111,1192,1102
1043: 541
1044: 500,746,955,862,578,1035,1158,1125
1045: 880,997
1046: 665,1124,960,1094,515
1047: 887,776,895,553,1083
1048: 754,785,865,1022,805,968
1049: 735,939
1050: 524
1051: 1084,867,571,954,884
1052: 1010,879,874,904,513,524
1053: 599,815,859,906,702,523
1054: 832,539,706,737,978,591,937,1025,1099
1055: 650,1100,957,1174,649
1056: 564,1169
1057: 667,899,875,857,861
1058: 1079,868
1059: 740
1060: 724,602,976,1182,943,1040
1061: 570,557
1062: 858,778,838,919,1138,888,807,892
1063: 723,733,781,568
1064: 918,891,619,690,914
1065: 688,878,950
1066: 627,694,1014,720
1067: 1021,1073,756,801,710
1068: 732,826,639
1069: 1191,961,503,851,1088
1070: 611
1071: 1152,1109,683,946
1072: 663,1162,967,696,714,866
1073: 538,1021,647,1067
1074: 1082,959,1134
1075: 1031,928,976
1076: 689,1143
1077: 576,536,761,1189,635
1078: 828,636,731,1176,1129
1079: 912,598,1058
1080: 1095,896,749,1027
1081: 
1082: 1171,959,743,1074
1083: 887,1047,813,765,819
1084: 867,1148,938,859,1051
1085: 1006,1036,517,886
1086: 752,1040
1087: 1119,1123,1184,871,577,525
1088: 1190,961,834,844,1069,899
1089: 640,652,1133
1090: 926,902,692,728,680
1091: 883,697,758
1092: 751,895,553,1105,996,812
1093: 909
1094: 626,1038,665,1046,515,669,502
1095: 896,749,1027,1080
1096: 983,560,796
1097: 728,680,1195
1098: 779,764,656,518,815,1009,906
1099: 1025,832,1054,978,591,937
1100: 957,1055,1174,1145,649,567
1101: 545,584,528,678,926,1177
1102: 804,1042,1165,1199
1103: 1170,1183,595
1104: 1196,873,1111,1192
1105: 996,1092,812,765,1005
1106: 798,1185,1194,797
1107: 857
1108: 770
1109: 739,683,1071
1110: 839,1166,741,772,739,699
1111: 873,1104,1192,1042
1112: 1024,927,626,669,502,853,840
1113: 527,905,1031,928,602
1114: 855,1161,991,870,558
1115: 596,965,883
1116: 1158,847,608,746,862,1178
1117: 528,678,653,529,744,762,548,545
1118: 769,817,633,915,711,987
1119: 1087,1123,1184,871,975,577
1120: 829,618,1012,614,547,854,894
1121: 533,951
1122: 617,1195,699,946
1123: 1087,1119,812,577,525
1124: 670,960,665,1046
1125: 955,578,500,1044,597,622
1126: 1142
1127: 768,854,894,653,548,958
1128: 1198,848,972
1129: 636,731,720,1078
1130: 594,890,1173,563
1131: 659,910
1132: 975,525
1133: 1089,755,806,964
1134: 856,1074
1135: 998,791,900,654,1189
1136: 734,535,511,966,587
1137: 558,870,698,559,1140
1138: 858,778,1062,888,807,892
1139: 882
1140: 559,558,1137,698,790
1141: 
1142: 1126
1143: 689,677,1076
1144: 944,625,784
1145: 649,1100,957,1174,567,631
1146: 994,788,620
1147: 708,742,987,897,750
1148: 531,938,1037,1084
1149: 716
1150: 591,510,738,1030,534,1025,845
1151: 651,1039
1152: 1071,683,946,705
1153: 920
1154: 852,596,759
1155: 1037
1156: 910,830
1157: 893,908
1158: 1116,746,955,862,1178,500,1044
1159: 508,574,551
1160: 607
1161: 1165,991,1114,855,870
1162: 663,903,940,967,581,1072
1163: 755,1188,504,616
1164: 877,941,929,831,590,566,572,916,514
1165: 1042,1102,1161,991
1166: 1177,772,839,1110
1167: 931,945
1168: 610,750,658,806
1169: 564,1056
1170: 1103
1171: 1082,959
1172: 1174,526
1173: 632,710,890,542,594,1130,563
1174: 650,1055,1100,957,1145,649,1172
1175: 752
1176: 537,509,828,636,962,1078,1016
1177: 1101,1166
1178: 847,608,746,864,1158,1116,874
1179: 748,610,897
1180: 660
1181: 983,796,747,579,562
1182: 943,976,982,716,1060
1183: 503,851,1103
1184: 871,1087,1119,1123
1185: 798,1106,860,797,668
1186: 824,921,1197
1187: 
1188: 504,808,971,575,1023,652,755,1163
1189: 1135,900,1077,654
1190: 1088,834,844,899
1191: 1069,503
1192: 1104,1196,873,1111,1042,606
1193: 624,934,672,941,872,550
1194: 753,671,1106
1195: 1097,699,617,1122,814
1196: 730,1104,873,1192
1197: 921,1186,741,992,772
1198: 1128,972
1199: 804,1102,651
1202: 62,1207,17,14,69,134,35,1229,1227,1210,381,1203,1,1208,30,5,71,480
1203: 1,1209,1228,35,1229,1202,62,1207,17,88,1211,89,1208,30,5,71,15,72,48,29
1204: 61,6,74,168,26,64,82,56,3,83,8,2,1206,1221,68,31,1225,1223,1224,1219
1205: 1231,10,37,51,1232,92,1230,22,1218,47,1216,1212,7,63,0,49,1217,1226,73,1214,45,85,16
1206: 1221,68,3,83,61,6,74,1204,8,2,31,42,1225,1223,1222,1224,1220,1219,91,41,37,51
1207: 1202,62,17,14,69,134,35,1229,1227,381,1203,1,1208,30,5,71,480
1208: 30,5,71,35,1229,1202,62,1207,17,381,1203,1,480,48,29,199
1209: 25,21,1228,38,99,14,63,0,49,35,1229,1227,1210,16,88,1211,89,1203,1
1210: 35,1229,1227,38,99,14,69,25,21,1209,1228,1202,62,17,88,1211,89,1,5
1211: 88,89,63,0,25,21,1209,1228,35,1229,1227,1210,60,16,1203,1,70,84,15,72,48
1212: 1218,47,1216,7,91,37,51,96,55,28,10,1205,75,11,365,1217,32,1226,1213,73,1215,40,1214,45,85
1213: 1217,32,1226,73,1215,40,55,28,1218,47,1216,1212,7,10,75,11,365,1214,45,85,361,18,54,97,27,59,58
1214: 45,85,1218,47,1216,1212,7,10,1205,63,0,1217,32,1226,1213,73,1215,40,60,16,18,54,97,27,59,58,70,84
1215: 1217,32,1226,1213,73,40,55,28,1218,47,1216,1212,7,10,75,11,365,1214,45,85,361,18,54,97,27,59,58
1216: 1218,47,1212,7,91,37,51,55,28,1231,10,1205,75,11,365,1217,32,1226,1213,73,1215,40,1214,45,85
1217: 32,1226,1213,73,1215,40,96,55,28,1218,47,1216,1212,7,10,1205,75,11,365,1214,45,85,361,54,97,59,58
1218: 47,1216,1212,7,91,37,51,55,28,1231,10,1205,75,11,1217,32,1226,1213,73,1215,40,1214,45,85
1219: 31,42,1225,1223,1222,1224,1220,61,74,1204,8,66,1206,1221,68,23,78,37,51,92,22
1220: 31,42,1225,1223,1222,1224,1219,74,8,66,1206,1221,68,23,78,37,51,1232,92,1230,22
1221: 1206,68,3,83,61,74,1204,8,2,31,42,1225,1223,1222,1224,1220,1219,91,41,37,51
1222: 31,42,1225,1223,1224,1220,1219,74,8,66,1206,1221,68,23,78,37,51,1232,92,1230,22
1223: 31,42,1225,1222,1224,1220,1219,61,74,1204,8,9,66,1206,1221,68,23,78,37,51,92,1230,22
1224: 31,42,1225,1223,1222,1220,1219,61,6,74,1204,8,9,66,1206,1221,68,23,78,37,51,92
1225: 31,42,1223,1222,1224,1220,1219,61,74,1204,8,9,66,1206,1221,68,23,78,37,51,1232,92,1230,22
1226: 1217,32,1213,73,1215,40,55,28,1218,47,1216,1212,7,1231,10,1205,75,11,1214,45,85,18,54,97,27,59,58
1227: 35,1229,1210,38,99,14,69,25,21,1209,1228,1202,62,1207,17,1211,89,1,5
1228: 25,21,1209,22,38,99,14,63,0,49,35,1229,1227,1210,16,88,1211,89,1203,1
1229: 35,1227,1210,38,14,69,25,21,1209,1228,1202,62,1207,17,88,1211,89,1203,1,1208,30,5
1230: 1232,92,22,31,42,1225,1223,1222,1220,23,78,76,51,38,99,1231,10,1205,63,0,49,21
1231: 10,1205,37,51,1232,92,1230,22,1218,1216,7,63,0,49,1226,45,85,16
1232: 92,1230,22,42,1225,1222,1220,23,78,76,57,51,38,99,1231,10,1205,63,0,49,25,21