1278: 1247,1220,1263,1268,1279,1246,1271,1265,1270,1272,1276,1277,1266,1269
1262: 1259,1257,31,1256,1258,1260,1261
1261: 1259,1257,31,1256,1258,1260,1262
1276: 1271,1265,1270,1272,1277,1266,1269,1268,1279,1246,1247,1220,1263,1278
1279: 1268,1246,1271,1265,1270,1272,1276,1277,1266,1269,1220,1263,1278
1270: 1271,1265,1272,1276,1277,1266,1269,1268,1279,1220,1263,1278
1258: 1259,1257,31,1256,1260,1261,1262
1266: 1271,1265,1270,1272,1276,1277,1269,1268,1279,1246,1247,1220,1263,1278
1268: 1279,1246,1271,1265,1270,1272,1276,1277,1266,1269,1263,1278
1256: 1259,1257,31,1258,1260,1261,1262
1263: 1247,1220,1278,1268,1279,1246,1271,1265,1270,1272,1276,1277,1266,1269
1271: 1265,1270,1272,1276,1277,1266,1269,1268,1279,1246,1220,1263,1278
1247: 1220,1263,1278,1246,1276,1277,1266,1269
1265: 1271,1270,1272,1276,1277,1266,1269,1268,1279,1220,1263,1278
31: 1259,1257,1256,1258,1260,1261,1262
1272: 1271,1265,1270,1276,1277,1266,1269,1268,1279,1263,1278
1260: 1259,1257,31,1256,1258,1261,1262
1269: 1271,1265,1270,1272,1276,1277,1266,1268,1279,1246,1247,1220,1263,1278
1257: 1259,31,1256,1258,1260,1261,1262
1259: 1257,31,1256,1258,1260,1261,1262
1246: 1268,1279,1271,1276,1277,1266,1269,1247,1220,1263,1278
1220: 1247,1263,1278,1279,1246,1271,1265,1270,1276,1277,1266,1269
1277: 1271,1265,1270,1272,1276,1266,1269,1268,1279,1246,1247,1220,1263,1278