1574: 1605
543: 
1068: 1632,1656,1630,1655,1659,1653,1654,1657,1658,1640,1638,1627,1619,1624
1141: 1100,1688,461,1656,1708,1746
1543: 904,1349
566: 
949: 1651,1662,1640,1638,1627,1619,1644,1624,1636,1645,1639,1646,492,1754,1686,1664
1581: 1562,1514,1474
1445: 1530
1701: 1671,1700
977: 
1519: 1564,1430,1450,1531,1554,1479,1476
1373: 1637,1467,1537,1558
1572: 1527,456,986
1394: 1379,1415,1365,994,1345,1317,1346,1426,1316,323,1431
535: 
1878: 1724,996,452,1845,1896
1459: 1525
1509: 1357,1345,1428,1489
583: 588
1619: 1640,1638,1627,1644,1624,1632,1068,1731,1655,1659,1657,1636,1645,1639,1646,1651,1662,949
1376: 1395,1461,1501,1460
900: 
1520: 1495,1424,1672
1337: 1690,1503,1404
500: 
520: 
1393: 1346,1426,1316,323,1431,1415,994,1345,1317,1461,1395
1602: 1532,1528,1592,521
1623: 1066,1521,1618,1063,1065,1609,1083,1615,1731,1053
562: 
509: 
1174: 1062,531
822: 1487
947: 
563: 
985: 1557,1419,952,1571,487
1450: 1531,1554,1479,1519,1564,1430,1476,1478
1434: 1512
1556: 1576
995: 
551: 
1532: 1602,1528,1592,521
957: 
1540: 1499,1571
1687: 1668,1684,1663,1268,1326,1682
961: 
495: 
1456: 1387,1525
968: 
1718: 1765,1713,1733,1697,1694,1714
929: 
939: 
905: 
1461: 1346,1393,1426,1316,323,1431,1395,1376,1501
552: 1424,1672,1495
572: 
1506: 1478,1554,1479,903
560: 
504: 
1479: 1450,1531,1554,1443,1598,1519,1564,1506,1478
61: 1460
539: 
558: 
1527: 1572,456,986
1495: 1520,552,1424,1672
1582: 1569,403
922: 
589: 
1874: 1872,1899,1897,1893,1873,1895,1770,1868,1830,1882,1884,1907,1871,1838,1839
1600: 1789,477
598: 1788,1901
1202: 1650,1676,1684,1663,1682
1781: 1767,1779,1752,1827,1836
587: 
515: 983
1571: 487,1540,1499,1557,1419,952,985
569: 
996: 1724,1836,1766,1878
1823: 1886,1867,1904,1864,1902,1906,1887,1848,1851,1905,1900,1843,1880
1690: 1337,1503,1404
916: 
1172: 1635,1136
1605: 1574
591: 
926: 
1487: 822
1513: 1548
532: 
944: 
582: 
1295: 
948: 
1349: 904,1543
1064: 1088,965
588: 583
1253: 1278,1617,1635,1136,153,478,1578,1388
994: 1379,1394,1415,1365,1345,1317,1346,1393,1426,1316,323,1431
1518: 1537,1558
1496: 1660,1578,1388,1268,1326
1869: 1785
593: 
1426: 1346,1393,1316,323,1431,1394,1415,994,1345,1317,1461,1395
544: 
908: 
1606: 1844,1877,1876,1803,1853,1835,1810
955: 
1346: 1393,1426,1316,323,1431,1379,1394,1415,1365,994,1345,1317,1461,1395
906: 
1635: 1617,1136,153,478,1172,1253,1278
581: 
498: 537
932: 406
575: 525,1762,1892,1890,1862,1885,1866,1782,1716
993: 1814,1775,1898
1646: 1639,1655,1640,1638,1627,1619,1644,1624,1636,1645,1651,1662,949,1686,1664
531: 1062,1174
1395: 1376,1346,1393,1426,1316,323,1431,1461,1501
1428: 1489,1509,1357
513: 
1278: 1253,1617,1635,1136,153,478,1578,1388
1387: 1456,1525
1316: 1346,1393,1426,323,1431,1394,1415,994,1345,1317,1461,1395
1671: 1700,853,1677,1701,915
1458: 1443,1598,1397,1514,1474
506: 
975: 
911: 1585
555: 
597: 
979: 
988: 
963: 
1684: 1663,1202,1243,1161,1650,1676,1268,1326,1682,1668,1687
538: 
951: 
1348: 1402
536: 
592: 954
1063: 1618,1065,1609,1083,1612,1067,1069,1620,1615,1731,1623,1521
1562: 1581,1514,1474
1569: 1582,403
986: 1527,1572
559: 
586: 1841,1870,1834,1863,1807
903: 1514,1474,1506,1478
1589: 1732
596: 
1670: 1743,1723,1698,1745,1722,1733,1713
557: 
580: 
537: 498
978: 
153: 1617,1635,1136,478,1253,1278
980: 
1901: 1788,1793,1804,1860,1841,1870,1834,598
568: 
157: 1588,1501
965: 1088,1064
1860: 1804,1856,1821,1730,1793,1891,1834,1788,1901
902: 959,448
556: 
1503: 1404,1337,1690
1430: 1519,1564,1450,1531,1476
541: 
594: 
166: 1015,984
1708: 1746,1100,1141,1656,1630,1655,1659,1653,1654,1657,1658,1742
507: 1730,1756,1819,1795,1776,1821,1841,1834
700: 1009,454
1528: 1602,1532,1592
519: 
550: 
1547: 1580,480,1502,1536
574: 
940: 
1065: 1618,1063,1609,1083,1612,1067,1069,1620,1615,1731,1066,1623,1521
1837: 1699,1783,1801
923: 
1062: 1174,531
1053: 1066,1623
901: 
501: 503
1588: 157,1501
992: 
1290: 
534: 1828,1824,1813
967: 
573: 
547: 
976: 
919: 
1415: 1379,1394,1365,994,1345,1317,1346,1393,1426,1316,323,1431
1565: 1585
590: 525
1625: 237,1633
1514: 1474,903,1458,1581,1562
962: 1773,1809
927: 1806
1578: 1388,1253,1278,1268,1326,1496,1660
584: 
934: 418
1531: 1450,1554,1479,1519,1564,1430,1476
953: 
1197: 492,1664
973: 
517: 465
982: 530
1357: 1509,1345,1317,1428,1489
924: 
1891: 1793,1856,1804,1860
1424: 1672,552,1520,1495,1696,1679
990: 
578: 
1341: 1477
1149: 1184,1811
1388: 1578,1253,1278,1268,1326,1496,1660
1502: 1536,1580,1547,480
914: 
1419: 1557,952,985,1571,487,1499
1693: 1707,1725,1754,1703,1723,1698,1745,1722
1607: 232
925: 
1521: 1066,1623,1618,1063,1065,1083,1731,1636,1645
1100: 1141,1688,461,1656,1708,1746
1489: 1428,1509,1357
941: 
1659: 1630,1655,1653,1654,1657,1658,1632,1068,1656,1640,1638,1627,1619,1624,1708,1639
912: 
950: 
943: 
1443: 1598,959,1397,1479,1458
232: 1607
1742: 1708,1746,1719,1763,1703,1720
1551: 1414
1404: 1503,1337,1690
579: 
237: 1625,1858,1820,1856
508: 459
920: 
1379: 1394,1415,1365,994,1476,1345,1317,1346,323,1431
599: 
1580: 1547,480,1502,1536
514: 
1476: 1519,1564,1430,1450,1531,1379,1365
971: 
972: 
1557: 1419,952,985,1571,487,1499
1583: 1603,442,1825,1729,1846,999
1585: 1565,911
1402: 1348
1576: 1556
1345: 1317,1379,1394,1415,1365,994,1346,1393,1426,1316,323,1431,1509,1357
1526: 445,1561,1398
1512: 1434
512: 
942: 
571: 
1478: 1506,1450,1554,1479,903
1501: 1461,1395,1376,1588,157,1460
1563: 
928: 
1499: 1540,1571,487,1557,1419,952
567: 
528: 
909: 
1467: 1537,1558,1373
524: 525
998: 
853: 1677,1671,1700
585: 
523: 
1525: 1459,1456,1387
915: 1671,1700
1009: 700,454
533: 
959: 448,902,1443,1598,1397
913: 
530: 982
496: 
1088: 1064,965
522: 
958: 
553: 463,423
1474: 1514,903,1458,1581,1562
1365: 1379,1394,1415,994,1476,1345,1317,1346,323,1431
1530: 1445
510: 
542: 
960: 
984: 1015,166
952: 1557,1419,985,1571,487,1499
595: 408
1561: 1526,445,1398
505: 
521: 1602,1532,1592
999: 1583,1603
1795: 1776,981,1756,1819,507
518: 
1680: 1648,1686,1664,1692
502: 
956: 
1414: 1551
933: 
904: 1349,1543
1015: 166,984
1066: 1623,1521,1618,1065,1609,1083,1615,1731,1053
549: 546
991: 409,1847,1778
1268: 1326,1578,1388,1684,1663,1496,1660,1668,1687
1454: 1323
311: 1005
554: 
497: 
1536: 1502,1580,1547,480
548: 
526: 
989: 
1069: 1620,1612,1067,1618,1063,1065,1609,1083,1615
1601: 1590
545: 452,1845,1896,930
576: 
945: 
323: 1346,1393,1426,1316,1431,1379,1394,1415,1365,994,1345,1317,1461,1395
981: 1717,1796,1736,1751,1795,1776
946: 
516: 
1637: 1373
1161: 1650,1676,1684,1663,1682
570: 
1716: 575,1862
1592: 1602,1532,1528,521
918: 
1184: 1149,1811
1714: 1694,1718,1765,1697,1695,1721,1787
1323: 1454
1686: 1664,1646,1651,1662,949,492,1754,1680,1648
1243: 1650,1676,1684,1663
499: 
1460: 1376,1501,61
1732: 1589
938: 
966: 
1700: 1671,853,1677,1701,915
937: 
1477: 1341
921: 
1698: 1723,1745,1722,1707,1693,1725,1743,1670
1326: 1268,1578,1388,1684,1663,1496,1660,1668,1687
540: 
997: 
503: 501
917: 
1766: 1836,1724,996
1537: 1518,1467,1558,1373
546: 549
1067: 1612,1069,1620,1618,1063,1065,1609,1083
970: 
1603: 1583,442,1825,1729,1846,999
1733: 1743,1670,1718,1765,1713
1668: 1687,1684,1663,1268,1326,1682
1719: 1763,1742,1703,1720,1699
1431: 1346,1393,1426,1316,323,1379,1394,1415,1365,994,1345,1317,1461,1395
931: 
565: 
529: 
1005: 311
561: 
1624: 1640,1638,1627,1619,1644,1632,1068,1630,1655,1659,1653,1654,1657,1658,1636,1645,1639,1646,1651,1662,949
964: 
1398: 1526,445,1561
1317: 1345,1379,1394,1415,1365,994,1346,1393,1426,1316,323,1431,1357
954: 592
1575: 1642,1641,1643
1590: 1601
1741: 1811,1783
1558: 1518,1467,1537,1373
1548: 1513
564: 
511: 
1788: 1901,1804,1860,1841,1870,1834,598
969: 
527: 
1136: 1617,1635,153,478,1172,1253,1278
1554: 1450,1531,1479,1598,1519,1564,1506,1478
987: 
935: 
1397: 959,1443,1598,1458
1083: 1618,1063,1065,1609,1612,1067,1069,1620,1615,1731,1066,1623,1521
974: 
907: 
1598: 1443,959,1397,1554,1479,1458
930: 545
577: 1696,1679
983: 515
525: 590,524,575,1862
1409: 
1564: 1519,1430,1450,1531,1554,1479,1476
910: 
936: 
400: 
401: 
402: 
403: 1582,1569
404: 
405: 
406: 932
407: 
408: 595
409: 991
410: 
411: 
412: 
413: 
414: 429
415: 
416: 
417: 
418: 934
419: 
420: 
421: 
422: 
423: 553
424: 
425: 
426: 
427: 
428: 
429: 414
430: 
431: 
432: 
433: 
434: 
435: 
436: 
437: 
438: 
439: 
440: 
441: 
442: 1791,1825,1583,1603
443: 
444: 
445: 1526,1561,1398
446: 
447: 
448: 959,902
449: 
450: 
451: 
452: 1878,1845,545
453: 476
454: 1009,700
455: 
456: 1527,1572
457: 
458: 
459: 508
460: 
461: 1750,1875,1688,1100,1141,1656,1630,1653,1654,1658
462: 
463: 553
464: 
465: 517
466: 
467: 
468: 
469: 
470: 
471: 
472: 
473: 
474: 
475: 
476: 453
477: 1789,1600
478: 1617,1635,1136,153,1253,1278
479: 
480: 1580,1547,1502,1536
481: 
482: 
483: 
484: 
485: 
486: 
487: 1571,1499,1557,1419,952,985
488: 
489: 
490: 
491: 
492: 1651,1662,949,1686,1664,1197
493: 
494: 
1609: 1618,1063,1065,1083,1612,1067,1069,1620,1615,1731,1066,1623
1699: 1719,1763,1783,1837
1676: 1202,1243,1161,1650,1684,1663,1692,1682
1612: 1067,1069,1620,1618,1063,1065,1609,1083
1721: 1695,1685,1694,1714,1665,1702
1672: 1424,552,1520,1495,1696,1679
1615: 1069,1620,1618,1063,1065,1609,1083,1066,1623
1729: 1846,1583,1603
1617: 1635,1136,153,478,1253,1278
1618: 1063,1065,1609,1083,1612,1067,1069,1620,1615,1731,1066,1623,1521
1620: 1069,1612,1067,1618,1063,1065,1609,1083,1615
1627: 1640,1638,1619,1644,1624,1632,1068,1731,1655,1659,1657,1636,1645,1639,1646,1651,1662,949
1636: 1645,1731,1521,1640,1638,1627,1619,1644,1624,1639,1646,1651,1662,949
1629: 1633
1630: 1655,1659,1653,1654,1657,1658,461,1632,1068,1656,1640,1638,1624,1708,1746,1639
1631: 1634
1632: 1068,1656,1630,1655,1659,1653,1654,1657,1658,1640,1638,1627,1619,1624
1633: 1625,1629
1634: 1631
1638: 1640,1627,1619,1644,1624,1632,1068,1630,1655,1659,1653,1654,1657,1658,1636,1645,1639,1646,1651,1662,949
1639: 1646,1630,1655,1659,1653,1654,1657,1658,1640,1638,1627,1619,1644,1624,1636,1645,1651,949
1640: 1638,1627,1619,1644,1624,1632,1068,1630,1655,1659,1653,1654,1657,1658,1636,1645,1639,1646,1651,1662,949
1641: 1643,1575,1642
1642: 1575,1641,1643
1643: 1641,1575,1642
1644: 1640,1638,1627,1619,1624,1636,1645,1639,1646,1651,1662,949
1645: 1636,1731,1521,1640,1638,1627,1619,1644,1624,1639,1646,1651,1662,949
1685: 1695,1721,1665
1648: 1680,1686,1664,1692
1696: 1679,577,1424,1672
1650: 1202,1243,1161,1676,1684,1663,1692,1682
1651: 1662,949,1640,1638,1627,1619,1644,1624,1636,1645,1639,1646,492,1686,1664
1677: 853,1671,1700
1653: 1630,1655,1659,1654,1657,1658,461,1632,1068,1656,1640,1638,1624,1708,1746,1639
1654: 1630,1655,1659,1653,1657,1658,461,1632,1068,1656,1640,1638,1624,1708,1746,1639
1655: 1630,1659,1653,1654,1657,1658,1632,1068,1656,1640,1638,1627,1619,1624,1708,1746,1639,1646
1656: 461,1632,1068,1100,1141,1630,1655,1659,1653,1654,1657,1658,1708,1746
1657: 1630,1655,1659,1653,1654,1658,1632,1068,1656,1640,1638,1627,1619,1624,1708,1639
1658: 1630,1655,1659,1653,1654,1657,461,1632,1068,1656,1640,1638,1624,1708,1746,1639
1660: 1496,1578,1388,1268,1326
1720: 1703,1742,1719,1763
1662: 1651,949,1640,1638,1627,1619,1644,1624,1636,1645,1646,492,1686,1664
1663: 1684,1202,1243,1161,1650,1676,1268,1326,1682,1668,1687
1664: 1686,1646,1651,1662,949,492,1197,1680,1648
1665: 1702,1685,1695,1721
1679: 1696,577,1424,1672
1682: 1202,1161,1650,1676,1684,1663,1692,1668,1687
1689: 1817,1768,1832,1790
1688: 1750,1875,461,1100,1141
1797: 1760,1863,1807
1692: 1680,1648,1650,1676,1682
1694: 1714,1718,1765,1713,1695,1721
1695: 1721,1685,1694,1714,1665,1702
1697: 1718,1765,1714,1787
1702: 1665,1695,1721
1703: 1720,1742,1719,1763,1693
1814: 1894,1855,993
1767: 1779,1781,1752
1842: 1903,1871,1838,1835,1857,1879,1806,1881,1908,1859
1707: 1693,1725,1754,1723,1698,1745,1722
1731: 1618,1063,1065,1609,1083,1066,1623,1521,1627,1619,1636,1645
1730: 507,1756,1819,1821,1804,1860,1841,1870,1834
1724: 996,1836,1766,1878
1713: 1718,1765,1743,1670,1733,1694
1717: 1796,1769,1771,1810,981
1722: 1723,1698,1745,1707,1693,1743,1670
1723: 1698,1745,1722,1707,1693,1725,1743,1670
1725: 1707,1693,1754,1723,1698
1841: 1870,1834,1821,1730,507,1804,586,1788,1901
1728: 1792,1896,1772,1802
1807: 586,1760,1797,1863
1772: 1802,1792,1728
1736: 1751,981
1737: 1831,1775,1898,1888
1830: 1868,1882,1884,1907,1874,1872,1899,1897,1893,1871,1838,1839,1857,1879
1765: 1718,1713,1733,1697,1694,1714
1740: 1847,1778,1798
1743: 1670,1723,1698,1745,1722,1733,1713
1778: 1847,991,1824,1740
1745: 1723,1698,1722,1707,1693,1743,1670
1746: 1708,1100,1141,1656,1630,1655,1653,1654,1658,1742
1796: 1717,1769,1771,1810,981
1858: 1820,237,1856
1813: 534,1824
1750: 1875,1688,461
1751: 1736,981
1752: 1767,1779,1781,1827,1836
1801: 1783,1837
1754: 949,1686,1707,1693,1725
1857: 1879,1868,1830,1882,1884,1907,1871,1838,1842,1903,1806,1881,1908,1859
1756: 1819,1795,1821,1730,507
1835: 1853,1844,1877,1871,1838,1606,1842,1769,1771,1810
1760: 1797,1863,1807
1762: 1892,1890,1864,1902,1906,575,1843,1880,1885,1866,1782
1763: 1719,1742,1703,1720,1699
1825: 1791,442,1583,1603
1768: 1832,1689,1817,1790
1769: 1771,1810,1835,1717,1796
1770: 1873,1895,1849,1883,1874,1872,1899,1897,1893
1771: 1769,1810,1835,1717,1796
1773: 962,1809
1775: 1898,993,1831,1888,1737
1776: 1795,981,1819,507
1779: 1767,1781,1752,1827
1782: 1885,1866,1864,1762,1892,1890,575,1843
1783: 1811,1699,1741,1837,1801
1785: 1869
1881: 1806,1908,1857,1879,1842,1903,1859
1787: 1697,1714
1789: 1600,477
1790: 1768,1689,1817
1791: 442,1825
1792: 1728,1845,1896,1772,1802
1793: 1891,1856,1804,1860,1901
1798: 1740
1809: 962,1773
1802: 1772,1792,1728
1803: 1876,1885,1866,1844,1877,1606
1804: 1860,1856,1821,1730,1793,1891,1841,1870,1834,1788,1901
1890: 1762,1892,1864,1902,1906,575,1843,1880,1885,1866,1782
1806: 1881,1908,1857,1879,1842,1903,927,1859
1867: 1886,1823,1904,1883,1864,1902,1906,1887,1848,1851,1905,1900,1843,1880
1810: 1769,1771,1853,1835,1606,1717,1796
1811: 1149,1184,1741,1783
1844: 1877,1848,1851,1905,1900,1843,1880,1885,1866,1876,1803,1853,1835,1606
1885: 1866,1782,1864,1902,1906,1762,1892,1890,575,1843,1880,1844,1877,1876,1803
1817: 1689,1768,1832,1790
1818: 1876,1828,1827
1819: 1756,1795,1776,1821,1730,507
1820: 1858,237,1856
1821: 1756,1819,1856,1730,507,1804,1860,1841,1870,1834
1824: 534,1847,1778,1813
1859: 1857,1879,1842,1903,1806,1881,1908
1827: 1876,1818,1828,1779,1781,1752
1828: 1818,534,1827
1831: 1775,1898,1888,1737
1832: 1768,1689,1817
1880: 1843,1886,1823,1867,1904,1864,1902,1906,1762,1890,1887,1848,1851,1905,1900,1885,1866,1844,1877
1834: 1841,1870,1821,1730,507,1804,1860,586,1788,1901
1836: 1781,1752,1766,1724,996
1838: 1871,1839,1874,1872,1897,1868,1830,1882,1884,1907,1835,1857,1879,1842,1903
1839: 1871,1838,1874,1872,1899,1897,1893,1868,1830,1882,1884,1907
1851: 1887,1848,1905,1900,1883,1886,1823,1867,1904,1902,1906,1843,1880,1844,1877
1843: 1880,1886,1823,1867,1904,1864,1902,1906,1762,1892,1890,1887,1848,1851,1905,1900,1885,1866,1782,1844,1877
1845: 1896,1878,452,545,1792
1846: 1729,1583,1603
1847: 1778,991,1824,1740
1848: 1887,1851,1905,1900,1883,1886,1823,1867,1904,1864,1902,1906,1843,1880,1844,1877
1849: 1883,1873,1895,1770
1853: 1835,1844,1877,1871,1606,1810
1855: 1894,1814
1856: 237,1858,1820,1821,1793,1891,1804,1860
1862: 525,575,1716
1863: 586,1760,1797,1807
1864: 1902,1906,1886,1823,1867,1904,1762,1892,1890,1887,1848,1905,1900,1843,1880,1885,1866,1782
1899: 1874,1872,1897,1893,1873,1895,1770,1868,1830,1882,1884,1907,1839
1866: 1885,1782,1864,1906,1762,1892,1890,575,1843,1880,1844,1877,1876,1803
1868: 1830,1882,1884,1907,1874,1872,1899,1897,1871,1838,1839,1857,1879,1903
1870: 1841,1834,1821,1730,1804,586,1788,1901
1871: 1838,1839,1874,1872,1897,1868,1830,1882,1884,1907,1853,1835,1857,1879,1842,1903
1872: 1874,1899,1897,1893,1873,1895,1770,1868,1830,1882,1884,1871,1838,1839
1873: 1895,1770,1849,1883,1874,1872,1899,1897,1893
1875: 1750,1688,461
1876: 1803,1885,1866,1844,1877,1818,1606,1827
1877: 1844,1848,1851,1905,1900,1843,1880,1885,1866,1876,1803,1853,1835,1606
1879: 1857,1868,1830,1882,1884,1907,1871,1838,1842,1903,1806,1881,1908,1859
1882: 1868,1830,1884,1907,1874,1872,1899,1897,1893,1871,1838,1839,1857,1879
1883: 1849,1886,1867,1904,1873,1895,1770,1887,1848,1851,1905
1884: 1868,1830,1882,1907,1874,1872,1899,1897,1893,1871,1838,1839,1857,1879
1886: 1823,1867,1904,1883,1864,1902,1906,1887,1848,1851,1905,1900,1843,1880
1887: 1848,1851,1905,1900,1883,1886,1823,1867,1904,1864,1902,1906,1843,1880
1888: 1831,1775,1898,1737
1892: 1762,1890,1864,575,1843,1885,1866,1782
1893: 1874,1872,1899,1897,1873,1895,1770,1830,1882,1884,1839
1894: 1814,1855
1895: 1873,1770,1849,1883,1874,1872,1899,1897,1893
1896: 1845,1878,545,1792,1728
1897: 1874,1872,1899,1893,1873,1895,1770,1868,1830,1882,1884,1907,1871,1838,1839
1898: 1775,993,1831,1888,1737
1900: 1887,1848,1851,1905,1886,1823,1867,1904,1864,1902,1906,1843,1880,1844,1877
1902: 1864,1906,1886,1823,1867,1904,1762,1890,1887,1848,1851,1905,1900,1843,1880,1885
1903: 1842,1868,1907,1871,1838,1857,1879,1806,1881,1908,1859
1904: 1886,1823,1867,1883,1864,1902,1906,1887,1848,1851,1905,1900,1843,1880
1905: 1887,1848,1851,1900,1883,1886,1823,1867,1904,1864,1902,1906,1843,1880,1844,1877
1906: 1864,1902,1886,1823,1867,1904,1762,1890,1887,1848,1851,1905,1900,1843,1880,1885,1866
1907: 1868,1830,1882,1884,1874,1899,1897,1871,1838,1839,1857,1879,1903
1908: 1806,1881,1857,1879,1842,1903,1859