1574: 1605,311,1005,1612,1067
543: 
1068: 1632,1656,1708,1630,1655,1659,1653,1654,1657,1658,1640,1638,1627,1619,1624
1141: 1100,1656,1708,1746
1543: 1349,475
566: 
949: 1713
1581: 1562,556
1445: 1530,2148,2224,410,2326,1551,2407,2442,2071,2470,589,1414
1701: 2040,2413,2410,1671,2392,2465,1700,2364,2394,2266
977: 1883
1519: 1564,1430,1531,1499,1571,1479,1554,1450,1476,157
1373: 1467
1572: 1527,907,1397,1458
1394: 1379,1415,1365,1419,1557,1588,1345,1317,1501,1346,323,1431
535: 
1939: 2021
1459: 1525,482
1509: 1357,1376,1345,1501,1393,1428
583: 2087,2050,2349,2165,2096,2031,1976,2104,2290,2164,2072,2223
1619: 1640,1638,1627,1644,1624,1646,1632,1068,1521,1731,1655,1659,1653,1657,1636,1645,1639
1376: 1509,1357,1345,1317,1501,1346,1393,1426,323,1431
900: 455
1520: 1495,1540,1499,1571,1479,1554
1337: 1690,911,2336,2070,2274,2146,1487,822
500: 423
520: 
1393: 1346,1426,1316,323,1431,1345,1317,1501,1461,1509,1376,1395
1602: 1532
1623: 1053,1618,1065,1083,1615,492,2026,2119,1066,1662,1651
562: 
509: 
1174: 1062
822: 1487,1337,1690,2148,2224,410
947: 570
563: 541
985: 
1450: 1519,1564,1430,1531,1476
2261: 2342,2094,2337,2282,2276,2339,2246,2253,2244,2312,2347,2245,2044,2240,2381,2234,2110,2283,2159,2275,2345,2338,2404,2089,2181,2149,2258,2323,2204,2045,2272,2091,2281,2279,2139,2280
1556: 1576
995: 502,444,1979,1883
551: 
1532: 1477,1341,1602
957: 
1540: 1499,1571,1479,1554,1520,1495
1687: 1668,1496,1660,1637
961: 
495: 
1456: 1387,1419,1557
968: 
1718: 1765,1713
929: 
939: 
905: 
1461: 1346,1393,1426,1316,323,1431,1395
552: 1424,1672,577
572: 
1506: 1478
560: 1895,2014
504: 
1479: 1540,1499,1571,1554,1520,1495,1519,1564,1430,1531
61: 1460
539: 
558: 1768
1527: 1572,907,1397,1458
1495: 1520,1540,1499,1571,1479,1554
2145: 2198,2199,2281,2132,2237,2279,2139,2329,2197,2260,2335,2271,2043,2236,2254,2141,2074,2098,2097,2042,2206,580,2161,2117,2239
922: 
589: 1414,1530,1445,1551,1477,1341
1874: 1770,1951,1926,1872,1907,1830,1882,1884
1600: 1789
598: 1756,1804,1860,1841,1834,586
1202: 1684,1663,1650,1676,1682
1781: 1752,1779,1767,1766
587: 
515: 
1571: 1540,1499,1479,1554,1520,1495,1519,1564,1430
569: 946,1992,2073,1963,1942
996: 1798,1740
1823: 1920,1940,1848,1986,1955,1904,1948,1864,1887,1912,1906,1919
1690: 1337,911,2336,2070,2274,2146,1487,822
916: 
1172: 1136,1635,1617
1605: 1574,311,1005,1612,1067
591: 
926: 2350,1773,2449,2286,918
1487: 822,1337,1690,2148,2224,410
1513: 1548,904
532: 
944: 
582: 
1295: 
948: 
1349: 1543,475
1064: 1088,415
588: 2303,2444,2399,2460,2479
1253: 1278,1869,454
994: 
1518: 
1496: 1660,1326,1268,1668,1687
1869: 153,1635,1617,1278,1253
593: 
1426: 1346,1393,1316,323,1431,1415,1588,1345,1317,1501,1461,1376,1395
544: 
908: 1629,1633
1606: 1839,1853,1900,1851,1835
955: 
1346: 1393,1426,1316,323,1431,1379,1394,1415,1365,1588,1345,1317,1501,1461,1376,1395
906: 
1635: 153,1617,1869,1172,1136
581: 
498: 928
932: 
575: 1922,1890,1910,1876,1803,1844
993: 1740,1791
1646: 1640,1638,1627,1619,1644,1624,1655,1636,1645,1639
531: 1788
1395: 1346,1393,1426,1316,323,1431,1461
1428: 1509,1357
513: 2371,2257
1278: 1253,1869
1387: 1456,1419,1557
1316: 1346,1393,1426,323,1431,1588,1345,1317,1501,1461,1395
1671: 1701,2040,2413,2410,2392,853,1677,2462,2464,2268,2463,2454,2465,1700,2364,2334,2263,2409,2394,2262,2266,2363
1458: 1397,1527,1572,1514,1474
506: 
975: 
911: 1787,1697,962,2369,2336,2070,1337,1690
555: 
597: 
979: 971
988: 
963: 
1684: 1202,1243,1161,1663,1650,1686,1676,1682
538: 
951: 
1348: 1402
536: 
592: 
1063: 1618,1065,1609,1083,1612,1067,1069,1620,2084,1615,2026,2119,1521,1731
1562: 1581,556
1569: 
986: 1598,1443
559: 
586: 1841,1870,1730,1834,598,1804,1860
903: 
1589: 1732,912
596: 1665
1670: 1743,1745,1722,1698,1723
557: 
580: 2097,2042,2206,2198,2145,2074,2098,2161,2117,2239,2116,1985
537: 982
978: 
153: 1635,1617,1869,1136
980: 
1974: 1963,1942,1941,1965,1921,1986,1955
568: 2141,2074,2098,1966,2116,1985,1950,2067,2061
157: 1476,1519,1564,1430,1379,1415,1365,1588
965: 1793,1891
1860: 1804,598,1841,1870,1730,1834,586
902: 
556: 1562,1581
1503: 1404
1430: 1519,1564,1531,1571,1479,1554,1450,1476,157
541: 563
594: 
166: 1015,1688
1708: 1656,1746,1632,1068,1630,1655,1659,1653,1654,1657,1658,1141,1100
507: 1760,1797,1863,1807
700: 1009
1528: 1592
519: 
550: 
1547: 1580
574: 
940: 
1065: 1618,1063,1609,1083,1612,1067,1069,1620,2084,1615,492,2026,2119,1521,1731,1066,1623
1837: 1783
923: 
1062: 1174
1053: 1623,1066
901: 
501: 
1588: 1476,157,1379,1394,1415,1365,1345,1317,1346,1426,1316,323,1431
992: 
1290: 
534: 1978,1818
967: 
573: 
547: 
976: 
919: 997,488
1415: 1379,1394,1365,157,1419,1557,1588,1345,1317,1501,1346,1426,323,1431
1565: 1585,1695,1702,1665
590: 2018,2036,2030,1966,1995,1950,2067,2061,1999,2020
1625: 237
1514: 1474,1397,1458
962: 1697,911
927: 1934,1879,1938,1915,1820,1858
1578: 1388
584: 533
934: 
1531: 1519,1564,1430,1479,1554,1450,1476
953: 
1197: 1664,1686
973: 
517: 
982: 537
1357: 1509,1376,1345,1501,1428
924: 
1891: 1793,965
1424: 1672,577,552,952
990: 
578: 
1341: 1477,2407,2442,2071,2470,589,1414,1532
1149: 1184
1388: 1578
1502: 1536
914: 
1419: 1557,1387,1456,1379,1394,1415,1365,1345,1317
1693: 1707,1725,1754,1703,1720,1698,1723
1607: 232
925: 431
1521: 1731,1618,1063,1065,1609,1083,1066,1627,1619,1636,1645
1100: 1141,1656,1708,1746
2107: 2150,2184,2226,2251,2131,2225,2154,2238,2219,2288,2289,2250,2252,2246,2300,2253,2216,2244,2312,2259,2138,2249,2256,2162,2247,2129,2248,2234,2110,2283,2159,2163,2062,2176,2175,2182,2064,2188,2186,1994,2183,2187,2185,2170,2181,2149,2258,2323
941: 
1659: 1630,1655,1653,1654,1657,1658,1632,1068,1656,1708,1640,1638,1627,1619,1624,1639
912: 1589,1732
950: 
943: 
1443: 1598,986
232: 1607
1742: 1699
1551: 2224,410,1530,1445,589,1414
1404: 1503
579: 
237: 1625
508: 
920: 
1379: 1394,1415,1365,1476,157,1419,1557,1588,1345,1317,1346,323,1431
599: 
1580: 1547
514: 
1476: 157,1519,1564,1430,1531,1450,1379,1365,1588
971: 979
972: 
1557: 1419,1387,1456,1379,1394,1415,1365,1345,1317
1583: 1603
1585: 1565,1695,1702,1665
1402: 1348
1576: 1556
1345: 1317,1501,1419,1557,1379,1394,1415,1365,1588,1346,1393,1426,1316,323,1431,1509,1357,1376
1526: 1561
2281: 2132,2237,2279,2139,2280,2094,2337,2282,2276,2261,2339,2275,2345,2338,2404,2196,2191,2089,2002,2193,2272,2091,2329,2197,2260,2140,2201,2043,2236,2198,2199,2145
512: 
942: 
571: 
1478: 1506
1501: 1345,1317,1394,1415,1346,1393,1426,1316,323,1431,1509,1357,1376
1563: 
928: 498
1499: 1540,1571,1479,1554,1520,1495,1519,1564
567: 
528: 
909: 
1467: 1373
524: 1986,1955,1948,1864,2033,2059,2004,1922,1919
998: 426
853: 1677,2377,2476,2475,2477,2462,2464,2375,2427,915,2465,1700,2364,2040,2413,1671,2392
585: 576
523: 
1525: 1459,482
915: 2433,2375,2152,2427,2377,2476,2475,853,1677,2461,2376,2429,2417,2480,2465,1700,2364,2357,2352,2414,2355,2157,2419,2416,2310,2378,2379,2265,2365,2263,2409,2333
1009: 700
533: 584
959: 456
913: 
530: 958
496: 474
1088: 1064,415
522: 
958: 530
553: 
1474: 1514,1397,1458
1365: 1379,1394,1415,1476,157,1419,1557,1588,1345,1317,1346,1431
1530: 1445,2148,2224,410,2326,1551,2407,2442,2071,2470,589,1414
510: 
542: 
960: 
984: 
952: 1424
595: 
1561: 1526
505: 
521: 
999: 
1795: 1736,1751,1776,1960
518: 
1680: 1648,1664,1650,1686,1676
502: 444,995
956: 
1414: 589,1530,1445,1551,1477,1341
933: 
904: 1513,1548
1015: 166,1688
1066: 1618,1065,1083,1615,492,2026,1521,1731,1053,1623,1662,1651
549: 
991: 409,1984,1855,1778,1847
1268: 1326,454,1496,1660
1454: 1323
311: 1005,1605,1574
554: 
497: 
1536: 1502
548: 
526: 
989: 
1069: 1620,2084,1612,1067,1618,1063,1065,1609,1083,1615,2026,2119
1601: 1590
545: 1772,1802,1729,1846
576: 585
945: 
323: 1346,1393,1426,1316,1431,1379,1394,1415,1588,1345,1317,1501,1461,1376,1395
981: 1970,1788,1863,1807
946: 569,2052,2029,1992,2073,1972,2015,1963,1942
516: 411
1637: 1668,1687
1161: 1684,1663,1650,1676,1682
570: 947
1985: 2116,2098,2097,2042,2206,580,2161,2117,568
1592: 1528
918: 2350,1773,926,2326,2286,2407,2442,2071,2470
1184: 1149
1714: 1694
1323: 1454
1686: 1650,1676,1197,1664,1648,1680,1684,1663
1243: 1684,1663,1676,1682
499: 
1460: 61
1732: 1589,912
938: 
966: 2255,2072,2189,2223
1700: 2465,2364,853,1677,2462,2464,2375,2427,915,1701,2040,2413,2410,1671,2392,2263,2409,2394,2262,2266
937: 
1477: 1341,2407,2442,2071,2470,589,1414,1532
921: 
1698: 1745,1722,1703,1720,1707,1693,1725,1723,1743,1670
1326: 1268,454,1496,1660
540: 490,2425,2423,2192,2472,2340,2328,2428,2435,2195,2397
997: 919
503: 
917: 
1766: 1781,1752,525,1836
1537: 1558
546: 
1067: 1612,1605,1574,1069,1620,2084,1618,1063,1065,1609,1083
970: 
1603: 1583
2233: 2348,2444,2168,2443,2447,2445,2209,2399,2298,2479,2360,2448,2421,2446,2383,2166,2385,2384,2287,2418,2426,2366,1997,2208,2359,2346
1668: 1687,1496,1660,1637
1719: 1763
1431: 1346,1393,1426,1316,323,1379,1394,1415,1365,1588,1345,1317,1501,1461,1376,1395
931: 
565: 
529: 
1005: 311,1605,1574
561: 418
1624: 1640,1638,1627,1619,1644,1646,1632,1068,1630,1655,1659,1653,1654,1657,1658,1636,1645,1639
964: 
2033: 2059,2057,2004,524
1317: 1345,1501,1419,1557,1379,1394,1415,1365,1588,1346,1393,1426,1316,323,1431,1376
954: 
1575: 1642,1641,1643
1590: 1601
2104: 2207,2213,2211,2210,2167,2103,2232,1976,2229,2227,2038,2228,2087,2050,583,2164
1558: 1537
1548: 1513,904
564: 
511: 
1788: 1970,981,1863,1807,531
969: 
527: 
1136: 1172,1662,1651,153,1635,1617
1554: 1540,1499,1571,1479,1520,1495,1519,1564,1430,1531
987: 
935: 
1397: 1458,1527,1572,1514,1474
1083: 1618,1063,1065,1609,1612,1067,1069,1620,2084,1615,492,2026,2119,1521,1066,1623
974: 
907: 1527,1572
1598: 1443,986
930: 
577: 1424,1672,552
983: 
525: 1766,1836
1984: 1855,409,991,1778
1564: 1519,1430,1531,1499,1571,1479,1554,1450,1476,157
910: 
936: 
400: 
401: 
402: 
403: 
404: 
405: 
406: 
407: 
408: 
409: 1984,991
410: 1487,822,2148,2224,1530,1445,1551
411: 516
412: 
413: 
414: 429
415: 1064,1088
416: 
417: 
418: 561
419: 
420: 
421: 
422: 
423: 500
424: 
425: 
426: 998
427: 
428: 
429: 414
430: 
431: 925,446
432: 
433: 
434: 2358,2173
435: 
436: 
437: 
438: 
439: 
440: 
441: 
442: 1729,478
443: 
444: 502,995,1979,1883
445: 
446: 431
447: 
448: 
449: 
450: 
451: 
452: 
453: 
454: 1253,1326,1268
455: 900
456: 959
457: 
458: 
459: 
460: 
461: 1634,1631
462: 
463: 
464: 
465: 
466: 
467: 
468: 
469: 
470: 
471: 
472: 
473: 
474: 496
475: 1349,1543
476: 
477: 
478: 442
479: 
480: 
481: 
482: 1525,1459
483: 
484: 
485: 
486: 
487: 
488: 919
489: 
490: 2425,2423,2192,2242,2372,2292,2291,2438,2439,2478,2296,2451,2388,2450,2046,2424,540,2382,2344,2408,2472,2340,2437,2405,2277,2328,2428,2435,2195,2397
491: 
492: 1615,2026,2119,2084,1618,1065,1083,2007,1066,1623
493: 
494: 
1609: 1618,1063,1065,1083,1612,1067,1069,1620,2084,1615,2026,2119,1521
1699: 1742
1676: 1650,1686,1664,1648,1680,1202,1243,1161,1684,1663,1692
1612: 1067,1605,1574,1069,1620,2084,1618,1063,1065,1609,1083
1721: 1695
1672: 1424,577,552
1615: 492,2026,2119,1069,1620,2084,1618,1063,1065,1609,1083,1066,1623
1729: 1846,1772,1802,545,442
1617: 153,1635,1869,1172,1136
1618: 1063,1065,1609,1083,1612,1067,1069,1620,2084,1615,492,2026,2119,1521,1731,1066,1623
1620: 1069,2084,1612,1067,1618,1063,1065,1609,1083,1615,2026,2119
1627: 1640,1638,1619,1644,1624,1646,1632,1068,1521,1731,1655,1659,1653,1657,1636,1645,1639
1636: 1645,1521,1731,1640,1638,1627,1619,1644,1624,1646,1639
1629: 1633,908
1630: 1655,1659,1653,1654,1657,1658,1632,1068,1656,1708,1746,1640,1638,1624,1639
1631: 1634,461
1632: 1068,1656,1708,1746,1630,1655,1659,1653,1654,1657,1658,1640,1638,1627,1619,1624
1633: 1629,908
1634: 1631,461
1638: 1640,1627,1619,1644,1624,1646,1632,1068,1630,1655,1659,1653,1654,1657,1658,1636,1645,1639
1639: 1630,1655,1659,1653,1654,1657,1658,1640,1638,1627,1619,1644,1624,1646,1636,1645
1640: 1638,1627,1619,1644,1624,1646,1632,1068,1630,1655,1659,1653,1654,1657,1658,1636,1645,1639
1641: 1643,1575,1642
1642: 1575,1641,1643
1643: 1641,1575,1642
1644: 1640,1638,1627,1619,1624,1646,1655,1636,1645,1639
1645: 1636,1521,1731,1640,1638,1627,1619,1644,1624,1646,1639
1685: 1692
1648: 1680,1664,1650,1686,1676
1696: 1679
1650: 1686,1676,1664,1648,1680,1202,1161,1684,1663,1692
1651: 1662,1066,1623,1136
1677: 853,2377,2476,2475,2477,2462,2464,2375,2427,915,2465,1700,2364,2040,2413,1671,2392
1653: 1630,1655,1659,1654,1657,1658,1632,1068,1656,1708,1746,1640,1638,1627,1619,1624,1639
1654: 1630,1655,1659,1653,1657,1658,1632,1068,1656,1708,1746,1640,1638,1624,1639
1655: 1630,1659,1653,1654,1657,1658,1632,1068,1656,1708,1746,1640,1638,1627,1619,1644,1624,1646,1639
1656: 1708,1746,1632,1068,1630,1655,1659,1653,1654,1657,1658,1141,1100
1657: 1630,1655,1659,1653,1654,1658,1632,1068,1656,1708,1746,1640,1638,1627,1619,1624,1639
1658: 1630,1655,1659,1653,1654,1657,1632,1068,1656,1708,1746,1640,1638,1624,1639
1660: 1496,1326,1268,1668,1687
1720: 1703,1707,1693,1725,1745,1722,1698,1723
1662: 1651,1066,1623,1136
1663: 1202,1243,1161,1684,1664,1650,1686,1676,1682
1664: 1197,1648,1680,1650,1686,1676,1663
1665: 1565,1585,1702,596
1679: 1696
1682: 1202,1243,1161,1684,1663,1692
1689: 1817,1790,2469,2467,2123,2468,2285,2398
1688: 1015,166
1797: 1760,507
1692: 1650,1676,1682,1685
1694: 1714
1695: 1721,1565,1585
1697: 1787,962,911
1702: 1565,1585,1665
1703: 1720,1707,1693,1725,1745,1722,1698,1723
1982: 2135,2077,2147,2137,2114,2167,2120,2202,2143,2142,2270,2190,2122,2169,2112,2205,2177,2130,2227,2038,2228,2093,2144,2134,2160,2121,2099,2113
1767: 1779,1877,1769,1771,1781,1752,1736,1751
1842: 1871,1838,1835,1810,1717,1796
1707: 1693,1725,1754,1703,1720,1698,1723
1731: 1521,1618,1063,1065,1066,1627,1619,1636,1645
1730: 1841,1870,1834,586,1804,1860
1926: 1951,1899,1946,1874
1713: 1718,1765,1743,949
1717: 1796,1842,1769,1771,1810,1736,1751
1722: 1745,1698,1703,1720,1723,1743,1670
1723: 1703,1720,1707,1693,1745,1722,1698,1743,1670
1725: 1707,1693,1754,1703,1720,1698
1841: 1870,1730,1834,586,598,1804,1860,1863
1728: 1792
1807: 1863,1870,507,1970,1788,981
1772: 1802,545,1729,1846
1736: 1751,1769,1771,1779,1767,1717,1796,1795
1737: 1888
1830: 1907,1882,1884,1874,1872,1839,1871,1838,1835
1765: 1718,1713
1740: 996,1798,993,1988,1791
1743: 1670,1745,1722,1698,1723,1713
1778: 1847,1984,991
1745: 1722,1698,1703,1720,1723,1743,1670
1746: 1656,1708,1632,1630,1655,1653,1654,1657,1658,1141,1100
1796: 1717,1842,1769,1771,1810,1736,1751
1858: 1820,1934,927,1915
2312: 2246,2300,2253,2216,2244,2214,2331,2024,2311,2325,2351,2243,2215,2219,2288,2289,2250,2252,2347,2240,2107,2150,2184,2234,2110,2283,2159,2337,2282,2261
1750: 1875
1751: 1736,1769,1771,1779,1767,1717,1796,1795
1752: 1781,1779,1767,1766,1836
2132: 2281,2237,2279,2139,2280,2094,2276,2339,2345,2338,2404,2196,2191,2089,2002,2193,2272,2091,2329,2197,2260,2140,2075,2090,2201,2043,2236,2198,2199,2145
1754: 1707,1693,1725
2321: 2341,2420,2156,2319,2322,2406,2320,2415,2356,2055,2357,2158,2352,2414,2355,2157,2419,2310,2378,2379,2178,2400,2315,2313,2314,2309,2308,2016,2221,2318,2316,2180,2317,2278,1961,2155,2353,2235,2226,2225,2154,2238
1756: 1819,1776,1960,598
1835: 1871,1838,1839,1853,1907,1830,1882,1884,1606,1842
1760: 1797,507
1917: 1906,1843,1920,1848,1887,1912,1922,1919,1890,1905,1880,1910
1763: 1719
1825: 1953
1768: 1832,558
1769: 1771,1810,1779,1767,1717,1796,1736,1751
1770: 1874,1872,1839
1771: 1769,1810,1779,1767,1717,1796,1736,1751
1773: 2350,926,2449,2326,2286,918,2407,2071
1775: 1898
1776: 1960,1795,1756,1819
1779: 1767,1877,1769,1771,1781,1752,1736,1751
2163: 2062,2176,2175,2122,2169,2112,2205,2177,2130,2259,2138,2249,2256,2162,2247,2129,2248,2107,2150,2184,2093,2144,2134,2160,2182,2064,2188,2186,1994,2183,2187,2185,2037,2092,2113,2133,2049,2063,2102,2012,2108
1783: 1837
1785: 1928
2046: 2424,2217,2361,2362,2363,2372,2292,2291,2438,2439,2478,2388,2386,2293,2324,2241,490,2425,2423,2242,2245,2044,2381,2382,2344,2408,2437
1787: 1697,911
1789: 1600
1790: 1689,1817,2174,2396,2455,2469,2467,2123,2468,2285,2398
1791: 1988,1798,1740,993
1792: 1728
1793: 965,1891
1798: 996,1740,1988,1791
2076: 2115,2127,2182,2188,2186,2187,2170,2181,2149,2204,2045,2102,2012,2108,2140,2075,2090,2201,2047
1802: 1772,545,1729,1846
1803: 1876,1844,1910,575,1900,1851,1877
1804: 1860,598,1841,1870,1730,1834,586
1890: 1922,1919,1920,1948,1864,1906,1917,1843,1910,575
2080: 2054,2037,2092,2113,2077,2147,2137,2114,2093,2144,2134,2160,2121,2099,2133,2049,2063,2095,2019,2065,2011
1867: 1913,1904,1887,1912
1810: 1769,1771,1842,1717,1796
1811: 
1844: 1876,1803,575,1900,1851,1877
1973: 2053,1931,2034,2101,2058,2006,2068
1817: 1689,1790,2469,2467,2123,2468,2285,2398
1818: 534,1978
1819: 1756,1776,1960
1820: 1858,1934,927,1915
1938: 1879,1933,1914,1907,1934,927,1915
1919: 1922,1890,1920,1940,1823,1848,1948,1864,524,1906,1917,1843,1910
2143: 2202,2142,2270,2190,2367,2231,2105,2318,2316,2180,2317,2278,1961,2353,2235,2167,2103,2120,2232,2122,2169,2112,2205,2177,2130,2229,2227,2038,2228,2135,2077,2147,1982,2137,2114,2144,2160
2255: 2072,2189,2223,2087,2050,966
1988: 1791,1798,1740
2042: 2097,2206,580,2043,2236,2198,2199,2145,2141,2074,2098,2161,2117,2116,1985
1832: 1768
1880: 1905,1887,1912,1906,1917,1843,1839,1853,1900,1851
1834: 1841,1870,1730,586,598,1804,1860
1836: 1752,1766,525
1838: 1871,1835,1839,1853,1907,1830,1882,1884,1842
1839: 1770,1905,1880,1853,1830,1882,1884,1871,1838,1835,1606
1851: 1900,1905,1880,1853,1876,1803,1844,1606,1877
1843: 1906,1917,1920,1848,1887,1912,1922,1919,1890,1905,1880,1910
1936: 2436,2343,1967,2203,2393
1846: 1729,1772,1802,545
1847: 1778,991
1848: 1920,1940,1823,1904,1948,1864,1887,1912,1906,1917,1843,1922,1919
2234: 2110,2283,2159,2246,2300,2253,2216,2244,2312,2347,2245,2240,2381,2107,2150,2184,2094,2337,2282,2276,2261,2339,2182,2188,2186,1994,2183,2187,2185,2170,2181,2149,2258,2323,2204,2045,2272,2091
1853: 1905,1880,1839,1900,1851,1871,1838,1835,1606
1855: 1984,991
2133: 2049,2063,2093,2144,2134,2160,2163,2062,2176,2175,2064,2188,2186,2183,2185,2080,2054,2037,2092,2113,2102,2012,2108,2019,2065,2011
1920: 1940,1823,1848,1986,1955,1904,1948,1864,1887,1912,1906,1917,1843,1922,1919,1890
1863: 1807,1841,1870,507,1970,1788,981
1864: 1948,1986,1955,1920,1940,1823,1848,524,1906,1922,1919,1890
1899: 1946,1951,1926
1987: 2003,1995,2052,2029,2036,1972,2015
2127: 2115,2076,2182,2064,2188,2186,1994,2183,2187,2185,2170,2181,2149,2258,2323,2204,2045,2272,2091,2102,2012,2108,2075,2090,2047
1870: 1841,1730,1834,586,1804,1860,1863,1807
1871: 1838,1835,1839,1853,1907,1830,1882,1884,1842
1872: 1770,1874,1830,1882,1884
2002: 2193,2382,2344,2408,2472,2340,2437,2405,2277,2435,2195,2397,2275,2345,2338,2404,2196,2191,2089,2332,2395,2391,2066,2281,2132,2237,2279,2139,2280,2329,2197,2260,2335,2271
1875: 1750
1876: 1803,1844,1910,575,1900,1851,1877
1877: 1900,1851,1876,1803,1844,1779,1767
1879: 1938,1933,1914,1907,1884,1934,927,1915
1882: 1907,1830,1884,1874,1872,1839,1871,1838,1835
1883: 1979,444,1991,1886,995,977
1884: 1907,1830,1882,1874,1872,1839,1871,1838,1835,1879
1886: 1991,1992,2073,1979,1883,1941,1965
1887: 1912,1913,1867,1904,1920,1940,1823,1848,1906,1917,1843,1905,1880
1888: 1737
1951: 1926,1899,1946,1874,1933,1914
1893: 
1894: 
1895: 2014,560
1948: 1864,1986,1955,1920,1940,1823,1848,524,1906,1922,1919,1890
1970: 1788,981,1863,1807
1898: 1775
1900: 1851,1880,1910,1853,1876,1803,1844,1606,1877
2222: 2456,2377,2476,2475,2477,2402,2431,2434,2179,2466,2461,2376,2429,2417,2480,2433,2375,2152,2427
2311: 2267,2330,2214,2218,2331,2024,2265,2365,2263,2409,2333,2394,2262,2309,2308,2016,2325,2351,2299,2243,2215,2374,2251,2131,2154,2238,2219,2288,2289,2250,2252,2246,2300,2253,2216,2244,2312
1904: 1913,1867,1920,1940,1823,1848,1887,1912,1906
1905: 1880,1887,1912,1906,1917,1843,1839,1853,1851
1906: 1917,1843,1904,1920,1940,1823,1848,1948,1864,1887,1912,1922,1919,1890,1905,1880,1910
1907: 1830,1882,1884,1874,1871,1838,1835,1879,1938
2032: 2065,2011,2054,2037,2092,2049,2063,2102,2108,2047,2052,2029,2036
1910: 1906,1917,1843,1922,1919,1890,575,1900,1876,1803
2064: 2182,2188,2186,1994,2183,2187,2185,2259,2138,2249,2256,2162,2107,2150,2184,2159,2163,2062,2176,2175,2170,2149,2323,2133,2049,2063,2102,2012,2108,2115,2127
1912: 1887,1913,1867,1904,1920,1940,1823,1848,1906,1917,1843,1905,1880
1913: 1867,1904,1887,1912
1914: 1933,1951,1879,1938
1915: 1879,1938,1934,927,1820,1858
2400: 2178,2315,2313,2314,2306,2301,2307,2305,2403,2406,2320,2415,2356,2432,2055,2357,2158,2352,2414,2355,2157,2389,2304,2302,2321,2341,2420,2156,2319,2322,2318,2316,2180,2317
1921: 1963,1942,1974,1998,2027,1986,1955
1922: 1919,1890,1920,1848,1948,1864,524,1906,1917,1843,1910,575
2034: 2101,2058,2053,1973
1989: 2399,2298,2460,2458,2479,2459,2303,2401,2430,2471,2444,2168,2443,2445,2306,2301,2307,2305,2403,2383,2166,2385,2302
1950: 2067,2061,2030,1966,568,590,2018,1999,2020
2061: 1950,2067,2030,1966,568,590,2018,2020
1928: 1785
1972: 2015,2052,2029,2036,946,2003,1987,1995
2058: 1931,2034,2053,1973,2006,2068
1931: 2058,2053,1973
2031: 2349,2165,2096,2436,2343,2212,2207,2213,2211,2203,2393,1976,2290,2087,2050,583
1933: 1914,1951,1879,1938
1934: 927,1879,1938,1915,1820,1858
2090: 2140,2075,2201,2170,2181,2149,2258,2204,2045,2272,2091,2132,2280,2115,2076,2127,2043,2236,2141,2074
1940: 1920,1823,1848,1986,1955,1904,1948,1864,1887,1912,1906,1919
1941: 1965,1991,1886,1963,1942,1974
1942: 1963,946,569,1941,1965,1974,1921
1995: 2003,1987,2029,2036,2030,1972,2015,590,2018
2125: 2412,2370,2354,2151,2254,2239,2088
1946: 1899,1951,1926
1947: 2101
1953: 1825
2113: 2080,2054,2037,2092,2135,2077,2147,1982,2137,2114,2093,2144,2134,2160,2163,2062,2176,2121,2099,2133,2049,2063,2095,2019
1955: 1986,1974,1921,1920,1940,1823,1948,1864,524
2012: 2102,2108,2163,2062,2176,2175,2182,2064,2188,2186,1994,2183,2187,2185,2170,2181,2149,2258,2323,2204,2045,2133,2049,2063,2115,2076,2127,2047
2147: 2135,2077,1982,2137,2114,2167,2103,2120,2232,2202,2143,2142,2270,2190,2122,2169,2229,2227,2038,2228,2093,2144,2134,2160,2121,2099,2080,2113
1960: 1776,1795,1756,1819
1961: 2155,2353,2235,2178,2315,2313,2314,2321,2341,2420,2156,2319,2322,2221,2318,2316,2180,2317,2278,2226,2251,2225,2154,2238,2202,2143,2142,2270,2190,2122,2169,2112,2205,2177,2130,2256,2162,2247,2129,2248
1997: 2426,2366,2360,2421,2348,2233,2383,2166,2385,2384,2287,2418,2208,2359,2346,2207,2213,2211,2210
1963: 1942,946,569,1941,1965,1974,1921
1986: 1955,1974,1921,1920,1940,1823,1948,1864,524
1965: 1941,1991,1886,1963,1942,1974
1966: 2030,568,590,2018,1950,2067,2061
1967: 1936,2436,2343,2203,2393
1976: 2212,2207,2213,2211,2210,2349,2165,2096,2031,2104,2290,2087,2050,583,2164
1977: 2039,2057,2004
1978: 534,1818
1979: 1883,444,1991,1886,995
1991: 1886,1979,1883,1941,1965
1992: 2073,946,569,1886
2020: 1999,590,2018,1950,2067,2061,1998,2027
1994: 2182,2064,2188,2186,2183,2187,2185,2259,2138,2249,2256,2162,2247,2129,2107,2150,2184,2234,2110,2283,2159,2163,2062,2176,2175,2170,2181,2149,2258,2323,2204,2045,2049,2012,2108,2127
1998: 2027,1999,2020,1921
1999: 2020,590,1950,1998,2027
2055: 2406,2320,2415,2356,2432,2431,2179,2461,2417,2306,2301,2307,2305,2403,2357,2158,2352,2414,2355,2157,2389,2304,2302,2178,2400,2315,2313,2314,2321,2341,2420,2156,2319,2322
2030: 2047,2036,1966,1995,590,2018,1950,2067,2061
2003: 1987,1995,2029,2036,1972,2015
2004: 2033,2059,2057,524,2039,1977
2108: 2102,2012,2163,2062,2176,2175,2182,2064,2188,2186,1994,2183,2187,2185,2170,2149,2133,2049,2063,2115,2076,2127,2065,2011,2032,2047
2006: 2068,2058,2053,1973
2007: 492,2026,2119
2162: 2259,2138,2249,2256,2247,2129,2248,1961,2155,2353,2235,2226,2251,2131,2225,2154,2238,2289,2250,2252,2122,2169,2112,2205,2177,2130,2107,2150,2184,2093,2144,2134,2160,2163,2062,2176,2175,2182,2064,2188,1994,2183,2185
2105: 2367,2231,2383,2166,2385,2384,2389,2304,2302,2178,2315,2313,2314,2208,2359,2346,2318,2316,2180,2317,2278,2210,2167,2103,2120,2232,2202,2143,2142,2270,2190
2026: 1615,492,2119,1069,1620,2084,1618,1063,1065,1609,1083,2007,1066,1623
2011: 2065,2032,2080,2054,2037,2092,2133,2049,2063,2102,2108,2019,2052,2029
2347: 2245,2044,2240,2381,2325,2351,2243,2215,2293,2324,2241,2246,2300,2253,2216,2244,2312,2382,2344,2408,2234,2110,2283,2159,2094,2337,2282,2276,2261,2339,2275,2345,2338,2089
2014: 1895,560
2015: 1972,2052,2029,2036,946,2003,1987,1995
2016: 2309,2308,2221,2357,2414,2355,2157,2419,2416,2310,2378,2379,2265,2365,2263,2409,2333,2321,2341,2420,2156,2319,2322,2267,2330,2214,2218,2331,2024,2311,2155,2226,2251,2131,2225,2154,2238,2219,2288,2289,2250,2252
2018: 590,2036,2030,1966,1995,1950,2067,2061,2020
2019: 2121,2099,2080,2054,2037,2092,2113,2133,2063,2095,2065,2011
2021: 1939
2057: 2033,2059,2004,2039,1977
2084: 1069,1620,1612,1067,1618,1063,1065,1609,1083,1615,492,2026,2119
2024: 2267,2330,2214,2218,2331,2311,2265,2365,2409,2333,2394,2262,2309,2308,2016,2325,2351,2299,2243,2215,2374,2251,2131,2225,2154,2238,2219,2288,2289,2250,2252,2246,2300,2253,2216,2244,2312
2027: 1998,1999,2020,1921
2146: 2336,2070,2274,2069,1337,1690
2029: 2052,2065,2011,2032,2036,946,1972,2015,2003,1987,1995
2442: 2407,2071,2470,2326,1530,1445,918,1477,1341
2036: 2032,2052,2029,2030,1972,2015,2003,1987,1995,590,2018
2037: 2080,2054,2092,2113,2137,2114,2093,2144,2134,2160,2163,2062,2176,2121,2099,2133,2049,2063,2095,2019,2065,2011,2032
2038: 2229,2227,2228,2210,2167,2103,2120,2232,2143,2142,2270,2190,2104,2135,2077,2147,1982,2137,2164,2121,2099
2039: 1977,2057,2004
2040: 1701,2413,2410,1671,2392,853,1677,2462,2464,2268,2454,2465,1700,2364,2334,2265,2365,2263,2409,2333,2394,2262,2266,2217,2361,2362,2363
2289: 2219,2288,2250,2252,2309,2308,2016,2221,2267,2330,2214,2218,2331,2024,2311,2351,2215,2226,2251,2131,2225,2154,2238,2300,2253,2216,2244,2312,2259,2249,2256,2162,2247,2129,2248,2107,2150
2043: 2236,2272,2091,2281,2132,2237,2279,2139,2280,2260,2140,2075,2090,2201,2198,2199,2145,2141,2074,2098,2042
2044: 2347,2245,2240,2381,2325,2351,2243,2215,2386,2293,2324,2241,2046,2424,2246,2300,2253,2216,2244,2382,2344,2408,2110,2094,2337,2282,2276,2261,2339,2275,2345,2338,2404,2089
2045: 2170,2181,2149,2258,2323,2204,2184,2234,2159,2337,2276,2261,2182,2188,2186,1994,2183,2187,2272,2091,2012,2115,2076,2127,2140,2075,2090,2201
2047: 2049,2102,2012,2108,2115,2076,2127,2065,2032,2030
2346: 2208,2359,2348,2233,2383,2166,2385,2384,2389,2304,2302,1997,2367,2231,2105,2207,2213,2211,2210,2167,2103,2120,2232
2049: 2133,2063,2093,2134,2160,2163,2062,2176,2175,2182,2064,2188,2186,1994,2183,2187,2185,2080,2054,2037,2092,2113,2102,2012,2108,2065,2011,2032,2047
2050: 2087,583,2349,2165,2096,2031,1976,2104,2290,2164,2255,2072,2189,2223
2232: 2167,2103,2120,2208,2359,2346,2367,2231,2105,2210,2143,2270,2190,2104,2229,2227,2038,2228,2077,2147
2052: 2029,2065,2011,2032,2036,946,1972,2015,1987
2053: 1973,1931,2034,2101,2058,2006,2068
2054: 2080,2037,2092,2113,2137,2114,2093,2144,2134,2160,2176,2121,2099,2133,2049,2063,2095,2019,2065,2011,2032
2059: 2033,2057,2004,524
2190: 2202,2143,2142,2270,2367,2231,2105,2318,2316,2180,2317,2278,1961,2353,2167,2103,2120,2232,2122,2169,2112,2205,2177,2227,2038,2228,2135,2147,1982
2062: 2163,2176,2175,2122,2169,2112,2205,2177,2130,2259,2138,2249,2256,2162,2247,2129,2248,2107,2150,2184,2093,2144,2134,2160,2182,2064,2188,2186,1994,2183,2185,2037,2092,2113,2133,2049,2012,2108
2063: 2133,2049,2093,2134,2160,2163,2176,2064,2080,2054,2037,2092,2113,2102,2012,2108,2019,2065,2011,2032
2065: 2011,2032,2080,2054,2037,2092,2133,2049,2063,2102,2108,2019,2047,2052,2029
2066: 2332,2395,2391,2405,2277,2328,2428,2435,2195,2002,2193,2422,2474,2329,2197,2260,2335,2271,2151
2067: 1950,2061,2030,1966,568,590,2018,2020
2068: 2006,2058,2053,1973
2069: 2369,2473,2371,2257,2336,2070,2274,2146
2070: 2336,2274,2146,911,2369,2069,2473,1337,1690
2071: 2407,2442,2470,2350,1773,2326,1530,1445,918,1477,1341
2072: 2255,2189,2223,2087,2050,583,966
2073: 1992,946,569,1886
2074: 2141,2098,2140,2075,2090,2201,2043,2236,2198,2199,2145,2097,2042,580,568,2116
2075: 2140,2090,2201,2170,2181,2149,2258,2204,2045,2272,2091,2132,2237,2139,2280,2115,2076,2127,2043,2236,2141,2074
2077: 2135,2147,1982,2137,2114,2167,2120,2232,2143,2142,2122,2169,2229,2227,2038,2228,2144,2134,2121,2099,2080,2113
2144: 2093,2134,2160,2202,2143,2142,2122,2169,2112,2205,2177,2130,2259,2138,2256,2162,2248,2135,2077,2147,1982,2137,2114,2163,2062,2176,2121,2099,2080,2054,2037,2092,2113,2133
2103: 2167,2120,2232,2208,2359,2346,2367,2231,2105,2210,2143,2270,2190,2104,2229,2227,2038,2228,2147
2087: 2050,583,2349,2165,2096,2031,1976,2104,2290,2164,2255,2072,2189,2223
2088: 2125,2412,2370,2239,2358,2173
2089: 2275,2345,2338,2404,2196,2191,2347,2245,2044,2240,2381,2382,2405,2277,2342,2094,2337,2282,2276,2261,2339,2002,2193,2272,2091,2281,2132,2237,2279,2139,2280
2091: 2272,2234,2110,2283,2159,2094,2337,2282,2276,2261,2339,2345,2338,2404,2089,2170,2181,2149,2258,2323,2204,2045,2281,2132,2237,2279,2139,2280,2115,2127,2140,2075,2090,2201,2043,2236
2092: 2080,2054,2037,2113,2137,2114,2093,2144,2134,2160,2163,2062,2176,2121,2099,2133,2049,2063,2095,2019,2065,2011,2032
2093: 2144,2134,2160,2142,2122,2169,2112,2205,2177,2130,2259,2138,2256,2162,2129,2248,2135,2147,1982,2137,2114,2163,2062,2176,2175,2121,2099,2080,2054,2037,2092,2113,2133,2049,2063
2094: 2342,2337,2282,2276,2261,2339,2246,2253,2244,2347,2245,2044,2240,2381,2382,2344,2408,2234,2110,2283,2275,2345,2338,2404,2196,2191,2089,2181,2258,2323,2272,2091,2281,2132,2237,2279,2139,2280
2095: 2121,2099,2080,2054,2037,2092,2113,2019
2096: 2349,2165,2031,2212,2207,2213,2211,2203,1976,2290,2087,2050,583
2097: 2042,2206,580,2198,2199,2145,2254,2141,2074,2098,2161,2117,2239,2116,1985
2098: 2141,2074,2043,2236,2198,2199,2145,2097,2042,2206,580,568,2116,1985
2099: 2121,2229,2227,2038,2228,2135,2077,2147,1982,2137,2114,2093,2144,2134,2160,2080,2054,2037,2092,2113,2095,2019
2101: 2034,1947,2053,1973
2102: 2012,2108,2163,2176,2175,2182,2064,2188,2186,2183,2170,2133,2049,2063,2115,2076,2127,2065,2011,2032,2047
2202: 2143,2142,2270,2190,2367,2105,2318,2316,2180,2317,2278,1961,2155,2353,2235,2167,2120,2122,2169,2112,2205,2177,2130,2228,2135,2147,1982,2144
2110: 2234,2283,2159,2288,2246,2300,2253,2216,2244,2312,2347,2245,2044,2240,2381,2107,2150,2184,2094,2337,2282,2276,2261,2339,2182,1994,2183,2187,2181,2149,2258,2323,2272,2091
2201: 2140,2075,2090,2181,2149,2258,2204,2045,2272,2091,2281,2132,2237,2279,2139,2280,2115,2076,2043,2236,2141,2074
2112: 2122,2169,2205,2177,2130,2318,2316,2180,2317,2278,1961,2155,2353,2235,2226,2251,2225,2202,2143,2142,2270,2190,2259,2249,2256,2162,2247,2129,2248,2135,1982,2093,2144,2160,2163,2062
2114: 2135,2077,2147,1982,2137,2143,2142,2122,2169,2130,2229,2227,2228,2093,2144,2134,2160,2121,2099,2080,2054,2037,2092,2113
2115: 2076,2127,2182,2064,2188,2186,2187,2170,2181,2149,2258,2323,2204,2045,2272,2091,2102,2012,2108,2140,2075,2090,2201,2047
2116: 1985,2074,2098,2097,2042,2206,580,2161,2117,568
2117: 2161,2239,2198,2145,2097,2042,2206,580,2116,1985
2119: 1615,492,2026,1069,1620,2084,1618,1063,1065,1609,1083,2007,1623
2120: 2167,2103,2232,2208,2359,2346,2367,2231,2105,2318,2316,2180,2317,2278,2210,2202,2143,2142,2270,2190,2229,2227,2038,2228,2135,2077,2147,1982
2121: 2099,2229,2227,2038,2228,2135,2077,2147,1982,2137,2114,2093,2144,2134,2160,2080,2054,2037,2092,2113,2095,2019
2122: 2169,2112,2205,2177,2130,2318,2316,2180,2317,2278,1961,2155,2353,2235,2225,2202,2143,2142,2270,2190,2259,2138,2249,2256,2162,2247,2129,2248,2135,2077,2147,1982,2137,2114,2093,2144,2134,2160,2163,2062,2176
2123: 2469,2467,2468,1689,1817,1790,2285,2398
2238: 2226,2251,2131,2225,2154,2321,2341,2420,2156,2319,2322,2309,2308,2016,2221,2330,2214,2218,2331,2024,2311,1961,2155,2353,2235,2219,2288,2289,2250,2252,2205,2177,2249,2256,2162,2247,2129,2248,2107,2150
2129: 2259,2138,2249,2256,2162,2247,2248,1961,2155,2353,2235,2226,2251,2131,2225,2154,2238,2219,2288,2289,2250,2252,2122,2169,2112,2205,2177,2130,2107,2150,2184,2093,2160,2163,2062,2175,1994,2183,2185
2130: 2122,2169,2112,2205,2177,2278,1961,2155,2353,2235,2251,2131,2225,2202,2143,2142,2259,2138,2249,2256,2162,2247,2129,2248,2135,1982,2137,2114,2093,2144,2134,2160,2163,2062,2176,2175
2131: 2226,2251,2225,2154,2238,2341,2156,2309,2308,2016,2221,2214,2331,2024,2311,2155,2353,2235,2219,2288,2289,2250,2252,2205,2177,2130,2259,2138,2249,2256,2162,2247,2129,2248,2107,2150,2184
2134: 2093,2144,2160,2142,2122,2169,2177,2130,2162,2135,2077,2147,1982,2137,2114,2163,2062,2176,2121,2099,2080,2054,2037,2092,2113,2133,2049,2063
2135: 2077,2147,1982,2137,2114,2167,2120,2202,2143,2142,2270,2190,2122,2169,2112,2205,2177,2130,2229,2227,2038,2228,2093,2144,2134,2160,2121,2099,2113
2258: 2170,2181,2149,2323,2204,2045,2107,2150,2184,2234,2110,2283,2159,2342,2094,2337,2282,2276,2261,2339,2182,2188,2186,1994,2183,2187,2272,2091,2012,2115,2127,2140,2075,2090,2201
2137: 2135,2077,2147,1982,2114,2143,2142,2122,2169,2177,2130,2229,2227,2038,2228,2093,2144,2134,2160,2121,2099,2080,2054,2037,2092,2113
2138: 2259,2249,2256,2162,2247,2129,2248,2235,2251,2131,2225,2250,2252,2122,2169,2205,2177,2130,2107,2150,2184,2093,2144,2160,2163,2062,2176,2175,2182,2064,2188,2186,1994,2183,2187,2185
2139: 2281,2132,2237,2279,2280,2094,2337,2282,2276,2261,2339,2275,2345,2338,2404,2196,2191,2089,2002,2193,2272,2091,2329,2197,2260,2140,2075,2201,2043,2236,2198,2199,2145
2140: 2075,2090,2201,2181,2258,2204,2045,2272,2091,2281,2132,2237,2279,2139,2280,2115,2076,2043,2236,2141,2074
2141: 2074,2098,2140,2075,2090,2201,2043,2236,2198,2199,2145,2097,2042,568
2142: 2202,2143,2270,2190,2105,2318,2316,2180,2317,2278,1961,2155,2353,2235,2167,2120,2122,2169,2112,2205,2177,2130,2038,2228,2135,2077,2147,1982,2137,2114,2093,2144,2134,2160
2148: 2224,1487,822,410,1530,1445
2149: 2170,2181,2258,2323,2204,2045,2107,2150,2184,2234,2110,2283,2159,2337,2276,2261,2182,2064,2188,2186,1994,2183,2187,2185,2272,2091,2012,2108,2115,2076,2127,2075,2090,2201
2150: 2107,2184,2251,2131,2225,2154,2238,2219,2288,2289,2250,2252,2246,2300,2253,2216,2244,2312,2259,2138,2249,2256,2162,2247,2129,2248,2234,2110,2283,2159,2163,2062,2175,2182,2064,2188,2186,1994,2183,2187,2185,2170,2181,2149,2258,2323
2151: 2354,2332,2395,2391,2066,2422,2474,2335,2271,2254,2125,2412
2152: 2433,2375,2427,915,2222,2377,2476,2475,2477,2461,2376,2429,2417,2480,2465,2364,2357,2158,2352,2414,2355,2157,2419,2416,2310,2378,2379,2265,2365
2377: 2476,2475,2477,2222,853,1677,2461,2376,2429,2480,2433,2375,2152,2427,915,2465,2364
2154: 2226,2251,2131,2225,2238,2321,2341,2420,2156,2319,2322,2309,2308,2016,2221,2330,2214,2218,2331,2024,2311,1961,2155,2353,2235,2219,2288,2289,2250,2252,2205,2177,2249,2256,2162,2247,2129,2248,2107,2150
2155: 1961,2353,2235,2178,2315,2313,2314,2321,2341,2420,2156,2319,2322,2309,2308,2016,2221,2318,2316,2180,2317,2278,2226,2251,2131,2225,2154,2238,2202,2142,2122,2169,2112,2205,2177,2130,2249,2256,2162,2247,2129,2248
2156: 2321,2341,2420,2319,2322,2055,2357,2158,2414,2355,2419,2310,2178,2400,2315,2313,2314,2309,2308,2016,2221,2318,2316,2180,2317,2278,1961,2155,2353,2235,2226,2251,2131,2225,2154,2238
2157: 2357,2158,2352,2414,2355,2402,2431,2466,2461,2376,2429,2417,2480,2433,2375,2152,2427,915,2406,2320,2415,2356,2055,2419,2416,2310,2378,2379,2400,2321,2420,2319,2322,2309,2308,2016,2221
2158: 2357,2352,2414,2355,2157,2431,2461,2376,2417,2433,2152,2406,2320,2415,2356,2432,2055,2419,2416,2310,2378,2379,2178,2400,2315,2313,2314,2321,2341,2420,2156,2319,2322,2308,2221
2159: 2234,2110,2283,2288,2250,2252,2246,2300,2253,2216,2244,2312,2347,2240,2107,2150,2184,2337,2282,2276,2261,2339,2182,2064,2188,2186,1994,2183,2187,2185,2170,2181,2149,2258,2323,2204,2045,2091
2160: 2093,2144,2134,2143,2142,2122,2169,2112,2205,2177,2130,2259,2138,2249,2256,2162,2247,2129,2248,2135,2147,1982,2137,2114,2163,2062,2176,2175,2121,2099,2080,2054,2037,2092,2113,2133,2049,2063
2161: 2117,2239,2198,2199,2145,2254,2097,2042,2206,580,2116,1985
2164: 1976,2104,2229,2227,2038,2228,2087,2050,583
2165: 2349,2096,2031,2436,2343,2212,2203,2393,1976,2290,2087,2050,583
2166: 2383,2385,2384,2168,2443,2445,1989,2399,2298,2479,2459,2306,2301,2307,2305,2348,2233,2389,2304,2302,1997,2208,2359,2346,2367,2231,2105
2167: 2103,2120,2232,2208,2359,2346,2367,2231,2105,2318,2316,2180,2317,2278,2210,2202,2143,2142,2270,2190,2104,2229,2227,2038,2228,2135,2077,2147,1982
2168: 2444,2443,2447,2445,2209,2303,1989,2399,2298,2460,2458,2479,2459,2360,2448,2421,2446,2348,2233,2383,2166,2385
2169: 2122,2112,2205,2177,2130,2318,2278,1961,2155,2353,2235,2225,2202,2143,2142,2270,2190,2259,2138,2249,2256,2162,2247,2129,2248,2135,2077,2147,1982,2137,2114,2093,2144,2134,2160,2163,2062,2176,2175
2170: 2181,2149,2258,2323,2204,2045,2107,2150,2184,2234,2159,2182,2064,2188,2186,1994,2183,2187,2185,2272,2091,2102,2012,2108,2115,2076,2127,2075,2090
2406: 2320,2415,2356,2432,2055,2401,2430,2402,2431,2434,2179,2466,2461,2376,2417,2306,2301,2307,2305,2403,2357,2158,2352,2414,2355,2157,2389,2302,2178,2400,2315,2313,2314,2321,2319
2221: 2309,2308,2016,2357,2158,2352,2414,2355,2157,2419,2310,2378,2379,2265,2365,2321,2341,2420,2156,2319,2322,2330,2214,2218,2331,1961,2155,2353,2235,2226,2251,2131,2225,2154,2238,2219,2289,2250,2252
2173: 2358,2088,434
2174: 2396,2455,1790,2449,2286
2175: 2163,2062,2176,2169,2177,2130,2259,2138,2249,2256,2162,2247,2129,2248,2107,2150,2184,2093,2160,2182,2064,2188,2186,1994,2183,2187,2185,2133,2049,2102,2012,2108
2176: 2163,2062,2175,2122,2169,2177,2130,2259,2138,2249,2256,2162,2107,2184,2093,2144,2134,2160,2182,2064,2188,2186,1994,2183,2185,2054,2037,2092,2113,2133,2049,2063,2102,2012,2108
2177: 2122,2169,2112,2205,2130,2318,2316,2180,2317,2278,1961,2155,2353,2235,2226,2251,2131,2225,2154,2238,2202,2143,2142,2270,2190,2259,2138,2249,2256,2162,2247,2129,2248,2135,1982,2137,2093,2144,2134,2160,2163,2062,2176,2175
2178: 2400,2315,2313,2314,2301,2307,2305,2406,2320,2415,2356,2055,2357,2158,2352,2414,2355,2389,2304,2321,2341,2420,2156,2319,2322,2367,2105,2318,2316,2180,2317,2278,1961,2155,2353,2235
2179: 2402,2431,2434,2466,2456,2222,2401,2430,2471,2461,2376,2429,2417,2306,2301,2307,2305,2403,2406,2320,2415,2356,2432,2055,2352,2414
2180: 2318,2316,2317,2278,2389,2304,2178,2400,2315,2313,2314,2321,2341,2156,2319,2367,2231,2105,1961,2155,2353,2235,2167,2120,2202,2143,2142,2270,2190,2122,2112,2205,2177
2181: 2170,2149,2258,2323,2204,2045,2107,2150,2184,2234,2110,2283,2159,2094,2337,2282,2276,2261,2339,2182,2188,2186,1994,2183,2187,2185,2272,2091,2012,2115,2076,2127,2140,2075,2090,2201
2182: 2064,2188,2186,1994,2183,2187,2185,2259,2138,2249,2256,2162,2107,2150,2184,2234,2110,2283,2159,2163,2062,2176,2175,2170,2181,2149,2258,2323,2204,2045,2049,2102,2012,2108,2115,2076,2127
2183: 2182,2064,2188,2186,1994,2187,2185,2259,2138,2249,2256,2162,2247,2129,2248,2107,2150,2184,2234,2110,2283,2159,2163,2062,2176,2175,2170,2181,2149,2258,2323,2045,2133,2049,2102,2012,2108,2127
2184: 2107,2150,2131,2288,2250,2252,2300,2253,2216,2312,2259,2138,2249,2256,2162,2247,2129,2234,2110,2283,2159,2163,2062,2176,2175,2182,2064,2188,2186,1994,2183,2187,2185,2170,2181,2149,2258,2323,2204,2045
2185: 2182,2064,2188,2186,1994,2183,2187,2259,2138,2249,2256,2162,2247,2129,2248,2107,2150,2184,2234,2283,2159,2163,2062,2176,2175,2170,2181,2149,2323,2133,2049,2012,2108,2127
2186: 2182,2064,2188,1994,2183,2187,2185,2259,2138,2256,2107,2150,2184,2234,2283,2159,2163,2062,2176,2175,2170,2181,2149,2258,2323,2204,2045,2133,2049,2102,2012,2108,2115,2076,2127
2187: 2182,2064,2188,2186,1994,2183,2185,2259,2138,2107,2150,2184,2234,2110,2283,2159,2163,2175,2170,2181,2149,2258,2323,2204,2045,2049,2012,2108,2115,2076,2127
2188: 2182,2064,2186,1994,2183,2187,2185,2259,2138,2249,2256,2162,2107,2150,2184,2234,2283,2159,2163,2062,2176,2175,2170,2181,2149,2258,2323,2204,2045,2133,2049,2102,2012,2108,2115,2076,2127
2189: 2255,2072,2223,2087,2050,966
2191: 2275,2345,2338,2404,2196,2089,2245,2381,2382,2344,2340,2437,2405,2277,2094,2276,2339,2002,2193,2281,2132,2237,2279,2139,2280,2329,2197,2260
2192: 490,2425,2423,2242,2478,2451,2388,2424,540,2382,2344,2408,2472,2340,2437,2405,2277,2328,2428,2435,2195,2397
2193: 2002,2382,2344,2408,2472,2340,2437,2405,2277,2328,2428,2435,2195,2397,2275,2345,2338,2404,2196,2191,2089,2332,2395,2391,2066,2281,2132,2237,2279,2139,2280,2329,2197,2335,2271
2344: 2382,2408,2386,2293,2324,2241,2046,2424,490,2425,2423,2192,2242,2347,2245,2044,2240,2381,2472,2340,2437,2405,2277,2094,2282,2339,2275,2338,2404,2191,2002,2193
2195: 2328,2428,2435,2397,490,2425,2423,2192,2242,540,2472,2340,2437,2405,2277,2002,2193,2332,2395,2391,2066,2474
2196: 2275,2345,2338,2404,2191,2089,2245,2381,2382,2405,2277,2094,2276,2339,2002,2193,2281,2132,2237,2279,2139,2280,2329,2197,2260
2197: 2329,2260,2345,2404,2196,2191,2002,2193,2332,2395,2391,2066,2281,2132,2237,2279,2139,2280,2335,2271,2198,2199,2145,2254
2198: 2199,2145,2281,2132,2237,2279,2139,2280,2329,2197,2260,2271,2043,2236,2254,2141,2074,2098,2097,2042,2206,580,2161,2117
2199: 2198,2145,2281,2132,2237,2279,2139,2280,2329,2197,2260,2335,2271,2043,2236,2254,2141,2074,2098,2097,2042,2161
2343: 2436,2287,2418,1936,2212,1967,2349,2165,2031
2203: 2393,1936,2436,1967,2349,2165,2096,2031
2204: 2170,2181,2149,2258,2323,2045,2184,2234,2159,2337,2276,2261,2182,2188,2186,1994,2187,2272,2091,2012,2115,2076,2127,2140,2075,2090,2201
2205: 2122,2169,2112,2177,2130,2318,2316,2180,2317,2278,1961,2155,2353,2235,2226,2251,2131,2225,2154,2238,2202,2143,2142,2270,2190,2259,2138,2249,2256,2162,2247,2129,2248,2135,1982,2093,2144,2160,2163,2062
2206: 2097,2042,580,2198,2145,2098,2161,2117,2239,2116,1985
2207: 2213,2211,2287,2418,2426,2366,1997,2208,2359,2346,2212,2210,2349,2096,2031,1976,2104
2208: 2359,2346,2348,2233,2383,2166,2385,2384,2304,2302,2426,2366,1997,2367,2231,2105,2207,2213,2211,2210,2167,2103,2120,2232
2209: 2444,2168,2443,2447,2445,2303,2399,2298,2479,2360,2448,2421,2446,2348,2233
2210: 2426,2366,1997,2208,2359,2346,2367,2231,2105,2207,2213,2211,2167,2103,2120,2232,1976,2104,2227,2038,2228
2211: 2207,2213,2426,2366,1997,2208,2359,2346,2212,2210,2096,2031,1976,2104
2212: 2287,2418,2426,2366,2436,2343,2207,2211,2349,2165,2096,2031,1976
2213: 2207,2211,2426,2366,1997,2208,2359,2346,2210,2096,2031,1976,2104
2214: 2267,2330,2218,2331,2024,2311,2419,2265,2365,2263,2409,2333,2394,2262,2309,2308,2016,2221,2325,2351,2299,2243,2215,2374,2226,2251,2131,2225,2154,2238,2219,2288,2289,2250,2252,2246,2300,2216,2244,2312
2215: 2325,2351,2299,2243,2374,2333,2394,2262,2362,2267,2330,2214,2218,2331,2024,2311,2293,2324,2241,2219,2288,2289,2246,2300,2253,2216,2244,2312,2347,2044,2240
2216: 2246,2300,2253,2244,2312,2267,2330,2214,2218,2331,2024,2311,2325,2351,2299,2243,2215,2374,2324,2241,2219,2288,2289,2250,2252,2347,2044,2240,2107,2150,2184,2234,2110,2283,2159,2282
2217: 2361,2362,2363,2040,2410,2392,2334,2411,2394,2262,2266,2372,2292,2438,2439,2325,2351,2299,2243,2374,2386,2293,2324,2241,2046
2218: 2267,2330,2214,2331,2024,2311,2419,2416,2310,2378,2265,2365,2263,2409,2333,2394,2262,2266,2309,2308,2016,2221,2325,2351,2299,2243,2215,2374,2154,2238,2219,2288,2289,2300,2216,2244
2219: 2288,2289,2250,2252,2309,2308,2016,2221,2267,2330,2214,2218,2331,2024,2311,2351,2299,2243,2215,2251,2131,2225,2154,2238,2246,2300,2253,2216,2244,2312,2249,2247,2129,2107,2150,2283
2353: 1961,2155,2235,2178,2315,2313,2314,2321,2341,2420,2156,2319,2322,2308,2221,2318,2316,2180,2317,2278,2226,2251,2131,2225,2154,2238,2202,2143,2142,2270,2190,2122,2169,2112,2205,2177,2130,2249,2256,2162,2247,2129,2248
2223: 2255,2072,2189,2290,2087,2050,583,966
2224: 2148,1487,822,410,1530,1445,1551
2225: 2226,2251,2131,2154,2238,2321,2341,2420,2156,2319,2322,2309,2308,2016,2221,2214,2331,2024,1961,2155,2353,2235,2219,2288,2289,2250,2252,2122,2169,2112,2205,2177,2130,2259,2138,2249,2256,2162,2247,2129,2248,2107,2150
2226: 2251,2131,2225,2154,2238,2321,2341,2420,2156,2319,2322,2309,2308,2016,2221,2214,2331,1961,2155,2353,2235,2289,2250,2252,2112,2205,2177,2249,2256,2162,2247,2129,2248,2107
2227: 2229,2038,2228,2210,2167,2103,2120,2232,2143,2190,2104,2135,2077,2147,1982,2137,2114,2164,2121,2099
2228: 2229,2227,2038,2210,2167,2103,2120,2232,2202,2143,2142,2270,2190,2104,2135,2077,2147,1982,2137,2114,2164,2121,2099
2229: 2227,2038,2228,2167,2103,2120,2232,2143,2104,2135,2077,2147,2137,2114,2164,2121,2099
2437: 2472,2340,2405,2277,2046,2424,490,2425,2423,2192,2242,2382,2344,2408,2328,2428,2435,2195,2397,2275,2338,2191,2002,2193
2231: 2367,2105,2383,2166,2385,2384,2389,2304,2302,2208,2359,2346,2180,2317,2210,2167,2103,2120,2232,2143,2270,2190
2235: 1961,2155,2353,2178,2314,2321,2341,2420,2156,2319,2322,2308,2221,2318,2316,2180,2317,2278,2226,2251,2131,2225,2154,2238,2202,2143,2142,2270,2122,2169,2112,2205,2177,2130,2259,2138,2249,2256,2162,2247,2129,2248
2236: 2043,2272,2091,2281,2132,2237,2279,2139,2280,2260,2140,2075,2090,2201,2198,2199,2145,2141,2074,2098,2042
2237: 2281,2132,2279,2139,2280,2094,2276,2339,2275,2345,2338,2404,2196,2191,2089,2002,2193,2272,2091,2329,2197,2260,2140,2075,2201,2043,2236,2198,2199,2145
2239: 2161,2117,2145,2254,2125,2412,2370,2097,2206,580,2088
2240: 2347,2245,2044,2381,2325,2351,2243,2215,2293,2324,2241,2246,2300,2253,2216,2244,2312,2382,2344,2408,2234,2110,2283,2159,2094,2337,2282,2276,2261,2339,2275,2345,2338,2404,2089
2241: 2386,2293,2324,2217,2361,2362,2372,2325,2351,2299,2243,2215,2374,2046,2424,2246,2300,2253,2216,2244,2347,2245,2044,2240,2381,2382,2344,2408
2242: 490,2425,2423,2192,2372,2291,2438,2478,2388,2046,2424,2382,2344,2408,2472,2340,2437,2405,2277,2435,2195,2397
2243: 2325,2351,2299,2215,2374,2263,2409,2333,2394,2262,2266,2217,2361,2362,2363,2267,2330,2214,2218,2331,2024,2311,2386,2293,2324,2241,2219,2288,2246,2300,2253,2216,2244,2312,2347,2245,2044,2240
2244: 2246,2300,2253,2216,2312,2267,2214,2218,2331,2024,2311,2325,2351,2299,2243,2215,2374,2386,2293,2324,2241,2219,2288,2289,2252,2347,2245,2044,2240,2381,2107,2150,2234,2110,2283,2159,2094,2337,2282,2261,2339
2245: 2347,2044,2240,2381,2325,2351,2243,2386,2293,2324,2241,2046,2424,2246,2253,2244,2382,2344,2408,2234,2110,2094,2337,2282,2276,2261,2339,2275,2345,2338,2404,2196,2191,2089
2246: 2300,2253,2216,2244,2312,2214,2024,2311,2325,2351,2299,2243,2215,2374,2386,2293,2324,2241,2219,2288,2347,2245,2044,2240,2381,2107,2150,2234,2110,2283,2159,2094,2337,2282,2276,2261,2339
2247: 2259,2138,2249,2256,2162,2129,2248,1961,2155,2353,2235,2226,2251,2131,2225,2154,2238,2219,2288,2289,2250,2252,2122,2169,2112,2205,2177,2130,2107,2150,2184,2160,2163,2062,2175,1994,2183,2185
2248: 2259,2138,2249,2256,2162,2247,2129,1961,2155,2353,2235,2226,2251,2131,2225,2154,2238,2289,2250,2252,2122,2169,2112,2205,2177,2130,2107,2150,2093,2144,2160,2163,2062,2175,2183,2185
2249: 2259,2138,2256,2162,2247,2129,2248,2155,2353,2235,2226,2251,2131,2225,2154,2238,2219,2288,2289,2250,2252,2122,2169,2112,2205,2177,2130,2107,2150,2184,2160,2163,2062,2176,2175,2182,2064,2188,1994,2183,2185
2250: 2219,2288,2289,2252,2309,2308,2016,2221,2214,2331,2024,2311,2226,2251,2131,2225,2154,2238,2300,2253,2216,2312,2259,2138,2249,2256,2162,2247,2129,2248,2107,2150,2184,2283,2159
2251: 2226,2131,2225,2154,2238,2341,2156,2309,2308,2016,2221,2214,2331,2024,2311,1961,2155,2353,2235,2219,2288,2289,2250,2252,2112,2205,2177,2130,2259,2138,2249,2256,2162,2247,2129,2248,2107,2150
2252: 2219,2288,2289,2250,2308,2016,2221,2214,2331,2024,2311,2226,2251,2131,2225,2154,2238,2300,2253,2216,2244,2312,2259,2138,2249,2256,2162,2247,2129,2248,2107,2150,2184,2283,2159
2253: 2246,2300,2216,2244,2312,2024,2311,2325,2351,2243,2215,2324,2241,2219,2288,2289,2250,2252,2347,2245,2044,2240,2381,2107,2150,2184,2234,2110,2283,2159,2094,2337,2282,2276,2261,2339
2254: 2329,2197,2260,2335,2271,2354,2151,2198,2199,2145,2125,2412,2097,2161,2239
2256: 2259,2138,2249,2162,2247,2129,2248,1961,2155,2353,2235,2226,2251,2131,2225,2154,2238,2289,2250,2252,2122,2169,2112,2205,2177,2130,2107,2150,2184,2093,2144,2160,2163,2062,2176,2175,2182,2064,2188,2186,1994,2183,2185
2257: 2371,2369,2069,2473,513
2259: 2138,2249,2256,2162,2247,2129,2248,2235,2251,2131,2225,2289,2250,2252,2122,2169,2112,2205,2177,2130,2107,2150,2184,2093,2144,2160,2163,2062,2176,2175,2182,2064,2188,2186,1994,2183,2187,2185
2260: 2329,2197,2404,2196,2191,2002,2395,2066,2281,2132,2237,2279,2139,2280,2335,2271,2043,2236,2198,2199,2145,2254
2262: 2394,2266,2465,1700,2364,2040,2413,2410,1671,2392,2334,2265,2365,2263,2409,2333,2217,2361,2362,2363,2267,2330,2214,2218,2331,2024,2311,2325,2351,2299,2243,2215,2374,2293
2263: 2265,2365,2409,2333,2375,2427,915,2465,1700,2364,2040,2413,2410,1671,2392,2416,2378,2394,2262,2266,2309,2016,2267,2330,2214,2218,2331,2311,2299,2243,2374
2421: 2360,2448,2446,2444,2168,2443,2447,2445,2209,2348,2233,2287,2418,2426,2366,1997
2265: 2365,2263,2409,2333,2433,2375,2152,2427,915,2465,2364,2040,2392,2419,2416,2310,2378,2379,2394,2262,2309,2308,2016,2221,2267,2330,2214,2218,2331,2024,2311,2299,2374
2266: 2394,2262,2465,1700,2364,1701,2040,2413,2410,1671,2392,2334,2263,2409,2333,2217,2361,2362,2363,2267,2218,2325,2299,2243,2374,2386,2293
2267: 2330,2214,2218,2331,2024,2311,2265,2365,2263,2409,2333,2394,2262,2266,2309,2308,2016,2325,2351,2299,2243,2215,2374,2219,2288,2289,2300,2216,2244
2268: 2463,2373,2454,2462,2464,2441,2040,2413,2410,1671,2392,2334,2411
2307: 2306,2301,2305,2403,2303,2401,2430,2471,2431,2434,2179,1989,2399,2298,2460,2458,2479,2459,2406,2320,2415,2356,2432,2055,2383,2166,2385,2384,2389,2304,2302,2178,2400,2315,2313,2314
2270: 2202,2143,2142,2190,2367,2231,2105,2318,2316,2180,2317,2278,1961,2353,2235,2167,2103,2120,2232,2122,2169,2112,2205,2177,2038,2228,2135,2147,1982
2271: 2335,2002,2193,2332,2395,2391,2066,2422,2474,2329,2197,2260,2354,2151,2198,2199,2145,2254
2272: 2091,2234,2110,2094,2337,2282,2276,2261,2339,2345,2338,2404,2089,2170,2181,2149,2258,2323,2204,2045,2281,2132,2237,2279,2139,2280,2115,2127,2140,2075,2090,2201,2043,2236
2469: 2467,2123,2468,1689,1817,1790,2285,2398
2274: 2336,2070,2146,2069,1337,1690
2275: 2345,2338,2404,2196,2191,2089,2347,2245,2044,2240,2381,2382,2344,2408,2472,2340,2437,2405,2277,2094,2282,2276,2261,2339,2002,2193,2281,2237,2279,2139,2280,2329
2276: 2342,2094,2337,2282,2261,2339,2246,2253,2347,2245,2044,2240,2381,2382,2234,2110,2283,2159,2275,2345,2338,2404,2196,2191,2089,2181,2149,2258,2323,2204,2045,2272,2091,2281,2132,2237,2279,2139,2280
2277: 2472,2340,2437,2405,2424,490,2425,2423,2192,2242,2382,2344,2408,2328,2428,2435,2195,2397,2275,2345,2338,2404,2196,2191,2089,2002,2193,2395,2391,2066
2278: 2318,2316,2180,2317,2389,2304,2178,2315,2313,2314,2321,2341,2156,2319,2367,2105,1961,2155,2353,2235,2167,2120,2202,2143,2142,2270,2190,2122,2169,2112,2205,2177,2130
2279: 2281,2132,2237,2139,2280,2094,2337,2282,2276,2261,2339,2275,2345,2338,2404,2196,2191,2089,2002,2193,2272,2091,2329,2197,2260,2140,2201,2043,2236,2198,2199,2145
2280: 2281,2132,2237,2279,2139,2094,2337,2282,2276,2261,2339,2275,2345,2338,2404,2196,2191,2089,2002,2193,2272,2091,2197,2260,2140,2075,2090,2201,2043,2236,2198,2199
2282: 2342,2094,2337,2276,2261,2339,2246,2300,2253,2216,2244,2312,2347,2245,2044,2240,2381,2382,2344,2408,2234,2110,2283,2159,2275,2345,2338,2404,2089,2181,2258,2323,2272,2091,2281,2279,2139,2280
2283: 2234,2110,2159,2219,2288,2250,2252,2246,2300,2253,2216,2244,2312,2347,2240,2107,2150,2184,2094,2337,2282,2276,2261,2339,2182,2188,2186,1994,2183,2187,2185,2181,2149,2258,2323,2091
2345: 2275,2338,2404,2196,2191,2089,2347,2245,2044,2240,2381,2382,2405,2277,2342,2094,2337,2282,2276,2261,2339,2002,2193,2272,2091,2281,2132,2237,2279,2139,2280,2329,2197
2285: 2398,1689,1817,1790,2469,2467,2123,2468
2286: 2174,2396,2455,2449,2350,1773,926,918
2287: 2418,2360,2448,2421,2446,2348,2233,2426,2366,1997,2436,2343,2212,2207
2288: 2219,2289,2250,2252,2309,2308,2016,2267,2330,2214,2218,2331,2024,2311,2351,2243,2215,2251,2131,2225,2154,2238,2246,2300,2253,2216,2244,2312,2249,2247,2129,2107,2150,2184,2110,2283,2159
2290: 2349,2165,2096,2031,1976,2087,2050,583,2223
2291: 2372,2292,2438,2439,2478,2294,2457,2411,2452,2296,2451,2388,2450,2386,2293,2046,2424,490,2425,2423,2242
2292: 2372,2291,2438,2439,2478,2294,2457,2411,2452,2217,2361,2362,2363,2296,2451,2388,2450,2386,2293,2046,490
2293: 2386,2324,2241,2394,2262,2266,2217,2361,2362,2363,2372,2292,2291,2438,2439,2478,2325,2351,2299,2243,2215,2374,2046,2424,2246,2244,2347,2245,2044,2240,2381,2344,2408
2294: 2457,2411,2373,2441,2452,2363,2372,2292,2291,2438,2439,2478,2296,2451,2388,2450
2470: 2407,2442,2071,2326,1530,1445,918,1477,1341
2296: 2451,2388,2450,2294,2457,2411,2452,2372,2292,2291,2438,2439,2478,490,2425,2423
2439: 2372,2292,2291,2438,2478,2334,2294,2457,2411,2452,2217,2361,2362,2363,2296,2451,2388,2450,2386,2293,2046,490
2298: 1989,2399,2460,2458,2479,2459,2303,2401,2430,2471,2444,2168,2443,2447,2445,2209,2306,2301,2307,2305,2403,2348,2233,2383,2166,2385,2384,2389,2304,2302
2299: 2325,2351,2243,2215,2374,2265,2365,2263,2409,2333,2394,2262,2266,2217,2361,2362,2363,2267,2330,2214,2218,2331,2024,2311,2386,2293,2324,2241,2219,2246,2300,2216,2244
2300: 2246,2253,2216,2244,2312,2267,2330,2214,2218,2331,2024,2311,2325,2351,2299,2243,2215,2374,2324,2241,2219,2288,2289,2250,2252,2347,2044,2240,2107,2150,2184,2234,2110,2283,2159,2282
2301: 2306,2307,2305,2403,2303,2401,2430,2471,2402,2431,2434,2179,2466,1989,2399,2298,2460,2458,2479,2459,2406,2320,2415,2356,2432,2055,2383,2166,2385,2389,2304,2302,2178,2400,2315,2313
2302: 2389,2304,1989,2399,2298,2460,2458,2479,2459,2306,2301,2307,2305,2403,2406,2320,2432,2055,2383,2166,2385,2384,2400,2315,2313,2208,2359,2346,2367,2231,2105
2303: 588,2401,2430,2471,2444,2168,2443,2447,2445,2209,1989,2399,2298,2460,2458,2479,2459,2306,2301,2307,2305,2403
2304: 2389,2302,2298,2306,2301,2307,2305,2320,2055,2383,2166,2385,2384,2178,2400,2315,2313,2314,2208,2346,2367,2231,2105,2318,2316,2180,2317,2278
2305: 2306,2301,2307,2403,2303,2401,2430,2471,2402,2431,2434,2179,2466,1989,2399,2298,2460,2458,2479,2459,2406,2320,2415,2356,2432,2055,2383,2166,2385,2384,2389,2304,2302,2178,2400,2315,2313,2314
2306: 2301,2307,2305,2403,2303,2401,2430,2471,2402,2431,2434,2179,2466,1989,2399,2298,2460,2458,2479,2459,2406,2320,2415,2356,2432,2055,2383,2166,2385,2389,2304,2302,2400,2315
2308: 2309,2016,2221,2357,2158,2414,2355,2157,2419,2416,2310,2378,2379,2265,2365,2409,2333,2321,2341,2420,2156,2319,2322,2267,2330,2214,2218,2331,2024,2311,2155,2353,2235,2226,2251,2131,2225,2154,2238,2219,2288,2289,2250,2252
2309: 2308,2016,2221,2357,2157,2419,2416,2310,2378,2379,2265,2365,2263,2409,2333,2321,2341,2420,2156,2319,2322,2267,2330,2214,2218,2331,2024,2311,2155,2226,2251,2131,2225,2154,2238,2219,2288,2289,2250
2310: 2419,2416,2378,2379,2461,2376,2417,2433,2375,2152,2427,915,2357,2158,2352,2414,2355,2157,2265,2365,2321,2341,2420,2156,2319,2322,2309,2308,2016,2221,2330,2218,2331
2313: 2178,2400,2315,2314,2301,2307,2305,2406,2320,2415,2356,2055,2357,2158,2355,2389,2304,2302,2321,2341,2420,2156,2319,2322,2367,2105,2318,2316,2180,2317,2278,1961,2155,2353
2314: 2178,2400,2315,2313,2307,2305,2406,2320,2415,2356,2055,2357,2158,2352,2414,2355,2389,2304,2321,2341,2420,2156,2319,2322,2105,2318,2316,2180,2317,2278,1961,2155,2353,2235
2315: 2178,2400,2313,2314,2306,2301,2307,2305,2406,2320,2356,2055,2357,2158,2355,2389,2304,2302,2321,2341,2420,2156,2319,2367,2105,2318,2316,2180,2317,2278,1961,2155,2353
2316: 2318,2180,2317,2278,2389,2304,2178,2400,2315,2313,2314,2321,2341,2156,2319,2367,2105,1961,2155,2353,2235,2167,2120,2202,2143,2142,2270,2190,2122,2112,2205,2177
2317: 2318,2316,2180,2278,2389,2304,2178,2400,2315,2313,2314,2321,2341,2156,2319,2367,2231,2105,1961,2155,2353,2235,2167,2120,2202,2143,2142,2270,2190,2122,2112,2205,2177
2318: 2316,2180,2317,2278,2389,2304,2178,2400,2315,2313,2314,2321,2341,2420,2156,2319,2322,2367,2105,1961,2155,2353,2235,2167,2120,2202,2143,2142,2270,2190,2122,2169,2112,2205,2177
2319: 2321,2341,2420,2156,2322,2406,2320,2415,2356,2055,2357,2158,2352,2414,2355,2157,2419,2310,2379,2178,2400,2315,2313,2314,2309,2308,2016,2221,2318,2316,2180,2317,2278,1961,2155,2353,2235,2226,2225,2154,2238
2320: 2406,2415,2356,2432,2055,2430,2402,2431,2434,2179,2466,2461,2376,2417,2306,2301,2307,2305,2403,2357,2158,2352,2414,2355,2157,2389,2304,2302,2178,2400,2315,2313,2314,2321,2319
2322: 2321,2341,2420,2156,2319,2415,2356,2055,2357,2158,2352,2414,2355,2157,2419,2416,2310,2378,2379,2178,2400,2313,2314,2309,2308,2016,2221,2318,1961,2155,2353,2235,2226,2225,2154,2238
2323: 2170,2181,2149,2258,2204,2045,2107,2150,2184,2234,2110,2283,2159,2094,2337,2282,2276,2261,2339,2182,2064,2188,2186,1994,2183,2187,2185,2272,2091,2012,2115,2127
2324: 2386,2293,2241,2217,2361,2362,2363,2372,2325,2351,2299,2243,2215,2374,2046,2424,2246,2300,2253,2216,2244,2347,2245,2044,2240,2381,2382,2344,2408
2325: 2351,2299,2243,2215,2374,2333,2394,2262,2266,2217,2361,2362,2363,2267,2214,2218,2024,2311,2386,2293,2324,2241,2246,2300,2253,2216,2244,2312,2347,2245,2044,2240,2381
2326: 2350,1773,1530,1445,918,2407,2442,2071,2470
2407: 2442,2071,2470,2350,1773,2326,1530,1445,918,1477,1341
2328: 2428,2435,2195,2397,490,2425,2423,2192,540,2472,2340,2437,2405,2277,2193,2332,2395,2391,2066,2422,2474
2329: 2197,2260,2275,2345,2404,2196,2191,2002,2193,2332,2395,2391,2066,2281,2132,2237,2279,2139,2335,2271,2198,2199,2145,2254
2330: 2267,2214,2218,2331,2024,2311,2419,2416,2310,2378,2379,2265,2365,2263,2409,2333,2394,2262,2309,2308,2016,2221,2351,2299,2243,2215,2374,2154,2238,2219,2288,2289,2300,2216
2331: 2267,2330,2214,2218,2024,2311,2419,2310,2265,2365,2263,2409,2333,2262,2309,2308,2016,2221,2351,2299,2243,2215,2374,2226,2251,2131,2225,2154,2238,2219,2288,2289,2250,2252,2300,2216,2244,2312
2332: 2395,2391,2066,2405,2328,2428,2435,2195,2397,2002,2193,2422,2474,2329,2197,2335,2271,2354,2151
2333: 2265,2365,2263,2409,915,2465,2364,2040,2410,2392,2394,2262,2266,2309,2308,2016,2267,2330,2214,2218,2331,2024,2311,2325,2351,2299,2243,2215,2374
2334: 2462,2464,2268,2463,2373,2454,2441,2040,2413,2410,1671,2392,2411,2394,2262,2266,2217,2361,2363,2439
2335: 2271,2002,2193,2332,2395,2391,2066,2422,2474,2329,2197,2260,2354,2151,2199,2145,2254
2336: 2070,2274,2146,911,2369,2069,2473,1337,1690
2337: 2342,2094,2282,2276,2261,2339,2246,2253,2244,2312,2347,2245,2044,2240,2381,2234,2110,2283,2159,2345,2338,2404,2089,2181,2149,2258,2323,2204,2045,2272,2091,2281,2279,2139,2280
2338: 2275,2345,2404,2196,2191,2089,2347,2245,2044,2240,2381,2382,2344,2408,2340,2437,2405,2277,2342,2094,2337,2282,2276,2261,2339,2002,2193,2272,2091,2281,2132,2237,2279,2139,2280
2339: 2342,2094,2337,2282,2276,2261,2246,2253,2244,2347,2245,2044,2240,2381,2382,2344,2408,2234,2110,2283,2159,2275,2345,2338,2404,2196,2191,2089,2181,2258,2323,2272,2091,2281,2132,2237,2279,2139,2280
2340: 2472,2437,2405,2277,2424,490,2425,2423,2192,2242,540,2382,2344,2408,2328,2428,2435,2195,2397,2275,2338,2191,2002,2193
2341: 2321,2420,2156,2319,2322,2055,2357,2158,2352,2414,2355,2419,2310,2379,2178,2400,2315,2313,2314,2309,2308,2016,2221,2318,2316,2180,2317,2278,1961,2155,2353,2235,2226,2251,2131,2225,2154,2238
2342: 2094,2337,2282,2276,2261,2339,2345,2338,2089,2258
2348: 2233,2444,2168,2443,2447,2445,2209,2399,2298,2479,2360,2448,2421,2446,2383,2166,2385,2384,2287,2418,2426,2366,1997,2208,2359,2346
2349: 2165,2096,2031,2436,2343,2212,2207,2203,2393,1976,2290,2087,2050,583
2350: 1773,926,2449,2326,2286,918,2407,2071
2351: 2325,2299,2243,2215,2374,2333,2394,2262,2217,2362,2267,2330,2214,2218,2331,2024,2311,2386,2293,2324,2241,2219,2288,2289,2246,2300,2253,2216,2244,2312,2347,2245,2044,2240
2352: 2357,2158,2414,2355,2157,2402,2431,2434,2179,2466,2461,2376,2429,2417,2480,2433,2375,2152,2427,915,2406,2320,2415,2356,2432,2055,2419,2416,2310,2378,2379,2178,2400,2314,2321,2341,2420,2319,2322,2221
2354: 2151,2332,2391,2422,2474,2335,2271,2254,2125,2412,2370
2355: 2357,2158,2352,2414,2157,2431,2461,2376,2417,2433,2152,915,2406,2320,2415,2356,2055,2419,2416,2310,2378,2379,2178,2400,2315,2313,2314,2321,2341,2420,2156,2319,2322,2308,2016,2221
2356: 2406,2320,2415,2432,2055,2430,2402,2431,2434,2179,2466,2461,2376,2429,2417,2480,2306,2301,2307,2305,2403,2357,2158,2352,2414,2355,2157,2178,2400,2315,2313,2314,2321,2420,2319,2322
2357: 2158,2352,2414,2355,2157,2431,2461,2376,2417,2433,2152,915,2406,2320,2415,2356,2055,2419,2416,2310,2378,2379,2178,2400,2315,2313,2314,2321,2341,2420,2156,2319,2322,2309,2308,2016,2221
2358: 2173,2088,434
2359: 2208,2346,2348,2233,2383,2166,2385,2384,2302,2426,2366,1997,2367,2231,2105,2207,2213,2211,2210,2167,2103,2120,2232
2360: 2448,2421,2446,2444,2168,2443,2447,2445,2209,2348,2233,2287,2418,2426,2366,1997
2361: 2217,2362,2363,2040,2413,2410,2392,2334,2411,2394,2262,2266,2372,2292,2438,2439,2325,2299,2243,2374,2386,2293,2324,2241,2046
2362: 2217,2361,2363,2040,2410,2392,2411,2394,2262,2266,2372,2292,2439,2325,2351,2299,2243,2215,2374,2386,2293,2324,2241,2046
2363: 2217,2361,2362,2040,2413,2410,1671,2392,2334,2294,2411,2394,2262,2266,2372,2292,2438,2439,2325,2299,2243,2374,2386,2293,2324,2046
2364: 2465,1700,2377,2476,2475,853,1677,2462,2464,2433,2375,2152,2427,915,1701,2040,2413,2410,1671,2392,2416,2378,2379,2265,2365,2263,2409,2333,2394,2262,2266
2365: 2265,2263,2409,2333,2433,2375,2152,2427,915,2465,2364,2040,2392,2419,2416,2310,2378,2379,2394,2262,2309,2308,2016,2221,2267,2330,2214,2218,2331,2024,2311,2299,2374
2366: 2426,1997,2360,2421,2348,2233,2287,2418,2208,2359,2212,2207,2213,2211,2210
2367: 2231,2105,2383,2166,2385,2384,2389,2304,2302,2178,2315,2313,2208,2359,2346,2318,2316,2180,2317,2278,2210,2167,2103,2120,2232,2202,2143,2270,2190
2369: 2069,2473,911,2371,2257,2336,2070
2370: 2125,2412,2354,2239,2088
2371: 2257,2369,2069,2473,513
2372: 2292,2291,2438,2439,2478,2294,2457,2411,2452,2217,2361,2362,2363,2296,2451,2388,2450,2386,2293,2324,2241,2046,2424,490,2425,2423,2242
2373: 2268,2463,2454,2462,2464,2441,2413,2410,2334,2294,2457,2411
2374: 2325,2351,2299,2243,2215,2265,2365,2263,2409,2333,2394,2262,2266,2217,2361,2362,2363,2267,2330,2214,2218,2331,2024,2311,2386,2293,2324,2241,2246,2300,2216,2244
2375: 2433,2152,2427,915,2222,2377,2476,2475,2477,853,1677,2461,2376,2429,2417,2480,2465,1700,2364,2352,2414,2157,2419,2416,2310,2378,2379,2265,2365,2263,2409
2376: 2461,2429,2417,2480,2456,2222,2377,2476,2475,2477,2402,2431,2434,2179,2466,2433,2375,2152,2427,915,2406,2320,2415,2356,2357,2158,2352,2414,2355,2157,2419,2416,2310,2378,2379
2378: 2419,2416,2310,2379,2461,2376,2417,2480,2433,2375,2152,2427,915,2465,2364,2357,2158,2352,2414,2355,2157,2265,2365,2263,2409,2321,2420,2322,2309,2308,2016,2221,2330,2218
2379: 2419,2416,2310,2378,2461,2376,2429,2417,2480,2433,2375,2152,2427,915,2465,2364,2357,2158,2352,2414,2355,2157,2265,2365,2321,2341,2420,2319,2322,2309,2308,2016,2221,2330
2477: 2377,2476,2475,2222,853,1677,2376,2429,2480,2433,2375,2152,2427
2381: 2347,2245,2044,2240,2325,2386,2293,2324,2241,2046,2424,2246,2253,2244,2382,2344,2408,2234,2110,2094,2337,2282,2276,2261,2339,2275,2345,2338,2404,2196,2191,2089
2382: 2344,2408,2386,2324,2241,2046,2424,490,2425,2423,2192,2242,2347,2245,2044,2240,2381,2472,2340,2437,2405,2277,2094,2282,2276,2339,2275,2345,2338,2404,2196,2191,2089,2002,2193
2383: 2166,2385,2384,2444,2168,2443,2445,1989,2399,2298,2460,2458,2479,2459,2306,2301,2307,2305,2348,2233,2389,2304,2302,1997,2208,2359,2346,2367,2231,2105
2384: 2383,2166,2385,2443,2445,2399,2298,2459,2307,2305,2348,2233,2389,2304,2302,1997,2208,2359,2346,2367,2231,2105
2385: 2383,2166,2384,2444,2168,2443,2447,2445,1989,2399,2298,2460,2458,2479,2459,2306,2301,2307,2305,2348,2233,2389,2304,2302,1997,2208,2359,2346,2367,2231,2105
2386: 2293,2324,2241,2394,2266,2217,2361,2362,2363,2372,2292,2291,2438,2439,2478,2325,2351,2299,2243,2374,2046,2424,2246,2244,2245,2044,2381,2382,2344,2408
2466: 2402,2431,2434,2179,2456,2222,2430,2461,2376,2429,2417,2480,2306,2301,2305,2403,2406,2320,2415,2356,2432,2352,2414,2157
2388: 2296,2451,2450,2294,2452,2372,2292,2291,2438,2439,2478,2046,2424,490,2425,2423,2192,2242
2389: 2304,2302,2298,2306,2301,2307,2305,2406,2320,2055,2383,2166,2385,2384,2178,2400,2315,2313,2314,2346,2367,2231,2105,2318,2316,2180,2317,2278
2478: 2372,2292,2291,2438,2439,2294,2411,2452,2296,2451,2388,2450,2386,2293,2046,2424,490,2425,2423,2192,2242
2391: 2332,2395,2066,2405,2277,2328,2428,2435,2195,2397,2002,2193,2422,2474,2329,2197,2335,2271,2354,2151
2392: 1701,2040,2413,2410,1671,853,1677,2462,2464,2268,2454,2465,1700,2364,2334,2265,2365,2263,2409,2333,2394,2262,2266,2217,2361,2362,2363
2393: 2203,1936,1967,2349,2165,2031
2394: 2262,2266,2465,1700,2364,1701,2040,2413,2410,1671,2392,2334,2265,2365,2263,2409,2333,2217,2361,2362,2363,2267,2330,2214,2218,2024,2311,2325,2351,2299,2243,2215,2374,2386,2293
2395: 2332,2391,2066,2405,2277,2328,2428,2435,2195,2002,2193,2422,2474,2329,2197,2260,2335,2271,2151
2396: 2174,2455,1790,2449,2286
2397: 2328,2428,2435,2195,490,2425,2423,2192,2242,540,2472,2340,2437,2405,2277,2002,2193,2332,2391
2398: 2285,1689,1817,1790,2469,2467,2123,2468
2399: 1989,2298,2460,2458,2479,2459,588,2303,2401,2471,2444,2168,2443,2447,2445,2209,2306,2301,2307,2305,2348,2233,2383,2166,2385,2384,2302
2401: 2430,2471,2303,2431,2434,2179,1989,2399,2298,2460,2458,2479,2459,2306,2301,2307,2305,2403,2406,2432
2402: 2431,2434,2179,2466,2456,2222,2430,2471,2461,2376,2429,2417,2480,2306,2301,2305,2403,2406,2320,2415,2356,2432,2352,2414,2157
2403: 2306,2301,2307,2305,2303,2401,2430,2471,2402,2431,2434,2179,2466,1989,2298,2460,2458,2459,2406,2320,2415,2356,2432,2055,2302,2400
2404: 2275,2345,2338,2196,2191,2089,2245,2044,2240,2381,2382,2344,2405,2277,2094,2337,2282,2276,2261,2339,2002,2193,2272,2091,2281,2132,2237,2279,2139,2280,2329,2197,2260
2405: 2472,2340,2437,2277,2424,490,2425,2423,2192,2242,2382,2344,2408,2328,2428,2435,2195,2397,2275,2345,2338,2404,2196,2191,2089,2002,2193,2332,2395,2391,2066
2408: 2382,2344,2386,2293,2324,2241,2046,2424,490,2425,2423,2192,2242,2347,2245,2044,2240,2381,2472,2340,2437,2405,2277,2094,2282,2339,2275,2338,2002,2193
2409: 2265,2365,2263,2333,2375,2427,915,2465,1700,2364,2040,2413,2410,1671,2392,2416,2378,2394,2262,2266,2309,2308,2016,2267,2330,2214,2218,2331,2024,2311,2299,2243,2374
2410: 1701,2040,2413,1671,2392,2462,2464,2268,2463,2373,2454,2465,1700,2364,2334,2263,2409,2333,2394,2262,2266,2217,2361,2362,2363
2411: 2294,2457,2268,2463,2373,2454,2441,2334,2452,2217,2361,2362,2363,2372,2292,2291,2438,2439,2478,2296,2450
2412: 2125,2370,2354,2151,2254,2239,2088
2413: 1701,2040,2410,1671,2392,853,1677,2462,2464,2268,2463,2373,2454,2465,1700,2364,2334,2263,2409,2394,2262,2266,2361,2363
2414: 2357,2158,2352,2355,2157,2402,2431,2179,2466,2461,2376,2429,2417,2480,2433,2375,2152,2427,915,2406,2320,2415,2356,2432,2055,2419,2416,2310,2378,2379,2178,2400,2314,2321,2341,2420,2156,2319,2322,2308,2016,2221
2415: 2406,2320,2356,2432,2055,2430,2402,2431,2434,2179,2466,2461,2376,2429,2417,2480,2306,2301,2307,2305,2403,2357,2158,2352,2414,2355,2157,2178,2400,2313,2314,2321,2420,2319,2322
2416: 2419,2310,2378,2379,2461,2376,2429,2417,2480,2433,2375,2152,2427,915,2465,2364,2357,2158,2352,2414,2355,2157,2265,2365,2263,2409,2420,2322,2309,2308,2016,2330,2218
2417: 2461,2376,2429,2480,2456,2222,2476,2402,2431,2434,2179,2466,2433,2375,2152,2427,915,2406,2320,2415,2356,2432,2055,2357,2158,2352,2414,2355,2157,2419,2416,2310,2378,2379
2418: 2287,2360,2448,2421,2446,2348,2233,2426,2366,1997,2436,2343,2212,2207
2419: 2416,2310,2378,2379,2461,2376,2417,2433,2375,2152,2427,915,2357,2158,2352,2414,2355,2157,2265,2365,2321,2341,2420,2156,2319,2322,2309,2308,2016,2221,2330,2214,2218,2331
2420: 2321,2341,2156,2319,2322,2415,2356,2055,2357,2158,2352,2414,2355,2157,2419,2416,2310,2378,2379,2178,2400,2315,2313,2314,2309,2308,2016,2221,2318,1961,2155,2353,2235,2226,2225,2154,2238
2422: 2474,2328,2428,2332,2395,2391,2066,2335,2271,2354,2151
2423: 490,2425,2192,2242,2372,2291,2438,2478,2296,2451,2388,2046,2424,540,2382,2344,2408,2472,2340,2437,2405,2277,2328,2428,2435,2195,2397
2424: 2046,2372,2291,2438,2478,2388,2386,2293,2324,2241,490,2425,2423,2192,2242,2245,2044,2381,2382,2344,2408,2472,2340,2437,2405,2277
2425: 490,2423,2192,2242,2372,2291,2438,2478,2296,2451,2388,2450,2046,2424,540,2382,2344,2408,2472,2340,2437,2405,2277,2328,2428,2435,2195,2397
2426: 2366,1997,2360,2421,2348,2233,2287,2418,2208,2359,2212,2207,2213,2211,2210
2427: 2433,2375,2152,915,2222,2377,2476,2475,2477,853,1677,2461,2376,2429,2417,2480,2465,1700,2364,2352,2414,2157,2419,2416,2310,2378,2379,2265,2365,2263,2409
2428: 2328,2435,2195,2397,490,2425,2423,2192,540,2472,2340,2437,2405,2277,2193,2332,2395,2391,2066,2422,2474
2429: 2461,2376,2417,2480,2456,2222,2377,2476,2475,2477,2402,2431,2434,2179,2466,2433,2375,2152,2427,915,2415,2356,2352,2414,2157,2416,2379
2430: 2401,2471,2456,2303,2402,2431,2434,2179,2466,1989,2298,2460,2458,2479,2459,2306,2301,2307,2305,2403,2406,2320,2415,2356,2432
2431: 2402,2434,2179,2466,2456,2222,2401,2430,2471,2461,2376,2429,2417,2480,2306,2301,2307,2305,2403,2406,2320,2415,2356,2432,2055,2357,2158,2352,2414,2355,2157
2432: 2406,2320,2415,2356,2055,2401,2430,2471,2402,2431,2434,2179,2466,2461,2417,2306,2301,2307,2305,2403,2158,2352,2414,2302,2400
2433: 2375,2152,2427,915,2222,2377,2476,2475,2477,2461,2376,2429,2417,2480,2465,2364,2357,2158,2352,2414,2355,2157,2419,2416,2310,2378,2379,2265,2365
2434: 2402,2431,2179,2466,2456,2222,2401,2430,2471,2461,2376,2429,2417,2480,2306,2301,2307,2305,2403,2406,2320,2415,2356,2432,2352
2435: 2328,2428,2195,2397,490,2425,2423,2192,2242,540,2472,2340,2437,2405,2277,2002,2193,2332,2395,2391,2066
2436: 2343,2287,2418,1936,2212,1967,2203,2349,2165,2031
2438: 2372,2292,2291,2439,2478,2294,2457,2411,2452,2217,2361,2363,2296,2451,2388,2450,2386,2293,2046,2424,490,2425,2423,2242
2471: 2401,2430,2303,2402,2431,2434,2179,1989,2399,2298,2460,2458,2479,2459,2306,2301,2307,2305,2403,2432
2441: 2268,2463,2373,2454,2334,2294,2457,2411,2452
2443: 2444,2168,2447,2445,2209,2303,1989,2399,2298,2460,2458,2479,2459,2360,2448,2421,2446,2348,2233,2383,2166,2385,2384
2444: 2168,2443,2447,2445,2209,588,2303,1989,2399,2298,2460,2458,2479,2459,2360,2448,2421,2446,2348,2233,2383,2385
2445: 2444,2168,2443,2447,2209,2303,1989,2399,2298,2460,2458,2479,2459,2360,2448,2421,2446,2348,2233,2383,2166,2385,2384
2446: 2360,2448,2421,2444,2168,2443,2447,2445,2209,2348,2233,2287,2418
2447: 2444,2168,2443,2445,2209,2303,2399,2298,2479,2360,2448,2421,2446,2348,2233,2385
2448: 2360,2421,2446,2444,2168,2443,2447,2445,2209,2348,2233,2287,2418
2449: 2174,2396,2455,2350,1773,926,2286
2450: 2296,2451,2388,2294,2457,2411,2452,2372,2292,2291,2438,2439,2478,490,2425
2451: 2296,2388,2450,2294,2457,2452,2372,2292,2291,2438,2439,2478,490,2425,2423,2192
2452: 2441,2294,2457,2411,2372,2292,2291,2438,2439,2478,2296,2451,2388,2450
2454: 2268,2463,2373,2462,2464,2441,2040,2413,2410,1671,2392,2334,2411
2455: 2174,2396,1790,2449,2286
2456: 2222,2430,2402,2431,2434,2179,2466,2461,2376,2429,2417,2480
2457: 2294,2411,2463,2373,2441,2452,2372,2292,2291,2438,2439,2296,2451,2450
2458: 1989,2399,2298,2460,2479,2459,2303,2401,2430,2471,2444,2168,2443,2445,2306,2301,2307,2305,2403,2383,2385,2302
2459: 1989,2399,2298,2460,2458,2479,2303,2401,2430,2471,2444,2168,2443,2445,2306,2301,2307,2305,2403,2383,2166,2385,2384,2302
2460: 1989,2399,2298,2458,2479,2459,588,2303,2401,2430,2471,2444,2168,2443,2445,2306,2301,2307,2305,2403,2383,2385,2302
2461: 2376,2429,2417,2480,2456,2222,2377,2476,2402,2431,2434,2179,2466,2433,2375,2152,2427,915,2406,2320,2415,2356,2432,2055,2357,2158,2352,2414,2355,2157,2419,2416,2310,2378,2379
2462: 2464,853,1677,2268,2463,2373,2454,2465,1700,2364,2040,2413,2410,1671,2392,2334
2463: 2268,2373,2454,2462,2464,2441,2413,2410,1671,2334,2457,2411
2464: 2462,853,1677,2268,2463,2373,2454,2465,1700,2364,2040,2413,2410,1671,2392,2334
2465: 1700,2364,2377,2476,853,1677,2462,2464,2433,2375,2152,2427,915,1701,2040,2413,2410,1671,2392,2416,2378,2379,2265,2365,2263,2409,2333,2394,2262,2266
2467: 2469,2123,2468,1689,1817,1790,2285,2398
2468: 2469,2467,2123,1689,1817,1790,2285,2398
2472: 2340,2437,2405,2277,2424,490,2425,2423,2192,2242,540,2382,2344,2408,2328,2428,2435,2195,2397,2275,2002,2193
2473: 2369,2069,2371,2257,2336,2070
2474: 2422,2328,2428,2195,2332,2395,2391,2066,2335,2271,2354,2151
2475: 2377,2476,2477,2222,853,1677,2376,2429,2480,2433,2375,2152,2427,915,2364
2476: 2377,2475,2477,2222,853,1677,2461,2376,2429,2417,2480,2433,2375,2152,2427,915,2465,2364
2479: 1989,2399,2298,2460,2458,2459,588,2303,2401,2430,2471,2444,2168,2443,2447,2445,2209,2306,2301,2307,2305,2348,2233,2383,2166,2385,2302
2480: 2461,2376,2429,2417,2456,2222,2377,2476,2475,2477,2402,2431,2434,2466,2433,2375,2152,2427,915,2415,2356,2352,2414,2157,2416,2378,2379