1574: 1605,1599,1597,448,552,1268,1326
639: 
1068: 1069,1067,237,1063,1065,1083,949,965
1141: 1100
1543: 1536,1502,1349,1566,1482,1474,1514,1458
566: 
949: 1068,237,1063,1065,1083,965
1581: 1562
1347: 1473,1520,1495,952,1435,1516,1480,1396,1387,1456
1126: 1011,1020,1162,153,1128,1136,1037
977: 
1519: 1419,1564,1557,1499,1571,487,1450,1578,1531,1476,1430,1554,1479
1373: 1394,1365,1379,1476,1430,1554,1479,1506,1478,1467,1345,1317,1415,1346,1431,1464,1393,1426,1316,323
1572: 1527,1450,1388,1578,1531,1566,1482,1536
1394: 1373,1365,1379,1506,1478,1467,1454,1345,1317,1415,1346,1431,1393,1426,1316,323
15: 29,746
754: 69
17: 468
1509: 1357,1454,1345,1317,1415,1346,1431,1393,1426,1323,1448,1484,1428
583: 
1566: 1572,1527,1482,1536,1502,1543,1349
1376: 1501,1430,1554,1479,1506,1478,1467,1474,1514,1464,1393,1426,1316,323,1425
900: 
1520: 1533,1495,1337,1521,1424,1496,952,1516,1347,1473
1337: 1521,959,1533,1520,1495,1424,1496,952
1383: 1435,1516,1504,1359,1488,1367,1396
643: 
1393: 1464,1426,1316,323,1394,1373,1478,1467,1501,1376,1345,1317,1415,1346,1431,1425,1509,1357,1448,1395,1461
1593: 1569,1582
29: 15
562: 
740: 
1174: 1062
822: 1503,1487,1404,1480,1396,1387,1456,1560,985
947: 
563: 
985: 822,1503,1487,1404,1454,1323,1445,1561,1530
1505: 1445,1530,1492,482,1485
646: 513
1556: 1576,986,1575
995: 
1491: 1405,1390
1532: 1602
957: 
1540: 1499,1571
1367: 1359,1488,1383,1504,1396
961: 
766: 877
1485: 1505,1492,1447,1515,482,1465,1339,1378,1391,1517
968: 
1587: 1606,1597
929: 
939: 
905: 522
1492: 1484,1505,1447,1515,482,1485,1339
727: 662
572: 
1506: 1478,1467,1365,1379,1476,1430,1554,1479,1394,1373,1501,1376,1346,1431,1426,1316,323
832: 
1533: 1520,1495,1483,1337,1521,1424,1496,952,1516,1473
1479: 1476,1430,1554,1419,1564,1519,1557,1450,1388,1578,1531,1373,1506,1478,1467,1501,1376
61: 1398,1409,1472,1410,1489,1460,1399,1452,1429,1406,1400,1539,1433
839: 338,320
1550: 
1527: 1572,1450,1388,1578,1531,1566,1482
65: 435
1582: 1569,1593
922: 
589: 
69: 754
1600: 997,994,935,1589
598: 
1202: 492
1128: 153,1136,1037,1114,1126,1011,1020,1162
587: 
607: 
1571: 1540,1499,1583,1603,959,487,1564,1519
569: 
996: 933
854: 
605: 227
916: 
1172: 
1484: 1509,1448,1428,1472,1410,1489,1492,1447,1515,1400
591: 
926: 
1487: 822,1503,1404,1480,1387,1456,1560,985
1513: 1548
1429: 1460,1399,1452,1436,1472,1410,1489,1406,1400,1539,1398,61,1409,1433
944: 
582: 
1295: 
948: 
1349: 1536,1502,1543,1566,1482,1474,1514,1458
1064: 1088,1015
588: 
1253: 1278,480
994: 997,1600
1518: 959
1496: 1424,952,1337,1521,959,1533,1520,1495,1459
1266: 1151,311,1005
593: 
102: 
872: 
908: 
1606: 1587,1597
955: 
1346: 1345,1317,1415,1431,1394,1373,1506,1478,1467,1454,1464,1393,1426,1316,323,1323,1509,1357,1448
906: 
659: 338
581: 
1539: 1400,1410,1489,1460,1399,1429,1515,1398,61,1409,1465,1444,1470
932: 
575: 
993: 
1475: 1575
851: 137
1395: 1461,1436,1464,1393,1426,1316,323,1425,1448,1472,1410,1399,1452
1599: 1597,448,1605,1574
119: 
1278: 1253,480
1387: 1435,1516,1347,1473,1480,1396,1456,822,1503,1487,1404
1316: 1464,1393,1426,323,1394,1373,1506,1478,1467,1501,1376,1345,1317,1415,1346,1431,1425,1448,1395,1461
123: 
1473: 1347,1533,1520,1495,952,1435,1516,1480,1396,1387,1456
1483: 1440,478,1533
975: 
911: 1129
898: 953
597: 627,1591
979: 
988: 
963: 
1507: 1477,1341,1348,1402
1465: 1339,1447,1515,1400,1539,1485,1444,1378,1391,1517
951: 937
1348: 1402,1507
137: 851
592: 954
1063: 237,1065,1083,1069,1067,278,1068,1066,949,965
1562: 1581
1569: 1593,1582
986: 1576,1556
143: 
586: 
903: 1588
1589: 935,1600
596: 451
1359: 1488,1367,1383,1435,1504,1480,1396
1451: 233,1560,1336,1512,1542,1526
580: 
894: 
978: 
153: 1128,1136,1037,1114,1126,1011,1020,1162
980: 
1151: 311,1005,1266
568: 512
157: 1588
965: 1068,237,1063,1065,1083,1066,949,1053
1413: 1453
902: 1590,1601,1547,1580,475
1517: 1391,1485,1465,1339,1444,1378,627
1503: 822,1487,1404,1480,1396,1387,1456,1560,985
1430: 1476,1554,1479,1419,1564,1519,1557,1450,1531,1365,1379,1373,1506,1478,1467,1501,1376
1114: 275,153,1128,1136,1037
594: 
166: 1015
820: 
168: 238,682
700: 1009,454
1528: 1592,521
171: 
746: 15
1547: 1590,1601,1580,475,902
574: 453
940: 
1065: 237,1063,1083,1069,1067,278,1068,1066,949,965
1382: 1298
923: 
1062: 1174
1053: 965
901: 526
1343: 
183: 
992: 
1290: 
1336: 233,1451,1512,347,1565,1434,1585
967: 
573: 
1406: 1436,1460,1399,1452,1429,1398,61,1409,1433
976: 
919: 
1415: 1345,1317,1346,1431,1394,1373,1478,1467,1454,1393,1426,1316,323,1323,1509,1357
1208: 1306,1129
590: 
1464: 1393,1426,1316,323,1373,1478,1467,1501,1376,1345,1346,1431,1425,1448,1395,1461,1436
1514: 1474,1482,1543,1349,1501,1376,1458,1425
962: 
927: 
1578: 1450,1388,1531,487,1419,1564,1519,1557,1572,1527,1554,1479,1482
584: 
934: 
1531: 1450,1388,1578,487,1419,1564,1519,1557,1572,1527,1476,1430,1554,1479
953: 898
1197: 492
973: 
206: 
982: 
1357: 1509,1454,1345,1317,1415,1346,1431,1393,1426,1323,1448,1428
924: 
1453: 1413
1424: 1496,952,1337,1521,959,1533,1520,1495,1537,1459,1525,1558
990: 
578: 
1341: 1477,1397,1507
1149: 1184
1388: 1450,1578,1531,487,1419,1564,1557,1572,1527,1554,1479,1482
1502: 1536,1543,1349,1566,1482
914: 
1298: 1382,931
1011: 1126,1020,1162,153,1128,1136,1037
866: 294
925: 974
1521: 1337,959,1533,1520,1495,1424,1496,952
1100: 1141
1489: 1428,1472,1410,1484,1460,1399,1452,1429,1515,1400,1539,1398,61,1409
941: 
227: 605
912: 
950: 
943: 
1591: 597,453
232: 
233: 1451,1560,1336,1512,1542
1551: 1414,1470,307,1573
1480: 1396,1435,1516,1347,1473,1359,1488,1387,822,1503,1487,1404
579: 
237: 1063,1065,1083,1069,1067,278,1068,1066,949,965
238: 168,682
920: 
1379: 1365,1537,1459,1525,1558,1476,1430,1394,1373,1506,1467
599: 439
1580: 1590,1601,1547,475,902
243: 
1476: 1430,1554,1479,1419,1564,1519,1557,1450,1531,1365,1379,1373,1506,1478,1467
971: 470
972: 
1557: 1419,1564,1519,487,1450,1388,1578,1531,1476,1430,1554,1479
1583: 1603,552,1268,1326,1598,1499,1571,487
877: 766
1129: 911,1306,1208
1576: 1556,986,1575
1345: 1317,1415,1346,1431,1394,1373,1467,1454,1464,1393,1426,1316,323,1323,1509,1357,1448
1526: 1542,1451,1560,1445,1561,1530
1512: 233,1451,1336,1542,1565,1434,1585
255: 326
942: 
571: 
1478: 1506,1467,1365,1476,1430,1554,1479,1394,1373,1501,1376,1415,1346,1431,1464,1393,1426,1316,323,1425
1501: 1376,1430,1554,1479,1482,1506,1478,1467,1474,1514,1464,1393,1426,1316,323,1425
1563: 
928: 
1499: 1540,1571,1583,1603,959,487,1564,1519
567: 
264: 
909: 
1467: 1506,1478,1365,1379,1476,1430,1554,1479,1394,1373,1501,1376,1345,1317,1415,1346,1431,1464,1393,1426,1316,323,1425
267: 
998: 938
853: 1604
585: 
887: 
1525: 1459,1558,1424,952,1537,1365,1379,1456
915: 
1009: 700,454
275: 278,1342,1114
959: 1518,1337,1521,1499,1571,1424,1496,952,1537
913: 
278: 1069,1067,1342,237,1063,1065,1083,1066,275
892: 
1088: 1064,1015
281: 
958: 989
1597: 1599,1606,1587,1605,1574
1474: 1514,1482,1543,1349,1501,1376,1458,1425,1397
1365: 1379,1537,1459,1525,1558,1476,1430,1394,1373,1506,1478,1467
1530: 1445,1561,1560,985,1526,1505
682: 238,168
720: 
960: 
984: 
952: 1424,1496,1337,1521,959,1533,1520,1495,1537,1347,1473,1459,1525,1558
595: 474
1561: 1445,1530,1560,985,1542,1526
294: 866
672: 
999: 
1162: 1126,1011,1020,153,1128,1136,1037
298: 
1470: 1539,1409,1444,1551,1414
300: 
956: 836
1414: 1551,1470,307,1573
933: 996
904: 411
1015: 1088,1064,166
1066: 1069,1067,278,237,1063,1065,1083,965
307: 1433,1551,1414,1573,840
991: 
1268: 1326,1605,1574,552,1598,1443,1583,1603
1454: 1394,1345,1317,1415,1346,1431,985,1323,1509,1357
311: 1005,1151,1266
312: 382
313: 
1536: 1502,1543,1349,1572,1566,1482
1280: 1405,1306,1390
712: 358
989: 958
1069: 1067,278,1068,237,1063,1065,1083,1066
1601: 1590,1547,1580,475,902
320: 839
576: 
945: 
323: 1464,1393,1426,1316,1394,1373,1506,1478,1467,1501,1376,1345,1317,1415,1346,1431,1425,1448,1395,1461
981: 
946: 
326: 255
327: 
1161: 492
570: 
1037: 153,1128,1136,1114,1126,1011,1020,1162
1592: 1528,521
918: 
1184: 1149
1425: 1478,1467,1501,1376,1474,1514,1464,1393,1426,1316,323,1448,1395,1461,1436
1323: 1454,1345,1317,1415,1346,1431,985,1509,1357
1020: 1126,1011,1162,153,1128,1136,1037
1243: 492
338: 839,659
1378: 482,1485,1465,1339,1391,1517
840: 307,1573
938: 998
966: 
1306: 1208,1129,1280
937: 951
1477: 1397,1458,1507,1341
921: 
347: 1336
1326: 1268,1605,1574,552,1598,1443,1583,1603
349: 
997: 994,1600
1482: 1450,1388,1578,1572,1527,1566,1536,1502,1543,1349,1501,1474,1514
917: 
836: 956
1339: 1465,1492,1447,1515,1400,1485,1444,1378,1391,1517
1342: 278,275
1067: 1069,278,1068,237,1063,1065,1083,1066
970: 
358: 712
1488: 1359,1367,1383,1435,1504,1480,1396
1452: 1460,1399,1429,1448,1395,1461,1436,1428,1472,1410,1489,1406,1400,1398,61,1409
627: 1517,597
1431: 1345,1317,1415,1346,1394,1373,1506,1478,1467,1454,1464,1393,1426,1316,323,1323,1509,1357,1448
931: 1298
565: 
1504: 1405,1383,1390,1359,1488,1367
1005: 311,1151,1266
1405: 1280,1491,1390,1504
1573: 307,1551,1414,840
964: 
815: 
1317: 1345,1415,1346,1431,1394,1373,1467,1454,1393,1426,1316,323,1323,1509,1357
954: 592
662: 727
1590: 1601,1547,1580,475,902
710: 
1558: 1459,1525,1424,952,1537,1365,1379
1548: 1513
564: 
817: 
1586: 
969: 
382: 312
1136: 153,1128,1037,1114,1126,1011,1020,1162
1554: 1476,1430,1479,1419,1564,1519,1557,1450,1388,1578,1531,1373,1506,1478,1467,1501,1376
987: 907
935: 1589,1600
1542: 1526,233,1451,1560,1512,1561,1565,1434,1585
1083: 237,1063,1065,1069,1067,278,1068,1066,949,965
974: 925
907: 987
391: 
930: 
577: 
983: 
865: 
396: 
1564: 1419,1519,1557,1499,1571,487,1450,1388,1578,1531,1476,1430,1554,1479
910: 
936: 
400: 
401: 
402: 
403: 
404: 
405: 495
406: 
407: 
408: 
409: 
410: 
411: 904
412: 
413: 
414: 
415: 
416: 
417: 
418: 
419: 446
420: 
421: 
422: 
423: 
424: 
425: 
426: 
427: 
428: 
429: 479
430: 529
431: 
432: 
433: 
434: 
435: 65
436: 
437: 
438: 
439: 599
440: 
441: 
442: 
443: 
444: 
445: 
446: 419
447: 
448: 1599,1605,1574
449: 
450: 
451: 596
452: 
453: 1591,574
454: 700,1009
455: 
456: 
457: 
458: 
459: 
460: 
461: 
462: 
463: 
464: 
465: 
466: 
467: 500
468: 17
469: 
470: 971
471: 
472: 
473: 
474: 595
475: 1590,1601,1547,1580,902
476: 
477: 
478: 1440,1483
479: 429
480: 1253,1278
481: 
482: 1505,1492,1485,1378
483: 
484: 
485: 
486: 
487: 1583,1603,1499,1571,1419,1564,1519,1557,1450,1388,1578,1531
488: 
489: 
490: 
491: 554
492: 1197,1202,1243,1161
493: 
494: 553
495: 405
496: 
497: 
498: 
499: 
500: 467
501: 
502: 
503: 
504: 
505: 509
506: 534
507: 
508: 
509: 505
510: 
511: 
512: 568
513: 646
514: 
515: 
516: 
517: 
518: 
519: 
520: 
521: 1592,1528
522: 905
523: 
524: 
525: 
526: 901
527: 
528: 
529: 430
530: 537
531: 
532: 
533: 
534: 506
535: 
536: 
537: 530
538: 
539: 
540: 
541: 
542: 
543: 
544: 
545: 
546: 
547: 
548: 
549: 
550: 
551: 
552: 1605,1574,1268,1326,1583,1603
553: 494
554: 491
555: 
556: 
557: 
558: 
559: 
560: 
561: 
1575: 1576,1556,1475
1390: 1280,1405,1491,1504
1391: 1517,1485,1465,1339,1444,1378
1396: 1480,1383,1435,1516,1347,1473,1359,1488,1367,1387,822,1503,1404
1397: 1477,1474,1458,1341
1398: 61,1409,1428,1472,1410,1489,1460,1399,1452,1429,1406,1400,1539,1433,1444
1399: 1460,1452,1429,1448,1395,1461,1436,1428,1472,1410,1489,1406,1400,1539,1398,61,1409
1400: 1539,1484,1428,1472,1410,1489,1460,1399,1452,1429,1447,1515,1398,61,1409,1465,1339,1444
1472: 1428,1410,1489,1448,1395,1461,1436,1484,1460,1399,1452,1429,1400,1398,61
1402: 1348,1507
1560: 822,1503,1487,1404,233,1451,1542,1526,1445,1561,1530
1404: 822,1503,1487,1480,1396,1387,1456,1560,985
1585: 1565,1434,1336,1512,1542
1588: 157,903
1409: 1398,61,1489,1460,1399,1452,1429,1406,1400,1539,1433,1470
1410: 1428,1472,1489,1448,1395,1436,1484,1460,1399,1452,1429,1400,1539,1398,61
1516: 1435,1533,1520,1495,1383,1347,1473,1480,1396,1387
1604: 853
1605: 1574,1599,1597,448,552,1268,1326
1602: 1532
1419: 1564,1519,1557,487,1450,1388,1578,1531,1476,1430,1554,1479
1515: 1447,1484,1489,1492,1400,1539,1485,1465,1339,1444
1426: 1464,1393,1316,323,1394,1373,1506,1478,1467,1501,1376,1345,1317,1415,1346,1431,1425,1509,1357,1448,1395,1461
1537: 959,1424,952,1459,1525,1558,1365,1379
1428: 1472,1410,1489,1509,1357,1448,1484,1460,1399,1452,1400,1398
1565: 1434,1585,1336,1512,1542
1433: 1460,1429,1406,1398,61,1409,307
1434: 1565,1585,1336,1512,1542
1435: 1516,1383,1347,1473,1359,1488,1480,1396,1387
1436: 1395,1461,1464,1425,1448,1472,1410,1460,1399,1452,1429,1406
1603: 1583,552,1268,1326,1598,1499,1571,487
1535: 
1440: 1483,478
1443: 1598,1268,1326
1444: 1447,1515,1400,1539,1398,1465,1339,1470,1391,1517
1445: 1561,1530,1560,985,1526,1505
1447: 1515,1484,1492,1400,1485,1465,1339,1444
1448: 1345,1346,1431,1464,1393,1426,1316,323,1425,1509,1357,1395,1461,1436,1484,1428,1472,1410,1399,1452
1450: 1388,1578,1531,487,1419,1564,1519,1557,1572,1527,1476,1430,1554,1479,1482
1468: 
1456: 1347,1473,1459,1525,1387,822,1503,1487,1404
1598: 1443,1268,1326,1583,1603
1458: 1543,1349,1474,1514,1477,1397
1459: 1525,1558,1424,1496,952,1537,1365,1379,1456
1460: 1399,1452,1429,1436,1428,1472,1410,1489,1406,1400,1539,1398,61,1409,1433
1461: 1395,1436,1464,1393,1426,1316,323,1425,1448,1472,1399,1452
1495: 1533,1520,1337,1521,1424,1496,952,1516,1347,1473