1267: 1252,1272,1250,1275,1270,1221,1273,74,1223,1271,1225,1265,1279,1268,1269,1276,1266,1277,1220,1263,86,1274,1254,1253,1219,1249,1251,37,1224,1241,1206,1231,1243,1242,1255
1: 140,1211,106,17,476,1228,21,1209,1210,447,449,199,48
1261: 31,1256,1259,1257,1258,1260,1276,1266,1247,1278,1277,1220,1263,1222,1245,22,57,1254,1253,1219,1240,1249,1262,1251,92,1235,1255,1232,76
3: 168,465,26,6,64,1204,61,338,74,4,103,86,1274
4: 135,338,3,219,103,91,413
5: 30,62,1202,35,209,480,1229,1208,1227,482,204,125
6: 64,1204,61,82,185,66,26,83,3,74,1223,1225
1266: 1276,1247,1278,1277,1220,1263,1248,1244,83,78,1246,95,42,1223,1271,1225,1265,1279,1268,1269,1222,1245,1252,1272,1250,1275,1267,1270,1273,1254,1253,1219,1240,1249,1262,1251,1256,1260,1261
1268: 1223,1271,1225,1265,1279,1269,1248,1244,83,78,1246,74,1276,1266,1247,1278,1277,1220,1263,86,1274,1252,1272,1250,1275,1267,1270,1221,1273,1254,1253,1219,1240,1249,1251
9: 46,384,12,98,216,66,173,1244,83,78,1246,95,42
1263: 1276,1266,1247,1278,1277,1220,1248,1244,83,78,1246,95,42,1223,1271,1225,1265,1279,1268,1269,1222,1245,1252,1272,1250,1275,1267,1270,1221,1273,1254,1253,1219,1240,1249,1262,1251,31,1256,1259,1257,1258,1260,1261
11: 28,244,264,47,487,104,318,1213,1217,1216,1215,40,1212,96,1218,419,75,54,97,32,58
12: 98,463,93,484,193,384,216,66,46,9,173
1265: 1223,1271,1225,1279,1268,1269,1248,1244,83,78,1246,74,1276,1266,1247,1278,1277,1220,1263,86,1274,1252,1272,1250,1275,1267,1270,1221,1273,1254,1253,1219,1240,1249,1251
1264: 1207,126,251,255,250,352,381,71,62,1202,35,209,480
15: 433,220,447,449,199,48,416,232,457
1260: 31,1256,1259,1257,1258,1261,1276,1266,1247,1278,1277,1220,1263,1222,1245,22,57,1254,1253,1219,1240,1249,1262,1251,92,1235,1255,1232,76
17: 38,134,381,1211,106,62,1,1228,21,1209,1210,1229,1208,1227
18: 73,1226,1214,47,487,55,1205,49,1213,1217,1216,1215,1212,1218,85,54,58,129,59,355,45
1259: 31,1256,1257,1258,1260,1261,1247,1220,1263,1222,1245,22,57,1254,1253,1219,1240,1249,1262,92,1235,1255,1232,76
20: 90,173,183,67,87,95,42,65,1222,1245,22,57,53
21: 1228,1209,1210,1211,106,17,62,1,1229,1208,1227,449,199,204,1203
22: 57,95,42,90,20,65,1222,1245,53,31,1256,1259,1257,1258,1260,1261,92,379
1262: 1254,1253,1219,1240,1249,1251,1269,1276,1266,1247,1277,1220,1263,1222,1245,1252,1272,1250,31,1256,1259,1257,1258,1260,1261,1241,1206,1231,1243,1235,1255,1232
24: 164,85,84,88,476,355,45,447,441,50,225,60,416
25: 1239,99,1237,1238,1235,1232,76,1233,1234,72,38,89,63,140,1211,106
26: 296,82,185,168,465,6,64,1204,61,338,3,74
27: 311,129,59,355,45,361,124,441,221,290
28: 11,244,264,47,487,104,318,1213,1217,1216,1215,40,1212,96,1218,419,75,54,97,32,58
29: 199,48,482,204,1203,125,232
30: 5,62,1202,35,209,480,1229,1208,1227,482,204,125
31: 1256,1259,1257,1258,1260,1261,1247,1220,1263,1222,1245,22,57,1254,1253,1219,1240,1249,1262,1251,92,1235,1255,1232,76
32: 54,97,58,28,11,1213,1217,1216,1215,40,1212,96,1218,73,1226,1214,419,75,129,361,124,311
1269: 1223,1271,1225,1265,1279,1268,1248,1244,83,78,1246,74,1276,1266,1247,1278,1277,1220,1263,86,1274,1252,1272,1250,1275,1267,1270,1221,1273,1254,1253,1219,1240,1249,1262,1251
34: 36
35: 1202,209,381,1264,1207,62,480,1229,1208,1227,5,30
36: 34,52
37: 1224,103,86,1274,1252,1272,1250,1275,1267,1270,1221,1273,413,1241,1206,1231,1243,1242,68,41,51,1230
38: 1232,76,69,25,1239,99,1237,1238,134,140,1211,106,17
39: 488,347,301,288,87,65,43,52
40: 1213,1217,1216,1215,1212,96,1218,264,47,487,55,28,11,73,1226,1214,419,75,54,97,32,58,129
41: 51,413,37,1206,1242,68,1230,47,487,55,1205,49
42: 95,46,9,173,183,67,78,1246,90,20,1276,1266,1247,1278,1277,1220,1263,1222,1245,22,57
43: 87,488,347,39,65,52,53,339
44: 317,179,80,463,234,384,82,185,66
45: 355,73,1226,1214,18,85,84,88,129,59,24,164,311,27,441,50,225,60
46: 9,384,12,98,216,66,173,83,78,95,42
47: 487,365,68,41,51,264,55,1205,28,11,1213,1217,1216,1215,40,1212,96,1218,73,1226,1214,18
48: 199,1,449,482,204,1203,433,15,220,232,29
49: 41,51,1230,1233,1234,1236,72,55,1205,89,63,73,1226,1214,18,85,84,88
50: 225,60,355,45,24,164,447,441,416,221,290,457
51: 41,413,37,1224,1241,1206,1231,1243,1242,68,1230,47,487,55,1205,49
52: 488,347,39,36,43,339,130
53: 90,20,65,43,22,57,92,379,182,245
54: 97,32,58,28,11,1213,1217,1216,1215,40,1212,96,1218,73,1226,1214,18,419,75,129,361,124,311
55: 1205,68,41,51,1230,47,487,49,1213,1217,1216,1215,40,1212,96,1218,73,1226,1214,18,85
1271: 1223,1225,1265,1279,1268,1269,1248,1244,83,78,1246,74,1276,1266,1247,1278,1277,1220,1263,86,1274,1252,1272,1250,1275,1267,1270,1221,1273,1254,1253,1219,1249,1251
57: 22,95,42,90,20,65,1222,1245,53,31,1256,1259,1257,1258,1260,1261,92,379
58: 54,97,32,28,11,1213,1217,1216,1215,40,1212,96,1218,73,1226,1214,18,419,75,129,59,361,124,311
59: 129,1216,1215,1212,1218,73,1226,1214,18,85,58,355,45,361,124,311,27,441
60: 50,225,355,45,24,164,447,441,416,221,290,457
61: 6,64,1204,82,185,66,26,83,3,74,1223,1225
62: 134,381,1264,1207,17,1202,35,209,1228,21,1209,1210,1229,1208,1227,5,30
63: 89,1230,1233,1234,1236,72,25,1239,99,1237,1238,49,140,85,84,88,476
64: 6,1204,61,82,185,66,26,83,3,74,1223,1225
65: 183,67,87,488,347,39,90,20,43,22,57,53
66: 44,384,12,98,82,185,46,9,6,64,1204,61,1248,1244,83,78,1246
67: 183,216,145,301,173,87,95,42,90,20,65
68: 91,413,37,1224,365,41,51,264,47,487,55,1205
69: 92,379,182,245,76,126,251,38,134,381
1272: 1252,1250,1275,1267,1270,1221,1273,74,1223,1271,1225,1265,1279,1268,1269,1276,1266,1247,1278,1277,1220,1263,86,1274,1254,1253,1219,1240,1249,1262,1251,37,1224,1241,1206,1231,1243,1235,1255
71: 255,250,352,1264,1207,1202,209,480
72: 1233,1234,1236,1241,1206,1231,1243,1242,1235,1255,1232,1230,25,1239,99,1237,1238,49,89,63,140
73: 1226,1214,18,47,487,55,1205,49,1213,1217,1216,1215,40,1212,96,1218,85,54,97,32,58,129,59,355,45
74: 26,6,64,1204,61,1248,1244,83,3,1223,1271,1225,1265,1279,1268,1269,103,86,1274,1252,1272,1250,1275,1267,1270,1221,1273
75: 419,104,318,28,11,1213,1217,1216,1215,40,1212,96,1218,54,97,32,58,361,124
76: 31,1256,1259,1257,1258,1260,1261,92,379,1232,69,25,1239,99,1237,1238,38,134
77: 151,317,234,191,369,296
78: 1246,66,46,9,173,1248,1244,83,95,42,1223,1271,1225,1265,1279,1268,1269,1276,1266,1247,1278,1277,1220,1263,1222,1245
79: 267,163,229,94,386
80: 463,116,179,93,484,44,384
81: 441,225,416,221,290,457
82: 185,234,44,384,66,26,6,64,1204,61,83
83: 1248,1244,82,185,66,46,9,6,64,1204,61,78,1246,74,1223,1271,1225,1265,1279,1268,1269,1276,1266,1247,1278,1277,1220,1263
84: 88,49,89,63,140,85,476,355,45,24,164,447
85: 55,1205,49,89,63,73,1226,1214,18,84,88,129,59,355,45,24,164
86: 1274,3,74,1223,1271,1225,1265,1279,1268,1269,103,1252,1272,1250,1275,1267,1270,1221,1273,413,37,1224,1241,1206,1231,1243,1242
87: 145,301,288,183,67,488,347,39,20,65,43
88: 84,49,89,63,140,85,476,355,45,24,164,447
89: 63,1230,1233,1234,1236,72,25,1239,99,1237,1238,49,140,85,84,88,476
90: 20,173,183,67,95,42,65,1222,1245,22,57,53
91: 219,4,103,413,358,365,68
92: 1222,1245,22,57,53,31,1256,1259,1257,1258,1260,1261,379,1232,76,69
93: 484,116,80,463,193,384,12,98,216
94: 386,79,163,219,229,115,111,358
95: 42,46,9,173,183,67,78,1246,90,20,1276,1266,1247,1278,1277,1220,1263,1222,1245,22,57
96: 1213,1217,1216,1215,40,1212,1218,264,47,487,55,1205,28,11,73,1226,1214,419,75,54,32,58,129
97: 54,32,58,28,11,1213,1217,1216,1215,40,1212,1218,73,1226,419,75,129,361,124,311
98: 12,463,93,484,193,384,216,66,46,9,173
99: 25,1239,1237,1238,1235,1255,1232,76,1233,1234,1236,72,38,89,63,140,1211,106
100: 112,213,421,187,459
101: 263,420,105,294,306,247,246,281
102: 375,285,131,122,324,236
103: 338,3,74,4,86,1274,91,413,37,1224
104: 318,446,244,264,28,11,419,75
105: 263,420,294,166,189,143,142,101
106: 1211,25,1239,99,1237,1238,38,134,140,17,476,1,1228,21,1209,1210
107: 229,386,115,111,446
108: 362,256,387,227,349
109: 252,421,372,133,210,137,160
110: 391
111: 115,229,94,386,107,358,446,244
112: 132,367,100
113: 299,258,147,189,443,454,276
114: 157,315,248,272,478
115: 111,229,94,386,107,358,446,244
116: 80,463,93,484,193
117: 292,241,298
118: 196,181,254
119: 249,425,299,166,189
120: 190,396,438,431,354,353,269
121: 261,458,331,422
122: 324,477,175,302,102,293,316
123: 184,247,246,439,391
124: 361,419,75,54,97,32,58,129,59,311,27
125: 1229,1208,1227,5,30,482,204,1203,29
126: 251,379,182,245,69,255,250,134,381,1264,1207
127: 155,380,455,207,471,489
128: 428,208,415
129: 59,1213,1217,1216,1215,40,1212,96,1218,73,1226,1214,18,85,54,97,32,58,355,45,361,124,311,27,441
130: 52,339,345,284
131: 285,393,305,451,236,102
132: 367,112,192,389,314
133: 372,213,309,421,109
134: 76,69,126,251,38,381,1211,106,17,62
135: 427,262,168,465,267,338,163,219,4
136: 410,303,165,429,423,171
137: 109,252,495,160
138: 322,282,397,154,366
139: 171,429,170,442,188,200,445
140: 1233,1234,1236,72,25,1239,99,1237,1238,38,89,63,1211,106,84,88,476,1
141: 313,444,240,440,156,468,253
142: 143,420,105
143: 142,263,420,105,294
144: 406,235,332,328,270,473
145: 193,308,216,301,173,183,67,87
146: 154,176
147: 258,403,299,113
148: 461,233,374
149: 277,186,462,445,172,464
150: 418,243,321,448
151: 77,317,234,191,369,296
152: 158
153: 388,231,467,356
154: 366,138,394,499,376,146
155: 127,460,380,455,207
156: 493,468,141,313,444,265,253,215
157: 451,375,248,114
158: 152,240,440
159: 370,469,279,426,373
160: 495,109,252,137
161: 389,314,378
162: 353,178,411,450,269,260
163: 267,135,79,219,229,94,386
164: 24,85,84,88,476,355,45,447,441,50,225,60,416
165: 410,303,205,363,197,136
166: 119,249,425,299,189,263,420,105
167: 490,377,329
168: 465,191,369,296,262,26,135,338,3
169: 187,459,210,211
170: 429,171,139,442
171: 139,136,429,170,278,442,188,200,445
172: 464,149,196,181,254,435,235,342,332
173: 12,98,216,145,46,9,183,67,78,1246,95,42,90,20
174: 270,307,435,235,406,273,481
175: 477,302,485,122,324
176: 376,146,490
177: 291,274
178: 411,450,467,356,162
179: 317,80,463,234,44,384
180: 424,226,371,348
181: 254,196,118,172,464,342,332
182: 245,53,339,379,69,126,251,255,250
183: 67,216,145,301,173,87,95,42,90,20,65
184: 123,247,246,281,439
185: 82,234,44,384,66,26,6,64,1204,61,1248,1244,83
186: 442,323,462,445,277,149
187: 459,100,210,169
188: 200,278,171,139,442,462,445
189: 119,299,258,166,113,263,105,294,443,454,276
190: 120,396,438,431,354,353,269
191: 369,77,151,296,427,262,168,465
192: 389,297,132,367,314
193: 116,93,484,308,12,98,216,145
194: 198,422,357
195: 241,437,266,214,257
196: 118,172,464,181,254
197: 205,363,165,336,203,423
198: 194,422,357
199: 48,1,1228,21,1209,1210,1229,1208,1227,449,482,204,1203,433,15,220,232,29
200: 188,171,139,442,462,445
201: 360,385,364
202: 279,426,334,370,469
203: 423,197,336,278
204: 482,1203,1228,21,1209,1210,1229,1208,1227,5,30,199,48,125,232,29
205: 363,410,303,165,197
206: 402,273,417,304,330,283
207: 471,455,155,127,239
208: 335,415,428,128
209: 1202,35,381,1264,1207,71,62,480,1208,1227,5,30
210: 187,459,109,169,211
211: 210,169
212: 240,486
213: 309,100,421,133
214: 300,412,195
215: 156,493,253,497,319,401
216: 93,484,193,308,12,98,145,46,9,173,183,67
217: 373,370,430,346
218: 275,331,360,458,385,364
219: 267,135,338,163,4,94,386,91
220: 433,15,447,449,199,48,416,232,457
221: 290,311,27,441,50,225,60,81
222: 405,402,310,283
223: 224
224: 223
225: 50,60,355,45,24,164,447,441,416,221,290,81,457
226: 424,180,371,348
227: 349,256,108,321,326,287
228: 
229: 79,163,94,386,107,115,111
230: 392,466,246
231: 467,153,356
232: 449,199,48,482,204,1203,433,15,220,29
233: 461,148,374,432
234: 317,179,77,151,44,296,82,185
235: 342,172,307,435,332,328,174,270,406,144
236: 285,131,451,375,102
237: 437,337,257
238: 496,489,280,268,458,261
239: 453,455,207,471
240: 486,158,212,440,141,444
241: 117,298,437,195
242: 271,351
243: 150,448
244: 115,111,358,365,446,264,104,318,28,11
245: 182,53,339,379,69,126,251,255,250
246: 247,281,230,101,306,184,123
247: 246,281,101,306,184,123
248: 315,157,327,114,272,478
249: 119,425,351,299,166
250: 255,182,245,284,126,251,352,381,1264,1207,71
251: 126,379,182,245,69,255,250,134,381,1264,1207
252: 109,372,137,495,160
253: 141,313,444,156,493,468,292,215,497,412,319,401
254: 181,196,118,172,464,332,475
255: 250,182,245,284,126,251,352,381,1264,1207,71
256: 387,362,108,321,227,349
257: 286,407,237,437,266,195,337,414
258: 147,403,299,189,113
259: 495,603
260: 162,269
261: 121,238,496,268,458,331
262: 191,369,296,427,168,465,267,135,338
263: 420,105,294,166,189,143,443,101,306
264: 358,365,68,244,47,487,104,318,28,11,1213,1217,1216,1215,40,1212,96,1218
265: 274,483,156,493,468
266: 437,195,257,286,407
267: 427,262,135,79,163,219
268: 238,496,261,121
269: 353,120,190,396,162,260
270: 174,307,435,235,342,406,144,481
271: 718,242
272: 315,248,114,478
273: 481,174,304,206
274: 483,177,468,265
275: 331,218,385,364,325,357
276: 454,189,113,443
277: 149,186,323,398,445,464
278: 203,423,171,188
279: 426,202,334,159,370,469
280: 471,238,360,458
281: 247,246,101,306,184
282: 310,322,397,138
283: 206,402,222,310,322
284: 339,130,345,255,250,352
285: 131,393,305,451,236,375,102
286: 257,407,266,383,414
287: 321,326,227,349,498,320
288: 301,87,488,347,39
289: 376,394,499,366
290: 221,311,27,441,50,225,60,81
291: 377,470,474,177
292: 444,117,253,298,300,412,319
293: 122,324,316
294: 263,420,105,189,143,443,101,306
295: 341
296: 77,151,234,191,369,262,168,465,26
297: 192,389
298: 117,292,241,300,412,319
299: 119,249,425,258,147,166,189,113
300: 497,412,319,292,298,401,214
301: 308,145,288,183,67,87,488,347,39
302: 477,175,485,122,324
303: 410,165,205,136,429
304: 273,481,206,402,330
305: 393,285,131
306: 263,420,294,101,247,246,281
307: 435,235,342,174,270
308: 193,216,145,301
309: 213,421,372,133
310: 405,222,283,322,282
311: 27,54,97,32,58,129,59,355,45,361,124,441,221,290
312: 323,398
313: 141,444,440,156,493,468,253
314: 192,389,132,367,161
315: 248,327,114,272,478
316: 122,324,293
317: 179,77,151,234,44
318: 104,446,244,264,28,11,419,75
319: 300,497,412,292,253,215,298,401
320: 498,287
321: 326,256,150,418,227,349,287
322: 310,283,282,138
323: 398,494,312,186,277
324: 122,477,175,302,102,293,316
325: 275,364,357
326: 321,418,227,349,287
327: 428,350,315,248,403
328: 332,235,475,406,144,473
329: 167,490,474
330: 304,206,341
331: 275,218,458,261,121,385,364
332: 328,172,464,181,254,235,342,475,144
333: 378
334: 362,279,202,469
335: 208,415,451
336: 197,492,203,423
337: 237,257,407,340
338: 262,168,465,26,135,3,219,4,103
339: 43,52,130,182,245,284
340: 337
341: 330,295
342: 235,172,464,181,307,435,332,270
343: 
344: 1086
345: 130,284
346: 430,217,378
347: 488,39,301,288,87,65,43,52
348: 226,180,371,491,377
349: 227,256,387,108,321,326,287
350: 428,327,403
351: 242,249
352: 284,255,250,1264,1207,71
353: 438,356,120,190,396,411,450,162,269
354: 431,438,120,190,396
355: 45,73,1226,1214,18,85,84,88,129,59,24,164,311,27,441,50,225,60
356: 153,231,467,353,178,411,450
357: 275,422,325,198,194
358: 94,386,91,115,111,365,446,244,264
359: 452
360: 280,458,201,385,218
361: 124,419,75,54,97,32,58,129,59,311,27
362: 108,256,387,334
363: 205,410,165,197
364: 201,385,275,331,218,325
365: 91,413,358,68,244,264,47,487
366: 154,138,394,499,376,289
367: 132,112,192,314
368: 472
369: 191,77,151,296,427,262,168,465
370: 159,469,279,426,202,373,217
371: 226,180,348,491,377
372: 133,309,404,421,109,252
373: 217,426,159,370,430
374: 148,233,432
375: 102,285,236,157
376: 289,394,499,154,366,176
377: 491,371,348,167,291
378: 430,346,161,333
379: 22,57,53,92,182,245,76,69,126,251
380: 460,461,155,127
381: 69,126,251,255,250,134,1264,1207,17,62,1202,35,209
382: 473,405
383: 414,286,407
384: 179,80,463,93,484,44,12,98,82,185,66,46,9
385: 360,458,201,275,331,218,364
386: 94,79,163,219,229,107,115,111,358
387: 256,362,108,349
388: 153
389: 192,297,132,161,314
390: 1022
391: 439,399,123,110,460
392: 230,466
393: 305,285,131
394: 499,154,366,376,289
395: 306,148
396: 120,190,438,354,353,269
397: 282,138
398: 323,312,277
399: 466,439,391
400: 960
401: 253,215,300,497,319
402: 206,481,417,304,222,283
403: 350,327,258,147
404: 372
405: 382,222,310
406: 144,235,328,174,270,473,481,417
407: 257,286,266,337,383,414
408: 
409: 480,452
410: 303,165,205,363,136,429
411: 178,450,467,356,353,162
412: 300,497,319,292,253,298,214
413: 4,103,86,1274,91,37,1224,365,68,41,51
414: 383,257,286,407
415: 335,208,128
416: 24,164,447,449,50,225,60,433,15,220,81,457
417: 406,481,304,206,402,222
418: 150,321,326
419: 75,104,318,28,11,1213,1217,1216,1215,40,1212,96,1218,54,97,32,58,361,124
420: 263,105,294,166,143,142,101,306
421: 213,309,100,372,133,109
422: 121,357,198,194
423: 203,197,136,336,278
424: 226,180
425: 119,249,299,166
426: 279,202,159,370,469,373
427: 191,369,262,267,135
428: 128,208,350,327
429: 410,303,136,170,171,139,442
430: 346,373,217,378
431: 354,438,120,190
432: 461,233,374
433: 15,220,447,449,199,48,416,232,457
434: 1108,778,775
435: 307,172,235,342,174,270
436: 489
437: 266,241,237,195,257
438: 431,354,353,120,190,396
439: 391,399,184,123,460
440: 158,240,486,141,313,444
441: 129,59,355,45,24,164,311,27,50,225,60,221,290,81
442: 429,170,171,139,186,188,200,445
443: 189,113,263,294,454,276
444: 141,313,240,440,156,292,253
445: 462,171,139,442,186,188,200,277,149
446: 107,115,111,358,244,104,318
447: 84,88,476,1,24,164,449,50,225,60,416,433,15,220
448: 243,150,1139
449: 476,1,1228,21,1209,1210,447,199,48,416,433,15,220,232
450: 178,411,356,353,162
451: 335,285,131,236,157
452: 409,359
453: 455,239
454: 276,189,113,443
455: 453,155,127,239,207,471
456: 624
457: 50,225,60,416,433,15,220,81
458: 280,238,360,261,121,385,331,218
459: 187,100,210,169
460: 380,439,391,461,155
461: 233,148,460,380,432
462: 445,186,188,200,149
463: 80,116,179,93,484,44,384,12,98
464: 172,277,149,196,181,254,342,332
465: 168,191,369,296,262,26,135,338,3
466: 392,230,399
467: 231,153,356,178,411
468: 156,493,274,483,141,313,265,253
469: 159,370,334,279,426,202
470: 474,291
471: 207,455,127,239,280
472: 368
473: 328,475,406,144,382
474: 470,329,291
475: 254,332,328,473
476: 89,63,140,1211,106,84,88,1,24,164,447,449
477: 175,302,485,122,324
478: 315,248,114,272
479: 
480: 1264,1207,71,1202,35,209,409,5,30
481: 273,174,270,406,417,304,402
482: 204,1203,1228,1229,1208,1227,5,30,199,48,125,232,29
483: 274,493,468,265
484: 93,116,80,463,193,384,12,98,216
485: 477,175,302
486: 240,212,440
487: 47,365,68,41,51,264,55,1205,28,11,1213,1217,1216,1215,40,1212,96,1218,73,1226,1214,18
488: 347,39,301,288,87,65,43,52
489: 127,436,238,496
490: 167,176,329
491: 377,371,348
492: 336
493: 156,468,483,313,265,253,215
494: 323
495: 160,252,137,259
496: 238,489,268,261
497: 300,412,319,253,215,401
498: 320,287
499: 394,154,366,376,289
500: 955,1125,746,1044,578,622
501: 
502: 840,1112,669,810,842,833,853,1030,915
503: 851,1191,1069,1183
504: 755,1163,827,575,1188,703
505: 973,908,793
506: 555,1024,539,840,591,510,738,1030
507: 527,602
508: 1159,551
509: 806,1133,962,537,1176,1016
510: 738,506,555,840,591,1030,845
511: 535,984,573,578
512: 863,1070
513: 1116,1035,955,1125,746,1044,622
514: 590,572,541,923
515: 626,1094,669,810,842
516: 583,630,939,540
517: 886,958,980,1085
518: 779,656,1009,1098
519: 1011,1095,749,963
520: 686
521: 1029,942,687
522: 792,888,858,770,989
523: 815,954,593,695,875
524: 879,1050
525: 577
526: 612
527: 1113,905,615,507,602,976
528: 529,1117,762,768,678,545,1101,584,548
529: 1117,762,768,528
530: 802,606,546
531: 1148
532: 989,880,892,600,1082,1074
533: 951,674
534: 738,1030,845,1118,1025,817
535: 511,984,578,935
536: 761,1018
537: 1176,1016,509,806,962,636
538: 726,1021,1073,1067
539: 643,1024,737,766,506,555,832,1054,978,591
540: 630,939,516,583,763
541: 514,923,566
542: 563,632,1173,1027,594,725
543: 995
544: 843,701,732,838
545: 1101,584,548,768,528,678,614,728,1177,692
546: 1192,606,802,530,585
547: 1127,1120,854,894
548: 545,1101,584,768,528,678,614,728,1177,692
549: 664
550: 1032,672,1193,909,872,929,941,1013,590
551: 628,508,1159,789
552: 662,824,837
553: 1047,751,776,1092,996
554: 988,722,1005,676,812,891,619,719
555: 506,1024,539,591,510
556: 581,696,994
557: 1185,831,916,860,572
558: 1137,1114,870,1140,698,559
559: 558,1137,698,942
560: 983,651,1151
561: 576,767,761
562: 790,1100
563: 542,632,801,594,725
564: 1056,777,1049,1169
565: 583,763
566: 541,668,1043
567: 1145,1100,1055,621
568: 966
569: 785,805
570: 1061,831,1185
571: 815,867,1084,702,1051,859,954
572: 916,860,1164,831,1185,557,514
573: 578,588,774,970,734,511,984
574: 789,628,655,675,998,932
575: 827,882,1023,504,1163,703
576: 767,825,561,1077,654,761
577: 676,525
578: 573,588,500,511,535,984
579: 649,1181,881,650
580: 952,898,1015,634
581: 556,696,1072,866,994,788
582: 613,1013,647
583: 516,630,540,565
584: 545,1101,548,528,678,614,728,1177,692
585: 1192,1042,1165,546,1161,800
586: 907,821,605,1019,1034
587: 966
588: 813,774,970,573,578,734
589: 862,850,729,1116,1035
590: 550,1032,929,941,877,1164,514
591: 539,506,555,1054,510,738,1099
592: 
593: 523,875
594: 890,801,542,563,725,1130
595: 629
596: 759,1002,618,829,883
597: 1083,745,887,819,813,765,774
598: 620,1146,924,1033
599: 1098,779,1053,702,906
600: 792,888,989,532,743
601: 714,823
602: 527,1113,905,507,976,724
603: 259,726
604: 730,681,911,1196
605: 586,821,1019,1034,757
606: 1196,1192,530,546
607: 
608: 681,730
609: 823,788,773,925
610: 1179,1147,750,637,1168
611: 625,784
612: 526
613: 582,1067,710,1013,647
614: 768,886,545,1101,584,548,1085,1177
615: 780,1075,981,712,527,1113,905
616: 652,1188,755,1163,1133
617: 1122,1195,814,1041
618: 829,1002,977,596,1120
619: 891,1005,676,812,554,988,722,914
620: 598,994,1146
621: 631,1055,567,1145,1128
622: 513,1125,746,1044,500
623: 1020
624: 456,1180,660
625: 1144,611,784
626: 1094,515,1038,665,927,669,810
627: 694,948,913,1000,1014
628: 551,655,574,789
629: 1103,595
630: 939,540,516,583
631: 621,848,1128
632: 1173,710,647,542,563,1027
633: 666,849,987,1001,922
634: 952,580
635: 1018,646
636: 1078,731,537,1176,1016
637: 750,1089,610,1168
638: 764
639: 1068
640: 1089,1001,922,808,971,708,742,652,1188
641: 897,748,876,673
642: 985,1015
643: 706,737,766,539
644: 949
645: 
646: 1018,635
647: 710,582,613,632,1173
648: 846,795,1028
649: 579,1181,881,650,1100
650: 881,579,649,957
651: 983,1096,560
652: 1188,1001,922,808,971,1023,640,1089,755,616
653: 854,894,1120,1127
654: 1077,576,825,900,1189
655: 628,574,789,675
656: 1009,518
657: 953,1004,664,721
658: 1168
659: 830
660: 1180,624,934
661: 
662: 824,552,837
663: 679,696
664: 549,1004,657,953
665: 1124,1046,626,1094
666: 849,633,1001,922
667: 834,844,704,961,1088,899
668: 566
669: 626,1094,515,810,842,840,1112,502,853
670: 
671: 1106,798
672: 934,1193,872,550,1032
673: 897,641,748
674: 1020,533,951
675: 655,574,789,998,932
676: 812,577,554,988,891,619
677: 1070,689
678: 1117,762,528,545,1101,584,548,728,926
679: 920,663,1141
680: 728,1090,1097
681: 608,730,604,1196
682: 721
683: 1071,739,699,1109,946,1152
684: 771,917
685: 727
686: 520
687: 521,942,979
688: 1065,878
689: 677,1070,986
690: 752,1064
691: 793,820
692: 1177,545,1101,584,548,728,1166
693: 735
694: 627,948,1014,1148
695: 859,954,523
696: 663,1162,1072,556,581
697: 763,1091,758
698: 870,558,1137,1029,559
699: 739,1122,683,1071,946
700: 972,794
701: 843,791,544
702: 956,938,867,1053,599,571,815,954
703: 827,575,504,755,1163,1000
704: 844,834,667
705: 754,1152,865
706: 643,737,766,832,978
707: 1026,777,1049
708: 742,1147,987,1001,922,640,1089,750
709: 822,910
710: 1067,613,632,1173,647
711: 769,869,987
712: 615
713: 969
714: 967,1072,601,866,823
715: 800,933
716: 803,1149
717: 981,1132,945,780,1075
718: 271
719: 970,1136,554,722,734
720: 1066,731
721: 657,953,682
722: 554,988,1005,1136,891,619,719
723: 1063,781
724: 602,976
725: 542,563,594,1130
726: 603,1121,538
727: 685,965
728: 678,545,1101,584,548,926,1177,692,680
729: 589,862,847,1116,1035
730: 604,608,681,911,904
731: 1066,828,1014,720,1078,636
732: 843,544,826
733: 781,935,1063
734: 588,774,970,1136,573,719,984
735: 693
736: 912
737: 766,643,706,539,832,1054,978
738: 510,506,591,1030,845,1099,534
739: 741,1110,772,699,1109,683
740: 1059
741: 992,1197,921,839,1110,772,739
742: 708,1147,987,1001,640,1089,750
743: 600,1157,947
744: 
745: 887,819,850,1083,597
746: 1125,1044,1116,1035,955,513,500,622
747: 1181,1151
748: 897,641,876,673
749: 519,1011,1095,963,1080
750: 637,708,742,1147,1089,610,1168
751: 1184,553,1092
752: 1175,690
753: 1194,1106
754: 705,1152,865,1048
755: 504,1163,808,971,1023,652,1188,703,616
756: 930,1021
757: 821,605,1019,1034
758: 1091,697,763
759: 1002,596
760: 
761: 576,561,1077,536
762: 529,1117,768,528,678
763: 697,540,758,565
764: 638
765: 813,996,1083,597,895,774,970
766: 737,643,706,539,978
767: 576,825,561
768: 529,1117,762,528,614,545,548
769: 711,869,987
770: 775,858,522,888
771: 684,902,917
772: 741,992,1110,739,1109
773: 925,609
774: 970,597,813,765,588,1136,573,734
775: 434,770
776: 553,1047,887,996
777: 707,1026,1049,564,1056
778: 1108,807,838,434
779: 518,1053,1098,599
780: 615,1075,1132,717,981
781: 733,723,1063
782: 1074,947
783: 1194
784: 625,611,1017,809
785: 569,1048,805
786: 902
787: 1012
788: 581,866,823,609
789: 574,628,551,655,675,932
790: 1151,562
791: 1135,998,900,1189,843,701
792: 522,888,858,799,989,880,600
793: 973,691,505,820
794: 972,700
795: 842,846,833,853,648
796: 
797: 
798: 671
799: 792,989,880,892
800: 585,1161,715,870
801: 890,1170,563,594
802: 530,546
803: 716,982,1149
804: 1199,993,1102,991
805: 785,569
806: 509,962,537,1176
807: 1108,838,778
808: 971,849,1001,922,1023,640,1089,652,1188,755
809: 1017,784
810: 842,626,1094,515,669,1112,502,853
811: 1028
812: 676,1005,554,988,891,619
813: 765,1083,597,895,588,774,970,1136
814: 1041,1195,617
815: 571,938,867,702,859,954,523
816: 882
817: 534,1118,1025,869
818: 
819: 745,887,1083,597
820: 691,793,889
821: 1156,586,907,605,757
822: 910,709,889,1131
823: 714,601,866,788,609,925
824: 662,552
825: 576,767,900,1189,654
826: 732,1068
827: 575,882,1023,504,703
828: 1014,1066,731
829: 618,1002,977,596,1120
830: 659
831: 570,877,1164,1185,557,916,860,572
832: 1054,978,706,737,539,937,1099
833: 853,842,840,1112,502,795,915
834: 667,844,704,961,1088,899
835: 1033,990,1038,927
836: 962
837: 1186,662,552,921
838: 544,807,919,778,1062
839: 1110,1197,1166,741
840: 1112,502,669,506,833,853,510,1030,845,915
841: 890,1170
842: 810,515,669,846,1112,502,833,853,795
843: 701,791,544,732
844: 704,834,667,961,1088
845: 1030,840,510,738,915,534,1118
846: 842,795,648
847: 729,1158,1116
848: 631,1128,940
849: 666,633,1001,922,808
850: 745,589,862
851: 503,1069
852: 1003,965
853: 833,669,810,842,840,1112,502,795,915
854: 894,653,1120,1127,547,958
855: 1102,991,1165,1161,1114
856: 1134,944
857: 1183
858: 1138,1062,770,522,792
859: 954,571,815,1051,695
860: 916,572,831,1185,557
861: 
862: 589,850,729,1116,1035
863: 512,1070,1160
864: 1158,1178
865: 1152,705,754,1048
866: 1072,714,581,823,788
867: 956,938,1084,571,815,702
868: 1058
869: 817,711,769,987
870: 1161,800,1114,1140,558,1137,698
871: 1087,1119,975,1123
872: 672,1193,550,1032,1013
873: 1111,1104,1196,1192,1042
874: 1178,904,1010,1052,879
875: 523,593
876: 885,1150,641,748
877: 1164,909,929,941,831,590
878: 688
879: 1010,1052,1178,874,904,524
880: 989,799,792,892,532,1082
881: 1008,579,649,650
882: 1139,816,1023,827,575
883: 1115,596
884: 1129,1037,1084,1155,1051
885: 1150,876
886: 517,958,980,614,1006,1036,1085
887: 745,819,776,1083,597
888: 522,792,770,989,600
889: 820,822,910,1131,1143
890: 1170,841,801,594
891: 619,1005,676,812,554,988,722,914
892: 799,989,880,1045,997,532,1082
893: 1157
894: 854,653,1120,1127,547,958
895: 1105,813,765,1005,1136
896: 1027,1095,1080
897: 641,748,673
898: 580
899: 834,667,961,1088,1190
900: 1189,998,932,825,1135,791,654
901: 
902: 786,771
903: 
904: 911,1178,874,730,1010,1052,879
905: 527,1113,615,1075,928,602
906: 1053,1098,599
907: 586,1076,986,1156,821,1034
908: 973,505
909: 1193,550,941,877
910: 822,709,889,1131,1143
911: 904,730,604,1010
912: 736,1146,924,1058
913: 627,948
914: 918,1064,891,619
915: 840,502,833,853,1030,845,1118
916: 860,572,831,1185,557
917: 684,771,1004
918: 1064,914
919: 838,1138,1062
920: 679,1141
921: 1197,1186,837,741,992
922: 1001,633,666,849,808,971,708,640,652
923: 514,541,963
924: 1146,912,598,1058
925: 773,823,609
926: 1090,678,728
927: 835,1038,626,1024
928: 1167,1113,905,1031,943
929: 941,550,1032,877,1164,590
930: 1121,1021,756
931: 
932: 998,574,789,675,1135,900,1189
933: 715
934: 672,1180,660,1193
935: 535,733,966
936: 
937: 832,1054,1099
938: 956,867,1053,815,702
939: 630,540,516
940: 848,1128
941: 929,1193,909,550,1032,877,1164,590
942: 559,521,687,979
943: 928,1031,976
944: 1144,856
945: 717,981,1167,1075
946: 699,1122,683,1071,1152
947: 743,782
948: 627,694,913
949: 644
950: 1061,1106
951: 533,674
952: 580,985,1015,634
953: 657,1004,664,721
954: 859,571,815,702,523,695
955: 1035,513,1125,746,500
956: 938,867,1053,702
957: 650,1174,1172
958: 854,894,1127,980,886,517
959: 1045,1171
960: 400
961: 1088,844,834,667,1191,1069,899,1190
962: 509,806,537,1176,1016,836
963: 519,1011,514,749,923,1080
964: 
965: 852,727,1115
966: 935,587,568
967: 1162,1072,714
968: 1022
969: 1160,999,713
970: 774,813,765,588,1136,573,734,719
971: 808,1001,922,1023,640,652,1188,755,1163
972: 794,700
973: 908,793,505
974: 
975: 1132,871
976: 527,1113,1031,943,602,724
977: 1002,618,829,1012
978: 832,1054,706,737,766,539,1099
979: 942,687
980: 958,886,517,1006,1085
981: 717,1132,945,615,780,1075
982: 803,1182
983: 651,1096,560,1151
984: 511,535,573,578,734
985: 642,1015,952
986: 689,1076,907
987: 869,633,711,769,708,742,1147
988: 554,722,1005,676,812,891,619
989: 880,799,522,792,888,892,600,532
990: 1033,835
991: 1102,804,1042,1165,855
992: 741,1197,921,772
993: 804,1199,1102
994: 556,581,620
995: 543
996: 776,553,1047,1092,1083,765
997: 1045,892,1082,1171
998: 932,574,675,1135,791,900,1189
999: 1160,969
1000: 703,627,1014
1001: 922,633,666,849,808,971,708,742,640,1089,652
1002: 759,977,596,618,829
1003: 852
1004: 917,664,657,953
1005: 1105,895,812,1136,554,988,722,891,619
1006: 1036,1085,980,886
1007: 
1008: 881
1009: 656,518
1010: 1052,879,1178,874,911,904
1011: 519,1095,749,963
1012: 977,787
1013: 872,550,1032,582,613
1014: 1000,627,694,828,1066,731
1015: 642,985,952,580
1016: 537,1176,509,962,1078,636
1017: 809,784
1018: 635,536,646
1019: 1034,586,605,757
1020: 674,623
1021: 538,930,1073,1067,756
1022: 968,390
1023: 882,808,971,827,575,652,1188,755
1024: 927,539,506,555
1025: 534,817
1026: 707,777,1049
1027: 632,542,1095,896
1028: 648,811
1029: 698,521
1030: 845,506,840,502,510,738,915,534
1031: 928,943,976
1032: 550,672,1193,872,929,941,1013,590
1033: 598,990,835
1034: 1019,586,907,605,757
1035: 1116,729,589,862,955,513,1125,746
1036: 1006,1085,886,1197
1037: 1129,884,1155
1038: 835,927,626,1094
1039: 1114,1140
1040: 1060,1086
1041: 814,617
1042: 1165,873,1111,1192,1102,991,585
1043: 566
1044: 1125,746,513,500,622
1045: 997,892,1082,1171,959
1046: 1124,665,1094
1047: 553,776,1092,996
1048: 754,865,785
1049: 707,1026,777,564
1050: 524
1051: 884,1084,571,859
1052: 1010,879,1178,874,904
1053: 779,956,938,1098,599,702,906
1054: 832,978,737,539,591,937,1099
1055: 1100,1174,567,1145,621
1056: 564,777,1169
1057: 1190,1107
1058: 912,924,868
1059: 740
1060: 1040,1169
1061: 950,570
1062: 1138,838,919,858
1063: 723,733,781
1064: 918,914,690
1065: 688
1066: 731,828,1014,720,1078
1067: 1073,538,1021,710,613
1068: 826,639
1069: 1191,1183,503,851,961
1070: 677,512,863,689
1071: 683,699,1109,946,1152
1072: 967,1162,696,714,581,866
1073: 1067,538,1021
1074: 532,1082,782
1075: 615,780,1132,717,981,945,905
1076: 986,1156,907
1077: 654,576,1189,761
1078: 636,1066,731,1176,1016
1079: 
1080: 1095,749,963,896
1081: 
1082: 880,892,1045,997,532,1171,1074
1083: 597,745,887,819,996,813,765
1084: 867,884,571,1051
1085: 1006,1036,980,886,517,614
1086: 1175,1040,344
1087: 1119,871,1184,1123
1088: 961,844,834,667,1191,899,1190
1089: 640,1001,808,708,742,1147,652,750,637
1090: 926,680
1091: 697,758
1092: 751,553,1047,996,1105
1093: 
1094: 626,515,1038,665,1046,669,810
1095: 519,1011,1027,749,896,1080
1096: 983,651
1097: 680,1195
1098: 599,779,518,1053,906
1099: 832,1054,978,591,738,937
1100: 649,562,1055,567,1145
1101: 545,584,548,528,678,614,728,1177,692
1102: 991,993,804,1199,1042,1165,855
1103: 1170,629
1104: 1196,873,1111,1192
1105: 1092,895,1005
1106: 950,753,671
1107: 1057
1108: 807,434,778
1109: 772,739,683,1071
1110: 839,1166,741,772,739
1111: 873,1104,1192,1042
1112: 840,502,669,810,842,833,853
1113: 527,905,615,928,602,976
1114: 855,1161,1039,870,1140,558,1137
1115: 965,883
1116: 1035,729,589,862,847,513,746
1117: 529,762,768,528,678
1118: 845,915,534,817
1119: 1087,871,1184,1123
1120: 618,829,854,894,653,1127,547
1121: 726,930
1122: 617,1195,699,946
1123: 1087,1119,871
1124: 665,1046
1125: 746,1044,1035,955,513,500,622
1126: 
1127: 547,1120,854,894,653,958
1128: 621,631,1198,848,940
1129: 1037,884
1130: 594,725
1131: 822,910,889,1143
1132: 717,981,975,780,1075
1133: 616,509
1134: 856
1135: 791,998,932,900,1189
1136: 813,895,1005,774,970,722,734,719
1137: 558,1114,870,1140,698,559
1138: 1062,919,858
1139: 448,882
1140: 1039,1114,870,558,1137
1141: 1153,679,920
1142: 
1143: 910,889,1131
1144: 944,625
1145: 567,1100,1055,621
1146: 924,912,598,620
1147: 708,742,987,1089,610,1179,750
1148: 694,531
1149: 716,803,707
1150: 885,876
1151: 983,560,747,1181,790
1152: 683,1071,946,705,754,865
1153: 1141
1154: 
1155: 1037,884
1156: 1076,907,821
1157: 893,743
1158: 847,864
1159: 508,551
1160: 863,999,969
1161: 1165,585,855,800,1114,870
1162: 967,696,1072
1163: 504,755,971,575,1188,703,616
1164: 877,929,941,831,590,572
1165: 1042,1102,991,585,855,1161
1166: 692,1197,839,1110
1167: 945,928
1168: 610,750,637,658
1169: 1060,564,1056
1170: 890,841,801,1103
1171: 1045,997,1082,959
1172: 957,1174
1173: 632,710,647,542
1174: 957,1055,1172
1175: 752,1086
1176: 537,1016,509,806,962,1078,636
1177: 692,614,545,1101,584,548,728
1178: 864,874,904,1010,1052,879
1179: 610,1147
1180: 660,624,934
1181: 747,1151,579,649
1182: 982
1183: 1191,1069,503,1190,857
1184: 751,1087,1119,871
1185: 557,570,831,916,860,572
1186: 837,921
1187: 
1188: 652,808,971,1023,640,504,755,1163,616
1189: 900,998,932,825,1135,791,1077,654
1190: 961,1088,1191,1183,899,1057
1191: 1069,1183,503,961,1088,1190
1192: 1104,1196,873,1111,606,1042,585,546
1193: 934,672,909,872,550,1032,941
1194: 753,783
1195: 1097,617,1122,814
1196: 681,604,1104,873,1192,606
1197: 1036,1166,921,741,992,839
1198: 1128
1199: 804,993,1102
1202: 35,209,381,1264,1207,71,62,480,1229,1208,1227,5,30
1203: 482,204,1228,21,1229,1208,199,48,125,232,29
1204: 6,64,61,82,185,66,26,83,3,74
1205: 55,68,41,51,1230,47,487,49,1217,1216,1215,1212,96,1218,73,1226,1214,18,85
1206: 1241,1231,1243,1242,86,1274,1252,1272,1250,1275,1267,1270,1221,1273,1254,1253,1219,1240,1249,1262,1251,37,1224,1235,1255,41,51,1230,1233,1234,1236,72
1207: 1264,126,251,255,250,352,381,71,62,1202,35,209,480
1208: 1229,1227,17,62,1202,35,209,1228,21,1210,5,30,199,482,204,1203,125
1209: 1228,21,1210,1211,106,17,62,1,1229,449,199,204
1210: 1228,21,1209,1211,106,17,62,1,1229,1208,1227,449,199,204
1211: 106,25,1239,99,1237,38,134,140,17,476,1,1228,21,1209,1210
1212: 1213,1217,1216,1215,40,96,1218,264,47,487,55,1205,28,11,73,1226,1214,18,419,75,54,97,32,58,129,59
1213: 1217,1216,1215,40,1212,96,1218,264,47,487,55,28,11,73,1226,1214,18,419,75,54,97,32,58,129
1214: 73,1226,18,47,487,55,1205,49,1213,1217,1216,1215,40,1212,96,1218,85,54,32,58,129,59,355,45
1215: 1213,1217,1216,40,1212,96,1218,264,47,487,55,1205,28,11,73,1226,1214,18,419,75,54,97,32,58,129,59
1216: 1213,1217,1215,40,1212,96,1218,264,47,487,55,1205,28,11,73,1226,1214,18,419,75,54,97,32,58,129,59
1217: 1213,1216,1215,40,1212,96,1218,264,47,487,55,1205,28,11,73,1226,1214,18,419,75,54,97,32,58,129
1218: 1213,1217,1216,1215,40,1212,96,264,47,487,55,1205,28,11,73,1226,1214,18,419,75,54,97,32,58,129,59
1219: 1254,1253,1240,1249,1262,1251,1223,1271,1225,1265,1279,1268,1269,1276,1266,1247,1278,1277,1220,1263,1222,1245,1252,1272,1250,1275,1267,1270,1221,1273,31,1256,1259,1257,1258,1260,1261,1241,1206,1231,1243,1242,1235,1255,1232
1220: 1276,1266,1247,1278,1277,1263,1248,1244,83,78,1246,95,42,1223,1271,1225,1265,1279,1268,1269,1222,1245,1252,1272,1250,1275,1267,1270,1273,1254,1253,1219,1240,1249,1262,1251,31,1256,1259,1257,1258,1260,1261
1221: 1252,1272,1250,1275,1267,1270,1273,74,1223,1271,1225,1265,1268,1269,1277,1263,86,1274,1254,1253,1219,1249,1251,37,1224,1241,1206,1231,1243,1242,1235,1255
1222: 1245,78,1246,95,42,90,20,1276,1266,1247,1278,1277,1220,1263,22,57,1254,1253,1219,1240,1249,1262,1251,31,1256,1259,1257,1258,1260,1261,92
1223: 1271,1225,1265,1279,1268,1269,6,64,61,1248,1244,83,78,1246,74,1276,1266,1247,1278,1277,1220,1263,86,1274,1252,1272,1250,1275,1267,1270,1221,1273,1254,1219,1249,1251
1224: 37,103,86,1274,1252,1272,1250,1275,1267,1270,1221,1273,413,1241,1206,1231,1243,1242,68,51,1230
1225: 1223,1271,1265,1279,1268,1269,6,64,61,1248,1244,83,78,1246,74,1276,1266,1247,1278,1277,1220,1263,86,1274,1252,1272,1250,1275,1267,1270,1221,1273,1254,1219,1249,1251
1226: 73,1214,18,47,487,55,1205,49,1213,1217,1216,1215,40,1212,96,1218,85,54,97,32,58,129,59,355,45
1227: 1229,1208,17,62,1202,35,209,1228,21,1210,5,30,199,482,204,125
1228: 21,1209,1210,1211,106,17,62,1,1229,1208,1227,449,199,482,204,1203
1229: 1208,1227,17,62,1202,35,1228,21,1209,1210,5,30,199,482,204,1203,125
1230: 37,1224,1241,1206,1231,1243,1242,1235,1255,41,51,1233,1234,1236,72,55,1205,49,89,63
1231: 1241,1206,1243,1242,86,1274,1252,1272,1250,1275,1267,1270,1221,1273,1254,1253,1219,1240,1249,1262,1251,37,1224,1235,1255,51,1230,1233,1234,1236,72
1232: 1254,1253,1219,1240,1249,1262,1251,31,1256,1259,1257,1258,1260,1261,92,1235,1255,76,1233,1234,1236,72,25,1239,99,1237,1238,38
1233: 1234,1236,72,1241,1206,1231,1243,1242,1235,1255,1232,1230,25,1239,99,1237,1238,49,89,63,140
1234: 1233,1236,72,1241,1206,1231,1243,1242,1235,1255,1232,1230,25,1239,99,1237,1238,49,89,63,140
1235: 1255,1252,1272,1250,1275,1221,1273,1254,1253,1219,1240,1249,1262,1251,31,1256,1259,1257,1258,1260,1261,1241,1206,1231,1243,1242,1232,1230,1233,1234,1236,72,25,1239,99,1237,1238
1236: 1233,1234,72,1241,1206,1231,1243,1242,1235,1255,1232,1230,1239,99,1237,1238,49,89,63,140
1237: 25,1239,99,1238,1235,1255,1232,76,1233,1234,1236,72,38,89,63,140,1211,106
1238: 25,1239,99,1237,1235,1255,1232,76,1233,1234,1236,72,38,89,63,140,106
1239: 25,99,1237,1238,1235,1255,1232,76,1233,1234,1236,72,38,89,63,140,1211,106
1240: 1254,1253,1219,1249,1262,1251,1265,1279,1268,1269,1276,1266,1247,1278,1277,1220,1263,1222,1245,1252,1272,1250,1275,1270,31,1256,1259,1257,1258,1260,1261,1206,1231,1235,1255,1232
1241: 1206,1231,1243,1242,86,1274,1252,1272,1250,1275,1267,1270,1221,1273,1254,1253,1219,1249,1262,1251,37,1224,1235,1255,51,1230,1233,1234,1236,72
1242: 1241,1206,1231,1243,86,1252,1250,1275,1267,1221,1273,1254,1253,1219,1249,1251,37,1224,1235,1255,41,51,1230,1233,1234,1236,72
1243: 1241,1206,1231,1242,86,1274,1252,1272,1250,1275,1267,1270,1221,1273,1254,1253,1219,1249,1262,1251,37,1224,1235,1255,51,1230,1233,1234,1236,72
1244: 1248,83,185,66,9,78,1246,74,1223,1271,1225,1265,1279,1268,1269,1276,1266,1247,1278,1277,1220,1263
1245: 1222,78,1246,95,42,90,20,1276,1266,1247,1278,1277,1220,1263,22,57,1254,1253,1219,1240,1249,1262,1251,31,1256,1259,1257,1258,1260,1261,92
1246: 78,66,9,173,1248,1244,83,95,42,1223,1271,1225,1265,1279,1268,1269,1276,1266,1247,1278,1277,1220,1263,1222,1245
1247: 1276,1266,1278,1277,1220,1263,1248,1244,83,78,1246,95,42,1223,1271,1225,1265,1279,1268,1269,1222,1245,1252,1272,1250,1270,1254,1253,1219,1240,1249,1262,1251,31,1256,1259,1257,1258,1260,1261
1248: 1244,83,185,66,78,1246,74,1223,1271,1225,1265,1279,1268,1269,1276,1266,1247,1278,1277,1220,1263
1249: 1254,1253,1219,1240,1262,1251,1223,1271,1225,1265,1279,1268,1269,1276,1266,1247,1278,1277,1220,1263,1222,1245,1252,1272,1250,1275,1267,1270,1221,1273,31,1256,1259,1257,1258,1260,1261,1241,1206,1231,1243,1242,1235,1255,1232
1250: 1252,1272,1275,1267,1270,1221,1273,74,1223,1271,1225,1265,1279,1268,1269,1276,1266,1247,1278,1277,1220,1263,86,1274,1254,1253,1219,1240,1249,1262,1251,37,1224,1241,1206,1231,1243,1242,1235,1255
1251: 1254,1253,1219,1240,1249,1262,1223,1271,1225,1265,1279,1268,1269,1276,1266,1247,1278,1277,1220,1263,1222,1245,1252,1272,1250,1275,1267,1270,1221,1273,31,1256,1257,1258,1260,1261,1241,1206,1231,1243,1242,1235,1255,1232
1252: 1272,1250,1275,1267,1270,1221,1273,74,1223,1271,1225,1265,1279,1268,1269,1276,1266,1247,1278,1277,1220,1263,86,1274,1254,1253,1219,1240,1249,1262,1251,37,1224,1241,1206,1231,1243,1242,1235,1255
1253: 1254,1219,1240,1249,1262,1251,1271,1265,1279,1268,1269,1276,1266,1247,1278,1277,1220,1263,1222,1245,1252,1272,1250,1275,1267,1270,1221,1273,31,1256,1259,1257,1258,1260,1261,1241,1206,1231,1243,1242,1235,1255,1232
1254: 1253,1219,1240,1249,1262,1251,1223,1271,1225,1265,1279,1268,1269,1276,1266,1247,1278,1277,1220,1263,1222,1245,1252,1272,1250,1275,1267,1270,1221,1273,31,1256,1259,1257,1258,1260,1261,1241,1206,1231,1243,1242,1235,1255,1232
1255: 1235,1252,1272,1250,1275,1267,1270,1221,1273,1254,1253,1219,1240,1249,1262,1251,31,1256,1259,1257,1258,1260,1261,1241,1206,1231,1243,1242,1232,1230,1233,1234,1236,72,1239,99,1237,1238
1256: 31,1259,1257,1258,1260,1261,1276,1266,1247,1278,1277,1220,1263,1222,1245,22,57,1254,1253,1219,1240,1249,1262,1251,92,1235,1255,1232,76
1257: 31,1256,1259,1258,1260,1261,1247,1220,1263,1222,1245,22,57,1254,1253,1219,1240,1249,1262,1251,92,1235,1255,1232,76
1258: 31,1256,1259,1257,1260,1261,1247,1220,1263,1222,1245,22,57,1254,1253,1219,1240,1249,1262,1251,92,1235,1255,1232,76
1270: 1252,1272,1250,1275,1267,1221,1273,74,1223,1271,1225,1265,1279,1268,1269,1276,1266,1247,1278,1277,1220,1263,86,1274,1254,1253,1219,1240,1249,1251,37,1224,1241,1206,1231,1243,1255
1273: 1252,1272,1250,1275,1267,1270,1221,74,1223,1271,1225,1265,1279,1268,1269,1276,1266,1277,1220,1263,86,1274,1254,1253,1219,1249,1251,37,1224,1241,1206,1231,1243,1242,1235,1255
1274: 86,3,74,1223,1271,1225,1265,1279,1268,1269,103,1252,1272,1250,1275,1267,1270,1221,1273,413,37,1224,1241,1206,1231,1243
1275: 1252,1272,1250,1267,1270,1221,1273,74,1223,1271,1225,1265,1279,1268,1269,1276,1266,1277,1220,1263,86,1274,1254,1253,1219,1240,1249,1251,37,1224,1241,1206,1231,1243,1242,1235,1255
1276: 1266,1247,1278,1277,1220,1263,1248,1244,83,78,1246,95,42,1223,1271,1225,1265,1279,1268,1269,1222,1245,1252,1272,1250,1275,1267,1270,1273,1254,1253,1219,1240,1249,1262,1251,1256,1260,1261
1277: 1276,1266,1247,1278,1220,1263,1248,1244,83,78,1246,95,42,1223,1271,1225,1265,1279,1268,1269,1222,1245,1252,1272,1250,1275,1267,1270,1221,1273,1254,1253,1219,1240,1249,1262,1251,1256,1260,1261
1278: 1276,1266,1247,1277,1220,1263,1248,1244,83,78,1246,95,42,1223,1271,1225,1265,1279,1268,1269,1222,1245,1252,1272,1250,1270,1254,1253,1219,1240,1249,1251,1256,1260,1261
1279: 1223,1271,1225,1265,1268,1269,1248,1244,83,78,1246,74,1276,1266,1247,1278,1277,1220,1263,86,1274,1252,1272,1250,1275,1267,1270,1273,1254,1253,1219,1240,1249,1251