1574: 1605,965
543: 
1068: 1632,1656,1630,1655,1659,1653,1654,1657,1658,1640,1638,1627,1619,1624
1141: 1100,1722,1745,1699
1543: 475,1349
566: 
949: 
1581: 1562,1514,1474,554,1458,1397
1445: 1530,1561,1526
1701: 2040,2392,1700,2454,2410,1671
977: 2563,2623,2602,2579,2189,2255,2578,1867,1913
1519: 1564,1430,1531,1499,1479,1554,1450,1476
1373: 1467,969
1572: 1527,1601,1590,970
1394: 1379,1415,1365,903,1588,157,1345,1317,1346,1431
535: 539,1015,166
1939: 2580,2223,2072,2021,2594,966
1459: 1525,1456,1387,952
1509: 1357,1345,1317,1346,1393
583: 2050,2087,2223,2072
1619: 1640,1638,1627,1644,1624,1646,1632,1068,1655,1659,1653,1657,1636,1645,1639,1686
1376: 1501
900: 2491,2444,2360,2503
1520: 1495
1337: 1690
500: 
520: 
1393: 1431,1426,1345,1317,1346,1461,1509,1395
1602: 1532,1454,1323,2640
1623: 1066,1618,1063,1065,1609,1083,1615,1053,492,1731,1521
562: 
509: 
1174: 1928,1785,478,1062
822: 1487
947: 
563: 
985: 
1450: 1519,1564,1430,1531,1476
2261: 2342,2339,2282,2337,2094,2253,2246,2240,2381,2245,2347,2275,2234,2159,2110,2323,2089,2345,2338,2181,2149,2258,2045,2204,2272,2091,2140,2201,2280,2139,2279,2281
1556: 1576,529
995: 1867,1913,2189,2255,1886,502,1926
551: 
1532: 1602,1454,1323,2640
957: 
1540: 1499,1571,1479,1554
1687: 1668,454
961: 987
495: 
1456: 1525,1387,1459
968: 
1718: 1765
929: 
939: 555
905: 
1461: 1431,1393,1426,1395
552: 1419,1557
572: 2123,2586
1506: 1478
560: 2515,2664,2659,2615,2628
504: 
1479: 1554,1540,1499,1571,1519,1564,1430,1588,157,1476
61: 1460
539: 535
558: 
1527: 1572,1601,1590,970
1495: 1520
2145: 568,2236,2043,2198,2199,2260,2098,2042,2161,2097
922: 594
589: 2565,2442,2407,2551
1874: 2540,2571,2509,1872,2486,1884,2489,1830,1882,1907
1600: 1789,549,1732
598: 586
1202: 
1781: 1752,534,1978,1818,1847,1778
587: 
515: 
1571: 1540,1499,1479,1554,1564
569: 1965,1940,1823,1941
996: 525,993
1823: 1940,1941,1965,444,1974,1921,569,1920,1848
1690: 1337
916: 2206,2117
1172: 1268,1326,1635,1617,1136
1605: 1574,965
591: 
926: 2146,2274,2148,2498
1487: 822
1513: 1548,999
532: 
944: 
582: 2521,2370
1295: 1424,1685,1672
948: 
1349: 475,1543
1064: 1088
588: 2555,2483,2446,2448,2556,2481,2482
1253: 700,1009,1278
994: 
1518: 
1496: 1660,1672,1424,1696,1679
1869: 981
593: 
1426: 1431,1393,903,1345,1317,1346,1461,1395
544: 
908: 1820,1625,237
1606: 1853,2510,1769,2494,1871,2583,1810,1771,1736,1751
955: 
1346: 1345,1317,1379,1394,1415,1365,903,1431,1393,1426,1509,1357
906: 
1635: 153,1617,1136,1172,1268,1326,1637
581: 592
498: 
932: 
575: 1887,1912,1843,1917
993: 996
1646: 1640,1638,1627,1619,1644,1624,1655,1636,1645,1639,1680,1686
531: 545,1970,1788
1395: 1431,1393,1426,1461
2602: 2563,2623,2021,2594,2579,977
513: 451
1278: 700,1009,1253
1387: 1525,1456,1459
2541: 1951,2559,2528,2516,1933,2560,2539,2486,2504,1914,1884
1671: 2465,2364,2476,853,1677,2488,2464,2427,1701,2040,2392,1700,2454,2410,2263,915,2394,2262,2409
1458: 554,1397,1514,1474,1581,1562
506: 2101,2034
975: 
911: 2069,2473,2369
555: 939
597: 
979: 
988: 
963: 
1684: 1663
538: 
951: 
1348: 1402
536: 
592: 581
1063: 1618,1065,1609,1083,1615,1612,1067,1069,1620,1066,1623
1562: 1581,1514,1474,554,1458,1397
2578: 977,2255,1867,1913,1899,2619,1926
986: 
559: 1514,1474
586: 598,965
903: 1379,1394,1415,1365,1588,157,1345,1317,1346,1431,1426
1589: 1732
596: 
1670: 1743
557: 
580: 2358,2173
537: 429
978: 
153: 1635,1617,1136,1268,1326,1637
980: 1787,1697
1974: 1921,1942,1823
568: 2236,2043,2272,2091,2140,2201,2132,2280,2139,2279,2237,2281,2329,2197,2196,2191,2076,2198,2199,2260,2098,2042,2145
157: 1588,1479,1554,1430,1476,1379,1394,1415,1365,903
965: 1605,1574,586
2637: 2613,2616,2599,2632,2603,2609,2610,2564,2493,2647
902: 
556: 488
1503: 1404,952
1430: 1519,1564,1531,1479,1554,1450,1588,157,1476
541: 
594: 922
166: 1015,535
1708: 1746
507: 1776,1960,1756,1819
700: 1009,1278,1253
1528: 1592
519: 
550: 
1547: 1580
574: 517
940: 2223,2072
1065: 1618,1063,1609,1083,1615,1612,1067,1069,1620,1066,1623
1837: 1783,1719,1763
923: 
1062: 1928,1785,1174
1053: 492,1066,1623,1268,1326
901: 
501: 
1588: 157,1479,1554,1430,1476,1379,1394,1415,1365,903
992: 
1290: 
534: 1752,1781,1803,1876,2004,2057,1978,1818
967: 
573: 
547: 
976: 
919: 
1415: 1379,1394,1365,903,1588,157,1345,1317,1346,1431
1565: 1585,962
590: 2061,2018,1995,2036,2020
1625: 237,1820,908
1514: 1474,559,554,1458,1397,1581,1562
962: 1565,1585,1721,1695
927: 1938,1933,2486,2504,1914,1884,2489,1830,1882,2554,1907,2501,2508,2668,1915,2496,2537
1578: 1388,969
584: 
934: 
1531: 1519,1564,1430,1450,1476
953: 
1197: 
973: 1601,1590
517: 574
982: 
1357: 1509,1345,1317,1346
924: 
1891: 1793,2631,2593,2641
1424: 1295,1685,1672,1496,1660
990: 
578: 2561,2450
1341: 1477,2551,2596,2655
1149: 1184
1388: 1578
1502: 1536
914: 
1419: 1557,552
1693: 1707,1725,1754,1723,1698
1607: 232
925: 1825,1953
1521: 1731,1066,1623,1636,1645,1686,1664,1650
1100: 1141,1722,1745,1699
2107: 2150,2185,2138,2238,2251,2131,2225,2250,2219,2288,2252,2312,2300,2253,2246,2216,2247,2259,2248,2256,2162,2129,2249,2234,2159,2283,2110,2323,2163,2062,2175,2182,1994,2188,2186,2184,2187,2183,2064,2181,2149,2258
941: 407
1659: 1630,1655,1653,1654,1657,1658,1632,1068,1656,1640,1638,1627,1619,1624,1639
912: 546
950: 
943: 
1443: 1598
232: 1607
2540: 1874,2571,2509,1872,2486,2504,1884,2489,1830,1882,1907
1551: 445,1414
1404: 1503,952
579: 
237: 1625,1820,908
508: 
920: 
1379: 1394,1415,1365,903,1588,157,1476,1345,1317,1346,1431
599: 
1580: 1547
514: 1629,1633
1476: 1479,1554,1519,1564,1430,1531,1450,1588,157,1379,1365
971: 
972: 
1557: 1419,552
1583: 909,1603
1585: 1565,962
1402: 1348
1576: 1556,529
1345: 1317,1346,1379,1394,1415,1365,903,1431,1393,1426,1509,1357
1526: 1561,1530,1445
2281: 2132,2280,2139,2279,2237,2261,2339,2337,2094,2089,2345,2404,2338,2002,2193,2405,2272,2091,2140,2201,2329,2197,2196,2191,568,2199,2260
512: 2370
942: 
571: 2290,2096
1478: 1506
1501: 1376
1563: 
928: 
1499: 1540,1571,1479,1554,1519,1564
567: 
528: 
909: 1603,1583
1467: 1373
524: 1999,2020
998: 
853: 1677,2377,2476,2475,2523,2488,2464,2512,2427,2465,1671,2364,2040,2392,1700,2454
585: 576
523: 
1525: 1456,1387,952,1459
915: 2263,2333,2433,2512,2152,2427,2465,1671,2364,2040,2392,1700,2419,2416,2365,2378,2265,2394,2262,2409,2309,2308,2016,2154,2331,2330,2214,2267,2218,2289,2311,2024
1009: 700,1278,1253
533: 460
959: 487
913: 
530: 
496: 
1088: 1064
522: 
958: 
553: 
1474: 1514,559,554,1458,1397,1581,1562
1365: 1379,1394,1415,903,1588,157,1476,1345,1317,1346,1431
1530: 1561,1526,1445
510: 
542: 
960: 999
984: 
952: 1525,1503,1404,1459
595: 
1561: 1526,1530,1445
505: 
521: 1592
999: 960,1548,1513
2589: 2625,2591,2587,2617
518: 
1680: 1639,1640,1638,1644,1624,1646,1636,1645,1703,1686,1720,1754,1648
502: 2189,2255,1886,1867,995,1913,1883,1979
956: 
1414: 1551,445
933: 
904: 
1015: 166,535
1066: 1623,1618,1063,1065,1609,1083,1615,1053,492,1731,1521
549: 1600
991: 1984,1855
1268: 1172,1326,1053,492,153,1635,1617,1136,1676,1650
1454: 1323,2671,503,2654,2652,2640,1532,1602
311: 1005
554: 1458,1397,1514,1474,1581,1562
497: 983
1536: 1502
548: 
526: 
989: 
1069: 1620,1612,1067,1063,1065,1609,1083,1615
1601: 1590,973,1572,1527,970
545: 531,1970,930,1788
576: 585
945: 2638,2642
2668: 2501,2508,1933,2560,2539,2504,1914,927,1938
981: 1863,1807,1869
946: 2065,2011,2015,1972,1987,2003
516: 449,917
1637: 153,1635,1617,1136
1161: 
570: 499
1985: 2116
1592: 521,1528
918: 1773,2350,2545,2584,2449,2595,2596,2655
1184: 1149
1714: 1694
1323: 1454,2671,503,2654,2652,2640,1532,1602
1686: 1627,1619,1644,1646,1636,1645,1731,1521,1680,1664,1648
1243: 
499: 570
1460: 61
1732: 1589,1789,1600
938: 450
966: 1939,2021,2594,1991
1700: 1701,2040,2392,2454,2410,853,1677,2488,2464,2268,2462,2465,1671,2364,2266,2334,2263,915,2394,2262,2409
937: 
1477: 1341,2551,2596,2655
921: 
1698: 1707,1693,1725,1723,1692
1326: 1172,1268,1053,492,153,1635,1617,1136,1676,1650
540: 2568,2534,2529,2428
997: 
503: 2671,2654,2652,1454,1323,2640,2604
917: 516
1766: 1836,1798,1740
1537: 1558,1713
546: 912
1067: 1612,1069,1620,1618,1063,1065,1609,1083,1615
970: 1601,1590,1572,1527
1603: 446,909,1583
2233: 2445,2348,2443,2168,2399,2479,2383,2166,2385,2302,2426,2418,2366,2208,2359,1997,2384,2105
1668: 1687,454
1719: 1763,1783,1837
1431: 1393,1426,1379,1394,1415,1365,903,1345,1317,1346,1461,1395
931: 2670,2617,2635,2626,2490
565: 
529: 1556,1576
1005: 311
561: 
1624: 1640,1638,1627,1619,1644,1646,1632,1068,1630,1655,1659,1653,1654,1657,1658,1636,1645,1703,1639,1680
964: 
2033: 1890,1948,1864,2059,1955,1922,1919,1910,2004,2057
1317: 1345,1346,1379,1394,1415,1365,903,1431,1393,1426,1509,1357
954: 
1575: 1642,1641,1643
1590: 1601,973,1572,1527,970
2104: 2164,2232,2120,2103,2228,2038,2227,2229,2050,2087
1558: 1537,1692,1713
1548: 1513,999
564: 
511: 
1788: 1760,1797,1970,930,545,531
969: 1373,1578
527: 
1136: 153,1635,1617,1172,1268,1326,1637
1554: 1479,1540,1499,1571,1519,1564,1430,1588,157,1476
987: 480,961
935: 405
1397: 554,1458,1514,1474,1581,1562
1083: 1618,1063,1065,1609,1615,1612,1067,1069,1620,1066,1623
974: 
907: 
1598: 1443
930: 1797,1970,1772,1802,1788,545
577: 
983: 497
525: 996
1984: 991,409,1855
1564: 1519,1430,1531,1499,1571,1479,1554,1450,1476
910: 
936: 
400: 
401: 
402: 
403: 
404: 
405: 935
406: 
407: 941
408: 
409: 1855,1984
410: 
411: 
412: 
413: 
414: 
415: 
416: 
417: 
418: 
419: 
420: 
421: 
422: 493
423: 
424: 435
425: 
426: 467
427: 
428: 
429: 537
430: 
431: 
432: 2569,2511,2597
433: 
434: 2370,2117
435: 424
436: 
437: 
438: 
439: 
440: 
441: 
442: 1791,1988,452
443: 
444: 1965,1921,1940,1823,1941
445: 1551,1414
446: 1603
447: 
448: 
449: 516
450: 938
451: 513
452: 1791,1988,442,1729
453: 
454: 1668,1687
455: 2446,2448,2209,2447
456: 
457: 
458: 
459: 
460: 533
461: 
462: 484
463: 
464: 
465: 
466: 
467: 426
468: 
469: 
470: 
471: 
472: 2125,2542
473: 
474: 
475: 1543,1349
476: 
477: 491
478: 1729,1846,1928,1785,1174
479: 
480: 987
481: 
482: 
483: 
484: 462
485: 2343,2436
486: 
487: 959
488: 556
489: 
490: 2544,2451,2497,2452,2438,2291,2388,2242,2425,2423,2568
491: 477
492: 1053,1066,1623,1731,1268,1326
493: 422,2665,2622
494: 
1609: 1618,1063,1065,1083,1615,1612,1067,1069,1620,1066,1623
1699: 1722,1745,1100,1141
1676: 1650,1268,1326,1664
1612: 1067,1069,1620,1618,1063,1065,1609,1083,1615
1721: 1695,962
1672: 1685,1295,1424,1496,1660
1615: 1618,1063,1065,1609,1083,1612,1067,1069,1620,1066,1623
1729: 1846,1802,452,478
1617: 153,1635,1136,1172,1268,1326,1637
1618: 1063,1065,1609,1083,1615,1612,1067,1620,1066,1623
1620: 1069,1612,1067,1618,1063,1065,1609,1083,1615
1627: 1640,1638,1619,1644,1624,1646,1632,1068,1655,1659,1653,1657,1636,1645,1639,1686
1636: 1645,1640,1638,1627,1619,1644,1624,1646,1731,1521,1639,1680,1686,1664
1629: 1633,514
1630: 1655,1659,1653,1654,1657,1658,1632,1068,1656,1640,1638,1624,1703,1639
1631: 1634
1632: 1068,1656,1630,1655,1659,1653,1654,1657,1658,1640,1638,1627,1619,1624
1633: 1629,514
1634: 1631
1638: 1640,1627,1619,1644,1624,1646,1632,1068,1630,1655,1659,1653,1654,1657,1658,1636,1645,1703,1639,1680
1639: 1680,1630,1655,1659,1653,1654,1657,1658,1640,1638,1627,1619,1644,1624,1646,1636,1645,1703,1720,1648
1640: 1638,1627,1619,1644,1624,1646,1632,1068,1630,1655,1659,1653,1654,1657,1658,1636,1645,1703,1639,1680
1641: 1643,1575,1642
1642: 1575,1641,1643
1643: 1641,1575,1642
1644: 1640,1638,1627,1619,1624,1646,1655,1636,1645,1639,1680,1686
1645: 1636,1640,1638,1627,1619,1644,1624,1646,1731,1521,1639,1680,1686,1664
1685: 1672,1295,1424,1660
1648: 1754,1703,1639,1680,1686,1720,1725
1696: 1679,1496,1660
1650: 1676,1731,1521,1268,1326,1664
1651: 1662
1677: 853,2377,2476,2475,2523,2488,2464,2512,2427,2465,1671,2364,2040,2392,1700,2454
1653: 1630,1655,1659,1654,1657,1658,1632,1068,1656,1640,1638,1627,1619,1624,1639
1654: 1630,1655,1659,1653,1657,1658,1632,1068,1656,1640,1638,1624,1703,1639
1655: 1630,1659,1653,1654,1657,1658,1632,1068,1656,1640,1638,1627,1619,1644,1624,1646,1703,1639
1656: 1632,1068,1630,1655,1659,1653,1654,1657,1658,1703
1657: 1630,1655,1659,1653,1654,1658,1632,1068,1656,1640,1638,1627,1619,1624,1639
1658: 1630,1655,1659,1653,1654,1657,1632,1068,1656,1640,1638,1624,1639
1660: 1496,1685,1672,1424,1696,1679
1720: 1703,1639,1680,1754,1648,1725
1662: 1651
1663: 1684
1664: 1636,1645,1731,1521,1686,1676,1650
1665: 1713,1702
1679: 1696,1496,1660
1682: 
1689: 1817
1688: 
1797: 1760,1970,930,1788
1692: 1723,1698,1558
1694: 1714
1695: 1721,962
1697: 1787,980
1702: 1713,1665
1703: 1656,1630,1655,1654,1640,1638,1624,1639,1680,1720,1754,1648
1982: 2135,2077,2147,2143,2142,2122,2169,2177,2120,2093,2144,2160,2130,2137,2114,2113,2134,2080
1767: 1779,1877,1844,1769,1771
2612: 2611,2639,2614,2657,2658,2630,2609,2610,2564,2638,2642,1858
1707: 1693,1725,1754,1723,1698
1731: 1521,1066,1623,492,1636,1645,1686,1664,1650
1730: 1834,2007,1870,1841
1926: 2619,2578,1867,995,1913,1899,2600,2598
1713: 1665,1558,1537,1702
1717: 1796,1756,1819,2607,1804
1722: 1745,1699,1100,1141
1723: 1754,1707,1693,1725,1698,1692
1725: 1707,1693,1720,1754,1648,1723,1698
1841: 1870,1730,1834,2007,1863,1807
1728: 1819,1792
1807: 1863,1870,1841,981
1772: 1802,930
1736: 1751,1853,1606,1810,1771,1776,1960
1737: 1888
1830: 2489,1882,2554,1907,1874,2540,2486,2504,1914,1884,2510,927,2494,1871
1765: 1718
1740: 1798,1766,1836
1743: 1670
1778: 1847,1752,1781,1978,1818
1745: 1722,1699,1100,1141
1746: 1708
1796: 1717,1756,1819,2607,1804
1858: 2611,2612,2609,2610,2564,2493,2645,2647,2638,2642,2646,2644,1820
2312: 2219,2288,2252,2300,2309,2331,2330,2214,2218,2289,2215,2351,2311,2024,2238,2251,2131,2225,2250,2253,2246,2216,2247,2129,2249,2107,2150,2185,2138,2234,2159,2283,2110,2323
1750: 1875
1751: 1736,1853,1606,1810,1771,1776,1960
1752: 1781,534,1978,1818,1847,1778
2132: 2280,2139,2279,2237,2281,2339,2094,2089,2345,2404,2338,2002,2193,2272,2091,2140,2201,2329,2197,2196,2191,568,2236,2043,2198,2199,2260
1754: 1648,1703,1680,1720,1707,1693,1725,1723
2321: 2319,2341,2420,2156,2314,2322,2406,2320,2415,2356,2403,2432,2357,2158,2352,2414,2355,2310,2379,2419,2365,2378,2265,2178,2055,2315,2313,2400,2309,2308,2016,2154,2318,2316,2180,2226,2155,2353,1961,2235,2112,2205,2238,2225
1756: 1819,1776,1960,1717,1796,507,2607,1804
2603: 2599,2632,2582,2616,2600,2598,2562,2637,2613
1760: 1797,1970,1788
1917: 1843,1919,575,1844
1763: 1719,1783,1837
1825: 1953,925
1768: 1832
1769: 1877,1844,1779,1767,1853,1606,1810,1771
2649: 2493,2645,2647,2648,2516,2650,2646,2644,1820
1771: 1810,1769,1779,1767,1853,1606,1736,1751
1773: 2350,918,2545,2584,2407,2449,2595,2596
1775: 1898
1776: 1960,1736,1751,1756,1819,507
1779: 1767,1877,1844,1769,1771
2163: 2062,2175,2122,2169,2177,2247,2259,2248,2256,2162,2129,2249,2107,2185,2138,2093,2144,2160,2130,1994,2188,2186,2183,2064,2113,2134,2080,2092,2176,2037,2133
1783: 1837,1719,1763
1785: 1928,1174,478,1062
2046: 2386,2362,2293,2217,2292,2439,2438,2388,2243,2325,2324,2241,2044,2242,2425,2423,2424,2381,2245,2244,2275,2344,2408,2382
1787: 1697,980
1789: 1600,1732
1790: 2525,2371,2396
1791: 1988,452,442
1792: 1728,1870
1793: 1891,2631,2593,2641
1798: 1740,1766,1836
2076: 2181,2258,2045,2204,2272,2091,2140,2201,2115,2170,2127,568,2236,2043,2090,2075,2098,2042
1802: 1772,930,1729
1803: 1876,2004,2057,534
1804: 2607,1717,1796,1756,1819
1890: 2033,1948,1864,2059,1955,1922,1919,1910
2080: 2113,2134,2135,1982,2093,2144,2160,2163,2062,2137,2114,2092,2176,2037,2133,2054,2032,2063
1867: 995,1913,977,2189,2255,1886,2578,502,2619,1926
1810: 1771,1769,1853,1606,1736,1751
1811: 
1844: 1877,1843,1917,1769,1779,1767
1973: 2053,1947
1817: 1689
1818: 1978,1752,1781,534,1847,1778
1819: 1756,1776,1960,1717,1796,507,2607,1804,1728
1820: 1858,2646,2644,2649,1625,237,908
1938: 927,1933,2560,2539,2486,2504,1914,1884,2489,1907,2501,2508,2668
1919: 1922,1910,1920,1848,1948,1864,1955,1890,2033,1843,1917
2143: 2135,2077,2147,1982,2167,2202,2142,2278,2122,2169,2177,2120,2103,2093,2144,2160,2130,2137,2114,2113,2134
2255: 2189,2579,1991,977,1886,2578,1867,995,1913,502
1988: 1791,452,442
2042: 2098,2076,568,2236,2043,2198,2145,2074,2030,2141
1832: 1768,2525,2371
2544: 2451,490,2497,2452,2438,2291,2388,2425,2423,2568
1834: 1730,2007,1870,1841
1836: 1766,1798,1740
2619: 1926,2578,1867,1913,1899
2580: 1939,2223,2072,2021,2594
2604: 2490,2671,503,2654,2652,2640
1843: 1917,1922,1919,1910,575,1877,1844
1936: 1967
1846: 1729,478
1847: 1778,1752,1781,1978,1818
1848: 1920,1940,1823,1941,1948,1864,1922,1919
2234: 2159,2283,2110,2323,2312,2300,2253,2246,2216,2240,2381,2245,2347,2244,2107,2150,2185,2342,2261,2339,2282,2337,2094,2182,1994,2186,2184,2187,2183,2181,2149,2258,2045,2204,2272,2091
1853: 1606,2510,1769,2494,1871,2583,1810,1771,1736,1751
1855: 409,991,1984
2133: 2092,2176,2037,2093,2144,2160,2130,2163,2062,2175,2182,1994,2188,2186,2183,2064,2113,2134,2080,2012,2054,2063,2049,2108
1920: 1848,1940,1823,1948,1864,1922,1919,1910
1863: 1807,1870,1841,981
1864: 1948,1986,1920,1848,1955,1922,1919,1910,1890,2033
1899: 2578,2618,2582,2619,1926,2599,2632,2600,2598,2562
1987: 2003,946,1995,2036,2018
2127: 2115,2170,2182,1994,2188,2186,2184,2187,2183,2064,2181,2149,2258,2045,2204,2272,2012,2076,2049,2108,2090,2075
1870: 1841,1792,1730,1834,2007,1863,1807
1871: 2494,2583,2489,1830,1882,2554,2510,1853,1606,2537
1872: 1887,1912,2571,2509,1874,2540
2002: 2193,2405,2275,2382,2437,2340,2277,2435,2195,2089,2345,2404,2338,2332,2395,2391,2066,2132,2280,2139,2279,2237,2281,2329,2197,2196,2191,2335,2271,2254
1875: 1750
1876: 1803,2004,2057,534
1877: 1844,1843,1769,1779,1767
2615: 2515,2664,2659,560,2628
1882: 2489,1830,2554,1907,1874,2540,2486,2504,1914,1884,2510,927,2494,1871
1883: 1979,1886,502,1887,1912
1884: 2486,2504,1914,1951,2541,1874,2540,1933,2489,1830,1882,2554,1907,927,1938
1886: 1991,2189,2255,1867,995,1913,502,1883,1979
1887: 1912,1883,1979,1872,575
1888: 1737
1951: 2541,2559,2528,2516,2650,1933,2560,2539,2486,2504,1914,1884
2533: 2569,2511,2597
2585: 2573,2543,2398,2285,2592,2495,2514,2601,2574,2627,2590
2617: 2635,2588,2574,2469,2587,2625,2589,931
1948: 1864,1986,1920,1848,2059,1955,1922,1919,1910,1890,2033
1970: 1760,1797,930,1788,545,531
1898: 1775
2653: 2151,2529
2222: 2524,2484,2548,2434,2530,2487,2429,2480,2477,2456,2485,2466,2431,2402,2461,2376,2417
2311: 2374,2215,2351,2299,2024,2263,2333,915,2394,2262,2409,2293,2331,2330,2214,2267,2218,2289,2243,2325,2241,2044,2219,2288,2252,2312,2300,2253,2246,2216,2244
2582: 2618,2567,1899,2616,2599,2632,2603,2600,2598,2562
2666: 2606,2667,2665,2622,2660,2656,2651,2576,2633,2662,2661,2663,2639
2522: 2471,2547,2555,2483,2484,2430,2548,2434,2530,2556,2481,2482,2460,2458,2303,2179
1907: 2489,1830,1882,2554,1874,2540,2486,2504,1914,1884,927,1938,2494
2032: 2063,2080,2092,2176,2037,2012,2054,2049,2108,2065,2011
1910: 1922,1919,1920,1948,1864,2059,1955,1890,2033,1843
2064: 2182,1994,2188,2186,2184,2187,2183,2259,2256,2162,2107,2150,2185,2138,2323,2163,2062,2175,2149,2045,2204,2092,2176,2037,2133,2012,2170,2127
1912: 1887,1883,1979,1872,575
1913: 1867,995,977,2189,2255,1886,2578,502,2619,1926
1914: 2486,2504,1884,1951,2541,1933,2560,2539,2489,1830,1882,1907,2501,2508,2668,927,1938
1915: 2496,2537,927,2494,2583
2400: 2178,2055,2315,2313,2306,2301,2305,2406,2320,2415,2356,2403,2432,2357,2158,2414,2355,2389,2304,2307,2367,2319,2156,2314,2321,2190,2346,2270,2318,2316,2180,2317,1961
1921: 1974,1963,1942,444,1940,1823,1941
1922: 1919,1910,1920,1848,1948,1864,2059,1955,1890,2033,1843
2034: 2101,506
1989: 2459,2399,2479,2556,2481,2482,2460,2458,2303,2179,2443,2168,2306,2301,2305,2445,2385,2302,2307
1950: 2067
2061: 590,2018,1995,2036
1928: 1785,1174,478,1062
1972: 2015,2065,2029,2052,946,1963,1942
2559: 2528,1951,2541,2516,2650,1933,2560,2539
2583: 2494,1871,2554,1853,1606,1915,2496,2537
2031: 1976,2212,2213,2207,2211,2165,2349
1933: 2560,2539,2559,2528,1951,2541,2516,2650,2486,2504,1914,1884,2501,2508,2668,927,1938
2588: 2601,2591,2469,2587,2617,2635
2090: 2075,2012,2115,2170,2127,2076,2049,2108,1966,2074,2030
1940: 1823,1941,1965,444,1921,569,1920,1848
1941: 1940,1823,1965,444,1921,569,1848
1942: 1963,2015,1972,1974,1921
1995: 2036,1966,1987,2003,590,2061,2018
2125: 472,2542
2670: 931,2669,2635,2626,2575,2490
1947: 2053,1973
1953: 1825,925
2113: 2134,2080,2135,2077,2147,1982,2143,2093,2144,2160,2130,2163,2062,2137,2114,2092,2176,2037,2133,2054,2063
1955: 2059,1986,1999,1948,1864,1922,1919,1910,1890,2033
2012: 2175,2182,1994,2188,2186,2184,2187,2183,2064,2181,2149,2258,2045,2204,2092,2176,2037,2133,2115,2170,2127,2032,2063,2049,2108,2090,2075
2147: 2135,2077,1982,2143,2167,2202,2142,2278,2122,2169,2120,2103,2093,2144,2160,2130,2228,2038,2227,2229,2137,2114,2113,2134
1960: 1776,1736,1751,1756,1819,507
1961: 2226,2155,2353,2235,2112,2205,2178,2055,2315,2313,2400,2319,2341,2420,2156,2314,2321,2322,2308,2154,2318,2316,2180,2317,2238,2251,2225,2202,2142,2278,2122,2177,2248,2129
1997: 2208,2359,2384,2105,2348,2233,2383,2166,2385,2302,2367,2190,2346,2231,2270,2213,2207,2211,2210,2167
1963: 1942,2015,1972,1921
1986: 1998,2027,2020,1999,1948,1864,2059,1955
1965: 444,569,1940,1823,1941
1966: 2090,2075,2074,2030,1995
1967: 1936
1976: 2031,2212,2213,2207,2211,2165,2349
1977: 2039,2006,2068,2004,2057
1978: 1818,1752,1781,534,1847,1778
1979: 1883,1886,502,1887,1912
1991: 966,2189,2255,1886
1992: 2073
2020: 590,1998,2027,1986,524,1999
1994: 2182,2188,2186,2184,2187,2183,2064,2259,2256,2162,2249,2107,2150,2185,2138,2234,2159,2283,2110,2323,2163,2062,2175,2181,2149,2258,2045,2204,2133,2012,2170,2127
1998: 2027,2020,1986,1999
1999: 524,1998,2027,2020,1986,1955
2055: 2178,2315,2313,2400,2306,2301,2305,2406,2320,2415,2356,2403,2432,2357,2158,2414,2355,2389,2304,2307,2367,2319,2341,2420,2156,2314,2321,2190,2346,2270,2318,2316,2180,2317,2353,1961
2030: 2074,2090,2075,2098,2042,1966,2141
2003: 1987,946,1995,2036,2018
2004: 1803,1876,2057,2033,1977,2039,534
2108: 2049,2092,2176,2037,2133,2012,2170,2127,2032,2063,2090
2006: 1977,2039,2068
2007: 1730,1834,1870,1841
2162: 2247,2259,2248,2256,2129,2249,2235,2112,2205,2251,2131,2225,2250,2252,2122,2169,2177,2107,2150,2185,2138,2093,2144,2160,2130,2163,2062,2175,2182,1994,2188,2186,2184,2183,2064
2105: 2208,2359,1997,2384,2445,2348,2233,2383,2166,2385,2302,2389,2304,2307,2367,2190,2346,2231,2270,2210,2167
2026: 2119
2011: 2065,2029,2052,2054,2032,2063,2015,946
2347: 2240,2381,2245,2244,2215,2351,2324,2241,2044,2253,2246,2216,2275,2344,2408,2382,2234,2159,2283,2110,2323,2342,2261,2339,2282,2337,2094,2089,2345,2404,2338
2591: 2588,2557,2629,2469,2587,2625,2589
2015: 1972,2065,2011,2029,2052,946,1963,1942
2016: 2309,2308,2154,2357,2414,2355,2310,2379,2419,2416,2365,2378,2265,2333,915,2319,2341,2420,2156,2321,2322,2331,2330,2214,2267,2218,2289,2226,2155,2235,2238,2251,2131,2225,2250,2219,2288,2252
2018: 590,2061,1995,2036,1987,2003
2611: 2612,2614,2657,2658,2630,2609,2610,2564,2638,2642,1858
2021: 2594,2580,1939,966,2602,2579
2057: 1803,1876,2004,2033,1977,2039,534
2639: 2651,2576,2666,2606,2667,2633,2662,2661,2663,2614,2657,2658,2630,2612
2024: 2374,2215,2351,2299,2311,2263,2333,915,2394,2262,2409,2331,2330,2214,2267,2218,2289,2243,2325,2044,2219,2288,2252,2312,2300,2253,2246,2216,2244
2027: 1998,2020,1986,1999
2146: 2274,926
2029: 2065,2011,2052,2015,1972
2442: 2565,2407,589
2036: 1995,1987,2003,590,2061,2018
2037: 2092,2176,2133,2093,2144,2160,2163,2062,2175,2188,2064,2113,2134,2080,2012,2054,2032,2063,2049,2108
2038: 2228,2227,2229,2232,2120,2103,2077,2147,2104,2164,2114,2099,2121
2039: 1977,2006,2068,2004,2057
2040: 1701,2392,1700,2454,2410,853,1677,2488,2464,2462,2465,1671,2364,2266,2334,2263,2333,915,2394,2262,2409,2362,2293,2217
2289: 2331,2330,2214,2267,2218,2365,2265,2333,915,2309,2308,2016,2154,2351,2311,2024,2238,2251,2131,2225,2250,2219,2288,2252,2312,2300,2216
2043: 568,2236,2272,2091,2140,2201,2132,2280,2139,2279,2237,2076,2198,2199,2260,2098,2042,2145
2044: 2243,2325,2324,2241,2293,2292,2374,2215,2351,2299,2311,2024,2046,2386,2253,2246,2216,2240,2381,2245,2347,2244,2275,2344,2408,2382
2045: 2181,2149,2258,2204,2150,2185,2234,2323,2261,2337,2182,1994,2188,2186,2184,2187,2183,2064,2272,2091,2140,2201,2012,2115,2170,2127,2076
2651: 2576,2665,2622,2660,2666,2606,2667,2633,2662,2661,2663,2639
2346: 2190,2231,2270,2383,2166,2385,2302,2389,2304,2307,2367,2055,2400,2208,2359,1997,2384,2105,2318,2316,2180,2317,2210,2167,2202,2278
2049: 2108,2092,2176,2037,2133,2012,2115,2170,2127,2032,2063,2090,2075
2050: 2087,2104,2164,583
2232: 2213,2207,2211,2210,2167,2120,2103,2104,2164,2228,2038,2227
2052: 2065,2011,2029,2015,1972
2053: 1973,1947
2054: 2137,2114,2113,2134,2080,2092,2176,2037,2133,2032,2063,2065,2011
2059: 1955,1986,1948,1922,1910,1890,2033
2190: 2346,2231,2270,2166,2302,2389,2304,2307,2367,2178,2055,2315,2313,2400,2208,2359,1997,2384,2105,2318,2316,2180,2317,2210,2167,2202,2142,2278
2062: 2163,2175,2122,2169,2177,2247,2259,2248,2256,2162,2129,2249,2107,2185,2138,2093,2144,2160,2130,2182,1994,2188,2186,2183,2064,2113,2134,2080,2092,2176,2037,2133
2063: 2032,2113,2134,2080,2092,2176,2037,2133,2012,2054,2049,2108,2065,2011
2065: 2011,2029,2052,2054,2032,2063,2015,1972,946
2066: 2332,2395,2391,2277,2435,2195,2002,2193,2405,2422,2474,2329,2197,2196,2191,2335,2271,2254
2067: 1950
2068: 2006,1977,2039
2069: 911,2473,2369
2070: 2336
2575: 2626,2574,2627,2590,2670,2490,2671,2654,2652
2072: 2223,940,583,2580,1939
2073: 1992
2074: 2030,2090,2075,2098,2042,1966,2141
2075: 2090,2012,2115,2170,2127,2076,2049,1966,2074,2030
2077: 2135,2147,1982,2143,2142,2122,2169,2120,2103,2144,2160,2228,2038,2227,2229,2137,2114,2113,2134
2144: 2093,2160,2130,2202,2142,2278,2122,2169,2177,2259,2248,2256,2162,2129,2135,2077,2147,1982,2143,2163,2062,2175,2137,2114,2113,2134,2080,2037,2133
2103: 2120,2210,2167,2202,2232,2077,2147,2143,2104,2164,2228,2038,2227,2229
2087: 2050,2104,2164,583
2521: 582,2370
2089: 2345,2404,2338,2240,2381,2245,2347,2275,2382,2277,2261,2339,2282,2337,2094,2002,2193,2405,2272,2091,2140,2201,2132,2280,2139,2279,2237,2281,2196,2191
2091: 2272,2140,2201,2234,2159,2110,2323,2261,2339,2282,2337,2094,2089,2345,2338,2181,2149,2258,2045,2204,2132,2280,2139,2279,2237,2281,2115,2170,2076,568,2236,2043
2092: 2176,2037,2133,2093,2160,2163,2062,2175,2188,2064,2113,2134,2080,2012,2054,2032,2063,2049,2108
2093: 2144,2160,2130,2122,2169,2177,2259,2256,2162,2135,2147,1982,2143,2163,2062,2175,2137,2114,2113,2134,2080,2092,2176,2037,2133
2094: 2342,2261,2339,2282,2337,2253,2246,2240,2381,2245,2347,2244,2275,2344,2408,2382,2234,2159,2110,2323,2089,2345,2404,2338,2181,2258,2272,2091,2140,2201,2132,2280,2139,2279,2237,2281
2095: 2570,2099,2121
2096: 2290,571
2097: 2161,2198,2199,2260,2145,2358,2173
2098: 2042,2076,568,2236,2043,2198,2145,2074,2030,2141
2099: 2121,2228,2038,2227,2229,2114,2095,2570
2101: 2034,506
2641: 2593,1891,1793,2631,2572,2624
2202: 2142,2278,2190,2346,2231,2270,2318,2316,2180,2317,2353,1961,2235,2112,2205,2167,2122,2169,2177,2120,2103,2147,2143,2144,2130
2110: 2234,2159,2283,2323,2312,2300,2253,2246,2216,2240,2381,2245,2347,2244,2107,2150,2261,2339,2282,2337,2094,1994,2184,2181,2149,2258,2272,2091
2201: 2272,2091,2140,2261,2339,2337,2094,2089,2345,2181,2258,2045,2204,2132,2280,2139,2279,2237,2281,2115,2076,568,2236,2043
2112: 2226,2155,2353,1961,2235,2205,2178,2315,2313,2319,2341,2156,2314,2321,2154,2318,2316,2180,2317,2238,2225,2202,2142,2278,2122,2169,2177,2247,2248,2256,2162,2129,2249
2114: 2137,2120,2135,2077,2147,1982,2143,2093,2144,2160,2228,2038,2227,2113,2134,2080,2099,2121,2054
2115: 2170,2127,2187,2181,2149,2258,2045,2204,2272,2091,2140,2201,2012,2076,2049,2090,2075
2116: 1985
2117: 2206,434,916
2119: 2026
2120: 2103,2210,2167,2202,2142,2278,2232,2135,2077,2147,1982,2143,2104,2164,2228,2038,2227,2114
2121: 2099,2228,2038,2227,2229,2137,2114,2095,2570
2122: 2169,2177,2318,2316,2180,2317,2155,2353,1961,2235,2112,2205,2225,2202,2142,2278,2247,2248,2256,2162,2129,2135,2077,2147,1982,2143,2093,2144,2160,2130,2163,2062
2123: 2586,572
2238: 2251,2131,2225,2250,2319,2341,2420,2156,2314,2321,2322,2309,2308,2016,2154,2331,2330,2214,2218,2289,2226,2155,2353,1961,2235,2112,2205,2219,2288,2252,2312,2177,2247,2248,2256,2129,2249,2107
2129: 2247,2259,2248,2256,2162,2249,2226,2155,2353,1961,2235,2112,2205,2238,2251,2131,2225,2250,2219,2288,2252,2312,2122,2169,2177,2107,2150,2185,2138,2144,2130,2163,2062,2175,2183
2130: 2093,2144,2160,2202,2142,2278,2122,2169,2177,2247,2259,2248,2256,2162,2129,2249,2135,2147,1982,2143,2163,2062,2175,2137,2113,2134,2133
2131: 2238,2251,2225,2250,2341,2420,2156,2322,2309,2308,2016,2154,2331,2330,2214,2218,2289,2226,2155,2353,2235,2219,2288,2252,2312,2300,2177,2247,2259,2248,2256,2162,2129,2249,2107,2150,2138
2134: 2113,2080,2135,2077,2147,1982,2143,2093,2144,2160,2130,2163,2062,2137,2114,2092,2037,2133,2054,2063
2135: 2077,2147,1982,2143,2142,2122,2169,2177,2120,2093,2144,2160,2130,2228,2137,2114,2113,2134,2080
2258: 2181,2149,2045,2204,2107,2150,2185,2234,2159,2283,2110,2323,2261,2339,2282,2337,2094,2182,1994,2188,2186,2184,2187,2183,2272,2091,2140,2201,2012,2115,2170,2127,2076
2137: 2114,2135,2077,2147,1982,2143,2093,2144,2160,2130,2228,2113,2134,2080,2121,2054
2138: 2107,2150,2185,2131,2225,2250,2252,2312,2247,2259,2248,2256,2162,2129,2249,2283,2323,2163,2062,2175,2182,1994,2188,2186,2184,2187,2183,2064,2149
2139: 2132,2280,2279,2237,2281,2261,2339,2282,2337,2094,2089,2345,2404,2338,2002,2193,2405,2272,2091,2140,2201,2329,2197,2196,2191,568,2236,2043,2199,2260
2140: 2272,2091,2201,2261,2339,2282,2337,2094,2089,2345,2338,2181,2258,2045,2204,2132,2280,2139,2279,2237,2281,2115,2076,568,2236,2043
2141: 2098,2042,2074,2030
2142: 2202,2278,2190,2270,2318,2316,2180,2317,2155,2353,1961,2235,2112,2205,2167,2122,2169,2177,2120,2135,2077,2147,1982,2143,2144,2130
2148: 2224,2498,2499,926
2149: 2181,2258,2045,2204,2107,2150,2185,2138,2234,2159,2283,2110,2323,2261,2282,2337,2182,1994,2188,2186,2184,2187,2183,2064,2272,2091,2012,2115,2170,2127
2150: 2107,2185,2138,2131,2250,2219,2288,2252,2312,2300,2253,2246,2216,2247,2259,2256,2162,2129,2249,2234,2159,2283,2110,2323,2175,2182,1994,2188,2186,2184,2187,2183,2064,2181,2149,2258,2045,2204
2151: 2653,2529
2152: 2433,2512,2427,2487,2429,2480,2477,2456,2485,2377,2476,2475,2523,2461,2376,2417,2157,2465,2364,2357,2352,2414,2355,2310,2379,2419,2416,2365,2378,2265,915
2377: 2476,2475,2523,2487,2429,2480,2477,2456,2485,853,1677,2461,2376,2417,2157,2433,2512,2152,2427,2465,2364
2154: 2309,2308,2016,2357,2158,2355,2310,2419,2365,2265,915,2319,2341,2420,2156,2314,2321,2322,2331,2330,2214,2218,2289,2226,2155,2353,1961,2235,2112,2205,2238,2251,2131,2225,2250,2219,2288,2252
2155: 2226,2353,1961,2235,2112,2205,2178,2315,2313,2319,2341,2420,2156,2314,2321,2322,2309,2308,2016,2154,2318,2316,2180,2317,2238,2251,2131,2225,2250,2142,2278,2122,2177,2247,2248,2256,2129,2249
2156: 2319,2341,2420,2314,2321,2322,2406,2320,2356,2357,2158,2352,2414,2355,2310,2419,2365,2265,2178,2055,2315,2313,2400,2309,2308,2016,2154,2318,2316,2180,2226,2155,2353,1961,2235,2112,2205,2238,2251,2131,2225
2157: 2461,2376,2417,2487,2429,2480,2477,2456,2485,2377,2475,2466,2431,2402,2433,2512,2152,2427,2406,2320,2415,2356,2357,2158,2352,2414,2355,2310,2379,2419,2416,2365,2378,2265
2158: 2357,2352,2414,2355,2310,2379,2431,2461,2376,2417,2157,2406,2320,2415,2356,2403,2432,2419,2416,2365,2378,2265,2178,2055,2315,2313,2400,2319,2341,2420,2156,2314,2321,2322,2308,2154
2159: 2234,2283,2110,2323,2219,2252,2312,2300,2253,2246,2216,2240,2381,2245,2347,2244,2107,2150,2185,2261,2339,2282,2337,2094,2182,1994,2184,2187,2183,2181,2149,2258,2272,2091
2160: 2093,2144,2130,2122,2169,2177,2256,2162,2135,2077,2147,1982,2143,2163,2062,2175,2137,2114,2113,2134,2080,2092,2176,2037,2133
2161: 2097,2198,2199,2260,2145,2358,2173
2164: 2104,2232,2120,2103,2228,2038,2227,2229,2050,2087
2165: 2349,2212,2031,1976
2166: 2383,2385,2302,2443,2168,2399,2479,2306,2301,2305,2445,2348,2233,2389,2304,2307,2367,2208,2359,1997,2384,2105,2190,2346,2231,2270
2167: 2208,2359,1997,2384,2105,2190,2346,2231,2270,2318,2316,2180,2317,2210,2202,2142,2278,2232,2120,2103,2147,2143
2168: 2443,2556,2481,2482,2460,2458,2303,2459,2399,2479,1989,2445,2348,2233,2383,2166,2385,2302
2169: 2122,2177,2318,2316,2180,2317,2353,2235,2112,2205,2225,2202,2142,2278,2247,2248,2256,2162,2129,2135,2077,2147,1982,2143,2093,2144,2160,2130,2163,2062,2175
2170: 2115,2127,2182,1994,2188,2186,2184,2187,2183,2064,2181,2149,2258,2045,2204,2272,2091,2012,2076,2049,2108,2090,2075
2406: 2320,2415,2356,2403,2432,2431,2461,2417,2157,2306,2301,2305,2357,2158,2352,2414,2355,2310,2379,2389,2304,2307,2367,2178,2055,2315,2313,2400,2319,2341,2420,2156,2314,2321,2322
2658: 2614,2657,2630,2633,2662,2661,2663,2639,2611,2612,2638,2642
2173: 2358,2161,2097,2549,580
2174: 2455,2396
2175: 2163,2062,2169,2177,2247,2259,2248,2256,2162,2129,2249,2107,2150,2185,2138,2093,2144,2160,2130,2182,1994,2188,2186,2184,2187,2183,2064,2092,2176,2037,2133,2012
2176: 2092,2037,2133,2093,2160,2163,2062,2175,2182,2188,2186,2187,2064,2113,2080,2012,2054,2032,2063,2049,2108
2177: 2122,2169,2318,2316,2180,2317,2226,2155,2353,1961,2235,2112,2205,2238,2251,2131,2225,2202,2142,2278,2247,2259,2248,2256,2162,2129,2249,2135,1982,2143,2093,2144,2160,2130,2163,2062,2175
2178: 2055,2315,2313,2400,2406,2320,2356,2357,2158,2414,2355,2310,2389,2304,2307,2319,2341,2420,2156,2314,2321,2322,2190,2270,2318,2316,2180,2317,2226,2155,2353,1961,2235,2112,2205
2179: 2471,2522,2547,2484,2430,2548,2434,2530,2524,2460,2458,2303,2466,2431,2402,2459,2399,2479,1989,2306,2301,2305,2403,2432
2180: 2318,2316,2317,2389,2304,2367,2178,2055,2315,2313,2400,2319,2156,2314,2321,2190,2346,2231,2270,2226,2155,2353,1961,2235,2112,2205,2167,2202,2142,2278,2122,2169,2177
2181: 2149,2258,2045,2204,2107,2150,2185,2234,2159,2283,2110,2323,2261,2339,2282,2337,2094,2182,1994,2188,2186,2184,2187,2183,2272,2091,2140,2201,2012,2115,2170,2127,2076
2182: 1994,2188,2186,2184,2187,2183,2064,2259,2256,2162,2107,2150,2185,2138,2234,2159,2283,2323,2062,2175,2181,2149,2258,2045,2204,2176,2133,2012,2170,2127
2183: 2182,1994,2188,2186,2184,2187,2064,2247,2259,2256,2162,2129,2249,2107,2150,2185,2138,2234,2159,2283,2323,2163,2062,2175,2181,2149,2258,2045,2204,2133,2012,2170,2127
2184: 2182,1994,2188,2186,2187,2183,2064,2259,2256,2162,2249,2107,2150,2185,2138,2234,2159,2283,2110,2323,2175,2181,2149,2258,2045,2204,2012,2170,2127
2185: 2107,2150,2138,2250,2252,2312,2253,2247,2259,2248,2256,2162,2129,2249,2234,2159,2283,2323,2163,2062,2175,2182,1994,2188,2186,2184,2187,2183,2064,2181,2149,2258,2045,2204
2186: 2182,1994,2188,2184,2187,2183,2064,2259,2256,2162,2107,2150,2185,2138,2234,2283,2323,2163,2062,2175,2181,2149,2258,2045,2204,2176,2133,2012,2170,2127
2187: 2182,1994,2188,2186,2184,2183,2064,2259,2107,2150,2185,2138,2234,2159,2283,2323,2175,2181,2149,2258,2045,2204,2176,2012,2115,2170,2127
2188: 2182,1994,2186,2184,2187,2183,2064,2259,2256,2162,2107,2150,2185,2138,2323,2163,2062,2175,2181,2149,2258,2045,2204,2092,2176,2037,2133,2012,2170,2127
2189: 2255,2579,1991,977,1886,1867,995,1913,502
2191: 2329,2197,2196,2089,2345,2404,2338,2002,2193,2405,2332,2395,2391,2066,2132,2280,2139,2279,2237,2281,2335,2271,2254,568,2199,2260
2622: 2660,493,2628,2665,2656,2651,2576,2666,2606,2667
2193: 2002,2405,2275,2382,2437,2340,2277,2435,2195,2089,2345,2404,2338,2332,2395,2391,2066,2132,2280,2139,2279,2237,2281,2329,2197,2196,2191,2335,2271,2254
2344: 2275,2408,2382,2243,2325,2324,2241,2044,2046,2386,2242,2425,2423,2424,2240,2381,2245,2347,2244,2437,2340,2277,2339,2094,2404,2338,2405
2195: 2435,2425,2423,2437,2340,2277,2002,2193,2405,2332,2395,2391,2066,2422,2474
2196: 2329,2197,2191,2089,2345,2404,2002,2193,2405,2332,2395,2391,2066,2132,2280,2139,2279,2237,2281,2335,2271,2254,568,2199,2260
2197: 2329,2196,2191,2002,2193,2332,2395,2066,2132,2280,2139,2279,2237,2281,2335,2271,2254,568,2198,2199,2260
2198: 2199,2260,2132,2237,2329,2197,2254,568,2236,2043,2098,2042,2145,2161,2097
2199: 2198,2260,2132,2139,2279,2237,2281,2329,2197,2196,2191,2335,2271,2254,568,2236,2043,2145,2161,2097
2343: 2436,485
2203: 2393
2204: 2181,2149,2258,2045,2150,2185,2234,2323,2261,2337,2182,1994,2188,2186,2184,2187,2183,2064,2272,2091,2140,2201,2012,2115,2170,2127,2076
2205: 2226,2155,2353,1961,2235,2112,2178,2315,2313,2319,2341,2156,2314,2321,2154,2318,2316,2180,2317,2238,2225,2202,2142,2278,2122,2169,2177,2247,2248,2256,2162,2129
2206: 2117,916
2207: 2213,2211,2426,2366,2359,1997,2210,2031,1976,2232
2208: 2359,1997,2384,2105,2348,2233,2383,2166,2385,2302,2389,2304,2307,2367,2190,2346,2231,2270,2213,2211,2210,2167
2209: 2446,2448,2447,455
2210: 2208,2359,1997,2105,2190,2346,2231,2270,2213,2207,2211,2167,2232,2120,2103
2211: 2213,2207,2426,2366,2208,2359,1997,2210,2031,1976,2232
2212: 2426,2418,2366,2165,2349,2031,1976
2213: 2207,2211,2426,2366,2208,2359,1997,2210,2031,1976,2232
2214: 2331,2330,2267,2218,2289,2365,2265,2263,2333,915,2409,2309,2308,2016,2154,2374,2215,2351,2299,2311,2024,2238,2251,2131,2225,2250,2219,2288,2252,2312,2300,2253,2246,2216
2215: 2374,2351,2299,2311,2024,2263,2333,2394,2262,2409,2293,2331,2214,2267,2243,2325,2324,2241,2044,2219,2288,2312,2300,2253,2246,2216,2240,2381,2245,2347,2244
2216: 2253,2246,2331,2330,2214,2267,2218,2289,2374,2215,2351,2299,2311,2024,2243,2325,2044,2219,2288,2252,2312,2300,2240,2381,2347,2244,2107,2150,2234,2159,2283,2110,2323,2282
2217: 2362,2293,2040,2392,2454,2410,2266,2334,2361,2373,2505,2294,2363,2411,2394,2262,2292,2439,2243,2325,2324,2241,2046
2218: 2331,2330,2214,2267,2289,2419,2416,2365,2378,2265,2263,2333,915,2409,2309,2308,2016,2154,2374,2299,2311,2024,2238,2251,2131,2225,2250,2219,2288,2252,2312,2300,2216
2219: 2288,2252,2312,2300,2309,2308,2016,2154,2331,2330,2214,2267,2218,2289,2215,2351,2311,2024,2238,2251,2131,2225,2250,2253,2246,2216,2247,2248,2129,2249,2107,2150,2159,2283
2353: 2226,2155,1961,2235,2112,2205,2178,2055,2315,2313,2319,2341,2420,2156,2314,2321,2322,2308,2154,2318,2316,2180,2317,2238,2251,2131,2225,2202,2142,2278,2122,2169,2177,2247,2248,2129
2223: 2072,940,583,2580,1939
2224: 2148,2498,2499
2225: 2238,2251,2131,2250,2319,2341,2420,2156,2314,2321,2322,2309,2308,2016,2154,2331,2330,2214,2218,2289,2226,2155,2353,1961,2235,2112,2205,2219,2288,2252,2312,2122,2169,2177,2247,2259,2248,2256,2162,2129,2249,2107,2138
2226: 2155,2353,1961,2235,2112,2205,2178,2315,2313,2319,2341,2420,2156,2314,2321,2322,2309,2308,2016,2154,2318,2316,2180,2238,2251,2131,2225,2250,2177,2247,2248,2256,2129,2249
2227: 2228,2038,2229,2232,2120,2103,2077,2147,2104,2164,2114,2099,2121
2228: 2038,2227,2229,2232,2120,2103,2135,2077,2147,2104,2164,2137,2114,2099,2121
2229: 2228,2038,2227,2103,2077,2147,2104,2164,2099,2121
2437: 2340,2277,2242,2425,2423,2424,2344,2382,2435,2195,2404,2002,2193,2405,2332,2391
2231: 2190,2346,2270,2383,2166,2385,2302,2389,2304,2307,2367,2208,2359,1997,2384,2105,2318,2316,2180,2317,2210,2167,2202,2278
2235: 2226,2155,2353,1961,2112,2205,2178,2313,2319,2341,2420,2156,2314,2321,2322,2309,2308,2016,2154,2318,2316,2180,2317,2238,2251,2131,2225,2250,2202,2142,2278,2122,2169,2177,2247,2248,2256,2162,2129,2249
2236: 568,2043,2272,2091,2140,2201,2132,2280,2139,2279,2237,2076,2198,2199,2260,2098,2042,2145
2237: 2132,2280,2139,2279,2281,2339,2094,2089,2345,2404,2338,2002,2193,2405,2272,2091,2140,2201,2329,2197,2196,2191,568,2236,2043,2198,2199,2260
2599: 2632,2603,2567,2618,2582,1899,2616,2600,2598,2562,2637
2240: 2381,2245,2347,2244,2215,2351,2243,2325,2324,2241,2044,2386,2253,2246,2216,2275,2344,2408,2382,2234,2159,2283,2110,2323,2261,2339,2282,2337,2094,2089,2345,2404,2338
2241: 2243,2325,2324,2044,2262,2362,2293,2217,2292,2439,2374,2215,2351,2299,2311,2046,2386,2246,2240,2381,2245,2347,2244,2275,2344,2408,2382
2242: 2425,2423,2424,2292,2439,2438,2291,2388,490,2046,2386,2344,2408,2382,2437,2340,2277
2243: 2325,2324,2241,2044,2394,2262,2409,2362,2293,2217,2292,2439,2374,2215,2351,2299,2311,2024,2046,2386,2246,2216,2240,2381,2245,2244,2344,2408
2244: 2240,2381,2245,2347,2374,2215,2351,2299,2311,2024,2243,2325,2324,2241,2044,2046,2386,2253,2246,2216,2275,2344,2408,2234,2159,2283,2110,2339,2282,2094,2338
2245: 2240,2381,2347,2244,2215,2351,2243,2325,2324,2241,2044,2046,2386,2253,2246,2275,2344,2408,2382,2234,2159,2110,2261,2339,2282,2337,2094,2089,2345,2404,2338
2246: 2253,2216,2214,2374,2215,2351,2299,2311,2024,2243,2325,2324,2241,2044,2219,2288,2312,2300,2240,2381,2245,2347,2244,2107,2150,2234,2159,2283,2110,2323,2261,2339,2282,2337,2094
2247: 2259,2248,2256,2162,2129,2249,2226,2155,2353,2235,2112,2205,2238,2251,2131,2225,2250,2219,2288,2252,2312,2122,2169,2177,2107,2150,2185,2138,2130,2163,2062,2175,2183
2248: 2247,2259,2256,2162,2129,2249,2226,2155,2353,1961,2235,2112,2205,2238,2251,2131,2225,2250,2219,2252,2122,2169,2177,2107,2185,2138,2144,2130,2163,2062,2175
2249: 2247,2259,2248,2256,2162,2129,2226,2155,2235,2112,2238,2251,2131,2225,2250,2219,2288,2252,2312,2300,2177,2107,2150,2185,2138,2130,2163,2062,2175,1994,2184,2183
2250: 2238,2251,2131,2225,2341,2309,2308,2016,2154,2331,2330,2214,2218,2289,2226,2155,2235,2219,2288,2252,2312,2300,2247,2259,2248,2256,2162,2129,2249,2107,2150,2185,2138
2251: 2238,2131,2225,2250,2341,2420,2156,2322,2309,2308,2016,2154,2331,2330,2214,2218,2289,2226,2155,2353,1961,2235,2219,2288,2252,2312,2300,2177,2247,2248,2256,2162,2129,2249,2107
2252: 2219,2288,2312,2300,2309,2308,2016,2154,2331,2330,2214,2218,2289,2311,2024,2238,2251,2131,2225,2250,2253,2216,2247,2259,2248,2256,2162,2129,2249,2107,2150,2185,2138,2159,2283
2253: 2246,2216,2331,2214,2374,2215,2351,2311,2024,2044,2219,2288,2252,2312,2300,2240,2381,2245,2347,2244,2107,2150,2185,2234,2159,2283,2110,2323,2261,2282,2337,2094
2254: 2335,2271,2002,2193,2332,2395,2391,2066,2422,2474,2329,2197,2196,2191,2198,2199,2260
2256: 2247,2259,2248,2162,2129,2249,2226,2155,2235,2112,2205,2238,2251,2131,2225,2250,2252,2122,2169,2177,2107,2150,2185,2138,2093,2144,2160,2130,2163,2062,2175,2182,1994,2188,2186,2184,2183,2064
2650: 2516,2559,2528,1951,2648,1933,2560,2539,2649,2501
2259: 2247,2248,2256,2162,2129,2249,2131,2225,2250,2252,2177,2107,2150,2185,2138,2093,2144,2130,2163,2062,2175,2182,1994,2188,2186,2184,2187,2183,2064
2260: 2198,2199,2132,2280,2139,2279,2237,2281,2329,2197,2196,2191,2335,2271,2254,568,2236,2043,2145,2161,2097
2262: 2394,2409,1671,2040,2392,1700,2454,2410,2266,2334,2361,2263,2333,915,2362,2293,2217,2267,2374,2215,2351,2299,2311,2024,2243,2325,2324,2241
2263: 2333,915,2465,1671,2364,2040,2392,1700,2410,2365,2265,2394,2262,2409,2331,2330,2214,2267,2218,2374,2215,2299,2311,2024
2600: 2598,2562,2582,1899,1926,2599,2632,2603,2528
2265: 2419,2416,2365,2378,2376,2157,2433,2152,2364,2357,2158,2352,2414,2355,2310,2379,2263,2333,915,2319,2341,2420,2156,2321,2322,2309,2308,2016,2154,2331,2330,2214,2267,2218,2289
2266: 2334,2361,2488,2464,2268,2463,2462,2040,2392,1700,2454,2410,2373,2505,2363,2411,2394,2262,2409,2362,2293,2217,2292,2439
2267: 2331,2330,2214,2218,2289,2416,2365,2378,2265,2263,2333,915,2394,2262,2409,2309,2308,2016,2374,2215,2351,2299,2311,2024,2219,2288,2300,2216
2268: 2463,2462,2488,2464,2441,2392,1700,2454,2410,2266,2334,2361,2373,2505,2294,2363
2307: 2389,2304,2367,2459,2399,2479,1989,2306,2301,2305,2406,2320,2415,2356,2403,2432,2383,2166,2385,2302,2178,2055,2315,2313,2400,2208,2359,2384,2105,2190,2346,2231,2270
2270: 2190,2346,2231,2166,2302,2389,2304,2307,2367,2178,2055,2315,2313,2400,2208,2359,1997,2384,2105,2318,2316,2180,2317,2210,2167,2202,2142,2278
2271: 2335,2254,2002,2193,2405,2332,2395,2391,2066,2422,2474,2329,2197,2196,2191,2199,2260
2272: 2091,2140,2201,2234,2159,2110,2323,2261,2339,2282,2337,2094,2089,2345,2338,2181,2149,2258,2045,2204,2132,2280,2139,2279,2237,2281,2115,2170,2127,2076,568,2236,2043
2469: 2587,2588,2591,2617,2635,2625
2274: 2146,926
2275: 2344,2408,2382,2324,2241,2044,2046,2386,2240,2381,2245,2347,2244,2340,2277,2261,2339,2282,2337,2094,2089,2345,2404,2338,2002,2193,2405
2669: 2670,2490
2277: 2437,2340,2242,2425,2423,2275,2344,2408,2382,2435,2195,2089,2345,2404,2338,2002,2193,2405,2332,2395,2391,2066
2278: 2202,2142,2190,2346,2231,2270,2318,2316,2180,2317,2155,2353,1961,2235,2112,2205,2167,2122,2169,2177,2120,2147,2143,2144,2130
2279: 2132,2280,2139,2237,2281,2261,2339,2282,2337,2094,2089,2345,2404,2338,2002,2193,2405,2272,2091,2140,2201,2329,2197,2196,2191,568,2236,2043,2199,2260
2280: 2132,2139,2279,2237,2281,2261,2339,2282,2337,2094,2089,2345,2404,2338,2002,2193,2272,2091,2140,2201,2197,2196,2191,568,2236,2043,2260
2282: 2342,2261,2339,2337,2094,2253,2246,2216,2240,2381,2245,2347,2244,2275,2234,2159,2283,2110,2323,2089,2345,2404,2338,2181,2149,2258,2272,2091,2140,2280,2139,2279
2283: 2234,2159,2110,2323,2219,2288,2252,2312,2300,2253,2246,2216,2240,2347,2244,2107,2150,2185,2138,2282,2337,2182,1994,2186,2184,2187,2183,2181,2149,2258
2345: 2089,2404,2338,2240,2381,2245,2347,2275,2382,2277,2261,2339,2282,2337,2094,2002,2193,2405,2272,2091,2140,2201,2132,2280,2139,2279,2237,2281,2196,2191
2285: 2592,2495,2550,2514,2467,2585,2573,2543,2398
2286: 2545,2584
2287: 2519
2288: 2219,2252,2312,2300,2309,2308,2016,2154,2331,2330,2214,2267,2218,2289,2374,2215,2351,2311,2024,2238,2251,2131,2225,2250,2253,2246,2216,2247,2129,2249,2107,2150,2283
2290: 2096,571
2291: 2438,2388,2294,2411,2497,2452,2439,2544,2451,490,2242,2425,2423,2424
2292: 2439,2266,2361,2373,2505,2294,2363,2411,2362,2293,2217,2438,2243,2325,2324,2241,2044,2046,2386,2242,2423,2424
2293: 2362,2217,2040,2392,2410,2266,2361,2373,2363,2411,2394,2262,2409,2292,2439,2374,2215,2351,2299,2311,2243,2325,2324,2241,2044,2046,2386
2294: 2373,2505,2363,2411,2268,2463,2462,2441,2507,2361,2497,2217,2292,2439,2438,2291
2601: 2514,2467,2550,2585,2573,2543,2398,2588,2574
2543: 2585,2573,2398,2550,2285,2592,2495,2514,2601,2467,2574,2627,2590
2439: 2292,2266,2361,2373,2505,2294,2363,2411,2362,2293,2217,2438,2291,2388,2243,2325,2324,2241,2046,2386,2242,2423,2424
2525: 2371,1832,1790,2396
2299: 2374,2215,2351,2311,2024,2263,2333,2394,2262,2409,2362,2293,2331,2214,2267,2218,2243,2325,2324,2241,2044,2300,2246,2216,2381,2244
2300: 2219,2288,2252,2312,2309,2331,2330,2214,2267,2218,2289,2374,2215,2351,2299,2311,2024,2251,2131,2250,2253,2246,2216,2249,2107,2150,2234,2159,2283,2110
2301: 2306,2305,2460,2458,2303,2179,2431,2459,2399,2479,1989,2406,2320,2415,2356,2403,2432,2383,2166,2385,2302,2389,2304,2307,2367,2055,2315,2400
2302: 2383,2166,2385,2443,2168,2459,2399,2479,1989,2306,2301,2305,2445,2348,2233,2389,2304,2307,2367,2208,2359,1997,2384,2105,2190,2346,2231,2270
2303: 2460,2458,2555,2483,2471,2522,2547,2484,2430,2556,2481,2482,2179,2168,2459,2399,2479,1989,2306,2301
2304: 2389,2307,2367,2306,2301,2305,2406,2320,2432,2383,2166,2385,2302,2178,2055,2315,2313,2400,2208,2359,2384,2105,2190,2346,2231,2270,2318,2316,2180,2317
2305: 2306,2301,2460,2458,2179,2431,2459,2399,2479,1989,2406,2320,2415,2356,2403,2432,2383,2166,2385,2302,2389,2304,2307,2367,2055,2315,2313,2400
2306: 2301,2305,2460,2458,2303,2179,2466,2431,2402,2459,2399,2479,1989,2406,2320,2415,2356,2403,2432,2383,2166,2385,2302,2389,2304,2307,2367,2055,2315,2313,2400
2308: 2309,2016,2154,2357,2158,2352,2414,2355,2310,2379,2419,2416,2365,2378,2265,2333,915,2319,2341,2420,2156,2314,2321,2322,2331,2330,2214,2267,2218,2289,2226,2155,2353,1961,2235,2238,2251,2131,2225,2250,2219,2288,2252
2309: 2308,2016,2154,2357,2310,2419,2365,2378,2265,2333,915,2319,2341,2420,2156,2321,2322,2331,2330,2214,2267,2218,2289,2226,2155,2235,2238,2251,2131,2225,2250,2219,2288,2252,2312,2300
2310: 2357,2158,2352,2414,2355,2379,2431,2461,2376,2417,2157,2433,2152,2406,2320,2415,2356,2419,2416,2365,2378,2265,2178,2319,2341,2420,2156,2321,2322,2309,2308,2016,2154
2313: 2178,2055,2315,2400,2306,2305,2406,2320,2415,2356,2357,2158,2414,2355,2389,2304,2307,2319,2341,2420,2156,2314,2321,2322,2190,2270,2318,2316,2180,2317,2226,2155,2353,1961,2235,2112,2205
2314: 2319,2341,2420,2156,2321,2322,2406,2320,2357,2158,2355,2178,2055,2315,2313,2400,2308,2154,2318,2316,2180,2317,2226,2155,2353,1961,2235,2112,2205,2238,2225
2315: 2178,2055,2313,2400,2306,2301,2305,2406,2320,2415,2356,2403,2432,2357,2158,2414,2355,2389,2304,2307,2367,2319,2341,2420,2156,2314,2321,2322,2190,2270,2318,2316,2180,2317,2226,2155,2353,1961,2112,2205
2316: 2318,2180,2317,2389,2304,2367,2178,2055,2315,2313,2400,2319,2341,2156,2314,2321,2190,2346,2231,2270,2226,2155,2353,1961,2235,2112,2205,2167,2202,2142,2278,2122,2169,2177
2317: 2318,2316,2180,2389,2304,2367,2178,2055,2315,2313,2400,2319,2314,2190,2346,2231,2270,2155,2353,1961,2235,2112,2205,2167,2202,2142,2278,2122,2169,2177
2318: 2316,2180,2317,2389,2304,2367,2178,2055,2315,2313,2400,2319,2341,2420,2156,2314,2321,2190,2346,2231,2270,2226,2155,2353,1961,2235,2112,2205,2167,2202,2142,2278,2122,2169,2177
2319: 2341,2420,2156,2314,2321,2322,2406,2320,2415,2356,2403,2432,2357,2158,2352,2414,2355,2310,2379,2419,2365,2265,2178,2055,2315,2313,2400,2309,2308,2016,2154,2318,2316,2180,2317,2226,2155,2353,1961,2235,2112,2205,2238,2225
2320: 2406,2415,2356,2403,2432,2431,2461,2417,2157,2306,2301,2305,2357,2158,2352,2414,2355,2310,2379,2389,2304,2307,2178,2055,2315,2313,2400,2319,2341,2420,2156,2314,2321,2322
2322: 2319,2341,2420,2156,2314,2321,2406,2320,2415,2356,2357,2158,2352,2414,2355,2310,2379,2419,2416,2365,2378,2265,2178,2315,2313,2309,2308,2016,2154,2226,2155,2353,1961,2235,2238,2251,2131,2225
2323: 2234,2159,2283,2110,2312,2253,2246,2216,2240,2347,2107,2150,2185,2138,2261,2339,2282,2337,2094,2182,1994,2188,2186,2184,2187,2183,2064,2181,2149,2258,2045,2204,2272,2091
2324: 2243,2325,2241,2044,2262,2362,2293,2217,2292,2439,2374,2215,2351,2299,2046,2386,2246,2240,2381,2245,2347,2244,2275,2344,2408,2382
2325: 2243,2324,2241,2044,2394,2262,2409,2362,2293,2217,2292,2439,2374,2215,2351,2299,2311,2024,2046,2386,2246,2216,2240,2381,2245,2244,2344,2408
2523: 2377,2476,2475,2487,2429,2480,2477,2456,2485,853,1677,2376,2433,2512,2152,2427,2465,2364
2407: 2565,2442,589,1773,2350,2551
2567: 2628,2656,2618,2582,2616,2599,2632
2329: 2197,2196,2191,2002,2193,2332,2395,2066,2132,2139,2279,2237,2281,2335,2271,2254,568,2198,2199,2260
2330: 2331,2214,2267,2218,2289,2419,2416,2365,2378,2265,2263,2333,915,2409,2309,2308,2016,2154,2374,2311,2024,2238,2251,2131,2225,2250,2219,2288,2252,2312,2300,2216
2331: 2330,2214,2267,2218,2289,2365,2265,2263,2333,915,2409,2309,2308,2016,2154,2374,2215,2351,2299,2311,2024,2238,2251,2131,2225,2250,2219,2288,2252,2312,2300,2253,2216
2332: 2395,2391,2066,2437,2340,2277,2435,2195,2002,2193,2405,2422,2474,2329,2197,2196,2191,2335,2271,2254
2333: 2263,915,2040,2392,2365,2378,2265,2394,2262,2409,2309,2308,2016,2331,2330,2214,2267,2218,2289,2374,2215,2351,2299,2311,2024
2334: 2266,2361,2488,2464,2268,2463,2462,2040,2392,1700,2454,2410,2373,2505,2363,2394,2262,2362,2217
2335: 2271,2254,2002,2193,2405,2332,2395,2391,2066,2422,2474,2329,2197,2196,2191,2199,2260
2336: 2070
2337: 2342,2261,2339,2282,2094,2253,2246,2240,2381,2245,2347,2275,2234,2159,2283,2110,2323,2089,2345,2338,2181,2149,2258,2045,2204,2272,2091,2140,2201,2280,2139,2279,2281
2338: 2089,2345,2404,2240,2381,2245,2347,2244,2275,2344,2408,2382,2277,2342,2261,2339,2282,2337,2094,2002,2193,2405,2272,2091,2140,2132,2280,2139,2279,2237,2281,2191
2339: 2342,2261,2282,2337,2094,2246,2240,2381,2245,2347,2244,2275,2344,2408,2382,2234,2159,2110,2323,2089,2345,2404,2338,2181,2258,2272,2091,2140,2201,2132,2280,2139,2279,2237,2281
2340: 2437,2277,2242,2425,2423,2424,2275,2344,2408,2382,2435,2195,2404,2002,2193,2405,2332,2391
2341: 2319,2420,2156,2314,2321,2322,2406,2320,2357,2158,2352,2414,2355,2310,2379,2419,2365,2265,2178,2055,2315,2313,2309,2308,2016,2154,2318,2316,2226,2155,2353,1961,2235,2112,2205,2238,2251,2131,2225,2250
2342: 2261,2339,2282,2337,2094,2347,2234,2338
2348: 2445,2233,2443,2168,2399,2479,2383,2166,2385,2302,2426,2418,2366,2208,2359,1997,2384,2105
2349: 2165,2212,2031,1976
2350: 1773,918,2545,2584,2407,2449,2595,2596
2351: 2374,2215,2299,2311,2024,2333,2262,2409,2293,2331,2214,2267,2289,2243,2325,2324,2241,2044,2219,2288,2312,2300,2253,2246,2216,2240,2381,2245,2347,2244
2352: 2357,2158,2414,2355,2310,2379,2466,2431,2402,2461,2376,2417,2157,2433,2512,2152,2427,2406,2320,2415,2356,2403,2432,2419,2416,2365,2378,2265,2319,2341,2420,2156,2321,2322,2308
2590: 2627,2585,2573,2543,2574,2626,2575
2355: 2357,2158,2352,2414,2310,2379,2431,2461,2376,2417,2157,2433,2152,2406,2320,2415,2356,2403,2432,2419,2416,2365,2378,2265,2178,2055,2315,2313,2400,2319,2341,2420,2156,2314,2321,2322,2308,2016,2154
2356: 2406,2320,2415,2403,2432,2466,2431,2402,2461,2376,2417,2157,2306,2301,2305,2357,2158,2352,2414,2355,2310,2379,2307,2178,2055,2315,2313,2400,2319,2420,2156,2321,2322
2357: 2158,2352,2414,2355,2310,2379,2431,2461,2376,2417,2157,2152,2406,2320,2415,2356,2419,2416,2365,2378,2265,2178,2055,2315,2313,2400,2319,2341,2420,2156,2314,2321,2322,2309,2308,2016,2154
2358: 2173,2161,2097,2549,580
2359: 2208,1997,2384,2105,2348,2233,2383,2166,2385,2302,2389,2304,2307,2367,2190,2346,2231,2270,2213,2207,2211,2210,2167
2360: 2503,900,2491,2444
2361: 2266,2334,2268,2463,2462,2392,2454,2410,2373,2505,2294,2363,2411,2394,2262,2362,2293,2217,2292,2439
2362: 2293,2217,2040,2392,2454,2410,2266,2334,2361,2373,2505,2363,2411,2394,2262,2292,2439,2299,2243,2325,2324,2241,2046
2363: 2373,2505,2294,2411,2268,2463,2462,2266,2334,2361,2362,2293,2217,2292,2439,2438
2364: 2465,1671,2377,2476,2475,2523,853,1677,2488,2464,2433,2512,2152,2427,2040,2392,1700,2416,2378,2265,2263,915
2365: 2419,2416,2378,2265,2157,2433,2152,2357,2158,2352,2414,2355,2310,2379,2263,2333,915,2319,2341,2420,2156,2321,2322,2309,2308,2016,2154,2331,2330,2214,2267,2218,2289
2366: 2426,2418,2348,2233,2212,2213,2207,2211
2367: 2389,2304,2307,2399,2306,2301,2305,2406,2383,2166,2385,2302,2055,2315,2400,2208,2359,1997,2384,2105,2190,2346,2231,2270,2318,2316,2180,2317
2369: 2473,2069,911
2370: 512,2521,582,434
2371: 2525,1832,1790,2396
2485: 2487,2429,2480,2477,2456,2524,2222,2377,2475,2523,2466,2431,2402,2461,2376,2417,2157,2433,2512,2152,2427
2373: 2505,2294,2363,2411,2268,2463,2462,2441,2507,2266,2334,2361,2362,2293,2217,2292,2439
2374: 2215,2351,2299,2311,2024,2263,2333,2394,2262,2409,2293,2331,2330,2214,2267,2218,2243,2325,2324,2241,2044,2288,2300,2253,2246,2216,2244
2555: 2483,2471,2522,588,2556,2481,2482,2303
2376: 2461,2417,2157,2524,2222,2487,2429,2480,2477,2456,2485,2377,2476,2475,2523,2466,2431,2402,2433,2512,2152,2427,2415,2356,2357,2158,2352,2414,2355,2310,2379,2419,2416,2378,2265
2378: 2419,2416,2365,2265,2376,2417,2157,2433,2512,2152,2427,2465,2364,2357,2158,2352,2414,2355,2310,2379,2333,915,2420,2321,2322,2309,2308,2016,2330,2267,2218
2379: 2357,2158,2352,2414,2355,2310,2466,2431,2402,2461,2376,2417,2157,2433,2512,2152,2427,2406,2320,2415,2356,2419,2416,2365,2378,2265,2319,2341,2420,2321,2322,2308,2016
2477: 2487,2429,2480,2456,2485,2524,2222,2377,2476,2475,2523,2466,2402,2461,2376,2157,2433,2512,2152,2427
2381: 2240,2245,2347,2244,2215,2351,2299,2243,2325,2324,2241,2044,2046,2386,2253,2246,2216,2275,2344,2408,2382,2234,2159,2110,2261,2339,2282,2337,2094,2089,2345,2404,2338
2382: 2275,2344,2408,2324,2241,2044,2046,2386,2242,2425,2423,2424,2240,2381,2245,2347,2437,2340,2277,2339,2094,2089,2345,2404,2338,2002,2193,2405
2383: 2166,2385,2302,2443,2168,2399,2479,2306,2301,2305,2445,2348,2233,2389,2304,2307,2367,2208,2359,1997,2384,2105,2346,2231
2384: 2208,2359,1997,2105,2445,2348,2233,2383,2166,2385,2302,2389,2304,2307,2367,2190,2346,2231,2270,2167
2385: 2383,2166,2302,2443,2168,2459,2399,2479,1989,2306,2301,2305,2445,2348,2233,2389,2304,2307,2367,2208,2359,1997,2384,2105,2346,2231
2386: 2046,2293,2292,2439,2438,2388,2243,2325,2324,2241,2044,2242,2425,2423,2424,2240,2381,2245,2244,2275,2344,2408,2382
2466: 2431,2402,2548,2434,2530,2524,2222,2487,2429,2480,2477,2456,2485,2179,2461,2376,2417,2157,2306,2415,2356,2403,2432,2352,2414,2379
2388: 2438,2291,2411,2497,2452,2439,2544,2451,490,2046,2386,2242,2425,2423,2424
2389: 2304,2307,2367,2306,2301,2305,2406,2320,2403,2432,2383,2166,2385,2302,2178,2055,2315,2313,2400,2208,2359,2384,2105,2190,2346,2231,2270,2318,2316,2180,2317
2524: 2222,2484,2548,2434,2530,2487,2429,2480,2477,2456,2485,2179,2466,2431,2402,2461,2376,2417
2391: 2332,2395,2066,2437,2340,2277,2435,2195,2002,2193,2405,2422,2474,2196,2191,2335,2271,2254
2392: 1701,2040,1700,2454,2410,853,1677,2488,2464,2268,2462,2465,1671,2364,2266,2334,2361,2263,2333,915,2394,2262,2409,2362,2293,2217
2393: 2203
2394: 2262,2409,2465,1671,2040,2392,1700,2454,2410,2266,2334,2361,2263,2333,915,2362,2293,2217,2267,2374,2215,2299,2311,2024,2243,2325
2395: 2332,2391,2066,2277,2435,2195,2002,2193,2405,2422,2474,2329,2197,2196,2191,2335,2271,2254
2396: 2525,2371,1790,2174,2455
2488: 2464,853,1677,2268,2463,2462,2465,1671,2364,2040,2392,1700,2454,2410,2266,2334
2398: 2585,2573,2543,2550,2285,2592,2495,2514,2601,2467,2574
2399: 2459,2479,1989,2556,2481,2482,2460,2458,2303,2179,2443,2168,2306,2301,2305,2445,2348,2233,2383,2166,2385,2302,2307,2367
2570: 2095,2099,2121
2402: 2466,2431,2484,2548,2434,2530,2524,2222,2487,2429,2480,2477,2456,2485,2179,2461,2376,2417,2157,2306,2415,2356,2403,2432,2352,2414,2379
2403: 2406,2320,2415,2356,2432,2179,2466,2431,2402,2461,2417,2306,2301,2305,2158,2352,2414,2355,2389,2307,2055,2315,2400,2319,2321
2404: 2089,2345,2338,2240,2381,2245,2347,2275,2344,2408,2382,2437,2340,2277,2339,2282,2094,2002,2193,2405,2132,2280,2139,2279,2237,2281,2196,2191
2405: 2002,2193,2275,2344,2408,2382,2437,2340,2277,2435,2195,2089,2345,2404,2338,2332,2395,2391,2066,2139,2279,2237,2281,2196,2191,2335,2271
2408: 2275,2344,2382,2243,2325,2324,2241,2044,2046,2386,2242,2425,2423,2424,2240,2381,2245,2347,2244,2340,2277,2339,2094,2404,2338,2405
2409: 2394,2262,2465,1671,2040,2392,1700,2410,2266,2263,2333,915,2293,2331,2330,2214,2267,2218,2374,2215,2351,2299,2311,2024,2243,2325
2410: 1701,2040,2392,1700,2454,2488,2464,2268,2463,2462,1671,2266,2334,2361,2263,2394,2262,2409,2362,2293,2217
2411: 2373,2505,2294,2363,2463,2507,2266,2361,2497,2362,2293,2217,2292,2439,2438,2291,2388
2593: 2641,1891,1793,2631,2572,2624
2560: 1933,2539,2559,2528,1951,2541,2516,2650,2504,1914,2501,2508,2668,1938
2414: 2357,2158,2352,2355,2310,2379,2466,2431,2402,2461,2376,2417,2157,2433,2152,2406,2320,2415,2356,2403,2432,2419,2416,2365,2378,2265,2178,2055,2315,2313,2400,2319,2341,2420,2156,2321,2322,2308,2016
2415: 2406,2320,2356,2403,2432,2466,2431,2402,2461,2376,2417,2157,2306,2301,2305,2357,2158,2352,2414,2355,2310,2379,2307,2055,2315,2313,2400,2319,2420,2321,2322
2416: 2419,2365,2378,2265,2461,2376,2417,2157,2433,2512,2152,2427,2465,2364,2357,2158,2352,2414,2355,2310,2379,915,2420,2322,2308,2016,2330,2267,2218
2417: 2461,2376,2157,2524,2222,2487,2429,2480,2456,2485,2377,2466,2431,2402,2433,2152,2406,2320,2415,2356,2403,2432,2357,2158,2352,2414,2355,2310,2379,2419,2416,2378
2418: 2426,2366,2348,2233,2212
2419: 2416,2365,2378,2265,2461,2376,2417,2157,2433,2152,2357,2158,2352,2414,2355,2310,2379,915,2319,2341,2420,2156,2321,2322,2309,2308,2016,2154,2330,2218
2420: 2319,2341,2156,2314,2321,2322,2406,2320,2415,2356,2357,2158,2352,2414,2355,2310,2379,2419,2416,2365,2378,2265,2178,2055,2315,2313,2309,2308,2016,2154,2318,2226,2155,2353,1961,2235,2238,2251,2131,2225
2422: 2474,2435,2195,2332,2395,2391,2066,2335,2271,2254
2423: 2242,2425,2424,2292,2439,2438,2291,2388,2544,2451,490,2046,2386,2344,2408,2382,2437,2340,2277,2195
2424: 2242,2425,2423,2292,2439,2438,2291,2388,2046,2386,2344,2408,2382,2437,2340
2425: 2242,2423,2424,2438,2291,2388,2544,2451,490,2046,2386,2344,2408,2382,2437,2340,2277,2435,2195
2426: 2418,2366,2348,2233,2212,2213,2207,2211
2427: 2433,2512,2152,2487,2429,2480,2477,2456,2485,2377,2476,2475,2523,853,1677,2376,2157,2465,1671,2364,2352,2379,2416,2378,915
2428: 2529,540
2429: 2487,2480,2477,2456,2485,2524,2222,2377,2476,2475,2523,2466,2431,2402,2461,2376,2417,2157,2433,2512,2152,2427
2430: 2484,2548,2434,2530,2471,2522,2547,2460,2458,2303,2179
2431: 2466,2402,2434,2530,2524,2222,2487,2429,2480,2456,2485,2179,2461,2376,2417,2157,2306,2301,2305,2406,2320,2415,2356,2403,2432,2357,2158,2352,2414,2355,2310,2379
2432: 2406,2320,2415,2356,2403,2179,2466,2431,2402,2461,2417,2306,2301,2305,2158,2352,2414,2355,2389,2304,2307,2055,2315,2400,2319,2321
2433: 2512,2152,2427,2487,2429,2480,2477,2456,2485,2377,2476,2475,2523,2461,2376,2417,2157,2465,2364,2352,2414,2355,2310,2379,2419,2416,2365,2378,2265,915
2434: 2484,2430,2548,2530,2471,2522,2547,2524,2222,2460,2458,2179,2466,2431,2402
2435: 2195,2425,2437,2340,2277,2002,2193,2405,2332,2395,2391,2066,2422,2474
2436: 2343,485
2438: 2291,2388,2294,2363,2411,2497,2452,2292,2439,2544,2451,490,2046,2386,2242,2425,2423,2424
2471: 2522,2547,2555,2483,2484,2430,2548,2434,2530,2556,2481,2482,2460,2458,2303,2179
2441: 2268,2463,2462,2507,2373,2505,2294
2443: 2168,2556,2481,2458,2459,2399,2479,1989,2445,2348,2233,2383,2166,2385,2302
2444: 2491,900,2360,2503
2445: 2348,2233,2443,2168,2459,2399,2479,1989,2383,2166,2385,2302,2384,2105
2446: 2448,2209,2447,588,455
2447: 2446,2448,2209,455
2448: 2446,2209,2447,588,455
2449: 2595,2545,2584,1773,2350,918
2450: 2561,578
2451: 2544,490,2497,2452,2438,2291,2388,2425,2423,2568
2452: 2497,2438,2291,2388,2544,2451,490
2454: 1701,2040,2392,1700,2410,853,1677,2488,2464,2268,2463,2462,2465,1671,2266,2334,2361,2394,2262,2362,2217
2455: 2174,2396
2456: 2487,2429,2480,2477,2485,2524,2222,2377,2475,2523,2466,2431,2402,2461,2376,2417,2157,2433,2512,2152,2427
2652: 2671,503,2654,2626,2575,1454,1323,2490,2640,2604
2458: 2460,2303,2471,2522,2547,2430,2434,2556,2481,2482,2179,2443,2168,2459,2399,2479,1989,2306,2301,2305
2459: 2399,2479,1989,2482,2460,2458,2303,2179,2443,2168,2306,2301,2305,2445,2385,2302,2307
2460: 2458,2303,2471,2522,2547,2484,2430,2434,2530,2556,2481,2482,2179,2168,2459,2399,2479,1989,2306,2301,2305
2461: 2376,2417,2157,2524,2222,2487,2429,2480,2477,2456,2485,2377,2475,2466,2431,2402,2433,2512,2152,2406,2320,2415,2356,2403,2432,2357,2158,2352,2414,2355,2310,2379,2419,2416
2462: 2268,2463,2488,2464,2441,2040,2392,1700,2454,2410,2266,2334,2361,2373,2505,2294,2363
2463: 2268,2462,2488,2464,2441,2454,2410,2266,2334,2361,2373,2505,2294,2363,2411
2464: 2488,853,1677,2268,2463,2462,2465,1671,2364,2040,2392,1700,2454,2410,2266,2334
2465: 1671,2364,2377,2476,2475,2523,853,1677,2488,2464,2433,2512,2152,2427,2040,2392,1700,2454,2416,2378,2263,915,2394,2409
2467: 2514,2601,2550,2285,2592,2573,2543,2398
2468: 2566
2542: 472,2125
2473: 2369,2069,911
2474: 2422,2435,2195,2332,2395,2391,2066,2335,2271,2254
2475: 2377,2476,2523,2487,2429,2480,2477,2456,2485,853,1677,2461,2376,2157,2433,2512,2152,2427,2465,2364
2476: 2377,2475,2523,2487,2429,2480,2477,853,1677,2376,2433,2512,2152,2427,2465,1671,2364
2479: 2459,2399,1989,2556,2481,2482,2460,2458,2303,2179,2443,2168,2306,2301,2305,2445,2348,2233,2383,2166,2385,2302,2307
2480: 2487,2429,2477,2456,2485,2524,2222,2377,2476,2475,2523,2466,2431,2402,2461,2376,2417,2157,2433,2512,2152,2427
2481: 2556,2482,2555,2483,2471,2522,588,2460,2458,2303,2443,2168,2399,2479,1989
2482: 2556,2481,2555,2483,2471,2522,2547,588,2460,2458,2303,2168,2459,2399,2479,1989
2483: 2555,2471,2522,588,2556,2481,2482,2303
2484: 2430,2548,2434,2530,2471,2522,2547,2524,2222,2460,2303,2179,2402
2486: 2504,1914,1884,1951,2541,1874,2540,1933,2489,1830,1882,2554,1907,2501,2508,927,1938
2487: 2429,2480,2477,2456,2485,2524,2222,2377,2476,2475,2523,2466,2431,2402,2461,2376,2417,2157,2433,2512,2152,2427
2489: 1830,1882,2554,1907,1874,2540,2486,2504,1914,1884,927,1938,2494,1871
2490: 2626,2575,931,2669,2670,2652,2604
2491: 2444,900,2360,2503
2566: 2468
2493: 2645,2647,2637,2613,2609,2610,2564,2648,1858,2646,2644,2649
2494: 1871,2583,2489,1830,1882,2554,1907,2510,1853,1606,1915,2496,2537
2495: 2285,2592,2550,2514,2585,2573,2543,2398
2496: 1915,2537,927,2494,2583
2497: 2294,2411,2452,2438,2291,2388,2544,2451,490
2498: 2148,2224,2499,926
2499: 2148,2224,2498
2579: 2021,2594,2563,2623,2602,977,2189,2255
2501: 2508,2668,2516,2650,1933,2560,2539,2486,2504,1914,927,1938
2595: 2449,2545,2584,1773,2350,918
2503: 2360,900,2491,2444
2504: 2486,1914,1884,1951,2541,2540,1933,2560,2539,2489,1830,1882,1907,2501,2508,2668,927,1938
2505: 2373,2294,2363,2411,2268,2463,2462,2441,2507,2266,2334,2361,2362,2217,2292,2439
2563: 2623,2602,2594,2579,977
2507: 2441,2373,2505,2294,2411
2508: 2501,2668,1933,2560,2539,2486,2504,1914,927,1938
2509: 2571,1872,1874,2540
2510: 1830,1882,2554,2494,1871,1853,1606
2511: 2597,2533,2569,432,2557,2629
2512: 2433,2152,2427,2487,2429,2480,2477,2456,2485,2377,2476,2475,2523,853,1677,2461,2376,2157,2465,2364,2352,2379,2416,2378,915
2564: 2609,2610,2637,2613,2611,2612,2493,2645,2647,2638,2642,1858,2646,2644
2514: 2601,2467,2550,2285,2592,2495,2585,2573,2543,2398
2515: 2664,2659,2615,560,2628
2516: 2650,2559,2528,1951,2541,2648,1933,2560,2539,2649,2501
2613: 2637,2616,2632,2603,2609,2610,2564,2493,2647
2614: 2657,2658,2630,2633,2662,2661,2663,2639,2611,2612,2638,2642
2519: 2287
2528: 2559,2600,2598,2562,1951,2541,2648,2516,2650,1933,2560,2539
2529: 2428,540,2151,2653
2530: 2484,2430,2548,2434,2471,2522,2547,2524,2222,2460,2179,2466,2431,2402
2539: 1933,2560,2559,2528,1951,2541,2516,2650,2504,1914,2501,2508,2668,1938
2534: 2568,540
2640: 1454,1323,2671,503,2654,2652,1532,1602,2604
2664: 2515,2659,2615,560,2628
2537: 1915,2496,927,2494,1871,2583
2586: 2123,572
2545: 2584,2286,2449,2595,1773,2350,918
2571: 2509,1872,1874,2540
2547: 2471,2522,2484,2430,2548,2434,2530,2482,2460,2458,2303,2179
2548: 2484,2430,2434,2530,2471,2522,2547,2524,2222,2179,2466,2402
2549: 2358,2173
2550: 2285,2592,2495,2514,2601,2467,2573,2543,2398
2551: 2407,589,2596,1341,1477
2554: 2489,1830,1882,1907,2486,1884,2510,927,2494,1871,2583
2556: 2481,2482,2555,2483,2471,2522,588,2460,2458,2303,2443,2168,2399,2479,1989
2557: 2629,2511,2597,2591
2561: 2450,578
2562: 2600,2598,2582,1899,2599,2632,2603,2528
2565: 2442,2407,589
2568: 2544,2451,490,2534,540
2569: 2533,432,2511,2597
2572: 2624,2631,2593,2641
2573: 2585,2543,2398,2550,2285,2592,2495,2514,2601,2467,2574,2627,2590
2574: 2601,2585,2573,2543,2398,2627,2590,2617,2635,2626,2575
2576: 2651,2665,2622,2660,2666,2606,2667,2633,2662,2661,2663,2639
2584: 2545,2286,2449,2595,1773,2350,918
2587: 2469,2588,2591,2617,2635,2625,2589
2592: 2285,2495,2550,2514,2467,2585,2573,2543,2398
2594: 2021,2580,1939,966,2563,2623,2602,2579
2596: 2655,1773,2350,918,2551,1341,1477
2597: 2511,2533,2569,432,2557,2629
2598: 2600,2562,2582,1899,1926,2599,2632,2603,2528
2606: 2666,2667,2665,2622,2660,2656,2651,2576,2633,2661,2663,2639
2607: 1804,1717,1796,1756,1819
2638: 2642,2614,2657,2658,2630,2611,2612,2610,2564,1858,945
2609: 2610,2564,2637,2613,2611,2612,2493,2645,2647,2642,1858,2646,2644
2610: 2609,2564,2637,2613,2611,2612,2493,2645,2647,2638,2642,1858,2646,2644
2616: 2567,2618,2582,2599,2632,2603,2637,2613
2618: 2582,2567,1899,2616,2599,2632
2623: 2563,2602,2594,2579,977
2624: 2572,2631,2593,2641
2625: 2589,2591,2469,2587,2617,2635
2626: 2575,2574,2627,2590,931,2670,2490,2652
2627: 2590,2585,2573,2543,2574,2626,2575
2628: 2515,2664,2659,2615,560,2622,2660,2656,2567
2629: 2557,2511,2597,2591
2630: 2614,2657,2658,2663,2639,2611,2612,2638,2642
2631: 1891,1793,2593,2641,2572,2624
2632: 2599,2603,2567,2618,2582,1899,2616,2600,2598,2562,2637,2613
2633: 2662,2661,2663,2651,2576,2666,2606,2639,2614,2658
2635: 2617,2588,2574,2469,2587,2625,931,2670
2642: 2638,2614,2657,2658,2630,2611,2612,2609,2610,2564,1858,945
2644: 2646,2609,2610,2564,2493,2645,2647,2648,1858,2649,1820
2645: 2493,2647,2609,2610,2564,2648,1858,2646,2644,2649
2646: 2644,2609,2610,2564,2493,2645,2647,2648,1858,2649,1820
2647: 2493,2645,2637,2613,2609,2610,2564,2648,1858,2646,2644,2649
2648: 2528,2493,2645,2647,2516,2650,2646,2644,2649
2654: 2671,503,2652,2575,1454,1323,2640,2604
2655: 2596,918,1341,1477
2656: 2628,2622,2660,2567,2666,2606,2667
2657: 2614,2658,2630,2639,2611,2612,2638,2642
2659: 2515,2664,2615,560,2628
2660: 2622,2628,2665,2656,2651,2576,2666,2606,2667
2661: 2633,2662,2663,2651,2576,2666,2606,2667,2639,2614,2658
2662: 2633,2661,2663,2651,2576,2666,2639,2614,2658
2663: 2633,2662,2661,2651,2576,2666,2606,2667,2639,2614,2658,2630
2665: 493,2622,2660,2651,2576,2666,2606,2667
2667: 2666,2606,2665,2622,2660,2656,2651,2576,2661,2663,2639
2671: 503,2654,2652,2575,1454,1323,2640,2604