1574: 1605,480
639: 
1068: 1069,1067,237,1063,1065,1083,965
1141: 1100
1543: 1349,1554,1479,1482,1501,1376
566: 
949: 
1581: 1562
1445: 1542,1530,482
1126: 1011,1020,1162,153,1128,1136,1037
977: 
1519: 1564,1531,1499,1571,959,1558,1537,1450,1476,1430,1419,1557
1373: 1394,1467,952,1365,1379,1476,1430,1419,1557,1525,1459,1506,1478,1345,1317,1415,1346,1431,1393,1426,1316,323
1572: 1527,1566
1394: 1373,1467,952,1365,1379,1525,1459,985,1345,1317,1415,1346,1431,1393,1426,1316,323
15: 746,171
754: 69
1459: 1525,952,1365,1379,1456,1387,1373,1394,1467,985,1345,1317,1415,1346,1431
1509: 1357,985,1345,1317,1415,1346,1431,1464,1393,1426,1448,1472,1428
583: 
1566: 1527,1572
1376: 1501,1554,1479,1482,1349,1543,1506,1478,1464,1393,1426,1316,323,1425,1461,1474,1514
900: 
1520: 1495,1483,1496,1435,952,1456,1387
1337: 1521,1424,1496
1383: 1359,1435
643: 
1393: 1464,1426,1316,323,1373,1394,1506,1478,1501,1376,1345,1317,1415,1346,1431,1425,1461,1509,1357,1448,1472,1395
1602: 627,1532
29: 
562: 950
740: 227,605
1174: 1062
822: 1561,1526,1487,1396,985
947: 
563: 
985: 1456,1387,1525,1459,1394,1345,1317,1415,1346,1431,1561,1526,1487,822,1509,1357
1450: 959,1603,1583,1519,1564,1531,1388,1578,1476,1430,1419,1557,1479,1482
1434: 1512,1336,347
1556: 1576,935
995: 
1491: 1390
1532: 1602,627
957: 
1540: 1499,1571,959
1367: 1504,1404,1488,233
961: 917
766: 
1456: 1387,1435,1520,1495,952,1525,1459,1396,985
968: 
1587: 1606
929: 
939: 921
905: 
1461: 1425,1501,1376,1464,1393,1426,1316,323,1474,1514,1448,1472,1395,1436
727: 662
572: 
1506: 1478,1365,1476,1430,1419,1557,1554,1479,1373,1467,1501,1376,1415,1346,1431,1464,1393,1426,1316,323,1425
832: 
1410: 1428,1489,1448,1472,1395,1460,1399,1452,1398,1444,61
1479: 1554,1482,1531,1450,1388,1476,1430,1419,1557,1349,1543,1506,1478,1501,1376
61: 1489,1410,1460,1399,1452,1429,1398,1444,1539
839: 
1550: 
1527: 1572,1388,1578,1566
1495: 1520,1435,952,1456,1387
1582: 1569
922: 
589: 
69: 754
1600: 1589,1576
598: 454,1253,1278
1202: 
1128: 153,1136,1037,1114,1126,1011,1020,1162
587: 
607: 
1571: 1540,1499,959,1424,1558,1537,1519,1564
569: 
996: 
854: 
605: 227,740
916: 
1172: 
1605: 1574
591: 
926: 980,460
1487: 1561,1526,822,1503,1396,985
1513: 1548,488
1429: 1436,1460,1399,1452,61
944: 
582: 
1295: 
948: 
1349: 1543,1388,1554,1479,1482,1501,1376
1064: 1088,1015,166
588: 
1253: 1278,598
994: 1402,1348,986
1518: 
1496: 1424,1521,1337,1499,1558,1537,1520,952
1266: 1535,1151
593: 
1426: 1464,1393,1316,323,1373,1394,1467,1506,1478,1501,1376,1345,1317,1415,1346,1431,1425,1461,1509,1357,1448,1472,1395
872: 
908: 
1606: 1587
955: 
1346: 1345,1317,1415,1431,1525,1459,1373,1394,1467,1506,985,1464,1393,1426,1316,323,1509,1357,1448,1472
906: 
659: 313,820
581: 
1539: 1398,1444,61,1409,1414,1470,1551
932: 
575: 
993: 
1475: 1575
851: 137
1395: 1464,1393,1426,1316,323,1425,1461,1474,1514,1448,1472,1436,1410,1399,1452
1428: 1489,1410,1509,1357,1448,1472,1454,1323,1460,1399,1452,1400,1398
119: 
1278: 1253,598
1387: 1456,1435,1520,1495,952,1525,1459,1396,985
1316: 1464,1393,1426,323,1373,1394,1467,1506,1478,1501,1376,1345,1317,1415,1346,1431,1425,1461,1448,1472,1395
1604: 853
1458: 1502,1536,1397
1483: 1435,1520
975: 
911: 1280
898: 
597: 1517,1470,1551
979: 
988: 
963: 
1535: 1151,1266
1465: 1391,1515,627
951: 
1348: 994,1402
137: 851
592: 
1063: 237,1065,1083,1069,1067,1068,1066,965
1562: 1581
1569: 1582
986: 994,457
143: 
586: 
903: 1588
1589: 1600,1576
596: 
1359: 1383
1451: 233,1542
580: 568
894: 
978: 
153: 1128,1136,1037,1114,1126,1011,1020,1162
980: 926,460
1151: 278,1535,1266
568: 580
157: 1588
965: 1068,237,1063,1065,1083
1413: 1453
902: 475
1517: 1470,597
1503: 1396,1404,1488,1487
1430: 1476,1419,1557,1558,1537,1519,1564,1531,1450,1365,1379,1554,1479,1373,1467,1506,1478,1501
1114: 275,153,1128,1136,1037
594: 
166: 1015,1088,1064
820: 659
168: 238,682
700: 1009
1528: 1592,453
171: 15
746: 15
1547: 1580
574: 445
940: 
1065: 237,1063,1083,1069,1067,1068,1066,965
1382: 918
923: 
1062: 1174
1053: 
901: 526
1436: 1461,1474,1514,1395,1399,1452,1429,1406
1588: 157,903
992: 
1290: 454
1336: 1434,1512,347
967: 
573: 
1406: 1436,1341,1477,1433
976: 
919: 
1415: 1345,1317,1346,1431,1525,1459,1373,1394,1467,1506,985,1393,1426,1316,323,1509,1357,1448
1565: 1585,1542,482,1586
590: 571
1464: 1393,1426,1316,323,1506,1478,1501,1376,1345,1346,1431,1425,1461,1509,1357,1448,1472,1395
1514: 1474,1501,1376,1425,1461,1395,1436
962: 918
927: 
1578: 1388,1603,1583,1450,1527,1482
584: 
934: 
1531: 1519,1564,959,1603,1583,1450,1476,1430,1419,1557,1479,1482
953: 815
1197: 
973: 
206: 
982: 
1357: 1509,985,1345,1317,1415,1346,1431,1464,1393,1426,323,1448,1472,1428
924: 
1453: 1413
1424: 1496,1521,1337,1499,1571,1558,1537,952,1365,1379
990: 
578: 
1341: 1477,1406
1149: 461,1184
1388: 1578,1603,1583,1450,1527,1479,1482,1349
1502: 1536,1397,1458
914: 
1419: 1476,1430,1557,1558,1537,1519,1564,1531,1450,1365,1554,1479,1482,1373,1467,1506,1478
1011: 1126,1020,1162,153,1128,1136,1037
1607: 232
925: 974,425
1521: 1337,1424,1496
1100: 1141
1489: 1428,1410,1472,1454,1323,1460,1399,1452,1400,1398,1444,61
941: 
227: 605,740
912: 
950: 562
943: 
1443: 1598,487
232: 1607
233: 1367,1451
1551: 1539,1409,1414,307,1470,597
1404: 1488,1367,1503,1396
579: 
237: 1063,1065,1083,1069,1067,1068,1066,965
238: 168,682
920: 
1379: 1365,1424,1558,1537,952,1476,1430,1525,1459,1373,1394,1467
599: 439
1580: 1547,456
243: 
1476: 1430,1419,1557,1558,1537,1519,1564,1531,1450,1365,1379,1479,1373,1467,1506,1478
971: 
972: 
1557: 1476,1430,1419,1558,1519,1564,1531,1450,1554,1479,1482,1373,1467,1506,1478
1583: 1603,448,487,959,1531,1450,1388,1578
1585: 1565,1542,482,1586
1402: 994,1348
1576: 1589,1600,1556
1345: 1317,1415,1346,1431,1525,1459,1373,1394,1467,985,1464,1393,1426,1316,323,1509,1357,1448
1526: 1561,1487,822,985
1512: 1434,1336,347
255: 326
942: 
571: 590
1478: 1506,1365,1476,1430,1419,1557,1554,1479,1482,1373,1467,1501,1376,1431,1464,1393,1426,1316,323,1425
1501: 1376,1430,1554,1479,1482,1349,1543,1506,1478,1464,1393,1426,1316,323,1425,1461,1474,1514
1563: 997
928: 
1499: 1540,1571,959,1424,1496,1558,1537,1519,1564
567: 
264: 
909: 
1467: 1373,1394,952,1365,1379,1476,1430,1419,1557,1525,1459,1506,1478,1345,1317,1415,1346,1431,1426,1316,323
267: 
998: 
853: 1604
585: 407
887: 
1525: 1459,952,1365,1379,1456,1387,1373,1394,1467,985,1345,1317,1415,1346,1431
915: 
1009: 700
275: 1342,1066,1114
959: 1540,1499,1571,1603,1583,1558,1537,1519,1564,1531,1450
913: 
278: 1151
892: 
1088: 1064,1015,166
281: 
958: 
1597: 
1474: 1514,1501,1376,1425,1461,1395,1436
1365: 1379,1424,1558,1537,952,1476,1430,1419,1525,1459,1373,1394,1467,1506,1478
1530: 1454,1323,1445,1400
682: 238,168
720: 
960: 
984: 
952: 1424,1496,1558,1537,1520,1495,1365,1379,1456,1387,1525,1459,1373,1394,1467
595: 
1561: 1526,1487,822,985
1435: 1483,1383,1520,1495,1456,1387
672: 
999: 904
1162: 1126,1011,1020,153,1128,1136,1037
298: 
1470: 1517,1539,1409,1414,1551,597
300: 
956: 
1414: 1409,1433,1539,307,1470,1551
933: 
904: 999
1015: 166,1088,1064
1066: 1069,1067,237,1063,1065,1083,275
307: 1433,1409,1414,1551,840
991: 
1268: 1326,448,487
1454: 1323,1428,1489,1530,1400
311: 1005
312: 499
313: 659
1536: 1502,1397,1458
1280: 911,1405
1448: 1472,1345,1317,1415,1346,1431,1464,1393,1426,1316,323,1425,1461,1509,1357,1395,1428,1410
989: 
1069: 1067,1068,237,1063,1065,1083,1066
1601: 1590
320: 
576: 
945: 
323: 1464,1393,1426,1316,1373,1394,1467,1506,1478,1501,1376,1345,1317,1415,1346,1431,1425,1461,1357,1448,1395
981: 545
946: 
326: 255
327: 
1161: 
570: 
1037: 153,1128,1136,1114,1126,1011,1020,1162
1592: 1528,453
918: 1382,962
1184: 1149
1425: 1461,1506,1478,1501,1376,1464,1393,1426,1316,323,1474,1514,1448,1472,1395
1323: 1454,1428,1489,1530,1400
1020: 1126,1011,1162,153,1128,1136,1037
1243: 
338: 
1460: 1399,1452,1472,1428,1489,1410,1429,1398,1444,61
840: 307,1573
938: 500
966: 514
1433: 1406,1414,307
937: 511
1477: 1341,1406
921: 939
347: 1434,1512,1336
1326: 1268,448,487
349: 
997: 1563
1482: 1554,1479,1531,1450,1388,1578,1419,1557,1349,1543,1478,1501,1376
917: 961
1515: 1400,1398,1444,1465
1537: 1558,1499,1571,959,1424,1496,1519,1564,952,1365,1379,1476,1430,1419
1342: 275
1067: 1069,1068,237,1063,1065,1083,1066
970: 
1603: 1583,487,959,1531,1450,1388,1578
1488: 1404,1367,1503,1396
1452: 1460,1399,1472,1395,1436,1428,1489,1410,1429,1398,61
627: 1465,1602,1532
1431: 1345,1317,1415,1346,1525,1459,1373,1394,1467,1506,1478,985,1464,1393,1426,1316,323,1509,1357,1448
931: 
565: 
1504: 1390,1367
1005: 311
1405: 1280,1390
1573: 457,840
964: 
815: 953
1317: 1345,1415,1346,1431,1525,1459,1373,1394,1467,985,1393,1426,1316,323,1509,1357,1448
954: 
662: 727
1590: 1601
1444: 1398,1489,1410,1460,1400,61,1515,1539
1558: 1537,1499,1571,959,1424,1496,1519,1564,952,1365,1379,1476,1430,1419,1557
1548: 1513,488
564: 
817: 
1586: 1565,1585,482
969: 
382: 499
1136: 153,1128,1037,1114,1126,1011,1020,1162
1554: 1479,1482,1430,1419,1557,1349,1543,1506,1478,1501,1376
987: 
935: 1556,420
1542: 1451,1445,1565,1585,482
1083: 237,1063,1065,1069,1067,1068,1066,965
974: 925
907: 
1598: 1443,487
930: 
577: 
983: 
865: 
1409: 1414,1539,307,1470,1551
1564: 1519,1531,1499,1571,959,1558,1537,1450,1476,1430,1419,1557
910: 
936: 
400: 
401: 
402: 
403: 517
404: 501
405: 
406: 
407: 585
408: 
409: 
410: 
411: 
412: 
413: 489
414: 
415: 
416: 
417: 
418: 
419: 
420: 935
421: 
422: 
423: 519
424: 
425: 925
426: 
427: 
428: 
429: 
430: 
431: 
432: 
433: 
434: 
435: 
436: 
437: 
438: 
439: 599
440: 
441: 
442: 531
443: 
444: 
445: 574
446: 
447: 
448: 1268,1326,487,1583
449: 
450: 463
451: 
452: 
453: 1528,1592
454: 1290,598
455: 
456: 1580
457: 986,1573
458: 
459: 
460: 980,926
461: 1149
462: 533
463: 450
464: 
465: 
466: 
467: 
468: 
469: 
470: 
471: 
472: 
473: 
474: 
475: 902
476: 
477: 
478: 
479: 
480: 1574
481: 
482: 1542,1445,1565,1585,1586
483: 
484: 
485: 
486: 
487: 1268,1326,448,1598,1443,1603,1583
488: 1548,1513
489: 413
490: 
491: 
492: 
493: 
494: 500
495: 
496: 
497: 
498: 
499: 312,382
500: 938,494
501: 404
502: 
503: 
504: 
505: 
506: 
507: 
508: 535
509: 
510: 
511: 937
512: 
513: 
514: 966
515: 
516: 
517: 403
518: 
519: 423
520: 
521: 
522: 
523: 
524: 
525: 
526: 901
527: 
528: 
529: 
530: 
531: 442
532: 
533: 462
534: 
535: 508
536: 
537: 
538: 
539: 
540: 
541: 
542: 
543: 
544: 
545: 981
546: 
547: 
548: 
549: 
550: 
551: 
552: 
553: 
554: 
555: 
556: 
557: 
558: 
559: 
560: 
561: 
1575: 1475
1390: 1405,1491,1504
1391: 1465
1396: 1503,1456,1387,1404,1488,1487,822
1397: 1502,1536,1458
1398: 1444,1428,1489,1410,1460,1399,1452,61,1515,1539
1399: 1460,1452,1472,1395,1436,1428,1489,1410,1429,1398,61
1400: 1454,1323,1428,1489,1530,1444,1515
1472: 1448,1346,1464,1393,1426,1316,1425,1461,1509,1357,1395,1428,1489,1410,1460,1399,1452