0: 
784: 
1068: 237,1063,1065,1067,117,1038,1069,1066,1083,1105,1091,278
1141: 1100,1120,1149,1111,1113,1079,1062,1148,1150,1152,1109,110,1075,748
796: 
5: 
949: 124,442
7: 21
1111: 1107,1094,1137,1073,1113,1109,1100,1120,1141,1149
1126: 1011,1140,1162,153,1128,1136,1089,1061,1037,1045,1138,1166,113,1007,1020,1139,1134,1160,1023,785
977: 803
11: 244,253
12: 416,250
13: 
1113: 1107,1137,1073,1146,1097,1111,1079,1062,1148,1150,1152,1109,1100,1120,1141,1149
15: 199,29
754: 69
17: 37
711: 
19: 334
20: 44,837
21: 825,7
22: 
699: 
1124: 1132,1131,1159,1123,1157,890,1167,675,1158,1129,1122,1155,1153
25: 387
777: 925
27: 
842: 834,667
29: 15
30: 339
740: 134
1023: 785,1126,1011,1140,1162,1138,1166,598,1007,1020,1139,1134,1160
33: 
34: 120
35: 
985: 
37: 17
38: 
868: 
995: 948,524
875: 
42: 822
957: 433,968
44: 837,20
45: 
961: 
766: 246
814: 63,125,898
968: 433,957
859: 
929: 
52: 285,345,652
905: 967
1160: 1007,1020,1139,1134,1126,1011,1140,1162,113,1144,1023,785,95
727: 662
56: 638
811: 200
1122: 1158,1129,1155,1075,748,1143,1123,1157,890,1167,1132,1131,1159,1124,1153
59: 
792: 
61: 105
839: 
63: 814,125,898
64: 
65: 378
698: 864
922: 
869: 331
69: 754,659
837: 44,20
1093: 1092,1084,1098,1058,1096,1094,1137,1073,1146,1097
1109: 1111,1113,1100,1120,1141,1149,1110,110
1128: 153,1136,1089,1114,1074,1121,1061,1037,1045,1126,1011,1140,1162,1138,1166
799: 
75: 
864: 698,220
77: 781
996: 
854: 
1007: 1020,1139,1134,1160,1126,1011,1140,1162,1138,113,1023,785,95
916: 
1164: 1116,1127,1119,1163,113,1144,492
785: 1023,1126,1011,1140,1162,1138,1166,598,1007,1020,1139,1134,1160
1084: 1104,1049,1093,1092,1058
763: 533
86: 171
87: 
794: 168,238
944: 
90: 
1043: 1081,1098,1058,1096,1054,1151,1042,1146,1097,1127,1079,1062,1148,1150,1152,1165,1163
948: 995,514,524
93: 975
1064: 1088,1015,166,1069,531
95: 113,1144,1007,1020,1139,1134,1160,1023,785
891: 
97: 
98: 193,345,643,256
1058: 1098,1096,1084,1105,1091,1093,1092,1054,1151,1137,1146,1097,1043,1081
100: 496,219
101: 551
102: 
872: 
908: 422,257
105: 61
955: 
1143: 1123,1125,1147,1057,492,1075,748,1157,890,1167,1129,1122,1155
906: 
704: 
110: 1109,1100,1120,1141,1149,1110,1075,748
845: 
1054: 1151,1105,1091,1098,1058,1096,1053,1042,1146,1097,1043,1081,1127
113: 1144,1119,1126,1011,1140,1162,1161,1116,1164,1007,1020,1139,1134,1160,95
1048: 700,1009,1078,1121
115: 764
851: 137
117: 1038,1028,1030,1069,1104,1049,237,1063,1068,1067
1030: 1028,311,1005,117,1038,1104,1049
119: 
120: 34
121: 236
122: 
123: 
124: 949
125: 63,814,898
975: 93
911: 
898: 125,63,814
129: 579
1157: 890,1167,1125,1147,1057,492,1143,1123,675,1129,1122,1155,1132,1131,1159,1124
1075: 748,1100,1120,1141,1149,1125,1147,1057,110,1143,1123,1129,1122
963: 
133: 821
134: 740
951: 
1120: 1100,1141,1149,1111,1113,1062,1152,1109,1110,110,1075,748
137: 735,851,650
730: 
139: 214
140: 
141: 
986: 
143: 
1078: 700,1009,1046,1048,1074,1121
903: 491
1097: 1146,1093,1098,1058,1096,1054,1151,1073,1043,1081,1113,1079,1062,1148,1150,1152,1165
888: 
148: 243
149: 
790: 
151: 646,365,300
978: 
153: 1128,1136,1089,275,1114,1074,1118,1061,1037,1126,1011,1140,1162
980: 
1151: 1054,1105,1091,1098,1058,1096,1042,1146,1097,1043,1081
156: 
157: 
965: 1145,278,1082,275,1114,1053,1042,1127,1119
1147: 1125,1057,1079,1148,1150,1152,1165,492,1075,748,1143,1123,1157,890
902: 
161: 
162: 706
1027: 
1114: 275,1046,278,1082,1074,1118,1145,965,153,1128,1136,1089
165: 956
166: 1015,1088,1064
820: 
168: 794,238,682
700: 1009,1078,1048
883: 
171: 86,582
746: 213
173: 
1104: 1049,311,1005,1028,1030,117,1038,1084,1105,1091
940: 
1065: 237,1063,1068,1067,1038,1069,1066,1083,1105,1091,278,1082
177: 329
923: 943
1062: 1079,1148,1150,1152,1137,1073,1146,1097,1043,1081,1113,1165,1100,1120,1141,1149,1057
1053: 1042,278,1054,965
901: 
182: 
183: 
992: 
185: 377
870: 
967: 522,905,420
188: 
834: 842,667
976: 
191: 
803: 977
193: 345,98
809: 884
1121: 1046,1078,1048,1074,1128,1089,1061,1037,1045
1057: 1125,1147,1079,1062,1148,1150,1152,1165,1163,492,1075,748,1143,1123,1157,890
962: 926
198: 
199: 720,211,384,15
200: 811
201: 
1073: 1137,1093,1092,1098,1096,1107,1094,1146,1097,1111,1113,1079,1062,1148,1150,1152
953: 329
1081: 1043,1098,1058,1096,1054,1151,1042,1146,1097,1127,1079,1062,1148,1150,1152,1165,1163
205: 
206: 
982: 
208: 682
924: 
210: 
211: 720,199
990: 
213: 746
214: 139
1149: 1100,1120,1141,1111,1113,1079,1062,1152,1109,1110,110,1075,748
1140: 1126,1011,1162,153,1128,1136,1089,1037,1045,1138,1166,113,1007,1020,1139,1134,1160,1023,785
1098: 1058,1096,1105,1093,1092,1054,1151,1137,1073,1146,1097,1043,1081
914: 
219: 100
220: 864,444
221: 
925: 777
223: 
1100: 1120,1141,1149,1111,1113,1079,1062,1148,1150,1152,1109,1110,110,1075,748
1118: 1074,1046,275,1114,153,1136,1089
941: 
227: 605,338
912: 
950: 
943: 923
706: 162
232: 
233: 
234: 
703: 
236: 121
237: 1063,1065,1068,1067,117,1038,1069,1066,1083,1105,1091,278
238: 168,794,682
920: 
829: 
241: 327
849: 327
243: 148
244: 11,253
971: 
246: 766
247: 652
1105: 1091,1104,1049,237,1063,1065,1068,1067,1098,1058,1054,1151,1042
877: 
250: 12
251: 
1148: 1079,1062,1150,1152,1073,1146,1097,1043,1081,1113,1165,1100,1141,1147,1057
253: 11,244
1077: 380
255: 326
256: 643,98
257: 908
844: 604
259: 
260: 
928: 
1082: 278,1065,1066,1083,275,1114,1042,1145,965
716: 
264: 
909: 
1096: 1098,1058,1093,1092,1054,1151,1137,1073,1146,1097,1043,1081
267: 688
998: 
853: 
270: 
887: 
801: 
915: 
823: 
275: 1114,1066,1083,278,1082,1074,1118,1145,965,153,1136,1089
959: 
913: 778
278: 1082,237,1063,1065,1068,1067,1066,1083,275,1114,1053,1042,1145,965
892: 756
1144: 113,1119,1162,1161,1116,1164,1020,1139,1134,1160
281: 
958: 
764: 115
1038: 117,1028,1030,1069,1104,1049,237,1063,1065,1068,1067
285: 345,52
286: 
723: 
720: 211,384,199
960: 452
827: 468,474
952: 
292: 
1107: 1094,535,1092,1137,1073,1111,1113
294: 866
1042: 1053,1105,1091,278,1082,1054,1151,1145,965,1043,1081,1127
999: 
1162: 1126,1011,1140,153,1128,1136,1037,1138,113,1144,1007,1020,1139,1134,1160,1023,785
298: 
299: 445
300: 151
956: 165
1094: 1107,535,1093,1092,1137,1073,1111
303: 
904: 
1015: 166,1088,1064
1066: 1083,1069,531,237,1063,1065,1068,1067,278,1082,275
307: 840
991: 586,525
821: 133
1028: 1030,311,1005,117,1038,1104,1049
311: 1005,1028,1030,557,1104,1049
312: 
313: 
873: 557
315: 644
712: 358
989: 824
1069: 1088,1064,117,1038,237,1063,1065,1068,1067,1066,1083
856: 
320: 
825: 697,21
945: 
323: 325,631
981: 380
325: 631,323
326: 255
327: 849,241
1161: 1116,1163,113,1144,492
329: 177,953
1037: 1061,1045,1074,1121,153,1128,1136,1089,1126,1011,1140,1162,1138,1166,598
331: 869
918: 
824: 989
334: 19
697: 825
1020: 1007,1139,1134,1160,1126,1011,1140,1162,113,1144,1023,785
1166: 1138,1128,1089,1061,1037,1045,1126,1011,1140,598,1023,785
338: 227,605
339: 30
840: 307
938: 432
966: 
343: 541
937: 
345: 193,285,52,98
921: 
347: 
348: 
349: 
997: 
806: 
917: 
836: 
354: 
355: 
356: 
970: 
358: 712
359: 
360: 
884: 809
362: 
931: 
759: 
365: 646,151
1005: 311,1028,1030,557,1104,1049
1092: 1093,1084,1098,1058,1096,1107,1094,1137,1073,1146
1146: 1097,1093,1092,1098,1058,1096,1054,1151,1137,1073,1043,1081,1113,1079,1062,1148,1150,1152,1165
964: 
815: 
371: 
954: 
1125: 1147,1057,1079,1165,1163,492,1075,748,1143,1123,1157,890,1167
748: 1075,1100,1120,1141,1149,1125,1147,1057,110,1143,1123,1158,1129,1122,1155
710: 
376: 484
377: 
378: 65
379: 
380: 981,452,1077
969: 
382: 
1136: 153,1128,1089,275,1114,1074,1118,1061,1037,1045,1126,1011,1140,1162,1138
384: 720,199
778: 913
935: 
387: 25
1083: 1066,1069,531,237,1063,1065,1068,1067,278,1082,275
974: 
907: 
391: 
930: 
1116: 1161,1164,1127,1119,1163,113,1144,492
983: 
1079: 1062,1148,1150,1152,1073,1146,1097,1043,1081,1113,1165,1100,1141,1149,1125,1147,1057
396: 
1127: 1054,1042,965,1043,1081,1119,1165,1163,1116,1164
726: 
936: 
400: 594
401: 
402: 
403: 
404: 
405: 
406: 
407: 
408: 
409: 
410: 1110,461
411: 454,598
412: 
413: 
414: 
415: 599
416: 12
417: 419
418: 
419: 417
420: 967
421: 
422: 908
423: 
424: 
425: 
426: 
427: 
428: 
429: 
430: 
431: 
432: 938
433: 968,957
434: 
435: 
436: 
437: 
438: 
439: 508
440: 
441: 559
442: 949
443: 
444: 220,576
445: 299
446: 
447: 
448: 
449: 
450: 
451: 
452: 960,380
453: 
454: 411
455: 
456: 487
457: 
458: 
459: 
460: 596
461: 410
462: 
463: 
464: 
465: 
466: 
467: 511
468: 474,827
469: 
470: 
471: 
472: 
473: 
474: 468,827
475: 
476: 
477: 
478: 
479: 
480: 
481: 
482: 
483: 
484: 376
485: 
486: 
487: 456
488: 
489: 
490: 
491: 903
492: 1165,1163,1161,1116,1164,1125,1147,1057,1143,1123,1157,890,1167,675
493: 
494: 
495: 
496: 100
497: 547
498: 
499: 629
500: 
501: 
502: 
503: 
504: 
505: 
506: 525
507: 
508: 439
509: 
510: 
511: 467
512: 
513: 558
514: 948
515: 
516: 
517: 
518: 
519: 
520: 580
521: 
522: 967
523: 
524: 948,995
525: 586,506,991
526: 
527: 
528: 
529: 554
530: 537
531: 1088,1064,1066,1083,1046
532: 
533: 763
534: 
535: 1107,1094
536: 584
537: 530
538: 
539: 
540: 568
541: 343
542: 
543: 
544: 
545: 
546: 
547: 497
548: 
549: 
550: 
551: 101
552: 
553: 
554: 529
555: 
556: 
557: 311,1005,873
558: 513
559: 441
560: 
561: 
562: 
563: 
564: 
565: 
566: 
567: 
568: 540
569: 
570: 
571: 
572: 
573: 
574: 
575: 
576: 444
577: 
578: 
579: 129
580: 520
581: 
582: 171
583: 
584: 536
585: 
586: 525,991
587: 
588: 
589: 
590: 
591: 
592: 
593: 
594: 400
595: 
596: 460
597: 
598: 1061,1037,1045,1138,1166,1023,785,411
599: 415
927: 
743: 
1110: 1109,1100,1120,1149,110,410
988: 
604: 607,844
605: 227,338
832: 
607: 604
608: 
900: 
1049: 1104,311,1005,1028,1030,117,1038,1084,1105,1091
1009: 700,1078,1048
736: 
1067: 237,1063,1065,1068,117,1038,1069,1066,1083,1105,1091,278
972: 
946: 
973: 
617: 
618: 
619: 
620: 
1045: 1061,1037,1074,1121,1128,1136,1089,1126,1011,1140,1138,1166,598
622: 
623: 
739: 
625: 
1137: 1073,1093,1092,1098,1058,1096,1107,1094,1146,1111,1113,1062,1150
627: 634
926: 962
629: 499
756: 892
631: 325,323
865: 
822: 42
634: 627
709: 
1046: 531,1078,1114,1074,1118,1121
781: 77
638: 56
639: 
1061: 1037,1045,1074,1121,153,1128,1136,1089,1126,1011,1138,1166,598
1074: 1118,1046,1078,275,1114,1121,153,1128,1136,1089,1061,1037,1045
894: 
643: 98,256
644: 315
735: 137,650
646: 365,151
647: 
885: 
1119: 1145,965,1127,1163,1116,1164,113,1144
650: 735,137
732: 
652: 52,247
890: 1157,1167,1125,1147,1057,492,1143,1123,675,1158,1129,1122,1155,1132,1131,1159,1124
654: 
1123: 1143,1125,1147,1057,492,1075,748,1157,890,1167,1158,1129,1122,1155,1132,1159,1124
1138: 1166,1128,1136,1089,1061,1037,1045,1126,1011,1140,1162,598,1007,1139,1023,785
987: 
933: 
659: 69
934: 
919: 
662: 727
993: 
939: 
665: 
1088: 1064,1015,166,1069,531
667: 834,842
668: 
817: 
1159: 1132,1131,1124,1123,1157,890,1167,675,1158,1129,1122,1155,1153
979: 
672: 
673: 
1091: 1105,1104,1049,237,1063,1065,1068,1067,1058,1054,1151,1042
675: 492,1157,890,1167,1132,1131,1159,1124
773: 
866: 294
994: 
1011: 1126,1140,1162,153,1128,1136,1089,1061,1037,1045,1138,1166,113,1007,1020,1139,1160,1023,785
932: 
942: 
682: 238,208,168
1145: 965,278,1082,275,1114,1042,1119
684: 
1063: 237,1065,1068,1067,117,1038,1069,1066,1083,1105,1091,278
984: 
910: 
688: 267
947: 
690: 
1089: 153,1128,1136,275,1114,1074,1118,1121,1061,1037,1045,1126,1011,1140,1138,1166
1129: 1158,1122,1155,1075,748,1143,1123,1157,890,1167,1132,1131,1159,1124,1153
1139: 1007,1020,1134,1160,1126,1011,1140,1162,1138,113,1144,1023,785
1131: 1132,1159,1124,1157,890,1167,675,1158,1129,1122,1155,1153
1132: 1131,1159,1124,1123,1157,890,1167,675,1158,1129,1122,1155,1153
1150: 1079,1062,1148,1152,1137,1073,1146,1097,1043,1081,1113,1165,1100,1141,1147,1057
1134: 1007,1020,1139,1160,1126,1140,1162,113,1144,1023,785,95
1152: 1079,1062,1148,1150,1073,1146,1097,1043,1081,1113,1165,1100,1120,1141,1149,1147,1057
1153: 1158,1129,1122,1155,1132,1131,1159,1124
1158: 1129,1122,1155,748,1123,890,1167,1132,1131,1159,1124,1153
1155: 1158,1129,1122,748,1143,1123,1157,890,1167,1132,1131,1159,1124,1153
1167: 1157,890,1125,492,1143,1123,675,1158,1129,1122,1155,1132,1131,1159,1124
1163: 1043,1081,1127,1119,1161,1116,1164,1125,1057,492
1165: 1146,1097,1043,1081,1127,1079,1062,1148,1150,1152,1125,1147,1057,492