1574: 415,1605
543: 979
1068: 1632,1656,1630,1655,1659,1653,1654,1657,1658,1640,1638,1627,1619,1624
1141: 1100,1722,1745
1543: 1349
566: 
949: 1713
1581: 1562,491
1445: 1530
1701: 1700,2334,2392,2266,2040,2454,2464,1671
977: 2578,1867,1913,2619,1899,2599,2600,2598,2562
1519: 1564,1430,903,1450,1531,1476
1373: 1467
1572: 1527,554,559,1397,1458
1394: 1379,1415,1365,1345,1317,1346,1431
535: 
1939: 2021,2594,2580,966,2563,2623,2579,2602
1459: 1525,157
1509: 1357,482,1345,1346,1393
583: 2050,2087
1619: 1640,1638,1627,1644,1624,1646,1632,1068,1655,1659,1653,1657,1636,1645,1664,1686,1639
1376: 1501,157,1588
900: 455,2446,2448,2209
1520: 1495
1337: 1690
500: 
520: 
1393: 1431,1426,1345,1317,1346,1461,1509,1357,1395
1602: 1323,1532
1623: 1066,1618,1063,1065,1609,1083,1615,1053,1521,1731
562: 
509: 
1174: 1062
822: 1487,926
947: 
563: 
985: 
1450: 1531,1519,1564,1430,1476
2261: 2272,2091,2140,2201,2337,2323,2159,2342,2282,2338,2110,2089,2345,2275,2339,2094,2181,2149,2258,2281,2280,2139,2279,2204,2045
1556: 1576,491
995: 1926,2509,2571
551: 2699,2728,2710,2719,2731
1532: 1602
957: 538
1540: 1499,1571,903
1687: 1668,1419
961: 1536
495: 
1456: 1387,1554,577
968: 538
1718: 1765
929: 
939: 555
905: 
1461: 1431,1393,1426,1395
552: 
572: 2123,1790
1506: 1478,987
560: 493
504: 
1479: 1554,577,1499,1571
61: 1460
539: 
558: 
1527: 1572,554,559,1397,1458
1495: 1520
2145: 2198,2074,580,2358,2173
922: 2703
589: 2442
1874: 2540,2486,1884,2489,1830,1882,1907
1600: 1789
598: 965
1202: 
1781: 1752,1977,2039
587: 
515: 
1571: 1540,1499,903,1554,1479,577
569: 1979
996: 525
1823: 1940,1974,1921,1920,1948,1864,1922,1919
1690: 1337
916: 2428,2529,2370,2521
1172: 1326,1268,1635,1617,1136
1605: 415,1574
591: 
926: 1487,822
1487: 822,926
1513: 1548
532: 
944: 
582: 2125,2542
1295: 
948: 
1349: 1543
1064: 1088,1820,1858,1629,1633
588: 2556,2481,2482,2459,1989,2303,2458,2399,2479,2460,2445,2443,2168,2385,2302
1253: 1290,1278
994: 919
1518: 
1496: 1660,1663,1424,1684,454
2729: 2680,2694,2730,2713,1820,1858,2715,2727,2678
593: 
1426: 1431,1393,1345,1317,1346,1461,1395
544: 
908: 1891,1793
1606: 1853,1736,1751
955: 
1346: 1345,1317,1379,1394,1415,1365,1431,1393,1426,1509,1357,482
906: 417
1635: 153,1617,1136,1268,1172,1326
581: 
498: 
932: 2707,2724
575: 1887,1912,2540
993: 411
1646: 1640,1638,1627,1619,1644,1624,1655,1636,1645,1664,1686,1639,1680
531: 
1395: 1431,1393,1426,1461
2602: 2579,2021,2594,2580,1939,2563,2623,2189,2255
513: 
1278: 1290,1253
1387: 1456,1554
2541: 1951,2528,2516,2650,2559,1933,2560,2539,2501,2709,2486,2504,1884,2708
1671: 2465,2364,2476,853,1677,2488,2464,2427,1701,1700,2334,2392,2266,2040,2454,915,2394,2409,2263,2262
1458: 1397,559,1527,1572
506: 991,409,1898,1775,1855,1984
975: 
911: 980
555: 939
597: 
979: 543
988: 
963: 
1684: 1663,1424,1496,1660
538: 968,957
951: 
1348: 1402,412,438
536: 
592: 954
1063: 1618,1065,1609,1083,1615,1612,1067,1069,1620,1066,1623
1562: 1581,491
2578: 1867,1913,977,2619,1899,1926
986: 
559: 1474,554,1514,1527,1572,1397,1458
586: 1629,1633
903: 1540,1499,1571,1519,1564,1430
1589: 1732,549
596: 1558,1537
1670: 1743
557: 
580: 2074,2141,2198,2145
537: 
978: 
153: 1635,1617,1136,1268,1326,1676,1650
980: 911,2473
1974: 1921,1972,2015,1998,2027,1823,1940
568: 2181,2272,2091,2140,2201,2280,2139,2279,2237,2204,2045,2043,2132,2090,2075,2115,2076,2042,2236
157: 1525,1459,1588,1376,1501
965: 514,598
2637: 2613,2616,2567,2632,2603,2630,2658,2611,2493,2610,2564,2609,2647
902: 1443,1598
556: 972
1503: 1404
1430: 1519,1564,903,1450,1531,1476
541: 
594: 2703
166: 1015,924,943
1708: 1746
507: 1736,1751,1776
700: 1009,1637,1662,1651
1528: 1592
519: 447
550: 
1547: 1580,573
574: 1414,1551
940: 1936,1967
1065: 1618,1063,1609,1083,1615,1612,1067,1069,1620,1066,1623
1837: 1783,1763,1714,1694,1719
923: 
1062: 1174
1053: 1066,1623,1268,1326
901: 
501: 
1588: 157,1376,1501,1379,1365
992: 
1290: 1253,1278
534: 1910,1890,2004,2057
967: 
573: 1547,1580
547: 
976: 
919: 994
1415: 1379,1394,1365,1345,1317,1346,1431
1565: 1585
590: 524,1955,1986,2033
2687: 2642,2679,2721,2700,2614,2675,2673,2674,945,2728
1514: 1474,554,559
962: 1695,1721
927: 2486,2504,1884,2708,2489,1830,1882,1907,1915,2496
1578: 1388,480
584: 2671
934: 
1531: 1450,1519,1564,1430,1476
953: 
1197: 
973: 
517: 1414,1551,404
982: 
1357: 1509,482,1345,1317,1346,1431,1393
924: 943,166,1015,1149,1184
1891: 908,1793
1424: 1676,1650,1672,1663,1684,1496,1660
990: 422
578: 
1341: 2407,2551,2596,2655,1477
1149: 1184,924,943,599
1388: 1578,480
1502: 1536
914: 
1419: 1557,1687,1668
1693: 1707,1725,1703,1754,1723,1698
1607: 232
925: 
1521: 1731,1066,1623,1645,1664,1686
1100: 1141,1722,1745
2107: 2185,2150,2138,2225,2251,2131,2249,2250,2247,2219,2288,2252,2312,2216,2253,2244,2246,2300,2162,2129,2248,2256,2323,2159,2283,2163,2062,2175,2259,2182,1994,2188,2186,2183,2184,2187,2149,2258
941: 
1659: 1630,1655,1653,1654,1657,1658,1632,1068,1656,1640,1638,1627,1619,1624,1639
912: 
950: 
943: 924,166,1015,1149,1184
1443: 1598,902
232: 1607
2540: 575,1874,2489,1830,1882,1907
1551: 517,1414,574,404
1404: 1503
579: 2712
2720: 2712,2685
508: 
920: 
1379: 1394,1415,1365,1588,1476,1345,1317,1346,1431
599: 1149,1184
1580: 1547,573
514: 965
1476: 1519,1564,1430,1450,1531,1379,1365
971: 
972: 556
1557: 1419
1583: 1603,431
1585: 1565
1402: 1348,412,438
1576: 1556
1345: 1317,1346,1379,1394,1415,1365,1431,1393,1426,1509,1357,482
1526: 1561
2281: 2280,2139,2279,2237,2282,2338,2089,2345,2275,2339,2094,2193,2405,2002,2272,2091,2140,2201,2337,2261,2196,2191,2132,2260
512: 2161,2097,2329
942: 
571: 1936,1967,2165,2349
1478: 1506,987
1501: 1376,157,1588
1563: 
928: 
1499: 1540,1571,903,1554,1479,577,1564
567: 
528: 
909: 
1467: 1373,969
524: 590,1955,1986
998: 
853: 1677,2377,2476,2475,2523,2512,2488,2464,2427,2152,2465,1671,2364,1700,2392
585: 2393,2203
523: 425
1525: 1459,157
915: 2333,2433,2427,2152,2465,1671,2364,1700,2392,2040,2419,2416,2365,2378,2265,2394,2409,2263,2309,2308,2016,2331,2214,2218,2330,2024,2267
1009: 700,1637,1662,1651
533: 
959: 456,448
913: 
530: 
496: 
1088: 1064,1820,1858,1629,1633
522: 
958: 
553: 423
1474: 554,1514,559
1365: 1379,1394,1415,1588,1476,1345,1317,1346,1431
1530: 1445
510: 
542: 
960: 
984: 
952: 
595: 
1561: 1526
505: 
521: 
999: 904
2589: 2625,2591,931
518: 
1680: 1639,1640,1638,1644,1624,1646,1636,1645,1664,1686,1703,1720,1754,1648
502: 1991,1886,444,1883,1979
956: 
1414: 517,1551,574,404
933: 1767,1779
904: 999
1015: 166,924,943
1066: 1623,1618,1063,1065,1609,1083,1615,1053,1521,1731
549: 1589,1732
991: 506,409,1898,1775,1855
1268: 492,1053,1172,1326,153,1635,1617,1136
1454: 2575,2672,1323,503
311: 1005
554: 1474,1514,559,1527,1572
497: 983
1536: 1502,961
548: 
526: 
989: 
1069: 1620,1612,1067,1063,1065,1609,1083,1615
1601: 1590
545: 981,478,1846,1729,1970,1788
576: 
945: 2674,2662,2721,2700,2675,2692,2707,2722,2724,2642,2687,2679,2699,2728
2730: 2713,2710,2719,2731,2680,2729,2715,2727,2678
981: 545,1846,1729,452
946: 2073,1992,1963,1942,1972,2015
516: 
1637: 700,1009,1662,1651
1161: 
570: 
1985: 2116,2117,2206,2053,1973
1592: 1528
918: 2595,2449,2627,2590
1184: 1149,924,943,599
1714: 1694,1783,1837
1323: 2575,2672,1602,1454
1686: 1636,1645,1664,1640,1638,1627,1619,1644,1624,1646,1521,1731,1680
1243: 
499: 
1460: 61
1732: 1589,549
938: 450
966: 2580,1939
1700: 1701,2334,2392,2266,2040,2454,853,1677,2488,2464,2462,2465,1671,2364,2410,915,2394,2409,2263
937: 
1477: 2551,410,1341
921: 
1698: 1723,1754,1707,1693,1725,1692
1326: 1172,1053,1268,153,1635,1617,1136
540: 2435,2195,2451,2422,2474
997: 
503: 1454,2698,2652,2604
917: 
1766: 1876,1877,1844,1836
1537: 1558,1713,596
546: 
1067: 1612,1069,1620,1618,1063,1065,1609,1083,1615
970: 
1603: 1583,431
2233: 2348,2445,2443,2168,2383,2166,2385,2105,2367,2302,2418,2426,2366,2208,2359,2167,2384,1997,2213,2207,2211
1668: 1687,1419
1719: 1783,1763,1837
1431: 1393,1426,1379,1394,1415,1365,1345,1317,1346,1461,1357,482,1395
931: 2625,2589,2726,2698
565: 
529: 
1005: 311
561: 
1624: 1640,1638,1627,1619,1644,1646,1632,1068,1630,1655,1659,1653,1654,1657,1658,1636,1645,1664,1686,1639,1680
964: 
2033: 2059,590
1317: 1345,1346,1379,1394,1415,1365,1431,1393,1426,1357,482
954: 592
1575: 1642,1641,1643,468
1590: 1601
2104: 2164,2210,2213,2207,2211,2232,2103,2120,2228,2038,2227,2229
1558: 1537,1692,596
1548: 1513
564: 
511: 1697,1787
1788: 1970,1863,1807,478,545
969: 1467
527: 
1136: 153,1635,1617,1268,1172,1326
1554: 1387,1456,1479,577,1499,1571
987: 1478,1506
935: 
1397: 1458,559,1527,1572
1083: 1618,1063,1065,1609,1615,1612,1067,1069,1620,1066,1623
974: 1888,1737
907: 
1598: 1443,902
930: 1760,1797
577: 1456,1554,1479,1499,1571
983: 497
525: 996,1847,1778,1740,1798
1984: 1855,409,506,1898,1775
1564: 1519,1430,1499,903,1450,1531,1476
910: 
936: 
400: 
401: 
402: 
403: 
404: 517,1414,1551
405: 
406: 
407: 
408: 
409: 991,506,1855,1984
410: 1477
411: 993
412: 1348,1402
413: 
414: 429
415: 1605,1574
416: 
417: 906
418: 
419: 
420: 
421: 
422: 990,2717,2725,2695
423: 553
424: 
425: 523,440
426: 
427: 
428: 
429: 414
430: 
431: 1583,1603
432: 
433: 
434: 2370,2521,2358,2173
435: 
436: 
437: 
438: 1348,1402
439: 459
440: 425
441: 
442: 1802,1772,1846,1729,452
443: 
444: 2073,1992,502,1883,1979
445: 
446: 
447: 519
448: 959
449: 
450: 938
451: 
452: 1846,1729,1772,442,1802,981
453: 
454: 1496,1660
455: 900,2446,2448,2209,2447
456: 959
457: 
458: 
459: 439
460: 
461: 1634,1631
462: 484
463: 
464: 
465: 
466: 
467: 
468: 1641,1643,1575,1642
469: 
470: 
471: 
472: 
473: 
474: 483
475: 
476: 
477: 
478: 1863,1807,1970,1788,545
479: 
480: 1578,1388
481: 
482: 1509,1357,1345,1317,1346,1431
483: 474
484: 462
485: 
486: 
487: 
488: 
489: 
490: 2452,2544
491: 1556,1581,1562
492: 1268
493: 560,2618,2718
494: 
1609: 1618,1063,1065,1083,1615,1612,1067,1069,1620,1066,1623
2725: 2695,422,2717
1676: 1650,1672,153,1617,1663,1424
1612: 1067,1069,1620,1618,1063,1065,1609,1083,1615
1721: 1695,962
1672: 1676,1650,1663,1424
1615: 1618,1063,1065,1609,1083,1612,1067,1069,1620,1066,1623
1729: 1846,452,1797,1772,442,1802,981,545
1617: 153,1635,1136,1268,1172,1326,1676,1650
1618: 1063,1065,1609,1083,1615,1612,1067,1620,1066,1623
1620: 1069,1612,1067,1618,1063,1065,1609,1083,1615
1627: 1640,1638,1619,1644,1624,1646,1632,1068,1655,1659,1653,1657,1636,1645,1664,1686,1639
1636: 1645,1664,1686,1640,1638,1627,1619,1644,1624,1646,1639,1680
1629: 1633,1064,1088,586,1875,1750,2701,2711,2706
1630: 1655,1659,1653,1654,1657,1658,1632,1068,1656,1640,1638,1624,1639
1631: 1634,461
1632: 1068,1656,1630,1655,1659,1653,1654,1657,1658,1640,1638,1627,1619,1624
1633: 1629,1064,1088,586,1875,1750,2701,2711,2706
1634: 1631,461
1638: 1640,1627,1619,1644,1624,1646,1632,1068,1630,1655,1659,1653,1654,1657,1658,1636,1645,1664,1686,1639,1680
1639: 1680,1630,1655,1659,1653,1654,1657,1658,1640,1638,1627,1619,1644,1624,1646,1636,1645,1664,1703,1720,1648
1640: 1638,1627,1619,1644,1624,1646,1632,1068,1630,1655,1659,1653,1654,1657,1658,1636,1645,1664,1686,1639,1680
1641: 1643,1575,1642,468
1642: 1575,1641,1643,468
1643: 1641,1575,1642,468
1644: 1640,1638,1627,1619,1624,1646,1655,1636,1645,1664,1686,1639,1680
1645: 1636,1664,1686,1640,1638,1627,1619,1644,1624,1646,1521,1731,1639,1680
1685: 1696,1679
1648: 1754,1639,1680,1703,1720,1725
1696: 1679,1685
1650: 1676,1672,153,1617,1663,1424
1651: 1662,700,1009,1637
1677: 853,2377,2476,2475,2523,2512,2488,2464,2427,2465,1671,2364,1700,2334,2392,2040,2454
1653: 1630,1655,1659,1654,1657,1658,1632,1068,1656,1640,1638,1627,1619,1624,1639
1654: 1630,1655,1659,1653,1657,1658,1632,1068,1656,1640,1638,1624,1639
1655: 1630,1659,1653,1654,1657,1658,1632,1068,1656,1640,1638,1627,1619,1644,1624,1646,1639
1656: 1632,1068,1630,1655,1659,1653,1654,1657,1658
1657: 1630,1655,1659,1653,1654,1658,1632,1068,1656,1640,1638,1627,1619,1624,1639
1658: 1630,1655,1659,1653,1654,1657,1632,1068,1656,1640,1638,1624,1639
1660: 1496,1663,1424,1684,454
1720: 1703,1639,1680,1754,1648,1725
1662: 1651,700,1009,1637
1663: 1676,1650,1672,1424,1684,1496,1660
1664: 1636,1645,1686,1640,1638,1627,1619,1644,1624,1646,1521,1731,1639,1680
1665: 1702
1679: 1696,1685
1682: 1692
1689: 1817
1688: 
1797: 1772,930,1760,1802,1846,1729
1692: 1723,1698,1682,1558
1694: 1714,1783,1837
1695: 1721,962
1697: 1787,511
1702: 1665
1703: 1720,1639,1680,1754,1648,1693,1725
1982: 2093,2144,2160,2135,2130,2202,2142,2278,2122,2169,2177,2112,2205,2162,2256,2143,2077,2147,2163,2062,2137,2114,2113,2134,2054,2133
1767: 1779,1836,933
2612: 2682,2630,2658,2611,2704,2639,2493,2609,2683,2657,2689
1707: 1693,1725,1754,1723,1698
1731: 1521,1066,1623,1645,1664,1686
1730: 1834,1870,1841
1926: 2578,1867,1913,2619,1899,995
1713: 1537,949
1717: 2631,2583,1796,1915,2496,1756,1819
1722: 1745,1141,1100
1723: 1698,1754,1707,1693,1725,1692
1725: 1707,1693,1703,1720,1754,1648,1723,1698
1841: 1870,1730,1834,1863,1807
1728: 1792,1756,1819,2607,2677
1807: 1863,1870,1841,478,1970,1788
1772: 1797,1760,442,1802,1846,1729,452
1736: 1751,1853,1606,507,1776,1960
1737: 1888,974
1830: 2489,1882,1907,1874,2540,2486,2504,1884,2708,927
1765: 1718
1740: 1798,525,1778
1743: 1670
1778: 1847,525,1740,1798
1745: 1722,1141,1100
1746: 1708
1796: 1717,2631,2583,1915,2496,1756,1819
1858: 1820,2694,2680,2729,1064,1088
2312: 2219,2288,2252,2216,2331,2214,2351,2311,2024,2215,2225,2251,2131,2249,2250,2247,2253,2244,2246,2300,2129,2107,2185,2150,2138,2323,2159,2283
1750: 1875,2701,2711,2706,1629,1633
1751: 1736,1853,1606,507,1776,1960
1752: 1781,1977,2039
2132: 2043,2272,2091,2140,2201,2281,2280,2139,2279,2237,2196,2191,568,2260,2199,2236
1754: 1648,1680,1703,1720,1707,1693,1725,1723,1698
2321: 2319,2341,2420,2156,2322,2406,2320,2415,2356,2403,2357,2158,2352,2414,2355,2310,2379,2419,2365,2378,2265,2400,2055,2315,2313,2178,2314,2309,2308,2016,2154,2238,2318,2316,2180,2226,2155,2353,1961,2235,2225
1756: 1819,1717,2583,1796,1776,1960,2607,1728
2603: 2616,2632,2599,2600,2598,2562,2637,2613,2610,2564,2609,2647
1760: 930,1797,1772
1917: 1843,1920,1948,1864,1922,1919,1955,1910,1890
1763: 1783,1837,1719
1825: 1953
1768: 1832
1769: 1771,1877,1844
2726: 2698,931,2652,2604
1771: 1769,1877,1844
1773: 2350,2595,2449,2407,2596,2655
1775: 1898,2101,991,506,1855,1984
1776: 1960,1736,1751,507,1756,1819
1779: 1767,1836,933,1804
2163: 2062,2175,2259,2122,2169,2177,2162,2129,2248,2256,2107,2185,2150,2138,2093,2144,2160,1982,2135,2130,2182,1994,2188,2186,2183,2113,2134,2054,2037,2133,2092,2064
1783: 1763,1714,1694,1837,1719
1785: 1928
2046: 2386,2324,2408,2241,2293,2363,2292,2439,2411,2388,2291,2438,2424,2497,2243,2325,2044,2242,2425,2423,2382,2245,2381,2344,2404
1787: 1697,511
1789: 1600
1790: 572
1791: 1988
1792: 1728,2607,2677
1793: 908,1891,2572,2624
1798: 1740,525,1778
2076: 2090,2075,2115,2170,2127,2204,2045,568,2108,2049,2012
1802: 442,1797,1772,1846,1729,452
1803: 1876,1978,1818
1804: 1779
1890: 1910,1843,1917,534
2080: 2052,2137,2114,2113,2134,2054,2037,2133,2092,2121,2099,2063,2029,2065,2011
1867: 2578,1913,2189,2255,977,2619,1899,1926
2722: 2692,2707,2724,2684,2662,2721,2674,945,2699,2728
1811: 
1844: 1877,1771,1769,1876,1766,1836
1973: 2053,1947,2116,1985
1817: 1689
1818: 1978,1803
1819: 1756,1717,2583,1796,1776,1960,1728
1820: 1858,2694,2680,2729,1064,1088
2678: 2715,2727,2710,2719,2731,2730,2713,2680,2729
1919: 1948,1864,1922,1823,1940,1920,1843,1917
2143: 2077,2147,2202,2142,2278,2122,2169,2177,2112,2205,2120,2093,2144,2160,1982,2135,2130,2134
2255: 2189,2579,2602,1991,1886,1867,1913
1988: 1791
2042: 2236,568,2043,2199,2098
1832: 1768
2544: 490,2340,2437,2435,2195,2451
1834: 1730,1870,1841
1836: 1877,1844,1766,1767,1779
2619: 1899,2578,1867,1913,977,1926
2580: 2021,2594,1939,966,2563,2579,2602
2604: 2652,503,2726,2698
1843: 1917,1920,1948,1864,1922,1919,1910,1890
1936: 1967,940,571
1846: 1729,452,1797,1772,442,1802,981,545
1847: 1778,525
2700: 2614,2675,2673,2721,2683,2657,2674,945,2642,2687,2679
2707: 2692,2722,2724,2684,2662,932,2674,945,2728
1853: 1606,1736,1751
1855: 1984,409,991,506,1898,1775
2133: 2037,2092,2093,2144,2160,1982,2135,2130,2163,2062,2175,2259,2182,1994,2188,2186,2183,2187,2113,2134,2054,2064,2170,2127,2080,2063,2176,2012
1920: 1823,1940,1965,1941,1948,1864,1922,1919,1843,1917
1863: 1807,1870,1841,478,1970,1788
1864: 1948,1922,1919,1823,1940,1920,1955,1843,1917
1899: 2619,2578,1867,1913,977,1926,2600,2598,2562
1987: 2003,2065,2011,2030,1966
2127: 2064,2170,2062,2175,2259,2182,1994,2188,2186,2183,2184,2187,2181,2149,2258,2037,2133,2204,2045,2176,2012,2115,2076
1870: 1841,1730,1834,1863,1807
2723: 2664,2203
2718: 2618,493
2002: 2277,2193,2405,2404,2089,2345,2275,2339,2094,2332,2395,2391,2066,2281,2280,2139,2279,2237,2196,2191,2335,2271,2197
1875: 1750,2701,2711,2706,1629,1633
1876: 1803,1877,1844,1766
1877: 1844,1771,1769,1876,1766,1836
2615: 2096,2290,2659,2563,2623
1882: 2489,1830,1907,1874,2540,2486,2504,1884,2708,927
1883: 1991,1886,502,444,1979
1884: 2486,2504,2708,1951,2541,1874,1933,2501,2489,1830,1882,1907,927
1886: 1991,502,2189,2255,1883
1887: 1912,1965,1941,2509,2571,575
1888: 1737,974
1951: 2541,2528,2516,2650,2559,1933,2560,2539,2501,2709,2486,2504,1884,2708
2533: 2569
2585: 2398,2550,2495,2592,2285,2601,2543,2573,2574,2627,2590
2684: 2685,2716,2662,2692,2707,2722,2724
1948: 1864,1922,1919,1823,1940,1920,1955,1986,1843,1917
1970: 1788,1863,1807,478,545
1898: 1775,2101,991,506,1855,1984
2653: 2151,2450,2561,2568,2534
2222: 2524,2466,2530,2434,2402,2484,2487,2429,2480,2477,2456,2485,2431,2461,2376,2417
2311: 2374,2351,2299,2024,2215,2267,2333,2394,2409,2263,2262,2331,2214,2218,2330,2243,2325,2044,2219,2288,2252,2312,2216,2253,2244,2246,2300
2711: 1875,1750,2701,2706,1629,1633
2695: 2725,422,2717
2522: 2471,2430,2547,2555,2483,2484,2548,2179,2556,2481,2482,2459,1989,2303
1907: 2489,1830,1882,1874,2540,2486,2504,1884,2708,927
2686: 2717,2703
1910: 1890,1843,1917,534
2064: 2170,2127,2163,2062,2175,2259,2182,1994,2188,2186,2183,2184,2187,2037,2133,2092,2063,2108,2049,2176,2012
1912: 1887,1965,1941,2509,2571,575
1913: 2578,1867,2189,2255,977,2619,1899,1926
2709: 1933,2560,2539,2501,1951,2541,2504,2708
1915: 2496,927,1717,2631,2583,1796
2400: 2055,2315,2313,2178,2314,2306,2301,2305,2307,2406,2320,2415,2356,2403,2432,2158,2355,2389,2304,2319,2156,2321,2190,2346,2231,2270,2318,2316,2180,2317,1961
1921: 1974,1972,2015,1998,2027,1823,1940
1922: 1948,1864,1919,1823,1940,1920,1955,1843,1917
2034: 2101
1989: 2459,2303,2471,2522,2547,2179,2556,2481,2482,588,2458,2399,2479,2460,2306,2301,2305,2307
1950: 2067,2020,1999,2006,2068
2061: 2036,1995,2018,2027
1928: 1785
1972: 2015,946,1963,1942,1974,1921,1998,2027
2559: 2516,2650,2528,1951,2541,1933,2560,2539,2501
2583: 1717,2631,1796,1915,2496,1756,1819
2031: 1976,2212,2213,2207,2211,2165,2349
1933: 2560,2539,2501,2709,2528,1951,2541,2516,2650,2559,2486,2504,1884,2708,2508
2588: 2469,2601,2587,2635
2090: 2075,2115,2076,568,2108,2049,2012,2030,1966
1940: 1823,1974,1921,1920,1948,1864,1922,1919
1941: 1965,1920,1887,1912
1942: 1963,946,2073,1992,1972,2015
1995: 2036,2061,2018,2027
2125: 2542,582
2717: 422,2725,2695,2686
1947: 2053,1973
1953: 1825
2113: 2134,2054,2147,2093,2144,2160,1982,2135,2130,2163,2062,2137,2114,2037,2133,2092,2121,2099,2080,2063
1955: 1986,590,524,1948,1864,1922,1917
2012: 2108,2049,2176,2037,2133,2092,2064,2170,2127,2204,2045,2090,2075,2115,2076,2030,1966
2147: 2143,2077,2202,2142,2278,2122,2169,2120,2093,2144,1982,2135,2228,2038,2227,2229,2137,2114,2113,2134
1960: 1776,1736,1751,1756,1819
1961: 2226,2155,2353,2235,2400,2315,2313,2178,2314,2319,2341,2420,2156,2322,2321,2308,2154,2238,2318,2316,2180,2317,2225,2251,2131,2247,2202,2142,2278,2122,2169,2177,2112,2205,2129,2248
1997: 2208,2359,2167,2384,2445,2443,2168,2383,2166,2385,2105,2367,2302,2348,2233,2346,2231,2213,2207,2211,2232,2103
1963: 1942,946,2073,1992,1972,2015
1986: 1955,590,524,1948
1965: 1941,1920,1887,1912
1966: 2030,2108,2049,2012,2090,2075,2065,1987,2003
1967: 1936,940,571
1976: 2031,2212,2213,2207,2211,2165,2349
1977: 2039,1752,1781
1978: 1818,1803
1979: 502,444,1883,569
1991: 1886,502,2189,2255,1883
1992: 2073,2570,946,1963,1942,444
2020: 2067,1950,1999,2006,2068
1994: 2182,2188,2186,2183,2184,2187,2162,2256,2107,2185,2150,2138,2323,2159,2283,2163,2062,2175,2259,2181,2149,2258,2133,2064,2170,2127,2204,2045
1998: 2027,1972,2015,2036,1974,1921
1999: 2067,1950,2020,2006,2068
2055: 2400,2315,2313,2178,2314,2306,2301,2305,2307,2406,2320,2415,2356,2403,2432,2357,2158,2355,2389,2304,2319,2156,2321,2190,2346,2231,2270,2318,2316,2180,2317
2030: 1966,2108,2049,2012,2090,2075,2065,2011,1987,2003
2003: 1987,2065,2011,2030,1966
2004: 2057,534
2108: 2049,2176,2012,2037,2092,2064,2090,2075,2115,2076,2065,2011,2030,1966
2006: 2068,2067,1950,2020,1999
2708: 2486,2504,1884,1951,2541,1933,2560,2539,2501,2709,2489,1830,1882,1907,2508,927
2162: 2129,2248,2256,2235,2225,2251,2131,2249,2250,2247,2252,2122,2169,2177,2112,2205,2107,2185,2150,2138,2093,2144,2160,1982,2135,2130,2163,2062,2175,2259,2182,1994,2188,2186,2183,2184
2105: 2383,2166,2385,2367,2302,2458,2399,2479,2460,2306,2301,2305,2307,2445,2443,2168,2389,2304,2348,2233,2208,2359,2167,2384,1997,2190,2346,2231,2270
2026: 2119
2011: 2065,2080,2052,2063,2108,2029,2030,1987,2003
2347: 2240,2245,2381,2351,2215,2243,2044,2408,2241,2253,2244,2246,2300,2344,2404,2323,2159,2283,2282,2338,2110,2275,2339,2094
2591: 2625,2589
2015: 1972,946,1963,1942,1974,1921,1998,2027
2016: 2309,2308,2154,2238,2357,2414,2355,2310,2379,2419,2416,2365,2378,2265,915,2333,2319,2341,2420,2156,2322,2321,2331,2214,2218,2330,2226,2155,2235,2225,2251,2131,2249,2250,2247,2219,2288,2252
2018: 2036,1995,2061,2027
2611: 2612,2682,2630,2658,2704,2637,2613,2493,2610,2564,2609,2683,2657,2646,2689
2021: 2594,2580,1939,2563,2623,2579,2602
2057: 2004,534
2639: 2606,2576,2667,2612,2682,2630,2658
2024: 2374,2351,2311,2299,2215,2267,915,2333,2394,2409,2263,2262,2331,2214,2218,2330,2243,2325,2044,2219,2288,2252,2312,2216,2253,2244,2246,2300
2027: 1998,1972,2015,2036,1995,2061,2018,1974,1921
2146: 2274
2029: 2121,2099,2080,2052,2063,2065,2011
2442: 589,2565
2036: 1995,2061,2018,1998,2027
2037: 2133,2092,2093,2144,2160,2163,2062,2175,2188,2113,2134,2054,2064,2170,2127,2080,2063,2108,2049,2176,2012
2038: 2228,2227,2229,2104,2164,2120,2077,2147,2137,2114,2121,2099
2039: 1977,1752,1781
2040: 1701,1700,2334,2392,2266,2454,1677,2488,2464,2465,1671,2364,2217,2362,2410,2361,915,2333,2394,2409,2263,2262,2293,2363
2699: 2692,2722,945,2728,551
2043: 2132,2272,2091,2201,2280,2139,2279,2237,568,2260,2199,2042,2236
2044: 2243,2325,2394,2262,2293,2363,2292,2439,2374,2351,2311,2299,2024,2215,2046,2386,2324,2408,2241,2244,2246,2240,2347,2245,2381,2344,2404
2045: 2204,2182,1994,2188,2186,2184,2187,2181,2149,2258,2272,2091,2140,2201,2337,2261,2170,2127,568,2012,2115,2076
2716: 2685,2684,2662
2346: 2190,2231,2270,2383,2166,2385,2105,2367,2302,2389,2304,2400,2055,2315,2313,2178,2208,2359,2167,2384,1997,2318,2316,2180,2317,2232,2103,2202,2278
2049: 2108,2176,2012,2037,2092,2064,2170,2090,2075,2115,2076,2065,2030,1966
2050: 2087,583
2232: 2103,2359,2167,1997,2190,2346,2231,2213,2207,2211,2104,2164,2210,2120
2052: 2080,2137,2114,2134,2054,2092,2121,2099,2063,2029,2065,2011
2053: 1973,1947,2116,1985
2054: 2113,2134,2093,2144,2160,1982,2135,2163,2062,2137,2114,2037,2133,2092,2121,2099,2080,2052,2063
2059: 2033
2190: 2346,2231,2270,2166,2105,2367,2302,2389,2304,2400,2055,2315,2313,2178,2314,2208,2359,2167,2384,2318,2316,2180,2317,2232,2103,2202,2142,2278
2062: 2163,2175,2259,2122,2169,2177,2162,2129,2248,2256,2107,2185,2150,2138,2093,2144,2160,1982,2135,2130,2182,1994,2188,2186,2183,2184,2113,2134,2054,2037,2133,2092,2064,2127
2063: 2113,2134,2054,2037,2133,2092,2064,2080,2052,2176,2029,2065,2011
2065: 2011,2080,2052,2063,2108,2049,2176,2029,2030,1966,1987,2003
2066: 2332,2395,2391,2277,2193,2405,2002,2422,2474,2196,2191,2335,2271,2197
2067: 1950,2020,1999,2006,2068
2068: 2006,2067,1950,2020,1999
2680: 2729,2694,2730,2713,1820,1858,2715,2727,2678
2070: 2336
2575: 2672,2627,2590,1323,1454
2072: 2223
2073: 1992,2570,946,1963,1942,444
2074: 580,2141,2198,2145
2075: 2090,2115,2076,568,2108,2049,2176,2012,2030,1966
2077: 2143,2147,2202,2142,2122,2169,2120,2093,2144,1982,2135,2228,2038,2227,2229,2137,2114,2134
2144: 2093,2160,1982,2135,2130,2202,2142,2278,2122,2169,2177,2112,2205,2162,2129,2248,2256,2143,2077,2147,2163,2062,2175,2259,2113,2134,2054,2037,2133
2103: 2232,2208,2359,2167,1997,2190,2346,2231,2213,2207,2211,2104,2164,2210,2120
2087: 2050,583
2521: 2370,916,2173,434
2089: 2345,2275,2339,2094,2240,2381,2404,2282,2338,2277,2193,2405,2002,2140,2201,2337,2261,2281,2280,2139,2279,2237,2196,2191
2091: 2272,2140,2201,2337,2261,2323,2282,2338,2339,2094,2181,2149,2258,2281,2280,2139,2279,2204,2045,568,2043,2132
2092: 2037,2133,2093,2160,2163,2062,2113,2134,2054,2064,2080,2052,2063,2108,2049,2176,2012
2093: 2144,2160,1982,2135,2130,2142,2122,2169,2177,2162,2256,2143,2077,2147,2163,2062,2175,2259,2137,2114,2113,2134,2054,2037,2133,2092
2094: 2089,2345,2275,2339,2240,2347,2245,2381,2344,2404,2342,2282,2338,2110,2193,2405,2002,2272,2091,2140,2201,2337,2261,2281,2280,2139,2279,2237,2196,2191
2095: 2570
2096: 2290,2659,2203,2615
2097: 2161,512,2260,2199,2329
2098: 2042,2236
2099: 2121,2228,2038,2137,2114,2113,2134,2054,2080,2052,2029
2101: 2034,1898,1775
2641: 2593
2202: 2142,2278,2190,2346,2231,2270,2318,2316,2180,2317,2353,1961,2122,2169,2177,2112,2205,2120,2143,2077,2147,2144,1982,2135
2110: 2342,2282,2338,2253,2244,2246,2300,2240,2347,2245,2381,2323,2159,2283,2275,2339,2094,2181,2149,2258,2140,2337,2261
2201: 2272,2091,2140,2337,2261,2323,2282,2338,2089,2345,2339,2094,2181,2149,2258,2281,2280,2139,2279,2237,2204,2045,568,2043,2132
2112: 2122,2169,2177,2205,2318,2316,2180,2317,2226,2155,2353,1961,2235,2225,2247,2202,2142,2278,2162,2129,2248,2256,2143,2144,1982,2135,2130
2114: 2137,2077,2147,2093,2160,1982,2135,2228,2038,2227,2113,2134,2054,2121,2099,2080,2052
2115: 2090,2075,2076,2170,2127,2204,2045,568,2108,2049,2012
2116: 1985,2117,2206,2053,1973
2117: 2206,2116,1985
2119: 2026
2120: 2232,2103,2202,2142,2278,2104,2164,2210,2143,2077,2147,2228,2038,2227,2229
2121: 2099,2228,2038,2227,2229,2137,2114,2113,2134,2054,2080,2052,2029
2122: 2169,2177,2112,2205,2318,2316,2180,2317,2353,1961,2235,2202,2142,2278,2162,2129,2248,2256,2143,2077,2147,2093,2144,2160,1982,2135,2130,2163,2062
2123: 2586,572
2238: 2309,2308,2016,2154,2357,2355,2310,2419,2365,2265,2319,2341,2420,2156,2322,2321,2331,2214,2218,2330,2226,2155,2353,1961,2235,2225,2251,2131,2249,2250,2247,2219,2288,2252,2216
2129: 2162,2248,2256,2226,2155,2353,1961,2235,2225,2251,2131,2249,2250,2247,2219,2288,2252,2312,2122,2169,2177,2112,2205,2107,2185,2150,2138,2144,2130,2163,2062,2175,2259,2183
2130: 2093,2144,2160,1982,2135,2142,2122,2169,2177,2112,2205,2162,2129,2248,2256,2143,2163,2062,2175,2259,2113,2134,2133
2131: 2225,2251,2249,2250,2247,2341,2420,2156,2309,2308,2016,2154,2238,2331,2214,2218,2330,2226,2155,2353,1961,2235,2219,2288,2252,2312,2216,2177,2162,2129,2248,2256,2107,2185,2150,2138
2134: 2113,2054,2143,2077,2147,2093,2144,2160,1982,2135,2130,2163,2062,2137,2114,2037,2133,2092,2121,2099,2080,2052,2063
2135: 2093,2144,2160,1982,2130,2202,2142,2278,2122,2169,2177,2112,2205,2162,2256,2143,2077,2147,2163,2062,2114,2113,2134,2054,2133
2258: 2181,2149,2107,2185,2150,2323,2159,2283,2282,2338,2110,2182,1994,2188,2186,2183,2184,2187,2272,2091,2140,2201,2337,2261,2170,2127,2204,2045
2137: 2114,2077,2147,2093,2160,1982,2228,2038,2227,2113,2134,2054,2121,2099,2080,2052
2138: 2107,2185,2150,2131,2249,2250,2247,2252,2312,2162,2129,2248,2256,2323,2283,2163,2062,2175,2259,2182,1994,2188,2186,2183,2184,2187,2149
2139: 2281,2280,2279,2237,2282,2338,2089,2345,2275,2339,2094,2193,2002,2272,2091,2140,2201,2337,2261,2196,2191,568,2043,2132,2260
2140: 2272,2091,2201,2337,2261,2323,2282,2338,2110,2089,2345,2275,2339,2094,2181,2149,2258,2281,2280,2139,2279,2237,2204,2045,568,2132
2141: 2074,580
2142: 2202,2278,2190,2270,2318,2316,2180,2317,2353,1961,2235,2122,2169,2177,2112,2205,2120,2143,2077,2147,2093,2144,1982,2135,2130
2148: 2224,2498,2499
2149: 2181,2258,2107,2185,2150,2138,2323,2159,2283,2282,2110,2182,1994,2188,2186,2183,2184,2187,2272,2091,2140,2201,2337,2261,2170,2127,2204,2045
2150: 2107,2185,2138,2225,2251,2131,2249,2250,2247,2219,2288,2252,2312,2216,2253,2244,2246,2300,2162,2129,2248,2256,2323,2159,2283,2163,2062,2175,2259,2182,1994,2188,2186,2183,2184,2187,2181,2149,2258
2151: 2653,2450,2561,2568,2534
2152: 2433,2427,2487,2429,2480,2477,2456,2485,2377,2476,2475,2523,2512,853,2461,2376,2417,2157,2465,2364,2357,2352,2414,2355,2310,2379,2419,2416,2365,2378,2265,915
2377: 2476,2475,2523,2512,2487,2429,2480,2477,2456,2485,853,1677,2461,2376,2417,2157,2433,2427,2152,2465,2364
2154: 2309,2308,2016,2238,2357,2158,2355,2310,2419,2365,2265,2319,2341,2420,2156,2322,2321,2331,2214,2218,2330,2226,2155,2353,1961,2235,2225,2251,2131,2249,2250,2247,2219,2288,2252
2155: 2226,2353,1961,2235,2315,2313,2178,2314,2319,2341,2420,2156,2322,2321,2309,2308,2016,2154,2238,2318,2316,2180,2317,2225,2251,2131,2249,2250,2247,2169,2177,2112,2205,2129,2248,2256
2156: 2319,2341,2420,2322,2321,2406,2320,2356,2357,2158,2414,2355,2310,2419,2365,2265,2400,2055,2315,2313,2178,2314,2309,2308,2016,2154,2238,2318,2316,2180,2226,2155,2353,1961,2235,2225,2251,2131
2157: 2461,2376,2417,2466,2402,2487,2429,2480,2477,2456,2485,2377,2475,2512,2431,2433,2427,2152,2406,2320,2415,2356,2357,2158,2352,2414,2355,2310,2379,2419,2416,2365,2378,2265
2158: 2357,2352,2414,2355,2310,2379,2431,2461,2376,2417,2157,2406,2320,2415,2356,2403,2432,2419,2416,2365,2378,2265,2400,2055,2315,2313,2178,2314,2319,2341,2420,2156,2322,2321,2308,2154
2159: 2323,2283,2312,2216,2253,2244,2246,2300,2240,2347,2245,2381,2107,2185,2150,2282,2338,2110,2182,1994,2183,2184,2187,2181,2149,2258,2337,2261
2160: 2093,2144,1982,2135,2130,2122,2169,2177,2162,2256,2143,2163,2062,2175,2259,2137,2114,2113,2134,2054,2037,2133,2092
2161: 2097,512,2260,2199,2329
2164: 2104,2210,2213,2207,2211,2232,2103,2120,2228,2038,2227,2229
2165: 2349,2212,2031,1976,571
2166: 2383,2385,2105,2367,2302,2399,2479,2301,2305,2307,2445,2443,2168,2389,2304,2348,2233,2208,2359,2167,2384,1997,2190,2346,2231
2167: 2208,2359,2384,1997,2445,2443,2383,2166,2385,2105,2367,2302,2389,2304,2348,2233,2190,2346,2231,2270,2213,2207,2211,2232,2103
2168: 2445,2443,588,2458,2399,2479,2460,2383,2166,2385,2105,2367,2302,2418,2348,2233,2208,2384,1997
2169: 2122,2177,2112,2205,2318,2316,2180,2317,2155,2353,1961,2235,2225,2247,2202,2142,2278,2162,2129,2248,2256,2143,2077,2147,2093,2144,2160,1982,2135,2130,2163,2062
2170: 2064,2127,2175,2259,2182,1994,2188,2186,2183,2184,2187,2181,2149,2258,2037,2133,2204,2045,2049,2176,2012,2115,2076
2406: 2320,2415,2356,2403,2432,2431,2461,2376,2417,2157,2306,2301,2305,2307,2357,2158,2352,2414,2355,2310,2379,2389,2400,2055,2315,2313,2178,2314,2319,2341,2420,2156,2322,2321
2658: 2612,2682,2630,2611,2704,2639,2606,2637,2613,2493,2610,2564,2609,2683,2657,2689
2173: 2358,2370,2521,2198,2145,434
2174: 2455,2396
2175: 2163,2062,2259,2177,2162,2129,2248,2256,2107,2185,2150,2138,2093,2144,2160,2130,2182,1994,2188,2186,2183,2184,2187,2037,2133,2064,2170,2127
2176: 2108,2049,2012,2037,2133,2092,2064,2170,2127,2063,2075,2065
2177: 2122,2169,2112,2205,2318,2316,2180,2317,2226,2155,2353,1961,2235,2225,2251,2131,2249,2250,2247,2202,2142,2278,2162,2129,2248,2256,2143,2093,2144,2160,1982,2135,2130,2163,2062,2175,2259
2178: 2400,2055,2315,2313,2314,2301,2305,2307,2406,2320,2356,2357,2158,2355,2389,2304,2319,2341,2420,2156,2322,2321,2190,2346,2231,2270,2318,2316,2180,2317,2226,2155,2353,1961,2235
2179: 2484,2548,2471,2522,2430,2547,2524,2466,2530,2434,2402,2459,1989,2303,2431
2180: 2318,2316,2317,2389,2304,2400,2055,2315,2313,2178,2314,2156,2321,2190,2346,2231,2270,2155,2353,1961,2235,2202,2142,2278,2122,2169,2177,2112,2205
2181: 2149,2258,2185,2150,2323,2159,2283,2282,2338,2110,2182,1994,2188,2186,2183,2184,2187,2272,2091,2140,2201,2337,2261,2170,2127,2204,2045,568
2182: 1994,2188,2186,2183,2184,2187,2162,2256,2107,2185,2150,2138,2323,2159,2283,2163,2062,2175,2259,2181,2149,2258,2133,2064,2170,2127,2204,2045
2183: 2182,1994,2188,2186,2184,2187,2162,2129,2248,2256,2107,2185,2150,2138,2323,2159,2283,2163,2062,2175,2259,2181,2149,2258,2133,2064,2170,2127,2204
2184: 2182,1994,2188,2186,2183,2187,2162,2256,2107,2185,2150,2138,2323,2159,2283,2062,2175,2259,2181,2149,2258,2064,2170,2127,2204,2045
2185: 2107,2150,2138,2131,2249,2250,2247,2252,2312,2253,2162,2129,2248,2256,2323,2159,2283,2163,2062,2175,2259,2182,1994,2188,2186,2183,2184,2187,2181,2149,2258
2186: 2182,1994,2188,2183,2184,2187,2162,2256,2107,2185,2150,2138,2323,2283,2163,2062,2175,2259,2181,2149,2258,2133,2064,2170,2127,2204,2045
2187: 2182,1994,2188,2186,2183,2184,2107,2185,2150,2138,2323,2159,2283,2175,2259,2181,2149,2258,2133,2064,2170,2127,2204,2045
2188: 2182,1994,2186,2183,2184,2187,2162,2256,2107,2185,2150,2138,2323,2163,2062,2175,2259,2181,2149,2258,2037,2133,2064,2170,2127,2204,2045
2189: 2255,2579,2602,1991,1886,1867,1913
2191: 2196,2089,2345,2275,2339,2094,2277,2193,2405,2002,2332,2395,2391,2066,2281,2280,2139,2279,2237,2335,2271,2197,2132,2260,2199,2329
2683: 2657,2612,2682,2630,2658,2611,2704,2700,2614,2675,2673
2193: 2277,2405,2002,2404,2089,2345,2275,2339,2094,2332,2395,2391,2066,2281,2280,2139,2279,2237,2196,2191,2335,2271,2197
2344: 2404,2243,2325,2044,2046,2386,2324,2408,2241,2242,2425,2423,2382,2240,2347,2245,2381,2338,2275,2339,2094
2195: 2435,2451,2544,2340,2437,2332,2391,2422,2474,540
2196: 2191,2089,2345,2275,2339,2094,2277,2193,2405,2002,2332,2395,2391,2066,2281,2280,2139,2279,2237,2335,2271,2197,2132,2260,2199,2329
2197: 2335,2271,2277,2193,2002,2332,2395,2391,2066,2422,2474,2196,2191,2260,2199,2329
2198: 2145,2074,580,2358,2173
2199: 2260,2280,2237,2196,2191,2335,2271,2197,2043,2132,2329,2042,2236,2161,2097
2343: 2436
2203: 585,2393,2723,2096,2290
2204: 2045,2182,1994,2188,2186,2183,2184,2187,2181,2149,2258,2272,2091,2140,2201,2337,2261,2170,2127,568,2012,2115,2076
2205: 2122,2169,2177,2112,2318,2316,2180,2317,2226,2155,2353,1961,2235,2225,2249,2247,2202,2142,2278,2162,2129,2248,2256,2143,2144,1982,2135,2130
2206: 2117,2116,1985
2207: 2213,2211,2426,2366,2348,2233,2167,1997,2232,2103,2031,1976,2104,2164,2210
2208: 2359,2167,2384,1997,2445,2443,2168,2383,2166,2385,2105,2367,2302,2389,2304,2348,2233,2190,2346,2231,2270,2213,2211,2103
2209: 2446,2448,2447,900,455
2210: 2104,2164,2213,2207,2211,2232,2103,2120
2211: 2213,2207,2426,2366,2348,2233,2208,2167,2384,1997,2232,2103,2031,1976,2104,2164,2210
2212: 2418,2366,2165,2349,2031,1976
2213: 2207,2211,2426,2366,2348,2233,2208,2359,2167,2384,1997,2232,2103,2031,1976,2104,2164,2210
2214: 2331,2218,2330,2365,2265,915,2333,2409,2263,2309,2308,2016,2154,2238,2374,2351,2311,2299,2024,2215,2267,2225,2251,2131,2249,2250,2219,2288,2252,2312,2216,2253,2244,2246,2300
2215: 2374,2351,2311,2299,2024,2267,2333,2262,2293,2331,2214,2243,2325,2044,2312,2216,2253,2244,2246,2300,2240,2347,2245,2381
2216: 2219,2288,2252,2312,2309,2238,2331,2214,2218,2330,2374,2351,2311,2299,2024,2215,2267,2225,2251,2131,2249,2250,2247,2253,2244,2246,2300,2107,2150,2323,2159,2283
2217: 2362,2410,2361,2268,2463,2462,2334,2392,2266,2040,2454,2505,2373,2394,2262,2293,2363,2292,2439,2411
2218: 2331,2214,2330,2419,2416,2365,2378,2265,915,2333,2409,2263,2309,2308,2016,2154,2238,2374,2311,2299,2024,2267,2225,2251,2131,2250,2219,2288,2252,2216,2300
2219: 2288,2252,2312,2216,2309,2308,2016,2154,2238,2331,2214,2218,2330,2311,2024,2267,2225,2251,2131,2249,2250,2247,2253,2244,2246,2300,2129,2248,2107,2150,2283
2353: 2226,2155,1961,2235,2315,2313,2178,2314,2319,2341,2420,2156,2322,2321,2308,2154,2238,2318,2316,2180,2317,2225,2251,2131,2249,2247,2202,2142,2278,2122,2169,2177,2112,2205,2129,2248,2256
2223: 2072
2224: 2148,2498,2499
2225: 2251,2131,2249,2250,2247,2319,2341,2420,2156,2322,2321,2309,2308,2016,2154,2238,2331,2214,2218,2330,2226,2155,2353,1961,2235,2219,2288,2252,2312,2216,2169,2177,2112,2205,2162,2129,2248,2256,2107,2150
2226: 2155,2353,1961,2235,2313,2178,2314,2319,2341,2420,2156,2322,2321,2309,2308,2016,2154,2238,2318,2316,2225,2251,2131,2249,2250,2247,2177,2112,2205,2129,2248,2256
2227: 2228,2038,2229,2104,2164,2120,2077,2147,2137,2114,2121
2228: 2038,2227,2229,2104,2164,2120,2077,2147,2137,2114,2121,2099
2229: 2228,2038,2227,2104,2164,2120,2077,2147,2121
2437: 2340,2425,2382,2544,2435,2195,2451,2277,2405,2332,2391,2422,2474
2231: 2190,2346,2270,2383,2166,2385,2105,2367,2302,2389,2304,2400,2055,2315,2313,2178,2208,2359,2167,2384,1997,2318,2316,2180,2317,2232,2103,2202,2278
2235: 2226,2155,2353,1961,2313,2178,2314,2319,2341,2420,2156,2322,2321,2309,2308,2016,2154,2238,2318,2316,2180,2225,2251,2131,2249,2250,2247,2142,2278,2122,2169,2177,2112,2205,2162,2129,2248,2256
2236: 2042,568,2043,2132,2260,2199,2098
2237: 2281,2280,2139,2279,2089,2345,2275,2339,2094,2277,2193,2405,2002,2140,2201,2196,2191,568,2043,2132,2260,2199
2599: 2632,977,2616,2600,2598,2562,2603
2240: 2347,2245,2381,2351,2215,2243,2044,2408,2241,2253,2244,2246,2344,2404,2323,2159,2283,2282,2338,2110,2089,2275,2339,2094
2241: 2046,2386,2324,2408,2293,2363,2292,2439,2411,2424,2243,2325,2044,2242,2425,2423,2240,2347,2245,2381,2344
2242: 2425,2423,2382,2292,2439,2411,2388,2291,2438,2424,2497,2452,2046,2386,2324,2408,2241,2344
2243: 2325,2044,2394,2409,2263,2262,2293,2363,2292,2439,2374,2351,2311,2299,2024,2215,2267,2046,2386,2324,2408,2241,2253,2244,2246,2300,2240,2347,2245,2381,2344
2244: 2253,2246,2300,2331,2214,2374,2351,2311,2299,2024,2215,2243,2325,2044,2219,2288,2312,2216,2240,2347,2245,2381,2107,2150,2323,2159,2283,2282,2338,2110
2245: 2240,2347,2381,2351,2215,2243,2325,2044,2046,2324,2408,2241,2253,2244,2246,2344,2404,2159,2282,2338,2110,2275,2339,2094
2246: 2253,2244,2300,2331,2214,2374,2351,2311,2299,2024,2215,2267,2243,2325,2044,2219,2288,2312,2216,2240,2347,2245,2381,2107,2150,2323,2159,2283,2282,2338,2110
2247: 2225,2251,2131,2249,2250,2341,2309,2308,2016,2154,2238,2331,2226,2155,2353,1961,2235,2219,2288,2252,2312,2216,2169,2177,2112,2205,2162,2129,2248,2256,2107,2185,2150,2138
2248: 2162,2129,2256,2226,2155,2353,1961,2235,2225,2251,2131,2249,2250,2247,2219,2288,2252,2122,2169,2177,2112,2205,2107,2185,2150,2138,2144,2130,2163,2062,2175,2259,2183
2249: 2225,2251,2131,2250,2247,2309,2308,2016,2154,2238,2331,2214,2226,2155,2353,2235,2219,2288,2252,2312,2216,2177,2205,2162,2129,2248,2256,2107,2185,2150,2138
2250: 2225,2251,2131,2249,2247,2341,2309,2308,2016,2154,2238,2331,2214,2218,2330,2226,2155,2235,2219,2288,2252,2312,2216,2177,2162,2129,2248,2256,2107,2185,2150,2138
2251: 2225,2131,2249,2250,2247,2341,2420,2156,2322,2309,2308,2016,2154,2238,2331,2214,2218,2330,2226,2155,2353,1961,2235,2219,2288,2252,2312,2216,2177,2162,2129,2248,2256,2107,2150
2252: 2219,2288,2312,2216,2309,2308,2016,2154,2238,2331,2214,2218,2311,2024,2225,2251,2131,2249,2250,2247,2253,2300,2162,2129,2248,2256,2107,2185,2150,2138,2283
2253: 2244,2246,2300,2331,2214,2351,2311,2299,2024,2215,2243,2219,2288,2252,2312,2216,2240,2347,2245,2381,2107,2185,2150,2323,2159,2283,2282,2110
2731: 2710,2719,551,2730,2713,2715,2727,2678
2256: 2162,2129,2248,2226,2155,2353,2235,2225,2251,2131,2249,2250,2247,2252,2122,2169,2177,2112,2205,2107,2185,2150,2138,2093,2144,2160,1982,2135,2130,2163,2062,2175,2259,2182,1994,2188,2186,2183,2184
2650: 2516,2559,2528,1951,2541,2648,1933,2560,2539,2501,2508
2259: 2163,2062,2175,2177,2162,2129,2248,2256,2107,2185,2150,2138,2093,2144,2160,2130,2182,1994,2188,2186,2183,2184,2187,2133,2064,2170,2127
2260: 2199,2281,2280,2139,2279,2237,2196,2191,2335,2271,2197,2043,2132,2329,2236,2161,2097
2262: 2394,2409,2263,1671,2334,2392,2266,2040,2454,2217,2362,2410,2361,2333,2293,2363,2374,2351,2311,2299,2024,2215,2267,2243,2325,2044
2263: 2394,2409,2262,2465,1671,2364,1700,2334,2392,2266,2040,2410,915,2333,2293,2331,2214,2218,2330,2374,2311,2299,2024,2267,2243,2325
2600: 2598,2562,977,1899,2632,2599,2603,2528
2265: 2419,2416,2365,2378,2376,2157,2433,2152,2465,2364,2357,2158,2352,2414,2355,2310,2379,915,2333,2319,2341,2420,2156,2322,2321,2309,2308,2016,2154,2238,2331,2214,2218,2330
2266: 1701,1700,2334,2392,2040,2454,2488,2464,2268,2463,2462,1671,2217,2362,2410,2361,2333,2394,2409,2263,2262,2293,2363
2267: 2374,2351,2311,2299,2024,2215,915,2333,2394,2409,2263,2262,2293,2331,2214,2218,2330,2243,2325,2219,2288,2216,2246,2300
2268: 2463,2462,2488,2464,2334,2266,2454,2217,2362,2410,2361,2505,2373
2307: 2306,2301,2305,2459,1989,2431,2458,2399,2479,2460,2406,2320,2415,2356,2403,2432,2383,2166,2385,2105,2367,2302,2389,2304,2400,2055,2315,2313,2178,2314
2270: 2190,2346,2231,2105,2367,2302,2389,2304,2400,2055,2315,2313,2178,2314,2208,2359,2167,2318,2316,2180,2317,2202,2142,2278
2271: 2335,2197,2277,2193,2405,2002,2332,2395,2391,2066,2422,2474,2196,2191,2260,2199,2329
2272: 2091,2140,2201,2337,2261,2323,2282,2339,2094,2181,2149,2258,2281,2280,2139,2279,2204,2045,568,2043,2132
2469: 2588,2601,2587,2635
2274: 2146
2275: 2089,2345,2339,2094,2240,2347,2245,2381,2344,2404,2282,2338,2110,2277,2193,2405,2002,2140,2337,2261,2281,2280,2139,2279,2237,2196,2191
2669: 
2277: 2193,2405,2002,2404,2340,2437,2089,2345,2275,2332,2395,2391,2066,2237,2196,2191,2335,2271,2197
2278: 2202,2142,2190,2346,2231,2270,2318,2316,2180,2317,2353,1961,2235,2122,2169,2177,2112,2205,2120,2143,2147,2144,1982,2135
2279: 2281,2280,2139,2237,2282,2338,2089,2345,2275,2339,2094,2193,2002,2272,2091,2140,2201,2337,2261,2196,2191,568,2043,2132,2260
2280: 2281,2139,2279,2237,2282,2338,2089,2345,2275,2339,2094,2193,2002,2272,2091,2140,2201,2337,2261,2196,2191,568,2043,2132,2260,2199
2282: 2342,2338,2110,2253,2244,2246,2240,2347,2245,2381,2323,2159,2283,2089,2275,2339,2094,2181,2149,2258,2272,2091,2140,2201,2337,2261,2281,2280,2139,2279
2283: 2323,2159,2219,2288,2252,2312,2216,2253,2244,2246,2300,2240,2347,2107,2185,2150,2138,2282,2338,2110,2182,1994,2186,2183,2184,2187,2181,2149,2258,2337
2345: 2089,2275,2339,2094,2404,2338,2277,2193,2405,2002,2140,2201,2337,2261,2281,2280,2139,2279,2237,2196,2191
2285: 2495,2592,2550,2467,2514,2601,2543,2573,2585,2398
2286: 2584,2545
2287: 2519
2288: 2219,2252,2312,2216,2309,2308,2016,2154,2238,2331,2214,2218,2330,2311,2024,2267,2225,2251,2131,2249,2250,2247,2253,2244,2246,2300,2129,2248,2107,2150,2283
2290: 2096,2659,2203,2615
2291: 2388,2438,2424,2497,2292,2439,2411,2452,2046,2386,2242,2425,2423
2292: 2439,2411,2217,2362,2410,2361,2505,2373,2293,2363,2388,2291,2438,2424,2243,2325,2044,2046,2386,2324,2408,2241,2242,2425,2423
2293: 2363,2392,2266,2040,2217,2362,2410,2361,2505,2373,2394,2409,2263,2262,2292,2439,2411,2374,2351,2299,2215,2267,2243,2325,2044,2046,2386,2324,2408,2241
2724: 2692,2707,2722,2684,2662,932,945
2601: 2543,2573,2550,2467,2514,2495,2592,2285,2585,2398,2588,2469,2574
2543: 2601,2573,2550,2467,2514,2495,2592,2285,2585,2398,2574
2439: 2292,2411,2217,2362,2410,2361,2505,2373,2293,2363,2388,2291,2438,2424,2243,2325,2044,2046,2386,2324,2408,2241,2242,2425,2423
2525: 2371,2396
2299: 2374,2351,2311,2024,2215,2267,2333,2394,2409,2263,2262,2293,2331,2214,2218,2330,2243,2325,2044,2216,2253,2244,2246,2300
2300: 2253,2244,2246,2331,2214,2218,2330,2374,2351,2311,2299,2024,2215,2267,2243,2219,2288,2252,2312,2216,2347,2107,2150,2323,2159,2283,2110
2301: 2306,2305,2307,2459,1989,2303,2431,2458,2399,2479,2460,2406,2320,2415,2356,2403,2432,2383,2166,2385,2105,2367,2302,2389,2304,2400,2055,2315,2313,2178
2302: 2383,2166,2385,2105,2367,588,2458,2399,2479,2460,2306,2301,2305,2307,2445,2443,2168,2389,2304,2348,2233,2208,2359,2167,2384,1997,2190,2346,2231,2270
2303: 2459,1989,2555,2483,2471,2522,2430,2547,2484,2548,2179,2556,2481,2482,588,2458,2399,2479,2460,2306,2301
2304: 2389,2306,2301,2305,2307,2320,2383,2166,2385,2105,2367,2302,2400,2055,2315,2313,2178,2314,2208,2359,2167,2384,2190,2346,2231,2270,2318,2316,2180,2317
2305: 2306,2301,2307,2459,1989,2431,2458,2399,2479,2460,2406,2320,2415,2356,2403,2432,2383,2166,2385,2105,2367,2302,2389,2304,2400,2055,2315,2313,2178
2306: 2301,2305,2307,2459,1989,2303,2431,2458,2399,2479,2460,2406,2320,2415,2356,2403,2432,2383,2385,2105,2367,2302,2389,2304,2400,2055,2315,2313
2308: 2309,2016,2154,2238,2357,2158,2352,2414,2355,2310,2379,2419,2416,2365,2378,2265,915,2333,2319,2341,2420,2156,2322,2321,2331,2214,2218,2330,2226,2155,2353,1961,2235,2225,2251,2131,2249,2250,2247,2219,2288,2252
2309: 2308,2016,2154,2238,2357,2310,2419,2365,2378,2265,915,2333,2319,2341,2420,2156,2322,2321,2331,2214,2218,2330,2226,2155,2235,2225,2251,2131,2249,2250,2247,2219,2288,2252,2216
2310: 2357,2158,2352,2414,2355,2379,2461,2376,2417,2157,2433,2152,2406,2320,2415,2356,2419,2416,2365,2378,2265,2319,2341,2420,2156,2322,2321,2309,2308,2016,2154,2238
2313: 2400,2055,2315,2178,2314,2306,2301,2305,2307,2406,2320,2357,2158,2355,2389,2304,2319,2341,2420,2156,2322,2321,2190,2346,2231,2270,2318,2316,2180,2317,2226,2155,2353,1961,2235
2314: 2400,2055,2315,2313,2178,2307,2406,2320,2356,2357,2158,2355,2389,2304,2319,2341,2420,2156,2322,2321,2190,2270,2318,2316,2180,2317,2226,2155,2353,1961,2235
2315: 2400,2055,2313,2178,2314,2306,2301,2305,2307,2406,2320,2356,2357,2158,2355,2389,2304,2319,2341,2156,2321,2190,2346,2231,2270,2318,2316,2180,2317,2155,2353,1961
2316: 2318,2180,2317,2389,2304,2400,2055,2315,2313,2178,2314,2319,2341,2156,2321,2190,2346,2231,2270,2226,2155,2353,1961,2235,2202,2142,2278,2122,2169,2177,2112,2205
2317: 2318,2316,2180,2389,2304,2400,2055,2315,2313,2178,2314,2190,2346,2231,2270,2155,2353,1961,2202,2142,2278,2122,2169,2177,2112,2205
2318: 2316,2180,2317,2389,2304,2400,2055,2315,2313,2178,2314,2319,2341,2420,2156,2321,2190,2346,2231,2270,2226,2155,2353,1961,2235,2202,2142,2278,2122,2169,2177,2112,2205
2319: 2341,2420,2156,2322,2321,2406,2320,2415,2356,2357,2158,2352,2414,2355,2310,2379,2419,2416,2365,2378,2265,2400,2055,2315,2313,2178,2314,2309,2308,2016,2154,2238,2318,2316,2226,2155,2353,1961,2235,2225
2320: 2406,2415,2356,2403,2432,2431,2461,2417,2157,2306,2301,2305,2307,2357,2158,2352,2414,2355,2310,2379,2389,2304,2400,2055,2315,2313,2178,2314,2319,2341,2420,2156,2322,2321
2322: 2319,2341,2420,2156,2321,2406,2320,2415,2356,2357,2158,2352,2414,2355,2310,2379,2419,2416,2365,2378,2265,2313,2178,2314,2309,2308,2016,2154,2238,2226,2155,2353,1961,2235,2225,2251
2323: 2159,2283,2312,2216,2253,2244,2246,2300,2240,2347,2107,2185,2150,2138,2282,2338,2110,2182,1994,2188,2186,2183,2184,2187,2181,2149,2258,2272,2091,2140,2201,2337,2261
2324: 2046,2386,2408,2241,2293,2363,2292,2439,2411,2388,2424,2243,2325,2044,2242,2425,2423,2245,2381,2344
2325: 2243,2044,2394,2409,2263,2262,2293,2363,2292,2439,2374,2351,2311,2299,2024,2215,2267,2046,2386,2324,2408,2241,2244,2246,2245,2381,2344
2523: 2377,2476,2475,2512,2487,2429,2480,2477,2456,2485,853,1677,2376,2433,2427,2152,2465,2364
2407: 1773,2350,2551,2596,2655,1341
2567: 2616,2632,2637,2613
2329: 2196,2191,2335,2271,2197,2260,2199,2161,2097,512
2330: 2331,2214,2218,2419,2416,2365,2378,2265,915,2333,2409,2263,2309,2308,2016,2154,2238,2374,2311,2299,2024,2267,2225,2251,2131,2250,2219,2288,2216,2300
2331: 2214,2218,2330,2365,2265,915,2333,2409,2263,2309,2308,2016,2154,2238,2374,2351,2311,2299,2024,2215,2267,2225,2251,2131,2249,2250,2247,2219,2288,2252,2312,2216,2253,2244,2246,2300
2332: 2395,2391,2066,2340,2437,2435,2195,2277,2193,2405,2002,2422,2474,2196,2191,2335,2271,2197
2333: 915,2364,2392,2266,2040,2365,2265,2394,2409,2263,2262,2309,2308,2016,2331,2214,2218,2330,2374,2351,2311,2299,2024,2215,2267
2334: 1701,1700,2392,2266,2040,2454,1677,2488,2464,2268,2463,2462,1671,2217,2362,2410,2361,2394,2263,2262,2363
2335: 2271,2197,2277,2193,2405,2002,2332,2395,2391,2066,2422,2474,2196,2191,2260,2199,2329
2336: 2070
2337: 2272,2091,2140,2201,2261,2323,2159,2283,2342,2282,2338,2110,2089,2345,2275,2339,2094,2181,2149,2258,2281,2280,2139,2279,2204,2045
2338: 2342,2282,2110,2244,2246,2240,2347,2245,2381,2344,2404,2323,2159,2283,2089,2345,2275,2339,2094,2181,2258,2091,2140,2201,2337,2261,2281,2280,2139,2279
2339: 2089,2345,2275,2094,2240,2347,2245,2381,2344,2404,2342,2282,2338,2110,2193,2405,2002,2272,2091,2140,2201,2337,2261,2281,2280,2139,2279,2237,2196,2191
2340: 2437,2382,2544,2435,2195,2451,2277,2405,2332,2395,2391,2422,2474
2341: 2319,2420,2156,2322,2321,2406,2320,2357,2158,2352,2414,2355,2310,2419,2365,2265,2315,2313,2178,2314,2309,2308,2016,2154,2238,2318,2316,2226,2155,2353,1961,2235,2225,2251,2131,2250,2247
2342: 2282,2338,2110,2339,2094,2337,2261
2348: 2233,2445,2443,2168,2383,2166,2385,2105,2367,2302,2418,2426,2366,2208,2359,2167,2384,1997,2213,2207,2211
2349: 2165,2212,2031,1976,571
2350: 1773,2595,2449,2407,2596,2655
2351: 2374,2311,2299,2024,2215,2267,2333,2394,2262,2293,2331,2214,2243,2325,2044,2312,2216,2253,2244,2246,2300,2240,2347,2245,2381
2352: 2357,2158,2414,2355,2310,2379,2431,2461,2376,2417,2157,2433,2427,2152,2406,2320,2415,2356,2403,2432,2419,2416,2365,2378,2265,2319,2341,2420,2322,2321,2308
2590: 2627,2585,2398,918,2574,2575,2672
2355: 2357,2158,2352,2414,2310,2379,2431,2461,2376,2417,2157,2433,2152,2406,2320,2415,2356,2403,2432,2419,2416,2365,2378,2265,2400,2055,2315,2313,2178,2314,2319,2341,2420,2156,2322,2321,2308,2016,2154,2238
2356: 2406,2320,2415,2403,2432,2431,2461,2376,2417,2157,2306,2301,2305,2307,2357,2158,2352,2414,2355,2310,2379,2400,2055,2315,2178,2314,2319,2420,2156,2322,2321
2357: 2158,2352,2414,2355,2310,2379,2431,2461,2376,2417,2157,2433,2152,2406,2320,2415,2356,2419,2416,2365,2378,2265,2055,2315,2313,2178,2314,2319,2341,2420,2156,2322,2321,2309,2308,2016,2154,2238
2358: 2173,2370,2198,2145,434
2359: 2208,2167,2384,1997,2445,2443,2383,2166,2385,2105,2367,2302,2389,2304,2348,2233,2190,2346,2231,2270,2213,2232,2103
2360: 2503
2361: 2217,2362,2410,2268,2463,2462,2334,2266,2040,2454,2505,2373,2394,2262,2293,2363,2292,2439,2411
2362: 2217,2410,2361,2464,2268,2463,2462,2334,2392,2266,2040,2454,2505,2373,2394,2262,2293,2363,2292,2439,2411
2363: 2293,2334,2266,2040,2454,2217,2362,2410,2361,2505,2373,2394,2262,2292,2439,2411,2243,2325,2044,2046,2386,2324,2241
2364: 2465,1671,2377,2476,2475,2523,2512,853,1677,2433,2427,2152,1700,2392,2040,2419,2416,2365,2378,2265,915,2333,2409,2263
2365: 2419,2416,2378,2265,2157,2433,2152,2465,2364,2357,2158,2352,2414,2355,2310,2379,915,2333,2319,2341,2420,2156,2322,2321,2309,2308,2016,2154,2238,2331,2214,2218,2330
2366: 2418,2426,2348,2233,2212,2213,2207,2211
2367: 2383,2166,2385,2105,2302,2399,2479,2460,2306,2301,2305,2307,2445,2443,2168,2389,2304,2348,2233,2208,2359,2167,2384,1997,2190,2346,2231,2270
2369: 2473
2370: 2521,916,2358,2173,434
2371: 2525,2396
2485: 2487,2429,2480,2477,2456,2524,2222,2466,2530,2434,2402,2377,2476,2475,2523,2512,2431,2461,2376,2417,2157,2433,2427,2152
2373: 2505,2268,2463,2462,2217,2362,2410,2361,2293,2363,2292,2439,2411
2374: 2351,2311,2299,2024,2215,2267,2333,2394,2409,2263,2262,2293,2331,2214,2218,2330,2243,2325,2044,2216,2244,2246,2300
2555: 2483,2471,2522,2430,2547,2556,2481,2482,2459,2303
2376: 2461,2417,2157,2524,2222,2466,2402,2487,2429,2480,2477,2456,2485,2377,2476,2475,2523,2512,2431,2433,2427,2152,2406,2415,2356,2357,2158,2352,2414,2355,2310,2379,2419,2416,2378,2265
2378: 2419,2416,2365,2265,2376,2417,2157,2433,2427,2152,2465,2364,2357,2158,2352,2414,2355,2310,2379,915,2319,2420,2322,2321,2309,2308,2016,2218,2330
2379: 2357,2158,2352,2414,2355,2310,2431,2461,2376,2417,2157,2433,2427,2152,2406,2320,2415,2356,2419,2416,2365,2378,2265,2319,2420,2322,2321,2308,2016
2477: 2487,2429,2480,2456,2485,2524,2222,2466,2402,2377,2476,2475,2523,2512,2461,2376,2157,2433,2427,2152
2381: 2240,2347,2245,2351,2215,2243,2325,2044,2046,2386,2324,2408,2241,2253,2244,2246,2344,2404,2159,2282,2338,2110,2089,2275,2339,2094
2382: 2242,2425,2423,2388,2424,2497,2452,2046,2386,2408,2344,2404,2340,2437
2383: 2166,2385,2105,2367,2302,2399,2479,2460,2306,2301,2305,2307,2445,2443,2168,2389,2304,2348,2233,2208,2359,2167,2384,1997,2346,2231
2384: 2208,2359,2167,1997,2445,2443,2168,2383,2166,2385,2105,2367,2302,2389,2304,2348,2233,2190,2346,2231,2213,2211
2385: 2383,2166,2105,2367,2302,588,2458,2399,2479,2460,2306,2301,2305,2307,2445,2443,2168,2389,2304,2348,2233,2208,2359,2167,2384,1997,2346,2231
2386: 2046,2324,2408,2241,2293,2363,2292,2439,2411,2388,2291,2438,2424,2497,2243,2325,2044,2242,2425,2423,2382,2381,2344
2466: 2524,2222,2530,2434,2402,2484,2548,2179,2487,2429,2480,2477,2456,2485,2431,2461,2376,2417,2157
2388: 2291,2438,2424,2497,2292,2439,2411,2452,2046,2386,2324,2242,2425,2423,2382
2389: 2304,2399,2306,2301,2305,2307,2406,2320,2383,2166,2385,2105,2367,2302,2400,2055,2315,2313,2178,2314,2208,2359,2167,2384,2190,2346,2231,2270,2318,2316,2180,2317
2524: 2222,2466,2530,2434,2402,2484,2548,2179,2487,2429,2480,2477,2456,2485,2431,2461,2376,2417
2391: 2332,2395,2066,2340,2437,2435,2195,2277,2193,2405,2002,2422,2474,2196,2191,2335,2271,2197
2392: 1701,1700,2334,2266,2040,2454,853,1677,2488,2464,2465,1671,2364,2217,2362,2410,915,2333,2394,2409,2263,2262,2293
2393: 585,2203
2394: 2409,2263,2262,1671,1700,2334,2392,2266,2040,2454,2217,2362,2410,2361,915,2333,2293,2363,2374,2351,2311,2299,2024,2267,2243,2325,2044
2395: 2332,2391,2066,2340,2277,2193,2405,2002,2422,2474,2196,2191,2335,2271,2197
2396: 2525,2371,2174,2455
2488: 2464,853,1677,2268,2463,2462,1671,1700,2334,2392,2266,2040,2454,2410
2398: 2585,2550,2467,2514,2495,2592,2285,2601,2543,2573,2574,2627,2590
2399: 2458,2479,2460,2556,2481,2482,2459,1989,2303,588,2306,2301,2305,2307,2445,2443,2168,2383,2166,2385,2105,2367,2302,2389
2570: 2095,2073,1992
2402: 2524,2222,2466,2530,2434,2179,2487,2429,2480,2477,2456,2485,2431,2461,2376,2417,2157
2403: 2406,2320,2415,2356,2432,2431,2461,2417,2306,2301,2305,2307,2158,2352,2414,2355,2400,2055,2321
2404: 2344,2044,2046,2408,2425,2423,2382,2240,2347,2245,2381,2338,2089,2345,2275,2339,2094,2277,2193,2405,2002
2405: 2277,2193,2002,2404,2340,2437,2089,2345,2275,2339,2094,2332,2395,2391,2066,2281,2237,2196,2191,2335,2271
2408: 2046,2386,2324,2241,2293,2292,2439,2424,2243,2325,2044,2242,2425,2423,2382,2240,2347,2245,2381,2344,2404
2409: 2394,2263,2262,2465,1671,2364,1700,2392,2266,2040,2410,915,2333,2293,2331,2214,2218,2330,2374,2311,2299,2024,2267,2243,2325
2410: 2217,2362,2361,2488,2464,2268,2463,2462,1700,2334,2392,2266,2040,2454,2505,2373,2394,2409,2263,2262,2293,2363,2292,2439,2411
2411: 2292,2439,2217,2362,2410,2361,2505,2373,2293,2363,2388,2291,2438,2424,2497,2046,2386,2324,2241,2242,2425,2423
2593: 2641
2560: 1933,2539,2501,2709,2528,1951,2541,2516,2650,2559,2486,2504,2708,2508
2414: 2357,2158,2352,2355,2310,2379,2431,2461,2376,2417,2157,2433,2152,2406,2320,2415,2356,2403,2432,2419,2416,2365,2378,2265,2319,2341,2420,2156,2322,2321,2308,2016
2415: 2406,2320,2356,2403,2432,2431,2461,2376,2417,2157,2306,2301,2305,2307,2357,2158,2352,2414,2355,2310,2379,2400,2055,2319,2420,2322,2321
2416: 2419,2365,2378,2265,2376,2417,2157,2433,2427,2152,2465,2364,2357,2158,2352,2414,2355,2310,2379,915,2319,2420,2322,2308,2016,2218,2330
2417: 2461,2376,2157,2524,2222,2466,2530,2402,2487,2429,2480,2456,2485,2377,2431,2433,2152,2406,2320,2415,2356,2403,2432,2357,2158,2352,2414,2355,2310,2379,2419,2416,2378
2418: 2426,2366,2445,2443,2168,2348,2233,2212
2419: 2416,2365,2378,2265,2461,2376,2417,2157,2433,2152,2465,2364,2357,2158,2352,2414,2355,2310,2379,915,2319,2341,2420,2156,2322,2321,2309,2308,2016,2154,2238,2218,2330
2420: 2319,2341,2156,2322,2321,2406,2320,2415,2356,2357,2158,2352,2414,2355,2310,2379,2419,2416,2365,2378,2265,2313,2178,2314,2309,2308,2016,2154,2238,2318,2226,2155,2353,1961,2235,2225,2251,2131
2422: 2474,2340,2437,2435,2195,2332,2395,2391,2066,540,2335,2271,2197
2423: 2242,2425,2382,2292,2439,2411,2388,2291,2438,2424,2497,2452,2046,2386,2324,2408,2241,2344,2404
2424: 2388,2291,2438,2497,2292,2439,2411,2452,2046,2386,2324,2408,2241,2242,2425,2423,2382
2425: 2242,2423,2382,2292,2439,2411,2388,2291,2438,2424,2497,2452,2046,2386,2324,2408,2241,2344,2404,2437
2426: 2418,2366,2348,2233,2213,2207,2211
2427: 2433,2152,2487,2429,2480,2477,2456,2485,2377,2476,2475,2523,2512,853,1677,2376,2157,2465,1671,2364,2352,2379,2416,2378,915
2428: 2529,916
2429: 2487,2480,2477,2456,2485,2524,2222,2466,2402,2377,2476,2475,2523,2512,2431,2461,2376,2417,2157,2433,2427,2152
2430: 2471,2522,2547,2555,2483,2484,2548,2179,2482,2459,2303
2431: 2484,2179,2524,2222,2466,2530,2434,2402,2487,2429,2456,2485,2461,2376,2417,2157,2306,2301,2305,2307,2406,2320,2415,2356,2403,2432,2357,2158,2352,2414,2355,2379
2432: 2406,2320,2415,2356,2403,2431,2461,2417,2306,2301,2305,2307,2158,2352,2414,2355,2400,2055
2433: 2427,2152,2487,2429,2480,2477,2456,2485,2377,2476,2475,2523,2512,2461,2376,2417,2157,2465,2364,2357,2352,2414,2355,2310,2379,2419,2416,2365,2378,2265,915
2434: 2524,2222,2466,2530,2402,2484,2548,2179,2487,2456,2485,2431,2461
2435: 2195,2451,2544,2340,2437,2332,2391,2422,2474,540
2436: 2343
2438: 2388,2291,2424,2497,2292,2439,2411,2452,2046,2386,2242,2425,2423
2471: 2522,2430,2547,2555,2483,2484,2548,2179,2556,2481,2482,2459,1989,2303
2441: 2507
2443: 2445,2168,588,2458,2399,2479,2460,2383,2166,2385,2105,2367,2302,2418,2348,2233,2208,2359,2167,2384,1997
2444: 2491
2445: 2443,2168,588,2399,2479,2460,2383,2166,2385,2105,2367,2302,2418,2348,2233,2208,2359,2167,2384,1997
2446: 2448,2209,2447,900,455
2447: 2446,2448,2209,455
2448: 2446,2209,2447,900,455
2449: 2595,2584,2545,1773,2350,918
2450: 2561,2568,2534,2151,2653
2451: 2435,2195,2544,2340,2437,540
2452: 2388,2291,2438,2424,2497,490,2242,2425,2423,2382
2454: 1701,1700,2334,2392,2266,2040,1677,2488,2464,2268,2463,2462,1671,2217,2362,2410,2361,2394,2262,2363
2455: 2174,2396
2456: 2487,2429,2480,2477,2485,2524,2222,2466,2530,2434,2402,2377,2475,2523,2512,2431,2461,2376,2417,2157,2433,2427,2152
2652: 2604,503,2726
2458: 2399,2479,2460,2556,2481,2482,2459,1989,2303,588,2306,2301,2305,2307,2443,2168,2385,2105,2302
2459: 1989,2303,2555,2483,2471,2522,2430,2547,2179,2556,2481,2482,588,2458,2399,2479,2460,2306,2301,2305,2307
2460: 2458,2399,2479,2556,2481,2482,2459,1989,2303,588,2306,2301,2305,2307,2445,2443,2168,2383,2385,2105,2367,2302
2461: 2376,2417,2157,2524,2222,2466,2530,2434,2402,2487,2429,2480,2477,2456,2485,2377,2475,2512,2431,2433,2152,2406,2320,2415,2356,2403,2432,2357,2158,2352,2414,2355,2310,2379,2419
2462: 2268,2463,2488,2464,1700,2334,2266,2454,2217,2362,2410,2361,2505,2373
2463: 2268,2462,2488,2464,2334,2266,2454,2217,2362,2410,2361,2505,2373
2464: 2488,853,1677,2268,2463,2462,1671,1701,1700,2334,2392,2266,2040,2454,2362,2410
2465: 1671,2364,2377,2476,2475,2523,2512,853,1677,2433,2427,2152,1700,2392,2040,2419,2416,2365,2378,2265,915,2409,2263
2467: 2550,2514,2495,2592,2285,2601,2543,2573,2398
2468: 2566
2542: 2125,582
2473: 980,2369
2474: 2422,2340,2437,2435,2195,2332,2395,2391,2066,540,2335,2271,2197
2475: 2377,2476,2523,2512,2487,2429,2480,2477,2456,2485,853,1677,2461,2376,2157,2433,2427,2152,2465,2364
2476: 2377,2475,2523,2512,2487,2429,2480,2477,2485,853,1677,2376,2433,2427,2152,2465,1671,2364
2479: 2458,2399,2460,2556,2481,2482,2459,1989,2303,588,2306,2301,2305,2307,2445,2443,2168,2383,2166,2385,2105,2367,2302
2480: 2487,2429,2477,2456,2485,2524,2222,2466,2402,2377,2476,2475,2523,2512,2461,2376,2417,2157,2433,2427,2152
2481: 2556,2482,2555,2483,2471,2522,2459,1989,2303,588,2458,2399,2479,2460
2482: 2556,2481,2555,2483,2471,2522,2430,2547,2459,1989,2303,588,2458,2399,2479,2460
2483: 2555,2471,2522,2430,2547,2556,2481,2482,2459,2303
2484: 2548,2179,2471,2522,2430,2547,2524,2222,2466,2530,2434,2303,2431
2486: 2504,1884,2708,1951,2541,1874,1933,2560,2501,2489,1830,1882,1907,927
2487: 2429,2480,2477,2456,2485,2524,2222,2466,2530,2434,2402,2377,2476,2475,2523,2512,2431,2461,2376,2417,2157,2433,2427,2152
2489: 1830,1882,1907,1874,2540,2486,2504,1884,2708,927
2710: 2719,2731,551,2730,2713,2715,2727,2678
2491: 2444
2566: 2468
2493: 2610,2564,2609,2637,2613,2612,2682,2630,2658,2611,2704,2645,2647,2646,2689
2685: 2716,2720,2684
2495: 2592,2285,2550,2467,2514,2601,2543,2573,2585,2398
2496: 1915,927,1717,2631,2583,1796
2497: 2388,2291,2438,2424,2411,2452,2046,2386,2242,2425,2423,2382
2498: 2148,2224,2499
2499: 2148,2224,2498
2579: 2602,2021,2594,2580,1939,2563,2623,2189,2255
2501: 1933,2560,2539,2709,2528,1951,2541,2516,2650,2559,2486,2504,1884,2708,2508
2595: 2449,2584,2545,1773,2350,918
2503: 2360
2504: 2486,1884,2708,1951,2541,1933,2560,2539,2501,2709,2489,1830,1882,1907,2508,927
2505: 2373,2268,2463,2462,2217,2362,2410,2361,2293,2363,2292,2439,2411
2563: 2623,2615,2021,2594,2580,1939,2579,2602
2507: 2441
2508: 2650,1933,2560,2539,2501,2504,2708
2509: 2571,995,1887,1912
2704: 2612,2682,2630,2658,2611,2493,2610,2564,2609,2683,2657,2646,2689
2511: 2569,2597
2512: 2377,2476,2475,2523,2487,2429,2480,2477,2456,2485,853,1677,2461,2376,2157,2433,2427,2152,2465,2364
2564: 2493,2610,2609,2637,2613,2603,2658,2611,2704,2645,2647,2646,2689
2514: 2550,2467,2495,2592,2285,2601,2543,2573,2398
2727: 2715,2678,2710,2731,2730,2713,2680,2729
2516: 2650,2559,2528,1951,2541,1933,2560,2539,2501
2613: 2637,2616,2567,2632,2603,2630,2658,2611,2493,2610,2564,2609,2645,2647
2614: 2700,2675,2673,2661,2633,2663,2721,2683,2657,2674,2642,2687,2679
2519: 2287
2528: 2600,2598,2562,1951,2541,2648,2516,2650,2559,1933,2560,2539,2501
2529: 2428,916
2530: 2524,2222,2466,2434,2402,2484,2548,2179,2487,2456,2485,2431,2461,2417
2539: 1933,2560,2501,2709,2528,1951,2541,2516,2650,2559,2504,2708,2508
2534: 2568,2450,2561,2151,2653
2679: 2642,2687,2721,2700,2614,2675,2673,2674,945,2728
2664: 2723
2677: 2607,1728,1792
2586: 2123
2545: 2584,2286,2595,2449
2571: 2509,995,1887,1912
2547: 2471,2522,2430,2555,2483,2484,2548,2179,2482,2459,1989,2303
2548: 2484,2179,2471,2522,2430,2547,2524,2466,2530,2434,2303
2549: 
2550: 2467,2514,2495,2592,2285,2601,2543,2573,2585,2398
2551: 2407,2596,2655,1341,1477
2712: 579,2703,2720
2556: 2481,2482,2555,2483,2471,2522,2459,1989,2303,588,2458,2399,2479,2460
2557: 2629
2561: 2450,2568,2534,2151,2653
2562: 2600,2598,977,1899,2632,2599,2603,2528
2565: 2442
2568: 2534,2450,2561,2151,2653
2569: 2533,2511
2572: 2624,1793
2573: 2601,2543,2550,2467,2514,2495,2592,2285,2585,2398,2574
2574: 2601,2543,2573,2585,2398,2627,2590,2635
2576: 2690,2660,2667,2639,2606
2584: 2545,2286,2595,2449
2587: 2588,2469,2635
2592: 2495,2285,2550,2467,2514,2601,2543,2573,2585,2398
2594: 2021,2580,1939,2563,2623,2579,2602
2596: 2655,1773,2350,2407,2551,1341
2597: 2511
2598: 2600,2562,977,1899,2632,2599,2603,2528
2606: 2639,2576,2667,2630,2658
2607: 2677,1756,1728,1792
2721: 2661,2633,2663,2662,2700,2614,2675,2673,2692,2722,2674,945,2642,2687,2679
2609: 2493,2610,2564,2637,2613,2603,2612,2630,2658,2611,2704,2645,2647,2646,2689
2610: 2493,2564,2609,2637,2613,2603,2658,2611,2704,2645,2647,2646,2689,2644
2616: 2567,2632,2599,2637,2613,2603
2618: 493,2718
2623: 2563,2615,2021,2594,1939,2579,2602
2624: 2572,1793
2625: 2589,2591,931
2671: 584
2627: 2590,2585,2398,918,2574,2575,2672
2682: 2612,2630,2658,2611,2704,2639,2493,2683,2657,2689
2629: 2557
2630: 2612,2682,2658,2611,2704,2639,2606,2637,2613,2493,2609,2683,2657,2689
2631: 1717,2583,1796,1915,2496
2632: 2599,2616,2567,2600,2598,2562,2637,2613,2603
2633: 2661,2663,2662,2721,2614,2675,2673
2635: 2588,2469,2574,2587
2642: 2687,2679,2721,2700,2614,2675,2673,2674,945
2644: 2610,2645,2647,2648,2646,2689
2645: 2647,2613,2493,2610,2564,2609,2648,2646,2689,2644
2646: 2689,2611,2704,2493,2610,2564,2609,2645,2644
2647: 2645,2637,2613,2603,2493,2610,2564,2609,2648,2689,2644
2648: 2528,2645,2647,2650,2644
2675: 2700,2614,2673,2661,2633,2663,2721,2683,2657,2674,945,2642,2687,2679
2655: 2596,1773,2350,2407,2551,1341
2715: 2727,2678,2710,2731,2730,2713,2680,2729
2657: 2683,2612,2682,2630,2658,2611,2704,2700,2614,2675,2673
2659: 2096,2290,2615
2660: 2690,2576,2667
2661: 2633,2663,2662,2721,2614,2675,2673
2662: 2716,2661,2633,2663,2684,2721,2692,2707,2722,2724,2674,945
2663: 2661,2633,2662,2721,2614,2675,2673
2667: 2690,2660,2576,2639,2606
2672: 2575,2627,2590,1323,1454
2673: 2700,2614,2675,2661,2633,2663,2721,2683,2657,2674,2642,2687,2679
2674: 945,2662,2721,2700,2614,2675,2673,2692,2707,2722,2642,2687,2679
2728: 2692,2707,2722,945,2687,2679,2699,551,2719
2689: 2646,2612,2682,2630,2658,2611,2704,2493,2610,2564,2609,2645,2647,2644
2690: 2660,2576,2667
2706: 1875,1750,2701,2711,1629,1633
2692: 2707,2722,2724,2684,2662,2721,2674,945,2699,2728
2703: 922,2686,594,2712
2694: 2713,2680,2729,1820,1858
2713: 2730,2694,2710,2719,2731,2680,2729,2715,2727,2678
2698: 2726,503,931,2604
2701: 1875,1750,2711,2706,1629,1633
2719: 2710,2731,2728,551,2730,2713,2678