1183: 1153,1176,1158,1129,1155,1186,1188,1131,1159,1124,1181
784: 
1068: 237,1063,1065,1067,117,1038,1069,1066,1083,1091,1105,278
1141: 1173,1100,1079,1174,1152,1150,1113,1062,1148,1057,1143,1120,1184,1075,748,1149
796: 
5: 
949: 442
7: 21
1111: 1107,1094,1137,1073
1126: 1011,1140,1162,1020,153,1128,1136,1089,1061,1037,1119,1138,1166,1007,1139,1134,1180,1023,785
977: 
11: 244,253
12: 250,416
13: 
1113: 1079,1174,1152,1150,1062,1137,1073,1146,1097,1148,1141,1173,1100,1057,1143
15: 199,29
754: 69
17: 
711: 
19: 334
20: 837,44
21: 825,7
22: 
699: 
1124: 1132,1131,1159,1187,1122,1123,1157,890,1167,1192,1158,1129,1155,1186,1188,1153,1176,1183,1181
25: 387
777: 925
27: 
842: 834,667
29: 15
30: 339
740: 134
1023: 785,1126,1011,1140,1162,1020,1138,1166,1007,1160,1139,1134,1180,95
33: 
34: 120
35: 
985: 
37: 
38: 
868: 
995: 948,524
875: 
42: 822
957: 968,433
44: 20,837
45: 
961: 
766: 246
814: 63,125,898
968: 433,957
859: 
929: 
52: 285,345,652
905: 522
1160: 1007,1139,1134,1180,1119,1140,1162,1020,1144,1023,785,95
727: 662
56: 638
811: 200
1122: 1123,1057,1143,1175,492,1125,1075,748,1157,890,1167,1178,1192,1158,1129,1155,1186,1188,1132,1131,1159,1124,1187
59: 
792: 
61: 105
839: 
63: 814,125,898
64: 
65: 
698: 864
922: 
869: 331
69: 754,659
837: 20,44
1093: 1092,1084,1098,1058,1096,1094,1137,1073,1146,1097
1109: 1120,1184,410,110
1128: 153,1136,1089,1114,1074,1061,1037,1126,1011,1140,1162,1020,1138,1166
799: 
75: 
864: 698,220
77: 781
996: 
854: 659
1007: 1160,1139,1134,1180,1119,1126,1011,1140,1162,1020,1138,1166,1023,785,95
916: 
1172: 278,1170,1185,1171,965
785: 1023,1126,1011,1140,1162,1020,1138,1166,1007,1160,1139,1134,1180,95
1084: 1104,873,1093,1092,1058
1181: 1158,1155,1188,1132,1131,1159,1124,1187,1153,1176,1183
86: 582,171
87: 243
794: 168
944: 
90: 
1189: 1053,1042,1191,1190,1091,1105,278,1170,1185,1054,1151,1127,1177,965
948: 514,524,995
93: 975
1064: 1088,166,1015,1069,531
95: 1144,1007,1160,1139,1134,1180,1023,785
891: 
97: 
98: 193,345,643,256
1058: 1098,1096,1084,1093,1092,1054,1151,1137,1073,1146,1097
100: 496,219
1178: 1157,890,1167,1192,1057,1143,1175,492,1125,1122,1123,1155,1132,1159,1187
102: 
872: 964
908: 422
105: 61
955: 
1143: 1057,1175,1079,1152,1113,1182,1141,1173,1100,492,1125,1075,748,1122,1123,1157,890,1167,1178,1192
906: 
704: 
110: 1109,1120,1184,1075,748,1149
845: 
1054: 1151,1091,1105,1098,1058,1096,1053,1042,1191,1189,1190,1146,1097,1127,1177
1155: 1158,1129,1186,1188,1075,748,1122,1123,1157,890,1167,1178,1192,1132,1131,1159,1124,1187,1153,1176,1183,1181
1048: 1078,700,1009
115: 764
851: 137
117: 1038,1028,1030,1049,1069,237,1063,1068,1067
1030: 1028,1049,311,1005,117,1038,1104
119: 
120: 34
121: 236
122: 
123: 
1169: 1116,1179,1177,965,1119,1163,1144,492
125: 63,814,898
975: 93
911: 
898: 125,63,814
129: 579
1157: 890,1167,1178,1192,1057,1143,1175,492,1125,1122,1123,1155,1132,1159,1124,1187
1075: 748,1149,1141,1173,1100,1057,1143,1175,1120,1184,1122,1123,110,1129,1155,1186
963: 
133: 821,461
134: 740
951: 
1120: 1184,1141,1173,1100,1109,1075,748,1149,110
137: 735,851,650
730: 
139: 214,486
140: 
141: 
986: 
143: 
1078: 1048,700,1009
903: 491
1097: 1146,1093,1098,1058,1096,1054,1151,1073,1079,1174,1152,1150,1113,1062,1148
888: 
148: 243
149: 
790: 
151: 646,300
978: 
153: 1128,1136,1089,275,1114,1171,1074,1118,1037,1119,1126,1011,1140,1162,1020
980: 
1151: 1054,1091,1105,1098,1058,1096,1042,1191,1189,1190,1146,1097,1127
156: 984
157: 
965: 1053,1042,1191,1189,1190,1172,1127,1177,1119,1163,1182,1161,1116,1169,1179,1144
1168: 531,1046,278,275,1114,1171,1074,1118
902: 
161: 
162: 706
1027: 
1114: 275,1171,1168,1046,278,1170,1185,1074,1118,153,1128,1136,1089
1163: 1182,1127,1177,965,1148,1161,1116,1169,1179,1057,1175,492,1125
166: 1015,1088,1064
820: 
168: 238,682,794
700: 1009,1048,1078
883: 
171: 86,582
746: 213
173: 448
1104: 311,1005,1028,1030,1049,873,1084
940: 
1065: 237,1063,1068,1067,1038,1069,1066,1083,1091,1105,278
177: 
923: 
1062: 1079,1174,1152,1150,1113,1137,1073,1146,1097,1148,1141,1173,1100,1057
1053: 1042,1191,1189,1190,1105,278,1054,965
901: 
182: 
183: 
992: 953
185: 377
870: 
967: 483
188: 410
834: 842,667
976: 
191: 
803: 
193: 345,98
809: 884
1192: 1157,890,1167,1178,1143,492,1125,1122,1123,1155,1132,1131,1159,1124,1187
1057: 1143,1175,1079,1174,1152,1150,1113,1062,1148,1163,1182,1141,1173,1100,492,1125,1075,748,1149,1122,1123,1157,890,1178
962: 926
198: 354
199: 720,211,384,15
200: 811
201: 
1073: 1137,1093,1092,1098,1058,1096,1107,1094,1146,1097,1111,1079,1174,1152,1150,1113,1062
953: 992
1175: 1057,1143,1079,1148,1163,1182,1173,492,1125,1075,748,1122,1123,1157,890,1178
205: 
206: 
982: 
208: 682
924: 
210: 
211: 720,199
990: 
213: 746
214: 139
1149: 1075,748,1141,1173,1100,1057,1120,1184,110
1140: 1126,1011,1162,1020,153,1128,1136,1089,1037,1119,1138,1166,1007,1160,1139,1134,1180,1023,785
1098: 1058,1096,1093,1092,1054,1151,1137,1073,1146,1097
914: 
219: 100
220: 864,444
221: 
925: 777
223: 
1100: 1141,1173,1079,1174,1152,1150,1113,1062,1057,1143,1120,1184,1075,748,1149
1118: 1074,1168,1046,275,1114,1171,153,1136,1089
941: 
227: 605,338
912: 412
950: 
943: 
706: 162
232: 
233: 
234: 
703: 
236: 121
237: 1063,1065,1068,1067,117,1038,1069,1066,1083,1091,1105,278
238: 168,682
920: 
829: 
241: 327
849: 327
243: 87,148
244: 11,253
971: 
246: 766
247: 652
1105: 1091,237,1063,1065,1068,1067,1066,1083,278,1170,1185,1054,1151,1053,1042,1191,1189,1190
877: 
250: 12
251: 
1148: 1146,1097,1127,1177,1079,1174,1152,1150,1113,1062,1163,1182,1141,1173,1057,1175,492
253: 11,244
1077: 380
255: 326
256: 643,98,939
1190: 1053,1042,1191,1189,1091,1105,278,1170,1185,1054,1151,1127,1177,965
844: 604
259: 
260: 
928: 429
1170: 278,1185,1066,1083,1091,1105,275,1114,1171,1042,1191,1189,1190,1172
716: 987
264: 
909: 
1096: 1098,1058,1093,1092,1054,1151,1137,1073,1146,1097
267: 688
998: 
853: 
270: 629
887: 
801: 
915: 
823: 
275: 1114,1171,1066,1083,1168,278,1170,1185,1074,1118,153
959: 
913: 
278: 1170,1185,237,1063,1065,1068,1067,1066,1083,1168,1091,1105,275,1114,1171,1053,1042,1191,1189,1190,1172
892: 756
1144: 965,1119,1162,1020,1161,1116,1169,1179,1160,1139,1134,1180,95
281: 
958: 
764: 115
1038: 117,1028,1030,1049,1069,237,1063,1065,1068,1067
285: 345,52
286: 
723: 
720: 211,384,199
960: 452
827: 474
952: 
292: 
1107: 1094,535,1137,1073,1111
294: 866
1042: 1053,1191,1189,1190,1091,1105,278,1170,1185,1054,1151,1127,1177,965
999: 
1162: 1126,1011,1140,1020,153,1128,1136,1037,1119,1144,1007,1160,1139,1134,1180,1023,785
298: 
299: 445
300: 151
956: 
1094: 1107,535,1093,1092,1137,1073,1111
303: 
904: 
1015: 166,1088,1064
1066: 1083,1069,531,237,1063,1065,1068,1067,1091,1105,278,1170,275
307: 840
991: 
821: 133
1028: 1030,1049,311,1005,117,1038,1104
311: 1005,1028,1030,1049,1104
312: 
313: 
873: 557,1104,1084,535
315: 644
712: 358
989: 
1069: 1088,1064,117,1038,237,1063,1065,1068,1067,1066,1083
856: 
320: 
825: 697,21
945: 
323: 325,631
981: 380
325: 631,323
326: 255
327: 849,241
1161: 1116,1179,965,1163,1144,492
1180: 1007,1160,1139,1134,1119,1126,1011,1140,1162,1020,1144,1023,785,95
1037: 1061,1074,153,1128,1136,1089,598,1126,1011,1140,1162,1020,1138,1166
331: 869
918: 
1167: 1157,890,1178,1192,1143,492,1125,1122,1123,1155,1132,1131,1159,1124,1187
334: 19
697: 825
1020: 1126,1011,1140,1162,153,1128,1136,1037,1119,1144,1007,1160,1139,1134,1180,1023,785
1166: 1138,1128,1136,1089,1061,1037,598,1126,1011,1140,1007,1139,1023,785
338: 227,605
339: 30
840: 307
938: 
966: 
1173: 1141,1100,1079,1174,1152,1150,1113,1062,1148,1057,1143,1175,1120,1184,1075,748,1149
937: 
345: 193,285,52,98
921: 
347: 
348: 
349: 
997: 
806: 
917: 
836: 
354: 198
355: 
356: 
970: 
358: 712
359: 
360: 
884: 809
362: 
931: 926
759: 
365: 646
1005: 311,1028,1030,1049,1104
1092: 1093,1084,1098,1058,1096,1094,1137,1073,1146
1146: 1097,1093,1092,1098,1058,1096,1054,1151,1137,1073,1079,1174,1152,1150,1113,1062,1148
964: 872
815: 
371: 
954: 
1125: 492,1163,1182,1179,1057,1143,1175,1122,1123,1157,890,1167,1178,1192
748: 1075,1149,1141,1173,1100,1057,1143,1175,1120,1184,1122,1123,110,1158,1129,1155,1186,1188
710: 
1176: 1153,1183,1158,1129,1155,1186,1188,1132,1131,1159,1124,1187,1181
377: 185
1191: 1053,1042,1189,1190,1091,1105,278,1170,1054,1151,1127,1177,965
379: 
380: 981,452,1077
969: 726
382: 
1136: 153,1128,1089,1114,1171,1074,1118,1037,1119,1126,1011,1140,1162,1020,1166
384: 720,199
1177: 1127,1054,1042,1191,1189,1190,965,1148,1163,1182,1116,1169,1179
935: 
387: 25
1083: 1066,1069,531,237,1063,1065,1068,1067,1091,1105,278,1170,275
974: 
907: 
391: 
930: 
1116: 1161,1169,1179,1127,1177,965,1119,1163,1182,1144,492
983: 
1079: 1174,1152,1150,1113,1062,1073,1146,1097,1148,1141,1173,1100,1057,1143,1175
396: 
1127: 1177,1054,1151,1042,1191,1189,1190,965,1148,1163,1182,1116
726: 969
936: 
400: 594
401: 
402: 
403: 
404: 
405: 
406: 
407: 
408: 
409: 
410: 188,1109,461
411: 598,454
412: 912
413: 
414: 
415: 599
416: 12
417: 419
418: 
419: 417
420: 
421: 988
422: 908
423: 
424: 
425: 
426: 
427: 
428: 
429: 928
430: 554
431: 440
432: 
433: 968,957
434: 
435: 565
436: 
437: 
438: 620
439: 508
440: 431
441: 559
442: 949
443: 
444: 220,576
445: 299
446: 
447: 
448: 173
449: 
450: 
451: 
452: 960,380
453: 
454: 411
455: 
456: 487
457: 
458: 
459: 
460: 596
461: 410,133
462: 
463: 
464: 
465: 
466: 
467: 511
468: 474
469: 
470: 
471: 
472: 
473: 
474: 468,827
475: 
476: 
477: 
478: 
479: 
480: 
481: 
482: 
483: 967,495
484: 
485: 
486: 139,739
487: 456
488: 
489: 
490: 
491: 903
492: 1125,1148,1163,1182,1161,1116,1169,1179,1057,1143,1175,1122,1123,1157,890,1167,1178,1192
493: 
494: 
495: 483
496: 100
497: 547
498: 
499: 629
500: 
501: 
502: 
503: 
504: 
505: 
506: 525
507: 
508: 439
509: 
510: 932
511: 467
512: 580
513: 
514: 948
515: 
516: 
517: 
518: 947
519: 
520: 580
521: 
522: 905
523: 
524: 948,995
525: 586,506
526: 
527: 
528: 
529: 
530: 537
531: 1088,1064,1066,1083,1168,1046
532: 
533: 
534: 
535: 873,1107,1094
536: 584
537: 530
538: 
539: 
540: 568
541: 
542: 
543: 
544: 
545: 
546: 
547: 497
548: 
549: 
550: 
551: 
552: 
553: 
554: 430
555: 
556: 
557: 873
558: 
559: 441
560: 
561: 
562: 
563: 
564: 
565: 435
566: 
567: 
568: 540
569: 
570: 
571: 
572: 
573: 
574: 
575: 
576: 444
577: 
578: 
579: 129
580: 520,512
581: 
582: 86,171
583: 
584: 536
585: 
586: 525
587: 
588: 
589: 
590: 
591: 
592: 
593: 
594: 400
595: 
596: 460
597: 
598: 1061,1037,1138,1166,411
599: 415
927: 
743: 
1174: 1079,1152,1150,1113,1062,1137,1073,1146,1097,1148,1141,1173,1100,1057
988: 421
604: 607,844
605: 227,338
832: 
607: 604
608: 
900: 
1049: 1028,1030,311,1005,117,1038,1104
1009: 700,1048,1078
736: 
1067: 237,1063,1065,1068,117,1038,1069,1066,1083,1091,1105,278
972: 
946: 
973: 
617: 
618: 
619: 
620: 438
1179: 1161,1116,1169,1177,965,1119,1163,1182,1144,492,1125
622: 
623: 
739: 486
625: 
1137: 1073,1093,1092,1098,1058,1096,1107,1094,1146,1111,1174,1113,1062
627: 634
926: 931,962
629: 270,499
756: 892
631: 325,323
865: 
822: 42
634: 627
709: 
1046: 531,1168,1114,1074,1118
781: 77
638: 56
639: 
1061: 1037,1074,1128,1089,598,1126,1138,1166
1074: 1118,1168,1046,275,1114,1171,153,1128,1136,1089,1061,1037
894: 
643: 98,256
644: 315
735: 137,650
646: 365,151
647: 
885: 
1119: 153,1136,965,1126,1011,1140,1162,1020,1116,1169,1179,1144,1007,1160,1139,1134,1180
650: 735,137
732: 
652: 52,247
890: 1157,1167,1178,1192,1057,1143,1175,492,1125,1122,1123,1158,1129,1155,1186,1188,1132,1131,1159,1124,1187
654: 
1123: 1122,1057,1143,1175,492,1125,1075,748,1157,890,1167,1178,1192,1129,1155,1186,1132,1159,1124,1187
1138: 1166,1128,1061,1037,598,1126,1011,1140,1007,1139,1023,785
987: 716
933: 
659: 69,854
934: 
919: 
662: 727
993: 
939: 256
665: 
1088: 1064,166,1015,1069,531
667: 834,842
668: 
817: 
1159: 1132,1131,1124,1187,1122,1123,1157,890,1167,1178,1192,1158,1129,1155,1186,1188,1153,1176,1183,1181
979: 
672: 
673: 
1091: 1105,237,1063,1065,1068,1067,1066,1083,278,1170,1185,1054,1151,1042,1191,1189,1190
1182: 1163,1127,1177,965,1148,1116,1179,1057,1143,1175,492,1125
773: 
866: 294
994: 
1011: 1126,1140,1162,1020,153,1128,1136,1089,1037,1119,1138,1166,1007,1139,1180,1023,785
932: 510
942: 
682: 238,168,208
1171: 275,1114,1168,278,1170,1185,1074,1118,1172,153,1136,1089
684: 
1063: 237,1065,1068,1067,117,1038,1069,1066,1083,1091,1105,278
984: 156
910: 
688: 267
947: 518
690: 
1089: 153,1128,1136,1114,1171,1074,1118,1061,1037,1126,1011,1140,1166
1129: 1158,1155,1186,1188,1075,748,1122,1123,890,1159,1124,1153,1176,1183
1139: 1007,1160,1134,1180,1119,1126,1011,1140,1162,1020,1138,1166,1144,1023,785,95
1131: 1132,1159,1124,1187,1122,890,1167,1192,1158,1155,1186,1188,1153,1176,1183,1181
1132: 1131,1159,1124,1187,1122,1123,1157,890,1167,1178,1192,1155,1176,1181
1150: 1079,1174,1152,1113,1062,1073,1146,1097,1148,1141,1173,1100,1057
1134: 1007,1160,1139,1180,1119,1126,1140,1162,1020,1144,1023,785,95
1152: 1079,1174,1150,1113,1062,1073,1146,1097,1148,1141,1173,1100,1057,1143
1153: 1176,1183,1158,1129,1155,1186,1188,1131,1159,1124,1181
1158: 1129,1155,1186,1188,748,1122,890,1131,1159,1124,1153,1176,1183,1181
1184: 1120,1141,1173,1100,1109,1075,748,1149,110
1185: 278,1170,1091,1105,275,1114,1171,1042,1189,1190,1172
1186: 1158,1129,1155,1188,1075,748,1122,1123,890,1131,1159,1124,1187,1153,1176,1183
1187: 1132,1131,1159,1124,1122,1123,1157,890,1167,1178,1192,1155,1186,1188,1176,1181
1188: 1158,1129,1155,1186,748,1122,890,1131,1159,1124,1187,1153,1176,1183,1181