1466: 1407,1337,1508,1495,1520,1521,1424,1459,1401,1496
639: 
1068: 1069,1067,1209,237,1063,1065,1083,949
1141: 1100,492,410
796: 969
566: 
949: 1068,237,1063,1065
7: 820,405
1347: 1483,1495,1520,1494,1337,1440,1516,1521,1424,1459,1401,1496,1473,1462
1126: 1011,1020,1162,153,1128,1136,1037,1281
977: 
1375: 1386,1463,1350,1485,1378
1373: 1430,1419,1476,952,1481,1450,1438,1365,1379,1479,1511,1323,1454,1389,323,1506,1467,1478,1501
1324: 1318,1445,1358,1522,42,1455,1441,105,1505,1469
1394: 1317,1415,1346,1431,1325,1323,1454,1389,323,1467,1345,985,1464,1316,1426,1393,1509,1357
15: 746,29
754: 69
17: 
1509: 1357,1345,985,1317,1394,1415,1346,1431,1325,1426,1393,1522,1408,1472,1455,1441,1437,1500,1428
583: 
1441: 42,1455,1522,1509,1357,1318,1324,1445,1358,1437,1500,1505,1469,1417,1457,1484,1492,1447,1339
1376: 1474,1478,1501,1419,1479,1388,1510,1511,456,1482,323,1506,1427,1514,1464,1316,1426,1393,1425,1461,1397,1458,1477,1341
900: 
1520: 1483,1347,1495,1494,1407,1466,1337,1516,1521,1424,1459,1401,1496,1473,1462
1337: 1407,1466,1508,1483,1347,1495,1520,1521,1424,1459,1401,1496
1383: 1302,1440,1516,1280,1473,1359,1435
643: 
1393: 1464,1316,1426,1323,1454,1389,323,1506,1467,1376,1478,1501,1317,1394,1415,1346,1431,1325,1425,1461,1509,1357,1410,1448,1408,1472,1395,1436,1452,1399
1498: 1353,1508,1481,1450,1499,1438,1519,1430,1476
29: 15
562: 
740: 
1174: 1062,1146,1097
822: 1487,1462,1435,1480,1503,1456,1387,1396,1488,1404
947: 975
563: 
985: 1345,1456,1387,1323,1454,1317,1394,1415,1346,1431,1325,1522,1509,1357
37: 
646: 
868: 253,521,338
995: 
875: 
42: 1455,1441,1522,1318,1324,1445,1358,1437,1500,105,1505,1469,1417,1457,1484,1492,1339
957: 469
44: 223
1367: 1451,1405,1359,1504,1480,1336,1382,1396,1434,1488,233,1385,1512
961: 
766: 
814: 63,898,125
968: 
1281: 1126,1011,1020,1162
929: 
939: 963
905: 522
1318: 1324,1445,1358,1522,42,1455,1441,105,1505,1469,1417
727: 662
572: 
1257: 1208
832: 
1319: 1252,1253
792: 
61: 1409,1428,1400,1489,1460,1429,1398,1515,1465,1433,1444,1470
839: 
63: 814,898
1252: 1305,1319,1253,1278
65: 
698: 864
922: 
589: 
69: 754
1469: 1505,1417,1318,1324,1445,1358,42,1455,1441,1437,1500,105,1457,1484,1492,1447,1339,1485
598: 1290,1295
1202: 
1128: 153,1136,1037,1114,1126,1011,1020,1162
587: 
607: 
864: 698
569: 
996: 
854: 
605: 227
916: 
1172: 965,278
1384: 1439,1391,1444,1470,1517,1416,627,1364
591: 
926: 
1487: 822,1462,1435,1480,1503,1456,1387,1396,1488,1404
1265: 1208
1429: 1460,1410,1448,1472,1395,1436,1452,1406,1399,1402,1348,1428,1489,1409,61,1433
944: 
582: 
1295: 598
948: 
1349: 1502,456,1482,1443,1513,1418,1427,1514,1397,1458
1064: 1088
588: 
1253: 1278,1252,1319,911
994: 1453,1413
1305: 1252
1358: 1318,1324,1445,1522,42,1441,105,1469
1266: 1146,1097,1151,1096,1105
593: 
102: 
872: 
908: 
105: 1318,1324,1445,1358,42,1505,1469,1417,1350,1485
955: 
1346: 1317,1394,1415,1431,1325,1323,1454,1389,323,1506,1467,1345,985,1464,1316,1426,1393,1509,1357,1448,1472
906: 
659: 
581: 592
1522: 1345,985,1317,1325,1509,1357,1318,1324,1445,1358,42,1455,1441,1437,1500
932: 
575: 
993: 
1364: 1384,1439,574
851: 320,137
1395: 1436,1452,1406,1399,1464,1316,1426,1393,1425,1461,1477,1341,1410,1448,1408,1472,1402,1348,1428,1429
1350: 105,1485,1386,1375,1463,1378
119: 
1278: 1253,1252,911
1387: 1456,1462,822,1487,985
1316: 1464,1426,1393,1323,1389,323,1506,1467,1376,1474,1478,1501,1394,1415,1346,1431,1325,1425,1461,1448,1395,1436,1452
123: 
1209: 1069,1067,442,1068,237,1063,1065,1083,1066
125: 898,814
975: 947
911: 1253,1278
898: 125,63,814
597: 
979: 
988: 
963: 939
1302: 1285,1306,1280,1383
1465: 1398,1515,1500,1400,1489,1457,1484,1492,1447,1339,61,1391,1444,1470,1517
951: 
1348: 1402,1461,1477,1341,1395,1436,1452,1406,1399,1460,1429,1370
137: 851
592: 581
1063: 237,1065,1083,1069,1067,1209,1068,1066,949,278
140: 
1421: 1494,1483
986: 1370
143: 
586: 991
903: 
1097: 1146,1151,1266,1096,1105,1174,1062
596: 
1359: 1504,1280,1383,1473,1405,1435,1480,1503,1367,1451,1396,1488,1404
1451: 1367,1405,1359,1504,1480,1503,1336,1382,1396,1434,1488,1404,233,1385,1512
580: 
894: 
978: 
153: 1128,1136,1037,1114,1126,1011,1020,1162
980: 
1151: 1146,1097,1266,1096,1105
568: 472,434
157: 935,1418,1507,1432
965: 1172,278,1114,1053
1413: 1453,994,1432
902: 480
1517: 1444,1470,1398,1515,1465,1416,1384,1439
1523: 1475,1471,1370,1414,1433,307
1430: 1373,1419,1476,952,1353,1498,1481,1450,1499,1438,1519,487,1365,1379,1479,1388,1511,1389,1506,1467,1478
1114: 275,278,965,153,1128,1136,1037
594: 
166: 1015
820: 7,405
168: 238,682
700: 1009,531
1493: 1369,1412,1361
171: 
746: 15
1361: 1369,1493,1468
574: 1364
940: 
1065: 237,1063,1083,1069,1067,1209,1068,1066,949,278
1382: 1336,1405,1504,1491,1367,1451,1298,1343,233
923: 
1062: 1174,1097
1053: 278,965,1105
901: 526
1343: 1298,1491,1336,1382
183: 
992: 
1290: 598
1336: 1382,1405,1504,1491,1367,1451,1298,1343,233
967: 
573: 
1406: 1395,1436,1452,1399,1461,1477,1341,1410,1448,1472,1402,1348,1428,1489,1460,1429
976: 
919: 
1415: 1317,1394,1346,1431,1325,1323,1454,1389,323,1467,1345,985,1464,1316,1426,1393,1509,1357
1208: 1257,1265
590: 
1464: 1316,1426,1393,323,1506,1467,1376,1474,1478,1501,1394,1415,1346,1431,1325,1425,1461,1410,1448,1472,1395,1436,1452,1399
1514: 1427,1479,1388,1510,1511,456,1482,1376,1474,1478,1501,1349,1502,1425,1397,1458,1477,1341
962: 
927: 
199: 384
584: 
934: 
1285: 1306,1302
953: 
1197: 492
973: 
206: 
982: 481
1357: 1509,1345,985,1317,1394,1415,1346,1431,1325,1426,1393,1522,1408,1472,1455,1441,1437,1500
924: 
1453: 1413,994,1507,1432
1424: 1521,1459,1401,1496,1407,1466,1337,1508,1347,1495,1520
990: 
578: 
1341: 1397,1458,1477,1376,1474,1501,1514,1425,1461,1395,1436,1452,1406,1399,1402,1348
1149: 461,1184
1388: 1479,1510,1511,1481,1450,487,1430,1419,952,456,1482,1506,1376,1474,1478,1501,1427,1514
1502: 1349,456,1482,1443,1513,1418,1427,1514,1397,1458
914: 467
1298: 1343,1491,1336,1382
1011: 1126,1020,1162,153,1128,1136,1037,1281
866: 294,312
925: 425
223: 44
1100: 492,410,1141
1489: 1428,1400,1410,1408,1472,1406,1399,1500,1460,1429,1457,1484,1447,1398,1515,1465,1409,61
941: 
227: 605
912: 
950: 
943: 
706: 
232: 
233: 1336,1382,1367,1451,1396,1434,1488,1385,1512
1510: 1479,1388,1511,1450,487,1419,952,456,1482,1506,1376,1474,1478,1501,1427,1514
703: 
579: 
237: 1063,1065,1083,1069,1067,1209,1068,1066,949,278
238: 168,682
920: 
1379: 1365,1438,1373,1430,1476,1323,1454,1389,1467
599: 
604: 
243: 
1370: 1348,1414,1433,1475,1471,1523,986
971: 
972: 
1508: 1518,1407,1466,1337,1521,1424,1459,1401,1496,1353,1498
1105: 1096,1053,1146,1097,1151,1266
877: 
1129: 492
251: 
1345: 985,1323,1454,1317,1394,1415,1346,1431,1325,1522,1509,1357
253: 521,868
1512: 1385,1367,1451,1396,1434,1488,1404,233
255: 326
942: 
571: 524
844: 
1501: 1376,1474,1478,1373,1419,1479,1388,1510,1511,456,1482,323,1506,1467,1427,1514,1464,1316,1426,1393,1425,1461,1397,1458,1477,1341
1439: 1384,1444,1470,1517,1416,627,1364
928: 
1499: 1481,1450,1438,1519,1353,1498,1430,1476,952
567: 
264: 365
909: 
1096: 1146,1097,1151,1266,1105
267: 688
998: 377
853: 
585: 958
887: 
1325: 1317,1394,1415,1346,1431,1323,1454,1389,323,1345,985,1464,1316,1426,1393,1522,1509,1357,1448,1408,1472
915: 
1009: 700,531
275: 1342,1066,278,1114
959: 1268,1326,552,480,1518
913: 
278: 237,1063,1065,1083,1066,275,1114,1053,1172,965
892: 
1088: 1064
281: 
958: 585
1369: 1493,1412,1361
623: 
1365: 1379,1438,1373,1430,1476,1323,1454,1389,1467
1449: 1412
682: 238,168
720: 384
960: 
984: 543
952: 1373,1430,1419,1476,1481,1450,1499,1438,1519,487,1479,1388,1510,1511,1389,1506,1467,1478
595: 474
1331: 1342
294: 866,312
672: 
999: 452
1162: 1126,1011,1020,153,1128,1136,1037,1281
298: 
1363: 
300: 
956: 
1414: 1433,1370,1409,1475,1471,1523,307
933: 
904: 454
1015: 166
1066: 1069,1067,1209,237,1063,1065,1083,275,278
307: 1414,1475,1523,840
991: 586
1268: 1326,552,959
1454: 1323,1389,1365,1379,1373,323,1467,1345,985,1317,1394,1415,1346,1431,1325,1426,1393
311: 1005,557
312: 294,866
313: 396
1385: 1512,1367,1451,1396,1434,1488,1404,233
1280: 1306,1302,1390,1383,1405,1359
712: 358
989: 
1069: 1067,1209,442,1068,237,1063,1065,1083,1066
856: 
320: 851
576: 502
945: 
323: 1506,1467,1373,1419,1479,1511,1323,1454,1389,1376,1474,1478,1501,1394,1415,1346,1431,1325,1464,1316,1426,1393,1425,1461
981: 
946: 
326: 255
327: 
1161: 
570: 
1037: 153,1128,1136,1114,1126,1011,1020,1162
1386: 1375,1463,1350,1485
918: 
1184: 1149,461
1425: 1461,323,1506,1376,1474,1478,1501,1427,1514,1464,1316,1426,1393,1397,1458,1477,1341,1448,1395,1436,1452,1399,1402
1323: 1454,1389,1365,1379,1373,323,1467,1345,985,1317,1394,1415,1346,1431,1325,1316,1426,1393
1020: 1126,1011,1162,153,1128,1136,1037,1281
1243: 
338: 868
1378: 1350,1485,1391,1375,1463,1416
840: 307
938: 
966: 
1306: 1285,1302,1390,1280
937: 
634: 627
921: 
347: 
1326: 1268,552,959
349: 
997: 
806: 
917: 987
836: 
1339: 1457,1484,1492,1447,42,1441,1500,1400,1505,1469,1417,1398,1515,1465,1485,1391,1444
1342: 1331,275
1067: 1069,1209,1068,237,1063,1065,1083,1066
970: 
358: 712
1488: 1396,1434,1404,1359,1504,1435,1480,1503,822,1487,1367,1451,233,1385,1512
1452: 1395,1436,1406,1399,1464,1316,1426,1393,1425,1461,1477,1341,1410,1448,1408,1472,1402,1348,1428,1460,1429
627: 1416,1384,1439,634
1431: 1317,1394,1415,1346,1325,1323,1454,1389,323,1506,1467,1345,985,1464,1316,1426,1393,1509,1357,1448
931: 
565: 
365: 264
1005: 311,557
1405: 1390,1280,1359,1504,1336,1382,1367,1451
1146: 1097,1151,1266,1096,1105,1174
964: 
815: 
1317: 1394,1415,1346,1431,1325,1323,1454,1389,1345,985,1426,1393,1522,1509,1357
954: 
662: 727
1412: 1449,1369,1493
710: 
667: 473
377: 998
564: 
817: 
688: 267
969: 796
382: 
1136: 153,1128,1037,1114,1126,1011,1020,1162
384: 720,199
987: 917
935: 157,1507,1432
1353: 1498,1508,1481,1450,1499,1438,1519,1430,1476
1083: 237,1063,1065,1069,1067,1209,1068,1066,278
974: 
907: 497
391: 
930: 
577: 451
983: 
865: 
396: 313
773: 
910: 
936: 426
400: 
401: 
402: 
403: 
404: 427
405: 7,820
406: 
407: 560,422
408: 
409: 534
410: 1100,1141
411: 454
412: 
413: 
414: 
415: 
416: 
417: 
418: 
419: 
420: 522
421: 
422: 560,407
423: 
424: 
425: 925
426: 936
427: 404
428: 
429: 537,498,530
430: 
431: 
432: 
433: 
434: 568
435: 
436: 
437: 
438: 
439: 
440: 
441: 
442: 1403,1069,1209
443: 
444: 
445: 
446: 
447: 
448: 
449: 
450: 
451: 577
452: 999
453: 
454: 904,411
455: 
456: 1482,487,1479,1388,1510,1511,1443,1513,1376,1474,1478,1501,1427,1514,1349,1502
457: 
458: 
459: 
460: 
461: 1149,1184
462: 
463: 467
464: 
465: 
466: 
467: 463,914
468: 
469: 957
470: 
471: 
472: 568
473: 667
474: 595
475: 
476: 
477: 561
478: 
479: 
480: 959,902
481: 982
482: 
483: 
484: 
485: 
486: 
487: 1481,1450,1430,1419,952,1479,1388,1510,1511,456,1482
488: 
489: 
490: 
491: 
492: 1197,1100,1141,1129
493: 
494: 
495: 
496: 
497: 907
498: 429
499: 
500: 
501: 
502: 576
503: 
504: 
505: 512
506: 
507: 
508: 
509: 
510: 
511: 
512: 505
513: 
514: 
515: 
516: 
517: 
518: 
519: 
520: 
521: 253,868
522: 420,905
523: 
524: 571
525: 
526: 901
527: 
528: 
529: 556
530: 429
531: 700,1009
532: 
533: 
534: 409
535: 
536: 
537: 429
538: 
539: 
540: 
541: 
542: 
543: 
544: 
545: 
546: 
547: 
548: 
549: 
550: 
551: 
552: 1268,1326,959
553: 
554: 
555: 
556: 529
557: 311,1005
558: 
559: 
560: 422,407
561: 477
1389: 1323,1454,1365,1379,1373,1430,1419,1476,952,323,1506,1467,1317,1394,1415,1346,1431,1325,1316,1426,1393
1390: 1306,1280,1405
1391: 1505,1417,1339,1465,1485,1378,1416,1384
1396: 1434,1488,1404,1359,1504,1435,1480,1503,822,1487,1367,1451,233,1385,1512
1397: 1458,1477,1341,1376,1474,1501,1427,1514,1349,1502,1425,1436,1402
1398: 1515,1465,1500,1428,1400,1489,1460,1457,1484,1447,1339,1409,61,1444,1470,1517
1399: 1395,1436,1452,1406,1464,1426,1393,1425,1461,1477,1341,1410,1448,1408,1472,1402,1348,1428,1400,1489,1460,1429
1400: 1428,1489,1410,1408,1472,1399,1437,1500,1460,1457,1484,1492,1447,1339,1398,1515,1465,61
1401: 1521,1424,1459,1496,1407,1466,1337,1508,1483,1347,1495,1520,1462
1402: 1348,1425,1461,1397,1458,1477,1341,1395,1436,1452,1406,1399,1429
1403: 1468,442
1404: 1396,1434,1488,1359,1435,1480,1503,822,1487,1451,1385,1512
1407: 1466,1337,1508,1483,1495,1520,1521,1424,1459,1401,1496
1408: 1410,1448,1472,1325,1393,1461,1509,1357,1395,1452,1399,1437,1500,1428,1400,1489
1409: 61,1489,1460,1429,1398,1515,1414,1433,1444,1470
1410: 1448,1408,1472,1464,1393,1461,1395,1436,1452,1406,1399,1500,1428,1400,1489,1460,1429
1516: 1440,1494,1483,1347,1495,1520,1383,1473,1462
1416: 1391,1444,1517,1378,1384,1439,627
1417: 1505,1469,1318,42,1441,1500,105,1457,1484,1492,1447,1339,1485,1391
1418: 1443,1513,1349,1502,157
1419: 1373,1430,1476,952,1481,1450,1438,487,1479,1388,1510,1511,1389,323,1506,1467,1376,1474,1478,1501
1515: 1398,1465,1500,1428,1400,1489,1460,1457,1484,1492,1447,1339,1409,61,1444,1470,1517
1426: 1464,1316,1393,1323,1454,1389,323,1506,1467,1376,1478,1501,1317,1394,1415,1346,1431,1325,1425,1461,1509,1357,1448,1472,1395,1436,1452,1399
1427: 1514,1479,1388,1510,1511,456,1482,1443,1513,1376,1474,1478,1501,1349,1502,1425,1397,1458
1428: 1400,1489,1509,1410,1448,1408,1472,1395,1452,1406,1399,1437,1500,1460,1429,1457,1492,1447,1398,1515,61
1432: 157,935,1507,1453,1413
1433: 1414,1460,1429,1370,1409,61,1475,1471,1523
1434: 1396,1488,1404,1504,1480,1503,1367,1451,233,1385,1512
1435: 1480,1503,1383,1473,1462,1359,822,1487,1396,1488,1404
1436: 1395,1452,1406,1399,1464,1316,1426,1393,1425,1461,1397,1458,1477,1341,1410,1448,1472,1402,1348,1429
1437: 1500,1522,1509,1357,1408,1472,42,1455,1441,1428,1400,1505,1469,1457,1484,1492,1447
1438: 1481,1450,1499,1519,1353,1498,1365,1379,1373,1430,1419,1476,952
1440: 1516,1494,1483,1347,1495,1383,1473,1462
1443: 1513,456,1482,1418,1427,1349,1502
1444: 1470,1517,1457,1484,1447,1339,1398,1515,1465,1409,61,1416,1384,1439
1445: 1318,1324,1358,1522,42,1455,1441,105,1469
1447: 1457,1484,1492,1339,1441,1437,1500,1428,1400,1489,1505,1469,1417,1398,1515,1465,1444,1470
1448: 1410,1408,1472,1346,1431,1325,1464,1316,1426,1393,1425,1461,1395,1436,1452,1406,1399,1428,1429
1450: 1481,1499,1438,1519,1353,1498,487,1373,1430,1419,1476,952,1479,1388,1510,1511
1455: 42,1441,1522,1509,1357,1318,1324,1445,1437,1500,1505,1469,1457,1492
1456: 1387,1462,822,1487,985
1457: 1484,1492,1447,1339,42,1455,1441,1437,1500,1428,1400,1489,1505,1469,1417,1398,1515,1465,1444
1458: 1397,1477,1341,1376,1474,1501,1427,1514,1349,1502,1425,1436,1402
1459: 1521,1424,1401,1496,1407,1466,1337,1508,1483,1347,1495,1520,1462
1460: 1429,1410,1452,1406,1399,1348,1428,1400,1489,1398,1515,1409,61,1433
1461: 1425,323,1376,1501,1464,1316,1426,1393,1477,1341,1410,1448,1408,1472,1395,1436,1452,1406,1399,1402,1348
1462: 1440,1516,1347,1495,1520,1459,1401,1473,1435,1480,1503,822,1487,1456,1387
1463: 1386,1375,1350,1485,1378
1467: 323,1506,1365,1379,1373,1430,1419,1476,952,1479,1511,1323,1454,1389,1478,1501,1394,1415,1346,1431,1464,1316,1426,1393
1468: 1361,1403
1470: 1444,1517,1447,1398,1515,1465,1409,61,1384,1439
1471: 1475,1523,1370,1414,1433
1472: 1410,1448,1408,1346,1325,1464,1426,1393,1461,1509,1357,1395,1436,1452,1406,1399,1437,1500,1428,1400,1489,1429
1473: 1440,1516,1483,1347,1495,1520,1383,1462,1359,1435
1474: 1376,1478,1501,1419,1479,1388,1510,1511,456,1482,323,1506,1427,1514,1464,1316,1425,1397,1458,1477,1341
1475: 1471,1523,1370,1414,1433,307
1476: 1373,1430,1419,952,1353,1498,1481,1450,1499,1438,1519,1365,1379,1479,1511,1389,1506,1467,1478
1477: 1397,1458,1341,1376,1474,1501,1514,1425,1461,1395,1436,1452,1406,1399,1402,1348
1478: 1376,1474,1501,1373,1430,1419,1476,952,1479,1388,1510,1511,456,1482,323,1506,1467,1427,1514,1464,1316,1426,1393,1425
1479: 1388,1510,1511,1481,1450,487,1373,1430,1419,1476,952,456,1482,323,1506,1467,1376,1474,1478,1501,1427,1514
1480: 1435,1503,1462,1359,1504,822,1487,1367,1451,1396,1434,1488,1404
1481: 1450,1499,1438,1519,1353,1498,487,1373,1430,1419,1476,952,1479,1388,1511
1482: 456,487,1479,1388,1510,1511,1443,1513,1376,1474,1478,1501,1427,1514,1349,1502
1483: 1347,1495,1520,1421,1494,1407,1337,1440,1516,1521,1459,1401,1473
1484: 1457,1492,1447,1339,42,1441,1437,1500,1400,1489,1505,1469,1417,1398,1515,1465,1444
1485: 105,1505,1469,1417,1339,1350,1391,1386,1375,1463,1378
1494: 1421,1440,1516,1483,1347,1495,1520
1511: 1479,1388,1510,1481,1450,487,1373,1430,1419,1476,952,456,1482,323,1506,1467,1376,1474,1478,1501,1427,1514
1491: 1336,1382,1298,1343
1492: 1457,1484,1447,1339,42,1455,1441,1437,1500,1428,1400,1505,1469,1417,1515,1465
1495: 1483,1347,1520,1494,1407,1466,1337,1440,1516,1521,1424,1459,1401,1496,1473,1462
1496: 1521,1424,1459,1401,1407,1466,1337,1508,1347,1495,1520
1513: 1443,456,1482,1418,1427,1349,1502
1500: 1437,1522,1509,1357,1410,1408,1472,42,1455,1441,1428,1400,1489,1505,1469,1417,1457,1484,1492,1447,1339,1398,1515,1465
1503: 1435,1480,1462,1359,822,1487,1451,1396,1434,1488,1404
1504: 1359,1405,1480,1336,1382,1367,1451,1396,1434,1488
1505: 1469,1417,1318,1324,42,1455,1441,1437,1500,105,1457,1484,1492,1447,1339,1485,1391
1506: 323,1467,1373,1430,1419,1476,952,1479,1388,1510,1511,1389,1376,1474,1478,1501,1346,1431,1464,1316,1426,1393,1425
1507: 157,935,1432,1453
1518: 959,1508
1519: 1481,1450,1499,1438,1353,1498,1430,1476,952
1521: 1424,1459,1401,1496,1407,1466,1337,1508,1483,1347,1495,1520