1574: 1605,415
543: 979
1068: 1632,1656,1630,1655,1659,1653,1654,1657,1658,1640,1638,1627,1619,1624
1141: 1100,1722,1745
1543: 1349
566: 
949: 1718,1765
1581: 1562,1556
1445: 1530
1701: 1700,2334,2392,2266,2040,2488,2464,1671,2454
977: 2578,1867,1913,2619,1899
1519: 1564,1430,903,1450,1531,1476
1373: 1467,480
1572: 559,1527,554,1514,1397,1458
1394: 1379,1415,1365,1345,1317,1346,482,1431
535: 
1939: 2021,2594,2580,966,2563,2579,2602
1459: 1525,157,1588
1509: 1357,1345,1346,482,1393
583: 2050,2087,2223
1619: 1640,1638,1627,1644,1624,1646,1632,1068,1655,1659,1653,1657,1636,1645,1664,1686,1639
1376: 1501,1588
900: 455,2448
1520: 1495
1337: 1690
500: 
520: 
1393: 1431,1426,1345,1317,1346,1461,1509,1357,1395
1602: 1532,1323
1623: 1066,1618,1063,1065,1609,1083,1615,1053,1521,1731
562: 
509: 578
1174: 1062
822: 1487,1530,926
947: 
563: 
985: 
1450: 1531,1519,1564,1430,1476
2261: 2272,2091,2140,2201,2337,2323,2159,2283,2342,2282,2338,2089,2345,2275,2339,2094,2181,2149,2258,2187,2281,2280,2139,2279,2204,2045
1556: 1576,1581,1562
995: 2509,2571,1926
551: 2699,2728,945,2710,2731
1532: 1602,1323
957: 538
1540: 1499,1571,903
1687: 1668,1557,1419
961: 1536
495: 420
1456: 1387,1479,1554
968: 988
1718: 1765,949
929: 
939: 555
905: 
1461: 1431,1393,1426,1395
552: 454
572: 1790,2123
1506: 1478
560: 422,2725,2695
504: 
1479: 1554,1456,577,1499,1571
61: 1460
539: 
558: 
1527: 559,1572,554,1514,1397,1458
1495: 1520
2145: 2198,2173,2074,2141,2358,580
922: 
589: 2565,2442
1874: 2540,575,2489,1830,1882,1907
1600: 1789,549
598: 514,965
1202: 
1781: 1752,1977,2039
587: 
515: 
1571: 1540,1499,1479,1554,577,903,1564
569: 1823,1940,1965,1941
996: 1978,1818
1823: 1940,1974,1921,569,1920,1948,1864,1922,1919
1690: 1337
916: 2428,2529,2370,2521
1172: 1326,1268,1635,1617,1136
1605: 1574,415
591: 
926: 1487,822
1487: 822,1530,926
1513: 1548
532: 
944: 
582: 2125,2542
1295: 
948: 
1349: 1543
1064: 1088,1820,1858,1629,1633
588: 2556,2481,2482,2303,2555,2483,2471,2522,2179,2459,1989,2458,2302,2399,2479,2460
1253: 1290,1278
994: 919
1518: 
1496: 1660,1424,1684,1663
2729: 2680,2713,1820,1858,2715,2727,2678,2730
593: 
1426: 1431,1393,1345,1317,1346,1461,1395
544: 
908: 2648,2650,2644,2645
1606: 1853,1736,1751
955: 
1346: 1345,1317,482,1379,1394,1415,1365,1431,1393,1426,1509,1357
906: 417
1635: 153,1617,1136,1268,1172,1326
581: 
498: 
932: 2684
575: 1887,1912,2540,1874
993: 
1646: 1640,1638,1627,1619,1644,1624,1655,1636,1645,1664,1686,1639,1680
531: 
1395: 1431,1393,1426,1461
2602: 2579,2021,2594,2580,1939,2563,2623,2189,2255
513: 
1278: 1290,1253
1387: 1456
2541: 1951,1926,2528,2516,2650,2559,1933,2560,2539,2709,2486,2504,1884,2708
1671: 2465,2364,2476,853,1677,2488,2464,2427,1701,1700,2334,2392,2266,2040,2409,915,2394,2262,2263
1458: 559,1527,1572,1397
506: 1898,1775,1855,1984
975: 
911: 980
555: 939
597: 
979: 543
988: 968
963: 
1684: 1663,1424,1496,1660
538: 957
951: 
1348: 1402
536: 
592: 954
1063: 1618,1065,1609,1083,1615,1612,1067,1069,1620,1066,1623
1562: 1581,1556
2578: 1867,1913,977,2619,1899
986: 
559: 1527,1572,1514,1397,1458
586: 1629,1633
903: 1540,1499,1571,1519,1564,1430,1476
1589: 1732,549
596: 1558,1537
1670: 1743
557: 
580: 2074,2141,2198,2145
537: 
978: 
153: 1635,1617,1136,1268,1326
980: 2369,2473,911
1974: 1921,1972,2015,1998,2027,1823,1940
568: 2272,2091,2140,2201,2280,2139,2237,2204,2045,2132,2090,2075,2115,2076,2098,2236,2043
157: 1588,1459
965: 514,598
2637: 2613,2616,2567,2632,2603,2630,2611,2658,2493,2610,2564,2609,2647
902: 1443,1598
556: 972
1503: 1404
1430: 1519,1564,903,1450,1531,1476
541: 
594: 2686,2703
166: 943,1015,924,1149,1184
1708: 1746
507: 1771,1736,1751
700: 1009,1637,1662
1528: 1592
519: 447
550: 
1547: 1580,573
574: 1414
940: 1936,1967,571
1065: 1618,1063,1609,1083,1615,1612,1067,1069,1620,1066,1623
1837: 1783,1694,1714,1763,1719
923: 
1062: 1174
1053: 1066,1623,1268,1326
901: 
501: 
1588: 157,1525,1459,1376,1501
992: 
1290: 1253,1278
534: 1910,1890,2004,2057
967: 
573: 1547,1580,913
547: 
976: 
919: 994
1415: 1379,1394,1365,1345,1317,1346,482,1431
1565: 1585
590: 2059,524,2033
2687: 2679,2642,2721,2700,2614,2675,2674,945
1514: 554,1474,430,559,1527,1572
962: 1695,1721
927: 1933,2560,2539,2486,2504,1884,2708,2489,1830,1882,1907,2508,2501,1915,2496
1578: 1388
584: 2671
934: 
1531: 1450,1519,1564,1430,1476
953: 
1197: 
973: 1590
517: 1551,1414,404
982: 
1357: 1509,1345,1317,1346,482,1431,1393
924: 1149,1184,1015,166,943
1891: 1793,1629
1424: 1676,1650,1672,1684,1663,1496,1660
990: 422
578: 509
1341: 1477,2407,2551,410
1149: 924,1184,1015,166,943
1388: 1578
1502: 1536
914: 
1419: 1557,1687,1668
1693: 1707,1725,1703,1720,1754,1723,1698,1692
1607: 232
925: 
1521: 1731,1066,1623,1636,1645,1664,1686
1100: 1141,1722,1745
2107: 2185,2150,2138,2225,2251,2131,2247,2250,2129,2219,2288,2252,2312,2216,2253,2244,2246,2300,2162,2259,2248,2256,2249,2323,2159,2283,2163,2062,2175,2182,1994,2188,2186,2183,2184,2127,2181,2149,2258,2187
941: 
1659: 1630,1655,1653,1654,1657,1658,1632,1068,1656,1640,1638,1627,1619,1624,1639
912: 
950: 
943: 166,1015,924,1149,1184
1443: 902,1598
232: 1607
2540: 1874,575,2489,1830,1882,1907
1551: 1414,517
1404: 1503
579: 2712
2720: 
508: 
920: 
1379: 1394,1415,1365,1476,1345,1317,1346,1431
599: 
1580: 1547,573
514: 598,965
1476: 903,1519,1564,1430,1450,1531,1379,1365
971: 
972: 556
1557: 1419,1687,1668
1583: 1603,431,523
1585: 1565
1402: 1348
1576: 1556
1345: 1317,1346,482,1379,1394,1415,1365,1431,1393,1426,1509,1357
1526: 1561
2281: 2280,2139,2279,2237,2282,2338,2089,2345,2275,2339,2094,2193,2405,2002,2272,2091,2140,2201,2337,2261,2196,2191,2132,2260
512: 2161,2097
942: 
571: 1936,1967,940,2165,2349
1478: 1506
1501: 1376,1588
1563: 
928: 
1499: 1540,1571,1479,1554,577,903,1564
567: 
528: 
909: 
1467: 1373,480
524: 1955,1986,590
998: 
853: 1677,2377,2476,2475,2523,2512,2488,2464,2427,2152,2465,1671,2364,1700,2392,2040
585: 
523: 431,1583
1525: 1459,1588
915: 2330,2333,2409,2433,2427,2152,2465,1671,2364,1700,2392,2040,2419,2416,2365,2378,2265,2394,2263,2267,2309,2308,2016,2154,2238,2331,2214,2218,2311,2024
1009: 700,1637,1662
533: 
959: 448
913: 573
530: 
496: 
1088: 1064,1820,1858,1629,1633
522: 
958: 
553: 
1474: 554,1514,430
1365: 1379,1394,1415,1476,1345,1317,1346,1431
1530: 1445,1487,822
510: 527
542: 
960: 
984: 
952: 
595: 
1561: 1526
505: 
521: 
999: 904
2589: 2625,2591,931
518: 
1680: 1639,1640,1638,1644,1624,1646,1636,1645,1664,1686,1703,1720,1754,1648
502: 1979,444,1991,1886,1883
956: 
1414: 1551,517,574,404
933: 1779
904: 999
1015: 166,943,924,1149,1184
1066: 1623,1618,1063,1065,1609,1083,1615,1053,1686,1521,1731
549: 1589,1732,1789,1600
991: 409
1268: 1053,1172,1326,153,1635,1617,1136
1454: 503,2575,2672,1323
311: 1005
554: 1514,1474,1527,1572
497: 983
1536: 1502,961
548: 
526: 
989: 
1069: 1620,1612,1067,1063,1065,1609,1083,1615
1601: 1590
545: 478,1729,1846,981,1788,1970
576: 2343,2436
945: 2692,2722,2674,2679,2687,2642,2699,2728,551
2730: 2715,2727,2678,2713,2710,2731,2680,2729
981: 1729,1846,1772,1802,442,545,452
946: 2029,2065,2011,1963,1942,1972,2015
516: 917
1637: 700,1009,1662
1161: 
570: 
1985: 2116,2117,2206
1592: 1528
918: 2627,2590,2398,2574,2575,2672
1184: 924,1149,1015,166,943
1714: 1694,1837,1783
1323: 2575,2672,1602,1532,1454,503
1686: 1636,1645,1664,1066,1640,1638,1627,1619,1644,1624,1646,1521,1731,1680
1243: 
499: 
1460: 61
1732: 1589,549
938: 
966: 2580,1939
1700: 1701,2334,2392,2266,2040,853,1677,2488,2464,2462,2465,1671,2364,2410,2454,2409,915,2394,2263
937: 
1477: 1341,2407,2551,410
921: 
1698: 1723,1754,1707,1693,1725,1682,1692
1326: 1172,1053,1268,153,1635,1617,1136
540: 2435,2195,2568,2534,2422,2474
997: 
503: 1454,2575,2672,1323
917: 516
1766: 1877,1844,1836
1537: 1558,596
546: 
1067: 1612,1069,1620,1618,1063,1065,1609,1083,1615
970: 
1603: 1583,431
2233: 2348,1997,2445,2443,2168,2383,2166,2385,2105,2418,2366,2208,2359,2167,2384,2426,2213,2207,2211
1668: 1687,1557,1419
1719: 1763,1837,1783
1431: 1393,1426,1379,1394,1415,1365,1345,1317,1346,482,1461,1357,1395
931: 2625,2589,2698
565: 
529: 
1005: 311
561: 
1624: 1640,1638,1627,1619,1644,1646,1632,1068,1630,1655,1659,1653,1654,1657,1658,1636,1645,1664,1686,1639,1680
964: 494
2033: 2020,1999,2059,590,2006,2068
1317: 1345,1346,482,1379,1394,1415,1365,1431,1393,1426,1357
954: 592
1575: 1642,1641,1643,468
1590: 973,1601
2104: 2164,2213,2207,2211,2232,2103,2210,2120,2228,2038,2227,2229
1558: 1537,596
1548: 1513
564: 
511: 1697,1787
1788: 1970,1863,1807,478,545
969: 
527: 510
1136: 153,1635,1617,1268,1172,1326
1554: 1479,1456,577,1499,1571
987: 
935: 
1397: 559,1527,1572,1458
1083: 1618,1063,1065,1609,1615,1612,1067,1069,1620,492,1066,1623
974: 1888
907: 
1598: 1443,902
930: 1760,1797
577: 1479,1554,1499,1571
983: 497
525: 1847,1778
1984: 1855,1898,1775,506
1564: 1519,1430,1499,1571,903,1450,1531,1476
910: 413
936: 
400: 
401: 
402: 
403: 
404: 1414,517
405: 
406: 
407: 
408: 
409: 991
410: 1477,1341
411: 
412: 
413: 910
414: 429
415: 1574,1605
416: 
417: 906
418: 
419: 
420: 495
421: 
422: 990,2717,2725,2695,560
423: 
424: 
425: 
426: 
427: 460
428: 
429: 414
430: 1474,1514
431: 523,1583,1603
432: 
433: 
434: 2358,2173
435: 
436: 471
437: 
438: 
439: 459
440: 
441: 
442: 1772,1802,1729,1846,981,452
443: 
444: 502,1979,1883
445: 
446: 
447: 519
448: 959
449: 
450: 
451: 
452: 1772,1802,442,1729,1846,981
453: 
454: 552
455: 900,2446,2448,2209,2447
456: 
457: 
458: 
459: 439
460: 427
461: 
462: 
463: 
464: 
465: 
466: 
467: 
468: 1641,1643,1575,1642
469: 
470: 
471: 436
472: 
473: 
474: 
475: 
476: 
477: 
478: 545,1729,1846,1788,1970
479: 
480: 1373,1467
481: 
482: 1345,1317,1346,1394,1415,1431,1509,1357
483: 
484: 
485: 
486: 
487: 
488: 
489: 
490: 2452,2382,2451
491: 
492: 1083,1615
493: 2718
494: 964
1609: 1618,1063,1065,1083,1615,1612,1067,1069,1620,1066,1623
2725: 2695,422,2717,560
1676: 1650,1672,1424
1612: 1067,1069,1620,1618,1063,1065,1609,1083,1615
1721: 1695,962
1672: 1676,1650,1424
1615: 1618,1063,1065,1609,1083,1612,1067,1069,1620,492,1066,1623
1729: 1846,981,1760,1797,1772,1802,442,478,545,452
1617: 153,1635,1136,1268,1172,1326
1618: 1063,1065,1609,1083,1615,1612,1067,1620,1066,1623
1620: 1069,1612,1067,1618,1063,1065,1609,1083,1615
1627: 1640,1638,1619,1644,1624,1646,1632,1068,1655,1659,1653,1657,1636,1645,1664,1686,1639
1636: 1645,1664,1686,1640,1638,1627,1619,1644,1624,1646,1521,1639,1680
1629: 1891,1064,1088,1633,586
1630: 1655,1659,1653,1654,1657,1658,1632,1068,1656,1640,1638,1624,1639
1631: 1634
1632: 1068,1656,1630,1655,1659,1653,1654,1657,1658,1640,1638,1627,1619,1624
1633: 1064,1088,1629,586,1875,1750,2701,2711,2706
1634: 1631
1638: 1640,1627,1619,1644,1624,1646,1632,1068,1630,1655,1659,1653,1654,1657,1658,1636,1645,1664,1686,1639,1680
1639: 1680,1630,1655,1659,1653,1654,1657,1658,1640,1638,1627,1619,1644,1624,1646,1636,1645,1664,1703,1720,1648
1640: 1638,1627,1619,1644,1624,1646,1632,1068,1630,1655,1659,1653,1654,1657,1658,1636,1645,1664,1686,1639,1680
1641: 1643,1575,1642,468
1642: 1575,1641,1643,468
1643: 1641,1575,1642,468
1644: 1640,1638,1627,1619,1624,1646,1655,1636,1645,1664,1686,1639,1680
1645: 1636,1664,1686,1640,1638,1627,1619,1644,1624,1646,1521,1731,1639,1680
1685: 
1648: 1754,1639,1680,1703,1720,1725
1696: 1679
1650: 1676,1672,1424
1651: 1662
1677: 853,2377,2476,2475,2523,2512,2488,2464,2427,2465,1671,2364,1700,2334,2392,2040
1653: 1630,1655,1659,1654,1657,1658,1632,1068,1656,1640,1638,1627,1619,1624,1639
1654: 1630,1655,1659,1653,1657,1658,1632,1068,1656,1640,1638,1624,1639
1655: 1630,1659,1653,1654,1657,1658,1632,1068,1656,1640,1638,1627,1619,1644,1624,1646,1639
1656: 1632,1068,1630,1655,1659,1653,1654,1657,1658
1657: 1630,1655,1659,1653,1654,1658,1632,1068,1656,1640,1638,1627,1619,1624,1639
1658: 1630,1655,1659,1653,1654,1657,1632,1068,1656,1640,1638,1624,1639
1660: 1496,1424,1684,1663
1720: 1703,1639,1680,1754,1648,1707,1693,1725
1662: 1651,700,1009,1637
1663: 1684,1424,1496,1660
1664: 1636,1645,1686,1640,1638,1627,1619,1644,1624,1646,1521,1731,1639,1680
1665: 1702
1679: 1696
1682: 1698,1692
1689: 1817
1688: 
1797: 1772,1802,1804,1760,930,1729,1846
1692: 1707,1693,1723,1698,1682
1694: 1714,1837,1783
1695: 1721,962
1697: 1787,511
1702: 1665
1703: 1720,1639,1680,1754,1648,1693,1725
1982: 2093,2144,2160,2135,2142,2122,2169,2177,2112,2205,2130,2256,2143,2077,2147,2163,2062,2137,2114,2113,2134,2054,2037,2133
1767: 1779,1836
2612: 2682,2630,2611,2658,2704,2639,2657,2493,2609,2683,2689
1707: 1693,1725,1720,1754,1723,1698,1692
1731: 1521,1066,1623,1645,1664,1686
1730: 1834,1792,1870,1841
1926: 2619,1899,995,2528,1951,2541
2701: 1875,1750,2711,2706,1633
1717: 1915,2496,1796,2631,2583,2572,2624
1722: 1745,1141,1100
1723: 1698,1754,1707,1693,1725,1692
1725: 1707,1693,1703,1720,1754,1648,1723,1698
1841: 1870,1792,1730,1834,1863,1807
1728: 1756,1819,2607,2677,1792
1807: 1863,1870,1841,1788,1970
1772: 1797,1802,1804,1760,442,1729,1846,981,452
1736: 1751,1853,1606,507,1776,1960
1737: 1888
1830: 2489,1882,1907,2540,1874,2486,2504,1884,2708,927
1765: 1718,949
1740: 1798
1743: 1670
1778: 1847,525
1745: 1722,1141,1100
1746: 1708
1796: 2631,2583,1915,2496,1717,1756,1819
1858: 1820,2694,1064,1088,2680,2729
2312: 2219,2288,2252,2216,2309,2238,2331,2214,2311,2024,2225,2251,2131,2247,2250,2129,2253,2244,2246,2300,2162,2259,2248,2256,2249,2107,2185,2150,2138,2323,2159,2283
1750: 1875,2701,2711,2706,1633
1751: 1736,1853,1606,507,1776,1960
1752: 1781,1977,2039
2132: 2272,2140,2201,2281,2280,2139,2279,2237,2196,2191,568,2260,2199,2236,2043
1754: 1648,1680,1703,1720,1707,1693,1725,1723,1698
2321: 2319,2341,2420,2156,2322,2314,2406,2320,2415,2356,2403,2432,2357,2158,2352,2414,2355,2310,2379,2419,2365,2265,2400,2178,2315,2313,2309,2308,2016,2154,2238,2318,2316,2180,2317,2226,2155,2353,1961,2235,2225
1756: 1819,1796,2583,1776,1960,2607,1728
2603: 2632,2599,2600,2598,2562,2637,2613,2616,2610,2564,2609,2647
1760: 930,1804,1797,1772,1802,1729,1846
1917: 1843,1920,1948,1864,1922,1919,1955,1986,1910,1890
1763: 1719,1837,1783
1825: 1953
1768: 1832
1769: 1771,1877,1844
2698: 931,2604
1771: 1769,507,1877,1844
1773: 2350,2286,2595,2596,2655
1775: 1898,506,2101,1855,1984
1776: 1960,1736,1751,1756,1819
1779: 1767,933,1836
2163: 2062,2175,2122,2169,2177,2205,2130,2162,2259,2248,2256,2249,2107,2185,2138,2093,2144,2160,2135,1982,2182,1994,2188,2186,2183,2113,2134,2054,2037,2133,2092,2064
1783: 1837,1694,1714,1763,1719
1785: 1928
2046: 2386,2241,2408,2293,2292,2439,2411,2388,2497,2438,2424,2291,2243,2325,2044,2324,2242,2425,2423,2245,2381,2344,2404
1787: 1697,511
1789: 1600,549
1790: 2525,2371,572
1791: 1988
1792: 2607,2677,1728,1730,1834,1870,1841
1793: 1891,2572,2624
1798: 1740
2076: 2090,2075,2115,2170,2204,2045,2012,568,2108,2049
1802: 1797,1772,1760,442,1729,1846,981,452
1803: 1876,1978,1818
1804: 1760,1797,1772
1890: 1910,1843,1917,534
2080: 2052,2063,2137,2114,2113,2134,2054,2037,2133,2092,2121,2099,2029,2065,2011
1867: 2578,1913,2189,2255,977,2619,1899
2722: 2692,2707,2724,2684,2662,2721,2674,945
1811: 
1844: 1877,1769,1876,1771,1766,1836
1973: 2053,1947
1817: 1689
1818: 1978,1803,996
1819: 1756,1796,2583,1776,1960,1728
1820: 1858,2694,1064,1088,2680,2729
2678: 2715,2727,2730,2713,2710,2731,2680,2729
1919: 1948,1864,1922,1823,1940,1920,1843,1917
2143: 2077,2147,2202,2142,2278,2122,2169,2177,2112,2205,2130,2120,2093,2144,2160,2135,1982,2228,2137,2114,2113,2134
2255: 2189,2579,2602,1991,1886,1867,1913
1988: 1791
2042: 2098,2236,2043
1832: 1768
2544: 2451,2340,2437,2435,2195
1834: 1730,1792,1870,1841
1836: 1877,1844,1766,1767,1779
2619: 1899,977,2578,1867,1913,2600,1926
2580: 2021,2594,1939,966,2579,2602
2604: 2698,2652
1843: 1917,1920,1948,1864,1922,1919,1955,1910,1890
1936: 1967,940,571
1846: 1729,981,1760,1797,1772,1802,442,478,545,452
1847: 1778,525
2700: 2614,2675,2673,2657,2721,2683,2674,2679,2687,2642
2707: 2692,2722,2724,2684,2716,2662,2699,2728
1853: 1606,1736,1751
1855: 1984,1898,1775,506
2133: 2037,2092,2093,2144,2160,2135,1982,2163,2062,2175,2182,1994,2188,2186,2183,2127,2113,2134,2054,2064,2170,2080,2176
1920: 1823,1940,1965,1941,1948,1864,1922,1919,1843,1917
1863: 1807,1870,1841,1788,1970
1864: 1948,1922,1919,1823,1940,1920,1955,1986,1843,1917
1899: 2619,977,2578,1867,1913,2600,2598,2562,1926
1987: 2003,2065,2011,2030,1966
2127: 2182,1994,2188,2186,2183,2184,2259,2107,2185,2150,2138,2323,2175,2181,2149,2258,2187,2133,2064,2170,2204,2045,2012
1870: 1841,1792,1730,1834,1863,1807
2723: 2664,2393,2203
2718: 493
2002: 2277,2193,2405,2404,2089,2345,2275,2339,2094,2332,2395,2391,2066,2281,2280,2139,2279,2237,2196,2191,2335,2271,2197,2329
1875: 1750,2701,2711,2706,1633
1876: 1803,1877,1844
1877: 1844,1769,1876,1771,1766,1836
2615: 2659,2096,2290,2563
1882: 2489,1830,1907,2540,1874,2486,2504,1884,2708,927
1883: 444,2073,502,1979,1992
1884: 2486,2504,2708,1951,2541,1933,2489,1830,1882,1907,2501,927
1886: 1991,502,1979,2189,2255
1887: 1912,1965,1941,2509,2571,575
1888: 1737,974
1951: 2541,1926,2528,2516,2650,2559,1933,2560,2539,2709,2486,2504,1884,2708
2533: 2569,2511
2694: 2713,1820,1858
2684: 2716,2685,2662,932,2692,2707,2722,2724
1948: 1864,1922,1919,1823,1940,1920,1955,1986,1843,1917
1970: 1788,1863,1807,478,545
1898: 1775,506,1855,1984
2653: 2151,2450,2561,2568,2534
2222: 2524,2466,2530,2434,2402,2487,2429,2480,2477,2456,2485,2431,2461,2376,2417
2311: 2374,2351,2299,2215,2024,2330,2333,2409,915,2394,2262,2263,2267,2293,2331,2214,2218,2243,2325,2044,2219,2288,2252,2312,2216,2253,2244,2246,2300
2711: 1875,1750,2701,2706,1633
2695: 2725,422,2717,560
2522: 2471,2430,2547,2179,2555,2483,2484,2548,2556,2481,2482,2303,588,2459,1989,2458
1907: 2489,1830,1882,2540,1874,2486,2504,1884,2708,927
2686: 2717,594,2703
1910: 1890,1843,1917,534
2064: 2170,2163,2062,2175,2182,1994,2188,2186,2183,2184,2127,2187,2037,2133,2092,2204,2012,2108,2049,2176
1912: 1887,1965,1941,2509,2571,575
1913: 2578,1867,2189,2255,977,2619,1899
2709: 1933,2560,2539,1951,2541,2504,2708,2501
1915: 2496,927,1717,1796,2631,2583
2400: 2178,2315,2313,2306,2301,2305,2307,2406,2320,2415,2356,2403,2432,2357,2158,2355,2389,2304,2055,2367,2319,2156,2321,2314,2190,2346,2231,2270,2318,2316,2180,2317
1921: 1974,1972,2015,1998,2027,1823,1940
1922: 1948,1864,1919,1823,1940,1920,1955,1843,1917
2034: 2101
1989: 2459,2458,2555,2483,2471,2522,2430,2547,2179,2556,2481,2482,2303,588,2302,2399,2479,2460,2306,2301,2305,2307
1950: 2067,2020,1999,2006,2068
2061: 2036,1995,2018,2027
1928: 1785
1972: 2015,946,1963,1942,1974,1921,1998,2027
2559: 2516,2650,2528,1951,2541,1933,2560,2539,2501
2583: 1796,2631,1915,2496,1717,1756,1819
2031: 1976,2212,2426,2213,2207,2211,2165,2349
1933: 2560,2539,2709,2528,1951,2541,2516,2650,2559,2486,2504,1884,2708,2508,2501,927
2588: 2469,2601,2587,2635
2090: 2075,2115,2076,2012,568,2108,2049,2030,1966
1940: 1823,1974,1921,569,1920,1948,1864,1922,1919
1941: 1965,569,1920,1887,1912
1942: 1963,946,1972,2015,1992
1995: 2036,2061,2018,2027
2125: 2542,582
2717: 422,2725,2695,2686
1947: 1973,2053
1953: 1825
2113: 2134,2054,2143,2077,2147,2093,2144,2160,2135,1982,2163,2062,2137,2114,2037,2133,2092,2121,2099,2080,2063
1955: 1986,524,1948,1864,1922,1843,1917
2012: 2204,2045,2182,2188,2186,2127,2181,2187,2272,2091,2064,2170,2108,2049,2176,2090,2075,2115,2076
2147: 2143,2077,2202,2142,2278,2122,2169,2120,2093,2144,2160,2135,1982,2228,2038,2227,2229,2137,2114,2113,2134
1960: 1776,1736,1751,1756,1819
1961: 2226,2155,2353,2235,2178,2315,2313,2319,2341,2420,2156,2322,2321,2314,2308,2154,2238,2318,2316,2180,2317,2225,2131,2247,2129,2202,2142,2278,2122,2169,2177,2112,2205,2130,2248,2256
1997: 2348,2233,2445,2443,2383,2166,2385,2105,2418,2366,2208,2359,2167,2384,2426,2213,2207,2211,2232,2103,2210
1963: 1942,946,2073,1972,2015,1992
1986: 1955,524,1948,1864,1917
1965: 1941,569,1920,1887,1912
1966: 2030,2108,2049,2090,2075,2065,2011,1987,2003
1967: 1936,940,571
1976: 2031,2212,2426,2213,2207,2211,2165,2349
1977: 1752,1781,2039
1978: 1818,1803,996
1979: 502,444,1991,1886,1883
1991: 1886,502,1979,2189,2255
1992: 2073,1963,1942,1883
2020: 2067,1950,1999,2033,2006,2068
1994: 2182,2188,2186,2183,2184,2127,2162,2259,2256,2249,2107,2185,2150,2138,2323,2159,2283,2163,2175,2181,2149,2258,2187,2133,2064,2170,2204,2045
1998: 2027,1972,2015,1974,1921
1999: 2067,1950,2020,2033,2006,2068
2055: 2389,2304,2367,2302,2306,2301,2305,2307,2406,2320,2415,2356,2403,2432,2105,2400,2178,2315,2313,2208,2359,2190,2346,2231,2270,2318,2316,2180,2317
2030: 1966,2108,2049,2176,2090,2075,2065,2011,1987,2003
2003: 1987,2065,2011,2030,1966
2004: 2057,534
2108: 2049,2176,2037,2092,2064,2012,2090,2075,2115,2076,2065,2011,2030,1966
2006: 2068,2067,1950,2020,1999,2033
2708: 2486,2504,1884,1951,2541,1933,2560,2539,2709,2489,1830,1882,1907,2508,2501,927
2162: 2259,2248,2256,2249,2226,2155,2235,2225,2251,2131,2247,2250,2129,2252,2312,2122,2169,2177,2112,2205,2130,2107,2185,2150,2138,2093,2144,2160,2163,2062,2175,2182,1994,2188,2186,2183,2184
2105: 2383,2166,2385,2302,2399,2479,2460,2306,2301,2305,2307,2445,2443,2168,2389,2304,2055,2367,2348,2233,1997,2208,2359,2167,2384,2190,2346,2231,2270
2026: 2119
2011: 2065,2080,2052,2063,2108,2049,2029,2030,1966,946,1987,2003
2347: 2240,2245,2381,2110,2351,2215,2243,2044,2241,2408,2253,2244,2246,2300,2344,2404,2323,2159,2283,2282,2338,2275,2339,2094
2591: 2625,2589
2015: 1972,946,1963,1942,1974,1921,1998,2027
2016: 2309,2308,2154,2238,2357,2355,2310,2379,2419,2416,2365,2378,2265,2330,2333,915,2319,2341,2420,2156,2322,2321,2314,2331,2214,2218,2226,2155,2235,2225,2251,2131,2247,2250,2129,2219,2288,2252
2018: 2036,1995,2061
2611: 2612,2682,2630,2658,2704,2637,2657,2493,2610,2564,2609,2683,2646,2689
2021: 2594,2580,1939,2563,2623,2579,2602
2057: 2004,534
2639: 2606,2667,2673,2657,2612,2682,2630,2658
2024: 2374,2351,2311,2299,2215,2330,2333,2409,915,2394,2262,2263,2267,2293,2331,2214,2218,2243,2325,2044,2219,2288,2312,2216,2253,2244,2246,2300
2027: 1998,1972,2015,2036,1995,2061,1974,1921
2146: 2274
2029: 2121,2099,2080,2052,2063,2065,2011,946
2442: 2565,589
2036: 1995,2061,2018,2027
2037: 2133,2092,2093,2144,2160,1982,2163,2062,2175,2113,2134,2054,2064,2080,2052,2063,2108,2176
2038: 2228,2227,2229,2104,2164,2120,2077,2147,2137,2114,2121,2099
2039: 1977,1752,1781
2040: 1701,1700,2334,2392,2266,853,1677,2488,2464,2465,1671,2364,2217,2362,2410,2454,2330,2333,2409,915,2394,2262,2263,2267,2293
2699: 2728,2707,945,551
2043: 2098,2236,568,2132,2260,2199,2042
2044: 2243,2325,2324,2394,2262,2293,2292,2439,2374,2351,2311,2299,2215,2024,2046,2386,2241,2408,2253,2244,2246,2300,2240,2347,2245,2381,2110,2344
2045: 2204,2012,2182,1994,2188,2186,2183,2184,2127,2181,2149,2258,2187,2272,2091,2140,2201,2337,2261,2170,568,2115,2076
2716: 2684,2685,2662,2692,2707,2724
2346: 2190,2231,2270,2383,2166,2385,2105,2389,2304,2055,2367,2400,2315,2208,2359,2167,2384,2318,2316,2180,2317,2202,2278
2049: 2108,2176,2064,2012,2090,2075,2115,2076,2065,2011,2030,1966
2050: 2087,583
2232: 2103,2210,1997,2167,2190,2231,2213,2207,2211,2104,2164,2120
2052: 2080,2063,2137,2114,2054,2037,2092,2121,2099,2029,2065,2011
2053: 1973,1947
2054: 2113,2134,2093,2144,2160,2135,1982,2163,2062,2137,2114,2037,2133,2092,2121,2099,2080,2052,2063
2059: 590,2033
2190: 2346,2231,2270,2105,2389,2304,2055,2367,2400,2178,2315,2313,2208,2359,2167,2318,2316,2180,2317,2232,2103,2202,2142,2278
2062: 2163,2175,2122,2169,2177,2130,2162,2259,2248,2256,2107,2185,2138,2093,2144,2160,2135,1982,2182,2188,2186,2183,2113,2134,2054,2037,2133,2092,2064
2063: 2080,2052,2137,2114,2113,2134,2054,2037,2092,2121,2099,2029,2065,2011
2065: 2011,2080,2052,2063,2108,2049,2176,2029,2030,1966,946,1987,2003
2066: 2332,2395,2391,2437,2277,2193,2405,2002,2422,2474,2196,2191,2335,2271,2197,2329
2067: 1950,2020,1999,2006,2068
2068: 2006,2067,1950,2020,1999,2033
2680: 2729,2713,1820,1858,2715,2727,2678,2730
2070: 2336
2575: 2672,2627,2590,918,1323,1454,503
2072: 2223
2073: 1963,1883,1992
2074: 2141,2198,2145,580
2075: 2090,2115,2076,2012,568,2108,2049,2176,2030,1966
2077: 2143,2147,2202,2142,2122,2169,2120,2093,2144,2135,1982,2228,2038,2227,2229,2137,2114,2113,2134
2144: 2093,2160,2135,1982,2142,2278,2122,2169,2177,2112,2205,2130,2162,2259,2248,2256,2143,2077,2147,2163,2062,2175,2113,2134,2054,2037,2133
2103: 2232,2210,1997,2359,2167,2190,2231,2213,2207,2211,2104,2164,2120
2087: 2050,583
2521: 916,2370
2089: 2345,2275,2339,2094,2240,2404,2282,2338,2277,2193,2405,2002,2140,2201,2261,2281,2280,2139,2279,2237,2196,2191
2091: 2272,2140,2201,2337,2261,2323,2159,2282,2338,2339,2094,2181,2149,2258,2187,2281,2280,2139,2279,2204,2045,2012,568
2092: 2037,2133,2093,2160,2163,2062,2175,2113,2134,2054,2064,2080,2052,2063,2108,2176
2093: 2144,2160,2135,1982,2142,2122,2169,2177,2130,2162,2256,2143,2077,2147,2163,2062,2175,2137,2114,2113,2134,2054,2037,2133,2092
2094: 2089,2345,2275,2339,2240,2347,2245,2381,2110,2344,2404,2342,2282,2338,2193,2002,2272,2091,2140,2201,2337,2261,2281,2280,2139,2279,2237,2196,2191
2095: 2570
2096: 2290,2615,2659
2097: 2161,512,2260,2199
2098: 2236,2043,568,2199,2042
2099: 2121,2228,2038,2227,2137,2114,2113,2134,2054,2080,2052,2063,2029
2101: 2034,1775
2641: 2593
2202: 2142,2278,2190,2346,2231,2270,2318,2316,2180,2317,2353,1961,2122,2169,2177,2112,2205,2120,2143,2077,2147,2135
2110: 2240,2347,2245,2381,2351,2215,2044,2253,2244,2246,2300,2323,2159,2283,2282,2338,2339,2094
2201: 2272,2091,2140,2337,2261,2159,2282,2338,2089,2345,2339,2094,2181,2149,2258,2281,2280,2139,2279,2237,2204,2045,568,2132
2112: 2122,2169,2177,2205,2130,2318,2316,2180,2317,2226,2155,2353,1961,2235,2225,2247,2129,2202,2142,2278,2162,2248,2256,2143,2144,2135,1982
2114: 2137,2143,2077,2147,2093,2160,2135,1982,2228,2038,2227,2113,2134,2054,2121,2099,2080,2052,2063
2115: 2090,2075,2076,2170,2204,2045,2012,568,2108,2049
2116: 1985,2117,2206
2117: 2206,2116,1985
2119: 2026
2120: 2232,2103,2210,2202,2142,2278,2104,2164,2143,2077,2147,2038,2227,2229
2121: 2099,2228,2038,2227,2229,2137,2114,2113,2134,2054,2080,2052,2063,2029
2122: 2169,2177,2112,2205,2130,2318,2316,2180,2317,2353,1961,2235,2129,2202,2142,2278,2162,2248,2256,2143,2077,2147,2093,2144,2160,2135,1982,2163,2062
2123: 2586,572
2238: 2309,2308,2016,2154,2357,2355,2310,2419,2365,2265,2330,915,2319,2341,2420,2156,2322,2321,2314,2331,2214,2218,2226,2155,2353,1961,2235,2225,2251,2131,2247,2250,2129,2219,2288,2252,2312,2216
2129: 2225,2251,2131,2247,2250,2341,2156,2309,2308,2016,2154,2238,2331,2226,2155,2353,1961,2235,2219,2288,2252,2312,2122,2169,2177,2112,2205,2130,2162,2259,2248,2256,2249,2107,2185,2150,2138
2130: 2122,2169,2177,2112,2205,2155,2353,1961,2235,2225,2247,2129,2142,2278,2162,2259,2248,2256,2249,2143,2093,2144,2160,2135,1982,2163,2062,2175
2131: 2225,2251,2247,2250,2129,2341,2420,2156,2322,2309,2308,2016,2154,2238,2331,2214,2218,2226,2155,1961,2235,2219,2288,2252,2312,2216,2177,2162,2248,2256,2249,2107,2150
2134: 2113,2054,2143,2077,2147,2093,2144,2160,2135,1982,2163,2062,2137,2114,2037,2133,2092,2121,2099,2080,2063
2135: 2093,2144,2160,1982,2202,2142,2278,2122,2169,2177,2112,2205,2130,2256,2143,2077,2147,2163,2062,2137,2114,2113,2134,2054,2133
2258: 2181,2149,2187,2107,2185,2150,2323,2159,2283,2282,2338,2182,1994,2188,2186,2183,2184,2127,2272,2091,2140,2201,2337,2261,2170,2204,2045
2137: 2114,2143,2077,2147,2093,2160,2135,1982,2228,2038,2227,2229,2113,2134,2054,2121,2099,2080,2052,2063
2138: 2107,2185,2150,2247,2250,2129,2252,2312,2162,2259,2248,2256,2249,2323,2163,2062,2175,2182,1994,2188,2186,2183,2184,2127,2149,2187
2139: 2281,2280,2279,2237,2282,2338,2089,2345,2275,2339,2094,2193,2002,2272,2091,2140,2201,2337,2261,2196,2191,568,2132,2260,2199
2140: 2272,2091,2201,2337,2261,2323,2159,2282,2338,2089,2345,2275,2339,2094,2181,2149,2258,2281,2280,2139,2279,2237,2204,2045,568,2132
2141: 2074,2198,2145,580
2142: 2202,2278,2190,2270,2318,2316,2180,2317,2353,1961,2235,2122,2169,2177,2112,2205,2130,2120,2143,2077,2147,2093,2144,2160,2135,1982
2148: 2224,2498,2499
2149: 2181,2258,2187,2107,2185,2150,2138,2323,2159,2283,2282,2338,2182,1994,2188,2186,2183,2184,2127,2272,2091,2140,2201,2337,2261,2170,2204,2045
2150: 2107,2185,2138,2225,2251,2131,2247,2250,2129,2219,2288,2252,2312,2216,2253,2244,2246,2300,2162,2259,2248,2256,2249,2323,2159,2283,2175,2182,1994,2188,2186,2183,2184,2127,2181,2149,2258,2187
2151: 2653,2450,2561,2568,2534
2152: 2433,2427,2487,2429,2480,2477,2456,2485,2377,2476,2475,2523,2512,853,2461,2376,2417,2157,2465,2364,2357,2352,2414,2355,2310,2379,2419,2416,2365,2378,2265,915
2377: 2476,2475,2523,2512,2487,2429,2480,2477,2456,2485,853,1677,2461,2376,2417,2157,2433,2427,2152,2465,2364
2154: 2309,2308,2016,2238,2357,2158,2355,2310,2419,2365,2265,2330,915,2319,2341,2420,2156,2322,2321,2314,2331,2214,2218,2226,2155,2353,1961,2235,2225,2251,2131,2247,2250,2129,2219,2288,2252
2155: 2226,2353,1961,2235,2178,2315,2313,2319,2341,2420,2156,2322,2321,2314,2309,2308,2016,2154,2238,2318,2316,2180,2317,2225,2251,2131,2247,2250,2129,2169,2177,2112,2205,2130,2162,2248,2256,2249
2156: 2319,2341,2420,2322,2321,2314,2406,2320,2357,2158,2414,2355,2310,2419,2365,2265,2400,2178,2315,2313,2309,2308,2016,2154,2238,2318,2316,2180,2226,2155,2353,1961,2235,2225,2251,2131,2129
2157: 2461,2376,2417,2466,2487,2429,2480,2477,2456,2485,2377,2475,2512,2433,2427,2152,2406,2320,2415,2356,2357,2158,2352,2414,2355,2310,2379,2419,2416,2365,2378,2265
2158: 2357,2352,2414,2355,2310,2379,2431,2461,2376,2417,2157,2406,2320,2415,2356,2403,2432,2419,2416,2365,2378,2265,2400,2178,2315,2313,2319,2341,2420,2156,2322,2321,2314,2308,2154
2159: 2323,2283,2312,2216,2253,2244,2246,2300,2240,2347,2245,2381,2110,2107,2185,2150,2342,2282,2338,2182,1994,2183,2184,2181,2149,2258,2187,2272,2091,2140,2201,2337,2261
2160: 2093,2144,2135,1982,2142,2122,2169,2177,2130,2162,2259,2256,2143,2147,2163,2062,2175,2137,2114,2113,2134,2054,2037,2133,2092
2161: 2097,512,2260,2199
2164: 2104,2213,2207,2211,2232,2103,2210,2120,2228,2038,2227,2229
2165: 2349,2212,571,2031,1976
2166: 2383,2385,2105,2302,2399,2479,2301,2305,2307,2445,2443,2168,2389,2304,2367,2348,2233,1997,2208,2359,2167,2384,2346,2231
2167: 2208,2359,2384,2445,2383,2166,2385,2105,2389,2304,2367,2348,2233,1997,2190,2346,2231,2270,2213,2207,2211,2232,2103,2210
2168: 2445,2443,2302,2399,2479,2460,2383,2166,2385,2105,2418,2348,2233,2208,2384
2169: 2122,2177,2112,2205,2130,2318,2316,2180,2317,2155,2353,1961,2235,2225,2247,2129,2202,2142,2278,2162,2248,2256,2143,2077,2147,2093,2144,2160,2135,1982,2163,2062
2170: 2064,2175,2182,1994,2188,2186,2183,2184,2127,2181,2149,2258,2187,2133,2204,2045,2012,2176,2115,2076
2406: 2320,2415,2356,2403,2432,2431,2461,2376,2417,2157,2306,2301,2305,2307,2357,2158,2352,2414,2355,2310,2379,2389,2304,2055,2400,2178,2315,2313,2319,2341,2420,2156,2322,2321,2314
2658: 2612,2682,2630,2611,2704,2639,2606,2637,2613,2657,2493,2610,2564,2609,2683,2689
2173: 2198,2145,2358,434
2174: 2455,2396
2175: 2163,2062,2177,2130,2162,2259,2256,2249,2107,2185,2150,2138,2093,2144,2160,2182,1994,2188,2186,2183,2184,2127,2037,2133,2092,2064,2170
2176: 2108,2049,2037,2133,2092,2064,2170,2012,2075,2065,2030
2177: 2122,2169,2112,2205,2130,2318,2316,2180,2317,2226,2155,2353,1961,2235,2225,2251,2131,2247,2250,2129,2202,2142,2278,2162,2259,2248,2256,2249,2143,2093,2144,2160,2135,1982,2163,2062,2175
2178: 2400,2315,2313,2305,2307,2406,2320,2357,2158,2355,2389,2304,2055,2319,2341,2420,2156,2322,2321,2314,2190,2270,2318,2316,2180,2317,2226,2155,2353,1961,2235
2179: 2471,2522,2430,2547,2555,2483,2484,2548,2482,2303,588,2459,1989,2458
2180: 2318,2316,2317,2389,2304,2055,2400,2178,2315,2313,2319,2156,2321,2314,2190,2346,2231,2270,2226,2155,2353,1961,2235,2202,2142,2278,2122,2169,2177,2112,2205
2181: 2149,2258,2187,2107,2185,2150,2323,2159,2283,2282,2338,2182,1994,2188,2186,2183,2184,2127,2272,2091,2140,2201,2337,2261,2170,2204,2045,2012
2182: 1994,2188,2186,2183,2184,2127,2162,2259,2256,2107,2185,2150,2138,2323,2159,2283,2163,2062,2175,2181,2149,2258,2187,2133,2064,2170,2204,2045,2012
2183: 2182,1994,2188,2186,2184,2127,2162,2259,2256,2249,2107,2185,2150,2138,2323,2159,2283,2163,2062,2175,2181,2149,2258,2187,2133,2064,2170,2204,2045
2184: 2182,1994,2188,2186,2183,2127,2162,2259,2256,2249,2107,2185,2150,2138,2323,2159,2283,2175,2181,2149,2258,2187,2064,2170,2204,2045
2185: 2107,2150,2138,2247,2250,2129,2219,2252,2312,2253,2162,2259,2248,2256,2249,2323,2159,2283,2163,2062,2175,2182,1994,2188,2186,2183,2184,2127,2181,2149,2258,2187
2186: 2182,1994,2188,2183,2184,2127,2162,2259,2256,2107,2185,2150,2138,2323,2283,2163,2062,2175,2181,2149,2258,2187,2133,2064,2170,2204,2045,2012
2187: 2181,2149,2258,2107,2185,2150,2138,2323,2159,2283,2182,1994,2188,2186,2183,2184,2127,2272,2091,2337,2261,2064,2170,2204,2045,2012
2188: 2182,1994,2186,2183,2184,2127,2162,2259,2256,2107,2185,2150,2138,2323,2163,2062,2175,2181,2149,2258,2187,2133,2064,2170,2204,2045,2012
2189: 2255,2579,2602,1991,1886,1867,1913
2191: 2196,2089,2345,2275,2339,2094,2277,2193,2405,2002,2332,2395,2391,2066,2281,2280,2139,2279,2237,2335,2271,2197,2329,2132,2260,2199
2683: 2673,2657,2612,2682,2630,2611,2658,2704,2700,2614,2675
2193: 2277,2405,2002,2404,2089,2345,2275,2339,2094,2332,2395,2391,2066,2281,2280,2139,2279,2237,2196,2191,2335,2271,2197,2329
2344: 2404,2243,2325,2044,2324,2046,2386,2241,2408,2242,2425,2423,2240,2347,2245,2381,2338,2275,2339,2094
2195: 2435,2451,2544,2340,2437,2332,2391,2422,2474,540
2196: 2191,2089,2345,2275,2339,2094,2277,2193,2405,2002,2332,2395,2391,2066,2281,2280,2139,2279,2237,2335,2271,2197,2329,2132,2260,2199
2197: 2335,2271,2329,2277,2193,2405,2002,2332,2395,2391,2066,2422,2474,2196,2191,2260,2199
2198: 2145,2173,2074,2141,2358,580
2199: 2260,2280,2139,2237,2196,2191,2335,2271,2197,2329,2132,2098,2236,2043,2161,2097
2343: 2436,576
2203: 2393,2723,2664
2204: 2045,2012,2182,1994,2188,2186,2183,2184,2127,2181,2149,2258,2187,2272,2091,2140,2201,2337,2261,2064,2170,568,2115,2076
2205: 2122,2169,2177,2112,2130,2318,2316,2180,2317,2226,2155,2353,1961,2235,2225,2247,2129,2202,2142,2278,2162,2248,2256,2249,2143,2144,2135,1982,2163
2206: 2117,2116,1985
2207: 2213,2211,2366,2348,2233,1997,2167,2426,2232,2103,2210,2031,1976,2104,2164
2208: 2359,2167,2384,2445,2443,2168,2383,2166,2385,2105,2389,2304,2055,2367,2348,2233,1997,2190,2346,2231,2270,2213,2211
2209: 2446,2448,2447,455
2210: 2232,2103,1997,2167,2213,2207,2211,2104,2164,2120
2211: 2213,2207,2366,2348,2233,1997,2208,2359,2167,2384,2426,2232,2103,2210,2031,1976,2104,2164
2212: 2418,2366,2165,2349,2031,1976
2213: 2207,2211,2366,2348,2233,1997,2208,2359,2167,2384,2426,2232,2103,2210,2031,1976,2104,2164
2214: 2331,2218,2365,2265,2330,2333,2409,915,2263,2267,2309,2308,2016,2154,2238,2374,2351,2311,2299,2215,2024,2225,2251,2131,2250,2219,2288,2252,2312,2216,2253,2244,2246,2300
2215: 2374,2351,2311,2299,2024,2333,2394,2262,2267,2293,2331,2214,2243,2325,2044,2324,2216,2253,2244,2246,2300,2240,2347,2245,2381,2110
2216: 2219,2288,2252,2312,2309,2238,2331,2214,2218,2374,2351,2311,2299,2215,2024,2225,2251,2131,2247,2250,2253,2244,2246,2300,2249,2107,2150,2323,2159,2283
2217: 2362,2410,2454,2361,2268,2463,2462,2334,2392,2266,2040,2505,2373,2363,2394,2262,2293,2292,2439,2411
2218: 2331,2214,2419,2416,2365,2378,2265,2330,2333,2409,915,2394,2263,2267,2309,2308,2016,2154,2238,2374,2311,2299,2024,2225,2251,2131,2250,2219,2288,2216,2300
2219: 2288,2252,2312,2216,2309,2308,2016,2154,2238,2331,2214,2218,2311,2299,2024,2225,2251,2131,2247,2250,2129,2253,2244,2246,2300,2248,2249,2107,2185,2150,2283
2353: 2226,2155,1961,2235,2178,2315,2313,2319,2341,2420,2156,2321,2314,2154,2238,2318,2316,2180,2317,2225,2247,2129,2202,2142,2278,2122,2169,2177,2112,2205,2130,2248,2256
2223: 2072,583
2224: 2148,2498,2499
2225: 2251,2131,2247,2250,2129,2319,2341,2420,2156,2322,2321,2314,2309,2308,2016,2154,2238,2331,2214,2218,2226,2155,2353,1961,2235,2219,2288,2252,2312,2216,2169,2177,2112,2205,2130,2162,2259,2248,2256,2249,2107,2150
2226: 2155,2353,1961,2235,2178,2315,2313,2319,2341,2420,2156,2322,2321,2314,2309,2308,2016,2154,2238,2318,2316,2180,2225,2251,2131,2247,2250,2129,2177,2112,2205,2162,2248,2256,2249
2227: 2228,2038,2229,2104,2164,2120,2077,2147,2137,2114,2121,2099
2228: 2038,2227,2229,2104,2164,2143,2077,2147,2137,2114,2121,2099
2229: 2228,2038,2227,2104,2164,2120,2077,2147,2137,2121
2437: 2340,2425,2382,2451,2544,2435,2195,2277,2405,2332,2395,2391,2066,2422,2474
2231: 2190,2346,2270,2383,2166,2385,2105,2389,2304,2055,2367,2400,2315,2208,2359,2167,2384,2318,2316,2180,2317,2232,2103,2202,2278
2235: 2226,2155,2353,1961,2178,2315,2313,2319,2341,2420,2156,2321,2314,2309,2308,2016,2154,2238,2318,2316,2180,2317,2225,2251,2131,2247,2250,2129,2142,2278,2122,2169,2177,2112,2205,2130,2162,2248,2256,2249
2236: 2098,2043,568,2132,2260,2199,2042
2237: 2281,2280,2139,2279,2089,2345,2275,2339,2094,2193,2405,2002,2140,2201,2196,2191,568,2132,2260,2199
2599: 2632,2600,2598,2562,2616,2603
2240: 2347,2245,2381,2110,2351,2215,2243,2044,2241,2408,2253,2244,2246,2344,2404,2323,2159,2283,2282,2338,2089,2275,2339,2094
2241: 2046,2386,2408,2293,2292,2439,2411,2424,2243,2325,2044,2324,2242,2425,2423,2240,2347,2245,2381,2344,2404
2242: 2425,2423,2292,2439,2411,2388,2497,2438,2424,2291,2452,2046,2386,2241,2408,2382,2344,2404
2243: 2325,2044,2324,2394,2262,2263,2267,2293,2292,2439,2374,2351,2311,2299,2215,2024,2046,2386,2241,2408,2253,2244,2246,2300,2240,2347,2245,2381,2344
2244: 2253,2246,2300,2331,2214,2374,2351,2311,2299,2215,2024,2243,2325,2044,2219,2288,2312,2216,2240,2347,2245,2381,2110,2107,2150,2323,2159,2283,2282,2338
2245: 2240,2347,2381,2110,2374,2351,2299,2215,2243,2325,2044,2324,2046,2386,2241,2408,2253,2244,2246,2344,2404,2159,2282,2338,2275,2339,2094
2246: 2253,2244,2300,2331,2214,2374,2351,2311,2299,2215,2024,2243,2325,2044,2219,2288,2312,2216,2240,2347,2245,2381,2110,2107,2150,2323,2159,2283,2282,2338
2247: 2225,2251,2131,2250,2129,2341,2309,2308,2016,2154,2238,2331,2226,2155,2353,1961,2235,2219,2288,2252,2312,2216,2169,2177,2112,2205,2130,2162,2259,2248,2256,2249,2107,2185,2150,2138
2248: 2162,2259,2256,2249,2226,2155,2353,1961,2235,2225,2251,2131,2247,2250,2129,2219,2288,2252,2312,2122,2169,2177,2112,2205,2130,2107,2185,2150,2138,2144,2163,2062
2249: 2162,2259,2248,2256,2226,2155,2235,2225,2251,2131,2247,2250,2129,2219,2288,2252,2312,2216,2177,2205,2130,2107,2185,2150,2138,2163,2175,1994,2183,2184
2250: 2225,2251,2131,2247,2129,2341,2309,2308,2016,2154,2238,2331,2214,2218,2226,2155,2235,2219,2288,2252,2312,2216,2177,2162,2259,2248,2256,2249,2107,2185,2150,2138
2251: 2225,2131,2247,2250,2129,2341,2420,2156,2322,2309,2308,2016,2154,2238,2331,2214,2218,2226,2155,2235,2219,2288,2252,2312,2216,2177,2162,2248,2256,2249,2107,2150
2252: 2219,2288,2312,2216,2309,2308,2016,2154,2238,2331,2214,2311,2225,2251,2131,2247,2250,2129,2253,2300,2162,2259,2248,2256,2249,2107,2185,2150,2138,2283
2253: 2244,2246,2300,2331,2214,2374,2351,2311,2299,2215,2024,2243,2044,2219,2288,2252,2312,2216,2240,2347,2245,2381,2110,2107,2185,2150,2323,2159,2283,2282
2731: 2710,551,2713,2715,2727,2678,2730
2256: 2162,2259,2248,2249,2226,2155,2353,1961,2235,2225,2251,2131,2247,2250,2129,2252,2312,2122,2169,2177,2112,2205,2130,2107,2185,2150,2138,2093,2144,2160,2135,1982,2163,2062,2175,2182,1994,2188,2186,2183,2184
2650: 2516,2559,2528,1951,2541,2648,1933,2560,2539,908,2508,2501
2259: 2162,2248,2256,2249,2225,2247,2250,2129,2252,2312,2177,2130,2107,2185,2150,2138,2144,2160,2163,2062,2175,2182,1994,2188,2186,2183,2184,2127
2260: 2199,2281,2280,2139,2279,2237,2196,2191,2335,2271,2197,2329,2132,2236,2043,2161,2097
2262: 2394,2263,2267,1671,2334,2392,2266,2040,2217,2362,2410,2454,2361,2333,2409,2293,2374,2351,2311,2299,2215,2024,2243,2325,2044,2324
2263: 2394,2262,2267,2465,1671,2364,1700,2334,2392,2266,2040,2410,2330,2333,2409,915,2293,2331,2214,2218,2374,2311,2299,2024,2243,2325
2600: 2598,2562,2619,1899,2632,2599,2603,2528
2265: 2419,2416,2365,2378,2157,2433,2152,2465,2364,2357,2158,2352,2414,2355,2310,2379,2330,2333,2409,915,2319,2341,2420,2156,2322,2321,2309,2308,2016,2154,2238,2331,2214,2218
2266: 1701,1700,2334,2392,2040,2488,2464,2268,2463,2462,2465,1671,2364,2217,2362,2410,2454,2361,2333,2409,2394,2262,2263,2267,2293
2267: 2394,2262,2263,2465,2364,2392,2266,2040,2410,2330,2333,2409,915,2293,2331,2214,2218,2374,2351,2311,2299,2215,2024,2243,2325
2268: 2463,2462,2488,2464,2334,2266,2217,2362,2410,2454,2361,2505,2373,2363
2307: 2306,2301,2305,2459,1989,2458,2431,2302,2399,2479,2460,2406,2320,2415,2356,2403,2432,2383,2166,2385,2105,2389,2304,2055,2367,2400,2178,2315,2313
2270: 2190,2346,2231,2105,2389,2304,2055,2367,2400,2178,2315,2313,2208,2359,2167,2318,2316,2180,2317,2202,2142,2278
2271: 2335,2197,2329,2277,2193,2405,2002,2332,2395,2391,2066,2422,2474,2196,2191,2260,2199
2272: 2091,2140,2201,2337,2261,2323,2159,2282,2338,2339,2094,2181,2149,2258,2187,2281,2280,2139,2279,2204,2045,2012,568,2132
2469: 2588,2601,2587,2635
2274: 2146
2275: 2089,2345,2339,2094,2240,2347,2245,2381,2344,2404,2282,2338,2277,2193,2405,2002,2140,2261,2281,2280,2139,2279,2237,2196,2191
2669: 
2277: 2193,2405,2002,2404,2340,2437,2089,2345,2275,2332,2395,2391,2066,2196,2191,2335,2271,2197
2278: 2202,2142,2190,2346,2231,2270,2318,2316,2180,2317,2353,1961,2235,2122,2169,2177,2112,2205,2130,2120,2143,2147,2144,2135
2279: 2281,2280,2139,2237,2282,2338,2089,2345,2275,2339,2094,2193,2002,2272,2091,2140,2201,2337,2261,2196,2191,2132,2260
2280: 2281,2139,2279,2237,2282,2338,2089,2345,2275,2339,2094,2193,2002,2272,2091,2140,2201,2337,2261,2196,2191,568,2132,2260,2199
2282: 2342,2338,2253,2244,2246,2240,2347,2245,2381,2110,2323,2159,2283,2089,2345,2275,2339,2094,2181,2149,2258,2272,2091,2140,2201,2337,2261,2281,2280,2139,2279
2283: 2323,2159,2219,2288,2252,2312,2216,2253,2244,2246,2300,2240,2347,2110,2107,2185,2150,2282,2338,2182,1994,2186,2183,2184,2181,2149,2258,2187,2337,2261
2345: 2089,2275,2339,2094,2404,2282,2338,2277,2193,2405,2002,2140,2201,2261,2281,2280,2139,2279,2237,2196,2191
2285: 2495,2592,2550,2467,2514,2601,2543,2573,2398
2286: 2584,2545,2595,2449,1773,2350
2287: 2519
2288: 2219,2252,2312,2216,2309,2308,2016,2154,2238,2331,2214,2218,2311,2299,2024,2225,2251,2131,2247,2250,2129,2253,2244,2246,2300,2248,2249,2107,2150,2283
2290: 2096,2615,2659
2291: 2388,2497,2438,2424,2505,2373,2363,2292,2439,2411,2452,2046,2386,2242,2425,2423
2292: 2439,2411,2217,2362,2410,2361,2505,2373,2363,2293,2388,2438,2424,2291,2243,2325,2044,2324,2046,2386,2241,2408,2242,2425,2423
2293: 2334,2392,2266,2040,2217,2362,2410,2454,2361,2505,2373,2363,2394,2262,2263,2267,2292,2439,2411,2374,2351,2311,2299,2215,2024,2243,2325,2044,2324,2046,2386,2241,2408
2724: 2692,2707,2722,2684,2716,2662
2601: 2543,2573,2550,2467,2514,2495,2592,2285,2398,2588,2469,2574
2543: 2601,2573,2550,2467,2514,2495,2592,2285,2398,2574
2439: 2292,2411,2217,2362,2410,2361,2505,2373,2363,2293,2388,2438,2424,2291,2243,2325,2044,2324,2046,2386,2241,2408,2242,2425,2423
2525: 2371,2396,1790
2299: 2374,2351,2311,2215,2024,2330,2333,2409,2394,2262,2263,2267,2293,2331,2214,2218,2243,2325,2044,2324,2219,2288,2216,2253,2244,2246,2300,2245,2381
2300: 2253,2244,2246,2331,2214,2218,2374,2351,2311,2299,2215,2024,2243,2044,2219,2288,2252,2312,2216,2347,2110,2107,2150,2159,2283
2301: 2306,2305,2307,2459,1989,2458,2431,2302,2399,2479,2460,2406,2320,2415,2356,2403,2432,2383,2166,2385,2105,2389,2304,2055,2367,2400,2315,2313
2302: 2399,2479,2460,588,2459,1989,2458,2306,2301,2305,2307,2445,2443,2168,2383,2166,2385,2105,2389,2304,2055,2367
2303: 2556,2481,2482,588,2555,2483,2471,2522,2430,2547,2179,2459,1989,2458,2399,2479,2460
2304: 2389,2055,2367,2302,2399,2306,2301,2305,2307,2406,2320,2403,2383,2166,2385,2105,2400,2178,2315,2313,2208,2359,2167,2384,2190,2346,2231,2270,2318,2316,2180,2317
2305: 2306,2301,2307,2459,1989,2458,2431,2302,2399,2479,2460,2406,2320,2415,2356,2403,2432,2383,2166,2385,2105,2389,2304,2055,2367,2400,2178,2315,2313
2306: 2301,2305,2307,2459,1989,2458,2431,2302,2399,2479,2460,2406,2320,2415,2356,2403,2432,2383,2385,2105,2389,2304,2055,2367,2400
2308: 2309,2016,2154,2238,2357,2158,2352,2414,2355,2310,2379,2419,2416,2365,2378,2265,2330,2333,915,2319,2341,2420,2156,2322,2321,2314,2331,2214,2218,2226,2155,1961,2235,2225,2251,2131,2247,2250,2129,2219,2288,2252
2309: 2308,2016,2154,2238,2357,2310,2419,2365,2378,2265,2330,2333,915,2319,2341,2420,2156,2322,2321,2331,2214,2218,2226,2155,2235,2225,2251,2131,2247,2250,2129,2219,2288,2252,2312,2216
2310: 2357,2158,2352,2414,2355,2379,2461,2376,2417,2157,2433,2152,2406,2320,2415,2356,2419,2416,2365,2378,2265,2319,2341,2420,2156,2322,2321,2309,2308,2016,2154,2238
2313: 2400,2178,2315,2301,2305,2307,2406,2320,2357,2158,2355,2389,2304,2055,2319,2341,2420,2156,2322,2321,2314,2190,2270,2318,2316,2180,2317,2226,2155,2353,1961,2235
2314: 2319,2341,2420,2156,2322,2321,2406,2320,2357,2158,2355,2400,2178,2315,2313,2308,2016,2154,2238,2318,2316,2180,2317,2226,2155,2353,1961,2235,2225
2315: 2400,2178,2313,2301,2305,2307,2406,2320,2158,2355,2389,2304,2055,2319,2341,2156,2321,2314,2190,2346,2231,2270,2318,2316,2180,2317,2226,2155,2353,1961,2235
2316: 2318,2180,2317,2389,2304,2055,2400,2178,2315,2313,2319,2341,2156,2321,2314,2190,2346,2231,2270,2226,2155,2353,1961,2235,2202,2142,2278,2122,2169,2177,2112,2205
2317: 2318,2316,2180,2389,2304,2055,2367,2400,2178,2315,2313,2321,2314,2190,2346,2231,2270,2155,2353,1961,2235,2202,2142,2278,2122,2169,2177,2112,2205
2318: 2316,2180,2317,2389,2304,2055,2400,2178,2315,2313,2319,2341,2420,2156,2321,2314,2190,2346,2231,2270,2226,2155,2353,1961,2235,2202,2142,2278,2122,2169,2177,2112,2205
2319: 2341,2420,2156,2322,2321,2314,2406,2320,2415,2356,2403,2357,2158,2352,2414,2355,2310,2379,2419,2365,2378,2265,2400,2178,2315,2313,2309,2308,2016,2154,2238,2318,2316,2180,2226,2155,2353,1961,2235,2225
2320: 2406,2415,2356,2403,2432,2431,2461,2376,2417,2157,2306,2301,2305,2307,2357,2158,2352,2414,2355,2310,2379,2389,2304,2055,2400,2178,2315,2313,2319,2341,2420,2156,2322,2321,2314
2322: 2319,2341,2420,2156,2321,2314,2406,2320,2415,2356,2357,2158,2352,2414,2355,2310,2379,2419,2416,2365,2378,2265,2178,2313,2309,2308,2016,2154,2238,2226,2155,1961,2225,2251,2131
2323: 2159,2283,2312,2216,2253,2244,2246,2240,2347,2110,2107,2185,2150,2138,2282,2338,2182,1994,2188,2186,2183,2184,2127,2181,2149,2258,2187,2272,2091,2140,2337,2261
2324: 2243,2325,2044,2394,2262,2293,2292,2439,2411,2374,2351,2299,2215,2046,2386,2241,2408,2245,2381,2344
2325: 2243,2044,2324,2394,2262,2263,2267,2293,2292,2439,2374,2351,2311,2299,2215,2024,2046,2386,2241,2408,2244,2246,2245,2381,2344
2523: 2377,2476,2475,2512,2487,2429,2480,2477,2456,2485,853,1677,2376,2433,2427,2152,2465,2364
2407: 2551,2596,2655,1477,1341
2567: 2632,2637,2613,2616
2329: 2335,2271,2197,2193,2405,2002,2332,2395,2391,2066,2422,2474,2196,2191,2260,2199
2330: 2333,2409,915,2465,2364,2392,2040,2419,2416,2365,2378,2265,2394,2263,2267,2309,2308,2016,2154,2238,2331,2214,2218,2311,2299,2024
2331: 2214,2218,2365,2265,2330,2333,2409,915,2263,2267,2309,2308,2016,2154,2238,2374,2351,2311,2299,2215,2024,2225,2251,2131,2247,2250,2129,2219,2288,2252,2312,2216,2253,2244,2246,2300
2332: 2395,2391,2066,2340,2437,2435,2195,2277,2193,2405,2002,2422,2474,2196,2191,2335,2271,2197,2329
2333: 2330,2409,915,2465,2364,2392,2266,2040,2365,2265,2394,2262,2263,2267,2309,2308,2016,2331,2214,2218,2374,2351,2311,2299,2215,2024
2334: 1701,1700,2392,2266,2040,1677,2488,2464,2268,2463,2462,1671,2217,2362,2410,2454,2361,2394,2262,2263,2293
2335: 2271,2197,2329,2277,2193,2405,2002,2332,2395,2391,2066,2422,2474,2196,2191,2260,2199
2336: 2070
2337: 2272,2091,2140,2201,2261,2323,2159,2283,2342,2282,2338,2339,2094,2181,2149,2258,2187,2281,2280,2139,2279,2204,2045
2338: 2342,2282,2244,2246,2240,2347,2245,2381,2110,2344,2404,2323,2159,2283,2089,2345,2275,2339,2094,2181,2149,2258,2272,2091,2140,2201,2337,2261,2281,2280,2139,2279
2339: 2089,2345,2275,2094,2240,2347,2245,2381,2110,2344,2404,2342,2282,2338,2193,2405,2002,2272,2091,2140,2201,2337,2261,2281,2280,2139,2279,2237,2196,2191
2340: 2437,2382,2451,2544,2435,2195,2277,2405,2332,2395,2391,2422,2474
2341: 2319,2420,2156,2322,2321,2314,2406,2320,2357,2158,2352,2414,2355,2310,2419,2365,2265,2178,2315,2313,2309,2308,2016,2154,2238,2318,2316,2226,2155,2353,1961,2235,2225,2251,2131,2247,2250,2129
2342: 2282,2338,2159,2339,2094,2337,2261
2348: 2233,1997,2445,2443,2168,2383,2166,2385,2105,2418,2366,2208,2359,2167,2384,2426,2213,2207,2211
2349: 2165,2212,571,2031,1976
2350: 1773,2286,2595,2449,2596,2655
2351: 2374,2311,2299,2215,2024,2333,2394,2262,2267,2293,2331,2214,2243,2325,2044,2324,2216,2253,2244,2246,2300,2240,2347,2245,2381,2110
2352: 2357,2158,2414,2355,2310,2379,2431,2461,2376,2417,2157,2433,2427,2152,2406,2320,2415,2356,2403,2432,2419,2416,2365,2378,2265,2319,2341,2420,2322,2321,2308
2590: 2627,918,2398,2574,2575,2672
2355: 2357,2158,2352,2414,2310,2379,2431,2461,2376,2417,2157,2433,2152,2406,2320,2415,2356,2403,2432,2419,2416,2365,2378,2265,2400,2178,2315,2313,2319,2341,2420,2156,2322,2321,2314,2308,2016,2154,2238
2356: 2406,2320,2415,2403,2432,2431,2461,2376,2417,2157,2306,2301,2305,2307,2357,2158,2352,2414,2355,2310,2379,2055,2400,2319,2420,2322,2321
2357: 2158,2352,2414,2355,2310,2379,2461,2376,2417,2157,2433,2152,2406,2320,2415,2356,2419,2416,2365,2378,2265,2400,2178,2313,2319,2341,2420,2156,2322,2321,2314,2309,2308,2016,2154,2238
2358: 434,2173,2370,2198,2145
2359: 2208,2167,2384,2445,2443,2383,2166,2385,2105,2389,2304,2055,2367,2348,2233,1997,2190,2346,2231,2270,2213,2211,2103
2360: 2503
2361: 2217,2362,2410,2454,2268,2463,2462,2334,2266,2505,2373,2363,2394,2262,2293,2292,2439,2411
2362: 2217,2410,2454,2361,2488,2268,2463,2462,2334,2392,2266,2040,2505,2373,2363,2394,2262,2293,2292,2439,2411
2363: 2505,2373,2268,2463,2462,2217,2362,2410,2454,2361,2293,2292,2439,2411,2291
2364: 2465,1671,2377,2476,2523,2512,853,1677,2464,2433,2427,2152,1700,2392,2266,2040,2419,2416,2365,2378,2265,2330,2333,2409,915,2394,2263,2267
2365: 2419,2416,2378,2265,2376,2157,2433,2152,2465,2364,2357,2158,2352,2414,2355,2310,2379,2330,2333,2409,915,2319,2341,2420,2156,2322,2321,2309,2308,2016,2154,2238,2331,2214,2218
2366: 2418,2348,2233,1997,2212,2426,2213,2207,2211
2367: 2389,2304,2055,2302,2399,2479,2460,2306,2301,2305,2307,2383,2166,2385,2105,2400,2208,2359,2167,2384,2190,2346,2231,2270,2317
2369: 2473,980
2370: 916,2521,2358
2371: 2525,2396,1790
2485: 2487,2429,2480,2477,2456,2524,2222,2466,2530,2434,2402,2377,2476,2475,2523,2512,2431,2461,2376,2417,2157,2433,2427,2152
2373: 2505,2363,2268,2463,2462,2217,2362,2410,2454,2361,2293,2292,2439,2411,2291
2374: 2351,2311,2299,2215,2024,2333,2409,2394,2262,2263,2267,2293,2331,2214,2218,2243,2325,2044,2324,2216,2253,2244,2246,2300,2245,2381
2555: 2483,2471,2522,2430,2547,2179,2556,2481,2482,2303,588,2459,1989,2458
2376: 2461,2417,2157,2524,2222,2466,2402,2487,2429,2480,2477,2456,2485,2377,2476,2475,2523,2512,2431,2433,2427,2152,2406,2320,2415,2356,2357,2158,2352,2414,2355,2310,2379,2419,2416,2365,2378
2378: 2419,2416,2365,2265,2461,2376,2417,2157,2433,2427,2152,2465,2364,2357,2158,2352,2414,2355,2310,2379,2330,915,2319,2420,2322,2309,2308,2016,2218
2379: 2357,2158,2352,2414,2355,2310,2461,2376,2417,2157,2433,2427,2152,2406,2320,2415,2356,2419,2416,2365,2378,2265,2319,2420,2322,2321,2308,2016
2477: 2487,2429,2480,2456,2485,2524,2222,2466,2402,2377,2476,2475,2523,2512,2461,2376,2157,2433,2427,2152
2381: 2240,2347,2245,2110,2374,2351,2299,2215,2243,2325,2044,2324,2046,2386,2241,2408,2253,2244,2246,2344,2404,2159,2282,2338,2275,2339,2094
2382: 2388,2497,2424,2452,490,2242,2425,2423,2340,2437
2383: 2166,2385,2105,2302,2399,2479,2306,2301,2305,2307,2445,2443,2168,2389,2304,2367,2348,2233,1997,2208,2359,2167,2384,2346,2231
2384: 2208,2359,2167,2445,2443,2168,2383,2166,2385,2105,2304,2367,2348,2233,1997,2346,2231,2213,2211
2385: 2383,2166,2105,2302,2399,2479,2460,2306,2301,2305,2307,2445,2443,2168,2389,2304,2367,2348,2233,1997,2208,2359,2167,2384,2346,2231
2386: 2046,2241,2408,2293,2292,2439,2411,2388,2497,2438,2424,2291,2243,2325,2044,2324,2242,2425,2423,2245,2381,2344,2404
2466: 2524,2222,2530,2434,2402,2484,2487,2429,2480,2477,2456,2485,2431,2461,2376,2417,2157
2388: 2497,2438,2424,2291,2292,2439,2411,2452,2046,2386,2242,2425,2423,2382
2389: 2304,2055,2367,2302,2306,2301,2305,2307,2406,2320,2403,2383,2166,2385,2105,2400,2178,2315,2313,2208,2359,2167,2190,2346,2231,2270,2318,2316,2180,2317
2524: 2222,2466,2530,2434,2402,2484,2487,2429,2480,2477,2456,2485,2431,2461,2376,2417
2391: 2332,2395,2066,2340,2437,2435,2195,2277,2193,2405,2002,2422,2474,2196,2191,2335,2271,2197,2329
2392: 1701,1700,2334,2266,2040,853,1677,2488,2464,2465,1671,2364,2217,2362,2410,2454,2330,2333,2409,915,2394,2262,2263,2267,2293
2393: 2203,2723,2664
2394: 2262,2263,2267,1671,2364,1700,2334,2392,2266,2040,2217,2362,2410,2454,2361,2330,2333,2409,915,2293,2218,2374,2351,2311,2299,2215,2024,2243,2325,2044,2324
2395: 2332,2391,2066,2340,2437,2277,2193,2405,2002,2422,2474,2196,2191,2335,2271,2197,2329
2396: 2525,2371,2174,2455
2488: 2464,853,1677,2268,2463,2462,1671,1701,1700,2334,2392,2266,2040,2362,2410,2454
2398: 2550,2514,2495,2592,2285,2601,2543,2573,2574,2627,2590,918
2399: 2302,2479,2460,2556,2481,2482,2303,588,2459,1989,2458,2306,2301,2305,2307,2445,2443,2168,2383,2166,2385,2105,2304,2367
2570: 2095
2402: 2524,2222,2466,2530,2434,2484,2487,2429,2480,2477,2456,2485,2431,2461,2376,2417
2403: 2406,2320,2415,2356,2432,2431,2461,2417,2306,2301,2305,2307,2158,2352,2414,2355,2389,2304,2055,2400,2319,2321
2404: 2344,2046,2386,2241,2408,2242,2425,2423,2240,2347,2245,2381,2338,2089,2345,2275,2339,2094,2277,2193,2405,2002
2405: 2277,2193,2002,2404,2340,2437,2089,2345,2275,2339,2332,2395,2391,2066,2281,2237,2196,2191,2335,2271,2197,2329
2408: 2046,2386,2241,2293,2292,2439,2424,2243,2325,2044,2324,2242,2425,2423,2240,2347,2245,2381,2344,2404
2409: 2330,2333,915,2465,1671,2364,1700,2392,2266,2040,2365,2265,2394,2262,2263,2267,2331,2214,2218,2374,2311,2299,2024
2410: 2217,2362,2454,2361,2488,2464,2268,2463,2462,1700,2334,2392,2266,2040,2505,2373,2363,2394,2262,2263,2267,2293,2292,2439
2411: 2292,2439,2217,2362,2361,2505,2373,2363,2293,2388,2497,2438,2424,2291,2324,2046,2386,2241,2242,2425,2423
2593: 2641
2560: 1933,2539,2709,2528,1951,2541,2516,2650,2559,2486,2504,2708,2508,2501,927
2414: 2357,2158,2352,2355,2310,2379,2431,2461,2376,2417,2157,2433,2152,2406,2320,2415,2356,2403,2432,2419,2416,2365,2378,2265,2319,2341,2420,2156,2322,2321,2308
2415: 2406,2320,2356,2403,2432,2431,2461,2376,2417,2157,2306,2301,2305,2307,2357,2158,2352,2414,2355,2310,2379,2055,2400,2319,2420,2322,2321
2416: 2419,2365,2378,2265,2461,2376,2417,2157,2433,2427,2152,2465,2364,2357,2158,2352,2414,2355,2310,2379,2330,915,2420,2322,2308,2016,2218
2417: 2461,2376,2157,2524,2222,2466,2530,2402,2487,2429,2480,2456,2485,2377,2431,2433,2152,2406,2320,2415,2356,2403,2432,2357,2158,2352,2414,2355,2310,2379,2419,2416,2378
2418: 2366,2445,2443,2168,2348,2233,1997,2212,2426
2419: 2416,2365,2378,2265,2461,2376,2417,2157,2433,2152,2465,2364,2357,2158,2352,2414,2355,2310,2379,2330,915,2319,2341,2420,2156,2322,2321,2309,2308,2016,2154,2238,2218
2420: 2319,2341,2156,2322,2321,2314,2406,2320,2415,2356,2357,2158,2352,2414,2355,2310,2379,2419,2416,2365,2378,2265,2178,2313,2309,2308,2016,2154,2238,2318,2226,2155,2353,1961,2235,2225,2251,2131
2422: 2474,2340,2437,2435,2195,2332,2395,2391,2066,540,2335,2271,2197,2329
2423: 2242,2425,2292,2439,2411,2388,2497,2438,2424,2291,2452,2046,2386,2241,2408,2382,2344,2404
2424: 2388,2497,2438,2291,2292,2439,2411,2452,2046,2386,2241,2408,2242,2425,2423,2382
2425: 2242,2423,2292,2439,2411,2388,2497,2438,2424,2291,2452,2046,2386,2241,2408,2382,2344,2404,2437
2426: 2418,2366,2348,2233,1997,2213,2207,2211,2031,1976
2427: 2433,2152,2487,2429,2480,2477,2456,2485,2377,2476,2475,2523,2512,853,1677,2376,2157,2465,1671,2364,2352,2379,2416,2378,915
2428: 2529,916
2429: 2487,2480,2477,2456,2485,2524,2222,2466,2402,2377,2476,2475,2523,2512,2461,2376,2417,2157,2433,2427,2152
2430: 2471,2522,2547,2179,2555,2483,2484,2548,2482,2303,2459,1989
2431: 2484,2548,2524,2222,2466,2530,2434,2402,2456,2485,2461,2376,2417,2306,2301,2305,2307,2406,2320,2415,2356,2403,2432,2158,2352,2414,2355
2432: 2406,2320,2415,2356,2403,2431,2461,2417,2306,2301,2305,2307,2158,2352,2414,2355,2055,2400,2321
2433: 2427,2152,2487,2429,2480,2477,2456,2485,2377,2476,2475,2523,2512,2461,2376,2417,2157,2465,2364,2357,2352,2414,2355,2310,2379,2419,2416,2365,2378,2265,915
2434: 2524,2222,2466,2530,2402,2484,2548,2487,2456,2485,2431,2461
2435: 2195,2451,2544,2340,2437,2332,2391,2422,2474,540
2436: 2343,576
2438: 2388,2497,2424,2291,2505,2292,2439,2411,2452,2046,2386,2242,2425,2423
2471: 2522,2430,2547,2179,2555,2483,2484,2548,2556,2481,2482,2303,588,2459,1989,2458
2441: 2507
2443: 2445,2168,2302,2399,2479,2460,2383,2166,2385,2105,2418,2348,2233,1997,2208,2359,2384
2444: 2491
2445: 2443,2168,2302,2399,2479,2460,2383,2166,2385,2105,2418,2348,2233,1997,2208,2359,2167,2384
2446: 2448,2209,2447,455
2447: 2446,2448,2209,455
2448: 2446,2209,2447,900,455
2449: 2595,2545,2584,2286,2350
2450: 2561,2568,2534,2151,2653
2451: 2544,490,2340,2437,2435,2195
2452: 2388,2497,2438,2424,2291,490,2242,2425,2423,2382
2454: 2217,2362,2410,2361,2488,2464,2268,2463,2462,1701,1700,2334,2392,2266,2040,2505,2373,2363,2394,2262,2293
2455: 2174,2396
2456: 2487,2429,2480,2477,2485,2524,2222,2466,2530,2434,2402,2377,2476,2475,2523,2512,2431,2461,2376,2417,2157,2433,2427,2152
2652: 2604
2458: 2459,1989,2555,2471,2522,2547,2179,2556,2481,2482,2303,588,2302,2399,2479,2460,2306,2301,2305,2307
2459: 1989,2458,2555,2483,2471,2522,2430,2547,2179,2556,2481,2482,2303,588,2302,2399,2479,2460,2306,2301,2305,2307
2460: 2302,2399,2479,2556,2481,2482,2303,588,2459,1989,2458,2306,2301,2305,2307,2445,2443,2168,2385,2105,2367
2461: 2376,2417,2157,2524,2222,2466,2530,2434,2402,2487,2429,2480,2477,2456,2485,2377,2475,2512,2431,2433,2152,2406,2320,2415,2356,2403,2432,2357,2158,2352,2414,2355,2310,2379,2419,2416,2378
2462: 2268,2463,2488,2464,1700,2334,2266,2217,2362,2410,2454,2361,2505,2373,2363
2463: 2268,2462,2488,2464,2334,2266,2217,2362,2410,2454,2361,2505,2373,2363
2464: 2488,853,1677,2268,2463,2462,1671,2364,1701,1700,2334,2392,2266,2040,2410,2454
2465: 1671,2364,2377,2476,2475,2523,2512,853,1677,2433,2427,2152,1700,2392,2266,2040,2419,2416,2365,2378,2265,2330,2333,2409,915,2263,2267
2467: 2550,2514,2592,2285,2601,2543,2573
2468: 2566
2542: 2125,582
2473: 2369,980
2474: 2422,2340,2437,2435,2195,2332,2395,2391,2066,540,2335,2271,2197,2329
2475: 2377,2476,2523,2512,2487,2429,2480,2477,2456,2485,853,1677,2461,2376,2157,2433,2427,2152,2465
2476: 2377,2475,2523,2512,2487,2429,2480,2477,2456,2485,853,1677,2376,2433,2427,2152,2465,1671,2364
2479: 2302,2399,2460,2556,2481,2482,2303,588,2459,1989,2458,2306,2301,2305,2307,2445,2443,2168,2383,2166,2385,2105,2367
2480: 2487,2429,2477,2456,2485,2524,2222,2466,2402,2377,2476,2475,2523,2512,2461,2376,2417,2157,2433,2427,2152
2481: 2556,2482,2303,588,2555,2483,2471,2522,2459,1989,2458,2399,2479,2460
2482: 2556,2481,2303,588,2555,2483,2471,2522,2430,2547,2179,2459,1989,2458,2399,2479,2460
2483: 2555,2471,2522,2430,2547,2179,2556,2481,2482,2303,588,2459,1989
2484: 2548,2471,2522,2430,2547,2179,2524,2466,2530,2434,2402,2431
2486: 2504,1884,2708,1951,2541,1933,2560,2489,1830,1882,1907,2501,927
2487: 2429,2480,2477,2456,2485,2524,2222,2466,2530,2434,2402,2377,2476,2475,2523,2512,2461,2376,2417,2157,2433,2427,2152
2489: 1830,1882,1907,2540,1874,2486,2504,1884,2708,927
2710: 2731,551,2715,2678,2730
2491: 2444
2566: 2468
2493: 2610,2564,2609,2637,2613,2616,2612,2682,2630,2611,2658,2704,2647,2646,2689,2645
2685: 2712,2684,2716
2495: 2592,2285,2550,2514,2601,2543,2573,2398
2496: 1915,927,1717,1796,2631,2583
2497: 2388,2438,2424,2291,2411,2452,2046,2386,2242,2425,2423,2382
2498: 2148,2224,2499
2499: 2148,2224,2498
2579: 2602,2021,2594,2580,1939,2563,2623,2189,2255
2501: 2508,2516,2650,2559,1933,2560,2539,2709,2486,2504,1884,2708,927
2595: 2449,2545,2584,2286,1773,2350
2503: 2360
2504: 2486,1884,2708,1951,2541,1933,2560,2539,2709,2489,1830,1882,1907,2508,2501,927
2505: 2373,2363,2268,2463,2462,2217,2362,2410,2454,2361,2293,2292,2439,2411,2438,2291
2563: 2623,2615,2659,2021,2594,1939,2579,2602
2507: 2441
2508: 2501,2650,1933,2560,2539,2504,2708,927
2509: 2571,995,1887,1912
2704: 2612,2682,2630,2611,2658,2657,2493,2610,2564,2609,2683,2646,2689
2511: 2569,2533,2597
2512: 2377,2476,2475,2523,2487,2429,2480,2477,2456,2485,853,1677,2461,2376,2157,2433,2427,2152,2465,2364
2564: 2493,2610,2609,2637,2613,2616,2603,2630,2611,2658,2704,2647,2646,2689,2645
2514: 2550,2467,2495,2592,2285,2601,2543,2573,2398
2727: 2715,2678,2730,2713,2731,2680,2729
2516: 2650,2559,2528,1951,2541,1933,2560,2539,2501
2613: 2637,2616,2567,2632,2603,2630,2658,2493,2610,2564,2609,2647
2614: 2700,2675,2661,2633,2663,2673,2657,2721,2683,2674,2679,2687,2642
2519: 2287
2528: 2600,2598,2562,1926,1951,2541,2648,2516,2650,2559,1933,2560,2539
2529: 2428,916
2530: 2524,2222,2466,2434,2402,2484,2548,2487,2456,2485,2431,2461,2417
2539: 1933,2560,2709,2528,1951,2541,2516,2650,2559,2504,2708,2508,2501,927
2534: 2568,2450,2561,2151,2653,540
2679: 2687,2642,2721,2700,2614,2675,2674,945
2664: 2723,2393,2203
2677: 2607,1728,1792
2586: 2123
2545: 2584,2286,2595,2449
2571: 2509,995,1887,1912
2547: 2471,2522,2430,2179,2555,2483,2484,2548,2482,2303,2459,1989,2458
2548: 2484,2471,2522,2430,2547,2179,2530,2434,2431
2549: 
2550: 2467,2514,2495,2592,2285,2601,2543,2573,2398
2551: 2407,2596,2655,1477,1341
2712: 579,2685
2556: 2481,2482,2303,588,2555,2483,2471,2522,2459,1989,2458,2399,2479,2460
2557: 2629
2561: 2450,2568,2534,2151,2653
2562: 2600,2598,1899,2632,2599,2603,2528
2565: 2442,589
2568: 2534,2450,2561,2151,2653,540
2569: 2533,2511
2572: 2624,1793,1717
2573: 2601,2543,2550,2467,2514,2495,2592,2285,2398,2574
2574: 2601,2543,2573,2398,2627,2590,918,2635
2576: 2663
2584: 2286,2545,2595,2449
2587: 2588,2469,2635
2592: 2495,2285,2550,2467,2514,2601,2543,2573,2398
2594: 2021,2580,1939,2563,2623,2579,2602
2596: 2655,1773,2350,2407,2551
2597: 2511
2598: 2600,2562,1899,2632,2599,2603,2528
2606: 2639,2667,2630,2658
2607: 2677,1756,1728,1792
2721: 2661,2633,2663,2673,2662,2700,2614,2675,2692,2722,2674,2679,2687,2642
2609: 2493,2610,2564,2637,2613,2616,2603,2612,2630,2611,2658,2704,2647,2646,2689,2645
2610: 2493,2564,2609,2637,2613,2616,2603,2611,2658,2704,2647,2646,2689,2645
2616: 2637,2613,2567,2632,2599,2603,2493,2610,2564,2609,2647
2713: 2694,2731,2715,2727,2678,2730,2680,2729
2623: 2563,2659,2021,2594,2579,2602
2624: 2572,1793,1717
2625: 2589,2591,931
2671: 584
2627: 2590,918,2398,2574,2575,2672
2682: 2612,2630,2611,2658,2704,2639,2657,2493,2683,2689
2629: 2557
2630: 2612,2682,2611,2658,2704,2639,2606,2637,2613,2657,2493,2564,2609,2683,2689
2631: 1796,2583,1915,2496,1717
2632: 2599,2567,2600,2598,2562,2637,2613,2616,2603
2633: 2661,2663,2673,2662,2721,2614,2675
2635: 2588,2469,2574,2587
2642: 2679,2687,2721,2700,2614,2675,2674,945
2644: 2645,2647,2648,2646,2689,908
2645: 2644,2493,2610,2564,2609,2647,2648,2646,2689,908
2646: 2689,2611,2704,2493,2610,2564,2609,2647,2644,2645
2647: 2637,2613,2616,2603,2493,2610,2564,2609,2648,2646,2689,2644,2645
2648: 2528,2647,2650,2644,2645,908
2675: 2700,2614,2633,2663,2673,2657,2721,2683,2674,2679,2687,2642
2655: 2596,1773,2350,2407,2551
2715: 2727,2678,2730,2713,2710,2731,2680,2729
2657: 2639,2673,2612,2682,2630,2611,2658,2704,2700,2614,2675,2683
2659: 2615,2096,2290,2563,2623
2660: 2690,2667
2661: 2633,2663,2673,2662,2721,2614
2662: 2661,2633,2663,2684,2716,2721,2692,2707,2722,2724,2674
2663: 2661,2633,2576,2673,2662,2721,2614,2675
2667: 2690,2660,2639,2606
2672: 2575,2627,2590,918,1323,1454,503
2673: 2639,2661,2633,2663,2657,2721,2700,2614,2675,2683
2674: 2662,2721,2700,2614,2675,2692,2722,2679,2687,2642,945
2728: 2699,2692,2707,945,551
2689: 2646,2612,2682,2630,2611,2658,2704,2493,2610,2564,2609,2647,2644,2645
2690: 2660,2667
2706: 1875,1750,2701,2711,1633
2692: 2707,2722,2724,2684,2716,2662,2721,2674,2728,945
2703: 2686,594