1574: 1605,311,1005
543: 
1068: 1632,1656,1630,1655,1659,1653,1654,1657,1658,1640,1638,1627,1619,1624
1141: 1100,1722,1745
1543: 1349
566: 438
949: 1558,1692,1537
1581: 1562
1445: 1702,1665,1530
1701: 1700,1671,2266,2410,2392,2464,2040,2465
977: 2637,2613,2564,2609,2610
1519: 1564,1450,1531,1476,1430
1373: 1668,1467,1685,1687
1572: 1527,554,559
1394: 1379,1415,1365,1431,1346
535: 539
1939: 2580,2223,2072,444,966
1459: 1525,1376
1509: 1357,1393,1346,482
583: 2165,2031,1976
1619: 1640,1638,1627,1644,1624,1646,1632,1068,1630,1655,1659,1653,1657,1636,1645,1639
1376: 1459,952,1501
900: 
1520: 1495
1337: 926,1690
500: 463
520: 1888
1393: 1431,1426,1346,1461,1509,1357,1395
1602: 1532
1623: 1066,1618,1063,1065,1609,1083,1615,1053
562: 
509: 2450,2561
1174: 1062
822: 1487
947: 
563: 
985: 
1450: 1531,1519,1564,1476,1430
2261: 2342,2110,2240,2347,2245,2275,2381,2323,2282,2159,2283,2338,2339,2089,2094,2345,2045,2184,2204,2181,2091,2337,2201,2258,2281,2279,2139,2280,2140,2237
1556: 401,491,1576
995: 2255,2189,1991,1886,2509
551: 2722,2692,2674,2721
1532: 1602
957: 
1540: 1499,1571
1687: 1373,1668,1685
961: 
495: 
1456: 1387
968: 
1718: 1765,1692
929: 
939: 424
905: 
1461: 1431,1393,1426,1346,1395
552: 1202,1243,1161
572: 
1506: 1478
560: 2664,2723,493
504: 
1479: 987,1554,959
61: 1460
539: 535
558: 
1527: 1572,554,559
1495: 1520
2145: 2198,512,580
922: 
589: 2286,2350,1773,918
1874: 2540,1882,1830,2489,1907,927
1600: 1789,474
598: 
1202: 552
1781: 1752,525,996
587: 
515: 1474
1571: 1540,1499,577,903
569: 1921,1948,1864,1843,1917,1986,1955
996: 1752,1781
1823: 1940,2015,1974,1921,1941,1920,1948,1864,1922
1690: 926,1337
916: 
1172: 1268,1326,153,1635,1617,1136
1605: 1574,311,1005
591: 
926: 1337,1690
1487: 822
1513: 1548,1662
532: 
944: 
582: 2568,2534
1295: 
948: 2762,2707,2699,2728
1349: 1543
1064: 1088,1820,908,1858,1633,1629
588: 2556,2303,2482,2481,2522,2460,2458,1989,2471,2479,2399,2459
1253: 1278,1676,1650,1424,1290
994: 
1518: 
1496: 1660
2729: 2713,2727
593: 
1426: 1431,1393,1346,1461,1357,1395
544: 920
908: 1891,1793,1064,1088,1633
1606: 1853,2540,927,2583,1751,1736
955: 
1346: 1431,1393,1426,1379,1394,1415,1365,1461,1509,1357,1395
906: 974
1635: 153,1617,1136,1268,1326,1637,1172
581: 
498: 
932: 945,2692,2722
575: 1887,1912,2571,1882,1830
993: 
1646: 1640,1638,1627,1619,1644,1624,1655,1636,1645,1639
531: 478,1970,1788
1395: 1431,1393,1426,1346,1461
2602: 2579,2021,2594,2563,2623
513: 1832,1768
1278: 1253,1290
1387: 1456
2541: 1951,2516,2559,1933,2560,2539,2709,2486,2504,1884,2708
1671: 1701,1700,2266,2410,2392,853,1677,2364,2488,2464,2462,2040,2465,2454,2334,2267,2333,2394,2262,2263,2409
1458: 1397,559
506: 2039,1977,409
975: 
911: 
555: 
597: 
979: 
988: 538
963: 921,499
1684: 1663
538: 988
951: 
1348: 1402,441
536: 2741,2760,2758
592: 
1063: 1618,1065,1609,1083,1615,1612,1067,492,1069,1620,1066,1623
1562: 1581
2578: 1867,1913,2619
986: 
559: 554,1572,1527,1397,1458
586: 1629,514
903: 1499,1571,1476,1430
1589: 1732
596: 
1670: 1743
557: 1631
580: 2198,2145,2173,2358
537: 481
978: 
153: 1635,1617,1136,1268,1326,1637,1172
980: 
1974: 1921,2015,1972,1998,2027,1940,1823,1920,1948,1864
568: 2127,2170,2182,2183,2188,2186,2259,2138,2045,2184,1994,2204,2187,2037,2092,2133,2076,2115,2108,2049,2090,2075
157: 1588
965: 
2637: 2613,2564,2609,2610,977,2630,2658,2493
902: 1598,1443
556: 
1503: 1404
1430: 1476,903,1519,1564,1450,1531,1379,1365
541: 
594: 
166: 1015,943,924
1708: 1746,415,2732,2735
507: 1751,1736,1776,1960
700: 1009,1651,1662
1528: 1592
519: 
550: 508
1547: 1580
574: 1551,1414
940: 576,1967,1936
1065: 1618,1063,1609,1083,1615,1612,1067,1069,1620,1066,1623
1837: 1783
923: 
1062: 2119,2026,1174
1053: 1066,1623,1268
901: 
501: 
1588: 157
992: 
1290: 1253,1278
534: 2057,1876,1803
967: 
573: 
547: 
976: 
919: 
1415: 1379,1394,1365,1431,1346
1565: 1585
590: 1999,2020,1950,2033,2059,2068,2006
2687: 2642,2674,2673,2614,2721,2675,2700,2683,2694
1514: 973,1474,554
962: 1721,1695
927: 2489,1907,1874,2540,1606,1853,1915,2496,2583
1578: 1388
584: 
934: 
1531: 1450,1519,1564,1476,1430
953: 
1197: 1521,1731,1664,1686
973: 1601,1590,1514
517: 
982: 
1357: 1509,1431,1393,1426,1346,482
924: 1015,166
1891: 1793,908,1633
1424: 1676,1650,1672,1253
990: 2203,2725,2695
578: 2450,2561
1341: 1477
1149: 1184,1722,1745
1388: 1578
1502: 1536
914: 
1419: 1557
1693: 1707,1725,1754,1703,1720,1723,1682,1698
2774: 2755,2743,2744,2767,2764,2739,2763,2738,2740,2754,2629
925: 1888,1737
1521: 1197,1731,1680,1664,1648,1686
1100: 1141,1722,1745
2107: 2150,2185,2225,2251,2219,2288,2312,2252,2250,2131,2253,2244,2246,2300,2216,2162,2256,2249,2129,2247,2248,2323,2282,2159,2283,2163,2062,2182,2183,2188,2186,2259,2138,2045,2184,1994,2204,2187
941: 
1659: 1630,1655,1653,1654,1657,1658,1632,1068,1656,1640,1638,1627,1619,1624,1639
912: 
950: 
943: 1015,166
1443: 1598,902
2753: 2765,2743,2748,2750,2768,2749,2511,2745,2752,2751,2766,2744,2767,2764,2737,2739,2763,2738,2755
2540: 1874,1882,1830,2489,1907,927,1606,1853
1551: 1414,574
1404: 1503
579: 
2768: 2748,2750,2757,2771,2756,2569,2533,2770,2758,2749,2511,2745,2752,2751,2766,2765,2753
508: 550
920: 544
1379: 1394,1415,1365,1476,1430,1431,1346
599: 
1580: 1547
514: 586,2593,2641
1476: 1430,903,1519,1564,1450,1531,1379,1365
971: 
972: 
1557: 1419
1583: 1603
1585: 1565
1402: 1348,441
1576: 1556,491
2657: 2682,2612,2675,2700,2683,2642,2694
1526: 1561
2281: 2279,2139,2280,2140,2237,2261,2338,2339,2089,2094,2345,2405,2193,2277,2181,2091,2337,2201,2258,2196,2132,2191,2002,2272,2236,2043,2260,2199
512: 2549,2198,2145
942: 
571: 2165,2349,1967,1936
1478: 1506
1501: 952,1376
1563: 
928: 414
1499: 1540,1571,903
567: 469
528: 
909: 
1467: 1373,1668
524: 2067,1999,2020,1950
998: 
853: 1677,2364,2377,2476,2475,2523,2512,2427,2488,2464,915,2040,2465,1700,1671,2392
585: 
523: 
1525: 1459
915: 2433,2152,2429,2480,2377,2476,2475,2523,2512,2427,853,1677,2364,2157,2379,2040,2465,2352,2414,2310,2419,2416,2365,2378,2265,2267,2333
1009: 700,1651,1662
533: 484
959: 1479,987
913: 
530: 
496: 
1088: 1064,1820,908,1858,1633,1629
522: 
958: 
553: 
1474: 515,1514
1365: 1379,1394,1415,1476,1430,1431,1346
1530: 1445
510: 
542: 
960: 
984: 1184
952: 1501,1376
595: 
1561: 1526
505: 
521: 
999: 
2589: 2625
518: 
1680: 1664,1648,1686,1754,1521,1731
502: 1979,2073,1992,1941,1965
956: 
1414: 1551,574
933: 1844,1876,1803,1877,1766,1836
904: 449
1015: 166,943,924
1066: 1623,1618,1063,1065,1609,1083,1615,1053
549: 
991: 1947,1973,2053
1268: 1326,1053,1637,1172,153,1635,1617,1136
1454: 1323,2596,2655,503,2672
311: 1005,1605,1574
554: 1514,1572,1527,559
497: 
1536: 1502
548: 907
526: 
989: 437
1069: 1620,1612,1067,492,1063,1065,1609,1083,1615
1601: 973,1590
545: 
576: 940,1967,1936
945: 2661,2633,2663,932,2692
2730: 2678,2715,1634
981: 1772,1802,1729,1846,452
946: 2065,2030,1966,1987,2003,1963,1942
516: 
1637: 1268,1326,153,1635,1617,1136
1161: 552
570: 
1985: 2116
1592: 1528
918: 589,2350,1773,2449,2595
1184: 1149,1722,1745,984
1714: 1694
1323: 1454,2596,2655,503,2672
1686: 1680,1664,1648,1197,1521,1731
1243: 552
499: 963
1460: 61
1732: 1589
938: 
966: 444,2050,2087,2223,2072,2580,1939
1700: 1701,1671,2266,2410,2392,853,1677,2364,2488,2464,2462,2040,2465,2454,2334,2333,2409
937: 
1477: 1341
921: 963
1698: 1682,1707,1693,1725,1723
1326: 1268,1637,1172,153,1635,1617,1136
540: 2151,2653
997: 
503: 2672,1454,1323,2575,931
917: 
1766: 933,1836
1537: 1692,949,1558
546: 
1067: 1612,492,1069,1620,1618,1063,1065,1609,1083,1615
970: 
1603: 1953,1825,1583
2233: 2445,2443,2168,2479,2383,2166,2385,2367,2105,2384,2418,2348,1997,2208,2359
1668: 1373,1467,1685,1687
1719: 1763
1431: 1393,1426,1346,1379,1394,1415,1365,1461,1357,1395
931: 2669,2575,503,2672
565: 428
529: 
1005: 311,1605,1574
561: 
1624: 1640,1638,1627,1619,1644,1646,1632,1068,1630,1655,1659,1653,1654,1657,1658,1636,1645,1639
964: 
2033: 2059,2068,590,1999,2020,2006
2733: 422
954: 
1575: 1642,1641,1643,468
1590: 1601,973
2104: 2164,2210,2143,2228,2038,2227,2229,2050,2087
1558: 949,1692,1537
1548: 1513,1662
564: 
511: 1787,1697
1788: 1970,1870,1841,1863,1807,2119,2026,531
969: 
527: 
1136: 153,1635,1617,1268,1326,1637,1172
1554: 1479,987
987: 1479,1554,959
935: 420
1397: 1458,559
1083: 1618,1063,1065,1609,1615,1612,1067,1069,1620,1066,1623
974: 906
907: 548
1598: 1443,902
930: 1772,1802
577: 1571
983: 
525: 1752,1781
1984: 1855
1564: 1519,1450,1531,1476,1430
910: 
936: 
400: 
401: 1556
402: 
403: 
404: 465
405: 
406: 
407: 2287,2519,485
408: 
409: 506
410: 
411: 1779,1767
412: 
413: 2125,2542
414: 928
415: 1746,1708
416: 
417: 
418: 
419: 
420: 935
421: 
422: 2725,2695,2733
423: 
424: 939
425: 431
426: 
427: 
428: 565
429: 
430: 
431: 425
432: 
433: 
434: 
435: 469
436: 
437: 989
438: 566
439: 2762,2707,2699,2728
440: 
441: 1348,1402
442: 1772,1802,1729,1846
443: 
444: 966,2223,2072,2580,1939
445: 
446: 
447: 
448: 
449: 904
450: 
451: 1832,1768
452: 1729,1846,981
453: 
454: 1679,1696
455: 
456: 
457: 
458: 
459: 
460: 
461: 
462: 
463: 500
464: 
465: 404
466: 
467: 
468: 1641,1643,1575,1642
469: 567,435
470: 
471: 
472: 
473: 
474: 1789,1600
475: 
476: 
477: 
478: 531
479: 
480: 
481: 537
482: 1509,1357
483: 
484: 533
485: 2287,2519,407
486: 2739,2763,2738,2629
487: 
488: 
489: 2206
490: 2438,2291
491: 1556,1576
492: 1612,1067,1069,1620,1063
493: 560
494: 2737
1609: 1618,1063,1065,1083,1615,1612,1067,1069,1620,1066,1623
2725: 2695,990,2203,422
1676: 1650,1424,1672,1253
1612: 1067,492,1069,1620,1618,1063,1065,1609,1083,1615
1721: 1695,962
1672: 1676,1650,1424
1615: 1618,1063,1065,1609,1083,1612,1067,1069,1620,1066,1623
1729: 1846,452,1797,1772,1802,1760,442,981
1617: 153,1635,1136,1268,1326,1637,1172
1618: 1063,1065,1609,1083,1615,1612,1067,1066,1623
1620: 1069,1612,1067,492,1063,1065,1609,1083,1615
1627: 1640,1638,1619,1644,1624,1646,1632,1068,1655,1659,1653,1657,1636,1645,1639
1636: 1645,1640,1638,1627,1619,1644,1624,1646,1639
1629: 1064,1088,1633,2706,2711,2701,1750,586
1630: 1655,1659,1653,1654,1657,1658,1632,1068,1656,1640,1638,1619,1624,1639
1631: 1634,557
1632: 1068,1656,1630,1655,1659,1653,1654,1657,1658,1640,1638,1627,1619,1624
1633: 908,1891,1793,1064,1088,1629
1634: 2678,2730,2715,2734,1631
1638: 1640,1627,1619,1644,1624,1646,1632,1068,1630,1655,1659,1653,1654,1657,1658,1636,1645,1639
1639: 1630,1655,1659,1653,1654,1657,1658,1640,1638,1627,1619,1644,1624,1646,1636,1645,1648
1640: 1638,1627,1619,1644,1624,1646,1632,1068,1630,1655,1659,1653,1654,1657,1658,1636,1645,1639
1641: 1643,468,1575,1642
1642: 1575,1641,1643,468
1643: 1641,468,1575,1642
1644: 1640,1638,1627,1619,1624,1646,1655,1636,1645,1639
1645: 1636,1640,1638,1627,1619,1644,1624,1646,1639
1685: 1373,1668,1687
1648: 1680,1664,1686,1639,1754,1521,1731
1696: 454,1679
1650: 1676,1424,1672,1253
1651: 1662,700,1009
1677: 853,2364,2377,2476,2475,2523,2512,2427,2488,2464,915,2040,2465,1700,1671,2392
1653: 1630,1655,1659,1654,1657,1658,1632,1068,1656,1640,1638,1627,1619,1624,1639
1654: 1630,1655,1659,1653,1657,1658,1632,1068,1656,1640,1638,1624,1639
1655: 1630,1659,1653,1654,1657,1658,1632,1068,1656,1640,1638,1627,1619,1644,1624,1646,1639
1656: 1632,1068,1630,1655,1659,1653,1654,1657,1658
1657: 1630,1655,1659,1653,1654,1658,1632,1068,1656,1640,1638,1627,1619,1624,1639
1658: 1630,1655,1659,1653,1654,1657,1632,1068,1656,1640,1638,1624,1639
1660: 1496
1720: 1703,1707,1693
1662: 1513,1548,1651,700,1009
1663: 1684
1664: 1680,1648,1686,1197,1521,1731
1665: 1702,1445
1679: 454,1696
1682: 1698,1707,1693,1725,1723
1689: 1817
2760: 2741,2756,2761,2759,536,2569,2533,2770,2758,2757,2771
1797: 1772,1802,1760,1729,1846
1692: 1718,1765,1537,949,1558
1694: 1714
1695: 1721,962
1697: 1787,511
1702: 1665,1445
1703: 1720,1707,1693
1982: 2144,2160,2093,2112,2278,2205,2142,2122,2169,2177,2130,2147,2077,2135,2163,2062,2137,2114,2113,2134,2054,2080,2133
1767: 1779,411
2612: 2704,2630,2658,2639,2682,2493,2657,2611
1707: 1693,1725,1754,1703,1720,1723,1682,1698
1731: 1197,1521,1680,1664,1648,1686
1730: 1834,1870,1841
2728: 2699,439,2762,2707,948
2701: 2706,2711,1629,2680,1750,1875
1717: 1796,1915,2496,2583,2572,2624
1722: 1745,1149,1100,1141,1184
1723: 1707,1693,1725,1682,1698
1725: 1707,1693,1754,1723,1682,1698
1841: 1870,1730,1834,1863,1807,1970,1788
1728: 2607,2677,1792,1756,1819
1807: 1863,1870,1841,1970,1788
1772: 1797,1802,1760,930,442,981,1729,1846
1736: 1751,1606,1853,2583,507,1776,1960
1737: 1888,925
1830: 1882,575,2486,2504,1884,2708,2489,1907,1874,2540
1765: 1718,1692
1740: 1798
1743: 1670
1778: 1847
1745: 1722,1149,1100,1141,1184
1746: 1708,415,2732,2735
1796: 1717,1915,2496,2583,2572,2624
1858: 1820,2713,1064,1088
2312: 2219,2288,2252,2250,2131,2309,2016,2238,2331,2214,2218,2330,2311,2024,2215,2351,2225,2251,2253,2244,2246,2300,2216,2162,2256,2249,2247,2107,2150,2185,2323,2282,2283
1750: 1629,2706,2711,2701,1875
1751: 1736,1606,1853,2583,507,1776,1960
1752: 1781,525,996
2132: 2196,2191,2002,2338,2339,2089,2094,2345,2405,2193,2277,2395,2066,2281,2279,2139,2280,2140,2237,2335,2271,2197,2329,2043,2260,2199
1754: 1680,1648,1707,1693,1725
2321: 2319,2341,2420,2156,2322,2432,2403,2415,2356,2406,2320,2357,2158,2352,2414,2355,2310,2419,2365,2378,2265,2055,2314,2400,2315,2309,2308,2016,2154,2238,2318,2316,2180,2178,2313,2226,2155,2353,1961,2235,2225
1756: 1819,1776,1960,2607,1792,1728
2764: 2744,2767,2749,2511,2745,2746,2557,2765,2753,2743,2739,2763,2738,2755,2774
1760: 1797,1772,1802,1729
1917: 1843,1919,1920,1948,1864,1922,569,1986,1955,1910,1890
1763: 1719
1825: 1953,1603
1768: 1832,513,451
1769: 1771,1844,1877
2742: 2773,2597,2772,2747
1771: 1769,1844,1877
1773: 2565,2350,2286,589,2442,918,2551
1775: 1898
1776: 1960,1751,1736,507,1756,1819
1779: 1767,411
2163: 2062,2122,2169,2177,2130,2162,2256,2249,2129,2247,2248,2107,1982,2144,2160,2093,2183,2188,2186,2259,2138,2054,2037,2092,2133,2127,2170
1783: 1837
1785: 1928,1791,1988
2046: 2408,2324,2241,2386,2439,2292,2363,2411,2388,2424,2044,2243,2423,2425,2242,2245,2344,2381
1787: 1697,511
1789: 1600,474
2706: 2711,2701,1629,1750,1875
1791: 1988,1785,1928
1792: 2607,2677,1728,1756,1819
1793: 1891,908,1633
1798: 1740
2076: 2115,2182,2045,2204,2187,2091,2258,2127,2170,568,2272,2236,2108,2049,2090,2075
1802: 1797,1772,1760,930,442,981,1729,1846
1803: 1876,534,1844,1877,933
2732: 2735,2727,2680,2715,2734,1746,1708
1890: 1910,1917,1986,1955
2080: 2113,2134,2054,2135,1982,2144,2160,2093,2137,2114,2037,2092,2133,2121,2099
1867: 2578,1913,2255,2189,2619
2722: 551,932,2692,2674,2673,2614,2721
1811: 
1844: 1876,1803,1769,1771,1877,933
1973: 2053,1947,991
1817: 1689
1818: 1978
1819: 1756,1776,1960,1792,1728
1820: 2713,1858,1064,1088
2678: 2730,1634
1919: 1843,1917,1920,1948,1864,1922,1986,1955
2143: 2103,2232,2167,2120,2202,2112,2278,2205,2142,2147,2077,2135,2104,2164,2228,2038,2227,2229,2114
2255: 2189,2579,1991,1886,1867,1913,995
1988: 1791,1785,1928
2042: 2098,2236,2043,2161
1832: 1768,513,451
2544: 2507,2441,2382,2451,2340,2435,2195
1834: 1730,1870,1841
1836: 1877,933,1766
2619: 2578,1867,1913,2600
2580: 1939,2223,2072,444,966
2604: 2652
1843: 1917,1919,1920,1948,1864,1922,569,1986,1955
1936: 1967,571,576,940
1846: 1729,452,1797,1772,1802,442,981
1847: 1778,1855
2700: 2675,2683,2663,2674,2673,2614,2721,2657,2687,2642,2694
2707: 439,2762,948,2699,2728
1853: 1606,2540,927,2583,1751,1736
1855: 1984,1847
2133: 2037,2092,1982,2144,2160,2093,2163,2062,2188,2259,2138,2113,2134,2054,2080,2127,2170,568,2049
1920: 1940,1823,1974,1921,1941,1965,1948,1864,1922,1843,1917,1919
1863: 1807,1870,1841,1970,1788
1864: 1948,1922,1940,1823,1974,1921,1920,569,1843,1917,1919,1986
2715: 2734,2732,2735,2730,1634
1987: 2003,2030,1966,946,2036,1995
2127: 2170,568,2163,2062,2182,2183,2188,2186,2259,2138,2045,2184,1994,2204,2187,2037,2092,2133,2076,2108,2049
1870: 1841,1730,1834,1863,1807,1970,1788
2723: 2664,560
2667: 2606,2690,2660,2639
2002: 2196,2132,2191,2338,2339,2089,2094,2345,2405,2193,2277,2332,2395,2391,2066,2281,2279,2139,2280,2140,2237,2335,2271,2197,2329,2260,2199
1875: 2706,2711,2701,1750
1876: 1803,534,1844,1877,933
1877: 1844,1876,1803,1769,1771,933,1836
2615: 2659,2096,2290
1882: 1830,575,2486,2504,1884,2708,2489,1907,1874,2540
1883: 1979,2073
1884: 2486,2504,2708,1951,2541,1882,1830,1933,2489,1907,2501
1886: 1991,1979,2255,2189,995
1887: 1912,1941,1965,575
1888: 925,520,1737
1951: 2541,2516,2559,1933,2560,2539,2709,2486,2504,1884,2708
2533: 2770,2758,2741,2760,2756,2569,2748,2750,2768,2757,2771,2752,2766
2694: 2675,2700,2683,2657,2611,2687,2642
2684: 2736
1948: 1864,1922,1940,1823,1974,1921,1920,569,1843,1917,1919,1986,1955
1970: 1788,1870,1841,1863,1807,2119,2026,531
1898: 1775
2653: 2151,540
2222: 2524,2466,2402,2530,2434,2484,2487,2429,2480,2477,2456,2485,2179,2431,2461,2417
2311: 2299,2024,2374,2215,2351,2267,2333,2394,2262,2263,2409,2293,2331,2214,2218,2330,2044,2243,2325,2219,2288,2312,2253,2244,2246,2300,2216,2240,2347,2245
2711: 2706,2701,1629,2680,1750,1875
2695: 2725,990,2203,422
2522: 2547,2430,2555,2483,2484,2548,2556,2303,2482,2481,588,2460,2458,1989,2471,2179
1907: 2489,1882,1830,2486,2504,1884,2708,1874,2540,927
2689: 2493,2613,2564,2609,2610,2704,2630,2658,2647,2611,2646
1910: 1890,1917,1986,1955
2660: 2690,2576,2667,2606
1912: 1887,1941,1965,575
1913: 2578,1867,2255,2189,2619
2709: 1933,2560,2539,1951,2541,2504,2708,2501
1915: 2496,927,2583,1717,1796
2400: 2055,2314,2315,2306,2301,2305,2307,2432,2403,2415,2356,2406,2320,2357,2158,2352,2414,2355,2389,2304,2319,2341,2420,2156,2322,2321,2270,2346,2190,2318,2316,2180,2317,2178,2313,2155,2353,1961
1921: 1974,2015,1972,1998,2027,1940,1823,1920,1948,1864,569
1922: 1948,1864,1940,1823,1920,1843,1917,1919,1986,1955
2034: 2101,2117
1989: 2460,2458,2471,2547,2430,2522,2556,2303,2482,2481,588,2179,2479,2399,2459,2306,2301,2305,2307
1950: 2067,1999,2020,524,590,2068
2061: 2018,2036,1995,1998,2027
1928: 1785,1791,1988
1972: 2015,1963,1942,1998,2027,1974,1921
2559: 2516,2528,1951,2541,1933,2560,2539,2501
2583: 927,1606,1853,1915,2496,1751,1736,1717,1796
2031: 1976,2366,2211,2207,2426,2165,2349,583
1933: 2560,2539,2709,1951,2541,2516,2559,2486,2504,1884,2708,2501
2588: 2469,2587
2090: 2075,568,2076,2115,2108,2049,2030,1966
1940: 1823,2015,1974,1921,1920,1948,1864,1922
1941: 1965,502,1823,1920,1887,1912
1942: 1963,946,2015,1972
1995: 2036,1987,2003,1998,2027,2018,2061
2125: 2542,413
2770: 2533,2758,2741,2760,2756,2569,2748,2750,2768,2757,2771,2752,2751,2766
1947: 1973,2053,991
1953: 1825,1603
2113: 2134,2054,2080,2147,2077,2135,1982,2144,2160,2093,2137,2114,2037,2092,2133,2121,2099
1955: 1986,1948,1922,569,1843,1917,1919,1910,1890
2674: 2673,2614,2721,2661,2633,2663,2692,2675,2700,2722,551,2687,2642
2147: 2077,2135,2120,2202,2278,2205,2142,2122,2169,2143,1982,2144,2228,2038,2227,2229,2137,2114,2113,2134
1960: 1776,1751,1736,507,1756,1819
1961: 2226,2155,2353,2235,2055,2314,2400,2315,2319,2341,2420,2156,2321,2308,2154,2238,2318,2316,2180,2317,2178,2313,2225,2202,2112,2278,2205,2122,2169,2177,2130,2249,2129,2247,2248
1997: 2348,2445,2443,2168,2233,2383,2166,2385,2384,2418,2208,2359,2366,2211,2207,2426,2103,2232,2167,2213
1963: 1942,946,2015,1972
1986: 1955,1948,1864,1922,569,1843,1917,1919,1910,1890
1965: 1941,502,1920,1887,1912
1966: 2030,2108,2049,2090,2065,2011,946,1987,2003
1967: 1936,571,576,940
1976: 2031,2366,2211,2207,2426,2165,2349,583
1977: 2039,506
1978: 1818
1979: 1883,2073,1991,1886,502
1991: 1886,1979,2255,2189,995
1992: 2073,502
2020: 2067,1999,1950,524,590,2033,2059,2068,2006
1994: 2045,2184,2204,2187,2107,2150,2185,2323,2282,2159,2283,2182,2183,2188,2186,2259,2138,2181,2091,2337,2258,2127,2170,568,2272
1998: 2027,1995,2015,1972,2018,2061,1974,1921
1999: 2067,2020,1950,524,590,2033,2059,2068,2006
2055: 2314,2400,2315,2306,2301,2305,2307,2432,2403,2415,2356,2406,2320,2357,2158,2352,2414,2355,2310,2389,2304,2319,2341,2420,2156,2322,2321,2270,2190,2318,2316,2180,2317,2178,2313,2226,2155,2353,1961
2030: 1966,2108,2049,2090,2075,2065,2011,946,1987,2003
2003: 1987,2030,1966,946,2036,1995
2004: 2057
2108: 2049,2037,2092,2127,2170,568,2076,2115,2090,2075,2065,2011,2030,1966
2006: 590,1999,2020,2033,2059,2068
2708: 2486,2504,1884,1951,2541,1882,1830,1933,2560,2539,2709,2489,1907,2501
2162: 2256,2249,2129,2247,2248,2235,2225,2251,2312,2252,2250,2131,2122,2169,2177,2130,2107,2150,2185,2144,2160,2093,2163,2062,2182,2183,2188,2186,2259,2138
2105: 2383,2166,2385,2367,2384,2479,2399,2459,2306,2301,2305,2307,2445,2443,2168,2233,2389,2304,2348,2208,2359,2270,2346,2231,2190
2026: 2119,1970,1788,1062
2011: 2065,2108,2049,2029,2052,2030,1966
2347: 2240,2245,2311,2299,2024,2215,2351,2044,2243,2325,2408,2324,2241,2253,2244,2246,2300,2216,2344,2275,2381,2282,2283,2110,2261,2338,2094
2591: 
2015: 1972,1963,1942,1998,2027,1940,1823,1974,1921
2016: 2309,2308,2154,2238,2357,2355,2310,2419,2416,2365,2378,2265,2267,2333,2319,2341,2420,2156,2322,2321,2331,2214,2218,2330,2226,2155,2235,2225,2251,2219,2288,2312,2250,2131
2018: 2061,2036,1995,1998,2027
2611: 2682,2612,2704,2630,2658,2493,2689,2646,2694
2021: 2594,2579,2602
2057: 2004,534
2639: 2667,2606,2682,2612,2630,2658
2024: 2311,2299,2374,2215,2351,2267,2333,2394,2262,2263,2409,2293,2331,2214,2218,2330,2044,2243,2325,2219,2288,2312,2253,2244,2246,2300,2216,2347
2027: 1998,1995,2015,1972,2018,2061,1974,1921
2146: 2274,2455,2174
2029: 2052,2121,2099,2065,2011
2442: 2286,2565,2350,1773,2407,2551
2036: 1995,1987,2003,2018,2061
2037: 2092,2133,2144,2160,2093,2163,2062,2259,2138,2113,2134,2054,2080,2127,2170,568,2108,2049
2038: 2228,2227,2229,2143,2147,2077,2104,2164,2137,2114,2121,2099
2039: 1977,506
2040: 2465,853,1677,2364,2488,2464,915,1701,1700,1671,2266,2410,2392,2416,2378,2265,2267,2333,2394,2262,2263,2409
2699: 2728,439,2762,2707,948
2043: 2091,2201,2281,2279,2139,2280,2140,2237,2132,2272,2236,2260,2199,2042,2098
2044: 2243,2325,2394,2262,2293,2439,2292,2311,2299,2024,2374,2215,2351,2408,2324,2241,2046,2386,2244,2246,2300,2216,2240,2347,2245,2344,2275,2381
2045: 2184,1994,2204,2187,2107,2185,2323,2282,2159,2261,2182,2183,2188,2186,2181,2091,2337,2201,2258,2127,568,2076,2115,2272
2716: 
2346: 2270,2231,2190,2383,2166,2385,2367,2105,2384,2389,2304,2400,2315,2208,2359,2318,2316,2180,2317,2313,2167,2120,2202,2278
2049: 2108,2037,2092,2133,2127,2170,568,2076,2115,2090,2075,2065,2011,2030,1966
2050: 2087,2104,2164,966
2232: 2103,2167,2213,1997,2208,2359,2231,2211,2207,2120,2210,2143
2052: 2029,2121,2099,2065,2011
2053: 1973,1947,991
2054: 2113,2134,2080,2135,1982,2144,2160,2093,2163,2137,2114,2037,2092,2133,2121,2099
2059: 2033,2068,590,1999,2020,2006
2190: 2270,2346,2231,2383,2166,2385,2367,2105,2384,2389,2304,2055,2314,2400,2315,2208,2359,2318,2316,2180,2317,2178,2313,2167,2120,2202,2112,2278,2205,2142
2062: 2163,2122,2169,2177,2130,2162,2256,2249,2129,2247,2248,2107,2185,1982,2144,2160,2093,2182,2183,2188,2186,2259,2138,2037,2133,2127,2170
2739: 2763,2738,2752,2751,2766,2765,2753,2743,2744,2767,2764,2737,2755,2774,486,2754,2629
2065: 2011,2108,2049,2029,2052,2030,1966,946
2066: 2332,2395,2391,2404,2340,2437,2405,2193,2277,2422,2474,2428,2196,2132,2191,2002,2335,2271,2197,2329,2529
2067: 1999,2020,1950,524
2068: 2033,2059,590,1999,2020,1950,2006
2680: 2727,2711,2701,2732,2735
2070: 2336
2575: 2669,2398,503,2672,931
2072: 2223,444,966,2580,1939
2073: 1883,1979,1992,502
2074: 2141
2075: 2090,568,2076,2115,2108,2049,2030
2077: 2147,2135,2120,2142,2122,2169,2143,1982,2144,2228,2038,2227,2229,2137,2114,2113,2134
2144: 1982,2160,2093,2202,2112,2278,2205,2142,2122,2169,2177,2130,2162,2256,2249,2129,2247,2248,2147,2077,2135,2163,2062,2113,2134,2054,2080,2037,2133
2103: 2232,2167,2213,1997,2208,2359,2231,2211,2207,2120,2210,2143
2087: 2050,2104,2164,966
2521: 2370
2089: 2338,2339,2094,2345,2240,2245,2344,2275,2381,2404,2261,2405,2193,2277,2337,2281,2279,2140,2237,2196,2132,2191,2002
2091: 2181,2337,2201,2258,2282,2159,2261,2339,2094,2045,2184,1994,2204,2187,2281,2279,2139,2280,2140,2237,2076,2115,2272,2236,2043
2092: 2037,2133,2160,2093,2163,2259,2138,2113,2134,2054,2080,2127,2170,568,2108,2049
2093: 1982,2144,2160,2142,2122,2169,2177,2130,2162,2256,2129,2248,2135,2163,2062,2113,2134,2054,2080,2037,2092,2133
2094: 2338,2339,2089,2345,2240,2347,2245,2344,2275,2381,2342,2110,2261,2405,2193,2277,2181,2091,2337,2201,2258,2281,2279,2139,2280,2140,2237,2196,2132,2191,2002
2095: 2570,2121,2099
2096: 2290,2659,2615
2097: 2260,2199,2161
2098: 2042,2236,2043,2260,2199,2161
2099: 2121,2228,2038,2227,2229,2137,2114,2113,2134,2054,2080,2095,2570,2029,2052
2101: 2034,2117
2641: 2593,514
2202: 2112,2278,2205,2142,2270,2346,2231,2190,2318,2316,2180,2317,2178,2313,2353,1961,2120,2122,2169,2177,2143,2147,2144
2110: 2342,2261,2253,2244,2246,2300,2240,2347,2245,2275,2381,2323,2282,2159,2283,2338,2339,2094,2184,2181,2337,2201,2258,2140
2201: 2181,2091,2337,2258,2282,2159,2110,2261,2338,2339,2094,2345,2045,2204,2281,2279,2139,2280,2140,2237,2272,2236,2043
2112: 2202,2278,2205,2142,2270,2231,2190,2318,2316,2180,2317,2178,2313,2226,2155,2353,1961,2235,2120,2122,2169,2177,2130,2143,1982,2144
2114: 2137,2143,2147,2077,2135,1982,2228,2038,2227,2229,2113,2134,2054,2080,2121,2099
2115: 2076,2045,2204,2187,2091,2258,568,2272,2236,2108,2049,2090,2075
2116: 1985
2117: 2206,2034,2101
2119: 2026,1970,1788,1062
2120: 2208,2270,2346,2231,2190,2180,2317,2103,2232,2167,2213,2202,2112,2278,2205,2142,2210,2143,2147,2077
2121: 2099,2228,2038,2227,2229,2137,2114,2113,2134,2054,2080,2095,2570,2029,2052
2122: 2169,2177,2130,2318,2316,2180,2317,2353,1961,2235,2202,2112,2278,2205,2142,2162,2256,2129,2247,2248,2147,2077,2135,1982,2144,2160,2093,2163,2062
2123: 2586,2550
2238: 2309,2308,2016,2154,2357,2310,2419,2365,2265,2319,2341,2420,2156,2322,2321,2331,2214,2218,2330,2226,2155,2353,1961,2235,2225,2251,2219,2288,2312,2252,2250,2131
2129: 2162,2256,2249,2247,2248,2226,2155,2353,1961,2235,2225,2251,2219,2252,2250,2131,2122,2169,2177,2130,2107,2150,2144,2160,2093,2163,2062,2138
2130: 2122,2169,2177,2318,2226,2155,2353,1961,2235,2225,2251,2112,2205,2142,2162,2256,2249,2129,2247,2248,2135,1982,2144,2160,2093,2163,2062
2131: 2219,2288,2312,2252,2250,2309,2308,2016,2154,2238,2331,2214,2218,2330,2225,2251,2253,2246,2300,2216,2162,2256,2249,2129,2247,2248,2107,2150,2185,2323
2134: 2113,2054,2080,2147,2077,2135,1982,2144,2160,2093,2137,2114,2037,2092,2133,2121,2099
2135: 2147,2077,2278,2205,2142,2122,2169,2177,2130,2143,1982,2144,2160,2093,2228,2137,2114,2113,2134,2054,2080
2258: 2181,2091,2337,2201,2323,2282,2159,2283,2110,2261,2338,2339,2094,2045,2184,1994,2204,2187,2281,2279,2139,2280,2140,2076,2115,2272
2137: 2114,2147,2077,2135,1982,2228,2038,2227,2229,2113,2134,2054,2080,2121,2099
2138: 2182,2183,2188,2186,2259,2162,2256,2249,2129,2247,2248,2107,2150,2185,2323,2163,2062,2184,1994,2187,2037,2092,2133,2127,2170,568
2139: 2281,2279,2280,2140,2237,2261,2338,2339,2094,2345,2193,2181,2091,2337,2201,2258,2196,2132,2191,2002,2272,2236,2043,2260,2199
2140: 2281,2279,2139,2280,2237,2110,2261,2338,2339,2089,2094,2345,2181,2091,2337,2201,2258,2196,2132,2191,2002,2272,2236,2043
2141: 2074
2142: 2202,2112,2278,2205,2270,2190,2318,2316,2180,2317,2353,2120,2122,2169,2177,2130,2143,2147,2077,2135,1982,2144,2160,2093
2148: 2224,2498,2499
2659: 2615,2096,2290
2150: 2107,2185,2225,2251,2219,2288,2312,2252,2250,2131,2253,2244,2246,2300,2216,2162,2256,2249,2129,2247,2323,2282,2159,2283,2182,2183,2188,2186,2259,2138,2184,1994,2187
2151: 2653,540
2152: 2433,915,2487,2429,2480,2477,2456,2485,2377,2476,2475,2523,2512,2427,2364,2461,2157,2417,2379,2465,2357,2352,2414,2355,2310,2419,2416,2365,2378,2265,2333
2377: 2476,2475,2523,2512,2427,2487,2429,2480,2477,2456,2485,853,1677,2364,2461,2157,2379,2433,915,2152,2465
2154: 2309,2308,2016,2238,2357,2158,2355,2310,2419,2365,2265,2319,2341,2420,2156,2322,2321,2331,2214,2218,2330,2226,2155,2353,1961,2235,2225,2251,2219,2288,2252,2250,2131
2155: 2226,2353,1961,2235,2055,2314,2400,2315,2319,2341,2420,2156,2322,2321,2309,2308,2016,2154,2238,2318,2316,2180,2317,2178,2313,2225,2251,2112,2205,2169,2177,2130,2256,2249,2129,2247,2248
2156: 2319,2341,2420,2322,2321,2357,2158,2414,2355,2310,2419,2365,2265,2055,2314,2400,2315,2309,2308,2016,2154,2238,2318,2316,2180,2178,2313,2226,2155,2353,1961,2235,2225,2251
2157: 2461,2417,2379,2466,2402,2487,2429,2480,2477,2456,2485,2377,2476,2475,2512,2427,2431,2433,915,2152,2415,2356,2357,2158,2352,2414,2355,2310,2419,2416,2365,2378,2265
2158: 2357,2352,2414,2355,2310,2431,2461,2157,2417,2379,2432,2403,2415,2356,2406,2320,2419,2416,2365,2378,2265,2055,2314,2400,2315,2319,2341,2420,2156,2322,2321,2308,2154
2159: 2323,2282,2283,2253,2244,2246,2107,2150,2185,2110,2261,2182,2183,2188,2186,2259,2045,2184,1994,2204,2187,2181,2091,2337,2201,2258
2160: 1982,2144,2093,2142,2122,2169,2177,2130,2162,2256,2129,2247,2248,2135,2163,2062,2113,2134,2054,2080,2037,2092,2133
2161: 2260,2199,2042,2098,2097
2164: 2104,2210,2143,2228,2038,2227,2229,2050,2087
2165: 2349,571,2031,1976,583
2166: 2383,2385,2367,2105,2384,2479,2399,2301,2305,2307,2445,2443,2168,2233,2389,2304,2348,1997,2208,2359,2270,2346,2231,2190
2167: 2103,2232,2213,2348,1997,2208,2359,2270,2346,2231,2190,2211,2207,2426,2120,2210,2143
2168: 2445,2443,2233,2479,2399,2459,2383,2166,2385,2367,2105,2384,2418,2348,1997,2208,2359
2169: 2122,2177,2130,2318,2316,2180,2317,2155,2353,1961,2235,2225,2202,2112,2278,2205,2142,2162,2256,2249,2129,2247,2248,2147,2077,2135,1982,2144,2160,2093,2163,2062
2170: 2127,568,2163,2062,2182,2183,2188,2186,2259,2138,2184,1994,2187,2037,2092,2133,2076,2108,2049
2406: 2432,2403,2415,2356,2320,2431,2417,2306,2301,2305,2307,2357,2158,2352,2414,2355,2389,2304,2055,2314,2400,2315,2319,2321
2658: 2612,2704,2630,2639,2637,2613,2564,2609,2610,2682,2493,2689,2611,2646
2173: 2358,580
2174: 2274,2146,2455,2286
2761: 2759,2468,2566,2741,2760,2756,2569
2734: 2715,2732,2735,1634
2177: 2122,2169,2130,2318,2316,2180,2317,2178,2313,2226,2155,2353,1961,2235,2225,2251,2202,2112,2278,2205,2142,2162,2256,2249,2129,2247,2248,2135,1982,2144,2160,2093,2163,2062
2178: 2318,2316,2180,2317,2313,2304,2055,2314,2400,2315,2319,2341,2420,2156,2322,2321,2270,2190,2226,2155,2353,1961,2235,2202,2112,2278,2205,2177
2179: 2547,2430,2522,2484,2548,2524,2222,2466,2402,2530,2434,2460,2458,1989,2471,2431,2479,2399,2459,2306,2301,2305,2307,2432,2403,2415
2180: 2318,2316,2317,2178,2313,2389,2304,2055,2314,2400,2315,2319,2156,2321,2270,2346,2231,2190,2155,2353,1961,2235,2120,2202,2112,2278,2205,2142,2122,2169,2177
2181: 2091,2337,2201,2258,2323,2282,2159,2283,2342,2110,2261,2338,2339,2094,2045,2184,1994,2204,2187,2281,2279,2139,2280,2140,2272
2182: 2183,2188,2186,2259,2138,2162,2256,2107,2150,2185,2323,2282,2159,2062,2045,2184,1994,2204,2187,2127,2170,568,2076
2183: 2182,2188,2186,2259,2138,2162,2256,2107,2150,2185,2323,2282,2159,2283,2163,2062,2045,2184,1994,2204,2187,2127,2170,568
2184: 2045,1994,2204,2187,2107,2150,2185,2323,2282,2159,2283,2110,2261,2182,2183,2188,2186,2259,2138,2181,2091,2337,2258,2127,2170,568,2272
2185: 2107,2150,2312,2252,2250,2131,2253,2244,2246,2162,2256,2249,2323,2282,2159,2283,2062,2182,2183,2188,2186,2259,2138,2045,2184,1994,2204,2187
2186: 2182,2183,2188,2259,2138,2162,2256,2107,2150,2185,2323,2282,2159,2163,2062,2045,2184,1994,2204,2187,2127,2170,568
2187: 2045,2184,1994,2204,2107,2150,2185,2323,2282,2159,2182,2183,2188,2186,2259,2138,2181,2091,2258,2127,2170,568,2076,2115,2272
2188: 2182,2183,2186,2259,2138,2162,2256,2107,2150,2185,2323,2282,2159,2163,2062,2045,2184,1994,2204,2187,2133,2127,2170,568
2189: 2255,2579,1991,1886,1867,1913,995
2191: 2196,2132,2002,2338,2339,2089,2094,2345,2405,2193,2277,2332,2395,2391,2066,2281,2279,2139,2280,2140,2237,2335,2271,2197,2329,2260,2199
2683: 2675,2700,2663,2682,2673,2614,2657,2687,2642,2694
2193: 2405,2277,2275,2404,2340,2437,2338,2339,2089,2094,2345,2332,2395,2391,2066,2281,2279,2139,2237,2196,2132,2191,2002,2335,2271,2197,2329
2344: 2275,2381,2044,2243,2408,2324,2241,2046,2386,2423,2425,2242,2240,2347,2245,2404,2338,2089,2094,2345
2195: 2544,2451,2435,2422,2428
2196: 2132,2191,2002,2338,2339,2089,2094,2345,2405,2193,2277,2332,2395,2391,2066,2281,2279,2139,2280,2140,2237,2335,2271,2197,2260,2199
2197: 2335,2271,2329,2405,2193,2332,2395,2391,2066,2422,2474,2428,2196,2132,2191,2002,2529,2260,2199
2198: 2145,512,580
2199: 2260,2281,2279,2139,2280,2237,2196,2132,2191,2002,2335,2271,2197,2329,2043,2098,2161,2097
2343: 2436
2203: 2393,990,2725,2695
2204: 2045,2184,1994,2187,2107,2185,2323,2282,2159,2261,2182,2183,2188,2186,2181,2091,2337,2201,2258,2127,568,2076,2115,2272
2205: 2202,2112,2278,2142,2270,2231,2190,2318,2316,2180,2317,2178,2313,2226,2155,2353,1961,2235,2120,2122,2169,2177,2130,2143,2147,2135,1982,2144
2206: 489,2117
2207: 2211,2426,2418,2348,1997,2208,2359,2366,2103,2232,2167,2213,2031,1976,2210
2208: 2359,2168,2233,2383,2166,2385,2367,2105,2384,2389,2304,2348,1997,2270,2346,2231,2190,2211,2207,2103,2232,2167,2213,2120
2209: 2446,2447,2448
2210: 2211,2207,2103,2232,2167,2213,2120,2104,2164,2229
2211: 2207,2426,2348,1997,2208,2359,2366,2103,2232,2167,2213,2031,1976,2210
2773: 2742,2597,2772,2747,2749,2511,2745
2213: 2103,2232,2167,2348,1997,2208,2359,2231,2211,2207,2426,2120,2210
2214: 2331,2218,2330,2365,2265,2267,2333,2309,2308,2016,2154,2238,2311,2024,2225,2251,2219,2288,2312,2252,2250,2131,2253,2244,2246,2300,2216
2215: 2311,2299,2024,2374,2351,2394,2262,2263,2409,2292,2331,2218,2330,2044,2243,2325,2219,2288,2312,2253,2244,2246,2300,2216,2240,2347,2245
2216: 2253,2244,2246,2300,2331,2214,2218,2330,2311,2299,2024,2374,2215,2351,2044,2243,2325,2219,2288,2312,2252,2250,2131,2240,2347,2107,2150,2323,2283
2217: 2362,2454,2334,2361,2505,2373,2488,2464,2268,2463,2462,2266,2410,2394,2262,2293,2439,2292,2363,2411
2218: 2331,2214,2330,2419,2416,2365,2378,2265,2267,2333,2394,2262,2263,2409,2309,2308,2016,2154,2238,2311,2299,2024,2374,2215,2351,2251,2219,2288,2312,2131,2300,2216
2219: 2288,2312,2252,2250,2131,2309,2308,2016,2154,2238,2331,2214,2218,2330,2311,2024,2215,2225,2251,2253,2244,2246,2300,2216,2249,2129,2247,2107,2150,2323,2283
2353: 2226,2155,1961,2235,2055,2314,2400,2315,2319,2341,2156,2321,2154,2238,2318,2316,2180,2317,2178,2313,2225,2202,2112,2278,2205,2142,2122,2169,2177,2130,2249,2129,2247,2248
2223: 2072,444,966,2580,1939
2224: 2148,2498,2499
2225: 2251,2319,2341,2420,2156,2322,2321,2309,2308,2016,2154,2238,2331,2214,2330,2226,2155,2353,1961,2235,2219,2288,2312,2252,2250,2131,2169,2177,2130,2162,2256,2249,2129,2247,2248,2107,2150
2226: 2155,2353,1961,2235,2055,2314,2319,2341,2420,2156,2322,2321,2309,2308,2016,2154,2238,2318,2316,2178,2313,2225,2251,2112,2205,2177,2130,2256,2249,2129,2247,2248
2227: 2228,2038,2229,2143,2147,2077,2104,2164,2137,2114,2121,2099
2228: 2038,2227,2229,2143,2147,2077,2135,2104,2164,2137,2114,2121,2099
2229: 2228,2038,2227,2210,2143,2147,2077,2104,2164,2137,2114,2121,2099
2437: 2340,2382,2404,2435,2405,2193,2277,2332,2395,2391,2066,2422,2474,2428
2231: 2270,2346,2190,2383,2166,2385,2367,2105,2384,2389,2304,2315,2208,2359,2318,2316,2180,2317,2313,2103,2232,2167,2213,2120,2202,2112,2278,2205
2235: 2226,2155,2353,1961,2314,2319,2341,2420,2156,2321,2309,2308,2016,2154,2238,2318,2316,2180,2178,2313,2225,2251,2112,2278,2205,2122,2169,2177,2130,2162,2256,2249,2129,2247,2248
2236: 2272,2091,2201,2281,2279,2139,2280,2140,2237,2076,2115,2043,2042,2098
2237: 2281,2279,2139,2280,2140,2261,2338,2339,2089,2094,2345,2405,2193,2277,2091,2337,2201,2196,2132,2191,2002,2272,2236,2043,2260,2199
2599: 2600,2598,2562,2528
2240: 2347,2245,2311,2215,2351,2044,2243,2408,2324,2253,2244,2246,2300,2216,2344,2275,2381,2323,2282,2283,2110,2261,2338,2339,2089,2094
2241: 2408,2324,2046,2386,2293,2439,2292,2363,2411,2424,2044,2243,2325,2423,2425,2242,2347,2245,2344,2381
2242: 2423,2425,2411,2388,2424,2452,2497,2408,2324,2241,2046,2386,2382,2344,2404
2243: 2044,2325,2394,2262,2263,2409,2293,2439,2292,2363,2311,2299,2024,2374,2215,2351,2408,2324,2241,2046,2386,2244,2246,2300,2216,2240,2347,2245,2344,2381
2244: 2253,2246,2300,2216,2331,2214,2311,2299,2024,2374,2215,2351,2044,2243,2325,2219,2288,2312,2252,2250,2240,2347,2245,2107,2150,2185,2323,2282,2159,2283,2110
2245: 2240,2347,2311,2299,2215,2351,2044,2243,2325,2408,2324,2241,2046,2386,2244,2246,2300,2344,2275,2381,2282,2283,2110,2261,2338,2339,2089,2094,2345
2246: 2253,2244,2300,2216,2331,2214,2311,2299,2024,2374,2215,2351,2044,2243,2325,2219,2288,2312,2252,2250,2131,2240,2347,2245,2107,2150,2185,2323,2282,2159,2283,2110
2247: 2162,2256,2249,2129,2248,2226,2155,2353,1961,2235,2225,2251,2219,2288,2312,2252,2250,2131,2122,2169,2177,2130,2107,2150,2144,2160,2163,2062,2138
2248: 2162,2256,2249,2129,2247,2226,2155,2353,1961,2235,2225,2251,2252,2250,2131,2122,2169,2177,2130,2107,2144,2160,2093,2163,2062,2138
2249: 2162,2256,2129,2247,2248,2226,2155,2353,1961,2235,2225,2251,2219,2288,2312,2252,2250,2131,2169,2177,2130,2107,2150,2185,2144,2163,2062,2259,2138
2250: 2219,2288,2312,2252,2131,2309,2308,2016,2154,2238,2331,2214,2330,2225,2251,2253,2244,2246,2300,2216,2162,2256,2249,2129,2247,2248,2107,2150,2185,2323,2283
2251: 2225,2341,2156,2309,2308,2016,2154,2238,2331,2214,2218,2330,2226,2155,2235,2219,2288,2312,2252,2250,2131,2177,2130,2162,2256,2249,2129,2247,2248,2107,2150
2252: 2219,2288,2312,2250,2131,2309,2154,2238,2331,2214,2225,2251,2253,2244,2246,2300,2216,2162,2256,2249,2129,2247,2248,2107,2150,2185,2323,2283
2253: 2244,2246,2300,2216,2331,2214,2311,2024,2215,2351,2219,2288,2312,2252,2250,2131,2240,2347,2107,2150,2185,2323,2282,2159,2283,2110
2731: 2710
2256: 2162,2249,2129,2247,2248,2226,2155,2235,2225,2251,2312,2252,2250,2131,2122,2169,2177,2130,2107,2150,2185,2144,2160,2093,2163,2062,2182,2183,2188,2186,2259,2138
2663: 2661,2633,945,2674,2673,2614,2721,2675,2700,2683
2259: 2182,2183,2188,2186,2138,2162,2256,2249,2107,2150,2185,2323,2159,2163,2062,2184,1994,2187,2037,2092,2133,2127,2170,568
2260: 2199,2281,2279,2139,2280,2237,2196,2132,2191,2002,2335,2271,2197,2329,2043,2098,2161,2097
2262: 2394,2263,2409,2040,1671,2266,2410,2392,2217,2362,2454,2334,2361,2267,2333,2293,2439,2292,2363,2218,2311,2299,2024,2374,2215,2351,2044,2243,2325
2263: 2394,2262,2409,2040,1671,2266,2410,2392,2454,2334,2267,2333,2293,2331,2218,2330,2311,2299,2024,2374,2215,2351,2243,2325
2600: 2598,2562,2599,2619,2528
2265: 2419,2416,2365,2378,2157,2379,2433,915,2152,2040,2357,2158,2352,2414,2355,2310,2267,2333,2319,2341,2420,2156,2322,2321,2309,2308,2016,2154,2238,2331,2214,2218,2330
2266: 1701,1700,1671,2410,2392,2364,2488,2464,2462,2040,2465,2217,2362,2454,2334,2361,2505,2373,2267,2333,2394,2262,2263,2409,2293,2439,2292,2363
2267: 2333,915,2040,2465,1671,2266,2410,2392,2419,2416,2365,2378,2265,2394,2262,2263,2409,2309,2308,2016,2331,2214,2218,2330,2311,2299,2024,2374
2268: 2463,2462,2488,2464,2217,2362,2454,2334,2361,2505,2373
2307: 2306,2301,2305,2460,2458,1989,2179,2431,2479,2399,2459,2432,2403,2415,2356,2406,2320,2383,2166,2385,2367,2105,2384,2389,2304,2055,2314,2400,2315
2270: 2346,2231,2190,2383,2166,2385,2367,2105,2384,2389,2304,2055,2314,2400,2315,2208,2359,2318,2316,2180,2317,2178,2313,2167,2120,2202,2112,2278,2205,2142
2271: 2335,2197,2329,2405,2193,2277,2332,2395,2391,2066,2422,2474,2196,2132,2191,2002,2529,2260,2199
2272: 2236,2045,2184,1994,2204,2187,2181,2091,2337,2201,2258,2281,2279,2139,2280,2140,2237,2076,2115,2043
2469: 2588,2587
2274: 2146,2455,2174
2275: 2344,2381,2044,2408,2324,2240,2347,2245,2404,2110,2261,2338,2339,2089,2094,2345,2405,2193,2277
2669: 2575,2672,931
2277: 2405,2193,2275,2404,2340,2437,2338,2339,2089,2094,2345,2332,2395,2391,2066,2281,2237,2196,2132,2191,2002,2335,2271
2278: 2202,2112,2205,2142,2270,2346,2231,2190,2318,2316,2180,2317,2178,2313,2353,1961,2235,2120,2122,2169,2177,2143,2147,2135,1982,2144
2279: 2281,2139,2280,2140,2237,2261,2338,2339,2089,2094,2345,2193,2181,2091,2337,2201,2258,2196,2132,2191,2002,2272,2236,2043,2260,2199
2280: 2281,2279,2139,2140,2237,2261,2338,2339,2094,2181,2091,2337,2201,2258,2196,2132,2191,2002,2272,2236,2043,2260,2199
2282: 2323,2159,2283,2312,2253,2244,2246,2240,2347,2245,2107,2150,2185,2342,2110,2261,2182,2183,2188,2186,2045,2184,1994,2204,2187,2181,2091,2337,2201,2258
2283: 2323,2282,2159,2219,2288,2312,2252,2250,2253,2244,2246,2300,2216,2240,2347,2245,2107,2150,2185,2110,2261,2183,2184,1994,2181,2337,2258
2345: 2338,2339,2089,2094,2245,2344,2275,2381,2404,2261,2405,2193,2277,2337,2201,2281,2279,2139,2140,2237,2196,2132,2191,2002
2285: 2525,2371
2286: 2174,589,2565,2350,1773,2442
2287: 2519,407,485
2288: 2219,2312,2252,2250,2131,2309,2308,2016,2154,2238,2331,2214,2218,2330,2311,2299,2024,2374,2215,2351,2225,2251,2253,2244,2246,2300,2216,2249,2247,2107,2150,2283
2290: 2096,2659,2615
2291: 2438,490,2411,2388,2424,2452,2497
2292: 2293,2439,2363,2266,2410,2217,2362,2454,2334,2361,2394,2262,2411,2299,2374,2215,2351,2044,2243,2325,2408,2324,2241,2046,2386
2293: 2439,2292,2363,2266,2410,2392,2217,2362,2454,2334,2361,2505,2373,2394,2262,2263,2409,2411,2311,2299,2024,2374,2351,2044,2243,2325,2324,2241,2386
2767: 2744,2764,2745,2746,2557,2765,2753,2743,2739,2763,2738,2755,2774,2740
2601: 2467,2514,2769
2543: 
2439: 2293,2292,2363,2266,2410,2217,2362,2454,2334,2361,2505,2373,2394,2262,2411,2299,2374,2351,2044,2243,2325,2408,2324,2241,2046,2386
2525: 2371,2285
2299: 2311,2024,2374,2215,2351,2267,2333,2394,2262,2263,2409,2293,2439,2292,2331,2218,2330,2044,2243,2325,2288,2244,2246,2300,2216,2347,2245
2300: 2253,2244,2246,2216,2331,2214,2218,2330,2311,2299,2024,2374,2215,2351,2044,2243,2325,2219,2288,2312,2252,2250,2131,2240,2347,2245,2107,2150,2323,2283,2110
2301: 2306,2305,2307,2460,2458,1989,2471,2179,2431,2479,2399,2459,2432,2403,2415,2356,2406,2320,2383,2166,2385,2367,2105,2389,2304,2055,2400,2315
2741: 2760,2756,2761,2759,536,2569,2533,2770,2758,2757,2771
2303: 2556,2482,2481,588,2555,2483,2547,2430,2522,2460,2458,1989,2471,2479,2399,2459
2304: 2389,2479,2399,2306,2301,2305,2307,2406,2320,2383,2166,2385,2367,2105,2384,2055,2314,2400,2315,2208,2359,2270,2346,2231,2190,2318,2316,2180,2317,2178,2313
2305: 2306,2301,2307,2460,2458,1989,2179,2431,2479,2399,2459,2432,2403,2415,2356,2406,2320,2383,2166,2385,2367,2105,2389,2304,2055,2314,2400,2315
2306: 2301,2305,2307,2460,2458,1989,2471,2179,2431,2479,2399,2459,2432,2403,2415,2356,2406,2320,2383,2385,2367,2105,2389,2304,2055,2400
2308: 2309,2016,2154,2238,2357,2158,2414,2355,2310,2419,2416,2365,2378,2265,2267,2333,2319,2341,2420,2156,2322,2321,2331,2214,2218,2330,2226,2155,1961,2235,2225,2251,2219,2288,2250,2131
2309: 2308,2016,2154,2238,2310,2419,2365,2378,2265,2267,2333,2341,2420,2156,2322,2321,2331,2214,2218,2330,2226,2155,2235,2225,2251,2219,2288,2312,2252,2250,2131
2310: 2357,2158,2352,2414,2355,2461,2157,2417,2379,2433,915,2152,2415,2356,2419,2416,2365,2378,2265,2055,2319,2341,2420,2156,2322,2321,2309,2308,2016,2154,2238
2313: 2318,2316,2180,2317,2178,2389,2304,2055,2314,2400,2315,2319,2341,2156,2321,2270,2346,2231,2190,2226,2155,2353,1961,2235,2202,2112,2278,2205,2177
2314: 2055,2400,2315,2305,2307,2356,2406,2320,2357,2158,2355,2304,2319,2341,2420,2156,2322,2321,2270,2190,2318,2316,2180,2317,2178,2313,2226,2155,2353,1961,2235
2315: 2055,2314,2400,2301,2305,2307,2406,2320,2158,2389,2304,2319,2341,2156,2321,2270,2346,2231,2190,2318,2316,2180,2317,2178,2313,2155,2353,1961
2316: 2318,2180,2317,2178,2313,2304,2055,2314,2400,2315,2319,2341,2156,2321,2270,2346,2231,2190,2226,2155,2353,1961,2235,2202,2112,2278,2205,2142,2122,2169,2177
2317: 2318,2316,2180,2178,2313,2389,2304,2055,2314,2400,2315,2319,2270,2346,2231,2190,2155,2353,1961,2120,2202,2112,2278,2205,2142,2122,2169,2177
2318: 2316,2180,2317,2178,2313,2304,2055,2314,2400,2315,2319,2341,2156,2321,2270,2346,2231,2190,2226,2155,2353,1961,2235,2202,2112,2278,2205,2142,2122,2169,2177,2130
2319: 2341,2420,2156,2322,2321,2432,2403,2415,2356,2406,2320,2357,2158,2352,2414,2355,2310,2419,2365,2265,2055,2314,2400,2315,2308,2016,2154,2238,2318,2316,2180,2317,2178,2313,2226,2155,2353,1961,2235,2225
2320: 2432,2403,2415,2356,2406,2431,2417,2306,2301,2305,2307,2357,2158,2352,2414,2355,2389,2304,2055,2314,2400,2315,2319,2321
2322: 2319,2341,2420,2156,2321,2415,2356,2357,2158,2352,2414,2355,2310,2419,2416,2365,2378,2265,2055,2314,2400,2309,2308,2016,2154,2238,2178,2226,2155,2225
2323: 2282,2159,2283,2219,2312,2252,2250,2131,2253,2244,2246,2300,2216,2240,2107,2150,2185,2110,2261,2182,2183,2188,2186,2259,2138,2045,2184,1994,2204,2187,2181,2337,2258
2324: 2408,2241,2046,2386,2293,2439,2292,2363,2411,2424,2044,2243,2325,2423,2425,2242,2240,2347,2245,2344,2275,2381
2325: 2044,2243,2394,2262,2263,2409,2293,2439,2292,2363,2311,2299,2024,2374,2215,2351,2324,2241,2244,2246,2300,2216,2347,2245,2381
2523: 2377,2476,2475,2512,2427,2487,2429,2480,2477,2456,2485,853,1677,2364,2433,915,2152,2465
2407: 2551,2350,2442
2735: 2732,2727,2680,2715,2734,1746,1708
2329: 2335,2271,2197,2193,2332,2395,2391,2066,2422,2474,2428,2132,2191,2002,2529,2260,2199
2330: 2331,2214,2218,2419,2365,2378,2265,2267,2333,2394,2263,2409,2309,2308,2016,2154,2238,2311,2299,2024,2374,2215,2225,2251,2219,2288,2312,2250,2131,2300,2216
2331: 2214,2218,2330,2365,2265,2267,2333,2263,2309,2308,2016,2154,2238,2311,2299,2024,2374,2215,2225,2251,2219,2288,2312,2252,2250,2131,2253,2244,2246,2300,2216
2332: 2395,2391,2066,2404,2340,2437,2435,2405,2193,2277,2422,2474,2428,2196,2191,2002,2335,2271,2197,2329,2529
2333: 2267,915,2152,2040,2465,1700,1671,2266,2410,2392,2419,2416,2365,2378,2265,2394,2262,2263,2409,2309,2308,2016,2331,2214,2218,2330,2311,2299,2024,2374
2334: 2217,2362,2454,2361,2505,2373,2488,2464,2268,2463,2462,1700,1671,2266,2410,2392,2394,2262,2263,2409,2293,2439,2292,2363
2335: 2271,2197,2329,2405,2193,2277,2332,2395,2391,2066,2422,2474,2428,2196,2132,2191,2002,2529,2260,2199
2336: 2070
2337: 2181,2091,2201,2258,2323,2282,2159,2283,2342,2110,2261,2338,2339,2089,2094,2345,2045,2184,1994,2204,2281,2279,2139,2280,2140,2237,2272
2338: 2339,2089,2094,2345,2240,2347,2245,2344,2275,2381,2342,2110,2261,2405,2193,2277,2181,2337,2201,2258,2281,2279,2139,2280,2140,2237,2196,2132,2191,2002
2339: 2338,2089,2094,2345,2240,2245,2275,2381,2342,2110,2261,2405,2193,2277,2181,2091,2337,2201,2258,2281,2279,2139,2280,2140,2237,2196,2132,2191,2002
2340: 2437,2382,2544,2404,2435,2405,2193,2277,2332,2395,2391,2066,2422,2474
2341: 2319,2420,2156,2322,2321,2357,2158,2414,2355,2310,2419,2365,2265,2055,2314,2400,2315,2309,2308,2016,2154,2238,2318,2316,2178,2313,2226,2155,2353,1961,2235,2225,2251
2342: 2110,2261,2282,2338,2339,2094,2181,2337
2348: 1997,2445,2443,2168,2233,2383,2166,2385,2367,2105,2384,2418,2208,2359,2366,2211,2207,2426,2167,2213
2349: 2165,571,2031,1976
2350: 2565,1773,2286,589,2442,918,2407,2551
2351: 2311,2299,2024,2374,2215,2394,2262,2263,2409,2293,2439,2292,2218,2044,2243,2325,2288,2312,2253,2244,2246,2300,2216,2240,2347,2245
2352: 2357,2158,2414,2355,2310,2431,2461,2157,2417,2379,2433,915,2152,2432,2403,2415,2356,2406,2320,2419,2416,2365,2378,2265,2055,2400,2319,2420,2322,2321
2590: 2495,2592,2627,2449,2595,2596
2355: 2357,2158,2352,2414,2310,2431,2461,2157,2417,2379,2152,2432,2403,2415,2356,2406,2320,2419,2416,2365,2378,2265,2055,2314,2400,2319,2341,2420,2156,2322,2321,2308,2016,2154
2356: 2432,2403,2415,2406,2320,2431,2461,2157,2417,2379,2306,2301,2305,2307,2357,2158,2352,2414,2355,2310,2055,2314,2400,2319,2420,2322,2321
2357: 2158,2352,2414,2355,2310,2431,2461,2157,2417,2379,2433,2152,2432,2403,2415,2356,2406,2320,2419,2416,2365,2378,2265,2055,2314,2400,2319,2341,2420,2156,2322,2321,2308,2016,2154,2238
2358: 2173,580
2359: 2208,2443,2168,2233,2383,2166,2385,2367,2105,2384,2389,2304,2348,1997,2270,2346,2231,2190,2211,2207,2426,2103,2232,2167,2213
2360: 2503
2361: 2217,2362,2454,2334,2505,2373,2464,2268,2462,2266,2410,2394,2262,2293,2439,2292,2363,2411
2362: 2217,2454,2334,2361,2505,2373,2488,2464,2268,2463,2462,2266,2410,2394,2262,2293,2439,2292,2363,2411
2363: 2293,2439,2292,2266,2410,2217,2362,2454,2334,2361,2505,2373,2394,2262,2411,2243,2325,2324,2241,2046,2386
2364: 853,1677,2377,2476,2475,2523,2512,2427,2488,2464,2433,915,2152,2040,2465,1700,1671,2266,2410,2392
2365: 2419,2416,2378,2265,2157,2379,2433,915,2152,2357,2158,2352,2414,2355,2310,2267,2333,2319,2341,2420,2156,2322,2321,2309,2308,2016,2154,2238,2331,2214,2218,2330
2366: 2418,2348,1997,2211,2207,2426,2031,1976
2367: 2383,2166,2385,2105,2384,2479,2399,2459,2306,2301,2305,2307,2445,2443,2168,2233,2389,2304,2348,2208,2359,2270,2346,2231,2190
2369: 2473
2370: 2521
2371: 2525,2285,2396
2485: 2487,2429,2480,2477,2456,2524,2222,2466,2402,2530,2434,2377,2476,2475,2523,2512,2427,2431,2461,2157,2417,2379,2433,2152
2373: 2217,2362,2454,2334,2361,2505,2488,2464,2268,2463,2462,2266,2410,2293,2439,2363,2411
2374: 2311,2299,2024,2215,2351,2267,2333,2394,2262,2263,2409,2293,2439,2292,2331,2218,2330,2044,2243,2325,2288,2244,2246,2300,2216
2555: 2483,2547,2430,2522,2556,2303,2482,2481,2471
2740: 2744,2767,2755,2774,2754,2629
2378: 2419,2416,2365,2265,2157,2417,2379,2433,915,2152,2040,2357,2158,2352,2414,2355,2310,2267,2333,2420,2322,2321,2309,2308,2016,2218,2330
2379: 2461,2157,2417,2466,2402,2429,2480,2456,2485,2377,2475,2512,2427,2431,2433,915,2152,2415,2356,2357,2158,2352,2414,2355,2310,2419,2416,2365,2378,2265
2477: 2487,2429,2480,2456,2485,2524,2222,2466,2402,2377,2476,2475,2523,2512,2427,2461,2157,2433,2152
2381: 2344,2275,2044,2243,2325,2408,2324,2241,2046,2386,2240,2347,2245,2110,2261,2338,2339,2089,2094,2345
2382: 2388,2424,2452,2497,2423,2425,2242,2544,2404,2340,2437
2383: 2166,2385,2367,2105,2384,2479,2399,2306,2301,2305,2307,2445,2443,2168,2233,2389,2304,2348,1997,2208,2359,2270,2346,2231,2190
2384: 2383,2166,2385,2367,2105,2307,2445,2443,2168,2233,2389,2304,2348,1997,2208,2359,2270,2346,2231,2190
2385: 2383,2166,2367,2105,2384,2479,2399,2306,2301,2305,2307,2445,2443,2168,2233,2389,2304,2348,1997,2208,2359,2270,2346,2231,2190
2386: 2408,2324,2241,2046,2293,2439,2292,2363,2411,2388,2424,2044,2243,2423,2425,2242,2245,2344,2381
2466: 2524,2222,2402,2530,2434,2484,2487,2429,2480,2477,2456,2485,2179,2431,2461,2157,2417,2379
2388: 2424,2438,2291,2411,2452,2497,2046,2386,2423,2425,2242,2382
2389: 2304,2479,2399,2306,2301,2305,2307,2406,2320,2383,2166,2385,2367,2105,2384,2055,2400,2315,2208,2359,2270,2346,2231,2190,2180,2317,2313
2524: 2222,2466,2402,2530,2434,2484,2548,2487,2429,2480,2477,2456,2485,2179,2431,2461,2417
2391: 2332,2395,2066,2404,2340,2437,2405,2193,2277,2422,2474,2428,2196,2191,2002,2335,2271,2197,2329,2529
2392: 1701,1700,1671,2266,2410,853,1677,2364,2488,2464,2040,2465,2454,2334,2267,2333,2394,2262,2263,2409,2293
2393: 2203
2394: 2262,2263,2409,2040,1671,2266,2410,2392,2217,2362,2454,2334,2361,2267,2333,2293,2439,2292,2363,2218,2330,2311,2299,2024,2374,2215,2351,2044,2243,2325
2395: 2332,2391,2066,2340,2437,2405,2193,2277,2422,2474,2428,2196,2132,2191,2002,2335,2271,2197,2329,2529
2396: 2545,2584,2371
2488: 2464,853,1677,2364,2268,2463,2462,2040,2465,1700,1671,2266,2410,2392,2217,2362,2454,2334,2505,2373
2398: 2573,2575,2672
2399: 2479,2459,2303,2482,588,2460,2458,1989,2471,2179,2306,2301,2305,2307,2445,2443,2168,2383,2166,2385,2367,2105,2389,2304
2570: 2095,2121,2099
2402: 2524,2222,2466,2530,2434,2484,2487,2429,2480,2477,2456,2485,2179,2431,2461,2157,2417,2379
2403: 2432,2415,2356,2406,2320,2179,2431,2461,2417,2306,2301,2305,2307,2357,2158,2352,2414,2355,2055,2400,2319,2321
2404: 2408,2423,2425,2242,2382,2344,2275,2340,2437,2089,2345,2405,2193,2277,2332,2391,2066
2405: 2193,2277,2275,2404,2340,2437,2338,2339,2089,2094,2345,2332,2395,2391,2066,2281,2237,2196,2132,2191,2002,2335,2271,2197
2408: 2324,2241,2046,2386,2439,2292,2411,2424,2044,2243,2423,2425,2242,2240,2347,2245,2344,2275,2381,2404
2409: 2394,2262,2263,2040,2465,1700,1671,2266,2410,2392,2454,2334,2267,2333,2293,2218,2330,2311,2299,2024,2374,2215,2351,2243,2325
2410: 1701,1700,1671,2266,2392,2364,2488,2464,2462,2040,2465,2217,2362,2454,2334,2361,2505,2373,2267,2333,2394,2262,2263,2409,2293,2439,2292,2363
2411: 2217,2362,2361,2373,2438,2291,2293,2439,2292,2363,2388,2424,2408,2324,2241,2046,2386,2423,2425,2242
2593: 2641,514
2560: 1933,2539,2709,1951,2541,2516,2559,2486,2504,2708,2501
2414: 2357,2158,2352,2355,2310,2431,2461,2157,2417,2379,2433,915,2152,2432,2403,2415,2356,2406,2320,2419,2416,2365,2378,2265,2055,2400,2319,2341,2420,2156,2322,2321,2308
2415: 2432,2403,2356,2406,2320,2179,2431,2461,2157,2417,2379,2306,2301,2305,2307,2357,2158,2352,2414,2355,2310,2055,2400,2319,2420,2322,2321
2416: 2419,2365,2378,2265,2461,2157,2417,2379,2433,915,2152,2040,2465,2357,2158,2352,2414,2355,2310,2267,2333,2420,2322,2308,2016,2218
2417: 2461,2157,2379,2524,2222,2466,2402,2434,2487,2429,2480,2456,2485,2431,2433,2152,2432,2403,2415,2356,2406,2320,2357,2158,2352,2414,2355,2310,2419,2416,2378
2418: 2445,2443,2168,2233,2348,1997,2366,2207,2426
2419: 2416,2365,2378,2265,2461,2157,2417,2379,2433,915,2152,2357,2158,2352,2414,2355,2310,2267,2333,2319,2341,2420,2156,2322,2321,2309,2308,2016,2154,2238,2218,2330
2420: 2319,2341,2156,2322,2321,2415,2356,2357,2158,2352,2414,2355,2310,2419,2416,2365,2378,2265,2055,2314,2400,2309,2308,2016,2154,2238,2178,2226,2155,1961,2235,2225
2422: 2474,2428,2340,2437,2435,2195,2332,2395,2391,2066,2335,2271,2197,2329,2529
2423: 2425,2242,2411,2388,2424,2452,2497,2408,2324,2241,2046,2386,2382,2344,2404
2424: 2388,2438,2291,2411,2452,2497,2408,2324,2241,2046,2386,2423,2425,2242,2382
2425: 2423,2242,2411,2388,2424,2452,2497,2408,2324,2241,2046,2386,2382,2344,2404
2426: 2211,2207,2418,2348,1997,2359,2366,2167,2213,2031,1976
2427: 2377,2476,2475,2523,2512,2487,2429,2480,2477,2456,2485,853,1677,2364,2157,2379,2433,915,2152,2465
2428: 2422,2474,2437,2435,2195,2332,2395,2391,2066,2335,2197,2329,2529
2429: 2487,2480,2477,2456,2485,2524,2222,2466,2402,2377,2476,2475,2523,2512,2427,2431,2461,2157,2417,2379,2433,915,2152
2430: 2547,2522,2555,2483,2484,2548,2303,2482,2460,2458,1989,2471,2179
2431: 2484,2548,2524,2222,2466,2402,2530,2434,2487,2429,2456,2485,2179,2461,2157,2417,2379,2306,2301,2305,2307,2432,2403,2415,2356,2406,2320,2357,2158,2352,2414,2355
2432: 2403,2415,2356,2406,2320,2179,2431,2461,2417,2306,2301,2305,2307,2357,2158,2352,2414,2355,2055,2400,2319,2321
2433: 915,2152,2487,2429,2480,2477,2456,2485,2377,2476,2475,2523,2512,2427,2364,2461,2157,2417,2379,2465,2357,2352,2414,2310,2419,2416,2365,2378,2265
2434: 2524,2222,2466,2402,2530,2484,2548,2487,2456,2485,2179,2431,2461,2417
2435: 2544,2451,2340,2437,2195,2332,2422,2474,2428
2436: 2343
2438: 2291,490,2411,2388,2424,2452,2497
2471: 2460,2458,1989,2555,2483,2547,2430,2522,2484,2548,2556,2303,2482,2481,588,2179,2479,2399,2459,2306,2301
2441: 2507,2544,2451
2443: 2445,2168,2233,2479,2399,2459,2383,2166,2385,2367,2105,2384,2418,2348,1997,2359
2444: 2491
2445: 2443,2168,2233,2479,2399,2459,2383,2166,2385,2367,2105,2384,2418,2348,1997
2446: 2447,2209,2448
2447: 2446,2209,2448
2448: 2446,2447,2209
2449: 2595,918,2495,2592,2590,2627,2596,2655
2450: 2561,509,578
2451: 2507,2441,2544,2435,2195
2452: 2497,2438,2291,2388,2424,2423,2425,2242,2382
2454: 2217,2362,2334,2361,2505,2373,2488,2464,2268,2463,2462,1700,1671,2266,2410,2392,2394,2262,2263,2409,2293,2439,2292,2363
2455: 2274,2146,2174
2456: 2487,2429,2480,2477,2485,2524,2222,2466,2402,2530,2434,2377,2476,2475,2523,2512,2427,2431,2461,2157,2417,2379,2433,2152
2652: 2604
2458: 2460,1989,2471,2547,2430,2522,2556,2303,2482,2481,588,2179,2479,2399,2459,2306,2301,2305,2307
2459: 2479,2399,2556,2303,2482,2481,588,2460,2458,1989,2471,2179,2306,2301,2305,2307,2445,2443,2168,2367,2105
2460: 2458,1989,2471,2547,2430,2522,2303,2482,588,2179,2479,2399,2459,2306,2301,2305,2307
2461: 2157,2417,2379,2524,2222,2466,2402,2530,2434,2487,2429,2480,2477,2456,2485,2377,2475,2512,2431,2433,2152,2432,2403,2415,2356,2357,2158,2352,2414,2355,2310,2419,2416
2462: 2268,2463,2488,2464,1700,1671,2266,2410,2217,2362,2454,2334,2361,2505,2373
2463: 2268,2462,2488,2464,2217,2362,2454,2334,2505,2373
2464: 2488,853,1677,2364,2268,2463,2462,2040,2465,1701,1700,1671,2266,2410,2392,2217,2362,2454,2334,2361,2505,2373
2465: 2040,2377,2476,2475,2523,2512,2427,853,1677,2364,2488,2464,2433,915,2152,1701,1700,1671,2266,2410,2392,2416,2267,2333,2409
2467: 2514,2550,2769,2601
2468: 2566,2761,2759
2542: 2125,413
2473: 2369
2474: 2422,2428,2340,2437,2435,2332,2395,2391,2066,2335,2271,2197,2329,2529
2475: 2377,2476,2523,2512,2427,2487,2429,2480,2477,2456,2485,853,1677,2364,2461,2157,2379,2433,915,2152,2465
2476: 2377,2475,2523,2512,2427,2487,2429,2480,2477,2456,2485,853,1677,2364,2157,2433,915,2152,2465
2479: 2399,2459,2303,2482,588,2460,2458,1989,2471,2179,2306,2301,2305,2307,2445,2443,2168,2233,2383,2166,2385,2367,2105,2389,2304
2480: 2487,2429,2477,2456,2485,2524,2222,2466,2402,2377,2476,2475,2523,2512,2427,2461,2157,2417,2379,2433,915,2152
2481: 2556,2303,2482,588,2555,2483,2522,2458,1989,2471,2459
2482: 2556,2303,2481,588,2555,2483,2547,2430,2522,2460,2458,1989,2471,2479,2399,2459
2483: 2555,2547,2430,2522,2556,2303,2482,2481,2471
2484: 2548,2547,2430,2522,2524,2222,2466,2402,2530,2434,2471,2179,2431
2486: 2504,1884,2708,1951,2541,1882,1830,1933,2560,2489,1907,2501
2487: 2429,2480,2477,2456,2485,2524,2222,2466,2402,2530,2434,2377,2476,2475,2523,2512,2427,2431,2461,2157,2417,2433,2152
2489: 1907,1882,1830,2486,2504,1884,2708,1874,2540,927
2710: 2731
2491: 2444
2566: 2468,2761,2759
2493: 2689,2637,2613,2564,2609,2610,2612,2704,2630,2658,2647,2611,2646
2685: 
2495: 2592,2590,2627,2449,2595
2496: 1915,927,2583,1717,1796
2497: 2452,2438,2291,2388,2424,2423,2425,2242,2382
2498: 2148,2224,2499
2499: 2148,2224,2498
2579: 2602,2021,2594,2563,2623,2255,2189
2501: 2516,2559,1933,2560,2539,2709,2486,2504,1884,2708
2595: 2449,918,2495,2592,2590,2627,2596,2655
2503: 2360
2504: 2486,1884,2708,1951,2541,1882,1830,1933,2560,2539,2709,2489,1907,2501
2505: 2217,2362,2454,2334,2361,2373,2488,2464,2268,2463,2462,2266,2410,2293,2439,2363
2563: 2623,2579,2602
2507: 2441,2544,2451
2738: 2739,2763,2752,2751,2766,2765,2753,2743,2744,2767,2764,2737,2755,2774,486,2754,2629
2509: 995,2571
2704: 2612,2630,2658,2613,2564,2609,2610,2682,2493,2689,2611,2646
2511: 2749,2745,2569,2747,2773,2597,2748,2750,2768,2757,2771,2752,2751,2766,2765,2753,2743,2764
2512: 2377,2476,2475,2523,2427,2487,2429,2480,2477,2456,2485,853,1677,2364,2461,2157,2379,2433,915,2152,2465
2564: 2637,2613,2609,2610,977,2704,2630,2658,2493,2689,2647
2514: 2467,2550,2769,2601
2727: 2729,2680,2732,2735
2516: 2559,2528,1951,2541,2648,1933,2560,2539,2501
2613: 2637,2564,2609,2610,977,2704,2630,2658,2493,2689
2614: 2674,2673,2721,2661,2633,2663,2692,2675,2700,2683,2722,2687,2642
2519: 2287,407,485
2528: 2600,2598,2562,2599,2647,2648,2516,2559
2529: 2332,2395,2391,2066,2422,2474,2428,2335,2271,2197,2329
2530: 2524,2222,2466,2402,2434,2484,2548,2487,2456,2485,2179,2431,2461
2539: 1933,2560,2709,1951,2541,2516,2559,2504,2708,2501
2534: 2568,582
2661: 2633,2663,945,2674,2673,2614
2664: 2723,560
2677: 2607,1792,1728
2586: 2123,2550
2545: 2584,2396
2571: 2509,575
2547: 2430,2522,2555,2483,2484,2548,2303,2482,2460,2458,1989,2471,2179
2548: 2484,2547,2430,2522,2524,2530,2434,2471,2179,2431
2549: 512
2550: 2586,2123,2467,2514
2551: 2407,2350,1773,2442
2692: 945,932,2674,2673,2614,2721,2722,551
2556: 2303,2482,2481,588,2555,2483,2522,2458,1989,2471,2459
2557: 2746,2597,2744,2767,2764
2561: 2450,509,578
2562: 2600,2598,2599,2528
2565: 2350,1773,2286,2442
2568: 2534,582
2569: 2761,2759,2741,2760,2756,2747,2533,2770,2758,2748,2750,2768,2757,2771,2749,2511,2745
2572: 2624,1717,1796
2573: 2398
2574: 
2576: 2690,2660
2584: 2545,2396
2587: 2588,2469
2592: 2495,2590,2627,2449,2595
2594: 2021,2623,2579,2602
2596: 2590,2627,2449,2595,2655,1454,1323
2597: 2742,2773,2772,2747,2749,2511,2745,2746,2557
2598: 2600,2562,2599,2528
2606: 2667,2660,2639
2607: 2677,1792,1728,1756
2721: 2674,2673,2614,2663,2692,2675,2700,2722,551,2687,2642
2609: 2637,2613,2564,2610,977,2704,2630,2658,2493,2689,2647
2610: 2637,2613,2564,2609,977,2704,2630,2658,2493,2689,2647
2747: 2772,2569,2742,2773,2597,2748,2749,2511
2713: 1820,1858,2729
2623: 2563,2594,2579,2602
2624: 2572,1717,1796
2625: 2589
2673: 2674,2614,2721,2661,2633,2663,2692,2675,2700,2683,2722,2687,2642
2627: 2495,2592,2590,2449,2595,2596
2682: 2639,2612,2704,2630,2658,2683,2657,2611
2629: 2754,2739,2763,2738,2755,2774,2740,486
2630: 2612,2704,2658,2639,2637,2613,2564,2609,2610,2682,2493,2689,2611,2646
2655: 2449,2595,2596,1454,1323
2672: 503,2398,1454,1323,2669,2575,931
2633: 2661,2663,945,2674,2673,2614
2771: 2748,2750,2768,2757,2741,2760,2756,2569,2533,2770,2758,2749,2511,2766
2642: 2687,2674,2673,2614,2721,2675,2700,2683,2657,2694
2644: 2647,2648
2690: 2660,2576,2667
2646: 2704,2630,2658,2493,2689,2647,2611
2647: 2564,2609,2610,2528,2493,2689,2648,2646,2644
2648: 2528,2647,2516,2644
2675: 2700,2683,2663,2674,2673,2614,2721,2657,2687,2642,2694
2736: 2684
2737: 2752,2751,2766,2765,2753,2743,2739,2763,2738,494
2743: 2765,2753,2748,2749,2511,2745,2752,2751,2766,2744,2767,2764,2737,2739,2763,2738,2755,2774
2744: 2767,2764,2745,2746,2557,2765,2753,2743,2739,2763,2738,2755,2774,2740
2745: 2749,2511,2569,2773,2597,2748,2750,2768,2752,2751,2766,2765,2753,2743,2744,2767,2764
2746: 2557,2597,2744,2767,2764
2748: 2750,2768,2757,2771,2756,2569,2747,2533,2770,2758,2749,2511,2745,2752,2751,2766,2765,2753,2743
2749: 2511,2745,2569,2747,2773,2597,2748,2750,2768,2757,2771,2751,2766,2765,2753,2743,2764
2750: 2748,2768,2757,2771,2756,2569,2533,2770,2758,2749,2511,2745,2752,2751,2766,2765,2753
2751: 2752,2766,2770,2748,2750,2768,2757,2749,2511,2745,2765,2753,2743,2737,2739,2763,2738
2752: 2751,2766,2533,2770,2748,2750,2768,2757,2511,2745,2765,2753,2743,2737,2739,2763,2738
2754: 2629,2739,2763,2738,2755,2774,2740
2755: 2774,2753,2743,2744,2767,2764,2739,2763,2738,2740,2754,2629
2756: 2741,2760,2761,2759,2569,2533,2770,2758,2748,2750,2768,2757,2771
2757: 2748,2750,2768,2771,2741,2760,2756,2569,2533,2770,2758,2749,2511,2752,2751,2766
2758: 2533,2770,536,2741,2760,2756,2569,2748,2750,2768,2757,2771
2759: 2761,2468,2566,2741,2760,2756,2569
2762: 439,2707,948,2699,2728
2763: 2739,2738,2752,2751,2766,2765,2753,2743,2744,2767,2764,2737,2755,2774,486,2754,2629
2765: 2753,2743,2748,2750,2768,2749,2511,2745,2752,2751,2766,2744,2767,2764,2737,2739,2763,2738
2766: 2752,2751,2533,2770,2748,2750,2768,2757,2771,2749,2511,2745,2765,2753,2743,2737,2739,2763,2738
2769: 2467,2514,2601
2772: 2747,2742,2773,2597