1574: 1037,1613,1290,1605
543: 
1068: 557,1612,1067,965,1619,237
1141: 1100
1543: 1349,475,902
566: 
949: 
1581: 1562
1445: 1530
1126: 1128,1136,1617,1622,1614,153,1037,1613,1162,1611,1621,1011,1610
977: 
1519: 1564,1450,1531,1479,1554,1467,1373,1476,1430,1506
1373: 1365,1467,1419,1519,1564,1459,1525,1476,1430,1506,1379,1394,1415,1478
1572: 902,1527,475
1394: 1379,1415,1459,1365,1467,1373,1345,1317,1346,1426,323,1431
535: 
754: 69
1459: 1525,1419,1557,952,1365,1467,1373,1379,1394,1415
1509: 1357,1345,1472,1428
583: 
1619: 237,1068,1618,1063,1065,1609,1083,1066,1623,1062,1174
1376: 1501,487,1425
900: 
1520: 1495,1518,1424,1496,1456,1387
1337: 1295,1521,1613,1605,1610
500: 467
520: 
1393: 1346,1426,1316,323,1431,1415,487,1345,1317,1425,1461,1464,1472,1395
1602: 1532,453
29: 540
562: 
509: 
1174: 1619,237,1066,1623,1616,1062,1100
822: 1487,1585,1565,1561
947: 
563: 532
985: 1561,1526,482
1450: 1531,1479,1554,1519,1564,1430
1434: 1512
1556: 1576
995: 
551: 
1532: 1602,453
957: 
1540: 1499,1571
1367: 
961: 917
495: 
1456: 1424,1495,1520,1499,1571,1404,1503,1387,1557,952
968: 
1587: 1606,449
929: 
939: 
905: 522
1461: 1425,1464,1346,1393,1426,1316,323,1431,1395,1399,1452
552: 
572: 
1506: 1476,1430,1519,1564,1365,1467,1373,1379,1478,487
560: 
504: 
1479: 1450,1531,1554,1519,1564,1501
61: 1460,1398,1414,1551
539: 
558: 
1527: 902,1572,475
1495: 1520,1424,1496,1456,1387
1582: 1569,591
922: 579
589: 
69: 754
1600: 1589
598: 531
1202: 492
1128: 1126,1136,1617,1622,1614,153,1037,1613,1162,1611,1621,1011,1610
587: 
515: 
1571: 1499,1537,1558,1456,1540,1419,1557,952
569: 
996: 930
854: 
605: 227
916: 413
1172: 
1605: 1290,1574,1037,1613,1610,1521,1337
591: 1582,1569
926: 
1487: 822,1585,1565,1561
1513: 1548,907,1601
532: 563
944: 
582: 
1295: 1521,1337,1610
948: 
1349: 1543,475,902
1064: 1088
588: 
1253: 1278
994: 1474,1514
1518: 1520
1496: 1424,1495,1520
1266: 1151,525
593: 
1426: 1346,1393,1316,323,1431,1394,1415,1478,487,1345,1317,1425,1461,1464,1472,1395
544: 
908: 
1606: 1587,449
955: 
1346: 1393,1426,1316,323,1431,1379,1394,1415,487,1345,1317,1425,1461,1464,1472,1395
906: 
659: 
581: 
498: 414
932: 
575: 927,507
993: 
1475: 967,1575
531: 598
1395: 1399,1346,1393,1426,1316,323,1431,1425,1461,1464,1472,1452
1428: 1489,1509,1357,1472,1398
513: 
1278: 1253
1387: 1404,1503,1495,1520,1456
1316: 1346,1393,1426,323,1431,1415,1478,487,1345,1317,1425,1461,1464,1395
1604: 853,915
1458: 1397
506: 
975: 
911: 
555: 
597: 1477,1341
979: 
988: 
963: 
1535: 
538: 
951: 
1348: 1402
536: 
592: 
1063: 1618,1065,1609,1083,1612,1067,1069,1620,1615,1619,237,1623,1616
1562: 1581
1569: 1582,591
986: 1588,157
559: 
586: 
903: 
1589: 1600
596: 
1359: 
557: 1068,965
580: 
537: 
978: 
153: 1614,1126,1128,1136,1617,1622,1162,1611,1621,1011
980: 962
1151: 1266,525
568: 
157: 1563,1588,986
965: 557,1068
1413: 1453
902: 1527,1572,1543,1349,475
556: 
1503: 1404,1387,1456
1430: 1476,1506,1519,1564,1450,1531,1554,1365,1467,1373,1379,1478,487
541: 
594: 
166: 1015,1088,311,1005
820: 
507: 575
700: 1009,960
1528: 1592,453
519: 
550: 
1547: 1580,1590,456
574: 
940: 966
1065: 1618,1063,1609,1083,1612,1067,1069,1620,1615,1619,237,1066,1623,1616
1399: 1395,1425,1461,1464,1452,1460
923: 
1062: 1619,237,1066,1623,1174,1100
1053: 
901: 
501: 
1588: 1563,157,986
992: 
1290: 1605,1574
534: 
967: 1575,1475
573: 
547: 
976: 
919: 
1415: 1379,1394,1459,1365,1467,1373,1478,1345,1317,1346,1393,1426,1316,323,1431
1565: 1585,822,1487,233
590: 
1464: 1425,1461,487,1346,1393,1426,1316,323,1431,1472,1395,1399,1452
1514: 1474,994
962: 980
927: 575
1578: 1388
584: 
934: 
1531: 1450,1479,1554,1519,1564,1430
953: 
1197: 
973: 
517: 
982: 
1357: 1509,1345,1472,1428
924: 
1453: 1413
1424: 1496,1495,1520,1456
990: 
578: 
1341: 1477,840,597
1149: 1184
1388: 1578
1502: 1536
914: 
1419: 1557,952,1499,1571,1459,1525,1365,1467,1373
1011: 1162,1611,1621,1614,153,1126,1128,1136,1617,1622,1037,1613,1610
1607: 232
925: 419
1521: 1295,1337,1037,1613,1605,1610
1100: 1062,1174,1141
1489: 1428,1472,1460,1398,1444
941: 
227: 605
912: 
950: 
943: 
1443: 1598
232: 1607
233: 1565
1551: 1414,1460,61
1404: 1503,1387,1456
579: 922
237: 1619,1068,1618,1063,1065,1609,1083,1066,1623,1062,1174
508: 
920: 
1379: 1394,1415,1459,1525,1365,1467,1373,1476,1430,1506,1478,1345,1317,1346,1431
599: 
1580: 1547,456
514: 
1476: 1430,1506,1519,1564,1365,1467,1373,1379,1478,487
971: 
972: 
1557: 1419,952,1456,1499,1571,1459,1525,1365,1467
1583: 1603
1585: 1565,822,1487
1402: 1348
1576: 1556
1345: 1317,1379,1394,1415,1346,1393,1426,1316,323,1431,1509,1357,1472
1526: 1561,985
1512: 1434
512: 
942: 
571: 
1478: 1365,1467,1373,1476,1430,1506,1379,1415,487,1317,1426,1316,323,1431
1501: 1479,1554,487,1376
1563: 1588,157
928: 
1499: 1571,1537,1558,1456,1540,1419,1557,952
567: 
528: 
909: 
1467: 1365,1373,1419,1557,1519,1564,1459,1525,1476,1430,1506,1379,1394,1415,1478
524: 
998: 
853: 1604,915
585: 
523: 
1525: 1459,1419,1557,952,1365,1467,1373,1379
915: 853,1604
1009: 700,960
533: 
959: 1537,1558
913: 
530: 
496: 
1088: 1064,1015,166,311
522: 905
958: 
553: 
1474: 994,1514
1365: 1467,1373,1419,1557,1459,1525,1476,1430,1506,1379,1394,1415,1478
1530: 1445
510: 
542: 
960: 700,1009
984: 
952: 1419,1557,1456,1499,1571,1459,1525
595: 412,438
1561: 1526,985,822,1487
505: 
521: 
999: 
1162: 1611,1621,1011,1614,153,1126,1128,1136,1617,1613,1610
518: 
1470: 1409
502: 
956: 
1414: 1551,1460,61
933: 545
904: 
1015: 166,1088,311,1005
1066: 1623,1618,1065,1609,1083,1615,1619,237,1616,1062,1174
549: 
991: 
1268: 1326,480
1454: 1323,482
311: 1005,1088,1015,166
554: 
497: 
1536: 448,1502
548: 
526: 
989: 
1069: 1620,1612,1067,1618,1063,1065,1609,1083,1615
1601: 1590,1513,1548
545: 933,452
576: 
945: 
323: 1346,1393,1426,1316,1431,1394,1415,1478,487,1345,1317,1425,1461,1464,1395
981: 
946: 
516: 
327: 
1161: 492
570: 
1037: 1613,1574,1126,1128,1136,1617,1622,1605,1611,1011,1610,1521
1592: 1528,453
918: 
1184: 1149
1425: 1461,1464,487,1376,1346,1393,1426,1316,323,1431,1395,1399,1452
1323: 1454,482
1621: 1162,1611,1011,1614,153,1126,1128,1136,1617,1613,1610
1243: 492
499: 
1460: 1399,1489,1398,61,1414,1551
840: 1477,1341
938: 
966: 940
1391: 1444
937: 
1477: 1341,840,597
921: 
347: 
1326: 1268,480
540: 29
997: 
503: 
917: 961
1515: 
1537: 1558,959,1499,1571
546: 
1067: 1612,1069,1620,1068,1618,1063,1065,1609,1083
970: 
1603: 1583
1488: 
1452: 1425,1461,1464,1395,1399
627: 
1431: 1346,1393,1426,1316,323,1379,1394,1415,1478,487,1345,1317,1425,1461,1464,1472,1395
931: 
565: 
529: 
1005: 311,1015,166
561: 441
1472: 1345,1317,1346,1393,1426,1431,1464,1509,1357,1395,1428,1489
964: 
1398: 1444,1428,1489,1460,61
1317: 1345,1379,1394,1415,1478,1346,1393,1426,1316,323,1431,1472
954: 
1575: 967,1475
1590: 1601,1547
1444: 1398,1489,1391,1409
1558: 1537,959,1499,1571
1548: 1513,907,1601
564: 
511: 
1586: 
969: 
527: 
1136: 1126,1128,1617,1622,1614,153,1037,1613,1162,1611,1621,1011,1610
1554: 1450,1531,1479,1519,1564,1430,1501
987: 
935: 
1397: 1458
1083: 1618,1063,1065,1609,1612,1067,1069,1620,1615,1619,237,1066,1623,1616
974: 
907: 1513,1548
1598: 1443
930: 996
577: 
983: 
525: 1266,1151
1409: 1444,1470
1564: 1519,1450,1531,1479,1554,1467,1373,1476,1430,1506
910: 
936: 426
400: 
401: 
402: 
403: 
404: 
405: 
406: 
407: 
408: 
409: 
410: 
411: 
412: 595
413: 916
414: 498
415: 
416: 
417: 
418: 
419: 925
420: 
421: 
422: 
423: 
424: 
425: 431
426: 936
427: 
428: 
429: 
430: 
431: 425
432: 
433: 
434: 
435: 
436: 
437: 
438: 595
439: 
440: 
441: 561
442: 
443: 
444: 
445: 
446: 
447: 450
448: 1536
449: 1606,1587
450: 447
451: 
452: 545
453: 1532,1602,1528,1592
454: 
455: 
456: 1580,1547
457: 
458: 
459: 
460: 
461: 
462: 
463: 
464: 
465: 
466: 
467: 500
468: 
469: 
470: 
471: 
472: 
473: 
474: 
475: 1543,1349,902,1527,1572
476: 
477: 
478: 
479: 
480: 1326,1268
481: 
482: 985,1454,1323
483: 
484: 
485: 
486: 
487: 1476,1430,1506,1501,1478,1376,1346,1393,1426,1316,323,1431,1425,1464
488: 
489: 
490: 
491: 
492: 1202,1243,1161
493: 
494: 
1609: 1618,1063,1065,1083,1612,1067,1069,1620,1615,1619,237,1066,1623,1616
1610: 1126,1128,1136,1617,1622,1037,1613,1605,1162,1611,1621,1011,1295,1521,1337
1611: 1162,1621,1011,1614,153,1126,1128,1136,1617,1622,1037,1613,1610
1612: 1067,1069,1620,1068,1618,1063,1065,1609,1083
1613: 1037,1574,1126,1128,1136,1617,1622,1605,1162,1611,1621,1011,1610,1521,1337
1614: 153,1126,1128,1136,1617,1622,1162,1611,1621,1011
1615: 1069,1620,1618,1063,1065,1609,1083,1066,1623,1616
1616: 1618,1063,1065,1609,1083,1615,1066,1623,1174
1617: 1126,1128,1136,1622,1614,153,1037,1613,1162,1611,1621,1011,1610
1618: 1063,1065,1609,1083,1612,1067,1069,1620,1615,1619,237,1066,1623,1616
1620: 1069,1612,1067,1618,1063,1065,1609,1083,1615
1622: 1126,1128,1136,1617,1614,153,1037,1613,1611,1011,1610
1623: 1066,1618,1063,1065,1609,1083,1615,1619,237,1616,1062,1174