1574: 1605,1612,1067,1069,1620,2084
543: 
1068: 1632,1656,1630,1655,1659,1653,1654,1657,1658,1640,1638,1627,1619,1624
1141: 1656,1746,1708,1100
1543: 1349
566: 438
949: 1713
1581: 1562
1445: 2148,1530,2070,2146,2274,2224,1773,2230,410,926
1701: 1671,1700
977: 
1519: 1564,1430,1531,1499,1571,1554,1479,1450,1476,157,1588
1373: 1467
1572: 1527,913
1394: 1379,1415,1365,1387,1419,1557,1345,1317,1346,323,1431
535: 
1939: 2021
1459: 1525
1509: 1357,1501,1376,1345,1393,1428
583: 2165,2290,2031,1976,1936,1967,2087,2050,2096,2035,2273,2203,2072,2223
1619: 1640,1638,1627,1644,1624,1646,1632,1068,1521,1731,1655,1659,1653,1657,1636,1645,1639
1376: 1509,1357,1501,1345,1317,1346,1393,1426,1431,1428
900: 455
1520: 1495,487,1499,1571,1554,1479
1337: 1690,911
500: 
520: 
1393: 1346,1426,1316,323,1431,1345,1317,1461,1509,1501,1376,1395
1602: 1532,1477,1341,460
1623: 1066,492,1618,1063,1065,1609,1083,1615,1521,1731,1053
562: 
509: 
1174: 1062,700,1009,1253,1278
822: 1487,410
947: 
563: 541
985: 1404,1503
1450: 1479,1519,1564,1430,1531,1476,157,1588
2261: 2200,2094,2118,2089,2275,2276,2246,2244,2241,2253,2242,2245,2044,2240,2234,2110,2159,2284,2283,2282,2194,490,2277,2193,2258,2181,2149,2272,2045,2280,2091,2140,2201,2281,2132,2237,2279,2139
1556: 1576
995: 
551: 948
1532: 1602,1477,1341,460
957: 
1540: 1499,1571,1554,1479
1687: 1668,1496,1660,1637
961: 
495: 
1456: 1387,1419,1557,1379,1415,1365
968: 
1718: 1765,1713,1694,1714
929: 
939: 
905: 
1461: 1346,1393,1426,1316,323,1431,1395
552: 1672,1424,577
572: 513
1506: 1478
560: 1895,2014
504: 581
1479: 1520,1495,1540,1499,1571,1554,1519,1564,1430,1531,1450
61: 1460
539: 
558: 
1527: 913,1572,1458,1397
1495: 1520,487,1499,1571,1554,1479
2145: 2151,2199,2254,2260,2198,2281,2132,2237,2196,2066,2197,2271,2195,2191,2141,2236,2125,2239,2098,2074,2042,2097,2161
922: 
589: 
1874: 1893,1770,1872,1907,1830,1882,1884
1600: 1789
598: 1756,1804,1860,586
1202: 1676,1650,1684,1663,1682
1781: 1752,1779,1767,1766,1836
587: 
515: 983
1571: 1540,1499,1554,1520,1495,1479,1519,1564,1430
569: 2073,2095,2019,1992,946
996: 525
1823: 1920,1940,1848,1986,1955,1904,1948,1864,1887,1912,1906,1922,1919
1690: 1337,911
916: 2101,2034,1947,2171
1172: 1136,1635,1617
1605: 1574,1612,1067,1069,1620,2084
591: 
926: 1773,2230,1530,1445,2071
1487: 822,410
1513: 1548
532: 555
944: 
582: 
1295: 
948: 551
1349: 1543,475
1064: 1088,415,557
588: 
1253: 700,1009,1174,1062,1278
994: 903
1518: 952
1496: 1660,1326,1668,1687
1869: 2007
593: 
1426: 1346,1393,1316,323,1431,1415,1345,1317,1461,1501,1376,1395
544: 
908: 
1606: 1853,1839,1900,1851,1871,1838,1835,1769,1810
955: 
1346: 1393,1426,1316,323,1431,1379,1394,1415,1365,1345,1317,1461,1501,1376,1395
906: 
1635: 153,1617,1172,1136,1268
581: 504
498: 928
932: 564
575: 1986,1955,1948,1864,2057,2059,2033,2004,1922,1919,1890,1910
993: 1740,1798,1988
1646: 1640,1638,1627,1619,1644,1624,1655,1636,1645,1639
531: 478
1395: 1346,1393,1426,1316,323,1431,1461
1428: 1509,1357,1501,1376
513: 572
1278: 700,1009,1253,1174,1062
1387: 1456,1419,1557,1379,1394,1415,1365
1316: 1346,1393,1426,323,1431,1345,1317,1461,1395
1671: 1700,853,1677,1701,2152,2264
1458: 1397,1527,913,1474,1514
506: 1947,2171
975: 
911: 1690,1337,2070,2146,2274,2224
555: 532
597: 
979: 
988: 
963: 
1684: 1663,1686,1664,1202,1243,1676,1650,1682
538: 
951: 
1348: 1402
536: 
592: 565
1063: 1618,1065,1609,1083,1612,1067,1069,1620,2084,2026,2119,1615,1521,1731,1623,492
1562: 1581
1569: 
986: 1443,1598
559: 554
586: 1804,1860,598,1841,1870,1730,1834
903: 994
1589: 1732
596: 
1670: 1743,1745,1722,1698
557: 1064,1088
580: 2173,434,2117,2097,2088,2161,2206,1985,2116,2083
537: 414,429
978: 
153: 1635,1617,1136,1268
980: 
1974: 1921,1963,1942,1941,1965,1986,1955
568: 2086,2098,2042,2097,2206,1985,2116,1950,2067,2083
157: 1476,1588,1519,1564,1430,1531,1450,1379,1365
965: 
1860: 1804,586,598,1841,1870,1730,1834
902: 
556: 
1503: 1404,985
1430: 1519,1564,1531,1571,1554,1479,1450,1476,157,1588
541: 563
594: 
166: 1015
1708: 1656,1746,1632,1141,1630,1655,1659,1653,1654,1657,1658,1100
507: 1863,1807,1841,1870,1730,1834,981,1970,1788
700: 1009,1253,1174,1062,1278
1528: 1592
519: 
550: 
1547: 1580,1536,1502,448
574: 
940: 
1065: 1618,1063,1609,1083,1612,1067,1069,1620,2084,2026,2119,1615,1521,1731,1066,1623,492
1837: 1783,1719,1763
923: 
1062: 1174,700,1009,1253,1278
1053: 1066,1623
901: 
501: 
1588: 1476,157,1519,1564,1430,1531,1450,1379
992: 
1290: 
534: 525,1766,1836
967: 
573: 
547: 
976: 
919: 997
1415: 1379,1394,1365,1456,1387,1419,1557,1345,1317,1346,1426,323,1431
1565: 1585,1721,1695,1702
590: 2061,2018,2030,1966,1950,2067,1999,2020
1625: 237,945,1933,1914,1633,1629
1514: 1474,1458,1397,488
962: 1787,1697
927: 1915,1934,1879,1938,1820,1858
1578: 969,1388
584: 
934: 
1531: 1519,1564,1430,1554,1479,1450,1476,157,1588
953: 
1197: 1686,1664
973: 
517: 
982: 
1357: 1509,1501,1376,1345,1317,1428
924: 
1891: 1793
1424: 577,552,1672
990: 
578: 
1341: 1477,1602,1532
1149: 1184
1388: 969,1578
1502: 1536,448,1547,1580
914: 
1419: 1557,1456,1387,1379,1394,1415,1365,1345,1317
1693: 1707,1725,1723,1703,1754,1720,1698
1607: 232
925: 446
1521: 1731,1618,1063,1065,1609,1083,1066,1623,492,1627,1619,1636,1645
1100: 1141,1656,1746,1708,1703
2107: 2150,2183,2184,1994,2238,2251,2153,2225,2154,2219,2024,2312,2250,2131,2214,2311,2289,2252,2288,2246,2300,2244,2243,2216,2241,2253,2129,2138,2247,2256,2162,2249,2259,2248,2234,2110,2159,2284,2283,2282,2163,2175,2176,2133,2062,2182,2064,2012,2186,2187,2188,2127,2185,2258,2181,2149
941: 
1659: 1630,1655,1653,1654,1657,1658,1632,1068,1656,1708,1640,1638,1627,1619,1624,1639
912: 
950: 
943: 
1443: 1598,986
232: 1607
1742: 1699
1551: 1414
1404: 1503,985
579: 
237: 1625,945,1933,1914,1633,1629
508: 
920: 
1379: 1394,1415,1365,1456,1387,1476,157,1588,1419,1557,1345,1317,1346,323,1431
599: 
1580: 1547,1536,1502
514: 
1476: 157,1588,1519,1564,1430,1531,1450,1379,1365
971: 
972: 430
1557: 1419,1456,1387,1379,1394,1415,1365,1345,1317
1583: 1603
1585: 1565,1721,1695,1702
1402: 1348
1576: 1556
1345: 1317,1419,1557,1379,1394,1415,1365,1346,1393,1426,1316,323,1431,1509,1357,1501,1376
1526: 482,1561
2281: 2132,2237,2279,2139,2196,2200,2094,2118,2089,2275,2261,2276,2194,2192,490,2277,2002,2193,2272,2045,2280,2091,2140,2201,2066,2197,2271,2195,2191,2043,2204,2236,2199,2260,2198,2145
512: 
942: 
571: 
1478: 1506
1501: 1509,1357,1376,1345,1317,1346,1393,1426,323,1431,1428
1563: 
928: 498
1499: 1540,1571,1554,1520,1495,1479,1519,1564
567: 
528: 
909: 
1467: 1373
524: 1890,1910
998: 
853: 1677,1671,1700
585: 
523: 
1525: 1459
915: 2264,2152,2157,2309,2308,2016,2310,2040,2267,2265,2218,2262,2263,2220,2266,2268
1009: 700,1253,1174,1062,1278
533: 503
959: 
913: 1527,1572,1458,1397
530: 958
496: 
1088: 1064,415,557
522: 
958: 530
553: 
1474: 1514,1458,1397
1365: 1379,1394,1415,1456,1387,1476,157,1419,1557,1345,1317,1346,1431
1530: 2148,1445,2070,2146,2274,2224,1773,2230,410,926
510: 
542: 
960: 
984: 
952: 1518,577,487
595: 
1561: 482,1526
505: 
521: 
999: 
1795: 1776,1960,1728
518: 
1680: 1648,1686,1664
502: 444
956: 
1414: 1551
933: 1740,1798,1988,1791
904: 
1015: 1688,166
1066: 1623,492,1618,1065,1609,1083,1615,1521,1731,1053,1662,1651
549: 
991: 1855,1778,1847
1268: 1136,153,1635,1617,1326
1454: 1323
311: 1005
554: 559
497: 
1536: 1502,448,1547,1580
548: 
526: 
989: 
1069: 1620,2084,1605,1574,1612,1067,2026,2119,1618,1063,1065,1609,1083,1615
1601: 1590,907
545: 930,1772,1802
576: 
945: 1633,1629,1625,237
323: 1346,1393,1426,1316,1431,1379,1394,1415,1345,1317,1461,1501,1395
981: 1970,1760,1797,1863,1807,507,1788
946: 2095,2019,2065,2011,2073,569,2052,2029,1972,2015
516: 
1637: 1668,1687
1161: 1676,1650,1682
570: 
1985: 2206,2116,2098,2074,2042,2097,2088,2161,568,2173,580,2117,2083
1592: 1528
918: 2071
1184: 1149
1714: 1694,1718,1765
1323: 1454
1686: 1197,1664,1684,1663,1680,1648,1676,1650
1243: 1676,1650,1684,1663,1682
499: 
1460: 61
1732: 1589
938: 
966: 2255,2072,2189,2223
1700: 1671,853,1677,1701,2264
937: 
1477: 1341,1602,1532
921: 
1698: 1745,1722,1720,1707,1693,1725,1723,1743,1670
1326: 1268,1682,1496,1660
540: 
997: 919
503: 533
917: 
1766: 1781,1752,534,525,1836
1537: 1685,1558
546: 
1067: 1612,1605,1574,1069,1620,2084,1618,1063,1065,1609,1083
970: 
1603: 1583
2233: 2209,1997,2208,2210,2207,2168,2166,2298,2303,1989,2105,2302,2212,2287,2211,2231,2232,2103,2167,2031,2213,1976,2228,2227,2038,2229
1668: 1687,1496,1660,1637
1719: 1763,1783,1837
1431: 1346,1393,1426,1316,323,1379,1394,1415,1365,1345,1317,1461,1501,1376,1395
931: 
565: 592
529: 
1005: 311
561: 
1624: 1640,1638,1627,1619,1644,1646,1632,1068,1630,1655,1659,1653,1654,1657,1658,1636,1645,1639
964: 
2033: 2057,2059,2004,575,2039
1317: 1345,1419,1557,1379,1394,1415,1365,1346,1393,1426,1316,323,1431,1357,1501,1376
954: 
1575: 1642,1641,1643
1590: 1601,907
2104: 2031,2213,1976,2164,2228,2227,2038,2229,2087,2050
1558: 1685,1537
1548: 1513
564: 932
511: 
1788: 1863,1807,507,981,1970
969: 1578,1388
527: 
1136: 1172,1662,1651,153,1635,1617,1268
1554: 1540,1499,1571,1520,1495,1479,1519,1564,1430,1531
987: 475,480
935: 
1397: 1458,1527,913,1474,1514
1083: 1618,1063,1065,1609,1612,1067,1069,1620,2084,2026,2119,1615,1521,1066,1623,492
974: 
907: 1601,1590
1598: 1443,986
930: 545
577: 1424,552,1672,952
983: 515
525: 534,1766,996,1836
1984: 2068,1855
1564: 1519,1430,1531,1499,1571,1554,1479,1450,1476,157,1588
910: 
936: 
400: 
401: 
402: 
403: 484
404: 
405: 
406: 
407: 
408: 
409: 1978,1818
410: 2224,1487,822,2148,1530,1445
411: 
412: 
413: 
414: 537,429
415: 1064,1088
416: 
417: 
418: 
419: 
420: 
421: 
422: 
423: 
424: 
425: 
426: 
427: 
428: 
429: 414,537
430: 972
431: 446
432: 
433: 
434: 2173,580,2117,2088,2206
435: 
436: 
437: 
438: 566
439: 
440: 
441: 
442: 1772,1802,1846,1729
443: 472
444: 502
445: 
446: 431,925
447: 
448: 1536,1502,1547
449: 
450: 
451: 1689,1817
452: 
453: 
454: 
455: 900
456: 
457: 
458: 
459: 
460: 1602,1532
461: 1631,1634
462: 
463: 
464: 
465: 
466: 
467: 
468: 
469: 
470: 
471: 
472: 443
473: 
474: 
475: 1349,987
476: 
477: 
478: 531,1928
479: 
480: 987
481: 
482: 1526,1561
483: 
484: 403
485: 
486: 
487: 952,1520,1495
488: 1514
489: 
490: 2194,2192,2277,2002,2193,2242,2245,2044,2240,2200,2094,2118,2089,2275,2261,2276,2272,2280,2091,2140,2201,2281,2132,2237,2279,2139,2196,2066,2197,2271,2195,2191
491: 
492: 1066,1623,1618,1063,1065,1609,1083,1615,1521,1731
493: 
494: 
1609: 1618,1063,1065,1083,1612,1067,1069,1620,2084,2026,2119,1615,1521,1066,1623,492
1699: 1742
1676: 1202,1243,1161,1650,1686,1664,1684,1663,1682
1612: 1067,1605,1574,1069,1620,2084,1618,1063,1065,1609,1083
1721: 1695,1565,1585
1672: 552,1424,577
1615: 1069,1620,2084,2026,2119,1618,1063,1065,1609,1083,1066,1623,492
1729: 1846,1797,1772,1802,442
1617: 153,1635,1172,1136,1268
1618: 1063,1065,1609,1083,1612,1067,1069,1620,2084,2026,2119,1615,1521,1731,1066,1623,492
1620: 1069,2084,1605,1574,1612,1067,2026,2119,1618,1063,1065,1609,1083,1615
1627: 1640,1638,1619,1644,1624,1646,1632,1068,1521,1731,1655,1659,1653,1657,1636,1645,1639
1636: 1645,1521,1731,1640,1638,1627,1619,1644,1624,1646,1639
1629: 1633,945,1625,237
1630: 1655,1659,1653,1654,1657,1658,1632,1068,1656,1746,1708,1640,1638,1624,1639
1631: 1634,461
1632: 1068,1656,1708,1630,1655,1659,1653,1654,1657,1658,1640,1638,1627,1619,1624
1633: 1629,945,1625,237
1634: 1631,461
1638: 1640,1627,1619,1644,1624,1646,1632,1068,1630,1655,1659,1653,1654,1657,1658,1636,1645,1639
1639: 1630,1655,1659,1653,1654,1657,1658,1640,1638,1627,1619,1644,1624,1646,1636,1645
1640: 1638,1627,1619,1644,1624,1646,1632,1068,1630,1655,1659,1653,1654,1657,1658,1636,1645,1639
1641: 1643,1575,1642
1642: 1575,1641,1643
1643: 1641,1575,1642
1644: 1640,1638,1627,1619,1624,1646,1731,1655,1636,1645,1639
1645: 1636,1521,1731,1640,1638,1627,1619,1644,1624,1646,1639
1685: 1692,1537,1558
1648: 1680,1686,1664
1696: 1679
1650: 1202,1243,1161,1676,1686,1664,1684,1663,1682
1651: 1662,1066,1136
1677: 853,1671,1700
1653: 1630,1655,1659,1654,1657,1658,1632,1068,1656,1746,1708,1640,1638,1627,1619,1624,1639
1654: 1630,1655,1659,1653,1657,1658,1632,1068,1656,1746,1708,1640,1638,1624,1639
1655: 1630,1659,1653,1654,1657,1658,1632,1068,1656,1746,1708,1640,1638,1627,1619,1644,1624,1646,1639
1656: 1746,1708,1632,1068,1141,1630,1655,1659,1653,1654,1657,1658,1100
1657: 1630,1655,1659,1653,1654,1658,1632,1068,1656,1746,1708,1640,1638,1627,1619,1624,1639
1658: 1630,1655,1659,1653,1654,1657,1632,1068,1656,1746,1708,1640,1638,1624,1639
1660: 1496,1326,1668,1687
1720: 1703,1707,1693,1725,1723,1698
1662: 1651,1066,1136
1663: 1684,1686,1664,1202,1243,1676,1650,1682
1664: 1197,1686,1684,1663,1680,1648,1676,1650
1665: 1702
1679: 1696
1682: 1684,1663,1326,1202,1243,1161,1676,1650
1689: 1817,451,1790,2257
1688: 1015
1797: 1760,981,1970,1846,1729
1692: 1685
1694: 1714,1718,1765
1695: 1721,1565,1585
1697: 1787,962
1702: 1665,1565,1585
1703: 1100,1720,1707,1693,1725,1723
1982: 2099,2077,2147,2167,2202,2142,2135,2120,2143,2270,2278,2122,2169,2112,2205,2177,2130,2228,2227,2038,2114,2144,2137,2160,2093,2121,2054,2134,2113
1767: 1779,1769,1771,1781,1752,1736,1751
1842: 1871,1838,1835,1810,1717,1796
1707: 1693,1725,1723,1703,1754,1720,1698
1731: 1521,1618,1063,1065,1066,1623,492,1627,1619,1644,1636,1645
1730: 1841,1870,1834,1804,1860,586,507
1926: 1951,1899,1893,1946
1713: 949,1718,1765
1717: 1796,1842,1769,1771,1810,1736,1751,1776
1722: 1745,1698,1723,1743,1670
1723: 1707,1693,1725,1703,1720,1745,1722,1698
1725: 1707,1693,1723,1703,1754,1720,1698
1841: 1870,1730,1834,1804,1860,586,1807,507
1728: 1792,1795
1807: 1863,507,1841,1870,981,1970,1788
1772: 1802,442,545,1846,1729
1736: 1751,1769,1771,1779,1767,1717,1796
1737: 1953,1888,1825
1830: 1907,1882,1884,1874,1839,1871,1838,1835
1765: 1718,1713,1694,1714
1740: 1798,993,933,1988,1791
1743: 1670,1745,1722,1698
1778: 1847,991
1745: 1722,1698,1723,1743,1670
1746: 1656,1708,1141,1630,1655,1653,1654,1657,1658,1100
1796: 1717,1842,1769,1771,1810,1736,1751
1858: 1915,1934,927,1820
2312: 2219,2024,2250,2131,2214,2311,2289,2252,2288,2267,2265,2218,2262,2220,2266,2217,2299,2215,2238,2251,2225,2154,2246,2300,2244,2243,2216,2241,2253,2129,2138,2247,2162,2249,2259,2248,2107,2150,2183,2184,1994,2234,2110,2159,2284,2283,2282
1750: 1875
1751: 1736,1769,1771,1779,1767,1717,1796,1776
1752: 1781,1779,1767,1766,1836
2132: 2281,2237,2279,2139,2196,2200,2094,2118,2089,2275,2261,2276,2194,2192,490,2277,2002,2193,2272,2045,2280,2091,2140,2201,2066,2197,2271,2195,2191,2090,2043,2204,2075,2141,2236,2151,2199,2254,2260,2198,2145
1754: 1707,1693,1725
2321: 1961,2155,2226,2235,2316,2318,2306,2179,2301,2055,2320,2222,2158,2221,2156,2319,2307,2313,2180,2317,2178,2304,2305,2190,2315,2314,2238,2153,2225,2154,2202,2142,2270,2278,2112,2205,2177,2248
1756: 1819,1776,1960,598
1835: 1871,1838,1839,1907,1830,1882,1884,1853,1606,1842
1760: 1797,981,1846
1917: 1843,1906,1904,1920,1940,1848,1887,1912,1922,1919,1890,1910,1905,1880
1763: 1719,1783,1837
1825: 1953,1888,1737
1768: 1832
1769: 1771,1810,1606,1844,1779,1767,1717,1796,1736,1751
1770: 1872,1874,1839
1771: 1769,1810,1779,1767,1717,1796,1736,1751
1773: 2230,2070,2224,2148,1530,1445,926
1775: 1898
1776: 1960,1717,1751,1756,1819,1795
1779: 1767,1769,1771,1781,1752,1736,1751
2163: 2175,2176,2133,2062,2122,2169,2112,2205,2177,2130,2129,2138,2247,2256,2162,2249,2259,2248,2107,2150,2183,2184,1994,2114,2144,2137,2160,2093,2182,2064,2012,2186,2187,2188,2185,2080,2054,2134,2113,2037,2092,2108,2049,2102
1783: 1837,1719,1763
1785: 1928
2046: 2297,2295,2296,2291,2266,2217,2268,2293,2292,2299,2294,2215,2246,2300,2244,2243,2216,2241,2253,2242,2245,2044,2240
1787: 1697,962
1789: 1600
1790: 2257,1689,1817,2069,2174,2285,2286
1791: 1988,1740,1798,933
1792: 1728
1793: 1891
1798: 1740,993,933,1988,1791
2076: 2115,2170,2182,2064,2012,2186,2187,2188,2127,2258,2181,2149,2272,2045,2091,2102,2090,2043,2204,2075,2032,2047,2086
1802: 1772,442,545,1846,1729
1803: 1876,1877,1900,1844
1804: 1860,586,598,1841,1870,1730,1834
1890: 1922,1919,1910,1920,1848,1948,1864,575,1843,1917,1906,524
2080: 2054,2134,2113,2099,2077,2147,2114,2144,2137,2160,2093,2163,2133,2121,2037,2092,2108,2049,2063,2095,2019,2065,2011
1867: 1913,1904,1887,1912
1810: 1769,1771,1853,1606,1842,1717,1796
1811: 
1844: 1900,1851,1876,1803,1877,1769
1973: 2006,2068,2058,2053
1817: 1689,451,1790,2257
1818: 1978,409
1819: 1756,1776,1960
1820: 1915,1934,927,1858
1938: 1879,1933,1914,1907,1915,1934,927
1919: 1922,1890,1910,1920,1940,1823,1848,1948,1864,575,1843,1917,1906
2143: 2202,2142,2135,2120,2270,2278,2166,1989,2105,2302,2307,2313,2180,2317,2178,2304,2305,2190,2315,1961,2235,2316,2318,2231,2232,2103,2167,2122,2169,2112,2205,2177,2130,2228,2227,2038,2229,2099,2077,2147,1982,2114,2144,2137,2160,2093
2255: 2072,2189,2223,2290,2087,2050,2096,2273,966
1988: 1791,1740,1798,993,933
2042: 2098,2074,2141,2198,2145,2086,2097,568,2206,1985,2116
1832: 1768
1880: 1905,1887,1912,1843,1917,1906,1839,1900,1851
1834: 1841,1870,1730,1804,1860,586,507
1836: 1781,1752,1766,534,525
1838: 1871,1835,1839,1907,1830,1882,1884,1606,1842
1839: 1770,1872,1905,1880,1830,1882,1884,1871,1838,1835,1853,1606
1851: 1900,1905,1880,1876,1877,1853,1606,1844
1843: 1917,1906,1920,1848,1887,1912,1919,1890,1910,1905,1880
1936: 1967,2165,583,2290,2035,2273,2203
1846: 1729,1760,1797,1772,1802,442,1970
1847: 1778,991
1848: 1920,1940,1823,1986,1955,1904,1948,1864,1887,1912,1843,1917,1906,1922,1919,1890,1910
2234: 2110,2159,2284,2283,2282,2219,2024,2312,2250,2131,2252,2288,2246,2300,2244,2243,2216,2241,2253,2242,2245,2044,2240,2107,2150,2183,2184,1994,2200,2094,2118,2089,2275,2261,2276,2182,2064,2012,2186,2187,2188,2127,2185,2258,2181,2149,2272,2045,2280,2091,2140,2201
1853: 1606,1839,1900,1851,1871,1835,1810
1855: 1984,991
2133: 2163,2175,2176,2062,2122,2169,2177,2130,2138,2256,2162,2259,2107,2183,2184,1994,2114,2144,2137,2160,2093,2182,2064,2012,2186,2187,2188,2127,2185,2080,2054,2134,2113,2037,2092,2108,2049,2063,2102
1920: 1940,1823,1848,1986,1955,1904,1948,1864,1887,1912,1843,1917,1906,1922,1919,1890,1910
1863: 1807,507,1870,981,1970,1788
1864: 1948,1986,1955,1920,1940,1823,1848,575,1906,1922,1919,1890,1910
1899: 1951,1926,1893,1946
1987: 2003,2052,2029,2036,1995,2030,1972,2015
2127: 2182,2064,2012,2186,2187,2188,2185,2107,2183,2184,1994,2234,2159,2175,2176,2133,2258,2181,2149,2108,2049,2063,2102,2115,2076,2170
1870: 1841,1730,1834,1804,1860,586,1863,1807,507
1871: 1838,1835,1839,1907,1830,1882,1884,1853,1606,1842
1872: 1770,1893,1874,1839
2002: 2194,2192,490,2277,2193,2200,2094,2118,2089,2275,2276,2280,2091,2140,2201,2281,2132,2237,2279,2139,2196,2066,2197,2271,2195,2191
1875: 1750
1876: 1803,1877,1900,1851,1844
1877: 1876,1803,1900,1851,1844
1879: 1938,1933,1914,1907,1884,1915,1934,927
1882: 1907,1830,1884,1874,1839,1871,1838,1835
1883: 1979,1991,1886
1884: 1907,1830,1882,1874,1839,1871,1838,1835,1879
1886: 1991,1979,1883,1941,1965
1887: 1912,1867,1913,1904,1920,1940,1823,1848,1843,1917,1906,1905,1880
1888: 1953,1825,1737
1951: 1926,1899,1946,1933,1914
1893: 1872,1926,1899,1874
1894: 
1895: 560,2014
1948: 1864,1986,1955,1920,1940,1823,1848,575,1906,1922,1919,1890,1910
1970: 981,1797,1863,1807,507,1846,1788
1898: 1775
1900: 1851,1880,1876,1803,1877,1853,1606,1844
2222: 2158,2221,2156,2319,2152,2157,2306,2179,2301,2055,2320,2309,2308,2016,2310,2307,2313,2180,2317,2178,2305,2315,2314,1961,2155,2226,2235,2321,2316,2318,2238,2153,2225,2154
2311: 2219,2024,2312,2250,2131,2214,2289,2252,2288,2309,2308,2016,2310,2040,2267,2265,2218,2262,2263,2220,2266,2217,2268,2293,2292,2299,2294,2215,2238,2251,2225,2154,2246,2300,2244,2243,2216,2241,2253,2249,2107,2150,2110,2283,2282
1904: 1867,1913,1920,1940,1823,1848,1887,1912,1917,1906
1905: 1880,1887,1912,1843,1917,1906,1839,1851
1906: 1843,1917,1904,1920,1940,1823,1848,1948,1864,1887,1912,1922,1919,1890,1910,1905,1880
1907: 1830,1882,1884,1874,1871,1838,1835,1879,1938
2032: 2037,2092,2108,2049,2063,2102,2115,2076,2065,2011,2047,2052,2029,2036,1995
1910: 1922,1919,1890,1920,1848,1948,1864,575,1843,1917,1906,524
2064: 2182,2012,2186,2187,2188,2127,2185,2129,2138,2247,2256,2162,2249,2259,2107,2150,2183,2184,1994,2234,2159,2283,2163,2175,2176,2133,2062,2258,2181,2149,2037,2092,2108,2049,2063,2102,2076,2170
1912: 1887,1867,1913,1904,1920,1940,1823,1848,1843,1917,1906,1905,1880
1913: 1867,1904,1887,1912
1914: 1933,1951,1625,237,1879,1938
1915: 1934,927,1879,1938,1820,1858
2086: 2115,2076,2090,2043,2204,2075,2141,2236,2047,2098,2074,2042,1966,568
1921: 1974,1963,1942,1941,1965,1986,1955
1922: 1919,1890,1910,1920,1823,1848,1948,1864,575,1917,1906
2034: 2101,916,1931,2058,2053
1989: 2168,2166,2298,2303,2105,2302,2306,2179,2301,2055,2320,2307,2313,2180,2317,2178,2304,2305,2190,2315,2314,2233,2231,2232,2103,2167,2202,2142,2120,2143,2270,2278
1950: 2067,2030,1966,568,2061,590,2018,1999,2020
2061: 590,2018,2030,1966,1950,2067,1999,2020
1928: 1785,478
1972: 2015,946,2052,2029,2036,1995,2003,1987
2058: 2053,1931,2101,2034,2006,2068,1973
1931: 2101,2034,2058
2031: 2213,1976,2212,2287,2211,2209,1997,2208,2210,2207,2233,2164,2165,583,2290,2087,2050,2096,2104
1933: 1914,1951,1625,237,1879,1938
1934: 1915,927,1879,1938,1820,1858
2090: 2043,2204,2075,2258,2181,2149,2272,2045,2280,2091,2140,2201,2132,2237,2139,2115,2076,2170,2141,2236,2047,2086,2074
1940: 1920,1823,1848,1986,1955,1904,1948,1864,1887,1912,1917,1906,1919
1941: 1965,1991,1886,1963,1921,1974
1942: 1963,1965,1921,1974
1995: 2036,2032,2047,2052,2029,2030,1966,1972,2015,2003,1987
2125: 2239,2066,2197,2271,2151,2199,2254,2260,2198,2145,2097,2088,2161
1946: 1951,1926,1899
1947: 2171,916,506
1953: 1888,1825,1737
2113: 2080,2054,2134,2099,1982,2114,2144,2137,2160,2093,2163,2175,2176,2133,2062,2121,2037,2092,2108,2049,2063,2095,2019,2065,2011
1955: 1986,1921,1974,1920,1940,1823,1848,1948,1864,575
2012: 2182,2064,2186,2187,2188,2127,2185,2138,2256,2162,2259,2107,2150,2183,2184,1994,2234,2159,2163,2175,2176,2133,2062,2258,2181,2149,2037,2092,2108,2049,2063,2102,2115,2076,2170
2147: 2099,2077,1982,2232,2103,2167,2202,2142,2135,2120,2143,2270,2278,2122,2169,2112,2228,2227,2038,2229,2114,2144,2137,2160,2093,2121,2080,2054
1960: 1776,1756,1819,1795
1961: 2155,2226,2235,2321,2316,2318,2306,2179,2301,2055,2320,2222,2158,2221,2156,2319,2307,2313,2180,2317,2178,2304,2305,2190,2315,2314,2238,2251,2153,2225,2154,2202,2142,2135,2120,2143,2270,2278,2122,2169,2112,2205,2177,2130,2129,2247,2256,2162,2249,2259,2248
1997: 2209,2208,2210,2207,2233,2168,2166,2298,2105,2212,2287,2211,2231,2232,2103,2167,2031,2213,1976,2164,2228,2227,2038,2229
1963: 1942,1941,1965,1921,1974
1986: 1955,1921,1974,1920,1940,1823,1848,1948,1864,575
1965: 1941,1991,1886,1963,1942,1921,1974
1966: 2030,2086,2036,1995,2061,590,2018,1950,2067
1967: 1936,2165,583,2290,2035,2273,2203
1976: 2031,2213,2212,2287,2211,2209,1997,2208,2210,2207,2233,2164,2165,583,2290,2087,2050,2096,2104
1977: 2039,2057,2004
1978: 1818,409
1979: 1883,1991,1886
1991: 1886,1979,1883,1941,1965
1992: 2073,569
2020: 2061,590,2018,1950,2067,1999
1994: 2107,2150,2183,2184,2251,2219,2312,2250,2131,2252,2288,2246,2216,2253,2129,2138,2247,2256,2162,2249,2259,2248,2234,2110,2159,2284,2283,2282,2163,2175,2176,2133,2062,2182,2064,2012,2186,2187,2188,2127,2185,2258,2181,2149
1998: 2027,1999
1999: 2061,590,2018,1950,2067,2020,1998,2027
2055: 2306,2179,2301,2320,2222,2158,2221,2156,2319,2166,2303,1989,2105,2302,2307,2313,2180,2317,2178,2304,2305,2190,2315,2314,1961,2155,2226,2235,2321,2316,2318
2030: 1966,2047,2036,1995,2003,1987,2061,590,2018,1950,2067
2003: 1987,2052,2029,2036,1995,2030,1972,2015
2004: 2057,2059,2033,575,2039,1977
2108: 2037,2092,2049,2063,2114,2137,2160,2093,2163,2175,2176,2133,2062,2182,2064,2012,2186,2187,2188,2127,2185,2080,2054,2134,2113,2102,2065,2011,2032
2006: 2068,1973,2058,2053
2007: 2026,2119,1869
2162: 2129,2138,2247,2256,2249,2259,2248,1961,2155,2226,2235,2318,2238,2251,2153,2225,2154,2219,2312,2250,2131,2214,2289,2252,2288,2122,2169,2112,2205,2177,2130,2107,2150,2183,2184,1994,2144,2160,2093,2163,2175,2176,2133,2062,2182,2064,2012,2186,2187,2188,2185
2105: 2168,2166,2298,2303,1989,2302,2306,2179,2301,2055,2320,2307,2313,2180,2317,2178,2304,2305,2190,2315,2314,2209,1997,2208,2210,2207,2233,2231,2232,2103,2167,2202,2142,2135,2120,2143,2270,2278
2026: 2119,1069,1620,2084,1618,1063,1065,1609,1083,1615,2007
2011: 2065,2080,2054,2134,2113,2037,2092,2108,2049,2063,2102,2019,2032,946,2052,2029
2083: 568,2206,1985,2116,580,2117
2014: 560,1895
2015: 1972,946,2052,2029,2036,1995,2003,1987
2016: 2309,2308,2310,2152,2157,2264,915,2222,2158,2221,2156,2040,2267,2265,2218,2262,2263,2220,2155,2226,2238,2251,2153,2225,2154,2219,2024,2250,2131,2214,2311,2289,2252,2288
2018: 2061,590,2030,1966,1950,2067,1999,2020
2019: 2121,2080,2054,2134,2113,2037,2092,2095,2065,2011,569,946
2021: 1939
2057: 2059,2033,2004,575,2039,1977
2084: 1069,1620,1605,1574,1612,1067,2026,2119,1618,1063,1065,1609,1083,1615
2024: 2219,2312,2250,2131,2214,2311,2289,2252,2288,2309,2308,2016,2040,2267,2265,2218,2262,2263,2220,2266,2217,2268,2293,2292,2299,2294,2215,2238,2251,2225,2154,2246,2300,2244,2243,2216,2241,2253,2247,2249,2107,2150,2184,2234,2110,2159,2284,2283,2282
2027: 1998,1999
2146: 2070,2274,911,2224,2148,1530,1445
2029: 2052,2065,2011,2032,946,2036,1995,1972,2015,2003,1987
2035: 2273,2203,1936,1967,2165,583,2290,2087,2050,2096,2072,2223
2036: 1995,2032,2052,2029,2030,1966,1972,2015,2003,1987
2037: 2092,2108,2049,2063,2114,2144,2137,2160,2093,2163,2175,2176,2133,2062,2064,2012,2080,2054,2134,2113,2102,2019,2065,2011,2032
2038: 2228,2227,2229,1997,2208,2210,2207,2233,2231,2232,2103,2167,2202,2142,2135,2120,2143,2270,2164,2099,2077,2147,1982,2104,2121
2039: 1977,2057,2033,2004
2040: 2267,2265,2218,2262,2263,2220,2152,2157,2264,915,2309,2308,2016,2310,2266,2217,2268,2293,2292,2299,2294,2215,2238,2154,2219,2024,2214,2311,2289,2288,2300,2243,2216,2241
2289: 2219,2024,2312,2250,2131,2214,2311,2252,2288,2309,2308,2016,2310,2040,2267,2265,2218,2262,2263,2220,2266,2217,2268,2299,2215,2238,2251,2153,2225,2154,2246,2300,2243,2216,2253,2129,2247,2256,2162,2249,2259,2248,2107,2150,2184,2283
2043: 2090,2204,2075,2272,2045,2280,2091,2140,2201,2281,2132,2237,2279,2139,2196,2115,2076,2141,2236,2086,2074
2044: 2242,2245,2240,2266,2217,2268,2293,2292,2299,2294,2215,2297,2295,2296,2291,2046,2246,2300,2244,2243,2216,2241,2253,2234,2110,2159,2284,2283,2282,2200,2094,2118,2089,2275,2261,2276,490
2045: 2272,2280,2091,2140,2201,2234,2200,2094,2118,2089,2275,2261,2276,2277,2258,2181,2149,2281,2132,2237,2279,2139,2115,2076,2170,2090,2043,2204,2075,2141,2236
2047: 2102,2115,2076,2170,2090,2075,2032,2086,1995,2030
2118: 2200,2094,2089,2275,2261,2276,2246,2300,2244,2243,2216,2241,2253,2242,2245,2044,2240,2234,2110,2159,2284,2283,2282,2194,2192,490,2277,2002,2193,2258,2181,2149,2272,2045,2280,2091,2140,2201,2281,2132,2237,2279,2139,2196
2049: 2037,2092,2108,2063,2114,2144,2137,2160,2093,2163,2175,2176,2133,2062,2182,2064,2012,2186,2187,2188,2127,2185,2080,2054,2134,2113,2102,2065,2011,2032
2050: 2087,2096,2031,2213,1976,2164,2165,583,2290,2104,2035,2273,2203,2255,2072,2189,2223
2232: 2231,2103,2167,2168,2166,2298,2303,1989,2105,2302,2304,2190,2209,1997,2208,2210,2207,2233,2202,2142,2120,2143,2270,2164,2228,2227,2038,2229,2077,2147
2052: 2029,2065,2011,2032,946,2036,1995,1972,2015,2003,1987
2053: 2058,2101,2034,2006,2068,1973
2054: 2080,2134,2113,2099,2077,2147,1982,2114,2144,2137,2160,2093,2163,2133,2121,2037,2092,2108,2049,2063,2095,2019,2065,2011
2059: 2057,2033,2004,575
2190: 2307,2313,2180,2317,2178,2304,2305,2315,2314,2306,2179,2301,2055,2320,2319,2168,2166,2298,2303,1989,2105,2302,1961,2155,2226,2235,2321,2316,2318,2231,2232,2103,2167,2202,2142,2135,2120,2143,2270,2278,2122,2169,2112,2205,2177
2062: 2163,2175,2176,2133,2122,2169,2112,2205,2177,2130,2129,2138,2247,2256,2162,2249,2259,2248,2107,2150,2183,2184,1994,2114,2144,2137,2160,2093,2182,2064,2012,2186,2187,2188,2185,2134,2113,2037,2092,2108,2049
2063: 2037,2092,2108,2049,2176,2133,2064,2012,2188,2127,2080,2054,2134,2113,2102,2065,2011,2032
2065: 2011,2080,2054,2134,2113,2037,2092,2108,2049,2063,2102,2019,2032,946,2052,2029
2066: 2197,2271,2195,2191,2194,2192,490,2002,2193,2281,2132,2237,2279,2196,2151,2199,2254,2260,2198,2145,2125,2239
2067: 1950,2030,1966,568,2061,590,2018,1999,2020
2068: 2006,1973,2058,2053,1984
2069: 2070,1790,2257,2174,2285,2286
2070: 2146,2274,911,2224,2069,1773,2230,2148,1530,1445
2071: 2286,926,918
2072: 2255,2189,2223,2165,583,2290,2087,2050,2096,2035,2273,2203,966
2073: 569,1992,946
2074: 2098,2042,2090,2043,2204,2075,2141,2236,2199,2254,2260,2198,2145,2086,2097,1985,2116
2075: 2090,2043,2204,2258,2181,2149,2272,2045,2280,2091,2140,2201,2132,2237,2115,2076,2170,2141,2236,2047,2086,2074
2077: 2099,2147,1982,2232,2142,2135,2120,2143,2228,2227,2038,2229,2114,2144,2137,2121,2080,2054
2144: 2114,2137,2160,2093,2202,2142,2135,2120,2143,2270,2278,2122,2169,2112,2205,2177,2130,2138,2256,2162,2248,2099,2077,2147,1982,2163,2175,2176,2133,2062,2121,2080,2054,2134,2113,2037,2092,2049
2103: 2231,2232,2167,2168,2166,2298,2303,1989,2105,2302,2304,2305,2190,2209,1997,2208,2210,2207,2233,2202,2142,2120,2143,2270,2164,2228,2227,2038,2229,2147
2087: 2050,2096,2031,2213,1976,2164,2165,583,2290,2104,2035,2273,2203,2255,2072,2189,2223
2088: 2161,2125,2239,2097,2206,1985,2116,2173,580,434,2117
2089: 2200,2094,2118,2275,2261,2276,2246,2244,2242,2245,2044,2240,2234,2110,2159,2284,2282,2194,2192,490,2277,2002,2193,2258,2181,2272,2045,2280,2091,2140,2201,2281,2132,2237,2279,2139,2196
2091: 2272,2045,2280,2140,2201,2234,2110,2159,2284,2282,2200,2094,2118,2089,2275,2261,2276,2194,2192,490,2277,2002,2193,2258,2181,2149,2281,2132,2237,2279,2139,2196,2076,2090,2043,2204,2075,2236
2092: 2037,2108,2049,2063,2114,2144,2137,2160,2093,2163,2175,2176,2133,2062,2064,2012,2185,2080,2054,2134,2113,2102,2019,2065,2011,2032
2093: 2114,2144,2137,2160,2142,2135,2143,2122,2169,2112,2205,2177,2130,2129,2138,2247,2256,2162,2259,2248,2099,2147,1982,2163,2175,2176,2133,2062,2121,2080,2054,2134,2113,2037,2092,2108,2049
2094: 2200,2118,2089,2275,2261,2276,2246,2300,2244,2243,2216,2241,2253,2242,2245,2044,2240,2234,2110,2159,2284,2283,2282,2194,2192,490,2277,2002,2193,2258,2181,2149,2272,2045,2280,2091,2140,2201,2281,2132,2237,2279,2139,2196
2095: 2121,2080,2054,2134,2113,2019,569,946
2096: 2087,2050,2031,1976,2165,583,2290,2035,2273,2203,2255,2072,2189,2223
2097: 2141,2151,2199,2254,2260,2198,2145,2125,2239,2098,2074,2042,2088,2161,568,2206,1985,2116,2173,580,2117
2098: 2074,2042,2141,2198,2145,2086,2097,568,2206,1985,2116
2099: 2077,2147,1982,2142,2135,2143,2122,2169,2228,2227,2038,2229,2114,2144,2137,2160,2093,2121,2080,2054,2134,2113
2101: 2034,916,1931,2058,2053
2102: 2163,2175,2176,2133,2182,2064,2012,2186,2187,2188,2127,2185,2149,2037,2092,2108,2049,2063,2115,2076,2170,2065,2011,2032,2047
2202: 2142,2135,2120,2143,2270,2278,2166,2298,2303,1989,2105,2302,2307,2313,2180,2317,2178,2304,2305,2190,2315,2314,1961,2155,2226,2235,2321,2316,2318,2231,2232,2103,2167,2122,2169,2112,2205,2177,2130,2228,2038,2147,1982,2144,2160
2110: 2234,2159,2284,2283,2282,2219,2024,2312,2250,2131,2214,2311,2252,2288,2246,2300,2244,2243,2216,2241,2253,2242,2245,2044,2240,2107,2150,2183,2184,1994,2200,2094,2118,2089,2261,2276,2182,2186,2187,2185,2258,2181,2149,2272,2091
2201: 2272,2045,2280,2091,2140,2234,2200,2094,2118,2089,2275,2261,2276,2194,2192,490,2277,2002,2193,2258,2181,2281,2132,2237,2279,2139,2196,2090,2043,2204,2075,2141,2236
2112: 2122,2169,2205,2177,2130,2307,2313,2180,2317,2178,2304,2305,2190,2315,2314,1961,2155,2226,2235,2321,2316,2318,2153,2225,2202,2142,2135,2120,2143,2270,2278,2129,2247,2256,2162,2248,2147,1982,2114,2144,2137,2160,2093,2163,2062
2114: 2144,2137,2160,2093,2142,2135,2143,2122,2169,2112,2177,2130,2099,2077,2147,1982,2163,2133,2062,2121,2080,2054,2134,2113,2037,2092,2108,2049
2115: 2076,2170,2182,2012,2186,2187,2188,2127,2258,2181,2149,2272,2045,2140,2102,2090,2043,2204,2075,2032,2047,2086
2116: 2206,1985,2098,2074,2042,2097,2088,2161,568,2173,580,2117,2083
2117: 2173,580,434,2097,2088,2161,2206,1985,2116,2083
2119: 2026,1069,1620,2084,1618,1063,1065,1609,1083,1615,2007
2120: 2202,2142,2135,2143,2270,2278,2168,2166,2298,2303,1989,2105,2302,2307,2313,2180,2317,2178,2304,2305,2190,2315,2314,1961,2235,2316,2318,2231,2232,2103,2167,2122,2169,2112,2205,2228,2227,2038,2229,2077,2147,1982,2144
2121: 2228,2227,2038,2229,2099,2077,2147,1982,2114,2144,2137,2160,2093,2080,2054,2134,2113,2095,2019
2122: 2169,2112,2205,2177,2130,2313,2180,2317,2178,2190,2315,1961,2155,2226,2235,2316,2318,2225,2202,2142,2135,2120,2143,2270,2278,2129,2138,2247,2256,2162,2249,2259,2248,2099,2147,1982,2114,2144,2137,2160,2093,2163,2175,2176,2133,2062
2123: 2174,2285,2286
2238: 2251,2153,2225,2154,2222,2158,2221,2156,2319,2309,2308,2016,2310,2040,2267,2265,2218,2262,2263,2220,1961,2155,2226,2235,2321,2318,2219,2024,2312,2250,2131,2214,2311,2289,2252,2288,2177,2129,2247,2256,2162,2249,2259,2248,2107,2150
2129: 2138,2247,2256,2162,2249,2259,2248,1961,2155,2226,2235,2316,2318,2238,2251,2153,2225,2154,2219,2312,2250,2131,2214,2289,2252,2288,2122,2169,2112,2205,2177,2130,2107,2150,2183,2184,1994,2160,2093,2163,2175,2062,2064,2185
2130: 2122,2169,2112,2205,2177,1961,2155,2226,2235,2316,2318,2251,2225,2202,2142,2135,2143,2278,2129,2138,2247,2256,2162,2249,2259,2248,1982,2114,2144,2137,2160,2093,2163,2175,2176,2133,2062
2131: 2219,2024,2312,2250,2214,2311,2289,2252,2288,2309,2308,2016,2310,2267,2265,2218,2262,2263,2220,2299,2215,2238,2251,2153,2225,2154,2246,2300,2244,2216,2253,2129,2138,2247,2256,2162,2249,2259,2248,2107,2150,2183,2184,1994,2234,2110,2159,2283
2134: 2080,2054,2113,2099,1982,2114,2144,2137,2160,2093,2163,2175,2176,2133,2062,2121,2037,2092,2108,2049,2063,2095,2019,2065,2011
2135: 2202,2142,2120,2143,2270,2278,2166,2105,2180,2317,2304,2190,1961,2235,2316,2318,2167,2122,2169,2112,2205,2177,2130,2228,2227,2038,2099,2077,2147,1982,2114,2144,2137,2160,2093
2258: 2181,2149,2107,2150,2183,2184,1994,2234,2110,2159,2284,2283,2282,2200,2094,2118,2089,2275,2261,2276,2182,2064,2012,2186,2187,2188,2127,2185,2272,2045,2280,2091,2140,2201,2115,2076,2170,2090,2204,2075
2137: 2114,2144,2160,2093,2142,2135,2143,2122,2169,2112,2177,2130,2256,2099,2077,2147,1982,2163,2175,2176,2133,2062,2121,2080,2054,2134,2113,2037,2092,2108,2049
2138: 2129,2247,2256,2162,2249,2259,2248,2155,2235,2251,2225,2154,2312,2250,2131,2252,2122,2169,2205,2177,2130,2107,2150,2183,2184,1994,2144,2160,2093,2163,2175,2176,2133,2062,2182,2064,2012,2186,2187,2188,2185
2139: 2281,2132,2237,2279,2196,2200,2094,2118,2089,2275,2261,2276,2194,2192,490,2277,2002,2193,2272,2045,2280,2091,2140,2201,2197,2195,2191,2090,2043,2204,2236,2199,2260,2198
2140: 2272,2045,2280,2091,2201,2234,2200,2094,2118,2089,2275,2261,2276,2194,2192,490,2277,2002,2193,2258,2181,2281,2132,2237,2279,2139,2196,2115,2090,2043,2204,2075,2141,2236
2141: 2236,2045,2140,2201,2132,2237,2196,2197,2090,2043,2204,2075,2151,2199,2254,2260,2198,2145,2086,2098,2074,2042,2097
2142: 2202,2135,2120,2143,2270,2278,2166,2303,1989,2105,2302,2307,2313,2180,2317,2178,2304,2305,2190,2315,2314,1961,2155,2226,2235,2321,2316,2318,2232,2103,2167,2122,2169,2112,2205,2177,2130,2228,2227,2038,2099,2077,2147,1982,2114,2144,2137,2160,2093
2148: 1530,1445,2070,2146,2274,2224,1773,2230,410
2149: 2258,2181,2107,2150,2183,2184,1994,2234,2110,2159,2284,2283,2200,2094,2118,2261,2182,2064,2012,2186,2187,2188,2127,2185,2272,2045,2091,2102,2115,2076,2170,2090,2204,2075
2150: 2107,2183,2184,1994,2238,2251,2225,2154,2219,2024,2312,2250,2131,2214,2311,2289,2252,2288,2246,2300,2244,2243,2216,2241,2253,2129,2138,2247,2256,2162,2249,2259,2248,2234,2110,2159,2284,2283,2282,2163,2175,2176,2062,2182,2064,2012,2186,2187,2188,2185,2258,2181,2149
2151: 2199,2254,2260,2198,2145,2132,2237,2196,2066,2197,2271,2195,2191,2141,2125,2239,2097,2161
2152: 2157,1671,2264,915,2222,2158,2221,2156,2319,2309,2308,2016,2310,2040,2267,2265,2218,2262,2263,2220
2153: 2238,2251,2225,2154,2222,2158,2221,2156,2319,2309,2308,2016,2310,2265,2218,2263,2220,1961,2155,2226,2235,2321,2316,2318,2219,2250,2131,2214,2289,2252,2288,2112,2205,2177,2129,2247,2256,2162,2249,2248,2107
2154: 2238,2251,2153,2225,2222,2158,2221,2156,2309,2308,2016,2310,2040,2267,2265,2218,2262,2263,2220,1961,2155,2226,2235,2321,2219,2024,2312,2250,2131,2214,2311,2289,2252,2288,2177,2129,2138,2247,2256,2162,2249,2259,2248,2107,2150
2155: 1961,2226,2235,2321,2316,2318,2179,2055,2320,2222,2158,2221,2156,2319,2309,2308,2016,2310,2307,2313,2180,2317,2178,2305,2190,2315,2314,2238,2251,2153,2225,2154,2202,2142,2270,2278,2122,2169,2112,2205,2177,2130,2129,2138,2247,2256,2162,2249,2259,2248
2156: 2222,2158,2221,2319,2152,2157,2306,2179,2301,2055,2320,2309,2308,2016,2310,2307,2313,2180,2317,2178,2305,2315,2314,1961,2155,2226,2235,2321,2316,2318,2238,2251,2153,2225,2154
2157: 2152,2264,915,2222,2158,2221,2156,2319,2309,2308,2016,2310,2040,2267,2265,2218,2262,2263,2220
2158: 2222,2221,2156,2319,2152,2157,2306,2179,2301,2055,2320,2309,2308,2016,2310,2307,2313,2180,2317,2178,2304,2305,2315,2314,1961,2155,2226,2235,2321,2316,2318,2238,2153,2225,2154
2159: 2234,2110,2284,2283,2282,2219,2024,2312,2250,2131,2252,2288,2246,2300,2244,2243,2216,2241,2253,2245,2044,2240,2107,2150,2183,2184,1994,2200,2094,2118,2089,2261,2276,2182,2064,2012,2186,2187,2188,2127,2185,2258,2181,2149,2272,2091
2160: 2114,2144,2137,2093,2202,2142,2135,2143,2278,2122,2169,2112,2205,2177,2130,2129,2138,2247,2256,2162,2249,2259,2248,2099,2147,1982,2163,2175,2176,2133,2062,2121,2080,2054,2134,2113,2037,2092,2108,2049
2161: 2088,2151,2199,2254,2260,2198,2145,2125,2239,2097,2206,1985,2116,2173,580,2117
2164: 2212,2287,2211,2209,1997,2208,2210,2207,2232,2103,2031,2213,1976,2228,2227,2038,2229,2087,2050,2104
2165: 583,2290,2031,1976,1936,1967,2087,2050,2096,2035,2273,2203,2072,2223
2166: 2168,2298,2303,1989,2105,2302,2306,2179,2301,2055,2320,2307,2313,2180,2317,2178,2304,2305,2190,2315,2314,2209,1997,2208,2210,2207,2233,2231,2232,2103,2167,2202,2142,2135,2120,2143,2270,2278
2167: 2231,2232,2103,2168,2166,2298,2303,1989,2105,2302,2307,2313,2180,2317,2178,2304,2305,2190,2315,2314,2209,1997,2208,2210,2207,2233,2202,2142,2135,2120,2143,2270,2278,2228,2227,2038,2229,2147,1982
2168: 2166,2298,2303,1989,2105,2302,2306,2179,2301,2307,2317,2304,2305,2190,2315,2209,1997,2208,2210,2207,2233,2231,2232,2103,2167,2120,2270
2169: 2122,2112,2205,2177,2130,2313,2180,2317,2190,1961,2155,2226,2235,2316,2318,2225,2202,2142,2135,2120,2143,2270,2278,2129,2138,2247,2256,2162,2249,2259,2248,2099,2147,1982,2114,2144,2137,2160,2093,2163,2175,2176,2133,2062
2170: 2115,2076,2182,2064,2012,2186,2187,2188,2127,2185,2258,2181,2149,2272,2045,2102,2090,2204,2075,2047
2171: 1947,916,506
2221: 2222,2158,2156,2319,2152,2157,2306,2179,2301,2055,2320,2309,2308,2016,2310,2307,2313,2180,2317,2178,2305,2315,2314,1961,2155,2226,2235,2321,2316,2318,2238,2251,2153,2225,2154
2173: 580,434,2117,2097,2088,2161,2206,1985,2116
2174: 2285,1790,2257,2069,2286,2123
2175: 2163,2176,2133,2062,2122,2169,2177,2130,2129,2138,2247,2256,2162,2249,2259,2248,2107,2150,2183,2184,1994,2144,2137,2160,2093,2182,2064,2012,2186,2187,2188,2127,2185,2134,2113,2037,2092,2108,2049,2102
2176: 2163,2175,2133,2062,2122,2169,2177,2130,2138,2247,2256,2162,2249,2259,2107,2150,2183,2184,1994,2144,2137,2160,2093,2182,2064,2012,2186,2187,2188,2127,2185,2134,2113,2037,2092,2108,2049,2063,2102
2177: 2122,2169,2112,2205,2130,2313,2180,2317,2178,2190,2315,2314,1961,2155,2226,2235,2321,2316,2318,2238,2251,2153,2225,2154,2202,2142,2135,2143,2270,2278,2129,2138,2247,2256,2162,2249,2259,2248,1982,2114,2144,2137,2160,2093,2163,2175,2176,2133,2062
2178: 2307,2313,2180,2317,2304,2305,2190,2315,2314,2306,2179,2301,2055,2320,2222,2158,2221,2156,2319,2166,2303,1989,2105,2302,1961,2155,2226,2235,2321,2316,2318,2167,2202,2142,2120,2143,2270,2278,2122,2112,2205,2177
2179: 2306,2301,2055,2320,2222,2158,2221,2156,2319,2168,2166,2298,2303,1989,2105,2302,2307,2313,2180,2317,2178,2304,2305,2190,2315,2314,1961,2155,2226,2235,2321,2316,2318
2180: 2307,2313,2317,2178,2304,2305,2190,2315,2314,2306,2179,2301,2055,2320,2222,2158,2221,2156,2319,2166,2298,2303,1989,2105,2302,1961,2155,2226,2235,2321,2316,2318,2167,2202,2142,2135,2120,2143,2270,2278,2122,2169,2112,2205,2177
2181: 2258,2149,2107,2150,2183,2184,1994,2234,2110,2159,2284,2283,2282,2200,2094,2118,2089,2275,2261,2276,2182,2064,2012,2186,2187,2188,2127,2185,2272,2045,2280,2091,2140,2201,2115,2076,2170,2090,2204,2075
2182: 2064,2012,2186,2187,2188,2127,2185,2138,2247,2256,2162,2249,2259,2107,2150,2183,2184,1994,2234,2110,2159,2284,2283,2163,2175,2176,2133,2062,2258,2181,2149,2108,2049,2102,2115,2076,2170
2183: 2107,2150,2184,1994,2251,2225,2219,2312,2250,2131,2252,2288,2253,2129,2138,2247,2256,2162,2249,2259,2248,2234,2110,2159,2284,2283,2163,2175,2176,2133,2062,2182,2064,2012,2186,2187,2188,2127,2185,2258,2181,2149
2184: 2107,2150,2183,1994,2251,2219,2024,2312,2250,2131,2214,2289,2252,2288,2246,2300,2244,2216,2253,2129,2138,2247,2256,2162,2249,2259,2248,2234,2110,2159,2284,2283,2282,2163,2175,2176,2133,2062,2182,2064,2012,2186,2187,2188,2127,2185,2258,2181,2149
2185: 2182,2064,2012,2186,2187,2188,2127,2129,2138,2247,2256,2162,2249,2259,2248,2107,2150,2183,2184,1994,2234,2110,2159,2283,2163,2175,2176,2133,2062,2258,2181,2149,2092,2108,2049,2102,2170
2186: 2182,2064,2012,2187,2188,2127,2185,2138,2247,2256,2162,2249,2259,2107,2150,2183,2184,1994,2234,2110,2159,2284,2283,2163,2175,2176,2133,2062,2258,2181,2149,2108,2049,2102,2115,2076,2170
2187: 2182,2064,2012,2186,2188,2127,2185,2138,2162,2249,2259,2107,2150,2183,2184,1994,2234,2110,2159,2284,2283,2282,2163,2175,2176,2133,2062,2258,2181,2149,2108,2049,2102,2115,2076,2170
2188: 2182,2064,2012,2186,2187,2127,2185,2138,2256,2162,2259,2107,2150,2183,2184,1994,2234,2159,2284,2283,2163,2175,2176,2133,2062,2258,2181,2149,2108,2049,2063,2102,2115,2076,2170
2189: 2255,2072,2223,2290,2087,2050,2096,2273,966
2191: 2066,2197,2271,2195,2194,2192,490,2277,2002,2193,2281,2132,2237,2279,2139,2196,2236,2151,2199,2254,2260,2198,2145
2192: 2194,490,2277,2002,2193,2200,2094,2118,2089,2275,2276,2280,2091,2140,2201,2281,2132,2237,2279,2139,2196,2066,2197,2271,2195,2191
2193: 2194,2192,490,2277,2002,2200,2094,2118,2089,2275,2261,2276,2272,2280,2091,2140,2201,2281,2132,2237,2279,2139,2196,2066,2197,2271,2195,2191
2194: 2192,490,2277,2002,2193,2242,2245,2200,2094,2118,2089,2275,2261,2276,2272,2280,2091,2140,2201,2281,2132,2237,2279,2139,2196,2066,2197,2271,2195,2191
2195: 2066,2197,2271,2191,2194,2192,490,2277,2002,2193,2281,2132,2237,2279,2139,2196,2236,2151,2199,2254,2260,2198,2145
2196: 2281,2132,2237,2279,2139,2094,2118,2089,2275,2276,2194,2192,490,2277,2002,2193,2280,2091,2140,2201,2066,2197,2271,2195,2191,2043,2141,2236,2151,2199,2254,2260,2198,2145
2197: 2066,2271,2195,2191,2194,2192,490,2277,2002,2193,2281,2132,2237,2279,2139,2196,2141,2236,2151,2199,2254,2260,2198,2145,2125,2239
2198: 2151,2199,2254,2260,2145,2281,2132,2237,2279,2139,2196,2066,2197,2271,2195,2191,2141,2236,2125,2239,2098,2074,2042,2097,2161
2199: 2151,2254,2260,2198,2145,2281,2132,2237,2279,2139,2196,2066,2197,2271,2195,2191,2141,2236,2125,2239,2074,2097,2161
2200: 2094,2118,2089,2275,2261,2276,2246,2244,2243,2241,2253,2242,2245,2044,2240,2234,2110,2159,2284,2283,2282,2194,2192,490,2277,2002,2193,2258,2181,2149,2272,2045,2280,2091,2140,2201,2281,2132,2237,2279,2139
2203: 2035,2273,1936,1967,2165,583,2290,2087,2050,2096,2072,2223
2204: 2090,2043,2075,2258,2181,2149,2272,2045,2280,2091,2140,2201,2281,2132,2237,2279,2139,2115,2076,2170,2141,2236,2086,2074
2205: 2122,2169,2112,2177,2130,2307,2313,2180,2317,2178,2304,2305,2190,2315,2314,1961,2155,2226,2235,2321,2316,2318,2153,2225,2202,2142,2135,2120,2143,2270,2278,2129,2138,2247,2256,2162,2249,2259,2248,1982,2144,2160,2093,2163,2062
2206: 1985,2116,2098,2042,2097,2088,2161,568,2173,580,434,2117,2083
2207: 2209,1997,2208,2210,2233,2168,2166,2105,2212,2287,2211,2231,2232,2103,2167,2031,2213,1976,2164,2228,2227,2038,2229
2208: 2209,1997,2210,2207,2233,2168,2166,2298,2105,2212,2287,2211,2231,2232,2103,2167,2031,2213,1976,2164,2228,2227,2038,2229
2209: 1997,2208,2210,2207,2233,2168,2166,2298,2105,2212,2287,2211,2231,2232,2103,2167,2031,2213,1976,2164
2210: 2209,1997,2208,2207,2233,2168,2166,2298,2105,2212,2287,2211,2231,2232,2103,2167,2031,2213,1976,2164,2228,2227,2038,2229
2211: 2212,2287,2209,1997,2208,2210,2207,2233,2031,2213,1976,2164
2212: 2287,2211,2209,1997,2208,2210,2207,2233,2031,2213,1976,2164
2213: 2031,1976,2212,2287,2211,2209,1997,2208,2210,2207,2233,2164,2087,2050,2104
2214: 2219,2024,2312,2250,2131,2311,2289,2252,2288,2309,2308,2016,2310,2040,2267,2265,2218,2262,2263,2220,2266,2217,2268,2293,2292,2299,2294,2215,2238,2251,2153,2225,2154,2246,2300,2244,2243,2216,2241,2253,2129,2247,2162,2249,2248,2107,2150,2184,2110,2283
2215: 2266,2217,2268,2293,2292,2299,2294,2264,2040,2267,2265,2218,2262,2263,2220,2297,2295,2296,2291,2046,2219,2024,2312,2250,2131,2214,2311,2289,2252,2288,2246,2300,2244,2243,2216,2241,2253,2242,2245,2044,2240
2216: 2246,2300,2244,2243,2241,2253,2040,2267,2265,2218,2262,2263,2220,2266,2217,2268,2293,2292,2299,2294,2215,2297,2295,2296,2291,2046,2219,2024,2312,2250,2131,2214,2311,2289,2252,2288,2242,2245,2044,2240,2107,2150,2184,1994,2234,2110,2159,2284,2283,2282,2094,2118
2217: 2266,2268,2293,2292,2299,2294,2215,2264,2040,2267,2265,2218,2262,2263,2220,2297,2295,2296,2291,2046,2219,2024,2312,2250,2214,2311,2289,2252,2288,2246,2300,2244,2243,2216,2241,2253,2242,2245,2044,2240
2218: 2040,2267,2265,2262,2263,2220,2152,2157,2264,915,2309,2308,2016,2310,2266,2217,2268,2293,2292,2299,2294,2215,2238,2251,2153,2225,2154,2219,2024,2312,2250,2131,2214,2311,2289,2252,2288,2246,2300,2244,2243,2216,2241,2253
2219: 2024,2312,2250,2131,2214,2311,2289,2252,2288,2309,2308,2016,2310,2040,2267,2265,2218,2262,2263,2220,2266,2217,2268,2299,2215,2238,2251,2153,2225,2154,2246,2300,2244,2243,2216,2241,2253,2129,2247,2162,2249,2259,2248,2107,2150,2183,2184,1994,2234,2110,2159,2283
2220: 2040,2267,2265,2218,2262,2263,2152,2157,2264,915,2309,2308,2016,2310,2266,2217,2268,2299,2215,2238,2251,2153,2225,2154,2219,2024,2312,2250,2131,2214,2311,2289,2252,2288,2300,2243,2216,2253
2223: 2255,2072,2189,2165,583,2290,2087,2050,2096,2035,2273,2203,966
2224: 911,2070,2146,2274,1773,2230,2148,1530,1445,410
2225: 2238,2251,2153,2154,2222,2158,2221,2156,2319,2309,2308,2016,2310,2267,2265,2218,2263,2220,1961,2155,2226,2235,2321,2316,2318,2219,2024,2312,2250,2131,2214,2311,2289,2252,2288,2122,2169,2112,2205,2177,2130,2129,2138,2247,2256,2162,2249,2259,2248,2107,2150,2183
2226: 1961,2155,2235,2321,2316,2318,2179,2055,2320,2222,2158,2221,2156,2319,2309,2308,2016,2310,2307,2313,2180,2317,2178,2305,2190,2315,2314,2238,2251,2153,2225,2154,2202,2142,2270,2278,2122,2169,2112,2205,2177,2130,2129,2247,2256,2162,2249,2248
2227: 2228,2038,2229,1997,2208,2210,2207,2233,2231,2232,2103,2167,2142,2135,2120,2143,2270,2164,2099,2077,2147,1982,2104,2121
2228: 2227,2038,2229,1997,2208,2210,2207,2233,2231,2232,2103,2167,2202,2142,2135,2120,2143,2270,2278,2164,2099,2077,2147,1982,2104,2121
2229: 2228,2227,2038,1997,2208,2210,2207,2233,2231,2232,2103,2167,2120,2143,2164,2099,2077,2147,2104,2121
2230: 1773,2070,2224,2148,1530,1445,926
2231: 2232,2103,2167,2168,2166,2298,2303,1989,2105,2302,2304,2305,2190,2209,1997,2208,2210,2207,2233,2202,2120,2143,2270,2228,2227,2038,2229
2235: 1961,2155,2226,2321,2316,2318,2179,2055,2320,2222,2158,2221,2156,2319,2307,2313,2180,2317,2178,2304,2305,2190,2315,2314,2238,2251,2153,2225,2154,2202,2142,2135,2120,2143,2270,2278,2122,2169,2112,2205,2177,2130,2129,2138,2247,2256,2162,2249,2259,2248
2236: 2141,2272,2045,2280,2091,2140,2201,2281,2132,2237,2279,2139,2196,2197,2195,2191,2090,2043,2204,2075,2199,2260,2198,2145,2086,2074
2237: 2281,2132,2279,2139,2196,2200,2094,2118,2089,2275,2261,2276,2194,2192,490,2277,2002,2193,2272,2045,2280,2091,2140,2201,2066,2197,2271,2195,2191,2090,2043,2204,2075,2141,2236,2151,2199,2254,2260,2198,2145
2239: 2125,2066,2197,2271,2151,2199,2254,2260,2198,2145,2097,2088,2161
2240: 2242,2245,2044,2266,2217,2268,2293,2292,2299,2294,2215,2297,2295,2296,2291,2046,2246,2300,2244,2243,2216,2241,2253,2234,2110,2159,2284,2283,2282,2200,2094,2118,2089,2275,2261,2276,490,2277
2241: 2246,2300,2244,2243,2216,2253,2040,2267,2218,2262,2263,2266,2217,2268,2293,2292,2299,2294,2215,2297,2295,2296,2291,2046,2219,2024,2312,2214,2311,2252,2288,2242,2245,2044,2240,2107,2150,2234,2110,2159,2284,2283,2282,2200,2094,2118,2261
2242: 2245,2044,2240,2266,2217,2268,2293,2292,2299,2294,2215,2297,2295,2296,2291,2046,2246,2300,2244,2243,2216,2241,2253,2234,2110,2284,2283,2282,2200,2094,2118,2089,2275,2261,2276,2194,490,2277
2243: 2246,2300,2244,2216,2241,2253,2040,2267,2265,2218,2262,2263,2220,2266,2217,2268,2293,2292,2299,2294,2215,2297,2295,2296,2291,2046,2219,2024,2312,2250,2214,2311,2289,2252,2288,2242,2245,2044,2240,2107,2150,2234,2110,2159,2284,2283,2282,2200,2094,2118
2244: 2246,2300,2243,2216,2241,2253,2267,2218,2262,2266,2217,2268,2293,2292,2299,2294,2215,2297,2295,2296,2291,2046,2219,2024,2312,2250,2131,2214,2311,2252,2288,2242,2245,2044,2240,2107,2150,2184,2234,2110,2159,2284,2283,2282,2200,2094,2118,2089,2275,2261,2276
2245: 2242,2044,2240,2217,2293,2292,2299,2294,2215,2297,2295,2296,2291,2046,2246,2300,2244,2243,2216,2241,2253,2234,2110,2159,2284,2283,2282,2200,2094,2118,2089,2275,2261,2276,2194,490,2277
2246: 2300,2244,2243,2216,2241,2253,2267,2218,2262,2266,2217,2268,2293,2292,2299,2294,2215,2297,2295,2296,2291,2046,2219,2024,2312,2250,2131,2214,2311,2289,2252,2288,2242,2245,2044,2240,2107,2150,2184,1994,2234,2110,2159,2284,2283,2282,2200,2094,2118,2089,2261,2276
2247: 2129,2138,2256,2162,2249,2259,2248,1961,2155,2226,2235,2238,2251,2153,2225,2154,2219,2024,2312,2250,2131,2214,2289,2252,2288,2122,2169,2112,2205,2177,2130,2107,2150,2183,2184,1994,2160,2093,2163,2175,2176,2062,2182,2064,2186,2185
2248: 2129,2138,2247,2256,2162,2249,2259,1961,2155,2226,2235,2321,2316,2318,2238,2251,2153,2225,2154,2219,2312,2250,2131,2214,2289,2252,2288,2122,2169,2112,2205,2177,2130,2107,2150,2183,2184,1994,2144,2160,2093,2163,2175,2062,2185
2249: 2129,2138,2247,2256,2162,2259,2248,1961,2155,2226,2235,2238,2251,2153,2225,2154,2219,2024,2312,2250,2131,2214,2311,2289,2252,2288,2122,2169,2205,2177,2130,2107,2150,2183,2184,1994,2160,2163,2175,2176,2062,2182,2064,2186,2187,2185
2250: 2219,2024,2312,2131,2214,2311,2289,2252,2288,2309,2308,2016,2267,2265,2218,2262,2263,2220,2217,2299,2215,2238,2251,2153,2225,2154,2246,2300,2244,2243,2216,2253,2129,2138,2247,2256,2162,2249,2259,2248,2107,2150,2183,2184,1994,2234,2110,2159,2283
2251: 2238,2153,2225,2154,2221,2156,2309,2308,2016,2310,2267,2265,2218,2262,2263,2220,1961,2155,2226,2235,2219,2024,2312,2250,2131,2214,2311,2289,2252,2288,2177,2130,2129,2138,2247,2256,2162,2249,2259,2248,2107,2150,2183,2184,1994
2252: 2219,2024,2312,2250,2131,2214,2311,2289,2288,2309,2016,2267,2265,2218,2262,2220,2217,2299,2215,2238,2251,2153,2225,2154,2246,2300,2244,2243,2216,2241,2253,2129,2138,2247,2256,2162,2249,2259,2248,2107,2150,2183,2184,1994,2234,2110,2159,2284,2283,2282
2253: 2246,2300,2244,2243,2216,2241,2267,2218,2262,2220,2266,2217,2293,2299,2215,2046,2219,2024,2312,2250,2131,2214,2311,2289,2252,2288,2242,2245,2044,2240,2107,2150,2183,2184,1994,2234,2110,2159,2284,2283,2282,2200,2094,2118,2261
2254: 2151,2199,2260,2198,2145,2132,2237,2196,2066,2197,2271,2195,2191,2141,2125,2239,2074,2097,2161
2256: 2129,2138,2247,2162,2249,2259,2248,1961,2155,2226,2235,2238,2251,2153,2225,2154,2250,2131,2289,2252,2122,2169,2112,2205,2177,2130,2107,2150,2183,2184,1994,2144,2137,2160,2093,2163,2175,2176,2133,2062,2182,2064,2012,2186,2188,2185
2257: 1790,1689,1817,2069,2174,2285,2286
2259: 2129,2138,2247,2256,2162,2249,2248,1961,2155,2235,2238,2251,2225,2154,2219,2312,2250,2131,2289,2252,2288,2122,2169,2205,2177,2130,2107,2150,2183,2184,1994,2160,2093,2163,2175,2176,2133,2062,2182,2064,2012,2186,2187,2188,2185
2260: 2151,2199,2254,2198,2145,2281,2132,2237,2279,2139,2196,2066,2197,2271,2195,2191,2141,2236,2125,2239,2074,2097,2161
2262: 2040,2267,2265,2218,2263,2220,2152,2157,2264,915,2309,2308,2016,2310,2266,2217,2268,2293,2292,2299,2294,2215,2238,2251,2154,2219,2024,2312,2250,2131,2214,2311,2289,2252,2288,2246,2300,2244,2243,2216,2241,2253
2263: 2040,2267,2265,2218,2262,2220,2152,2157,2264,915,2309,2308,2016,2310,2266,2217,2268,2293,2292,2299,2294,2215,2238,2251,2153,2225,2154,2219,2024,2250,2131,2214,2311,2289,2288,2300,2243,2216,2241
2264: 915,1671,1700,2152,2157,2309,2308,2016,2310,2040,2267,2265,2218,2262,2263,2220,2266,2217,2268,2293,2292,2299,2294,2215
2265: 2040,2267,2218,2262,2263,2220,2152,2157,2264,915,2309,2308,2016,2310,2266,2217,2268,2293,2292,2299,2294,2215,2238,2251,2153,2225,2154,2219,2024,2312,2250,2131,2214,2311,2289,2252,2288,2300,2243,2216
2266: 2217,2268,2293,2292,2299,2294,2215,2264,915,2040,2267,2265,2218,2262,2263,2220,2297,2295,2296,2291,2046,2219,2024,2312,2214,2311,2289,2288,2246,2300,2244,2243,2216,2241,2253,2242,2044,2240
2267: 2040,2265,2218,2262,2263,2220,2152,2157,2264,915,2309,2308,2016,2310,2266,2217,2268,2293,2292,2299,2294,2215,2238,2251,2225,2154,2219,2024,2312,2250,2131,2214,2311,2289,2252,2288,2246,2300,2244,2243,2216,2241,2253
2268: 2266,2217,2293,2292,2299,2294,2215,2264,915,2040,2267,2265,2218,2262,2263,2220,2297,2295,2296,2291,2046,2219,2024,2214,2311,2289,2288,2246,2300,2244,2243,2216,2241,2242,2044,2240
2307: 2313,2180,2317,2178,2304,2305,2190,2315,2314,2306,2179,2301,2055,2320,2222,2158,2221,2156,2319,2168,2166,2298,2303,1989,2105,2302,1961,2155,2226,2235,2321,2316,2318,2167,2202,2142,2120,2143,2270,2278,2112,2205
2270: 2202,2142,2135,2120,2143,2278,2168,2166,2298,2303,1989,2105,2302,2307,2313,2180,2317,2178,2304,2305,2190,2315,2314,1961,2155,2226,2235,2321,2316,2318,2231,2232,2103,2167,2122,2169,2112,2205,2177,2228,2227,2038,2147,1982,2144
2271: 2066,2197,2195,2191,2194,2192,490,2002,2193,2281,2132,2237,2279,2196,2151,2199,2254,2260,2198,2145,2125,2239
2272: 2045,2280,2091,2140,2201,2234,2110,2159,2284,2282,2200,2094,2118,2089,2275,2261,2276,2194,490,2277,2193,2258,2181,2149,2281,2132,2237,2279,2139,2115,2076,2170,2090,2043,2204,2075,2236
2273: 2035,2203,1936,1967,2165,583,2290,2087,2050,2096,2255,2072,2189,2223
2274: 2070,2146,911,2224,2148,1530,1445
2275: 2200,2094,2118,2089,2261,2276,2244,2242,2245,2044,2240,2234,2284,2282,2194,2192,490,2277,2002,2193,2258,2181,2272,2045,2280,2091,2140,2201,2281,2132,2237,2279,2139,2196
2276: 2200,2094,2118,2089,2275,2261,2246,2244,2242,2245,2044,2240,2234,2110,2159,2284,2282,2194,2192,490,2277,2002,2193,2258,2181,2272,2045,2280,2091,2140,2201,2281,2132,2237,2279,2139,2196
2277: 2194,2192,490,2002,2193,2242,2245,2240,2200,2094,2118,2089,2275,2261,2276,2272,2045,2280,2091,2140,2201,2281,2132,2237,2279,2139,2196,2197,2195,2191
2278: 2202,2142,2135,2120,2143,2270,2166,2303,1989,2105,2302,2307,2313,2180,2317,2178,2304,2305,2190,2315,2314,1961,2155,2226,2235,2321,2316,2318,2167,2122,2169,2112,2205,2177,2130,2228,2147,1982,2144,2160
2279: 2281,2132,2237,2139,2196,2200,2094,2118,2089,2275,2261,2276,2194,2192,490,2277,2002,2193,2272,2045,2280,2091,2140,2201,2066,2197,2271,2195,2191,2043,2204,2236,2199,2260,2198
2280: 2272,2045,2091,2140,2201,2234,2284,2200,2094,2118,2089,2275,2261,2276,2194,2192,490,2277,2002,2193,2258,2181,2281,2132,2237,2279,2139,2196,2090,2043,2204,2075,2236
2282: 2234,2110,2159,2284,2283,2024,2312,2311,2252,2288,2246,2300,2244,2243,2216,2241,2253,2242,2245,2044,2240,2107,2150,2184,1994,2200,2094,2118,2089,2275,2261,2276,2187,2258,2181,2272,2091
2283: 2234,2110,2159,2284,2282,2219,2024,2312,2250,2131,2214,2311,2289,2252,2288,2246,2300,2244,2243,2216,2241,2253,2242,2245,2044,2240,2107,2150,2183,2184,1994,2200,2094,2118,2261,2182,2064,2186,2187,2188,2185,2258,2181,2149
2284: 2234,2110,2159,2283,2282,2024,2312,2252,2288,2246,2300,2244,2243,2216,2241,2253,2242,2245,2044,2240,2107,2150,2183,2184,1994,2200,2094,2118,2089,2275,2261,2276,2182,2186,2187,2188,2258,2181,2149,2272,2280,2091
2285: 2174,1790,2257,2069,2286,2123
2286: 1790,2257,2069,2174,2285,2123,2071
2287: 2212,2211,2209,1997,2208,2210,2207,2233,2031,2213,1976,2164
2288: 2219,2024,2312,2250,2131,2214,2311,2289,2252,2309,2308,2016,2040,2267,2265,2218,2262,2263,2220,2266,2217,2268,2293,2299,2215,2238,2251,2153,2225,2154,2246,2300,2244,2243,2216,2241,2253,2129,2247,2162,2249,2259,2248,2107,2150,2183,2184,1994,2234,2110,2159,2284,2283,2282
2290: 2165,583,2031,1976,1936,1967,2087,2050,2096,2035,2273,2203,2255,2072,2189,2223
2291: 2297,2295,2296,2046,2266,2217,2268,2293,2292,2299,2294,2215,2246,2300,2244,2243,2216,2241,2242,2245,2044,2240
2292: 2266,2217,2268,2293,2299,2294,2215,2264,2040,2267,2265,2218,2262,2263,2297,2295,2296,2291,2046,2024,2214,2311,2246,2300,2244,2243,2216,2241,2242,2245,2044,2240
2293: 2266,2217,2268,2292,2299,2294,2215,2264,2040,2267,2265,2218,2262,2263,2297,2295,2296,2291,2046,2024,2214,2311,2288,2246,2300,2244,2243,2216,2241,2253,2242,2245,2044,2240
2294: 2266,2217,2268,2293,2292,2299,2215,2264,2040,2267,2265,2218,2262,2263,2297,2295,2296,2291,2046,2024,2214,2311,2246,2300,2244,2243,2216,2241,2242,2245,2044,2240
2295: 2297,2296,2291,2046,2266,2217,2268,2293,2292,2299,2294,2215,2246,2300,2244,2243,2216,2241,2242,2245,2044,2240
2296: 2297,2295,2291,2046,2266,2217,2268,2293,2292,2299,2294,2215,2246,2300,2244,2243,2216,2241,2242,2245,2044,2240
2297: 2295,2296,2291,2046,2266,2217,2268,2293,2292,2299,2294,2215,2246,2300,2244,2243,2216,2241,2242,2245,2044,2240
2298: 2168,2166,2303,1989,2105,2302,2306,2179,2301,2320,2307,2313,2180,2317,2304,2305,2190,2315,2314,2209,1997,2208,2210,2233,2231,2232,2103,2167,2202,2120,2270
2299: 2266,2217,2268,2293,2292,2294,2215,2264,2040,2267,2265,2218,2262,2263,2220,2297,2295,2296,2291,2046,2219,2024,2312,2250,2131,2214,2311,2289,2252,2288,2246,2300,2244,2243,2216,2241,2253,2242,2245,2044,2240
2300: 2246,2244,2243,2216,2241,2253,2040,2267,2265,2218,2262,2263,2220,2266,2217,2268,2293,2292,2299,2294,2215,2297,2295,2296,2291,2046,2219,2024,2312,2250,2131,2214,2311,2289,2252,2288,2242,2245,2044,2240,2107,2150,2184,2234,2110,2159,2284,2283,2282,2094,2118
2301: 2306,2179,2055,2320,2222,2158,2221,2156,2319,2168,2166,2298,2303,1989,2105,2302,2307,2313,2180,2317,2178,2304,2305,2190,2315,2314,1961,2321,2316,2318
2302: 2168,2166,2298,2303,1989,2105,2306,2179,2301,2055,2320,2307,2313,2180,2317,2178,2304,2305,2190,2315,2314,2233,2231,2232,2103,2167,2202,2142,2120,2143,2270,2278
2303: 2168,2166,2298,1989,2105,2302,2306,2179,2301,2055,2320,2307,2313,2180,2317,2178,2304,2305,2190,2315,2314,2233,2231,2232,2103,2167,2202,2142,2120,2270,2278
2304: 2307,2313,2180,2317,2178,2305,2190,2315,2314,2306,2179,2301,2055,2320,2158,2319,2168,2166,2298,2303,1989,2105,2302,1961,2235,2321,2316,2318,2231,2232,2103,2167,2202,2142,2135,2120,2143,2270,2278,2112,2205
2305: 2307,2313,2180,2317,2178,2304,2190,2315,2314,2306,2179,2301,2055,2320,2222,2158,2221,2156,2319,2168,2166,2298,2303,1989,2105,2302,1961,2155,2226,2235,2321,2316,2318,2231,2103,2167,2202,2142,2120,2143,2270,2278,2112,2205
2306: 2179,2301,2055,2320,2222,2158,2221,2156,2319,2168,2166,2298,2303,1989,2105,2302,2307,2313,2180,2317,2178,2304,2305,2190,2315,2314,1961,2321,2316,2318
2308: 2309,2016,2310,2152,2157,2264,915,2222,2158,2221,2156,2040,2267,2265,2218,2262,2263,2220,2155,2226,2238,2251,2153,2225,2154,2219,2024,2250,2131,2214,2311,2289,2288
2309: 2308,2016,2310,2152,2157,2264,915,2222,2158,2221,2156,2040,2267,2265,2218,2262,2263,2220,2155,2226,2238,2251,2153,2225,2154,2219,2024,2250,2131,2214,2311,2289,2252,2288
2310: 2309,2308,2016,2152,2157,2264,915,2222,2158,2221,2156,2040,2267,2265,2218,2262,2263,2220,2155,2226,2238,2251,2153,2225,2154,2219,2131,2214,2311,2289
2313: 2307,2180,2317,2178,2304,2305,2190,2315,2314,2306,2179,2301,2055,2320,2222,2158,2221,2156,2319,2166,2298,2303,1989,2105,2302,1961,2155,2226,2235,2321,2316,2318,2167,2202,2142,2120,2143,2270,2278,2122,2169,2112,2205,2177
2314: 2307,2313,2180,2317,2178,2304,2305,2190,2315,2306,2179,2301,2055,2320,2222,2158,2221,2156,2319,2166,2298,2303,1989,2105,2302,1961,2155,2226,2235,2321,2316,2318,2167,2202,2142,2120,2270,2278,2112,2205,2177
2315: 2307,2313,2180,2317,2178,2304,2305,2190,2314,2306,2179,2301,2055,2320,2222,2158,2221,2156,2319,2168,2166,2298,2303,1989,2105,2302,1961,2155,2226,2235,2321,2316,2318,2167,2202,2142,2120,2143,2270,2278,2122,2112,2205,2177
2316: 1961,2155,2226,2235,2321,2318,2306,2179,2301,2055,2320,2222,2158,2221,2156,2319,2307,2313,2180,2317,2178,2304,2305,2190,2315,2314,2153,2225,2202,2142,2135,2120,2143,2270,2278,2122,2169,2112,2205,2177,2130,2129,2248
2317: 2307,2313,2180,2178,2304,2305,2190,2315,2314,2306,2179,2301,2055,2320,2222,2158,2221,2156,2319,2168,2166,2298,2303,1989,2105,2302,1961,2155,2226,2235,2321,2316,2318,2167,2202,2142,2135,2120,2143,2270,2278,2122,2169,2112,2205,2177
2318: 1961,2155,2226,2235,2321,2316,2306,2179,2301,2055,2320,2222,2158,2221,2156,2319,2307,2313,2180,2317,2178,2304,2305,2190,2315,2314,2238,2153,2225,2202,2142,2135,2120,2143,2270,2278,2122,2169,2112,2205,2177,2130,2129,2162,2248
2319: 2222,2158,2221,2156,2152,2157,2306,2179,2301,2055,2320,2307,2313,2180,2317,2178,2304,2305,2190,2315,2314,1961,2155,2226,2235,2321,2316,2318,2238,2153,2225
2320: 2306,2179,2301,2055,2222,2158,2221,2156,2319,2166,2298,2303,1989,2105,2302,2307,2313,2180,2317,2178,2304,2305,2190,2315,2314,1961,2155,2226,2235,2321,2316,2318