1466: 1407,959,1540,1496,1498,1537,1424,1558
639: 
1068: 1069,1067,1209,237,1063,1065,1083,949
1141: 1100
1543: 1349,1546,1388,1527,1482,1547,1443,1513,1548,1536,1502,1474,1514
566: 
949: 1068,1266,1151
1549: 996,1369,1493,1361
1347: 1495,1533,1483,1440,1516,1521,1337,1520,1473,1401
1126: 1011,1020,1162,153,1128,1136,1037,965
977: 
1375: 1386,1463,1350,1378
1373: 1506,1467,1478,1365,1379,1476,1430,1419,1557,1554,1376,1501,1317,1394,1415,1346,1431,1345,1464,1393,1426,1316,323,1425,1461
1324: 1469,985,1441,1455,1437,1445,105,1505,1544,1530,1492
1394: 1317,1415,1346,1431,1345,1454,1323,1373,1467,1464,1393,1426,1316,323,985,1509,1357
15: 29
754: 69
17: 
1509: 1357,1408,1317,1394,1415,1346,1431,1345,1393,1426,985,1472,1448,1441,1455,1437,1500,1428
583: 
1441: 1455,1437,985,1509,1408,1324,1469,1500,1457,1505,1492,1417,1484
1376: 1474,1501,1479,1554,1506,1373,1467,1478,1514,1464,1393,1426,1316,323,1425,1461
900: 698,864
1520: 1521,1496,1337,1483,1407,1495,1347,1533,1498,1424,1401,1459,1525
1337: 1521,1496,1520,1483,1407,1495,1347,1533,1498,1424,1401,1459,1525
1383: 1440,1516,1473,1405,1359,1435
643: 
1393: 1464,1426,1316,323,1506,1373,1467,1478,1376,1501,1317,1394,1415,1346,1431,1345,1425,1461,1509,1357,1408,1472,1399,1448,1395,1436,1452
1498: 1537,1424,1407,1466,1521,1496,1337,1520,1558,1401,1462,1459,1525,1365,1379,1389
29: 15
562: 
740: 
1174: 1062,1146,1097
822: 1404,1396,1503,1387,1456,1561,1526,1560,1487
947: 
563: 
985: 1387,1456,1317,1394,1415,1346,1431,1345,1509,1357,1408,1324,1469,1441,1455,1437,1500
37: 
646: 
1556: 1471,1370,1524,307,1528,1523,1475
995: 966
875: 
1532: 1555,1445,1385,1542,1358,1469,1550,105,1505,1544,1530,1350
957: 
1540: 1466,1519,1499
1367: 1405,1488,1359,1435,1480,1404,1504,1396,1503,233,1451
961: 
766: 
814: 898,125
968: 974
1281: 
929: 
939: 
905: 
1534: 574,597
727: 662
572: 
1257: 
832: 
1533: 1495,1347,1483,1440,1516,1521,1337,1520,1473
792: 
61: 1409,1539,1398,1428,1489,1410,1400,1460,1429,1515,1447,1444,1465,1433
839: 
1550: 1512,1434,1336,1385,1542,1358,1532,1555,1445
1252: 478,911,1253,1278
65: 
698: 864,900
922: 
589: 
69: 754
1469: 1324,985,1358,1441,1455,1437,1532,1555,1445,105,1505,1544,1530,1492,1417
598: 1295
1202: 965,492
1128: 153,1136,1037,1114,278,1126,1011,1020,1162
587: 
607: 
864: 444,698,900
569: 946
996: 1369,1549
854: 
605: 227
916: 
1172: 278
1559: 1470,1414,1551,1528,1439
591: 
926: 
1487: 1526,1560,1396,1503,822,1387,1456,1561
1265: 1208
1429: 1460,1399,1395,1436,1452,1406,1489,1410,1409,61,1398
944: 
582: 
1295: 598
948: 
1349: 1543,487,1546,1388,1527,1482,1547,1443,1513,1548,1536,1502,1474,1514
1064: 1088
588: 
1253: 1278,1252,478,911,1302,1421
994: 986
1552: 157,1507,1432
1358: 1561,1526,1560,1385,1542,1469,1550,1532,1555,1445,1544,1530
1266: 1151,949,1096,1146,1097,1105
593: 
102: 
872: 
908: 
105: 1505,1544,1530,1324,1469,1532,1555,1445,1417,1350,1485
955: 
1346: 1317,1394,1415,1431,1345,1454,1323,1506,1373,1467,1478,1464,1393,1426,1316,323,985,1509,1357,1472,1448
906: 
659: 
581: 954
1539: 1409,61,1398,1489,1400,1460,1515,1447,1444,1465,1470,1433
932: 550
575: 
993: 
1544: 105,1505,1530,1358,1324,1469,1532,1555,1445,1492,1417,1350,1485
851: 320,137
1395: 1436,1452,1464,1393,1426,1316,323,1425,1461,1472,1399,1448,1406,1410,1429
1350: 1532,1555,1445,105,1505,1544,1485,1386,1375,1463,1378
119: 
1278: 1253,1252,478,911,1302,1421
1387: 1456,1454,1323,822,1560,1487,985
1316: 1464,1393,1426,323,1506,1373,1467,1478,1376,1474,1501,1394,1415,1346,1431,1425,1461,1448,1395,1436
123: 
1209: 1069,1067,1068,237,1063,1065,1083,1066
125: 898,814
975: 
911: 1252,478,1129,1253,1278,1302
898: 125,814
597: 1534
979: 
988: 515
963: 921
1302: 911,1253,1278,1421
1465: 1444,1484,1515,1447,61,1539,1398,1391,1339,1517
951: 
1348: 1402,1477,1397,1341,1458,1406,1370,1524
137: 851,320
592: 
1063: 237,1065,1083,1069,1067,1209,1068,1066
140: 
1421: 1253,1278,1302
986: 994
143: 
586: 991
903: 
1097: 1146,1096,1266,1151,1105,1062,1174
596: 
1359: 1488,1383,1473,1405,1435,1480,1504,1367
1451: 233,1367,1396,1503,1561,1382,1512,1434,1336,1385,1542
580: 
894: 
978: 
153: 1128,1136,1037,1114,278,1126,1011,1020,1162
980: 
1151: 1266,949,1096,1146,1097,1105
568: 512,472
157: 1552,1507,1432
965: 1126,1011,1020,1162,1202,1161
1413: 1453,1432,935
902: 
1517: 1444,1465,1470
1523: 307,1528,1556,1471,1551,1475
1430: 1476,1419,1557,1558,952,1531,1450,1365,1379,1389,1479,1554,1506,1373,1467,1478
1114: 278,275,153,1128,1136,1037
594: 
166: 1015,311,1005
820: 
168: 238,682
700: 1009,531
1493: 1369,1412,1549
171: 
746: 
1361: 1549
574: 1534
940: 
1065: 237,1063,1083,1069,1067,1209,1068,1066
1382: 1298,1343,233,1451,1512,1434,1336,347
923: 
1062: 1174,1146,1097
1053: 
901: 
1343: 1382,1298
183: 
992: 
1290: 
1336: 1512,1434,233,1451,1561,1382,1298,1385,1542,1550
967: 
573: 
1406: 1461,1477,1341,1395,1436,1452,1348,1402,1460,1429,1370
976: 
919: 
1415: 1317,1394,1346,1431,1345,1454,1323,1373,1467,1464,1393,1426,1316,323,985,1509,1357
1208: 1265
590: 
1464: 1393,1426,1316,323,1506,1373,1467,1478,1376,1501,1394,1415,1346,1431,1425,1461,1472,1399,1448,1395,1436,1452
1514: 1479,1554,1349,1543,1376,1474,1501,1425
962: 
927: 
1545: 1468,531
584: 
934: 
1531: 1450,487,1519,1499,952,1546,1388,1476,1430,1419,1557,1479,1554
953: 
1197: 492
973: 
206: 
982: 481
1357: 1509,1408,1317,1394,1415,1346,1431,1345,1393,1426,985,1472,1448,1455,1437,1500
924: 
1453: 1413,1432,935
1424: 1498,1537,1407,1466,1521,1496,1337,1520,1558,1401,1462,1459,1525,1389
990: 
578: 
1341: 1477,1397,1458,1406,1348,1402
1149: 461,1184
1388: 1546,1527,1482,456,1531,1450,487,1547,1443,1479,1554,1349,1543
1502: 1536,1527,1482,1547,1443,1513,1548,1418,1538,1349,1543,1507
914: 
1298: 1382,1343,233,1512,1434,1336,347
1011: 1126,1020,1162,153,1128,1136,1037,965
866: 294,312
925: 425
223: 411
1100: 1141
1489: 1428,1410,1400,1408,1472,1399,1452,1500,1457,1460,1429,1484,1515,1447,1409,61,1539,1398
941: 
227: 605
912: 483
950: 
943: 527
706: 
232: 
233: 1451,1367,1396,1561,1382,1298,1512,1434,1336,1385,1542
1551: 1414,1433,1409,1470,307,1528,1523,1439,1559
703: 
579: 
237: 1063,1065,1083,1069,1067,1209,1068,1066
238: 168,682
920: 
1379: 1365,1389,1498,1537,1558,952,1459,1525,1476,1430,1454,1323,1373,1467
599: 
604: 
243: 
1370: 1406,1348,1402,1524,1556,1471
971: 
972: 
1557: 1476,1430,1419,952,1531,1450,487,1389,1479,1554,1506,1373,1478
1105: 1266,1151,1146,1097
877: 
1129: 911
251: 
1345: 1317,1394,1415,1346,1431,1454,1323,1373,1467,1393,1426,985,1509,1357
1526: 1560,1487,822,1561,1385,1542,1358
1512: 1434,1336,233,1451,1561,1382,1298,1385,1542,1550
255: 326
942: 
571: 
844: 
1501: 1376,1474,1419,1479,1554,1506,1373,1467,1478,1514,1464,1393,1426,1316,323,1425,1461
1439: 1470,1414,1551,1433,1559
928: 
1499: 1519,1540,1558,952,1531,1450,487
567: 
264: 
909: 
1096: 1266,1151,1146,1097
267: 
998: 
853: 
585: 
887: 
1538: 1418,456,1547,1443,1513,1548,457,1536,1502
915: 
1009: 700,531
275: 1342,1066,1114,278
959: 552,1268,1326,1518,1407,1466
913: 
278: 1114,1066,275,1172,153,1128,1136,1037
892: 
1088: 1064
281: 
958: 
1369: 1493,996,1412,1549
623: 
1365: 1379,1389,1498,1537,1558,952,1459,1525,1476,1430,1454,1323,1373,1467
1530: 105,1505,1544,1358,1324,1469,1455,1532,1555,1445
682: 238,168
720: 
960: 981,930
984: 
952: 1519,1499,1558,1531,1450,487,1365,1379,1389,1476,1430,1419,1557,1479,1554
595: 
1561: 822,233,1451,1526,1560,1487,1512,1434,1336,1385,1542,1358
294: 866,312
672: 
999: 452
1162: 1126,1011,1020,153,1128,1136,1037,965
298: 
1363: 1306,1491
300: 
956: 
1414: 1551,1433,1409,1470,307,1528,1439,1559
933: 545
904: 411
1015: 166,311,1005
1066: 1069,1067,1209,237,1063,1065,1083,275,278
307: 1528,1523,1556,1471,1414,1551,1433,1475,840
991: 586
1268: 552,1326,480,959
1454: 1323,1462,1365,1379,1387,1456,1317,1394,1415,1346,1431,1345
311: 1005,1015,166
312: 294,866
313: 
1385: 1542,233,1451,1561,1526,1560,1512,1434,1336,1358,1550,1532
1280: 
712: 358
989: 
1069: 1067,1209,1068,237,1063,1065,1083,1066
856: 
320: 851,137
576: 
945: 
323: 1464,1393,1426,1316,1506,1373,1467,1478,1376,1474,1501,1394,1415,1346,1431,1425,1461,1448,1395,1436
981: 960,930
946: 569
326: 255,773
327: 
1161: 965,492
570: 
1037: 153,1128,1136,1114,278,1126,1011,1020,1162
1386: 1375,1463,1350
918: 
1184: 461,1149
1425: 1461,1506,1373,1467,1478,1376,1474,1501,1514,1464,1393,1426,1316,323,1448,1395,1436,1452
1323: 1454,1462,1459,1365,1379,1389,1387,1456,1317,1394,1415,1346,1431,1345
1020: 1126,1011,1162,153,1128,1136,1037,965
1243: 492
338: 
1378: 1350,1485,1391,1339,1375,1463
840: 307,1528
938: 
966: 995
1306: 1390,1363,1491
937: 
634: 627,1416
921: 963
347: 1382,1298
1326: 552,1268,480,959
349: 
997: 
806: 
917: 987
836: 
1339: 1391,1492,1417,1484,1515,1447,1485,1444,1465,1378
1342: 1468,275
1067: 1069,1209,1068,237,1063,1065,1083,1066
970: 
358: 712
1488: 1359,1435,1480,1404,1367,1396,1503
1452: 1395,1436,1464,1393,1425,1461,1472,1399,1448,1406,1428,1489,1410,1400,1460,1429
627: 1416,634
1431: 1317,1394,1415,1346,1345,1454,1323,1506,1373,1467,1478,1464,1393,1426,1316,323,985,1509,1357,1448
931: 
565: 
365: 
1005: 311,1015,166
1405: 1383,1390,1359,1504,1367
1146: 1097,1096,1266,1151,1105,1062,1174
964: 
815: 
1317: 1394,1415,1346,1431,1345,1454,1323,1373,1467,1393,1426,985,1509,1357
954: 581
662: 727
1412: 1535,1369,1493
710: 
1558: 1407,1466,1519,1499,1498,1537,1424,952,1459,1525,1365,1379,1389,1476,1430
1548: 1547,1443,1513,456,1546,1527,1482,1418,1538,1349,1543,1536,1502
564: 
817: 
688: 
969: 
382: 
1136: 153,1128,1037,1114,278,1126,1011,1020,1162
1554: 1479,952,1531,1450,487,1546,1388,1527,1482,1476,1430,1419,1557,1506,1373,1478,1376,1474,1501,1514
987: 917
935: 1432,1453,1413
1542: 1385,233,1451,1561,1526,1560,1512,1434,1336,1358,1550,1532
1083: 237,1063,1065,1069,1067,1209,1068,1066
974: 968
907: 497
391: 
930: 981,960
577: 451
983: 
865: 
396: 
773: 326
910: 
936: 
400: 
401: 
402: 
403: 
404: 
405: 
406: 
407: 422
408: 
409: 534
410: 
411: 223,904
412: 
413: 
414: 429,530
415: 
416: 
417: 
418: 
419: 
420: 
421: 
422: 407
423: 
424: 466
425: 925
426: 
427: 
428: 
429: 414
430: 
431: 
432: 
433: 
434: 472,512
435: 
436: 
437: 
438: 
439: 
440: 
441: 
442: 
443: 
444: 864
445: 
446: 
447: 
448: 475,480
449: 
450: 
451: 577
452: 999
453: 517
454: 
455: 
456: 1546,1388,1527,1482,1547,1443,1513,1548,1418,1538
457: 1418,1538
458: 
459: 
460: 
461: 1149,1184
462: 
463: 
464: 
465: 
466: 424
467: 
468: 
469: 
470: 
471: 
472: 568,512,434
473: 
474: 
475: 448,480
476: 
477: 561
478: 1252,911,1253,1278
479: 
480: 475,448,1268,1326
481: 982
482: 
483: 912
484: 
485: 
486: 
487: 1531,1450,1519,1499,952,1546,1388,1527,1482,1419,1557,1479,1554,1349
488: 
489: 
490: 
491: 
492: 1197,1202,1243,1161
493: 
494: 
495: 
496: 
497: 907
498: 
499: 
500: 
501: 
502: 
503: 
504: 
505: 
506: 
507: 
508: 
509: 528
510: 
511: 
512: 568,472,434
513: 
514: 
515: 988
516: 
517: 453
518: 
519: 
520: 
521: 
522: 529
523: 
524: 
525: 
526: 538
527: 943
528: 509
529: 522
530: 414
531: 1545,1468,700,1009
532: 
533: 
534: 409
535: 
536: 
537: 
538: 526
539: 
540: 
541: 
542: 
543: 
544: 
545: 933
546: 
547: 
548: 
549: 
550: 932
551: 
552: 1268,1326,959
553: 
554: 
555: 
556: 
557: 
558: 
559: 
560: 
561: 477
1389: 1365,1379,1498,1537,1424,1558,952,1459,1525,1476,1430,1419,1557,1323
1390: 1306,1405,1491,1504
1391: 1339,1417,1485,1465,1378
1396: 1503,1488,1435,1480,1404,1367,822,233,1451,1560,1487
1397: 1477,1341,1458,1507,1348,1402
1398: 1409,61,1539,1428,1489,1410,1400,1460,1429,1515,1447,1444,1465,1470,1433
1399: 1472,1448,1464,1393,1461,1408,1395,1436,1452,1428,1489,1410,1400,1460,1429
1400: 1428,1489,1410,1408,1472,1399,1452,1500,1457,1460,1484,1515,1447,61,1539,1398
1401: 1462,1495,1347,1521,1496,1337,1520,1498,1537,1424,1459,1525
1402: 1348,1477,1397,1341,1458,1406,1370,1524
1560: 1526,1487,1396,1503,822,1387,1456,1561,1385,1542,1358
1404: 1435,1480,1473,1488,1367,1396,1503,822
1407: 1466,959,1518,1521,1496,1337,1520,1498,1537,1424,1558
1408: 1509,1357,1393,985,1472,1399,1448,1441,1437,1500,1457,1428,1489,1410,1400
1409: 61,1539,1398,1489,1460,1429,1515,1444,1470,1414,1551,1433
1410: 1428,1489,1400,1408,1472,1399,1448,1395,1436,1452,1500,1457,1460,1429,61,1398
1516: 1440,1483,1495,1347,1533,1383,1473
1416: 627,634
1417: 1492,1469,1441,1500,1457,105,1505,1544,1484,1485,1391,1339
1418: 1538,456,1547,1443,1513,1548,457,1536,1502
1419: 1476,1430,1557,952,1531,1450,487,1389,1479,1554,1506,1373,1467,1478,1501
1515: 1447,1500,1457,1428,1489,1400,1460,1484,1409,61,1539,1398,1339,1444,1465
1426: 1464,1393,1316,323,1506,1373,1467,1478,1376,1501,1317,1394,1415,1346,1431,1345,1425,1461,1509,1357,1472,1448,1395,1436
1537: 1498,1424,1407,1466,1496,1558,1401,1459,1525,1365,1379,1389
1428: 1489,1410,1400,1509,1408,1472,1399,1448,1452,1500,1457,1460,1484,1515,1447,61,1398
1432: 935,157,1552,1453,1413
1433: 1414,1551,1409,61,1539,1398,1470,307,1528,1439
1434: 1512,1336,233,1451,1561,1382,1298,1385,1542,1550
1435: 1480,1404,1383,1473,1488,1359,1367,1396,1503
1436: 1395,1452,1464,1393,1426,1316,323,1425,1461,1472,1399,1448,1406,1410,1429
1437: 1441,1455,985,1509,1357,1408,1324,1469,1500,1457,1492,1484
1535: 1412
1440: 1516,1483,1347,1533,1383,1473
1443: 1547,1513,1548,456,1546,1388,1527,1482,1418,1538,1349,1543,1536,1502
1444: 1465,1515,1447,1409,61,1539,1398,1339,1470,1517
1445: 1532,1555,1358,1324,1469,1550,105,1505,1544,1530,1350
1447: 1515,1500,1457,1428,1489,1400,1484,61,1539,1398,1339,1444,1465
1448: 1472,1399,1346,1431,1464,1393,1426,1316,323,1425,1461,1509,1357,1408,1395,1436,1452,1428,1410
1450: 1531,487,1519,1499,952,1546,1388,1527,1482,1476,1430,1419,1557,1479,1554
1455: 1441,1437,985,1509,1357,1324,1469,1500,1505,1530,1492,1484
1456: 1387,1454,1323,822,1560,1487,985
1457: 1500,1408,1441,1437,1428,1489,1410,1400,1492,1417,1484,1515,1447
1458: 1477,1397,1341,1507,1348,1402
1459: 1525,1521,1496,1337,1520,1498,1537,1424,1558,1401,1462,1365,1379,1389,1323
1460: 1429,1472,1399,1452,1406,1428,1489,1410,1400,1515,1409,61,1539,1398
1461: 1425,1506,1373,1467,1478,1376,1501,1464,1393,1426,1316,323,1472,1399,1448,1395,1436,1452,1406
1462: 1401,1496,1498,1424,1459,1525,1454,1323
1463: 1386,1375,1350,1378
1467: 1506,1373,1478,1365,1379,1430,1419,1376,1501,1317,1394,1415,1346,1431,1345,1464,1393,1426,1316,323,1425,1461
1468: 1545,531,1342
1470: 1409,1539,1398,1444,1414,1551,1433,1517,1439,1559
1471: 1556,1370,1524,307,1528,1523,1475
1472: 1399,1448,1346,1464,1393,1426,1461,1509,1357,1408,1395,1436,1452,1500,1428,1489,1410,1400,1460
1473: 1440,1516,1347,1533,1383,1359,1435,1480,1404
1474: 1376,1501,1479,1554,1349,1543,1506,1478,1514,1316,323,1425
1475: 1556,1471,307,1528,1523
1476: 1430,1419,1557,1558,952,1531,1450,1365,1379,1389,1479,1554,1373
1477: 1397,1341,1458,1507,1406,1348,1402
1478: 1506,1373,1467,1430,1419,1557,1479,1554,1376,1474,1501,1346,1431,1464,1393,1426,1316,323,1425,1461
1479: 1554,952,1531,1450,487,1546,1388,1527,1482,1476,1430,1419,1557,1506,1478,1376,1474,1501,1514
1480: 1435,1404,1473,1488,1359,1367,1396,1503
1536: 1502,1527,1482,1547,1443,1513,1548,1418,1538,1349,1543
1482: 1546,1388,1527,456,1450,487,1547,1443,1513,1548,1479,1554,1349,1543,1536,1502
1483: 1494,1440,1516,1495,1347,1533,1521,1337,1520
1484: 1441,1455,1437,1500,1457,1428,1489,1400,1492,1417,1515,1447,1485,1339,1465
1485: 105,1505,1544,1492,1417,1484,1350,1391,1339,1378
1494: 1483
1555: 1532,1445,1358,1469,1550,105,1505,1544,1530,1350
1491: 1306,1390,1363
1492: 1417,1324,1469,1441,1455,1437,1500,1457,1505,1544,1484,1485,1339
1495: 1347,1533,1483,1516,1521,1496,1337,1520,1401
1496: 1521,1337,1520,1407,1466,1495,1498,1537,1424,1401,1462,1459,1525
1513: 1547,1443,1548,456,1527,1482,1418,1538,1349,1543,1536,1502
1500: 1457,985,1509,1357,1408,1472,1441,1455,1437,1428,1489,1410,1400,1492,1417,1484,1515,1447
1503: 1396,1488,1435,1480,1404,1367,822,1451,1560,1487
1504: 1390,1405,1359,1367
1505: 105,1544,1530,1324,1469,1441,1455,1532,1555,1445,1492,1417,1350,1485
1506: 1373,1467,1478,1430,1419,1557,1479,1554,1376,1474,1501,1346,1431,1464,1393,1426,1316,323,1425,1461
1507: 1502,157,1552,1477,1397,1458
1518: 959,1407
1519: 1499,1540,1558,952,1531,1450,487
1521: 1496,1337,1520,1483,1407,1495,1347,1533,1498,1424,1401,1459,1525
1524: 1348,1402,1370,1556,1471
1525: 1459,1521,1496,1337,1520,1498,1537,1424,1558,1401,1462,1365,1379,1389
1527: 1546,1388,1482,456,1450,487,1547,1443,1513,1548,1479,1554,1349,1543,1536,1502
1528: 307,1523,1556,1471,1414,1551,1433,1475,1559,840
1546: 1388,1527,1482,456,1531,1450,487,1547,1443,1548,1479,1554,1349,1543
1547: 1443,1513,1548,456,1546,1388,1527,1482,1418,1538,1349,1543,1536,1502