1574: 1605
543: 
1068: 1632,1688,1750,1656,1141,1630,1655,1659,1653,1654,1657,1658,1640,1638,1627,1619,1624
1141: 1656,461,1688,1750,1632,1068,1100,1630,1655,1659,1653,1654,1657,1658,1708,1746
1543: 1349,1583,1603,904
566: 
949: 1639,1646,1655,1640,1638,1627,1619,1644,1624,1636,1645,1651,1662,1686,1754,1664
1581: 1562,903,1514,1474
1445: 1690,1337,1530
1701: 1671,1700
977: 
1519: 1564,1430,1419,1557,1450,1531,1554,1476,994,1479
1373: 1467,1571,1499
1572: 1527,456,986
1394: 1379,1415,1365,1345,1317,1346,1426,1316,323,1431
535: 
1854: 1833,1808,933,1737,1831
1459: 1525
1509: 1357,1345,1428,1489
583: 
1619: 1640,1638,1627,1644,1624,1632,1068,1731,1521,1655,1659,1657,1636,1645,1639,1646,949,1651,1662
1376: 1395,1461,1501,1460
900: 
1520: 1495,1424,1672,552,1558,1537,1387
1337: 1690,1445,1530
500: 423
520: 
1393: 1346,1426,1316,323,1431,1415,1345,1317,1461,1395
1602: 1532
1623: 1066,1618,1063,1065,1609,1083,1615,1731,1521,1053
562: 
509: 
1174: 531,1009,700,1062,454
822: 1487
947: 
563: 435
985: 1571,1499,1419,1557
1450: 1531,1554,1519,1564,1430,1476,994,1478,1506,1479
1434: 1512,410,926,460
1556: 1576
995: 569
551: 
1532: 1602
957: 
1540: 1499,1571
1687: 1668,1663,1268,1326,1682
961: 1601
495: 468
1456: 1387,1558,1537
968: 
1718: 1765,1713,1733,1787,1697
929: 
939: 956,532
905: 
1461: 1346,1393,1426,1316,323,1431,1395,1376,1501
552: 1424,1672,1520,1495
572: 513
1506: 1478,1479,1450,1554,994
560: 
504: 
1479: 1478,1506,1519,1450,1531,1554,994
61: 1460
539: 
558: 
1527: 456,986,1572
1495: 1520,1424,1672,552,1558,1537
1582: 1569
922: 
589: 
69: 
1600: 1789,477
598: 
1202: 1650,1676,1663,1682
1781: 1767,1779,1752,1827,1836
587: 
515: 
1571: 1467,1373,1540,1499,985,1419,1557
569: 995
996: 1736,1751,1792,1728
1823: 1805,1848,1849,1770,1830,1838,1851,1839,1606,1835,1853
1690: 1337,1445,1530
916: 
1172: 1635,1136
1605: 1574
591: 1569
926: 1512,1434
1487: 822
1513: 1548
532: 939,956
944: 
582: 
1295: 
948: 
1349: 1543,1583,1603,904
1064: 1088,557,965
588: 
1253: 1278,1617,1635,1136,153,478,1388,1578
994: 1476,1519,1564,1430,1450,1531,1554,1478,1506,1479
1518: 
1496: 1660,1388,1578,1268,1326
1266: 1151,525,575
593: 
1426: 1346,1393,1316,323,1431,1394,1415,1345,1317,1461,1395
544: 
908: 
1606: 1851,1839,1835,1853,1770,1823,1805,1848,1849,1830,1838,1810
955: 
1346: 1393,1426,1316,323,1431,1379,1394,1415,1365,1345,1317,1461,1395
906: 
1635: 1617,1136,153,1062,1172,1253,1278,478
581: 
498: 
932: 406
575: 525,1151,1266,1844,1762,1843,1803,1782,1716
993: 
1646: 1639,949,1655,1640,1638,1627,1619,1644,1624,1636,1645,1651,1662,1686,1664
531: 1174
1395: 1376,1346,1393,1426,1316,323,1431,1461,1501
1428: 1489,1509,1357
513: 572
1278: 1253,1617,1635,1136,153,478,1388,1578
1387: 1456,1520,1558,1537
1316: 1346,1393,1426,323,1431,1394,1415,1345,1317,1461,1395
1671: 1700,853,1677,1701
1458: 1397,902,1443,1598,1514
506: 524
975: 
911: 
555: 956
597: 
979: 
988: 
963: 
1684: 1663,1388,1676,1268,1326,1682,1668
538: 983
951: 
1348: 1402
536: 
592: 954
1063: 1618,1065,1609,1083,1612,1067,1069,1620,1615,1731,1521,1623
1562: 1581,903,1514,1474
1569: 591,1582
986: 1527,456,1572
559: 970
586: 1841,1788
903: 1581,1562,1514,1474
1589: 1732
596: 1323,1454
1670: 1743,1699,1723,1698,1722,1745,1733,1713
557: 1088,1064
580: 
537: 
978: 
153: 1617,1635,1136,1062,1253,1278,478
980: 
1151: 1266,525,575
568: 
157: 1588
965: 1088,1064
1850: 1775,1814,933,1737,1831
902: 1458,1397
556: 
1503: 1404
1430: 1519,1564,1419,1557,1450,1531,1476,994
541: 
594: 
166: 1015,1631,1634
1708: 1746,1100,1656,1141,1630,1655,1653,1654,1658
507: 1795,981,1756,1819,1755,1776
700: 1009,1174,1062,454
1528: 1592,521
519: 
550: 402
1547: 1580
574: 465
940: 
1065: 1618,1063,1609,1083,1612,1067,1069,1620,1615,1731,1521,1066,1623
1837: 1811,1699,1783,1741,1801
923: 
1062: 1174,700,454,1617,1635,1136,153
1053: 1066,1623
901: 
501: 503
1588: 157
992: 
1290: 
534: 1826,1824,1813
967: 
573: 
547: 
976: 
919: 
1415: 1379,1394,1365,1345,1317,1346,1393,1426,1316,323,1431
1565: 962,1585
590: 
1625: 237
1514: 1474,1458,1397,1581,1562,903
962: 1565,1585
927: 
1578: 1253,1278,478,1388,1268,1326,1496,1660
584: 
934: 
1531: 1450,1554,1519,1564,1430,1476,994,1478,1479
953: 
1197: 
973: 
517: 
982: 530
1357: 1509,1345,1317,1428,1489
924: 
1453: 
1424: 1672,552,1520,1495
990: 
578: 
1341: 1477
1149: 1184
1388: 1253,1278,478,1578,1684,1268,1326,1496,1660
1502: 1536
914: 
1419: 1557,1571,1499,985,1519,1564,1430,1476
1693: 1707,1725,1754,1723,1698,1722,1745
1607: 232,408
925: 
1521: 1731,1618,1063,1065,1609,1083,1066,1623,1627,1619,1636,1645
1100: 461,1688,1750,1656,1141,1708,1746
1489: 1428,1509,1357
941: 
1659: 1630,1655,1653,1654,1657,1658,1688,1750,1632,1068,1656,1141,1640,1638,1627,1619,1624,1639
912: 
950: 
943: 
1443: 1598,1458,1397
232: 1607,408
1742: 1763,1719,1703,1720,1699
1551: 1414,482
1404: 1679,1696,1503
579: 
237: 1858,1625,1793,1856
508: 
920: 
1379: 1394,1415,1365,1476,1345,1317,1346,323,1431
599: 
1580: 1547,1536
514: 
1476: 994,1419,1557,1519,1564,1430,1450,1531,1379,1365
971: 
972: 
1557: 1419,1571,1499,985,1519,1564,1430,1476
1583: 1603,999,1543,1349
1585: 962,1565
1402: 1348
1576: 1556
1345: 1317,1379,1394,1415,1365,1346,1393,1426,1316,323,1431,1509,1357
1526: 1561
1512: 1434,410,926,460
512: 
942: 
571: 
1478: 1506,1479,1450,1531,1554,994
1501: 1461,1395,1376,1460
1563: 
928: 
1499: 1540,1467,1373,1571,985,1419,1557
567: 
528: 
909: 
1467: 1373,1571,1499
524: 506
998: 938
853: 1677,1671,1700
585: 
523: 
1525: 1459
915: 490
1009: 1174,700
533: 
959: 448,1598
913: 
530: 982
496: 
1088: 1064,557,965
522: 
958: 
553: 
1474: 1514,1581,1562,903
1365: 1379,1394,1415,1476,1345,1317,1346,323,1431
1530: 1445,1690,1337
510: 
542: 
960: 
984: 
952: 
595: 
1561: 1526
505: 472
521: 1592,1528
999: 1583,1603
1795: 507,981,1756,1819,1755,1776
518: 
1680: 1648,1692,1664
502: 
956: 939,555,532
1414: 1551,482,476
933: 1737,1831,1850,1808,1833,1854
904: 1543,1349
1015: 166
1066: 1623,1618,1065,1609,1083,1615,1731,1521,1053
549: 
991: 1847,1778,1798
1268: 1326,1388,1578,1684,1663,1496,1660,1668,1687
1454: 1323,596
311: 1005
554: 
497: 
1536: 1502,1580
548: 
526: 
989: 
1069: 1620,1612,1067,1618,1063,1065,1609,1083,1615
1601: 1590,961
545: 1816,1748,1852,930,1845
576: 407
945: 
323: 1346,1393,1426,1316,1431,1379,1394,1415,1365,1345,1317,1461,1395
981: 1717,1796,1756,1819,1755,1795,507,1776
946: 
516: 
1637: 
1161: 1650,1676,1682
570: 
1716: 1782,525,575,1844,1762,1843,1803,1828,1826,1818,1827
1592: 1528,521
918: 
1184: 1149
1714: 1695,1694,1685,1665,1721,577
1323: 596,1454
1686: 1651,1662,1640,1638,1644,1624,1636,1645,1639,1646,949,1754,1664
1243: 1650,1676,1663,1682
499: 
1460: 1376,1501,61
1732: 1589
938: 998
966: 
1700: 1671,853,1677,1701
937: 
1477: 1341
921: 
1698: 1723,1722,1745,1703,1707,1693,1725,1743,1670
1326: 1268,1388,1578,1684,1663,1496,1660,1668,1687
540: 
997: 
503: 501
917: 
1766: 1836,1724
1537: 1558,1520,1495,487,1387,1456
546: 
1067: 1612,1069,1620,1618,1063,1065,1609,1083
970: 559
1603: 1583,999,1543,1349
1733: 1743,1670,1718,1765,1713,1787,1697
1668: 1687,1684,1663,1268,1326,1682
1719: 1742,1763,1703,1720,1699
1431: 1346,1393,1426,1316,323,1379,1394,1415,1365,1345,1317,1461,1395
931: 
565: 
529: 
1005: 311
561: 
1624: 1640,1638,1627,1619,1644,1632,1068,1630,1655,1659,1653,1654,1657,1658,1636,1645,1639,1646,949,1651,1662,1686
964: 
1398: 
1317: 1345,1379,1394,1415,1365,1346,1393,1426,1316,323,1431,1357
954: 592
1575: 1642,1641,1643
1590: 1601
1741: 1832,1768,1783,1837,1801,1817
1558: 1537,1520,1495,487,1387,1456
1548: 1513
564: 
511: 
1788: 1841,1730,1834,586
969: 
527: 
1136: 1617,1635,153,1062,1172,1253,1278,478
1554: 1450,1531,1519,1564,994,1478,1506,1479
987: 
935: 
1397: 1458,902,1443,1598,1514
1083: 1618,1063,1065,1609,1612,1067,1069,1620,1615,1731,1521,1066,1623
974: 
907: 
1598: 1443,959,1458,1397
930: 1845,1748,1852,1816,545
577: 1714,1695,1665,1702,1721
983: 538
525: 575,1151,1266,1844,1762,1843,1803,1782,1716
1409: 
1564: 1519,1430,1419,1557,1450,1531,1554,1476,994
910: 
936: 
400: 
401: 
402: 550
403: 
404: 
405: 
406: 932
407: 576
408: 232,1607
409: 
410: 1512,1434
411: 
412: 
413: 
414: 
415: 
416: 
417: 
418: 
419: 
420: 
421: 
422: 
423: 500
424: 
425: 
426: 
427: 
428: 
429: 
430: 
431: 
432: 
433: 
434: 
435: 563
436: 
437: 
438: 
439: 
440: 
441: 
442: 1825,1791
443: 
444: 
445: 
446: 
447: 
448: 456,959
449: 
450: 
451: 
452: 1724,1748,1852
453: 476
454: 1174,700,1062
455: 
456: 1527,986,1572,448
457: 
458: 
459: 
460: 1512,1434
461: 1688,1750,1100,1141
462: 
463: 
464: 
465: 574
466: 
467: 
468: 495
469: 
470: 
471: 
472: 505
473: 
474: 
475: 
476: 1414,453
477: 1789,1600
478: 1617,1635,1136,153,1253,1278,1388,1578
479: 
480: 
481: 
482: 1551,1414
483: 
484: 
485: 
486: 
487: 1558,1537
488: 
489: 
490: 915
491: 
492: 
493: 
494: 
1609: 1618,1063,1065,1083,1612,1067,1069,1620,1615,1731,1521,1066,1623
1699: 1742,1763,1719,1703,1720,1837,1743,1670
1676: 1202,1243,1161,1650,1684,1663,1682
1612: 1067,1069,1620,1618,1063,1065,1609,1083
1721: 1665,1702,1694,1685,1714,1695,577
1672: 1424,552,1520,1495
1615: 1069,1620,1618,1063,1065,1609,1083,1066,1623
1729: 1846,1785
1617: 1635,1136,153,1062,1253,1278,478
1618: 1063,1065,1609,1083,1612,1067,1069,1620,1615,1731,1521,1066,1623
1620: 1069,1612,1067,1618,1063,1065,1609,1083,1615
1627: 1640,1638,1619,1644,1624,1632,1068,1731,1521,1655,1659,1657,1636,1645,1639,1646,949,1651,1662
1636: 1645,1521,1640,1638,1627,1619,1644,1624,1639,1646,949,1651,1662,1686
1629: 1633
1630: 1655,1659,1653,1654,1657,1658,1688,1750,1632,1068,1656,1141,1640,1638,1624,1708,1746,1639
1631: 1634,166
1632: 1068,1688,1750,1656,1141,1630,1655,1659,1653,1654,1657,1658,1640,1638,1627,1619,1624
1633: 1629
1634: 1631,166
1638: 1640,1627,1619,1644,1624,1632,1068,1630,1655,1659,1653,1654,1657,1658,1636,1645,1639,1646,949,1651,1662,1686
1639: 1646,949,1630,1655,1659,1653,1654,1657,1658,1640,1638,1627,1619,1644,1624,1636,1645,1651,1662,1686,1664
1640: 1638,1627,1619,1644,1624,1632,1068,1630,1655,1659,1653,1657,1636,1645,1639,1646,949,1651,1662,1686
1641: 1643,1575,1642
1642: 1575,1641,1643
1643: 1641,1575,1642
1644: 1640,1638,1627,1619,1624,1636,1645,1639,1646,949,1651,1662,1686
1645: 1636,1731,1521,1640,1638,1627,1619,1644,1624,1639,1646,949,1651,1662,1686
1685: 1694,1714,1695,1665,1721
1648: 1680,1692,1664
1696: 1679,1404
1650: 1202,1243,1161,1676,1663,1682
1651: 1662,1686,1640,1638,1627,1619,1644,1624,1636,1645,1639,1646,949,1664
1677: 853,1671,1700
1653: 1630,1655,1659,1654,1657,1658,1688,1750,1632,1068,1656,1141,1640,1638,1624,1708,1746,1639
1654: 1630,1655,1659,1653,1657,1658,1688,1750,1632,1068,1656,1141,1638,1624,1708,1746,1639
1655: 1630,1659,1653,1654,1657,1658,1688,1632,1068,1656,1141,1640,1638,1627,1619,1624,1708,1746,1639,1646,949
1656: 1141,1688,1750,1632,1068,1100,1630,1655,1659,1653,1654,1657,1658,1708,1746
1657: 1630,1655,1659,1653,1654,1658,1688,1750,1632,1068,1656,1141,1640,1638,1627,1619,1624,1639
1658: 1630,1655,1659,1653,1654,1657,1688,1750,1632,1068,1656,1141,1638,1624,1708,1639
1660: 1496,1388,1578,1268,1326
1720: 1703,1742,1763,1719,1699
1662: 1651,1686,1640,1638,1627,1619,1644,1624,1636,1645,1639,1646,949,1664
1663: 1684,1202,1243,1650,1676,1268,1326,1682,1668,1687
1664: 1639,1646,949,1651,1662,1686,1680,1648
1665: 1702,1721,1685,1714,1695,577
1679: 1696,1404
1682: 1202,1243,1161,1650,1676,1684,1663,1668,1687
1689: 1817,1832,1768,1801,1790
1688: 1750,461,1632,1068,1100,1656,1141,1630,1655,1659,1653,1654,1657,1658
1797: 1760,1807
1692: 1680,1648
1694: 1685,1714,1695,1721
1695: 1714,1694,1685,1665,1702,1721,577
1697: 1787,1733,1718,1765,1713,1773,1809
1702: 1665,1721,1695,577
1703: 1720,1742,1763,1719,1699,1698
1814: 1775,1855,1850
1767: 1779,1781,1752,1736,1751
1842: 1806,1857,1830,1838,1839,1835
1707: 1693,1725,1754,1723,1698,1722,1745
1731: 1521,1618,1063,1065,1609,1083,1066,1623,1627,1619,1645
1730: 1834,1820,1756,1819,1804,1821,1841,1788
1724: 1836,1766,452
1713: 1718,1765,1743,1670,1733,1787,1697
1717: 1796,1769,1771,1810,981
1722: 1723,1698,1745,1707,1693,1743,1670
1723: 1698,1722,1745,1707,1693,1725,1743,1670
1725: 1707,1693,1754,1723,1698
1841: 1788,1730,1834,586
1728: 1792,996
1807: 1760,1797
1772: 1802
1736: 1751,1767,1779,996
1737: 933,1831,1850,1808,1854
1830: 1838,1770,1823,1805,1848,1849,1851,1839,1606,1835,1853,1842,1857
1765: 1718,1713,1733,1787,1697
1740: 1798
1743: 1670,1699,1723,1698,1722,1745,1733,1713
1778: 1847,1824,991,1813,1798
1745: 1723,1698,1722,1707,1693,1743,1670
1746: 1708,1100,1656,1141,1630,1655,1653,1654
1796: 1717,1769,1771,1810,981
1748: 452,1852,930,1845,1816,545
1813: 1824,1847,1778,534,1798
1750: 1688,461,1632,1068,1100,1656,1141,1630,1659,1653,1654,1657,1658
1751: 1736,1767,1779,996
1752: 1767,1779,1781,1827,1836
1801: 1783,1837,1741,1832,1768,1817,1689
1754: 949,1686,1707,1693,1725
1755: 1756,1819,981,1795,507,1804,1821
1756: 1819,1755,981,1820,1795,507,1804,1821,1730,1834
1835: 1851,1839,1606,1853,1770,1823,1805,1848,1849,1830,1838,1842,1769,1771,1810
1760: 1797,1807
1762: 1844,1843,1803,525,575,1782,1716,1827
1763: 1742,1719,1703,1720,1699
1825: 1791,442
1768: 1741,1832,1801,1817,1689
1769: 1771,1810,1835,1717,1796
1770: 1823,1805,1848,1849,1830,1838,1851,1839,1606,1835,1853
1771: 1769,1810,1835,1717,1796
1773: 1809,1787,1697,1790
1775: 1814,1855,1850
1776: 981,1795,507
1779: 1767,1781,1752,1736,1751
1782: 1716,525,575,1844,1762,1843,1803,1828,1818,1827
1783: 1811,1837,1741,1801
1785: 1729,1846
1852: 452,1748,1808,930,1845,1816,545,1833
1787: 1697,1733,1718,1765,1713,1773,1809
1789: 1600,477
1790: 1817,1689,1773,1809
1791: 1825,442
1792: 1728,996
1793: 1856,1858,1820,237,1804,1821
1798: 1847,1778,991,1813,1740
1809: 1773,1787,1697,1790
1802: 1772
1803: 1844,1762,1843,525,575,1782,1716,1827
1804: 1821,1858,1820,1756,1819,1755,1793,1856,1730,1834
1805: 1823,1848,1849,1770,1830,1851,1839,1606,1835,1853
1806: 1842,1857,1838
1808: 1852,933,1737,1831,1816,1833,1854
1810: 1769,1771,1606,1835,1853,1717,1796
1811: 1783,1837
1844: 1762,1843,1803,525,575,1782,1716,1827
1816: 545,1748,1852,1808,930,1845,1833
1817: 1689,1741,1832,1768,1801,1790
1818: 1828,1826,1782,1716,1827
1819: 1756,1755,981,1795,507,1804,1821,1730,1834
1820: 1858,1756,1793,1856,1804,1821,1730,1834
1821: 1804,1858,1820,1756,1819,1755,1793,1856,1730,1834
1824: 1847,1778,534,1813
1826: 1828,1818,1716,1827,534
1827: 1844,1762,1843,1803,1782,1716,1828,1826,1818,1781,1752
1828: 1826,1818,1782,1716,1827
1831: 933,1737,1850,1808,1854
1832: 1741,1768,1801,1817,1689
1833: 1854,1852,1808,933,1816
1834: 1730,1820,1756,1819,1804,1821,1841,1788
1836: 1781,1752,1766,1724
1838: 1830,1770,1823,1849,1851,1839,1606,1835,1853,1842,1806,1857
1839: 1851,1606,1835,1853,1770,1823,1805,1848,1849,1830,1838,1842
1851: 1839,1606,1835,1853,1770,1823,1805,1848,1849,1830,1838
1843: 1844,1762,1803,525,575,1782,1716,1827
1845: 930,1748,1852,1816,545
1846: 1729,1785
1847: 1778,1824,991,1813,1798
1848: 1823,1805,1849,1770,1830,1851,1839,1606,1835,1853
1849: 1823,1805,1848,1770,1830,1838,1851,1839,1606,1835,1853
1853: 1851,1839,1606,1835,1770,1823,1805,1848,1849,1830,1838,1810
1855: 1775,1814
1856: 1793,1858,1820,237,1804,1821
1857: 1842,1806,1830,1838
1858: 1820,237,1793,1856,1804,1821