1574: 1605,2084
543: 
1068: 1632,1656,1630,1655,1659,1653,1654,1657,1658,1640,1638,1627,1619,1624
1141: 1100
1543: 1513,1548,1349,480
566: 
949: 1721,1702
1581: 1514,1474,1458,1397,430,559,1562
1445: 1530,410,445
1701: 2040,2392,2410,2266,1700,1671
977: 995,2602,2255,2189,1991,1886,2579,502,1913,1979,1883
1519: 1564,1430,1531,1499,1479,1554,1450,1476
1373: 1467
1572: 1527,1601,970,973,1458,1397
1394: 1379,1415,1365,1588,157,1345,1317,1346,1431
535: 1015,166
1939: 940,2580,2223,2072
1459: 1525,1501,1376
1509: 1357,1345,1346,1393
583: 2087,2050,2164,2038,2227,2229,2570,2095
1619: 1640,1638,1627,1644,1624,1646,1632,1068,1655,1659,1653,1657,1636,1645,1521,1639,1648,1680,1664
1376: 1501,1525,1459
900: 2503,2360
1520: 1495,1478,1506
1337: 1690,596,822
500: 
520: 
1393: 1346,1426,1431,1345,1317,1461,1509,1395
1602: 1532,2581
1623: 1066,1618,1065,1083,1615,1053,1521,1731,1686,492
562: 
509: 2450,2561,2536,2457,490
1174: 1062
822: 1337,1690,1487
947: 
563: 424
985: 
1450: 1519,1564,1430,1531,1476
2261: 2272,2091,2276,2201,2234,2159,2283,2323,2110,2342,2094,2338,2282,2339,2337,2347,2089,2345,2181,2149,2258,2204,2170,2281,2280,2139,2279,2237,2132,2045,2140
1556: 1576
995: 977,502,1913,1979,1883
551: 
1532: 1602,2581
957: 
1540: 1499,1571,1554
1687: 1668,454
961: 
495: 
1456: 1387
968: 
1718: 1765,1721,1695
929: 
939: 
905: 
1461: 1346,1393,1426,1431,1395
552: 577
572: 
1506: 1478,1495,1520,487
560: 493,2567
504: 
1479: 1554,1499,1571,1519,1564,1430,1588,157,1476
61: 1460
539: 
558: 
1527: 1572,1601,970,973,1458,1397,554
1495: 1520,1478,1506
2145: 2199,2198,2260,2237,2132,2329,2197,2043,2254,2098,2042,2097,2161
922: 
589: 2442,918,2407,2551,2565
1874: 2540,2509,2571,1770,2486,2504,2489,1830,1882,1884,2510,2554
1600: 1789,549,1732
598: 1730,1834,1870,1841,1863,1807
1202: 1682
1781: 1752,1876,534,1855,1984,1978,1818,1847,1778
587: 
515: 
1571: 1540,1499,1479,1554,1564,1430
569: 1941,444,1942,1963,1965,1974,1940,1823
996: 1847,525,991
1823: 1940,1965,1941,569,1920,1848
1690: 1337,596,822
916: 2117,2206
1172: 1136,1326,1268,1635,1617
1605: 1574,2084
591: 
926: 2148,2224,2498,2499
1487: 822
1513: 1548,1349,1543
532: 
944: 
582: 2521
1295: 1637
948: 
1349: 1548,1513,1543
1064: 1088,415
588: 2444,2483,2555,2446,2448,2209,2447,2556,2481,455,2168
1253: 700,1009,1278
994: 448
1518: 1419,1557
1496: 1660,1685,1424,1672
1869: 
593: 
1426: 1346,1393,1431,1415,1345,1317,1461,1395
544: 
908: 
1606: 1853,2510,2554,2494,1871,1810,1771,1769,2583,1736,1751
955: 951
1346: 1393,1426,1431,1379,1394,1415,1365,1345,1317,1461,1509,1395
906: 
1635: 153,1617,1172,1136,1326,1268
581: 
498: 436,471
932: 
575: 1877,1917,1844,1779
993: 
1646: 1640,1638,1627,1619,1644,1624,1655,1636,1645,1521,1639,1648,1680,1664
531: 981
1395: 1346,1393,1426,1431,1461
2602: 2594,2563,2255,2579,977
513: 1832
1278: 700,1009,1253
1387: 1456
2541: 1951,2559,2516,1933,2560,2539,2486,2504
1671: 2465,1700,915,2476,853,1677,2364,2488,2464,2512,2427,1701,2040,2392,2410,2266,2409,2263,2394,2262
1458: 1397,1527,1572,1474,554,1514,1581,559
506: 
975: 
911: 1565,2336,2070
555: 
597: 
979: 
988: 
963: 
1684: 1685,1663,1660,1424
538: 
951: 955
1348: 1402
536: 
592: 
1063: 1618,1065,1609,1083,1615,1612,1067,1069,1620
1562: 430,1514,1581,559
2578: 2608,502,1913,1899,2582,2619,1926,1867
986: 
559: 1474,1458,1397,554,1514,1581,1562
586: 
903: 1476,1430
1589: 549,1732
596: 1337,1690
1670: 1743,1694,1714
557: 1875,1750
580: 568
537: 
978: 
153: 1635,1617,1136,1326,1268
980: 
1974: 1942,1963,2003,569,1921
568: 1966,2098,2042,2074,2030,2141,580
157: 1588,1479,1554,1430,1476,1379,1394,1415,1365
965: 
2581: 2449,2595,1773,2350,2621,2596,1454,1323,1532,1602
902: 
556: 
1503: 1404,952
1430: 1519,1564,1531,1571,1479,1554,1450,1588,157,1476,903
541: 
594: 
166: 535,508,943,1015
1708: 1746
507: 1760
700: 1009,1253,1278
1528: 1592,521
519: 
550: 
1547: 1580
574: 
940: 571,2290,2096,2580,1939
1065: 1618,1063,1609,1083,1615,1612,1067,1069,1620,1066,1623
1837: 1783,1719,1763
923: 
1062: 1174
1053: 1066,1623,1326,1268
901: 
501: 
1588: 157,1479,1554,1430,1476,1379,1394,1415,1365
992: 
1290: 
534: 1803,2004,2057,1876,1781,1978,1818
967: 
573: 
547: 
976: 
919: 
1415: 1379,1394,1365,1588,157,1345,1317,1346,1426,1431
1565: 962,1585,911
590: 2036,2061,2018,1995
1625: 237,945
1514: 1581,1474,1458,1397,430,559,1562
962: 1585,1565
927: 2508,1938,1914,1907,1933,2486,2504,2489,1830,1882,1884,2501,1915,2496,2537
1578: 1388
584: 503
934: 
1531: 1519,1564,1430,1450,1476
953: 
1197: 
973: 970,1590,1601,1527,1572
517: 
982: 
1357: 1509,1345
924: 
1891: 514,1793,2593,2572
1424: 1672,1685,1684,1663,1496,1660,1679,1696
990: 
578: 
1341: 1477,918,2407,2551,2565
1149: 1184,1811
1388: 1578
1502: 1536
914: 
1419: 1518,1557
1693: 1707,1725,1720,1754,1723,1698
1607: 232
925: 
1521: 1636,1645,1066,1623,1627,1619,1644,1646,1731,1686,1664
1100: 1141
2107: 2150,2185,2238,2251,2131,2225,2250,2219,2288,2252,2312,2216,2300,2253,2244,2351,2246,2247,2138,2249,2256,2162,2129,2248,2259,2234,2159,2283,2323,2110,2163,2062,2175,2064,2182,1994,2188,2186,2183,2187,2184,2181,2149,2258,2170
941: 
1659: 1630,1655,1653,1654,1657,1658,1632,1068,1656,1640,1638,1627,1619,1624,1639
912: 
950: 
943: 508,1015,166
1443: 1598,456
232: 1607
2540: 1874,1872,2509,2571,1770,2486,2504,2489,1830,1882,1884,2510,2554
1551: 1414,445
1404: 1503,952
579: 
237: 1625,945
508: 943,1015,166
920: 
1379: 1394,1415,1365,1588,157,1476,1345,1317,1346,1431
599: 
1580: 1547
514: 1793,1891,2593,2572
1476: 903,1479,1554,1519,1564,1430,1531,1450,1588,157,1379,1365
971: 
972: 
1557: 1518,1419
1583: 1603,909
1585: 962,1565
1402: 1348
1576: 1556
1345: 1317,1379,1394,1415,1365,1346,1393,1426,1431,1509,1357
1526: 1561
2281: 2280,2139,2279,2237,2132,2094,2338,2339,2337,2089,2345,2404,2002,2193,2191,2066,2091,2276,2261,2201,2329,2197,2196,2140,2199,2260
512: 
942: 
571: 2290,2096,940
1478: 1506,1495,1520,487
1501: 1376,1525,1459
1563: 
928: 
1499: 1540,1571,1479,1554,1519,1564
567: 
528: 
909: 1583,1603
1467: 1373
524: 2020,1999,2027,1998,2059
998: 
853: 1677,2364,2377,2476,2475,2523,2488,2464,2433,2512,2427,2465,1700,1671,915,2040,2392
585: 576
523: 
1525: 1459,1501,1376
915: 2465,1700,1671,2377,2476,2475,2523,853,1677,2364,2433,2512,2152,2427,2040,2392,2410,2266,2419,2416,2310,2378,2265,2365,2333,2409,2263,2394,2262
1009: 700,1253,1278
533: 
959: 
913: 
530: 
496: 
1088: 1064,415
522: 
958: 
553: 
1474: 1458,1397,430,1514,1581,559
1365: 1379,1394,1415,1588,157,1476,1345,1317,1346,1431
1530: 1445,410,445
510: 
542: 
960: 
984: 1745,1722,1719,1763
952: 1404,1503
595: 
1561: 1526
505: 
521: 1592,1528
999: 
2589: 2587,2469,2588,2557,2591,2514,2601,2490,2574,2617
518: 
1680: 1639,1648,1640,1638,1619,1644,1624,1646,1636,1645,1664,1720,1703,1754
502: 1913,977,995,2578,1979,1883,2619,1926,1867,2558
956: 
1414: 1551,445
933: 1988,1791
904: 516
1015: 535,508,943,166
1066: 1623,1618,1065,1083,1615,1053,1521,1731,1686,492
549: 1589,1732,1789,1600
991: 525,1855,1984,1847,996
1268: 1172,1136,1326,1053,492,153,1635,1617,1676,1650
1454: 1323,2581,2575,2604,2590
311: 1005,1875,1750
554: 1527,1458,1397,559
497: 
1536: 1502
548: 
526: 
989: 
1069: 1620,1612,1067,1063,1065,1609,1083,1615
1601: 1590,970,973,1527,1572
545: 1729,1846,442,1772,1802,478
576: 585
945: 2614,2612,2610,2611,2609,2564,2613,237,1625
2527: 2151,2428,540,2529,2125,2542
981: 1863,1807,531
946: 2036,2061,2018,1995,2003,1987
516: 904,917
1637: 1295
1161: 1682
570: 
1985: 2116,1950
1592: 521,1528
918: 589,2407,2551,2621,2596,1477,1341
1184: 1149,1811
1714: 1694,1743,1670
1323: 1454,2581,2575,2604,2590
1686: 1731,1066,1623,1636,1645,1521,1664,1676,1650
1243: 1682
499: 
1460: 61
1732: 549,1589,1789,1600
938: 
966: 2072,2021,2594,2255,2189,1991,1886
1700: 2465,1671,915,2476,853,1677,2364,2488,2464,2512,2427,1701,2040,2392,2410,2266,2409,2263,2394,2262
937: 
1477: 1341,918,2407,2551,2565
921: 
1698: 1723,1754,1707,1693,1725,1692
1326: 1172,1136,1268,1053,492,153,1635,1617,1676,1650
540: 2428,2529,2151,2527
997: 
503: 584
917: 516
1766: 1836,1798,1740
1537: 1558
546: 
1067: 1612,1069,1620,1618,1063,1065,1609,1083,1615
970: 973,1590,1601,1527,1572
1603: 1583,909
2233: 455,2443,2168,2445,2399,2479,2383,2166,2385,2302,2384,2418,2426,2348,2208,2359,1997
1668: 1687,454
1719: 1763,984,1783,1837
1431: 1346,1393,1426,1379,1394,1415,1365,1345,1317,1461,1395
931: 
565: 
529: 
1005: 311,1875,1750
561: 
1624: 1640,1638,1627,1619,1644,1646,1632,1068,1630,1655,1659,1653,1654,1657,1658,1636,1645,1639,1648,1680
964: 
2033: 1890,1948,1864,1986,2059,1922,1919,1910,2004,2057
1317: 1345,1379,1394,1415,1365,1346,1393,1426,1431
954: 
1575: 1642,1641,1643
1590: 1601,970,973
2104: 2164,1976,2120,2103,2228,2038,2227,2087,2050,2229
1558: 1537
1548: 1349,1513,1543
564: 
511: 
1788: 1970,1760,1797,1772,1802,1729,1846
969: 
527: 439
1136: 1172,1326,1268,153,1635,1617
1554: 1479,1540,1499,1571,1519,1564,1430,1588,157,1476
987: 
935: 405
1397: 1458,1527,1572,1474,554,1514,1581,559
1083: 1618,1063,1065,1609,1615,1612,1067,1069,1620,1066,1623
974: 1888,1737,1953,1825
907: 
1598: 1443,456
930: 478
577: 552
983: 
525: 991,1847,1778,996
1984: 1855,409,1752,1781,1978,1818,1847,1778,991
1564: 1519,1430,1531,1499,1571,1479,1554,1450,1476
910: 
936: 
400: 
401: 
402: 
403: 
404: 
405: 935
406: 
407: 
408: 
409: 1855,1984
410: 1530,1445
411: 
412: 
413: 
414: 429
415: 1088,1064
416: 
417: 
418: 
419: 
420: 
421: 
422: 
423: 
424: 563
425: 
426: 
427: 
428: 
429: 414
430: 1474,1514,1581,1562
431: 446
432: 
433: 
434: 
435: 
436: 498
437: 
438: 
439: 527
440: 
441: 
442: 1729,1846,545,478
443: 
444: 1941,569,1942,1963,1965
445: 1530,1445,1551,1414
446: 431
447: 
448: 994
449: 
450: 
451: 
452: 
453: 
454: 1687,1668
455: 2446,2209,2447,588,2443,2168,2445,2233
456: 1443,1598
457: 
458: 
459: 
460: 
461: 
462: 
463: 
464: 
465: 
466: 
467: 
468: 
469: 
470: 
471: 498
472: 
473: 
474: 
475: 
476: 
477: 
478: 1729,1846,545,442,930
479: 
480: 1543
481: 
482: 
483: 
484: 
485: 
486: 
487: 1478,1506
488: 
489: 
490: 2536,2457,2450,2561,509,2544,2451,2534,2568
491: 
492: 1066,1623,1326,1268,1676,1650
493: 560
494: 
1609: 1618,1063,1065,1083,1615,1612,1067,1069,1620
1699: 
1676: 1650,1686,492,1326,1268
1612: 1067,1069,1620,1618,1063,1065,1609,1083,1615
1721: 1695,1718,1765,949
1672: 1424,1685,1496,1660,1679,1696
1615: 1618,1063,1065,1609,1083,1612,1067,1069,1620,1066,1623
1729: 1846,545,442,1772,1802,1788,1970,478
1617: 153,1635,1172,1136,1326,1268
1618: 1063,1065,1609,1083,1615,1612,1067,1620,1066,1623
1620: 1069,1612,1067,1618,1063,1065,1609,1083,1615
1627: 1640,1638,1619,1644,1624,1646,1632,1068,1655,1659,1653,1657,1636,1645,1521,1639,1648,1664
1636: 1645,1521,1640,1638,1627,1619,1644,1624,1646,1731,1686,1639,1648,1680,1664
1629: 1633,1820,1858
1630: 1655,1659,1653,1654,1657,1658,1632,1068,1656,1640,1638,1624,1639
1631: 1634
1632: 1068,1656,1630,1655,1659,1653,1654,1657,1658,1640,1638,1627,1619,1624
1633: 1629,1820,1858
1634: 1631
1638: 1640,1627,1619,1644,1624,1646,1632,1068,1630,1655,1659,1653,1654,1657,1658,1636,1645,1639,1648,1680,1664
1639: 1648,1680,1630,1655,1659,1653,1654,1657,1658,1640,1638,1627,1619,1644,1624,1646,1636,1645,1720,1703
1640: 1638,1627,1619,1644,1624,1646,1632,1068,1630,1655,1659,1653,1654,1657,1658,1636,1645,1639,1648,1680,1664
1641: 1643,1575,1642
1642: 1575,1641,1643
1643: 1641,1575,1642
1644: 1640,1638,1627,1619,1624,1646,1655,1636,1645,1521,1639,1648,1680,1664
1645: 1636,1521,1640,1638,1627,1619,1644,1624,1646,1731,1686,1639,1648,1680,1664
1685: 1684,1663,1496,1660,1424,1672
1648: 1639,1680,1640,1638,1627,1619,1644,1624,1646,1636,1645,1664,1720,1703
1696: 1679,1424,1672
1650: 1676,1686,492,1326,1268
1651: 1662
1677: 853,2364,2377,2476,2475,2523,2488,2464,2512,2427,2465,1700,1671,915,2040,2392
1653: 1630,1655,1659,1654,1657,1658,1632,1068,1656,1640,1638,1627,1619,1624,1639
1654: 1630,1655,1659,1653,1657,1658,1632,1068,1656,1640,1638,1624,1639
1655: 1630,1659,1653,1654,1657,1658,1632,1068,1656,1640,1638,1627,1619,1644,1624,1646,1639
1656: 1632,1068,1630,1655,1659,1653,1654,1657,1658
1657: 1630,1655,1659,1653,1654,1658,1632,1068,1656,1640,1638,1627,1619,1624,1639
1658: 1630,1655,1659,1653,1654,1657,1632,1068,1656,1640,1638,1624,1639
1660: 1496,1685,1684,1424,1672
1720: 1703,1639,1648,1680,1754,1707,1693,1725
1662: 1651
1663: 1685,1684,1424
1664: 1640,1638,1627,1619,1644,1646,1636,1645,1521,1731,1686,1648,1680
1665: 1702
1679: 1696,1424,1672
1682: 1202,1243,1161
1689: 1817,2566,2468
1688: 
1797: 1760,1728,1792,1788,1970
1692: 1723,1698,1713
1694: 1714,1743,1670
1695: 1721,1718,1765
1697: 1787,2257
1702: 949,1665
1703: 1720,1639,1648,1680,1754,1725
1982: 2135,2077,2147,2143,2202,2142,2278,2205,2122,2169,2177,2130,2120,2093,2144,2160,2137,2114,2113,2134
1767: 1779,1877,1844,1810,1771,1769
2612: 2614,2610,2611,2609,2564,2576,2606,2620,2616,2622,2603,2613,945
1707: 1693,1725,1720,1754,1723,1698
1731: 1686,1066,1623,1636,1645,1521,1664
1730: 1834,598,1870,1841
1926: 2619,2608,2578,502,1913,1899,2582,1867,2600,2598,2562,2528
1713: 1692
1717: 1796,2607,1804,2593,2572
1722: 1745,984
1723: 1698,1754,1707,1693,1725,1692
1725: 1707,1693,1720,1703,1754,1723,1698
1841: 1870,598,1730,1834,1863,1807
1728: 1792,1760,1797,1772
1807: 1863,598,1870,1841,981
1772: 1802,1728,1792,1788,1970,1729,1846,545
1736: 1751,1606,1853,1810,1771,1769,1776,1960
1737: 1888,1953,1825,974
1830: 2489,1882,1884,2540,1874,1770,2486,2504,2510,2554,1907,927,2494,1871
1765: 1718,1721,1695
1740: 1798,1766,1836
1743: 1670,1694,1714
1778: 1847,1752,1781,1855,1984,1978,1818,525
1745: 1722,984
1746: 1708
1796: 2607,1804,1717,2593,2572
1858: 1820,1633,1629
2312: 2219,2288,2252,2309,2016,2154,2289,2331,2330,2214,2218,2024,2311,2215,2238,2251,2131,2225,2250,2216,2300,2253,2244,2351,2246,2247,2138,2249,2162,2129,2248,2259,2107,2150,2185,2234,2159,2283,2323,2110
1750: 1875,557,311,1005
1751: 1736,1606,1853,1810,1771,1769,1776
1752: 1781,1855,1984,1978,1818,1847,1778
2132: 2281,2280,2139,2279,2237,2094,2338,2339,2337,2089,2345,2404,2002,2193,2191,2066,2272,2091,2276,2261,2201,2329,2197,2196,2236,2140,2043,2145,2199,2198,2260
1754: 1680,1720,1703,1707,1693,1725,1723,1698
2321: 2341,2420,2156,2319,2406,2320,2415,2356,2432,2357,2158,2352,2414,2355,2379,2419,2310,2265,2178,2055,2315,2313,2400,2314,2308,2016,2154,2322,2318,2316,2180,2317,1961,2226,2155,2353,2235,2112,2238,2225
1756: 1819,1776,1960
2603: 2599,2567,2618,1899,2582,2606,2620,2616,2622,2600,2598,2562,2614,2612,2610,2611,2609,2564,2613
1760: 1797,507,1728,1792,1788,1970
1917: 1843,575
1763: 1719,984,1783,1837
1825: 1953,1888,1737,974
1768: 1832
1769: 1810,1771,1779,1767,1606,1853,1736,1751
1770: 2540,1874,1830,1882,2510
1771: 1810,1769,1779,1767,1606,1853,1736,1751
1773: 2350,2621,2596,2545,2286,2584,2449,2595,2581
1775: 1898
1776: 1960,1736,1751,1756,1819
1779: 1767,575,1877,1844,1771,1769
2163: 2062,2175,2064,2122,2169,2177,2130,2247,2138,2249,2256,2162,2129,2248,2259,2107,2185,2093,2144,2160,2182,1994,2188,2186,2183,2113,2054,2134,2092,2176,2037,2133,2012,2108
1783: 1837,1719,1763
1785: 1928
2046: 2424,2386,2217,2361,2362,2292,2439,2438,2291,2388,2243,2293,2324,2241,2325,2242,2425,2423,2044,2245,2381,2382,2344,2408,2275,2340,2405,2437
1787: 1697,2257
1789: 1600,549,1732
1790: 2525
1791: 1988,933
1792: 1728,1760,1797,1772,1802
1793: 514,1891,2593,2572
1798: 1740,1766,1836
2076: 2115,2127,2045,2182,2188,2186,2187,2181,2149,2258,2204,2170,2272,2091,2201,2049,2012,2108,2236,2140,2102,2047,2090,2075,1966
1802: 1772,1792,1788,1970,1729,1846,545
1803: 534,2004,2057,1876
1804: 1796,2607,1717,2593,2572
1890: 2033,1948,1986,2059,1922,1919,1910,2004,2057
2080: 2065,2011,2137,2114,2113,2054,2134,2092,2176,2037,2133,2063,2032
1867: 2578,502,1913,1979,1883,2619,1926,2558,2528,1872
1810: 1771,1769,1767,1606,1853,1736,1751
1811: 1149,1184
1844: 575,1877,1779,1767
1973: 2053,2117,2206,1947,2101,2034
1817: 1689,2566,2468
1818: 1978,534,1752,1781,1855,1984,1847,1778
1819: 1756,1776,1960
1820: 1858,1633,1629
1938: 2508,1914,1907,927,1933,2560,2486,2504,2489,1884,2501,2537
1919: 1922,1910,1920,1848,1948,1864,1986,2059,1843,1890,2033
2143: 2135,2077,2147,1982,2167,2202,2142,2278,2205,2122,2169,2177,2130,2120,2103,2093,2144,2160,2137,2114,2113,2134
2255: 2189,2021,2594,966,2602,1991,1886,2579,977
1988: 1791,933
2042: 2098,2236,2140,2043,2145,2198,1966,2074,2030,2141,568
1832: 1768,513
2544: 2451,2452,490,2438,2291,2388,2497,2534,2568,2425
1834: 1730,598,1870,1841
1836: 1766,1798,1740
2619: 1926,2608,2578,502,1913,1899,2582,1867,2528
2580: 2290,2096,940,2223,1939,2072
2604: 2575,2590,2585,1454,1323
1843: 1920,1848,1919,1917
1936: 1967,2203
1846: 1729,545,442,1772,1802,1788,1970,478
1847: 1778,1752,1781,1855,1984,1978,1818,525,991,996
1848: 1920,1940,1823,1955,1948,1864,1986,1843,1922,1919
2234: 2159,2283,2323,2110,2312,2216,2300,2253,2244,2351,2246,2044,2240,2245,2381,2107,2150,2185,2342,2094,2338,2282,2339,2337,2347,2182,1994,2183,2187,2184,2181,2149,2258,2204,2170,2272,2091,2276,2261
1853: 1606,2510,2494,1871,1810,1771,1769,2583,1736,1751
1855: 1984,409,1752,1781,1978,1818,1847,1778,991
2133: 2092,2176,2037,2093,2144,2160,2163,2062,2175,2064,2182,2188,2186,2183,2113,2054,2134,2049,2012,2108,2080,2063,2032
1920: 1848,1940,1823,1955,1948,1864,1986,1843,1922,1919,1910
1863: 1807,598,1870,1841,981
1864: 1948,1986,1955,1920,1848,2059,1922,1919,1910,2033
1899: 2582,2605,2608,2578,2618,2619,1926,2603,2599,2600,2598,2562,2528
1987: 2036,946,2018,1995,2003,1921
2127: 2115,2076,2045,2182,1994,2188,2186,2183,2187,2184,2181,2149,2258,2204,2170,2272,2091,2049,2012,2108,2090
1870: 1841,598,1730,1834,1863,1807
1871: 2494,1830,1882,2510,2554,1606,1853,2583
1872: 2509,2571,1867,2558,1905,2540
2002: 2193,2191,2066,2382,2275,2277,2340,2405,2437,2435,2195,2089,2345,2404,2332,2395,2391,2281,2280,2139,2279,2237,2132,2329,2197,2196,2335,2271
1875: 1750,557,311,1005
1876: 2004,2057,534,1803,1781
1877: 575,1844,1779,1767
2615: 2515,2563
1882: 2489,1830,1884,2540,1874,1770,2486,2504,2510,2554,1914,1907,927,2494,1871
1883: 1979,977,995,502,1913,1867,2558,1905
1884: 2489,1830,1882,2540,1874,2486,2504,2510,2554,2508,1938,1914,1907,927
1886: 1991,966,2073,1992,2255,2189,977
1887: 1912,1905
1888: 1737,1953,1825,974
1951: 2541,2559,2516,1933,2560,2539,2486,2504
2533: 2566,2468,2569
2585: 2573,2550,2467,2543,2592,2285,2495,2514,2398,2601,2574,2575,2604,2590
2617: 2601,2490,2574,2573,2589,2587,2469,2588
1948: 1864,1986,1955,1920,1848,2059,1922,1919,1910,1890,2033
1970: 1788,1760,1797,1772,1802,1729,1846
1898: 1775
2605: 2608,2567,2618,1899,2582
2222: 2524,2484,2548,2530,2487,2429,2480,2477,2456,2485,2179,2434,2466,2431,2402,2461,2376,2417
2311: 2374,2024,2299,2215,2333,2409,2263,2394,2262,2331,2330,2214,2218,2267,2243,2293,2324,2325,2219,2288,2252,2312,2216,2300,2253,2244,2351,2246,2044
2582: 1899,2605,2608,2578,2618,2619,1926,2603,2599,2600,2598,2562,2528
1905: 1979,1883,2558,1887,1912,1872,2509,2571
2522: 2471,2555,2484,2430,2547,2548,2556,2481,2460,2458,2303,1989,2482,2179
1907: 2508,1938,1914,927,1933,2486,2504,2489,1830,1882,1884,2501,1915,2537
2032: 2063,2054,2092,2176,2037,2133,2049,2012,2108,2065,2011,2080,2102
1910: 1922,1919,1920,1948,1864,1986,2059,1890,2033
2064: 2163,2062,2175,2130,2138,2256,2162,2259,2107,2185,2093,2144,2160,2182,1994,2188,2186,2183,2187,2184,2113,2054,2134,2092,2176,2037,2133,2049,2012,2108
1912: 1887,1905
1913: 502,977,995,2578,1979,1883,2619,1926,1867,2558
1914: 2508,1938,1907,927,1933,2560,2539,2486,2504,2489,1882,1884,2501,2537
1915: 2496,2537,1907,927,2494,2583,2593
2400: 2178,2055,2315,2313,2314,2306,2301,2403,2305,2406,2320,2415,2356,2432,2357,2158,2352,2414,2355,2389,2304,2307,2105,2321,2341,2156,2319,2270,2367,2190,2318,2316,2180,2317,1961,2353
1921: 1963,2003,1987,1974,1955,2027,1998
1922: 1919,1910,1920,1848,1948,1864,1986,2059,1890,2033
2034: 2101,2053,1973,1947
1989: 2460,2458,2303,2482,2471,2522,2430,2547,2481,2179,2443,2168,2445,2459,2399,2479,2306,2301,2403,2305
1950: 2067,1985,2116
2061: 2018,1995,2036,946,590
1928: 1785
1972: 2015,2052,2029,1942,1963,2003
2559: 2528,1951,2541,2493,2516,1933,2560,2539
2583: 2494,1871,1606,1853,1915,2496,2537
2031: 2366,2213,2207,2211,2212,1976,2165,2349
1933: 2560,2539,2559,1951,2541,2516,2486,2504,2501,2508,1938,1914,1907,927
2588: 2589,2587,2469,2557,2591,2514,2398,2601,2490,2574,2617
2090: 2047,2075,2049,2115,2127,2076,2045,2236,2102,1966,2074,2030,2141
1940: 1823,1965,1941,569,1920,1848
1941: 569,444,1942,1965,1940,1823
1942: 2052,2029,2015,1972,1963,1941,569,444,1974
1995: 2061,2018,2036,946,1987,590
2125: 2542,2151,2527
2621: 1773,2350,2596,918,2449,2595,2581
1947: 2117,2206,2053,1973,2101,2034
1953: 1825,1888,1737,974
2113: 2054,2134,2135,2077,2147,1982,2143,2093,2144,2160,2163,2062,2064,2137,2114,2092,2176,2037,2133,2080
1955: 1921,2027,1998,1920,1848,1948,1864,1986,2059
2012: 2049,2108,2163,2062,2175,2064,2182,1994,2188,2186,2183,2187,2184,2181,2149,2258,2204,2170,2092,2176,2037,2133,2115,2127,2076,2045,2032,2102,2047
2147: 2135,2077,1982,2143,2167,2202,2142,2278,2205,2122,2169,2130,2120,2103,2093,2144,2160,2228,2038,2227,2137,2114,2113,2134
1960: 1776,1736,1756,1819
1961: 2318,2316,2180,2317,2389,2304,2178,2055,2315,2313,2400,2314,2321,2341,2156,2319,2270,2190,2226,2155,2353,2235,2112,2202,2142,2278,2205,2122,2169,2177
1997: 2208,2359,2233,2383,2166,2385,2302,2384,2105,2348,2270,2346,2367,2190,2231,2213,2207,2211,2210,2232,2167
1963: 2052,2029,2015,1972,1942,569,444,1974,1921
1986: 1948,1864,1955,2027,1998,1920,1848,2059,1922,1919,1910,1890,2033
1965: 1941,569,444,1940,1823
1966: 2115,2076,2047,2090,2075,2098,2042,2074,2030,2141,568
1967: 1936,2203
1976: 2366,2213,2207,2211,2210,2232,2031,2164,2104
1977: 2039,2068,2006,2004,2057
1978: 1818,534,1752,1781,1855,1984,1847,1778
1979: 1883,977,995,502,1913,1867,2558,1905
1991: 1886,966,2073,1992,2255,2189,977
1992: 2073,1991,1886
2020: 1999,524,2027,1998,2059
1994: 2182,2188,2186,2183,2187,2184,2247,2138,2249,2256,2162,2259,2107,2150,2185,2234,2159,2283,2323,2163,2062,2175,2064,2181,2149,2258,2204,2170,2176,2049,2012,2108,2127,2045
1998: 2027,1921,1955,2020,1999,524,1986
1999: 2020,524,2027,1998,2059
2055: 2178,2315,2313,2400,2314,2306,2301,2403,2305,2406,2320,2415,2356,2432,2357,2158,2352,2414,2355,2389,2304,2307,2105,2321,2341,2156,2319,2367,2318,2316,2180,2317,1961
2030: 2074,2141,2047,2090,2075,1966,2098,2042,568
2003: 2015,1972,2036,946,1987,1974,1921
2004: 2057,1876,1890,2033,1977,2039,534,1803
2108: 2049,2012,2163,2062,2175,2064,2182,1994,2188,2186,2187,2170,2092,2176,2037,2133,2115,2127,2076,2063,2032,2102,2047
2006: 2068,1977
2007: 2119,2026
2162: 2247,2138,2249,2256,2129,2248,2259,2155,2235,2112,2251,2131,2225,2250,2252,2312,2122,2169,2177,2130,2107,2150,2185,2093,2144,2160,2163,2062,2175,2064,2182,1994,2188,2186,2183,2184
2105: 2389,2304,2307,2479,2306,2301,2305,2406,2383,2166,2385,2302,2384,2178,2055,2315,2313,2400,2314,2208,2359,1997,2270,2346,2367,2190,2231,2318,2316,2180,2317
2026: 2119,2007
2011: 2065,2080,2054,2092,2037,2063,2032
2347: 2342,2094,2338,2282,2339,2337,2216,2300,2253,2244,2351,2246,2044,2240,2245,2381,2382,2344,2408,2275,2234,2159,2283,2323,2110,2089,2345,2404,2258,2276,2261
2591: 2557,2597,2511,2589,2587,2469,2588
2015: 1972,2052,2029,1942,1963,2003
2016: 2309,2308,2154,2322,2289,2357,2355,2379,2419,2416,2310,2378,2265,2365,2333,2263,2321,2341,2420,2156,2319,2331,2330,2214,2218,2267,2226,2155,2238,2251,2131,2225,2250,2219,2288,2252,2312
2018: 2061,1995,2036,946,1987,590
2611: 2614,2612,2610,2609,2564,2606,2620,2603,2613,945
2021: 2594,2072,966,2255,2189
2057: 2004,1876,1890,2033,1977,2039,534,1803
2084: 1605,1574
2024: 2374,2311,2299,2215,2333,2409,2263,2394,2262,2331,2330,2214,2218,2267,2243,2293,2325,2219,2288,2252,2312,2216,2300,2253,2244,2351,2246,2044
2027: 1998,1921,1955,2020,1999,524,1986
2146: 2274
2029: 2052,2015,1972,1942,1963
2442: 589,2407,2551,2565
2036: 946,2061,2018,1995,2003,1987,590
2037: 2092,2176,2133,2093,2144,2160,2163,2062,2175,2064,2188,2186,2113,2054,2134,2049,2012,2108,2065,2011,2080,2063,2032,2102
2038: 2228,2227,2120,2077,2147,2164,2104,2114,2087,2050,583,2229,2121,2099
2039: 1977,2004,2057
2040: 1701,2392,2410,2266,853,1677,2364,2488,2464,2268,2462,2465,1700,1671,915,2334,2454,2363,2333,2409,2263,2394,2262,2217,2361,2362
2289: 2309,2308,2016,2154,2322,2419,2310,2265,2365,2333,2341,2420,2156,2331,2330,2214,2218,2267,2226,2155,2235,2238,2251,2131,2225,2250,2219,2288,2252,2312
2043: 2272,2091,2276,2201,2280,2139,2279,2237,2132,2236,2140,2145,2199,2198,2260,2098,2042
2044: 2240,2245,2381,2374,2024,2311,2299,2215,2243,2293,2324,2241,2325,2424,2386,2046,2216,2300,2253,2244,2351,2246,2382,2344,2408,2275,2234,2283,2110,2094,2338,2282,2339,2347
2045: 2115,2127,2076,2182,1994,2188,2186,2187,2184,2181,2149,2258,2204,2170,2272,2091,2276,2261,2201,2012,2236,2140,2090,2075
2047: 2090,2075,2049,2012,2108,2115,2076,2102,1966,2074,2030,2141
2346: 2270,2367,2190,2231,2383,2166,2385,2302,2384,2389,2304,2307,2105,2208,2359,1997,2318,2316,2180,2317,2210,2232,2167,2202,2278
2049: 2012,2108,2062,2175,2064,2182,1994,2188,2186,2187,2149,2170,2092,2176,2037,2133,2115,2127,2076,2063,2032,2102,2047,2090,2075
2050: 2087,583,2164,2104,2228,2038,2227,2229,2121,2099,2570,2095
2232: 2210,2208,2359,1997,2270,2346,2190,2231,2213,2207,2211,2167,1976,2120,2103
2052: 2029,2015,1972,1942,1963
2053: 1973,2117,2206,1947,2101,2034
2054: 2113,2134,2093,2144,2160,2163,2062,2064,2137,2114,2092,2176,2037,2133,2065,2011,2080,2063,2032
2059: 1955,2020,1999,524,1948,1864,1986,1922,1919,1910,1890,2033
2190: 2270,2346,2367,2231,2302,2384,2389,2304,2307,2105,2178,2315,2313,2400,2314,2208,2359,1997,2318,2316,2180,2317,1961,2210,2232,2167,2202,2142,2278,2205
2062: 2163,2175,2064,2122,2169,2177,2130,2247,2138,2256,2162,2129,2248,2259,2107,2185,2093,2144,2160,2182,1994,2188,2186,2183,2187,2113,2054,2134,2092,2176,2037,2133,2049,2012,2108
2063: 2032,2054,2092,2176,2037,2133,2049,2108,2065,2011,2080,2102
2065: 2011,2080,2054,2092,2037,2063,2032
2066: 2002,2193,2191,2277,2405,2435,2195,2404,2332,2395,2391,2281,2279,2237,2132,2329,2197,2196,2335,2271
2067: 1950
2068: 2006,1977
2069: 2473,2369
2070: 2336,911
2575: 2604,2590,2585,1454,1323
2072: 2580,2223,1939,2021,2594,966
2073: 1992,1991,1886
2074: 2030,2141,2047,2090,2075,1966,2098,2042,568
2075: 2047,2090,2049,2115,2076,2045,2236,2102,1966,2074,2030,2141
2077: 2135,2147,1982,2143,2167,2142,2122,2169,2120,2103,2144,2228,2038,2227,2137,2114,2113,2134
2144: 2093,2160,2202,2142,2278,2205,2122,2169,2177,2130,2256,2162,2135,2077,2147,1982,2143,2163,2062,2175,2064,2137,2114,2113,2054,2134,2092,2176,2037,2133
2103: 2120,2210,2232,2167,2202,2142,2278,2077,2147,2143,2164,2104
2087: 2050,583,2164,2104,2228,2038,2227,2229,2121,2099,2570,2095
2521: 2370,582
2089: 2345,2404,2240,2245,2381,2382,2275,2277,2405,2094,2338,2282,2339,2337,2347,2002,2193,2191,2272,2091,2276,2261,2201,2281,2280,2139,2279,2237,2132,2197,2196
2091: 2272,2276,2261,2201,2234,2323,2094,2338,2282,2339,2337,2089,2345,2181,2149,2258,2204,2170,2281,2280,2139,2279,2237,2132,2115,2127,2076,2045,2236,2140,2043
2092: 2176,2037,2133,2093,2144,2160,2163,2062,2175,2064,2188,2113,2054,2134,2049,2012,2108,2065,2011,2080,2063,2032,2102
2093: 2144,2160,2122,2169,2177,2130,2138,2256,2162,2259,2135,2147,1982,2143,2163,2062,2175,2064,2137,2114,2113,2054,2134,2092,2176,2037,2133
2094: 2342,2338,2282,2339,2337,2347,2253,2244,2246,2044,2240,2245,2381,2382,2344,2408,2275,2234,2159,2283,2323,2110,2089,2345,2404,2181,2258,2204,2272,2091,2276,2261,2201,2281,2280,2139,2279,2237,2132
2095: 2087,2050,583,2229,2121,2099,2570
2096: 571,2290,940,2580
2097: 2145,2199,2198,2260,2254,2161
2098: 2042,2236,2140,2043,2145,2198,1966,2074,2030,2141,568
2099: 2229,2121,2228,2038,2227,2137,2114,2087,2050,2570,2095
2101: 2034,2053,1973,1947
2102: 2092,2037,2049,2012,2108,2115,2076,2063,2032,2047,2090,2075
2202: 2142,2278,2205,2270,2346,2367,2190,2231,2318,2316,2180,2317,1961,2155,2353,2235,2112,2167,2122,2169,2177,2130,2120,2103,2135,2147,1982,2143,2144
2110: 2234,2159,2283,2323,2288,2312,2216,2300,2253,2244,2351,2246,2044,2240,2245,2381,2107,2150,2094,2338,2282,2339,2337,2347,2184,2181,2258,2276,2261
2201: 2272,2091,2276,2261,2094,2339,2337,2089,2345,2181,2258,2204,2281,2280,2139,2279,2237,2132,2115,2076,2045,2236,2140,2043
2112: 2226,2155,2353,2235,2178,2315,2313,2314,2321,2341,2156,2319,2318,2316,2180,2317,1961,2238,2225,2202,2142,2278,2205,2122,2169,2177,2130,2256,2162,2129,2248
2114: 2137,2120,2135,2077,2147,1982,2143,2093,2144,2160,2228,2038,2227,2113,2054,2134,2121,2099,2080
2115: 2127,2076,2045,2187,2181,2149,2258,2204,2170,2272,2091,2201,2049,2012,2108,2236,2140,2102,2047,2090,2075,1966
2116: 1985,1950
2117: 2206,916,2053,1973,1947
2119: 2007,2026
2120: 2103,2210,2232,2167,2202,2142,2278,2205,2135,2077,2147,1982,2143,2104,2228,2038,2137,2114
2121: 2229,2099,2228,2038,2227,2114,2087,2050,2570,2095
2122: 2169,2177,2130,2318,2317,1961,2155,2353,2235,2112,2225,2202,2142,2278,2205,2247,2256,2162,2129,2248,2135,2077,2147,1982,2143,2093,2144,2160,2163,2062
2123: 2586,2566,2468
2238: 2251,2131,2225,2250,2321,2341,2420,2156,2319,2309,2308,2016,2154,2322,2289,2331,2330,2214,2218,2226,2155,2353,2235,2112,2219,2288,2252,2312,2177,2247,2249,2256,2129,2248,2107
2129: 2247,2138,2249,2256,2162,2248,2259,2226,2155,2353,2235,2112,2238,2251,2131,2225,2250,2219,2288,2252,2312,2122,2169,2177,2130,2107,2150,2185,2163,2062,2175,2183
2130: 2122,2169,2177,2155,2353,2235,2112,2131,2225,2202,2142,2278,2205,2247,2138,2249,2256,2162,2129,2248,2259,2135,2147,1982,2143,2093,2144,2160,2163,2062,2175,2064
2131: 2238,2251,2225,2250,2341,2156,2309,2308,2016,2154,2322,2289,2331,2330,2214,2218,2226,2155,2235,2219,2288,2252,2312,2177,2130,2247,2138,2249,2256,2162,2129,2248,2259,2107,2150,2185
2134: 2113,2054,2135,2077,2147,1982,2143,2093,2144,2160,2163,2062,2064,2137,2114,2092,2176,2037,2133,2080
2135: 2077,2147,1982,2143,2202,2142,2278,2205,2122,2169,2177,2130,2120,2093,2144,2160,2137,2114,2113,2134
2258: 2181,2149,2204,2170,2107,2150,2185,2234,2159,2283,2323,2110,2094,2338,2282,2339,2337,2347,2182,1994,2188,2186,2183,2187,2184,2272,2091,2276,2261,2201,2012,2115,2127,2076,2045,2140
2137: 2114,2120,2135,2077,2147,1982,2143,2093,2144,2160,2113,2054,2134,2099,2080
2138: 2247,2249,2256,2162,2129,2248,2259,2235,2251,2131,2225,2250,2219,2252,2312,2177,2130,2107,2150,2185,2093,2160,2163,2062,2175,2064,2182,1994,2188,2186,2183,2187,2184
2139: 2281,2280,2279,2237,2132,2094,2338,2282,2339,2337,2089,2345,2404,2002,2193,2191,2272,2091,2276,2261,2201,2329,2197,2196,2236,2140,2043,2199,2260
2140: 2236,2181,2258,2204,2272,2091,2276,2261,2201,2281,2280,2139,2279,2237,2132,2115,2076,2045,2043,2098,2042
2141: 2074,2030,2047,2090,2075,1966,2098,2042,568
2142: 2202,2278,2205,2270,2190,2318,2316,2180,2317,1961,2353,2235,2112,2167,2122,2169,2177,2130,2120,2103,2135,2077,2147,1982,2143,2144,2160
2148: 2224,2498,2499,926
2149: 2181,2258,2204,2170,2107,2150,2185,2234,2159,2283,2323,2282,2337,2182,1994,2188,2186,2183,2187,2184,2272,2091,2261,2049,2012,2115,2127,2076,2045
2150: 2107,2185,2251,2131,2225,2250,2219,2288,2252,2312,2216,2300,2253,2244,2351,2246,2247,2138,2249,2256,2162,2129,2248,2259,2234,2159,2283,2323,2110,2175,2182,1994,2188,2186,2183,2187,2184,2181,2149,2258
2151: 2527,2428,540,2529,2125,2542
2152: 2433,2512,2427,2487,2429,2480,2477,2456,2485,2377,2476,2475,2523,2364,2461,2376,2417,2157,2465,915,2357,2352,2414,2355,2379,2419,2416,2310,2378,2265,2365
2377: 2476,2475,2523,2487,2429,2480,2477,2456,2485,853,1677,2364,2461,2376,2417,2157,2433,2512,2152,2427,2465,915
2154: 2309,2308,2016,2322,2289,2357,2158,2355,2419,2310,2265,2365,2321,2341,2420,2156,2319,2331,2330,2214,2218,2226,2155,2353,2235,2238,2251,2131,2225,2250,2219,2288,2252,2312
2155: 2226,2353,2235,2112,2178,2315,2313,2314,2321,2341,2420,2156,2319,2309,2308,2016,2154,2322,2289,2318,2316,2180,1961,2238,2251,2131,2225,2250,2202,2278,2205,2122,2177,2130,2247,2249,2256,2162,2129,2248
2156: 2321,2341,2420,2319,2406,2320,2357,2158,2414,2355,2419,2310,2265,2365,2178,2055,2315,2313,2400,2314,2309,2308,2016,2154,2322,2289,2318,2316,2180,1961,2226,2155,2353,2235,2112,2238,2251,2131,2225
2157: 2461,2376,2417,2487,2429,2480,2456,2485,2377,2475,2466,2431,2402,2433,2512,2152,2427,2406,2320,2415,2356,2357,2158,2352,2414,2355,2379,2419,2416,2310,2378,2265,2365
2158: 2357,2352,2414,2355,2379,2431,2461,2376,2417,2157,2406,2320,2415,2356,2432,2419,2416,2310,2378,2265,2365,2178,2055,2315,2313,2400,2314,2321,2341,2420,2156,2319,2308,2154,2322
2159: 2234,2283,2323,2110,2219,2288,2252,2312,2216,2300,2253,2244,2246,2240,2107,2150,2185,2094,2338,2282,2337,2347,2182,1994,2188,2186,2183,2187,2184,2181,2149,2258,2170,2261
2160: 2093,2144,2142,2122,2169,2177,2130,2138,2256,2162,2259,2135,2147,1982,2143,2163,2062,2175,2064,2137,2114,2113,2054,2134,2092,2176,2037,2133
2161: 2145,2199,2198,2260,2254,2097,2173,2358
2164: 2104,1976,2103,2228,2038,2227,2087,2050,583,2229
2165: 2349,2212,2031
2166: 2383,2385,2302,2384,2443,2168,2445,2399,2479,2306,2301,2305,2233,2307,2105,2348,2208,2359,1997,2346,2367,2231
2167: 2208,2359,1997,2270,2346,2367,2190,2231,2318,2316,2180,2317,2210,2232,2202,2142,2278,2205,2120,2103,2077,2147,2143
2168: 2443,2445,588,2556,2481,2458,1989,455,2459,2399,2479,2233,2383,2166,2385,2302,2384
2169: 2122,2177,2130,1961,2353,2235,2112,2225,2202,2142,2278,2205,2247,2256,2162,2129,2248,2135,2077,2147,1982,2143,2093,2144,2160,2163,2062
2170: 2181,2149,2258,2204,2107,2185,2234,2159,2323,2182,1994,2188,2186,2183,2187,2184,2272,2091,2261,2049,2012,2108,2115,2127,2076,2045
2406: 2320,2415,2356,2432,2431,2402,2461,2376,2417,2157,2306,2301,2403,2305,2357,2158,2352,2414,2355,2379,2389,2304,2307,2105,2178,2055,2315,2313,2400,2314,2321,2341,2420,2156,2319
2558: 502,1913,1979,1883,1867,1905,1872,2509,2571
2173: 2358,2161,2549
2174: 2455,2396
2175: 2163,2062,2064,2177,2130,2247,2138,2249,2256,2162,2129,2248,2259,2107,2150,2185,2093,2144,2160,2182,1994,2188,2186,2183,2187,2184,2092,2176,2037,2133,2049,2012,2108
2176: 2092,2037,2133,2093,2144,2160,2163,2062,2175,2064,2182,1994,2188,2186,2183,2187,2113,2054,2134,2049,2012,2108,2080,2063,2032
2177: 2122,2169,2130,2318,2316,1961,2226,2155,2353,2235,2112,2238,2251,2131,2225,2250,2202,2142,2278,2205,2247,2138,2249,2256,2162,2129,2248,2259,2135,1982,2143,2093,2144,2160,2163,2062,2175
2178: 2055,2315,2313,2400,2314,2306,2301,2305,2406,2320,2356,2357,2158,2414,2355,2389,2304,2307,2105,2321,2341,2420,2156,2319,2270,2367,2190,2318,2316,2180,2317,1961,2226,2155,2353,2235,2112
2179: 2434,2471,2522,2484,2430,2547,2548,2530,2524,2222,2460,2458,2303,1989,2482,2466,2431,2402,2459,2399,2306,2301,2403,2305,2432
2180: 2318,2316,2317,1961,2389,2304,2307,2105,2178,2055,2315,2313,2400,2314,2321,2156,2319,2270,2346,2367,2190,2231,2155,2353,2235,2112,2167,2202,2142,2278,2205
2181: 2149,2258,2204,2170,2107,2150,2185,2234,2159,2283,2323,2110,2094,2338,2282,2339,2337,2182,1994,2188,2186,2183,2187,2184,2272,2091,2276,2261,2201,2012,2115,2127,2076,2045,2140
2182: 1994,2188,2186,2183,2187,2184,2138,2162,2259,2107,2150,2185,2234,2159,2283,2323,2163,2062,2175,2064,2181,2149,2258,2204,2170,2176,2133,2049,2012,2108,2127,2076,2045
2183: 2182,1994,2188,2186,2187,2184,2247,2138,2249,2256,2162,2129,2259,2107,2150,2185,2234,2159,2283,2323,2163,2062,2175,2064,2181,2149,2258,2170,2176,2133,2012,2127
2184: 2182,1994,2188,2186,2183,2187,2138,2249,2162,2259,2107,2150,2185,2234,2159,2283,2323,2110,2175,2064,2181,2149,2258,2204,2170,2012,2127,2045
2185: 2107,2150,2131,2250,2219,2252,2312,2247,2138,2249,2256,2162,2129,2248,2259,2234,2159,2283,2323,2163,2062,2175,2064,2182,1994,2188,2186,2183,2187,2184,2181,2149,2258,2170
2186: 2182,1994,2188,2183,2187,2184,2138,2256,2162,2259,2107,2150,2185,2159,2323,2163,2062,2175,2064,2181,2149,2258,2204,2170,2176,2037,2133,2049,2012,2108,2127,2076,2045
2187: 2182,1994,2188,2186,2183,2184,2138,2259,2107,2150,2185,2234,2159,2323,2062,2175,2064,2181,2149,2258,2204,2170,2176,2049,2012,2108,2115,2127,2076,2045
2188: 2182,1994,2186,2183,2187,2184,2138,2256,2162,2259,2107,2150,2185,2159,2323,2163,2062,2175,2064,2181,2149,2258,2170,2092,2176,2037,2133,2049,2012,2108,2127,2076,2045
2189: 2255,2021,2594,966,1991,1886,2579,977
2191: 2002,2193,2066,2382,2275,2277,2405,2435,2195,2089,2345,2404,2332,2395,2391,2281,2280,2139,2279,2237,2132,2329,2197,2196,2335,2271
2622: 2606,2620,2616,2567,2618,2576,2603,2599,2614,2612,2610,2609,2564,2613
2193: 2002,2191,2066,2382,2275,2277,2340,2405,2437,2435,2195,2089,2345,2404,2332,2395,2391,2281,2280,2139,2279,2237,2132,2329,2197,2196,2335,2271
2344: 2382,2408,2275,2243,2293,2324,2241,2325,2424,2386,2046,2242,2425,2423,2044,2240,2245,2381,2277,2340,2405,2437,2094,2338,2347,2404
2195: 2435,2425,2423,2277,2340,2405,2437,2002,2193,2191,2066,2332,2395,2391,2422,2474
2196: 2329,2197,2089,2345,2404,2002,2193,2191,2066,2332,2395,2391,2281,2280,2139,2279,2237,2132,2335,2271,2199,2198,2260,2254
2197: 2329,2196,2089,2345,2404,2002,2193,2191,2066,2332,2395,2391,2281,2280,2139,2279,2237,2132,2335,2271,2145,2199,2198,2260,2254
2198: 2145,2199,2260,2237,2132,2329,2197,2196,2271,2043,2254,2098,2042,2097,2161
2199: 2145,2198,2260,2281,2280,2139,2279,2237,2132,2329,2197,2196,2335,2271,2043,2254,2097,2161
2343: 2436,2519
2203: 1936,1967,2393
2204: 2181,2149,2258,2170,2234,2323,2094,2282,2339,2337,2182,1994,2186,2187,2184,2272,2091,2276,2261,2201,2012,2115,2127,2076,2045,2236,2140
2205: 2202,2142,2278,2270,2190,2318,2316,2180,2317,1961,2226,2155,2353,2235,2112,2167,2122,2169,2177,2130,2120,2135,2147,1982,2143,2144
2206: 2117,916,2053,1973,1947
2207: 2213,2211,2418,2426,2348,2359,1997,2366,2210,2232,2031,1976
2208: 2359,1997,2233,2383,2166,2385,2302,2384,2389,2304,2307,2105,2348,2270,2346,2367,2190,2231,2213,2210,2232,2167
2209: 2446,2448,2447,2491,2444,2360,588,455
2210: 2232,2348,2208,2359,1997,2270,2346,2190,2231,2213,2207,2211,2167,1976,2120,2103
2211: 2213,2207,2426,2348,2359,1997,2366,2210,2232,2031,1976
2212: 2031,2165,2349
2213: 2207,2211,2426,2348,2208,2359,1997,2366,2210,2232,2031,1976
2214: 2331,2330,2218,2267,2265,2365,2333,2409,2263,2394,2309,2308,2016,2154,2322,2289,2374,2024,2311,2299,2215,2238,2251,2131,2225,2250,2219,2288,2252,2312,2216,2300,2253,2244,2351
2215: 2374,2024,2311,2299,2333,2394,2331,2330,2214,2218,2267,2243,2293,2324,2241,2325,2219,2288,2312,2216,2300,2253,2244,2351,2246,2044,2240,2245,2381
2216: 2300,2253,2244,2351,2246,2331,2330,2214,2218,2267,2374,2024,2311,2299,2215,2243,2325,2219,2288,2252,2312,2044,2240,2107,2150,2234,2159,2283,2110,2347
2217: 2361,2362,2292,2040,2392,2410,2266,2334,2454,2363,2411,2505,2373,2394,2262,2439,2374,2299,2243,2293,2324,2241,2046
2218: 2331,2330,2214,2267,2419,2416,2310,2378,2265,2365,2333,2409,2263,2394,2262,2309,2308,2016,2154,2322,2289,2374,2024,2311,2299,2215,2238,2251,2131,2225,2250,2219,2288,2252,2312,2216,2300,2351
2219: 2288,2252,2312,2309,2308,2016,2154,2289,2331,2330,2214,2218,2267,2024,2311,2215,2238,2251,2131,2225,2250,2216,2300,2253,2244,2351,2246,2247,2138,2249,2129,2248,2107,2150,2185,2159,2283
2353: 2226,2155,2235,2112,2178,2315,2313,2400,2314,2321,2341,2420,2156,2319,2154,2322,2318,2316,2180,2317,1961,2238,2225,2202,2142,2278,2205,2122,2169,2177,2130,2256,2129,2248
2223: 2580,1939,2072
2224: 2148,2498,2499,926
2225: 2238,2251,2131,2250,2321,2341,2420,2156,2319,2309,2308,2016,2154,2322,2289,2331,2214,2218,2226,2155,2353,2235,2112,2219,2288,2252,2312,2122,2169,2177,2130,2247,2138,2249,2256,2162,2129,2248,2259,2107,2150
2226: 2155,2353,2235,2112,2178,2315,2313,2314,2321,2341,2420,2156,2319,2309,2308,2016,2154,2322,2289,2318,2316,1961,2238,2251,2131,2225,2250,2205,2177,2247,2249,2256,2129,2248
2227: 2228,2038,2077,2147,2164,2104,2114,2087,2050,583,2229,2121,2099
2228: 2038,2227,2120,2077,2147,2164,2104,2114,2087,2050,2229,2121,2099
2229: 2121,2099,2164,2104,2228,2038,2227,2087,2050,583,2570,2095
2437: 2277,2340,2405,2424,2386,2046,2242,2425,2423,2382,2344,2408,2275,2435,2195,2404,2002,2193
2231: 2270,2346,2367,2190,2383,2166,2385,2302,2384,2389,2304,2307,2105,2208,2359,1997,2318,2316,2180,2317,2210,2232,2167,2202,2278
2235: 2226,2155,2353,2112,2178,2313,2314,2321,2341,2156,2319,2154,2289,2318,2316,2180,2317,1961,2238,2251,2131,2225,2250,2202,2142,2278,2205,2122,2169,2177,2130,2247,2138,2249,2256,2162,2129,2248
2236: 2140,2204,2272,2091,2276,2201,2280,2139,2237,2132,2115,2076,2045,2043,2090,2075,2098,2042
2237: 2281,2280,2139,2279,2132,2094,2338,2339,2089,2345,2404,2002,2193,2191,2066,2272,2091,2276,2261,2201,2329,2197,2196,2236,2140,2043,2145,2199,2198,2260
2599: 2603,2567,2618,1899,2582,2606,2616,2622,2600,2598,2562,2610,2609,2564,2613
2240: 2044,2245,2381,2215,2243,2324,2241,2325,2216,2300,2253,2244,2351,2246,2382,2344,2408,2275,2234,2159,2283,2323,2110,2342,2094,2338,2282,2339,2337,2347,2089,2345
2241: 2243,2293,2324,2325,2217,2361,2362,2292,2439,2374,2299,2215,2424,2386,2046,2244,2351,2246,2044,2240,2245,2381,2382,2344,2408,2275
2242: 2425,2423,2439,2438,2291,2388,2424,2386,2046,2382,2344,2408,2275,2277,2340,2405,2437
2243: 2293,2324,2241,2325,2394,2262,2217,2361,2362,2292,2439,2374,2024,2311,2299,2215,2386,2046,2216,2300,2253,2244,2351,2246,2044,2240,2245,2381,2344,2408
2244: 2216,2300,2253,2351,2246,2331,2214,2374,2024,2311,2299,2215,2243,2293,2324,2241,2325,2219,2288,2312,2044,2240,2245,2381,2107,2150,2234,2159,2283,2323,2110,2094,2338,2282,2339,2337,2347
2245: 2044,2240,2381,2215,2243,2293,2324,2241,2325,2424,2386,2046,2253,2244,2351,2246,2382,2344,2408,2275,2234,2283,2110,2094,2338,2282,2339,2337,2347,2089,2345,2404
2246: 2216,2300,2253,2244,2351,2374,2024,2311,2299,2215,2243,2293,2324,2241,2325,2219,2288,2312,2044,2240,2245,2381,2107,2150,2234,2159,2283,2323,2110,2094,2338,2282,2339,2337,2347
2247: 2138,2249,2256,2162,2129,2248,2259,2226,2155,2235,2238,2251,2131,2225,2250,2219,2288,2252,2312,2122,2169,2177,2130,2107,2150,2185,2163,2062,2175,1994,2183
2248: 2247,2138,2249,2256,2162,2129,2259,2226,2155,2353,2235,2112,2238,2251,2131,2225,2250,2219,2288,2252,2312,2122,2169,2177,2130,2107,2150,2185,2163,2062,2175
2249: 2247,2138,2256,2162,2129,2248,2259,2226,2155,2235,2238,2251,2131,2225,2250,2219,2288,2252,2312,2177,2130,2107,2150,2185,2163,2175,1994,2183,2184
2250: 2238,2251,2131,2225,2309,2308,2016,2154,2289,2331,2330,2214,2218,2226,2155,2235,2219,2288,2252,2312,2177,2247,2138,2249,2256,2162,2129,2248,2259,2107,2150,2185
2251: 2238,2131,2225,2250,2341,2420,2156,2309,2308,2016,2154,2322,2289,2331,2330,2214,2218,2226,2155,2235,2219,2288,2252,2312,2177,2247,2138,2249,2256,2162,2129,2248,2259,2107,2150
2252: 2219,2288,2312,2309,2308,2016,2154,2289,2331,2330,2214,2218,2024,2311,2238,2251,2131,2225,2250,2216,2300,2253,2247,2138,2249,2256,2162,2129,2248,2259,2107,2150,2185,2159,2283
2253: 2216,2300,2244,2351,2246,2331,2214,2374,2024,2311,2299,2215,2243,2325,2219,2288,2252,2312,2044,2240,2245,2381,2107,2150,2234,2159,2283,2323,2110,2094,2338,2282,2347
2254: 2329,2197,2196,2335,2271,2145,2199,2198,2260,2097,2161
2256: 2247,2138,2249,2162,2129,2248,2259,2226,2155,2353,2235,2112,2238,2251,2131,2225,2250,2252,2122,2169,2177,2130,2107,2150,2185,2093,2144,2160,2163,2062,2175,2064,1994,2188,2186,2183
2257: 1787,1697
2259: 2247,2138,2249,2256,2162,2129,2248,2251,2131,2225,2250,2252,2312,2177,2130,2107,2150,2185,2093,2160,2163,2062,2175,2064,2182,1994,2188,2186,2183,2187,2184
2260: 2145,2199,2198,2281,2280,2139,2279,2237,2132,2329,2197,2196,2335,2271,2043,2254,2097,2161
2262: 2394,2465,1700,1671,915,2040,2392,2410,2266,2334,2454,2363,2333,2409,2263,2217,2361,2362,2292,2330,2218,2267,2374,2024,2311,2299,2243,2293,2325
2263: 2333,2409,2465,1700,1671,915,2040,2392,2410,2266,2416,2378,2265,2365,2394,2262,2309,2308,2016,2331,2330,2214,2218,2267,2374,2024,2311,2299
2600: 2598,2562,2618,1899,2582,1926,2603,2599,2528,2613
2265: 2419,2416,2310,2378,2365,2376,2157,2433,2152,915,2357,2158,2352,2414,2355,2379,2333,2409,2263,2321,2341,2420,2156,2319,2309,2308,2016,2154,2322,2289,2331,2330,2214,2218,2267
2266: 1701,2040,2392,2410,2364,2268,2463,2462,1700,1671,915,2334,2454,2363,2333,2409,2263,2394,2262,2217,2361,2362,2292
2267: 2331,2330,2214,2218,2265,2365,2333,2409,2263,2394,2262,2309,2308,2016,2289,2374,2024,2311,2299,2215,2219,2288,2216,2300,2351
2268: 2463,2462,2488,2464,2441,2507,2040,2392,2410,2266,2334,2454,2363,2411,2505,2373
2307: 2389,2304,2105,2459,2399,2479,2306,2301,2403,2305,2406,2320,2415,2356,2432,2383,2166,2385,2302,2384,2178,2055,2315,2313,2400,2314,2208,2359,2270,2346,2367,2190,2231,2318,2316,2180,2317
2270: 2346,2367,2190,2231,2302,2384,2389,2304,2307,2105,2178,2400,2314,2208,2359,1997,2318,2316,2180,2317,1961,2210,2232,2167,2202,2142,2278,2205
2271: 2335,2002,2193,2191,2066,2332,2395,2391,2422,2474,2329,2197,2196,2199,2198,2260,2254
2272: 2091,2276,2261,2201,2234,2323,2094,2338,2282,2339,2337,2089,2181,2149,2258,2204,2170,2280,2139,2279,2237,2132,2115,2127,2076,2045,2236,2140,2043
2469: 2589,2587,2588,2557,2591,2514,2601,2490,2574,2617
2274: 2146
2275: 2382,2344,2408,2324,2241,2424,2386,2046,2242,2044,2240,2245,2381,2277,2340,2405,2437,2094,2338,2282,2339,2337,2347,2089,2345,2404,2002,2193,2191
2276: 2272,2091,2261,2201,2234,2323,2110,2342,2094,2338,2282,2339,2337,2347,2089,2345,2404,2181,2258,2204,2281,2280,2139,2279,2237,2132,2045,2236,2140,2043
2277: 2340,2405,2437,2424,2386,2242,2425,2423,2382,2344,2408,2275,2435,2195,2089,2345,2404,2002,2193,2191,2066,2332,2395,2391
2278: 2202,2142,2205,2270,2346,2367,2190,2231,2318,2316,2180,2317,1961,2155,2353,2235,2112,2167,2122,2169,2177,2130,2120,2103,2135,2147,1982,2143,2144
2279: 2281,2280,2139,2237,2132,2094,2338,2339,2337,2089,2345,2404,2002,2193,2191,2066,2272,2091,2276,2261,2201,2329,2197,2196,2140,2043,2199,2260
2280: 2281,2139,2279,2237,2132,2094,2338,2282,2339,2337,2089,2345,2404,2002,2193,2191,2272,2091,2276,2261,2201,2329,2197,2196,2236,2140,2043,2199,2260
2282: 2342,2094,2338,2339,2337,2347,2253,2244,2246,2044,2240,2245,2381,2275,2234,2159,2283,2323,2110,2089,2345,2181,2149,2258,2204,2272,2091,2276,2261,2280,2139
2283: 2234,2159,2323,2110,2219,2288,2252,2312,2216,2300,2253,2244,2351,2246,2044,2240,2245,2381,2107,2150,2185,2094,2338,2282,2339,2337,2347,2182,1994,2183,2184,2181,2149,2258,2261
2345: 2089,2404,2240,2245,2381,2382,2275,2277,2405,2094,2338,2282,2339,2337,2347,2002,2193,2191,2091,2276,2261,2201,2281,2280,2139,2279,2237,2132,2197,2196
2285: 2592,2550,2467,2543,2495,2514,2398,2585,2573
2286: 2545,2584,2449,2595,1773,2350
2287: 2503,2360,2519
2288: 2219,2252,2312,2309,2308,2016,2154,2289,2331,2330,2214,2218,2267,2024,2311,2299,2215,2238,2251,2131,2225,2250,2216,2300,2253,2244,2351,2246,2247,2249,2129,2248,2107,2150,2159,2283,2110
2290: 571,2096,940,2580
2291: 2438,2388,2497,2411,2452,2294,2439,2544,2424,2386,2046,2242,2425,2423
2292: 2217,2361,2362,2410,2266,2334,2363,2411,2505,2373,2394,2262,2439,2374,2299,2243,2293,2324,2241,2325,2424,2386,2046
2293: 2243,2324,2241,2325,2394,2262,2217,2361,2362,2292,2439,2374,2024,2311,2299,2215,2424,2386,2046,2244,2351,2246,2044,2245,2381,2382,2344,2408
2294: 2452,2441,2507,2411,2505,2373,2438,2291,2497
2601: 2490,2574,2617,2514,2398,2585,2573,2589,2587,2469,2588
2543: 2550,2467,2592,2285,2514,2398,2585,2573
2439: 2334,2454,2363,2411,2505,2373,2217,2361,2362,2292,2438,2291,2388,2243,2293,2324,2241,2325,2424,2386,2046,2242,2423
2525: 2371,1790,2396
2299: 2374,2024,2311,2215,2333,2409,2263,2394,2262,2217,2362,2292,2331,2330,2214,2218,2267,2243,2293,2324,2241,2325,2288,2216,2300,2253,2244,2351,2246,2044
2300: 2216,2253,2244,2351,2246,2331,2330,2214,2218,2267,2374,2024,2311,2299,2215,2243,2325,2219,2288,2252,2312,2044,2240,2107,2150,2234,2159,2283,2110,2347
2301: 2306,2403,2305,2460,2458,2303,1989,2179,2434,2431,2459,2399,2479,2406,2320,2415,2356,2432,2383,2166,2385,2302,2384,2389,2304,2307,2105,2178,2055,2315,2313,2400
2302: 2383,2166,2385,2384,2443,2168,2445,2459,2399,2479,2306,2301,2403,2305,2233,2389,2304,2307,2105,2348,2208,2359,1997,2270,2346,2367,2190,2231
2303: 2460,2458,1989,2482,2555,2471,2522,2484,2430,2547,2556,2481,2179,2459,2399,2479,2306,2301
2304: 2389,2307,2105,2306,2301,2403,2305,2406,2320,2432,2383,2385,2302,2178,2055,2315,2313,2400,2314,2208,2359,2270,2346,2367,2190,2231,2318,2316,2180,2317,1961
2305: 2306,2301,2403,2460,2458,1989,2179,2431,2459,2399,2479,2406,2320,2415,2356,2432,2383,2166,2385,2302,2384,2389,2304,2307,2105,2178,2055,2315,2313,2400,2314
2306: 2301,2403,2305,2460,2458,2303,1989,2482,2179,2434,2431,2402,2459,2399,2479,2406,2320,2415,2356,2432,2383,2166,2385,2302,2384,2389,2304,2307,2105,2178,2055,2315,2313,2400
2308: 2309,2016,2154,2322,2289,2357,2158,2352,2414,2355,2379,2419,2416,2310,2378,2265,2365,2333,2263,2321,2341,2420,2156,2319,2331,2330,2214,2218,2267,2226,2155,2238,2251,2131,2225,2250,2219,2288,2252
2309: 2308,2016,2154,2322,2289,2357,2419,2416,2310,2378,2265,2365,2333,2263,2341,2420,2156,2331,2330,2214,2218,2267,2226,2155,2238,2251,2131,2225,2250,2219,2288,2252,2312
2310: 2419,2416,2378,2265,2365,2461,2376,2417,2157,2433,2152,915,2357,2158,2352,2414,2355,2379,2321,2341,2420,2156,2319,2309,2308,2016,2154,2322,2289,2330,2218
2313: 2178,2055,2315,2400,2314,2306,2301,2305,2406,2320,2415,2356,2432,2357,2158,2355,2389,2304,2307,2105,2321,2341,2420,2156,2319,2367,2190,2318,2316,2180,2317,1961,2226,2155,2353,2235,2112
2314: 2178,2055,2315,2313,2400,2305,2406,2320,2356,2357,2158,2355,2389,2304,2307,2105,2321,2341,2420,2156,2319,2270,2190,2318,2316,2180,2317,1961,2226,2155,2353,2235,2112
2315: 2178,2055,2313,2400,2314,2306,2301,2403,2305,2406,2320,2415,2356,2432,2357,2158,2414,2355,2389,2304,2307,2105,2321,2341,2420,2156,2319,2367,2190,2318,2316,2180,2317,1961,2226,2155,2353,2112
2316: 2318,2180,2317,1961,2389,2304,2307,2105,2178,2055,2315,2313,2400,2314,2321,2341,2156,2319,2270,2346,2367,2190,2231,2226,2155,2353,2235,2112,2167,2202,2142,2278,2205,2177
2317: 2318,2316,2180,1961,2389,2304,2307,2105,2178,2055,2315,2313,2400,2314,2321,2319,2270,2346,2367,2190,2231,2353,2235,2112,2167,2202,2142,2278,2205,2122
2318: 2316,2180,2317,1961,2389,2304,2307,2105,2178,2055,2315,2313,2400,2314,2321,2341,2420,2156,2319,2270,2346,2367,2190,2231,2226,2155,2353,2235,2112,2167,2202,2142,2278,2205,2122,2177
2319: 2321,2341,2420,2156,2406,2320,2415,2356,2432,2357,2158,2352,2414,2355,2379,2419,2310,2265,2178,2055,2315,2313,2400,2314,2308,2016,2154,2322,2318,2316,2180,2317,1961,2226,2155,2353,2235,2112,2238,2225
2320: 2406,2415,2356,2432,2431,2402,2461,2376,2417,2157,2306,2301,2403,2305,2357,2158,2352,2414,2355,2379,2389,2304,2307,2178,2055,2315,2313,2400,2314,2321,2341,2420,2156,2319
2322: 2309,2308,2016,2154,2289,2357,2158,2352,2414,2355,2379,2419,2416,2310,2378,2265,2365,2321,2341,2420,2156,2319,2331,2330,2214,2218,2226,2155,2353,2238,2251,2131,2225
2323: 2234,2159,2283,2110,2312,2253,2244,2246,2240,2107,2150,2185,2094,2338,2282,2339,2337,2347,2182,1994,2188,2186,2183,2187,2184,2181,2149,2258,2204,2170,2272,2091,2276,2261
2324: 2243,2293,2241,2325,2217,2361,2362,2292,2439,2374,2311,2299,2215,2424,2386,2046,2244,2351,2246,2044,2240,2245,2381,2382,2344,2408,2275
2325: 2243,2293,2324,2241,2394,2262,2362,2292,2439,2374,2024,2311,2299,2215,2386,2046,2216,2300,2253,2244,2351,2246,2044,2240,2245,2381,2344,2408
2523: 2377,2476,2475,2487,2429,2480,2477,2456,2485,853,1677,2364,2376,2433,2512,2152,2427,2465,915
2407: 2551,2565,589,2442,918,1477,1341
2567: 560,2605,2618,2576,2606,2620,2616,2622,2603,2599
2329: 2197,2196,2404,2002,2193,2191,2066,2332,2395,2391,2281,2280,2139,2279,2237,2132,2335,2271,2145,2199,2198,2260,2254
2330: 2331,2214,2218,2267,2419,2416,2310,2378,2265,2365,2333,2409,2263,2394,2262,2309,2308,2016,2154,2322,2289,2374,2024,2311,2299,2215,2238,2251,2131,2250,2219,2288,2252,2312,2216,2300,2351
2331: 2330,2214,2218,2267,2265,2365,2333,2263,2309,2308,2016,2154,2322,2289,2374,2024,2311,2299,2215,2238,2251,2131,2225,2250,2219,2288,2252,2312,2216,2300,2253,2244,2351
2332: 2395,2391,2277,2405,2435,2195,2002,2193,2191,2066,2422,2474,2329,2197,2196,2335,2271
2333: 2409,2263,915,2040,2392,2266,2378,2265,2365,2394,2262,2309,2308,2016,2289,2331,2330,2214,2218,2267,2374,2024,2311,2299,2215
2334: 2454,2363,2488,2464,2268,2463,2462,2040,2392,2410,2266,2411,2505,2373,2394,2262,2217,2361,2362,2292,2439
2335: 2271,2002,2193,2191,2066,2332,2395,2391,2422,2474,2329,2197,2196,2199,2260,2254
2336: 2070,911
2337: 2342,2094,2338,2282,2339,2347,2244,2246,2240,2245,2381,2275,2234,2159,2283,2323,2110,2089,2345,2181,2149,2258,2204,2272,2091,2276,2261,2201,2281,2280,2139,2279,2132
2338: 2342,2094,2282,2339,2337,2347,2253,2244,2351,2246,2044,2240,2245,2381,2382,2344,2408,2275,2234,2159,2283,2323,2110,2089,2345,2404,2181,2258,2272,2091,2276,2261,2281,2280,2139,2279,2237,2132
2339: 2342,2094,2338,2282,2337,2347,2244,2246,2044,2240,2245,2381,2382,2408,2275,2234,2283,2323,2110,2089,2345,2404,2181,2258,2204,2272,2091,2276,2261,2201,2281,2280,2139,2279,2237,2132
2340: 2277,2405,2437,2424,2386,2046,2242,2425,2423,2382,2344,2408,2275,2435,2195,2404,2002,2193
2341: 2321,2420,2156,2319,2406,2320,2356,2357,2158,2352,2414,2355,2379,2419,2310,2265,2365,2178,2055,2315,2313,2400,2314,2309,2308,2016,2154,2322,2289,2318,2316,1961,2226,2155,2353,2235,2112,2238,2251,2131,2225
2342: 2094,2338,2282,2339,2337,2347,2240,2234,2276,2261
2348: 2233,2383,2166,2385,2302,2384,2418,2426,2208,2359,1997,2366,2213,2207,2211,2210
2349: 2165,2212,2031
2350: 1773,2621,2596,2545,2286,2584,2449,2595,2581
2351: 2216,2300,2253,2244,2246,2331,2330,2214,2218,2267,2374,2024,2311,2299,2215,2243,2293,2324,2241,2325,2219,2288,2312,2044,2240,2245,2381,2107,2150,2234,2283,2110,2338,2347
2352: 2357,2158,2414,2355,2379,2466,2431,2402,2461,2376,2417,2157,2433,2512,2152,2427,2406,2320,2415,2356,2432,2419,2416,2310,2378,2265,2365,2055,2400,2321,2341,2420,2319,2308,2322
2590: 2575,2604,2585,2573,1454,1323
2355: 2357,2158,2352,2414,2379,2431,2461,2376,2417,2157,2152,2406,2320,2415,2356,2432,2419,2416,2310,2378,2265,2365,2178,2055,2315,2313,2400,2314,2321,2341,2420,2156,2319,2308,2016,2154,2322
2356: 2406,2320,2415,2432,2434,2466,2431,2402,2461,2376,2417,2157,2306,2301,2403,2305,2357,2158,2352,2414,2355,2379,2307,2178,2055,2315,2313,2400,2314,2321,2341,2420,2319
2357: 2158,2352,2414,2355,2379,2461,2376,2417,2157,2152,2406,2320,2415,2356,2419,2416,2310,2378,2265,2365,2178,2055,2315,2313,2400,2314,2321,2341,2420,2156,2319,2309,2308,2016,2154,2322
2358: 2173,2161,2549
2359: 2208,1997,2233,2383,2166,2385,2302,2384,2389,2304,2307,2105,2348,2270,2346,2367,2190,2231,2213,2207,2211,2210,2232,2167
2360: 2491,2444,900,2503,2446,2448,2209,2287
2361: 2217,2362,2292,2040,2392,2410,2266,2334,2454,2363,2411,2505,2373,2394,2262,2439,2243,2293,2324,2241,2046
2362: 2217,2361,2292,2040,2392,2410,2266,2334,2454,2363,2411,2505,2373,2394,2262,2439,2374,2299,2243,2293,2324,2241,2325,2046
2363: 2334,2454,2268,2463,2462,2441,2040,2392,2410,2266,2411,2505,2373,2394,2262,2217,2361,2362,2292,2439
2364: 853,1677,2377,2476,2475,2523,2488,2464,2433,2512,2152,2427,2465,1700,1671,915,2040,2392,2410,2266
2365: 2419,2416,2310,2378,2265,2157,2152,915,2357,2158,2352,2414,2355,2379,2333,2409,2263,2341,2420,2156,2309,2308,2016,2154,2322,2289,2331,2330,2214,2218,2267
2366: 2418,2426,2348,2213,2207,2211,2031,1976
2367: 2270,2346,2190,2231,2383,2166,2385,2302,2384,2389,2304,2307,2105,2178,2055,2315,2313,2400,2208,2359,1997,2318,2316,2180,2317,2167,2202,2278
2369: 2473,2069
2370: 2521
2371: 2525
2485: 2487,2429,2480,2477,2456,2524,2222,2377,2475,2523,2466,2431,2402,2461,2376,2417,2157,2433,2512,2152,2427
2373: 2411,2505,2268,2463,2462,2441,2507,2334,2454,2363,2294,2217,2361,2362,2292,2439,2438
2374: 2024,2311,2299,2215,2333,2409,2263,2394,2262,2217,2362,2292,2331,2330,2214,2218,2267,2243,2293,2324,2241,2325,2216,2300,2253,2244,2351,2246,2044
2555: 2483,2471,2522,588,2556,2481,2303,2482
2376: 2461,2417,2157,2524,2222,2487,2429,2480,2477,2456,2485,2377,2476,2475,2523,2466,2431,2402,2433,2512,2152,2427,2406,2320,2415,2356,2357,2158,2352,2414,2355,2379,2419,2416,2310,2378,2265
2378: 2419,2416,2310,2265,2365,2376,2417,2157,2433,2512,2152,2427,2465,915,2357,2158,2352,2414,2355,2379,2333,2409,2263,2420,2309,2308,2016,2322,2330,2218
2379: 2357,2158,2352,2414,2355,2466,2402,2461,2376,2417,2157,2433,2512,2152,2427,2406,2320,2415,2356,2419,2416,2310,2378,2265,2365,2321,2341,2420,2319,2308,2016,2322
2477: 2487,2429,2480,2456,2485,2524,2222,2377,2476,2475,2523,2466,2461,2376,2433,2512,2152,2427
2381: 2044,2240,2245,2215,2243,2293,2324,2241,2325,2424,2386,2046,2253,2244,2351,2246,2382,2344,2408,2275,2234,2283,2110,2094,2338,2282,2339,2337,2347,2089,2345,2404
2382: 2344,2408,2275,2293,2324,2241,2424,2386,2046,2242,2425,2423,2044,2240,2245,2381,2277,2340,2405,2437,2094,2338,2339,2347,2089,2345,2404,2002,2193,2191
2383: 2166,2385,2302,2384,2443,2168,2445,2399,2479,2306,2301,2305,2233,2389,2304,2307,2105,2348,2208,2359,1997,2346,2367,2231
2384: 2383,2166,2385,2302,2443,2168,2445,2399,2479,2306,2301,2305,2233,2307,2105,2348,2208,2359,1997,2270,2346,2367,2190,2231
2385: 2383,2166,2302,2384,2443,2168,2445,2459,2399,2479,2306,2301,2305,2233,2389,2304,2307,2105,2348,2208,2359,1997,2346,2367,2231
2386: 2424,2046,2292,2439,2438,2291,2388,2243,2293,2324,2241,2325,2242,2425,2423,2044,2245,2381,2382,2344,2408,2275,2277,2340,2405,2437
2466: 2431,2402,2484,2548,2530,2524,2222,2487,2429,2480,2477,2456,2485,2179,2434,2461,2376,2417,2157,2415,2356,2352,2414,2379
2388: 2438,2291,2497,2452,2439,2544,2451,2424,2386,2046,2242,2425,2423
2389: 2304,2307,2105,2306,2301,2403,2305,2406,2320,2432,2383,2385,2302,2178,2055,2315,2313,2400,2314,2208,2359,2270,2346,2367,2190,2231,2318,2316,2180,2317,1961
2524: 2222,2484,2548,2530,2487,2429,2480,2477,2456,2485,2179,2434,2466,2431,2402,2461,2376,2417
2391: 2332,2395,2277,2405,2435,2195,2002,2193,2191,2066,2422,2474,2329,2197,2196,2335,2271
2392: 1701,2040,2410,2266,853,1677,2364,2488,2464,2268,2463,2462,2465,1700,1671,915,2334,2454,2363,2333,2409,2263,2394,2262,2217,2361,2362
2393: 2203
2394: 2262,1700,1671,915,2040,2392,2410,2266,2334,2454,2363,2333,2409,2263,2217,2361,2362,2292,2330,2214,2218,2267,2374,2024,2311,2299,2215,2243,2293,2325
2395: 2332,2391,2277,2405,2435,2195,2002,2193,2191,2066,2422,2474,2329,2197,2196,2335,2271
2396: 2525,2174,2455
2488: 2464,853,1677,2364,2268,2463,2462,2465,1700,1671,2040,2392,2334,2454
2398: 2514,2550,2467,2543,2592,2285,2585,2573,2588,2601,2574
2399: 2459,2479,2481,2460,2458,2303,1989,2482,2179,2443,2168,2445,2306,2301,2403,2305,2233,2383,2166,2385,2302,2384,2307
2570: 2087,2050,583,2229,2121,2099,2095
2402: 2466,2431,2484,2548,2530,2524,2222,2487,2429,2480,2456,2485,2179,2434,2461,2376,2417,2157,2306,2403,2406,2320,2415,2356,2432,2352,2414,2379
2403: 2306,2301,2305,2460,2458,1989,2179,2434,2431,2402,2459,2399,2479,2406,2320,2415,2356,2432,2302,2389,2304,2307,2055,2315,2400
2404: 2089,2345,2245,2381,2382,2344,2408,2275,2277,2340,2405,2437,2094,2338,2339,2347,2002,2193,2191,2066,2276,2281,2280,2139,2279,2237,2132,2329,2197,2196
2405: 2277,2340,2437,2424,2386,2046,2242,2425,2423,2382,2344,2408,2275,2435,2195,2089,2345,2404,2002,2193,2191,2066,2332,2395,2391
2408: 2382,2344,2275,2243,2293,2324,2241,2325,2424,2386,2046,2242,2425,2423,2044,2240,2245,2381,2277,2340,2405,2437,2094,2338,2339,2347,2404
2409: 2333,2263,2465,1700,1671,915,2040,2392,2410,2266,2416,2378,2265,2365,2394,2262,2330,2214,2218,2267,2374,2024,2311,2299
2410: 1701,2040,2392,2266,2364,2268,2463,2462,1700,1671,915,2334,2454,2363,2409,2263,2394,2262,2217,2361,2362,2292
2411: 2505,2373,2268,2463,2462,2441,2507,2334,2454,2363,2452,2294,2217,2361,2362,2292,2439,2438,2291,2497
2593: 1915,2496,514,1793,1891,2572,1796,2607,1804,1717
2560: 1933,2539,2559,1951,2541,2516,2504,2501,2508,1938,1914
2414: 2357,2158,2352,2355,2379,2466,2431,2402,2461,2376,2417,2157,2433,2152,2406,2320,2415,2356,2432,2419,2416,2310,2378,2265,2365,2178,2055,2315,2400,2321,2341,2420,2156,2319,2308,2322
2415: 2406,2320,2356,2432,2434,2466,2431,2402,2461,2376,2417,2157,2306,2301,2403,2305,2357,2158,2352,2414,2355,2379,2307,2055,2315,2313,2400,2321,2420,2319
2416: 2419,2310,2378,2265,2365,2461,2376,2417,2157,2433,2512,2152,2427,2465,915,2357,2158,2352,2414,2355,2379,2409,2263,2420,2309,2308,2016,2322,2330,2218
2417: 2461,2376,2157,2524,2222,2487,2429,2480,2456,2485,2377,2466,2431,2402,2433,2152,2406,2320,2415,2356,2432,2357,2158,2352,2414,2355,2379,2419,2416,2310,2378
2418: 2426,2233,2348,2366,2207
2419: 2416,2310,2378,2265,2365,2376,2417,2157,2433,2152,915,2357,2158,2352,2414,2355,2379,2321,2341,2420,2156,2319,2309,2308,2016,2154,2322,2289,2330,2218
2420: 2321,2341,2156,2319,2406,2320,2415,2356,2357,2158,2352,2414,2355,2379,2419,2416,2310,2378,2265,2365,2178,2315,2313,2314,2309,2308,2016,2154,2322,2289,2318,2226,2155,2353,2238,2251,2225
2422: 2474,2195,2428,2332,2395,2391,2335,2271
2423: 2242,2425,2439,2438,2291,2388,2497,2424,2386,2046,2382,2344,2408,2277,2340,2405,2437,2435,2195
2424: 2386,2046,2292,2439,2438,2291,2388,2293,2324,2241,2242,2425,2423,2044,2245,2381,2382,2344,2408,2275,2277,2340,2405,2437
2425: 2242,2423,2438,2291,2388,2497,2544,2424,2386,2046,2382,2344,2408,2277,2340,2405,2437,2435,2195
2426: 2418,2233,2348,2366,2213,2207,2211
2427: 2433,2512,2152,2487,2429,2480,2477,2485,2377,2476,2475,2523,853,1677,2364,2376,2157,2465,1700,1671,915,2352,2379,2416,2378
2428: 540,2529,2151,2527,2422
2429: 2487,2480,2477,2456,2485,2524,2222,2377,2476,2475,2523,2466,2431,2402,2461,2376,2417,2157,2433,2512,2152,2427
2430: 2484,2547,2548,2530,2471,2522,2460,2458,2303,1989,2482,2179,2434,2431
2431: 2466,2402,2484,2430,2547,2548,2530,2524,2222,2487,2429,2456,2485,2179,2434,2461,2376,2417,2157,2306,2301,2403,2305,2406,2320,2415,2356,2432,2158,2352,2414,2355
2432: 2406,2320,2415,2356,2179,2434,2431,2402,2461,2417,2306,2301,2403,2305,2158,2352,2414,2355,2389,2304,2307,2055,2315,2313,2400,2321,2319
2433: 2512,2152,2427,2487,2429,2480,2477,2456,2485,2377,2476,2475,2523,853,2364,2461,2376,2417,2157,2465,915,2352,2414,2379,2419,2416,2310,2378,2265
2434: 2179,2484,2430,2547,2548,2530,2524,2222,2460,2458,2466,2431,2402,2306,2301,2403,2415,2356,2432
2435: 2195,2425,2423,2277,2340,2405,2437,2002,2193,2191,2066,2332,2395,2391
2436: 2343,2519
2438: 2291,2388,2497,2411,2505,2373,2452,2294,2439,2544,2451,2424,2386,2046,2242,2425,2423
2471: 2522,2555,2484,2430,2547,2548,2556,2481,2460,2458,2303,1989,2482,2179
2441: 2507,2268,2463,2462,2363,2411,2505,2373,2452,2294
2443: 2168,2445,2458,1989,455,2459,2399,2479,2233,2383,2166,2385,2302,2384
2444: 2491,2360,2446,2448,2209,2447,588
2445: 2443,2168,2458,1989,455,2459,2399,2479,2233,2383,2166,2385,2302,2384
2446: 2448,2209,2447,2491,2444,2360,588,455
2447: 2446,2448,2209,2491,2444,2483,588,455
2448: 2446,2209,2447,2491,2444,2360,588
2449: 2595,2545,2286,2584,2495,1773,2350,2621,2596,2581
2450: 2561,509,2536,2457,490,2534,2568
2451: 2544,2452,490,2438,2388,2497,2534,2568
2452: 2294,2441,2411,2438,2291,2388,2497,2544,2451
2454: 2334,2363,2488,2464,2268,2463,2462,2040,2392,2410,2266,2411,2505,2373,2394,2262,2217,2361,2362,2439
2455: 2174,2396
2456: 2487,2429,2480,2477,2485,2524,2222,2377,2475,2523,2466,2431,2402,2461,2376,2417,2157,2433,2512,2152
2457: 2536,490,2450,2561,509
2458: 2460,2303,1989,2482,2471,2522,2430,2547,2556,2481,2179,2434,2443,2168,2445,2459,2399,2479,2306,2301,2403,2305
2459: 2399,2479,2460,2458,2303,1989,2482,2179,2443,2168,2445,2306,2301,2403,2305,2385,2302,2307
2460: 2458,2303,1989,2482,2471,2522,2484,2430,2547,2530,2556,2481,2179,2434,2459,2399,2479,2306,2301,2403,2305
2461: 2376,2417,2157,2524,2222,2487,2429,2480,2477,2456,2485,2377,2475,2466,2431,2402,2433,2152,2406,2320,2415,2356,2432,2357,2158,2352,2414,2355,2379,2416,2310
2462: 2268,2463,2488,2464,2441,2507,2040,2392,2410,2266,2334,2454,2363,2411,2505,2373
2463: 2268,2462,2488,2464,2441,2507,2392,2410,2266,2334,2454,2363,2411,2505,2373
2464: 2488,853,1677,2364,2268,2463,2462,2465,1700,1671,2040,2392,2334,2454
2465: 1700,1671,915,2377,2476,2475,2523,853,1677,2364,2488,2464,2433,2512,2152,2427,2040,2392,2416,2378,2409,2263,2262
2467: 2550,2543,2285,2514,2398,2585,2573
2468: 2566,1689,1817,2586,2123,2533
2542: 2125,2151,2527
2473: 2369,2069
2474: 2422,2195,2332,2395,2391,2335,2271
2475: 2377,2476,2523,2487,2429,2480,2477,2456,2485,853,1677,2364,2461,2376,2157,2433,2512,2152,2427,2465,915
2476: 2377,2475,2523,2487,2429,2480,2477,853,1677,2364,2376,2433,2512,2152,2427,2465,1700,1671,915
2479: 2459,2399,2460,2458,2303,1989,2482,2443,2168,2445,2306,2301,2403,2305,2233,2383,2166,2385,2302,2384,2307,2105
2480: 2487,2429,2477,2456,2485,2524,2222,2377,2476,2475,2523,2466,2402,2461,2376,2417,2157,2433,2512,2152,2427
2481: 2556,2483,2555,2471,2522,588,2460,2458,2303,1989,2482,2168,2399
2482: 2460,2458,2303,1989,2555,2471,2522,2430,2547,2556,2481,2179,2459,2399,2479,2306
2483: 2555,2447,588,2556,2481
2484: 2430,2547,2548,2530,2471,2522,2524,2222,2460,2303,2179,2434,2466,2431,2402
2486: 2504,1951,2541,2540,1874,1933,2489,1830,1882,1884,2501,2508,1938,1914,1907,927
2487: 2429,2480,2477,2456,2485,2524,2222,2377,2476,2475,2523,2466,2431,2402,2461,2376,2417,2157,2433,2512,2152,2427
2489: 1830,1882,1884,2540,1874,2486,2504,2510,2554,2508,1938,1914,1907,927,2494
2490: 2601,2574,2617,2573,2589,2587,2469,2588
2491: 2444,2503,2360,2446,2448,2209,2447
2566: 2468,1689,1817,2586,2123,2533
2493: 2613,2559,2516
2494: 1871,2489,1830,1882,2510,2554,1606,1853,1915,2537,2583
2495: 2592,2285,2449,2595,2585,2573
2496: 1915,2537,927,2583,2593
2497: 2438,2291,2388,2411,2452,2294,2544,2451,2425,2423
2498: 2148,2224,2499,926
2499: 2148,2224,2498,926
2579: 2563,2602,2255,2189,977,2608
2501: 2516,1933,2560,2539,2486,2504,2508,1938,1914,1907,927
2595: 2449,2545,2286,2584,2495,1773,2350,2621,2581
2503: 900,2491,2360,2287
2504: 2486,1951,2541,2540,1874,1933,2560,2539,2489,1830,1882,1884,2501,2508,1938,1914,1907,927
2505: 2411,2373,2268,2463,2462,2441,2507,2334,2454,2363,2294,2217,2361,2362,2292,2439,2438
2563: 2515,2615,2602,2579
2507: 2441,2268,2463,2462,2411,2505,2373,2294
2508: 1938,1914,1907,927,1933,2560,2539,2486,2504,2489,1884,2501,2537
2509: 1872,2571,2558,1905,2540,1874
2510: 2554,2540,1874,1770,2489,1830,1882,1884,2494,1871,1606,1853
2511: 2557,2597,2591,2569
2512: 2433,2152,2427,2487,2429,2480,2477,2456,2485,2377,2476,2475,2523,853,1677,2364,2376,2157,2465,1700,1671,915,2352,2379,2416,2378
2564: 2614,2612,2610,2611,2609,2576,2606,2620,2616,2622,2603,2599,2613,945
2514: 2398,2550,2467,2543,2285,2585,2573,2589,2587,2469,2588,2601,2574
2515: 2615,2563
2516: 2559,1951,2541,2493,1933,2560,2539,2501
2613: 2606,2620,2616,2622,2603,2599,2600,2598,2562,2614,2612,2610,2611,2609,2564,945,2493
2614: 2612,2610,2611,2609,2564,2576,2606,2620,2616,2622,2603,2613,945
2519: 2287,2343,2436
2528: 1899,2582,2619,1926,1867,2600,2598,2562,2559
2529: 2428,540,2151,2527
2530: 2484,2430,2547,2548,2524,2222,2460,2179,2434,2466,2431,2402
2539: 1933,2560,2559,1951,2541,2516,2504,2501,2508,1914
2534: 2568,490,2450,2561,2544,2451
2620: 2606,2616,2622,2567,2576,2603,2614,2612,2610,2611,2609,2564,2613
2536: 2457,490,2450,2561,509
2537: 1915,2496,2508,1938,1914,1907,927,2494,2583
2586: 2566,2468,2123
2545: 2286,2584,2449,2595,1773,2350
2571: 1872,2509,2558,1905,2540,1874
2547: 2484,2430,2548,2530,2471,2522,2460,2458,2303,1989,2482,2179,2434,2431
2548: 2484,2430,2547,2530,2471,2522,2524,2222,2179,2434,2466,2431,2402
2549: 2173,2358
2550: 2467,2543,2592,2285,2514,2398,2585,2573
2551: 2407,2565,589,2442,918,1477,1341
2554: 2510,2540,1874,2489,1830,1882,1884,2494,1871,1606
2556: 2481,2483,2555,2471,2522,588,2460,2458,2303,2482,2168
2557: 2597,2591,2511,2589,2587,2469,2588
2561: 2450,509,2536,2457,490,2534,2568
2562: 2600,2598,2618,1899,2582,1926,2603,2599,2528,2613
2565: 2407,2551,589,2442,1477,1341
2568: 2534,490,2450,2561,2544,2451
2569: 2533,2597,2511
2572: 2593,514,1793,1891,1796,2607,1804,1717
2573: 2585,2550,2467,2543,2592,2285,2495,2514,2398,2601,2490,2574,2617,2590
2574: 2601,2490,2617,2514,2398,2585,2573,2589,2587,2469,2588
2576: 2567,2606,2620,2616,2622,2614,2612,2610,2564
2584: 2545,2286,2449,2595,1773,2350
2587: 2589,2469,2588,2557,2591,2514,2601,2490,2574,2617
2592: 2285,2550,2543,2495,2398,2585,2573
2594: 2021,2072,966,2602,2255,2189
2596: 1773,2350,2621,918,2449,2581
2597: 2557,2591,2511,2569
2598: 2600,2562,2618,1899,2582,1926,2603,2599,2528,2613
2606: 2620,2616,2622,2567,2618,2576,2603,2599,2614,2612,2610,2611,2609,2564,2613
2607: 1796,1804,1717,2593,2572
2608: 2579,2605,2578,2618,1899,2582,2619,1926
2609: 2614,2612,2610,2611,2564,2606,2620,2616,2622,2603,2599,2613,945
2610: 2614,2612,2611,2609,2564,2576,2606,2620,2616,2622,2603,2599,2613,945
2616: 2606,2620,2622,2567,2618,2576,2603,2599,2614,2612,2610,2609,2564,2613
2618: 2605,2608,2567,1899,2582,2606,2616,2622,2603,2599,2600,2598,2562