0: 99,49,92,31,42,1225,74,1222,1224,1221,1219,1220,1223,13,78,23,22,76,90,57,37,1205,51,38,14,1210,85,10,63,89,16,25,21,1211,1209
1: 35,1207,1202,5,38,14,1210,19,17,182,69,25,21,1211,1209,71,62,30,381,72,1203,1208,48,29
2: 83,1206,3,168,61,6,56,1204,8,86,31,42,1225,74,1222,1224,1221,1219,1220,1223,79,94,91,41,68,37,1205,51
3: 168,135,465,185,77,26,427,103,61,6,413,267,86,83,2,1206
4: 96,11,338,79,94,91,41,68,358,55,47,1212,28,1218,1216,7,487,244,365,75,1217,32,40,97,1213
5: 35,1207,1202,1,38,14,1210,19,17,69,25,21,1211,1209,71,62,30,381,72,1203,1208,48,29
6: 61,465,185,77,26,64,44,82,3,168,56,1204,8,86,83,2,1206,74,1224,1221
7: 55,47,1212,28,1218,1216,79,94,91,41,68,37,1205,51,96,11,4,85,10,75,1217,32,40,54,97,1213,58,59,45,1215,73,1214,1226
8: 56,1204,26,64,44,82,93,12,98,46,61,6,9,33,66,83,2,1206,31,42,1225,74,1222,1224,1221,1219,1220,1223,13,78,23,22
9: 33,66,44,82,98,46,65,56,1204,8,67,39,95,43,31,42,1225,74,1224,1221,1219,1220,1223,13,78,23,22,76
10: 85,41,68,37,1205,51,99,49,92,0,55,47,1212,28,1218,1216,7,63,89,16,1217,32,40,54,97,1213,58,59,45,1215,73,1214,1226,60,70,84,88
11: 96,4,338,79,91,41,68,358,55,47,1212,28,1218,1216,7,487,365,75,1217,32,40,97,1213
12: 93,98,46,463,80,173,384,183,64,44,82,65,56,8,33,66,67,39
13: 78,23,22,56,1204,8,9,33,66,67,39,95,43,31,42,1225,74,1222,1224,1221,1219,1220,1223,76,90,57,37,1205,51,99,49,92,0,38,14,1210
14: 38,1210,13,78,23,22,76,90,57,53,52,20,99,49,92,0,19,17,63,89,16,25,21,1211,1209,35,1207,1202,5,1
15: 60,70,84,88,72,1203,1208,48,81,140,416
16: 63,89,37,1205,51,99,49,92,0,38,14,1210,85,10,25,21,1211,1209,58,59,45,1215,73,1214,1226,60,70,84,88,72
17: 19,76,90,57,53,52,20,379,38,14,1210,182,69,25,21,1211,1209,35,1207,1202,5,1,71,62,30,381
18: 27,24,129,1217,32,54,97,1213,58,59,45,1215,73,1214,1226,70,84,361,50,355,164,225
19: 17,76,90,57,53,52,20,379,38,14,1210,182,69,25,21,1211,1209,35,1207,1202,5,1,71,62,30,381
20: 53,52,67,39,95,43,36,34,130,76,90,57,379,38,14,1210,19,17,182,69
21: 25,1211,1209,99,49,92,0,38,14,1210,19,17,63,89,16,35,1207,1202,5,1,60,70,84,88,72,1203,1208,48
22: 13,78,23,56,8,9,33,66,67,39,95,43,31,42,1225,74,1222,1224,1221,1219,1220,1223,76,90,57,37,1205,51,99,49,92,0,38,14,1210
23: 13,78,22,56,1204,8,9,33,66,67,39,95,43,31,42,1225,74,1222,1224,1221,1219,1220,1223,76,90,57,37,1205,51,99,49,92,0,38,14,1210
24: 27,18,129,54,1213,58,59,45,1215,1214,60,70,84,88,361,81,50,355,164,225,416
25: 21,1211,1209,99,49,92,0,38,14,1210,19,17,63,89,16,35,1202,5,1,70,84,88,72
26: 179,463,80,465,185,77,64,44,82,3,168,61,6,56,1204,8
27: 24,18,129,32,54,97,1213,58,59,45,1215,73,1214,1226,60,70,84,88,361,81,50,355,164,225,416
28: 55,47,1212,1218,1216,7,91,41,68,37,96,11,4,85,10,75,1217,32,40,54,97,1213,59,45,1215,73,1214,1226
29: 1207,5,1,71,62,30,381,1203,1208,48,480,140,199
30: 71,62,381,19,17,182,69,134,35,1207,1202,5,1,1203,1208,48,29,480
31: 42,1225,74,1222,1224,1221,1219,1220,1223,61,56,1204,8,9,33,66,83,2,1206,13,78,23,22,41,68,37,1205,51,49,92,0
32: 1217,40,54,97,1213,11,4,55,47,1212,28,1218,1216,7,85,10,75,58,59,45,1215,73,1214,1226,419,361,27,18,129
33: 9,66,64,44,82,93,12,98,46,87,65,56,1204,8,67,39,95,43,31,42,1225,74,1222,1224,1221,1219,1220,1223,13,78,23,22,76,90,57
34: 36,87,65,67,39,95,43,130,76,90,57,53,52,20,379
35: 1207,1202,5,1,38,14,1210,19,17,69,25,21,1211,1209,71,62,30,381,72,1203,1208
36: 34,87,65,67,39,95,43,130,76,90,57,53,52,20,379
37: 1205,51,83,2,1206,31,42,1225,74,1222,1224,1221,1219,1220,1223,13,78,23,22,41,68,99,49,92,0,55,47,1212,28,1218,1216,7,85,10,63,89,16
38: 14,1210,13,78,23,22,76,90,57,53,52,20,99,49,92,0,19,17,63,89,16,25,21,1211,1209,35,1207,1202,5,1
39: 67,95,43,93,12,98,46,87,65,9,33,66,36,34,13,23,22,76,90,57,53,52,20
40: 1217,32,54,97,1213,96,11,4,55,47,1212,28,1218,1216,7,85,10,75,59,45,1215,73,1214,1226,419,361,129
41: 68,86,83,2,1206,31,42,74,1222,1221,1220,79,94,91,37,1205,51,11,4,55,47,1212,28,1218,1216,7,85,10
42: 31,1225,74,1222,1224,1221,1219,1220,1223,61,56,1204,8,9,33,66,83,2,1206,13,78,23,22,41,68,37,1205,51,99,49,92,0
43: 67,39,95,93,98,46,87,65,9,33,66,36,34,13,78,23,22,76,90,57,53,52,20
44: 64,82,179,463,80,173,384,26,93,12,98,46,61,6,56,1204,8,9,33,66
45: 58,59,1215,73,1214,1226,55,47,1212,28,1218,1216,7,85,10,63,89,16,1217,32,40,54,97,1213,60,70,84,88,361,27,24,18,129,81,50
46: 93,12,98,80,173,384,183,64,44,82,65,56,1204,8,9,33,66,67,39,95,43
47: 55,1212,28,1218,1216,7,91,41,68,37,1205,51,11,4,85,10,75,1217,32,40,1213,59,45,1215,73,1214,1226
48: 1203,1208,21,1211,5,1,62,30,72,29,15,140,199
49: 99,92,0,31,42,1225,74,1222,1224,1221,1219,1220,1223,13,78,23,22,76,90,57,37,1205,51,38,14,1210,85,10,63,89,16,25,21,1211,1209
50: 81,58,59,45,1215,70,84,88,72,27,24,18,129,164,225,416
51: 37,1205,83,2,1206,31,42,1225,74,1222,1224,1221,1219,1220,1223,13,78,23,22,41,68,99,49,92,0,55,47,1212,1218,1216,7,85,10,63,89,16
52: 53,20,67,39,95,43,36,34,130,76,90,57,379,38,14,19,17,182,69
53: 52,20,67,39,95,43,36,34,130,76,90,57,379,38,14,1210,19,17,182,69
54: 1217,32,40,97,1213,55,1212,28,1218,1216,7,85,10,58,59,45,1215,73,1214,1226,419,361,27,24,18,129
55: 47,1212,28,1218,1216,7,79,94,91,41,68,37,1205,51,96,11,4,85,10,75,1217,32,40,54,97,1213,58,59,45,1215,73,1214,1226
56: 1204,8,26,64,44,82,93,12,98,46,61,6,9,33,66,83,2,1206,31,42,1225,74,1222,1224,1221,1219,1220,1223,13,78,23,22
57: 76,90,33,66,67,39,95,43,36,34,13,78,23,22,53,52,20,99,49,92,0,38,14,1210,19,17
58: 59,45,1215,73,1214,1226,55,1212,1218,1216,7,85,10,16,1217,32,54,97,1213,60,70,84,88,361,27,24,18,129,50
59: 58,45,1215,73,1214,1226,55,47,1212,28,1218,1216,7,85,10,63,16,1217,32,40,54,97,1213,60,70,84,88,361,27,24,18,129,50
60: 70,84,88,85,10,63,89,16,21,1211,1209,58,59,45,1215,73,1214,1226,72,27,24,81,15
61: 6,465,185,77,26,64,44,82,3,168,56,1204,8,86,83,2,1206,31,42,1225,74,1222,1224,1221,1219,1220,1223
62: 71,30,381,19,17,182,69,134,251,35,1207,1202,5,1,1203,1208,48,29,480
63: 89,16,37,1205,51,99,49,92,0,38,14,1210,85,10,25,21,1211,1209,59,45,1215,73,1214,1226,60,70,84,88,72
64: 44,82,179,463,80,173,384,26,93,12,98,46,61,6,56,1204,8,33,66
65: 87,173,384,183,301,93,12,98,46,9,33,66,67,39,95,43,36,34
66: 9,33,64,44,82,93,12,98,46,87,65,56,1204,8,67,39,95,43,31,42,1225,74,1222,1224,1221,1219,1220,1223,13,78,23,22,76,90,57
67: 39,95,43,93,12,98,46,87,65,9,33,66,36,34,13,78,23,22,76,90,57,53,52,20
68: 41,86,83,2,1206,31,42,1225,74,1222,1224,1221,1219,1220,1223,79,94,91,37,1205,51,11,4,55,47,1212,28,1218,1216,7,85,10
69: 182,53,52,20,379,339,19,17,134,251,35,1207,1202,5,1,71,62,30,381
70: 60,84,88,85,10,63,89,16,25,21,1211,1209,58,59,45,1215,73,1214,1226,72,27,24,18,129,81,50,15
71: 62,30,381,19,17,182,69,134,35,1207,1202,5,1,1203,1208,29,480
72: 63,89,16,25,21,1211,1209,35,1207,1202,5,1,60,70,84,88,1203,1208,48,81,50,15,140
73: 58,59,45,1215,1214,1226,55,47,1212,28,1218,1216,7,85,10,63,16,1217,32,40,54,97,1213,60,70,84,88,361,27,18,129
74: 31,42,1225,1222,1224,1221,1219,1220,1223,61,6,56,1204,8,9,33,66,83,2,1206,13,78,23,22,41,68,37,1205,51,49,92,0
75: 358,96,11,4,55,47,1212,28,1218,1216,7,487,365,1217,32,40,97,1213,419,361
76: 90,57,9,33,66,67,39,95,43,36,34,13,78,23,22,53,52,20,99,49,92,0,38,14,1210,19,17
77: 465,185,179,135,26,427,3,168,61,6
78: 13,23,22,56,1204,8,9,33,66,67,95,43,31,42,1225,74,1222,1224,1221,1219,1220,1223,76,90,57,37,1205,51,99,49,92,0,38,14
79: 94,91,413,267,86,83,2,338,41,68,358,96,11,4,55,7
80: 463,317,216,179,173,384,26,64,44,82,93,12,98,46
81: 50,45,60,70,84,88,72,27,24,129,15,164,225,416
82: 64,44,179,80,26,12,98,46,61,6,56,1204,8,9,33,66
83: 2,1206,3,168,61,6,56,1204,8,86,31,42,1225,74,1222,1224,1221,1219,1220,1223,79,94,91,41,68,37,1205,51
84: 60,70,88,85,10,63,89,16,25,21,1211,1209,58,59,45,1215,73,1214,1226,72,27,24,18,129,81,50,15
85: 10,41,68,37,1205,51,99,49,92,0,55,47,1212,28,1218,1216,7,63,89,16,1217,32,40,54,97,1213,58,59,45,1215,73,1214,1226,60,70,84,88
86: 427,103,3,168,61,6,413,267,83,2,1206,338,79,94,91,41,68
87: 65,173,183,301,93,33,66,67,39,43,36,34
88: 60,70,84,85,10,63,89,16,25,21,1211,1209,58,59,45,1215,73,1214,1226,72,27,24,129,81,50,15
89: 63,16,37,1205,51,99,49,92,0,38,14,1210,85,10,25,21,1211,1209,45,1214,60,70,84,88,72
90: 76,57,33,66,67,39,95,43,36,34,13,78,23,22,53,52,20,99,49,92,0,38,14,19,17
91: 79,94,413,267,86,83,2,1206,338,41,68,358,96,11,4,55,47,1212,28,1218,1216,7
92: 99,49,0,31,42,1225,74,1222,1224,1221,1219,1220,1223,13,78,23,22,76,90,57,37,1205,51,38,14,1210,85,10,63,89,16,25,21,1209
93: 12,98,46,463,80,173,384,183,64,44,87,65,56,8,33,66,67,39,43
94: 79,91,413,267,86,83,2,338,41,68,358,96,4,55,7
95: 67,39,43,46,65,9,33,66,36,34,13,78,23,22,76,90,57,53,52,20
96: 11,4,338,79,94,91,358,55,28,7,487,244,365,75,40
97: 1217,32,40,54,1213,11,4,55,1212,28,1218,1216,7,85,10,75,58,59,45,1215,73,1214,1226,419,361,27,18,129
98: 93,12,46,463,80,173,384,183,64,44,82,65,56,8,9,33,66,67,39,43
99: 49,92,0,42,13,78,23,22,76,90,57,37,1205,51,38,14,1210,85,10,63,89,16,25,21,1209
100: 459,132,187,367,224,169
101: 105,420,263,166,143,392,189,443,294,306,466
102: 477,302,485
103: 427,135,465,3,168,219,413,267,86
104: 198,194,357,124,418,318,387
105: 420,263,101,119,142,166,143,392,189,443,294,306
106: 232,476,220,447
107: 455,380,155,460,127,239,453,280,471,400
108: 387,362,320,227,349
109: 210,133,421,457,372,137,211
110: 391,123,432,455,380,155,460
111: 233,123,461,115,432,155,127
112: 132,187
113: 258,166,189,443,454,276
114: 157,248,296,315,451
115: 461,148,123,432,233,111,374
116: 317
117: 437,298,292,195,412,266,257,456
118: 398,149,328,172,181,196
119: 142,425,299,403,166,105,420,263,189,443
120: 153,438,431,354,396,269
121: 201,360,458,275,385,218
122: 477,485,375,293,316,324,175
123: 184,439,391,461,115,110,432,111
124: 446,198,104,387
125: 482,141,444,298,412,401,497,319
126: 
127: 111,155,460,436,107,489,496
128: 327,208,415,428,157,451
129: 27,24,18,1217,32,40,54,97,1213,58,59,45,1215,73,1214,1226,70,84,88,361,81,50,355,164,225,416
130: 36,34,284,53,52,20,379,339
131: 393,305,285,151,236,375
132: 112,192,389,441,367,224,314,459,100
133: 187,213,421,457,210,109
134: 251,379,339,182,69,71,62,30,381
135: 465,185,77,427,103,3,168
136: 410,303,429,171,442
137: 211,109,252,495
138: 394,499,397,154,366,376
139: 494,200,445,170,323,288,488,277,186,312,398,149
140: 72,1203,1208,48,29,15,199,232
141: 468,440,313,493,215,125,482,444,253
142: 119,425,299,166,143,105,420,263
143: 392,142,105,420,263,101,306
144: 332,235,473,254,406,382
145: 
146: 376,394,154,366,250,176
147: 350,242,271,249,351,403,258,191
148: 461,115
149: 398,139,323,277,186,312,118,464,328,172,196
150: 448,321,418,256,318,320
151: 335,285,131,236,248,296
152: 452,209,359,177,158,377
153: 344,388,438,356,353,396,190,120
154: 366,397,394,138,434,376,146,176
155: 460,110,432,111,455,127,239,107
156: 158,377,440,468,313,493
157: 114,248,415,327,128,315,451
158: 152,452,209,377,240,440,156
159: 370,469,279,426,217
160: 237,404,372,340
161: 333,389,367,224,314,378,223
162: 450,356,353,396,190,178,411,269
163: 
164: 225,361,27,24,18,129,81,50,355,416,311,290
165: 363,408,205,410,303,197,171
166: 299,119,142,113,105,420,263,101,189,443,294,276
167: 490,348,474,329
168: 3,135,465,185,77,26,427,103,61,6,413,267,86,83,2,1206
169: 100,210
170: 200,445,442,494,188,139,288,186
171: 429,165,363,410,303,197,136,203,423
172: 342,328,277,186,312,398,149,118,347,464,196,235,332
173: 384,317,216,308,463,80,183,64,44,93,12,98,46,87,65
174: 270,435,406,273,481
175: 293,316,324,122,236,375
176: 154,434,376,146
177: 409,152,209,291,377,483
178: 411,467,356,190,162,450
179: 317,463,80,465,185,77,26,64,44,82
180: 289,250,424,226,371,348,490
181: 196,118,328,475,332,473,254
182: 69,53,52,20,379,339,19,17,134,251,1207,1202,1,71,62,30,381
183: 216,308,173,384,301,93,12,98,46,87,65
184: 230,246,399,247,281,439,123,461
185: 465,77,179,135,26,427,3,168,61,6
186: 277,312,200,445,170,139,323,288,462,488,398,149,464,172
187: 133,112,213,421,459,100,210
188: 200,445,170,288,462
189: 443,294,119,166,113,105,420,263,101,454,276
190: 396,153,356,353,178,411,162,450,269
191: 147,351,258
192: 389,441,297,346,217,221,132,314
193: 205,472,363,197
194: 422,331,275,446,325,357,198,104
195: 298,292,412,437,117,214
196: 181,149,118,328,172,475,332,254
197: 193,205,165,363,410,171,336,203,423
198: 104,194,422,331,446,357,124,318
199: 1203,1208,48,29,480,140,232
200: 445,170,442,188,139,288,462,488,186
201: 121,364,360,385
202: 279,426,334,370,469,373
203: 423,197,429,171,336,278
204: 
205: 193,472,165,363,197
206: 402,273,417,304,283,330,222
207: 280,471,496,453,238,400,364,360,458
208: 415,428,327,128
209: 152,452,359,177,158,377
210: 109,187,133,421,457,169
211: 137,109,252,495
212: 240,486
213: 309,187,133,421,457
214: 195,497,437,300
215: 313,265,493,141,468,444,253
216: 317,308,463,80,173,384,183
217: 346,221,159,370,297,373,192,430
218: 325,243,121,275,385,331,357,256
219: 427,103,413,267,386,338
220: 106
221: 346,217,297,192,389,441,333
222: 206,402,283,345,390,322
223: 161,333,367,224,314
224: 367,314,389,132,161,459,100,223
225: 164,361,27,24,18,129,81,50,355,416,311,290
226: 424,180,371,348,491
227: 349,108,320,498,326,287
228: 
229: 
230: 246,399,466,247,184
231: 467,485,356
232: 140,199,106,476
233: 111,461,115,374
234: 
235: 347,342,328,172,307,435,144,332,270
236: 375,285,131,151,324,175,296
237: 160,404,340
238: 400,489,496,280,207,471,360,458,261,268
239: 455,380,155,460,107,453
240: 486,158,440,212
241: 
242: 271,428,327,315,249,147,350,351
243: 325,218,275,385,331,357,256
244: 487,365,358,96,4,264,419
245: 330,304
246: 230,399,306,466,247,281,184
247: 281,466,230,246,399,184
248: 114,157,151,296,451
249: 242,271,147,350,403
250: 289,376,146,424,180
251: 134,379,339,182,69,62,381
252: 137,211,495
253: 141,468,313,265,493,215,444,401,497,319
254: 473,181,196,475,144,332,382
255: 289,424
256: 321,418,325,243,218,357,318,150
257: 414,286,456,433,266,437,117,337,407,383
258: 147,403,191,113
259: 337,414,340,383
260: 269,484
261: 268,238,458,422,331
262: 
263: 105,420,101,119,142,166,143,392,189,443,294,306
264: 487,244,365,419
265: 313,493,215,468,253
266: 449,433,117,337,407,257,414,286,456
267: 413,427,103,3,168,219,86,386,338,79,94,91
268: 261,238,458,422
269: 396,190,120,162,484,260
270: 174,307,435,235,406,481
271: 242,428,249,147,350,351
272: 315,451,478
273: 481,174,304,206
274: 377,483,156
275: 385,121,194,422,331,325,243,218,357
276: 454,166,113,189,443,294
277: 186,312,445,139,323,288,488,398,149,464,172
278: 203,423
279: 426,202,334,159,370,469
280: 207,471,107,453,238,400,364,360,458
281: 247,306,466,246,399,395,184
282: 310,322,499,397
283: 417,405,206,402,345,390,222
284: 130,379,339
285: 393,305,335,131,151,236,375
286: 257,414,456,266,437,337,407,383
287: 320,227,349,498,326
288: 462,488,188,200,445,170,139,277,186,312,464
289: 255,250,424,180
290: 355,164,225,416,311
291: 491,409,177,470,483
292: 298,195,412,117
293: 316,324,175,122,375
294: 189,443,166,105,420,263,101,454,276,306,466
295: 341
296: 151,236,114,248
297: 343,346,217,221,192,389,441
298: 292,195,125,412,117
299: 425,403,119,142,166
300: 497,319,214
301: 308,183,87,65
302: 477,102,485
303: 410,165,429,171,136
304: 273,481,206,402,330,245
305: 393,285,131
306: 466,143,392,105,420,263,101,294,246,399,281
307: 435,347,464,342,235,270
308: 216,173,384,183,301
309: 213,421,457,372
310: 405,345,390,322,282
311: 355,164,225,290
312: 277,186,445,139,288,462,488,398,149,347,464,342,172
313: 265,493,215,440,156,141,468,444,253
314: 367,224,192,389,441,132,161,333,459,223
315: 428,327,114,157,242,451,351,272
316: 293,324,175,122,375
317: 116,216,179,463,80,173,384
318: 198,104,321,418,256,387,150,320,349
319: 401,497,125,482,444,253,412,300
320: 321,418,318,108,150,448,227,349,326,287
321: 418,256,325,318,150,448,320
322: 345,390,310,222,282,499,397
323: 494,139,277,186,398,149
324: 293,316,175,122,236,375
325: 243,218,275,385,194,422,331,357,321,256
326: 498,448,320,227,349,287
327: 128,415,428,157,242,315,451
328: 342,172,149,118,347,464,181,196,435,235,332
329: 167,474
330: 245,304,206,341
331: 194,422,261,275,385,325,243,218,357,198
332: 144,342,328,172,181,196,475,235,473,254
333: 161,346,221,389,314,378,223
334: 362,279,426,202,469
335: 393,285,151
336: 197,492,203,423
337: 407,266,257,414,286,456,340,259,383
338: 219,413,267,86,386,79,94,91,358,96,11,4
339: 130,284,379,182,69,134,251
340: 160,237,337,407,259
341: 330,295
342: 328,172,312,347,464,307,435,235,332
343: 297,441
344: 153,438,431,354
345: 390,405,283,310,222,322
346: 217,221,297,192,389,430,333
347: 464,462,488,312,342,328,172,307,435,235
348: 371,180,226,167,490,491,409,474
349: 227,318,108,387,320,326,287
350: 147,242,271,249,351,403
351: 242,271,315,147,350,191
352: 359
353: 356,388,153,467,396,190,411,162
354: 431,368,344,438,120
355: 419,361,27,24,18,129,164,225,311,290
356: 353,388,153,231,467,396,190,178,411,162,450
357: 275,385,194,422,331,325,243,218,198,104,256
358: 386,338,79,94,91,96,11,4,487,244,365,75
359: 352,152,452,209
360: 453,280,207,471,238,400,364,458,201,121
361: 75,1217,32,40,54,97,1213,58,59,45,1215,73,1214,1226,419,27,24,18,129,355,164,225
362: 108,387,334
363: 165,193,205,410,197,171
364: 453,280,207,471,360,201
365: 487,244,358,96,11,4,75,264,419
366: 154,397,394,138,434,376,146
367: 224,314,389,132,161,459,100,223
368: 431,354
369: 
370: 159,469,279,426,202,373,217
371: 348,424,180,226,490,491,409
372: 309,421,457,160,109
373: 426,202,370,217,430
374: 115,233
375: 236,285,131,122,293,316,324,175
376: 146,394,138,154,366,250,176
377: 152,209,177,158,440,156
378: 161,333
379: 36,34,130,284,53,52,20,339,19,17,182,69,134,251
380: 455,110,239,107
381: 71,62,30,19,17,182,69,134,251,35,1207,1202,5,1,1203,1208,29,480
382: 144,473,254,406
383: 337,407,257,414,286,456,259
384: 173,317,216,308,463,80,183,64,44,93,12,98,46,65
385: 275,201,121,331,325,243,218,357
386: 219,413,267,338,358
387: 108,104,124,318,362,349
388: 153,467,356,353
389: 192,441,297,346,221,132,161,333,367,224,314
390: 345,405,283,310,222,322
391: 439,123,110,432
392: 143,105,420,263,101,306,466
393: 305,335,285,131
394: 138,154,366,376,146
395: 306,466,281
396: 190,153,438,356,353,120,411,162,450,269
397: 322,282,499,138,154,366
398: 149,139,323,277,186,312,118,172
399: 230,246,306,466,247,281,184
400: 238,107,489,496,280,207,471,360,458
401: 497,319,125,444,253
402: 206,417,304,283,222
403: 249,147,350,425,299,258,119
404: 160,237
405: 283,345,390,310
406: 144,174,270,382,481,417
407: 337,449,433,266,257,414,286,340,383
408: 165
409: 491,371,348,177,291
410: 303,165,363,197,429,171,136
411: 178,467,356,353,396,190,162,450
412: 125,482,298,292,195,497,319,117
413: 267,427,103,3,168,219,86,386,338,79,94,91
414: 257,286,456,266,337,407,259,383
415: 208,428,327,128,157
416: 27,24,129,81,50,15,164,225,290
417: 406,481,304,206,402,283
418: 321,256,104,318,150,448,320
419: 487,244,365,75,1217,32,40,54,97,1213,264,361,355
420: 105,263,101,119,142,166,143,392,189,443,294,306,466
421: 457,213,309,187,133,372,210,109
422: 194,331,261,268,275,446,325,357,198
423: 203,197,429,171,336,278
424: 255,289,250,180,226,371
425: 299,403,119,142
426: 279,202,334,159,370,469,373
427: 103,135,465,185,77,3,168,219,413,267,86
428: 415,327,128,242,271,315
429: 171,410,303,136,203,423
430: 373,346,217
431: 354,368,344,438,120
432: 391,123,461,115,110,111,455,155
433: 449,266,407,257
434: 154,366,176
435: 307,347,464,342,328,235,174,270
436: 127,489,496
437: 117,195,214,257,286,456
438: 344,153,431,354,396,120
439: 391,184,123
440: 158,377,240,156,141,468,313,493
441: 192,389,297,343,221,132,314
442: 136,494,200,445,170
443: 189,294,119,166,113,105,420,263,101,454,276
444: 141,468,313,493,215,125,482,253,401,497,319
445: 200,170,442,188,139,288,462,488,277,186,312
446: 194,422,198,124
447: 106,476
448: 150,321,418,320,498,326
449: 433,266,407
450: 162,356,396,190,178,411
451: 327,128,114,157,248,315,272
452: 152,209,359,158
453: 239,107,280,207,471,364,360
454: 276,113,189,443,294
455: 380,110,432,155,460,239,107
456: 257,414,286,266,437,117,337,383
457: 421,213,309,133,372,210,109
458: 280,207,471,238,400,360,261,268,121
459: 100,132,187,367,224,314
460: 155,110,455,127,239,107,489
461: 115,184,148,123,432,233,111
462: 288,488,188,200,445,186,312,347,464
463: 80,317,216,179,173,384,26,64,44,93,12,98
464: 347,288,462,488,277,186,312,149,342,328,172,307,435
465: 185,77,179,135,26,427,103,3,168,61,6
466: 306,392,420,101,294,230,246,399,247,281,395
467: 231,388,356,353,178,411
468: 141,440,156,313,265,493,215,444,253
469: 159,370,334,279,426,202
470: 474,291,483
471: 280,207,107,453,238,400,364,360,458
472: 193,205
473: 254,181,475,144,332,382
474: 348,167,490,329,470
475: 181,196,332,473,254
476: 232,106,447
477: 102,302,485,122
478: 272
479: 
480: 71,62,30,381,29,199
481: 273,174,270,406,417,304
482: 125,141,444,412,497,319
483: 177,291,470,274
484: 120,269,260
485: 302,477,102,231,122
486: 240,212
487: 244,365,358,96,11,4,75,264,419
488: 288,462,200,445,139,277,186,312,347,464
489: 496,460,127,436,238,400
490: 167,180,371,348,474
491: 409,226,371,348,291
492: 336
493: 313,265,215,440,156,141,468,444,253
494: 442,170,139,323
495: 252,137,211
496: 489,127,436,207,238,400
497: 401,319,125,482,444,253,412,214,300
498: 326,448,227,287
499: 322,282,397,138
500: 1044,1116,746,955,1125,1158
501: 777,583,763
502: 810,626,1094,515,846,669,853,842
503: 851,1191,1069,1183
504: 1188,1023,827,1000,755,1163,703
505: 973,820,793
506: 1030,840,510,833,534,845
507: 676
508: 1159,574,551
509: 828,962,537,1176
510: 738,840,591,978,1030,506
511: 535,1136,966,733,568
512: 611,863
513: 874,1158,1010,1052,879,524
514: 916,1164,831,860,566,668,923,541,572
515: 665,1046,960,626,1094,846,853,502
516: 777,1026,630,583
517: 958,768,1127,980,886,1006,1085
518: 656,779,764,1098
519: 963,1011,1032,590,566,572
520: 686
521: 1029,715,942,687
522: 792,775,807,892,770,888,989
523: 599,859,1053,702,571,695
524: 879,911,904,1010,1052,513,681
525: 1132,615
526: 1172,612
527: 905,1113,928,615,602
528: 678,1117,548,529,744,545,1101,584
529: 744,977,762,653,528,678,1117,548
530: 546,585,991,800,870
531: 1148
532: 989,600,782,743
533: 951,1121,674
534: 833,1030,506,845
535: 597,734,1136,966,511
536: 561,1077,635
537: 1176,509,636,962,1016
538: 726,603,930,1021,1073
539: 706,737,555,766,1024,832,1054,1099,978
540: 939,727,630,583,763
541: 923,572,514,1011,1043
542: 1173,632,896,594,563,725
543: 682,580,995,721,985,1015
544: 843,791,654,838,919,799
545: 1101,584,528,678,1117,548
546: 585,1192,606,802,530
547: 977,787,614,1120,1012,653
548: 528,678,1117,529,744,545,1101,584
549: 684
550: 1193,941,624,872,929,1013,1032,590
551: 574,508,1159,825,576,767,932
552: 
553: 1092,895,776,751,996,887,1047,765
554: 988,891,619,722,690,1064
555: 539,706,737,766,1024,978
556: 679,696,581,620,788,994
557: 570,1061,831,860
558: 1137,698,559,870,1140
559: 558,1137,698,870,1140
560: 651,983,1096
561: 536,576,1077,761,635
562: 1181
563: 1130,1173,542,896,594,725
564: 1056,1169
565: 662,837
566: 929,877,1164,590,514,519,1011,572
567: 1100,1145,649,631
568: 511,733,935
569: 1048,785,968,805
570: 557,1061,831
571: 954,702,523,695
572: 923,541,590,566,514,519,963,1011
573: 819,588,578,813,1125,597,774,734
574: 508,1159,825,551
575: 808,971,666,922,1001,652,1188
576: 767,932,551,1077,761,561
577: 1123,1087,812,676
578: 1035,955,862,573,819,1044,1125,597
579: 747,1181,1055
580: 682,543,995,985,1015,898
581: 696,663,1162,679,1072,556
582: 613,1013
583: 630,540,516,777,501
584: 545,1101,528,678,548,926,680
585: 546,802,991,530,800
586: 907,821,969,605,1019,1034
587: 966,935
588: 573,819,813,597,774,734
589: 850,729,746,862
590: 550,929,1164,1032,566,519,963,1011,572
591: 1099,978,1054,510,738,937,1025,1150
592: 
593: 
594: 1130,1173,542,563,1142
595: 1103,629
596: 852,759
597: 1125,578,573,819,588,1044,535
598: 912,1058,1079,924
599: 859,867,815,1053,954,702,523
600: 532,782
601: 823,714,866,794
602: 527,1113,1031,928,976,724
603: 538,726,930,1021,1073
604: 
605: 586,1019,1034,757
606: 1196,1192,546
607: 1160
608: 847,729,1116,864,1178
609: 925,866,773,670
610: 897,748,1147,1179,750,1168
611: 1070,512
612: 526
613: 582,647
614: 1120,1012,618,787,977,547,854,653
615: 712,525,1132,527
616: 755,1163,703,1014,828,731
617: 1122,1195,739,699,814
618: 1002,829,614,1120,1012
619: 891,554,988,722,690,1064
620: 556,788,1146
621: 903,940,848,1162
622: 733,781
623: 1020
624: 941,909,1193,550
625: 1070,1144
626: 1094,1038,665,927,515,1112,669,853,502
627: 694,948,913,1014
628: 655
629: 595
630: 939,540,516,777,583
631: 1145,649,567
632: 710,1173,542,896
633: 869,849,987,769
634: 952,818
635: 1077,536,561,1018
636: 731,1078,828,537,1176
637: 962,1016
638: 764
639: 1068,826,997
640: 1001,808,971,708,742,652,1089
641: 711,817,915,876,769
642: 1015
643: 1033,766
644: 949
645: 818
646: 
647: 1073,613
648: 795,811,1028,816
649: 1145,1055,1100,957,1174,567,631
650: 1055,957,1174
651: 855,560,1039,983
652: 1089,1001,808,971,575,640,1188
653: 614,1120,977,547,762,529,1117
654: 1135,843,791,1189,544
655: 628,789,675
656: 518,764,1098
657: 953,664,917,721
658: 750,1168
659: 1131,1156
660: 1180,934
661: 980,758,958
662: 565,837
663: 1162,903,940,967,679,696,581,1072
664: 917,1004,657,953
665: 1046,960,1124,626,1094,515
666: 849,882,922,1001,808,575
667: 899,834,875,857,861,1057
668: 831,860,916,514
669: 853,626,1094,1112,810,502,840
670: 609,1124
671: 1194,798
672: 934,1193,872,550
673: 1179
674: 1020,533,951,1121
675: 789,974,655,701
676: 577,1123,507,891
677: 709,689,1143,1076
678: 528,1117,548,529,744,545,1101,584
679: 663,920,696,581,556
680: 1101,584,926,1090,692,728
681: 730,911,904,1010,879,524
682: 543,580,995,721,985,1015
683: 739,699,1109,946,1071,1152
684: 771,902,549
685: 693
686: 520,688
687: 521,942,979
688: 686,1065
689: 1143,677,1076
690: 722,1064,554,891,619,918,719,914
691: 889,820,709
692: 728,926,1090,771,680
693: 936,685
694: 627,948,913,1014,1066
695: 523,571,760
696: 581,663,1162,967,679,1072,556
697: 1091,763,758
698: 558,1137,559,870,1140
699: 739,1195,617,1122
700: 
701: 974,675,1007
702: 599,859,1053,1051,954,523,571
703: 504,827,1000,1163,913,616,1014
704: 834,844,1088,875,899
705: 1152,754
706: 539,737,555,766,832,1054,978
707: 1026
708: 742,1147,987,1001,640
709: 691,889,822,677,1143
710: 632,1067,801,1173
711: 641,817,915,987,769
712: 615,1175
713: 
714: 823,967,1072,866,794
715: 1029,718,521
716: 982,1149
717: 981,945
718: 933,1029,715
719: 722,690,1064,914
720: 1066,1129
721: 657,953,985,682,543,995
722: 690,1064,554,988,891,619,918,719,914
723: 1063,781
724: 602,976,1182,1060
725: 542,896,563,1027,1126
726: 538,603,930
727: 939,1049,540
728: 692,1090,680,1097
729: 589,847,608,746
730: 911,904,1196,681
731: 636,1078,616,1014,1066,828,1129
732: 799,919,1068,1062,826
733: 781,622,511,568,1063
734: 774,573,819,588,813,535,1136
735: 1049
736: 
737: 539,706,555,766,832,1054,978
738: 510,840,1099,591,978,1030,1025,1150
739: 699,1195,617,1122
740: 1059
741: 992,772,1197,839,1110
742: 708,1147,987,640,897,748
743: 532,1082,1171
744: 529,762,528,678,1117,548
745: 850,887,1035
746: 1116,729,589,1035,847,955,862,500,1044
747: 1181,796,579
748: 610,897,742,1147,1179,750
749: 963,1095,1080
750: 610,897,748,1168,658
751: 996,1092,553,895
752: 1175,1086
753: 757,1194,783
754: 705,865
755: 1163,1089,1188,504,1133,616
756: 930,1021,1067,801
757: 605,783
758: 1091,883,697,661
759: 596,1002
760: 695
761: 1077,576,767,932,900,561
762: 977,653,529,744
763: 540,697,501
764: 779,638,656,518,1098
765: 553,895,996,1047,1105,1083
766: 643,539,706,737,555
767: 576,932,825,551,761
768: 1127,854,517,958,886
769: 987,915,1118,633,641,711
770: 888,775,807,522,792,1108
771: 1090,902,692,684
772: 741,992,1197,1166,1177,839,1110
773: 609
774: 734,573,819,588,813,970
775: 807,858,778,770,888,522
776: 1092,553,887,1047
777: 516,630,583,501
778: 858,838,919,1138,1062,775,807,892
779: 764,518,815,1098,1009
780: 981,975
781: 733,622,723,1063
782: 600,532
783: 757,753
784: 1144,944,856,1134,1017
785: 1048,865,569,1022,968,805
786: 902
787: 614,1012,977,547
788: 994,556,620,1146
789: 675,655,998
790: 942,979
791: 843,1135,654,544
792: 522,892,770,989
793: 820,505,889
794: 866,823,714,601,925
795: 811,810,842,648,816
796: 983,1096,747,1181
797: 1185,798
798: 671,1106,797,1185
799: 732,544,919,1068,826
800: 585,802,530,933
801: 1067,1021,756,710
802: 606,546,585,800
803: 
804: 1199,993,1102
805: 1048,785,569,968,974
806: 1133,964
807: 775,858,778,1138,1062,892,770,888,522
808: 971,575,666,922,1001,640,652,1089,1188
809: 1017
810: 502,846,669,853,842,795
811: 795,842,648,816
812: 1087,1105,577,1123,1005
813: 573,819,588,970,774,734
814: 1195,617
815: 779,599,859,1053,906
816: 795,811,648,1028,869
817: 915,1118,885,876,641,711
818: 645,898,634
819: 573,588,578,813,597,774,734
820: 505,691,889,793
821: 586,907
822: 709,1131
823: 714,967,1072,601,866,794
824: 1186,921
825: 574,1159,551,998,767,932
826: 919,799,732,1068,639
827: 1000,1023,504,703
828: 616,509,636,731,1078,1176
829: 618,1120,1012,894
830: 950,878,1156,986
831: 570,557,1164,860,916,514,668
832: 1054,539,706,737,1099,978,937
833: 534,1030,506,845
834: 844,1088,704,1190,875,899,667
835: 990,1033,1038,927
836: 1016
837: 565,662
838: 544,919,858,778,1138,1062
839: 1110,1166,1177,741,992,772,1197
840: 1024,1112,669,510,738,1030,506
841: 851
842: 846,810,502,795,811
843: 791,654,544
844: 834,1088,704,1190,899
845: 506,833,534,915,1118
846: 515,810,502,842
847: 608,729,1116,746,864,1178
848: 1128,903,940,621
849: 666,869,633,922,1001
850: 745,589,1035
851: 503,841,1069,1183
852: 596,1154
853: 669,626,1094,515,1112,810,502
854: 894,614,1120,768,1127
855: 1199,1102,1165,1161,651,1039,1114
856: 1134,944,784
857: 1190,1191,899,667,1057,1107
858: 778,838,1138,1062,775,807,892
859: 599,956,867,815,1053,702
860: 557,831,916,514,668
861: 667,1057
862: 955,589,1035,746,578,1044,1125
863: 512,1160
864: 847,608,1178
865: 754,1048,785,1022,968
866: 794,1072,823,714,609,925
867: 956,1084,599,859
868: 1079
869: 816,633,849
870: 1161,991,530,1114,558,1137,698,559
871: 1184,975,1087,1119
872: 934,672,1193,550,1013
873: 1111,1104,1196,1192,1042
874: 1178,1158,1010,1052,513
875: 704,834,899,667
876: 817,885,641
877: 1164,941,929,566
878: 950,830,986
879: 524,911,904,1010,1052,513,681,1050
880: 997,989,1045
881: 1008
882: 1139,666,922
883: 1091,758
884: 1051,954,949
885: 817,876
886: 768,1127,517,958,1006,1036,1085
887: 1047,776,553,745,1083
888: 770,775,807,892,522
889: 691,820,793,709
890: 1170,1130
891: 619,554,988,722,690,1064
892: 858,778,1138,1062,807,888,522,792
893: 1157,908
894: 854,829,1120,1127
895: 1092,553,751,996,1047,765,1105
896: 632,542,1095,563,725,1027
897: 610,748,742,1147,1179,750,1168
898: 580,818
899: 667,704,834,844,1088,1190,875,857,1057
900: 998,932,1135,761
901: 
902: 771,786,684
903: 940,621,848,663,1162
904: 911,730,1010,1052,681,879,524
905: 527,1113,1031,928
906: 815,1098,1009,1053
907: 586,999,821,969,1034
908: 893,1157
909: 941,624
910: 1131,1143
911: 904,730,1010,681,879,524
912: 598,1058,1079
913: 1000,703,627,694,948,1014
914: 722,690,1064,918,719
915: 1118,845,817,641,711,987,769
916: 514,1164,831,860,668
917: 664,1004,657,953
918: 722,690,1064,914
919: 544,838,799,732,778,1138,1062,826
920: 679
921: 1186,824,992,1197
922: 882,666,849,1001,808,971,575
923: 541,572,514,963,1011
924: 598,990
925: 609,866,794
926: 1101,584,1090,680,692
927: 835,1038,626,1024,1112
928: 1031,527,905,1113,1075,602,976
929: 941,550,877,1164,1032,590,566
930: 538,726,603,1021,756
931: 945,1167
932: 576,767,825,551,900,761
933: 800,718
934: 672,1180,660,1193,872
935: 587,568
936: 693
937: 832,1054,1099,591,978,1025
938: 1148,1037,1084,1051
939: 727,1049,630,540
940: 903,621,848,663,1162,967
941: 624,909,1193,550,929,877,1164
942: 521,687,790,979
943: 1182,1060,976,982,1040
944: 1144,856,784
945: 931,717,1167
946: 1122,683,1071,1152
947: 1070
948: 627,694,913
949: 884,1051,954,644
950: 878,830,986,1065
951: 533,1121,674
952: 634
953: 657,1004,664,917,721
954: 1051,1084,599,884,702,949,571
955: 862,1035,746,578,500,1044,1125
956: 867,859
957: 1100,1055,650,1174,1145,649
958: 517,768,1127,661,980,886
959: 1082,1171
960: 665,1046,515
961: 1088,1069
962: 509,637,537,1176,1016
963: 519,1011,1032,590,923,572,749
964: 806
965: 1115
966: 1136,535,511,587
967: 940,663,696,1072,823,714
968: 865,1048,785,569,1022,805
969: 999,586,907,1019,1034
970: 813,774
971: 808,575,922,1001,640,652,1089,1188
972: 1128,1198
973: 505
974: 805,701,675
975: 780,871,1119,1132
976: 1031,928,1075,602,982,724,1182,1060,943
977: 547,787,614,762,653,529
978: 1099,591,539,706,737,555,832,1054,510,738,937
979: 942,687,790
980: 661,517,958
981: 780,717
982: 716,1075,976,1182,1060,943
983: 1096,560,651,796
984: 
985: 721,682,543,580,995,1015
986: 950,878,830
987: 769,915,633,711,708,742
988: 554,891,619,722,1064
989: 522,792,880,532
990: 924,1033,835
991: 1165,585,1161,530,1114,870
992: 741,772,1197,921,839,1110
993: 804,1199,1102
994: 788,556,1146
995: 682,543,580,721,985,1015
996: 751,1092,553,895,765,1105
997: 639,880,1045
998: 825,789,1135,900
999: 907,969
1000: 827,1023,504,703,913
1001: 666,849,922,808,971,575,708,640,652
1002: 759,618
1003: 1154
1004: 664,917,953
1005: 1105,812
1006: 1036,1085,517,886
1007: 701
1008: 881
1009: 1098,779,906
1010: 1052,874,911,904,513,681,879,524
1011: 519,963,1032,590,566,923,541,572
1012: 614,1120,618,787,829,547
1013: 872,550,582,1032
1014: 1066,703,913,627,694,616,731
1015: 985,682,543,580,995,642
1016: 836,637,962,537,1176
1017: 784,809
1018: 635
1019: 1034,586,969,605
1020: 674,623
1021: 538,603,930,1073,756,1067,801
1022: 865,785,968
1023: 1188,504,827,1000
1024: 927,1112,539,555,840
1025: 1099,591,738,937,1150
1026: 707,516
1027: 896,1095,725,1080
1028: 648,816
1029: 715,718,521
1030: 506,840,510,738,833,534
1031: 928,905,1113,1075,602,976
1032: 550,929,1013,590,519,963,1011
1033: 990,835,643
1034: 1019,586,907,969,605
1035: 850,745,746,955,862,578
1036: 1006,1085,886
1037: 1148,938,1155
1038: 835,927,626,1094
1039: 855,651,1151
1040: 1060,943,1086
1041: 
1042: 1165,873,1111,1192,1102
1043: 541
1044: 500,1116,746,955,862,578,1125,597
1045: 997,880
1046: 665,960,1094,515
1047: 887,776,1092,553,895,765,1083
1048: 785,865,569,968,805
1049: 735,939,727
1050: 879
1051: 954,938,1084,884,702,949
1052: 1010,874,1158,904,513,879,524
1053: 815,599,859,906,702,523
1054: 832,539,706,737,1099,591,978,937
1055: 650,579,1100,957,1174,1145,649
1056: 564,1169
1057: 899,667,857,861,1107
1058: 1079,912,598
1059: 740
1060: 1182,943,976,982,724,1040
1061: 570,557
1062: 1138,838,919,732,858,778,807,892
1063: 723,733,781
1064: 722,690,554,988,891,619,918,719,914
1065: 688,950
1066: 1014,694,731,720
1067: 801,1021,1073,756,710
1068: 799,732,826,639
1069: 1191,961,503,851,1190,1183
1070: 625,947,611
1071: 1152,1109,683,946
1072: 663,967,696,581,823,714,866
1073: 538,603,1021,647,1067
1074: 1082,1134
1075: 1031,928,976,982
1076: 677,689,1143
1077: 761,576,536,561,635
1078: 636,731,828,1176,1129
1079: 1058,912,598,868
1080: 1095,749,1027
1081: 
1082: 1171,959,743,1074
1083: 887,1047,765
1084: 1148,867,938,1051,954
1085: 1006,1036,517,886
1086: 752,1040
1087: 1119,1184,871,812,577,1123
1088: 834,844,961,704,1190,899
1089: 652,808,971,640,1188,755
1090: 926,771,680,692,728
1091: 883,697,758
1092: 553,895,776,751,996,1047
1093: 
1094: 626,1038,665,1046,515,669,853,502
1095: 896,749,1027,1080
1096: 983,560,796
1097: 728,1195
1098: 1009,779,764,656,518,906
1099: 591,978,539,832,1054,738,937,1025,1150
1100: 957,1055,1174,1145,649,567
1101: 545,584,528,678,548,926,680
1102: 804,1199,1042,1165,855
1103: 1170,595
1104: 1196,873,1111,1192
1105: 895,996,765,812,1005
1106: 798,1185
1107: 857,1057
1108: 770,1157
1109: 683,1071
1110: 839,1166,741,992,772,1197
1111: 873,1104,1192,1042
1112: 927,626,1024,669,853,840
1113: 527,905,1031,928,602
1114: 855,1161,991,870
1115: 965
1116: 746,847,608,1178,500,1044
1117: 528,678,548,653,529,744,545
1118: 915,845,817,769
1119: 1087,1184,871,975,1123
1120: 614,1012,618,829,547,854,894,653
1121: 533,951,674
1122: 617,1195,739,699,946
1123: 577,1087,1119,812
1124: 670,665
1125: 597,955,862,578,573,500,1044
1126: 1142,725
1127: 768,854,894,517,958,886
1128: 972,1198,848
1129: 731,1078,720
1130: 890,594,563
1131: 822,910,659
1132: 525,975,615
1133: 755,806
1134: 856,1074,784
1135: 998,900,791,654,1189
1136: 966,734,535,511
1137: 558,698,559,870,1140
1138: 1062,838,919,858,778,807,892
1139: 882
1140: 558,1137,698,559
1141: 
1142: 1126,594
1143: 689,709,677,910,1076
1144: 944,625,784
1145: 649,1055,1100,957,1174,567,631
1146: 620,788,994
1147: 708,742,610,897,748
1148: 531,1037,938,1084
1149: 716
1150: 1099,591,738,1025
1151: 1039
1152: 1071,946,705
1153: 
1154: 1003,852
1155: 1037
1156: 659,830
1157: 1108,893,908
1158: 1178,500,874,1052,513
1159: 508,574,825,551
1160: 607,863
1161: 1165,855,991,1114,870
1162: 663,903,940,621,696,581
1163: 755,1188,504,703,616
1164: 877,941,929,831,590,566,916,514
1165: 1042,1102,855,1161,991
1166: 1177,772,839,1110
1167: 931,945
1168: 610,897,750,658
1169: 564,1056
1170: 1103,890
1171: 1082,959,743
1172: 526
1173: 542,632,710,594,563
1174: 1055,650,1100,957,1145,649
1175: 712,752
1176: 537,509,828,636,1078,962,1016
1177: 1166,772,839
1178: 847,608,1116,864,874,1158
1179: 673,610,897,748
1180: 660
1181: 747,796,562,579
1182: 1060,943,976,982
1183: 503,851,1191,1069
1184: 871,1087,1119
1185: 797,1106,798
1186: 824,921
1187: 
1188: 504,808,971,575,1023,652,1089,755,1163
1189: 1135,654
1190: 834,844,1088,1191,1069,899,857
1191: 1069,503,1190,1183,857
1192: 1104,1196,873,1111,606,1042,546
1193: 934,672,941,624,872,550
1194: 671
1195: 1097,739,699,617,1122,814
1196: 730,1104,873,1192,606
1197: 741,992,772,921,839,1110
1198: 1128,972
1199: 804,1102,855
1202: 35,1207,5,1,38,14,1210,19,17,182,69,25,21,1209,71,62,30,381,72,1203,1208
1203: 1208,48,21,1211,1209,35,1207,1202,5,1,71,62,30,381,72,29,15,140,199
1204: 56,8,26,64,44,82,46,61,6,9,33,66,83,2,1206,31,42,1225,74,1224,1221,1219,1220,1223,13,78,23
1205: 37,51,83,2,31,42,74,1222,1221,1219,1220,1223,13,78,23,22,41,68,99,49,92,0,55,47,1212,1218,1216,7,85,10,63,89,16
1206: 83,2,3,168,61,6,56,1204,8,86,31,42,1225,74,1222,1224,1221,1219,1220,1223,91,41,68,37,51
1207: 35,1202,5,1,38,14,1210,19,17,182,69,21,1211,1209,71,62,30,381,72,1203,1208,29
1208: 1203,48,21,1211,35,1207,1202,5,1,71,62,30,381,72,29,15,140,199
1209: 25,21,1211,99,49,92,0,38,14,1210,19,17,63,89,16,35,1207,1202,5,1,60,70,84,88,72,1203
1210: 38,14,13,23,22,76,57,53,20,99,49,92,0,19,17,63,89,16,25,21,1211,1209,35,1207,1202,5,1
1211: 25,21,1209,49,0,38,14,1210,19,17,63,89,16,35,1207,5,1,60,70,84,88,72,1203,1208,48
1212: 55,47,28,1218,1216,7,91,41,68,37,1205,51,11,4,85,10,75,1217,32,40,54,97,1213,58,59,45,1215,73,1214,1226
1213: 1217,32,40,54,97,11,4,55,47,1212,28,1218,1216,7,85,10,75,58,59,45,1215,73,1214,1226,419,361,27,24,18,129
1214: 58,59,45,1215,73,1226,55,47,1212,28,1218,1216,7,85,10,63,89,16,1217,32,40,54,97,1213,60,70,84,88,361,27,24,18,129
1215: 58,59,45,73,1214,1226,55,47,1212,28,1218,1216,7,85,10,63,16,1217,32,40,54,97,1213,60,70,84,88,361,27,24,18,129,50
1216: 55,47,1212,28,1218,7,91,41,68,37,1205,51,11,4,85,10,75,1217,32,40,54,97,1213,58,59,45,1215,73,1214,1226
1217: 32,40,54,97,1213,11,4,55,47,1212,28,1218,1216,7,85,10,75,58,59,45,1215,73,1214,1226,419,361,18,129
1218: 55,47,1212,28,1216,7,91,41,68,37,1205,51,11,4,85,10,75,1217,32,40,54,97,1213,58,59,45,1215,73,1214,1226
1219: 31,42,1225,74,1222,1224,1221,1220,1223,61,56,1204,8,9,33,66,83,2,1206,13,78,23,22,68,37,1205,51,49,92,0
1220: 31,42,1225,74,1222,1224,1221,1219,1223,61,56,1204,8,9,33,66,83,2,1206,13,78,23,22,41,68,37,1205,51,49,92,0
1221: 31,42,1225,74,1222,1224,1219,1220,1223,61,6,56,1204,8,9,33,66,83,2,1206,13,78,23,22,41,68,37,1205,51,49,92,0
1222: 31,42,1225,74,1224,1221,1219,1220,1223,61,56,8,33,66,83,2,1206,13,78,23,22,41,68,37,1205,51,49,92,0
1223: 31,42,1225,74,1222,1224,1221,1219,1220,61,56,1204,8,9,33,66,83,2,1206,13,78,23,22,68,37,1205,51,49,92,0
1224: 31,42,1225,74,1222,1221,1219,1220,1223,61,6,56,1204,8,9,33,66,83,2,1206,13,78,23,22,68,37,51,49,92,0
1225: 31,42,74,1222,1224,1221,1219,1220,1223,61,56,1204,8,9,33,66,83,2,1206,13,78,23,22,68,37,51,49,92,0
1226: 58,59,45,1215,73,1214,55,47,1212,28,1218,1216,7,85,10,63,16,1217,32,40,54,97,1213,60,70,84,88,361,27,18,129