1574: 1605
543: 
1068: 1632,1656,1630,1655,1659,1653,1654,1657,1658,1640,1638,1627,1619,1624
1141: 1100
1543: 1349,547
566: 
949: 1663,1684
1581: 1562,430
1445: 1530
1701: 1671,2364,2465,1700,2392,2040,2410,2266
977: 2660,2690
1519: 1564,577,1450,1531,1476,1430,903
1373: 1467,1687,1668
1572: 973,1527,559
1394: 1379,1415,1365,1431,1346
535: 
1939: 2580,2223,2072,444,2021,2594
1459: 1525
2808: 2778,2801,2809,2824,2797,2915,2785,2855
583: 2031,1976,2165,2349
1619: 1640,1638,1627,1644,1624,1646,1632,1068,1630,1655,1659,1653,1657,1636,1645,1639
1376: 1501
900: 
1520: 1495
1337: 1690
500: 463
520: 
1393: 1431,1426,1346,1461,1395
1602: 1532,931,584
1623: 1066,1618,1063,1065,1609,1083,1615,1053
562: 
509: 490,2441,2507
1174: 1062,965,1069,1620
822: 1487,2174,2455,926,2148,2224,2498,2499
947: 
563: 1825
985: 
1450: 1531,1519,1564,1476,1430,903
2261: 2281,2279,2139,2201,2337,2140,2280,2342,2110,2181,2258,2338,2094,2089,2345,2339,2193,2002,2091,2272,2196,2191,2237,2132,2236
1556: 1576,491
995: 1991,2189,1886,2578,1913,1867,2619
551: 932
1532: 2669,1323,1454,931,1602,584
957: 
1540: 1499,1571
1687: 1467,1373,1668
961: 1479,1554
495: 
1456: 1387
968: 431
1718: 1765
929: 
939: 
905: 
1461: 1431,1393,1426,1346,1395
552: 
572: 
1506: 1478
560: 
504: 
1479: 1554,961
61: 1460
539: 
558: 
1527: 973,497,559,1572
1495: 1520
2145: 2198,2173,2358,580
922: 
589: 2495,2592,2449,2595,2627,2590
1874: 2489,1907,2540,1882,1830,2486,2504,1884,2708,927
1600: 1789
598: 
1202: 
1781: 506,525,1752
587: 
515: 1547,1580,1474
1571: 1540,1499,577
569: 2061,2018,2036,1995,2027,1998,524
996: 
1823: 1974,1921,2015,1972,1940,1948,1864
1690: 1337
916: 2173,2358
1172: 153,1635,1617,1136
1605: 1574
591: 
926: 1487,822,2148,2224,2498,2499
1487: 2174,822,2455,926,2148,2224,2498,2499
1513: 960,1548
532: 
944: 
582: 
1295: 
948: 
1349: 1543,547
1064: 908,1820,1088
588: 2445,2481,2303,2482,2460,2458,1989,2459,2556,2399,2479,2168,2233,2348,2443,2105
1253: 1278,1290
994: 
1518: 
1496: 1660,1424,1672
2729: 2713,1820,2727
593: 
1426: 1431,1393,1346,1461,1395
544: 
908: 1064,1088
1606: 1853,1736,1751
955: 1722,1745
1346: 1431,1393,1426,1379,1394,1415,1365,1461,1395
906: 925
1635: 153,1617,1136,1637,1172
581: 
498: 
932: 2692,2722,551
575: 2509,2571,1882,1830
993: 
1646: 1640,1638,1627,1619,1644,1624,1655,1636,1645,1639
531: 
1395: 1431,1393,1426,1346,1461
2602: 2579,2021,2594,2563,2623,2255,2189
513: 
1278: 1637,1253,1650,1290
1387: 1456
2541: 1951,2528,2516,2559,1933,2560,2539,2709,2486,2504,1884,2708
1671: 1701,853,1677,2364,2465,2488,2464,1700,2268,2462,2392,915,2334,2454,2040,2410,2394,2266
1458: 554,1397,901
506: 1781,525,1752
975: 
911: 1719,1763,980
555: 2871,2947,2870,2902
597: 
979: 
988: 
963: 
1684: 1663,949
538: 
951: 
1348: 1402
536: 2834,2881,2936,2761,2883,2935,2741
592: 
1063: 1618,1065,1609,1083,1615,1612,1067,1069,1620,1066,1623
1562: 1581,430
2578: 1913,1867,995,2619
986: 487
559: 1527,1572
586: 1629,1633,514,2906,2641
903: 1476,1430,1519,1564,1450,1531
1589: 1732,912
596: 
1670: 1743,1698,1723
557: 
580: 2145,2173,2358
537: 
978: 
153: 1635,1617,1136,1172,1676
980: 911
1974: 1921,1823,2015,1972,1940,1948,1864
568: 2115,2076,2236,2043,2090,2075,2042,2098
157: 1588
965: 1174,1062
2637: 2613,2630,2658,2609,2610,2564
902: 
556: 
1503: 1404
1430: 1476,903,577,1519,1564,1450,1531,1379,1365
541: 
594: 
166: 1015
1708: 2732,1746
507: 1769,1771
700: 1662,1651
1528: 1592,521
519: 
550: 1631,1634
1547: 907,1580,515
574: 465
940: 1936,1967,571,576
1065: 1618,1063,1609,1083,1615,1612,1067,1069,1620,1066,1623
1837: 1783,1714
923: 
1062: 1174,965,1069,1620
1053: 1326,1268,1066,1623
901: 1458
501: 2652,2604
1588: 157
992: 
1290: 1278,1253
534: 1986,1917,1843,1955,1910,1890
967: 
573: 
547: 1543,1349
976: 
919: 
1415: 1379,1394,1365,1431,1346
1565: 1585
590: 2061,2018,524,2033,2059
2687: 2642,2614,2673,2675,2700,2721,2674,2694
1514: 1474,430
962: 1703,1720
927: 2486,1884,2708,2489,1907,1874,2540,1915,2496
1578: 1388
584: 1532,1602
934: 
1531: 1450,1519,1564,1476,1430,903
953: 
1197: 1686,1664
973: 1527,1572
517: 
982: 
2811: 2886,2930,494,2928,2922,2879,2844,2914,2766,2795,2931,2900,2843,2898,2813,2874,2926,2951
924: 
1891: 1793,2572,2624
1424: 1672,1676,1650,1496,1660
990: 
578: 
1341: 1477,2858,2889
1149: 1184
1388: 1578
1502: 1536
914: 
1419: 1557
1693: 1707,1725,1754,1698,1723
2873: 2776,2876,2847,2882,2833,2925,2780,2832,2877,2831,2805,2854,2779,2829
925: 906
1521: 1731
1100: 1141
2107: 2150,2225,2251,2219,2288,2250,2252,2216,2131,2246,2244,2312,2300,2162,2256,2248,2129,2247,2249,2159,2323,2253,2282,2163,2062,2138,2188,2186,2259,1994,2184,2204,2183,2045,2187,2182,2185
941: 
1659: 1630,1655,1653,1654,1657,1658,1632,1068,1656,1640,1638,1627,1619,1624,1639
912: 1589,1732
950: 
943: 
1443: 1598
2753: 2792,2794,2884,2810,2844,2914,2931,2900,2843,2898,2918,2738
2540: 2489,1907,1874,1882,1830,2486,1884,927
1551: 1414
1404: 1503
579: 
2768: 2840,2842,2838,2533,2836,2756,2846,2820,2750,2909,2841,2827,2794,2819,2792
508: 
920: 
1379: 1394,1415,1365,1476,1430,1431,1346
599: 
1580: 1547,515
514: 2906,2641,586
1476: 1430,903,577,1519,1564,1450,1531,1379,1365
971: 
972: 549
1557: 1419
1583: 1603,1953,2867,2866,2865,2945,2871,2947,2870,2902,1825
1585: 1565
1402: 1348
1576: 1556,491
2657: 2682,2683,2630,2658,2612,2675,2700
1526: 1561,2442,2565
2281: 2279,2139,2201,2337,2140,2280,2261,2181,2258,2338,2094,2089,2345,2339,2193,2002,2272,2196,2191,2237,2132,2260,2199
512: 2260,2199,2237,2132,2335,2271,2329,2197,2161,2097
942: 
571: 1936,1967,940
1478: 1506
1501: 1376
1563: 
928: 
1499: 1540,1571,577
567: 435
528: 
909: 1791,1785,1928
1467: 1687,1373,1668
524: 2061,2018,569,590
998: 
853: 1677,2364,2465,2377,2476,2475,2523,2512,2427,2488,2464,1700,2392,915,1671
585: 
523: 
1525: 1459
915: 2392,2476,2523,2512,2427,853,1677,2364,2465,2488,2464,1700,2433,2152,2416,1671,2265,2378,2267,2333,2040,2410,2266
2822: 2913,2911,2934,2823,2843,2898,2918,2738,2788,2920,2813,2874,2926,2951,2912,2755
533: 
959: 
913: 
530: 
496: 441
1088: 1064,908,1820,1629,1633
522: 
958: 
553: 
1474: 515,1514
1365: 1379,1394,1415,1476,1430,1431,1346
1530: 1445
510: 
542: 
960: 1548,1513
984: 
952: 482
595: 
1561: 1526,2442,2565
505: 
521: 1528,1592
999: 449
2589: 2625,2890,2557,2849,2907
518: 
1680: 1648,1754,1686,1664
502: 2073,946,1992
956: 
1414: 1551
933: 1844,1877,1766,1836
904: 
1015: 166
1066: 1623,1618,1063,1065,1609,1083,1615,1053
549: 972
991: 
1268: 1326,1053
1454: 1323,503,1532
2801: 2778,2809,2808,2824,2797,2915,2785,2855
554: 1397,1458
497: 1527
1536: 1502
548: 421
526: 
989: 
1069: 1620,1174,1062,1612,1067,1063,1065,1609,1083,1615
1601: 1590
545: 1729,930,1846
576: 1936,1967,940
945: 2633,2661,2663,2722,2614,2673
2730: 527,2678,1631,1634
981: 452,1797,1772,1802,1760,1846,1729
946: 1963,1942,502
516: 917
1637: 1635,1136,1278
1161: 
570: 
1985: 2116
1592: 1528,521
918: 2350,1773
1184: 1149
1714: 1694,1837,1783
1323: 1454,503,1532
1686: 1197,1664,1680,1648
1243: 
499: 
1460: 61
1732: 1589,912
938: 
966: 2038,2227,2229,2087,2121,2099,2095,2570
1700: 2488,2464,853,1677,2364,2465,2268,2462,2392,915,1701,1671,2334,2454
937: 
1477: 1341,2858,2889
921: 
1698: 1723,1707,1693,1743,1670
1326: 1268,1053
540: 2441,2507
997: 
503: 1323,1454
917: 516,1791,1988
1766: 1844,1877,933,1836
1537: 1558
546: 
1067: 1612,492,1069,1620,1618,1063,1065,1609,1083,1615
970: 
1603: 1583,1953,2867,2866,2865,2945,2871,2947,2870,2902,1825
2233: 2168,2348,2443,588,2445,2399,2105,2385,2383,2384,2166
1668: 1467,1687,1373,969
1719: 1763,911
1431: 1393,1426,1346,1379,1394,1415,1365,1461,1395
931: 1532,1602
565: 
529: 
2852: 2802,2863,2804,2887,2467,2514,2777,2853,2848,2597,2746,2803,2851,2588
561: 
1624: 1640,1638,1627,1619,1644,1646,1632,1068,1630,1655,1659,1653,1654,1657,1658,1636,1645,1639
964: 
2033: 590,2059,2006
2877: 2780,2832,2831,2876,2873,2776,2847,2882,2949,2833,2925,2948,2805,2854,2779,2829,2905,2885,2892,2888,2828,2758,2837,2533
954: 
1575: 1642,1641,1643
1590: 1601
2104: 2164,2210,2103,2232,2950,2228,2038,2227,2143,2229,2050,2087
1558: 1537
1548: 960,1513
564: 
511: 
1788: 1970,1870,1841,1863,1807,478
969: 1668
527: 2728,2699,2678,2730
1136: 153,1635,1617,1637,1172
1554: 1479,961
987: 
935: 
1397: 554,1458
1083: 1618,1063,1065,1609,1615,1612,1067,1069,1620,1066,1623
974: 
907: 1547
1598: 1443
930: 1729,545,1846
577: 1499,1571,1519,1564,1476,1430
983: 
525: 1752,506,1781,409
1984: 1855
1564: 1519,577,1450,1531,1476,1430,903
910: 2370,2521
936: 2910,2830
400: 
401: 
402: 
403: 
404: 
405: 
406: 
407: 485
408: 
409: 525,1752
410: 
411: 
412: 483
413: 
414: 
415: 2711,2701,2706,1750
416: 
417: 
418: 
419: 
420: 
421: 548
422: 2725
423: 
424: 
425: 
426: 
427: 
428: 
429: 
430: 1514,1562,1581
431: 968
432: 2586,2123,2772,2742,2864
433: 
434: 
435: 567
436: 
437: 
438: 
439: 
440: 
441: 496
442: 
443: 
444: 2223,2072,2580,1939
445: 
446: 
447: 
448: 
449: 999
450: 2468,2566
451: 1768,1832
452: 981,1772,1802,1729
453: 
454: 
455: 
456: 
457: 
458: 
459: 2707,2762
460: 
461: 1631,1634
462: 
463: 500
464: 
465: 574
466: 
467: 
468: 
469: 
470: 
471: 
472: 2568,2534
473: 
474: 
475: 
476: 
477: 
478: 1788,1970
479: 
480: 
481: 
482: 952
483: 412
484: 
485: 407,2519,2287
486: 2744,2807,2796,2835,2789,2743,2849,2907
487: 986
488: 
489: 
490: 509
491: 1576,1556
492: 1612,1067
493: 
494: 2811,2886,2930,2928,2922,2891,2879,2844,2914,2766,2795,2931,2900,2843,2898,2813,2874,2926,2951
1609: 1618,1063,1065,1083,1615,1612,1067,1069,1620,1066,1623
2725: 422,2695
1676: 1650,153,1424,1672
1612: 1067,492,1069,1620,1618,1063,1065,1609,1083,1615
1721: 1695,2369
1672: 1424,1676,1650,1496,1660
1615: 1618,1063,1065,1609,1083,1612,1067,1069,1620,1066,1623
1729: 930,545,1797,1772,1802,1846,981,452
1617: 153,1635,1136,1172
1618: 1063,1065,1609,1083,1615,1612,1067,1066,1623
1620: 1069,1174,1062,1612,1067,1063,1065,1609,1083,1615
1627: 1640,1638,1619,1644,1624,1646,1632,1068,1655,1659,1653,1657,1636,1645,1639
1636: 1645,1640,1638,1627,1619,1644,1624,1646,1639
1629: 1633,1088,2711,2701,2706,1750,586
1630: 1655,1659,1653,1654,1657,1658,1632,1068,1656,1640,1638,1619,1624,1639
1631: 1634,2730,550,461
1632: 1068,1656,1630,1655,1659,1653,1654,1657,1658,1640,1638,1627,1619,1624
1633: 1629,1088,2711,2701,2706,1750,586
1634: 1631,2730,550,461
1638: 1640,1627,1619,1644,1624,1646,1632,1068,1630,1655,1659,1653,1654,1657,1658,1636,1645,1639
1639: 1630,1655,1659,1653,1654,1657,1658,1640,1638,1627,1619,1644,1624,1646,1636,1645
1640: 1638,1627,1619,1644,1624,1646,1632,1068,1630,1655,1659,1653,1654,1657,1658,1636,1645,1639
1641: 1643,1575,1642
1642: 1575,1641,1643
1643: 1641,1575,1642
1644: 1640,1638,1627,1619,1624,1646,1655,1636,1645,1639
1645: 1636,1640,1638,1627,1619,1644,1624,1646,1639
1685: 
1648: 1680,1754,1686,1664
1696: 1679
1650: 1676,1278,1424,1672
1651: 1662,700
1677: 853,2364,2465,2377,2476,2475,2523,2512,2427,2488,2464,1700,2392,915,1671
1653: 1630,1655,1659,1654,1657,1658,1632,1068,1656,1640,1638,1627,1619,1624,1639
1654: 1630,1655,1659,1653,1657,1658,1632,1068,1656,1640,1638,1624,1639
1655: 1630,1659,1653,1654,1657,1658,1632,1068,1656,1640,1638,1627,1619,1644,1624,1646,1639
1656: 1632,1068,1630,1655,1659,1653,1654,1657,1658
1657: 1630,1655,1659,1653,1654,1658,1632,1068,1656,1640,1638,1627,1619,1624,1639
1658: 1630,1655,1659,1653,1654,1657,1632,1068,1656,1640,1638,1624,1639
1660: 1496,1424,1672
1720: 1703,962
1662: 1651,700
1663: 1684,949
1664: 1197,1686,1680,1648
1665: 1702
1679: 1696
2823: 2913,2822,2911,2934,2843,2898,2918,2738,2788,2920,2813,2874,2926,2951,2912,2755
1689: 1817
2760: 2775,2847,2882,2805,2854,2779,2817,2791
1797: 1772,1802,1760,1846,981,1729
2851: 2746,2803,2872,2853,2852,2802,2597,2587,2469,2588,2818,2783,2860,2859,2861,2767
1694: 1714,1783
1695: 1721
1697: 1787,2070,2336
1702: 1665
1703: 1720,962
1982: 2147,2077,2135,2120,2205,2142,2202,2122,2169,2177,2144,2093,2160,2130,2228,2038,2137,2114,2113,2134
1767: 1779
2612: 2630,2658,2682,2683,2657,2689,2611,2704
1707: 1693,1725,1754,1698,1723
1731: 1521
1730: 1834,1870,1841
2728: 2699,527
2701: 2711,1629,1633,2706,1750,2732,415
1717: 1796,1915,2496,2572,2624
1722: 1745,955
1723: 1698,1707,1693,1743,1670
1725: 1707,1693,1754
1841: 1870,1730,1834,1863,1807,1788,1970
1728: 2607,2677,1792,1756,1819
1807: 1863,1870,1841,1788,1970
1772: 1797,1802,1760,1846,981,452,1729
1736: 1751,1606,1853,1776,1960,1769,1771
1737: 1888
1830: 1882,575,2486,2504,1884,2708,2489,1907,1874,2540
1765: 1718
1740: 1798
1743: 1670,1698,1723
1778: 1847
1745: 1722,955
1746: 1708
1796: 1717,1915,2496,2572,2624
1858: 2694,2713,1820
2312: 2246,2244,2300,2331,2214,2311,2299,2024,2215,2351,2219,2288,2250,2252,2216,2131,2240,2347,2283,2107,2150,2159,2323,2253,2282,2110,2181,2258
1750: 2706,1629,1633,2711,2701,415
1751: 1736,1606,1853,1776,1960
1752: 525,506,1781,409
2132: 2196,2191,2237,2338,2094,2339,2193,2002,2405,2277,2281,2279,2139,2201,2337,2140,2280,2261,2335,2271,2066,2395,2260,2199,512,2329,2197
1754: 1680,1648,1707,1693,1725
2321: 2319,2341,2420,2156,2322,2432,2403,2415,2356,2357,2158,2352,2414,2355,2310,2419,2265,2365,2055,2400,2313,2320,2315,2309,2308,2016,2154,2238,2318,2316,2180,2317,2178,2226,2155,2353,1961,2235,2314,2225
1756: 1819,1776,1960,1769,1771,1792,1728
2764: 2839,2818,2747,2773,2793,2597,2746,2872,2745,2783,2860,2859,2767,2744,2807,2835
1760: 1797,1772,1802,981
1917: 1919,1843,1948,1864,1922,1986,534,1910,1890
1763: 1719,911
1825: 1603,1583,563
1768: 1832,451
1769: 1776,1960,1771,1736,1756,1819,507
2742: 2772,2468,2566,2586,2123,432,2864,2862,2806
1771: 1776,1960,1769,1736,1756,1819,507
1773: 2350,918
1775: 1898
1776: 1960,1769,1771,1736,1751,1756,1819
1779: 1767
2163: 2062,2138,2122,2169,2177,2162,2256,2248,2129,2247,2249,2107,2144,2093,2160,2130,2188,2186,2259,2037,2092,2133
1783: 1837,1714,1694
1785: 1928,909
2046: 2386,2324,2241,2408,2293,2411,2292,2439,2424,2044,2325,2243,2423,2425,2242,2344,2381,2245
1787: 1697,2070,2336
1789: 1600
2706: 1750,1629,1633,2711,2701,415
1791: 1988,917,909
1792: 2607,2677,1728,1756,1819
1793: 1891,2572,2624
1798: 1740
2076: 2115,2188,2186,1994,2184,2204,2183,2045,2187,2182,2185,2091,2272,2127,2170,2236,2043,2090,2075,568
1802: 1797,1772,1760,1846,981,452,1729
1803: 1876,1844,1877
2732: 2727,2711,2701,1708
1890: 1910,1917,1843,1986,534,1955
2080: 2054,2137,2114,2113,2134,2037,2092,2133,2121,2108,2049,2052,2029
1867: 2578,1913,1991,2189,995,2619
2722: 2692,945,2614,2673,932,2721,2674
2818: 2839,2764,2773,2597,2746,2803,2851,2872,2783,2860,2859,2861,2767,2744,2807,2796,2835
1844: 1877,933,1803,1876,1766,1836
1973: 2053,1947
1817: 1689
1818: 1978
1819: 1756,1776,1960,1769,1771,1792,1728
1820: 1858,1064,2713,1088,2729
2678: 527,2730
1919: 1917,1843,1948,1864,1922
2143: 2228,2038,2227,2229,2103,2232,2950,2147,2077,2104,2164,2210,2087
2255: 2021,2594,2579,2602,1991,2189,1886
1988: 1791,917
2042: 2098,568,2141
1832: 1768,451
2544: 2451,2195,2435,2382,2404,2340,2437
1834: 1730,1870,1841
1836: 1844,933,1766
2619: 2578,1913,1867,995,2528
2580: 1939,2223,2072,444,2021,2594
2604: 2652,501
1843: 1919,1917,1864,1922,1986,534,1910,1890
1936: 1967,940,571,576
1846: 1797,1772,1802,981,1729,930,545
1847: 1778
2700: 2675,2661,2663,2683,2657,2614,2673,2721,2674,2687,2642,2694
2707: 459,2762
1853: 1606,1736,1751
1855: 1984
2133: 2037,2092,2144,2093,2160,2130,2163,2062,2138,2259,2113,2134,2127,2170,2054,2080,2108,2049
2791: 2817,2847,2882,2775,2760,2805,2854,2779,2829,2757,2771,2838,2533,2836,2756,2846,2820,2750,2787
1863: 1807,1870,1841,1788,1970
1864: 1948,1922,1940,1974,1921,1823,1919,1917,1843
2715: 2734,2735
1987: 2003,2030,1966
2127: 2170,2062,2138,2188,2186,2259,1994,2184,2204,2183,2045,2187,2182,2185,2037,2092,2133,2115,2076,2108,2090
1870: 1841,1730,1834,1863,1807,1788,1970
2723: 2664,2096,2290
2796: 2835,2839,2818,2783,2860,2859,2861,2767,2744,2807,486,2890,2557
2002: 2193,2404,2437,2338,2094,2089,2345,2339,2332,2391,2405,2277,2281,2279,2139,2201,2337,2140,2280,2261,2196,2191,2237,2132,2335,2271,2066,2395
2878: 2892,2888,2828,2758,2837,2780,2832,2779,2829,2905,2896,2838,2533,2836,2756,2846,2770,2875,2825,2923,2901,2921,2909,2841,2827
1876: 1803,1844,1877
1877: 1844,933,1803,1876,1766
2615: 2659,2096,2290,2563,2623
1882: 1830,575,2486,2504,1884,2708,2489,1907,1874,2540
1883: 1979,2073,1992
1884: 2486,2504,2708,1951,2541,1882,1830,1933,2560,2489,1907,1874,2540,2501,927
1886: 2255,1991,2189,995
1887: 1912,1965,1941
1888: 1737
1951: 2541,2528,2516,2559,1933,2560,2539,2709,2486,2504,1884,2708
2533: 2838,2836,2756,2846,2780,2832,2877,2831,2805,2854,2779,2829,2817,2791,2892,2888,2878,2828,2758,2837,2825,2923,2909,2841,2827,2840,2768,2842
2694: 2675,2700,2687,2642,1858
2684: 2736
1948: 1864,1922,1940,1974,1921,1823,1919,1917
1970: 1788,1870,1841,1863,1807,478
1898: 1775
2653: 2151
2222: 2524,2466,2434,2530,2402,2484,2548,2487,2429,2480,2477,2456,2485,2179,2431,2461,2417
2311: 2299,2024,2374,2267,2333,2040,2330,2410,2262,2409,2263,2394,2266,2293,2331,2214,2218,2044,2215,2325,2351,2243,2219,2288,2250,2252,2216,2246,2244,2312,2300,2240,2347,2283
2711: 2701,1629,1633,2706,1750,2732,415
2695: 2725
2522: 2547,2471,2430,2555,2483,2484,2548,2303,2482,2460,2458,1989,2459,2306
1907: 2489,1874,2540,1882,1830,2486,2504,1884,2708,927
2689: 2630,2658,2609,2610,2564,2612,2611,2704,2646
1910: 1890,1917,1843,1986,534,1955
2660: 2576,2690,977
1912: 1887,1965,1941
1913: 2578,1867,1991,2189,995,2619
2709: 1933,2560,2539,1951,2541,2504,2708,2501
1915: 2496,927,1717,1796
2400: 2055,2313,2320,2315,2307,2301,2305,2432,2403,2415,2356,2357,2158,2352,2414,2355,2310,2419,2389,2304,2406,2367,2319,2341,2420,2156,2322,2321,2231,2346,2318,2316,2180,2317,2178,2226,2155,2353,2314
1921: 1974,1823,2015,1972,1940,1948,1864
1922: 1948,1864,1919,1917,1843
2034: 2101
1989: 2460,2458,2459,2555,2522,2471,2430,2303,2482,2306,2179,2431,588,2399,2479,2307,2301,2305
1950: 2020,1999,2067,2006,2068
2061: 2018,569,2036,1995,2027,1998,524,590
1928: 1785,909
1972: 2015,1963,1942,1995,2027,1940,1974,1921,1823
2559: 2516,1951,2541,2648,1933,2560,2539,2501
2864: 2862,2806,2772,2742,2586,2123,432,2863,2804,2887
2031: 1976,583,2366,2426,2211,2207,2213,2165,2349
1933: 2560,2539,2709,1951,2541,2516,2559,2486,2504,1884,2708,2501
2588: 2587,2469,2852,2802,2746,2803,2851,2872,2574,2783,2860,2859,2861,2767
2090: 2075,2127,2115,2076,2043,568,2030,1966
1940: 2015,1972,1974,1921,1823,1948,1864
1941: 1965,1887,1912
1942: 1963,946,2015,1972
1995: 2036,2027,1998,2015,1972,2061,2018,569
2125: 2542,2568,2534
2770: 2903,2830,2905,2896,2888,2878,2828,2875,2825,2923,2901,2921,2924,2826,2897,2927,2899,2933,2952,2857,2932,2919
1947: 2053,1973
1953: 2867,2866,2865,2945,2937,2869,2917,2871,2947,2870,2902,1603,1583
2113: 2134,2135,1982,2144,2093,2160,2137,2114,2037,2092,2133,2121,2099,2054,2080,2108,2049
1955: 1986,534,1910,1890
2674: 2721,2692,2722,2614,2673,2675,2700,2687,2642
2147: 2077,2135,1982,2190,2120,2205,2142,2278,2202,2122,2169,2177,2950,2144,2093,2160,2130,2228,2038,2227,2143,2229,2137,2114,2134
1960: 1776,1769,1771,1736,1751,1756,1819
1961: 2226,2155,2353,2235,2314,2313,2315,2319,2341,2156,2321,2154,2238,2318,2316,2180,2317,2178,2225,2251,2205,2142,2278,2202,2112,2122,2169,2177,2256,2248,2129,2247,2249
2901: 2875,2825,2923,2921,2878,2837,2770,2909,2841,2827,2897,2899,2933,2952,2857,2932,2919,2819
1963: 1942,946,2015,1972
1986: 534,1917,1843,1955,1910,1890
1965: 1887,1912,1941
1966: 2030,2065,2108,2049,2090,2075,2011,1987,2003
1967: 1936,940,571,576
1976: 2031,583,2366,2426,2211,2207,2213,2165,2349
1977: 2039
1978: 1818
1979: 1883,2073,1992
1991: 2189,2255,1886,1913,1867,995
1992: 1979,1883,2073,502
2020: 1999,1950,2067,2059,2006,2068
1994: 2184,2204,2183,2045,2187,2182,2185,2107,2150,2159,2323,2253,2282,2181,2258,2188,2186,2259,2091,2272,2127,2170,2115,2076
1998: 2036,1995,2027,2061,2018,569
1999: 2020,1950,2067,2059,2006,2068
2055: 2400,2313,2320,2315,2307,2301,2305,2432,2403,2415,2356,2357,2158,2352,2414,2355,2310,2419,2389,2304,2406,2367,2319,2341,2420,2156,2322,2321,2231,2318,2316,2180,2317,2178,2226,2155,2314
2030: 1966,2065,2108,2049,2090,2075,2011,1987,2003
2003: 1987,2030,1966
2004: 2057
2108: 2049,2113,2134,2037,2092,2133,2127,2054,2080,2052,2029,2011,2030,1966,2065
2006: 2059,2020,1999,1950,2033,2068
2708: 2486,2504,1884,1951,2541,1882,1830,1933,2560,2539,2709,2489,1907,1874,2501,927
2162: 2256,2248,2129,2247,2249,2235,2225,2251,2250,2252,2131,2122,2169,2177,2107,2150,2144,2093,2160,2130,2163,2062,2138,2188,2186,2259
2105: 588,2399,2479,2307,2301,2305,2168,2233,2348,2443,2389,2304,2406,2367,2385,2383,2384,2166,2359,2208,2231,2346
2026: 2119
2011: 2108,2049,2030,1966,2065
2347: 2240,2275,2283,2311,2299,2024,2374,2044,2215,2325,2351,2243,2324,2241,2408,2246,2244,2312,2300,2344,2381,2245,2159,2253,2282,2110,2181,2258,2338,2094,2089,2345
2591: 2890,2557
2015: 1972,1963,1942,1995,2027,1940,1974,1921,1823
2016: 2309,2308,2154,2238,2357,2355,2310,2419,2265,2378,2365,2267,2333,2330,2319,2341,2420,2156,2322,2321,2331,2214,2218,2226,2155,2235,2314,2225,2251,2219,2288,2250,2216,2131
2018: 2061,569,2036,1995,2027,1998,524,590
2611: 2704,2646,2612,2689
2021: 2594,2580,1939,2563,2579,2602,2255
2057: 2004
2795: 2844,2914,2766,2819,2792,2928,2922,2891,2879,2931,2900,2843,2811,2886,2930,494,2813,2874
2024: 2311,2299,2374,2267,2333,2330,2410,2262,2409,2263,2394,2331,2214,2218,2044,2215,2325,2351,2243,2219,2288,2250,2252,2216,2131,2246,2244,2312,2300,2240,2347,2283
2027: 2036,1995,1998,2015,1972,2061,2018,569
2146: 2274
2029: 2052,2121,2054,2080,2108,2049
2442: 2224,2499,2286,2565,1526,1561
2036: 1995,2027,1998,2061,2018,569
2037: 2092,2133,2144,2093,2160,2130,2163,2062,2138,2188,2186,2259,2113,2134,2127,2170,2054,2080,2108,2049
2038: 2228,2227,2143,2229,2950,2147,2077,2135,1982,2104,2164,2210,2137,2114,2087,966,2121,2099
2039: 1977
2040: 2267,2333,2330,2416,2392,915,1701,1671,2265,2378,2365,2410,2262,2409,2263,2394,2266,2331,2214,2218,2311,2299,2374
2699: 2728,527
2043: 2236,2204,2045,2091,2272,2139,2201,2140,2280,2115,2076,2090,2075,568
2044: 2215,2325,2351,2243,2410,2262,2409,2394,2293,2411,2292,2439,2311,2299,2024,2374,2386,2324,2241,2046,2408,2246,2244,2240,2347,2275,2283,2344,2381,2245
2045: 1994,2184,2204,2183,2187,2182,2185,2107,2159,2323,2282,2181,2258,2188,2186,2091,2272,2127,2170,2115,2076,2236,2043
2716: 
2346: 2359,2208,2231,2105,2389,2304,2406,2367,2400,2313,2320,2315,2385,2383,2384,2166,2318,2316,2180,2317,2178,2167,2190,2270,2278,2202
2049: 2108,2113,2134,2037,2092,2133,2054,2080,2052,2029,2011,2030,1966,2065
2050: 2104,2164,2210,2087
2232: 2103,2211,2207,2213,2167,2190,2120,2270,2950,2104,2164,2210,2143
2052: 2029,2054,2080,2108,2049
2053: 1973,1947
2054: 2080,2137,2114,2113,2134,2037,2092,2133,2121,2108,2049,2052,2029
2059: 2006,590,2020,1999,2033,2068
2190: 2120,2270,2385,2383,2384,2166,2359,2208,2231,2346,2318,2316,2180,2317,2167,2205,2142,2278,2202,2112,2103,2232,2147
2062: 2163,2138,2122,2169,2177,2162,2256,2248,2129,2247,2249,2107,2144,2093,2160,2130,2188,2186,2259,2037,2092,2133,2127,2170
2809: 2778,2801,2808,2824,2797,2915,2850,2904,2785,2855
2065: 2030,1966,2108,2049,2075,2011
2066: 2335,2271,2395,2193,2002,2332,2391,2405,2277,2422,2474,2196,2191,2237,2132,2428,2529,2329,2197
2067: 2020,1999,1950
2068: 2020,1999,1950,2059,2006
2820: 2765,2750,2787,2817,2791,2757,2771,2840,2768,2842,2794
2070: 2336,1697,1787,2369
2575: 2672
2072: 2223,444,2580,1939
2073: 1979,1883,1992,502
2074: 2141
2075: 2090,2115,2076,2043,568,2030,1966,2065
2077: 2147,2135,1982,2120,2142,2202,2122,2169,2950,2144,2160,2228,2038,2227,2143,2229,2137,2114,2134
2144: 2093,2160,2130,2205,2142,2278,2202,2112,2122,2169,2177,2162,2256,2248,2129,2247,2147,2077,2135,1982,2163,2062,2138,2137,2114,2113,2134,2037,2092,2133
2103: 2232,2211,2207,2213,2167,2190,2120,2270,2950,2104,2164,2210,2143
2087: 2104,2164,2210,2228,2038,2227,2143,2229,2050,966,2095,2570
2521: 910,2370
2089: 2338,2094,2345,2339,2240,2347,2275,2283,2344,2381,2245,2110,2181,2258,2193,2002,2281,2279,2337,2261,2196,2191
2091: 2272,2159,2282,2181,2258,2338,1994,2184,2204,2183,2045,2187,2182,2185,2279,2139,2201,2337,2140,2280,2261,2115,2076,2236,2043
2092: 2037,2133,2144,2093,2160,2163,2062,2138,2188,2186,2259,2113,2134,2127,2170,2054,2080,2108,2049
2093: 2144,2160,2130,2122,2169,2177,2162,2256,2147,2135,1982,2163,2062,2138,2137,2114,2113,2134,2037,2092,2133
2094: 2338,2089,2345,2339,2240,2347,2275,2344,2381,2245,2110,2181,2258,2193,2002,2272,2281,2279,2139,2201,2337,2140,2280,2261,2196,2191,2237,2132
2095: 2570,2087,966,2121,2099
2096: 2290,2723,2664,2659,2615
2097: 2161,2260,2199,512,2329,2197
2098: 2042,568,2141
2099: 2121,2228,2038,2227,2229,2137,2114,2113,2134,966,2095
2101: 2034
2641: 514,2906,586
2202: 2205,2142,2278,2112,2359,2208,2231,2346,2318,2316,2180,2317,2178,2353,1961,2190,2120,2270,2122,2169,2177,2147,2077,2135,1982,2144
2110: 2342,2181,2258,2246,2244,2312,2240,2347,2275,2283,2344,2381,2245,2159,2323,2253,2282,2338,2094,2089,2345,2339,2337,2261
2201: 2281,2279,2139,2337,2140,2280,2261,2181,2258,2338,2094,2339,2002,2091,2272,2196,2191,2237,2132,2236,2043,2260,2199
2112: 2205,2142,2278,2202,2318,2316,2180,2317,2178,2226,2155,2353,1961,2235,2314,2190,2120,2270,2122,2169,2177,2135,2144,2130
2114: 2137,2147,2077,2135,1982,2144,2093,2160,2228,2038,2227,2229,2113,2134,2121,2099,2054,2080
2115: 2076,2188,2186,1994,2184,2204,2183,2045,2187,2182,2091,2272,2127,2170,2236,2043,2090,2075,568
2116: 1985
2117: 2206
2119: 2026
2120: 2190,2270,2359,2318,2316,2180,2317,2167,2205,2142,2278,2202,2112,2103,2232,2950,2147,2077,2135,1982
2121: 2099,2228,2038,2227,2229,2137,2114,2113,2134,966,2054,2080,2095,2029
2122: 2169,2177,2318,2316,2180,2317,2353,1961,2235,2205,2142,2278,2202,2112,2162,2256,2248,2129,2147,2077,2135,1982,2144,2093,2160,2130,2163,2062
2123: 2586,432,2772,2742,2864,2862,2806
2238: 2309,2308,2016,2154,2357,2355,2310,2419,2265,2365,2267,2330,2319,2341,2420,2156,2322,2321,2331,2214,2218,2226,2155,2353,1961,2235,2314,2225,2251,2219,2288,2250,2252,2216,2131
2129: 2162,2256,2248,2247,2249,2226,2155,2353,1961,2235,2225,2251,2219,2288,2250,2252,2131,2122,2169,2177,2107,2150,2144,2130,2163,2062,2138,2259
2130: 2144,2093,2160,2205,2142,2112,2122,2169,2177,2162,2256,2248,2129,2247,2249,2147,2135,1982,2163,2062,2138,2037,2133
2131: 2219,2288,2250,2252,2216,2309,2308,2016,2154,2238,2331,2214,2218,2024,2225,2251,2244,2312,2300,2162,2256,2248,2129,2247,2249,2107,2150,2323,2253
2134: 2113,2147,2077,2135,1982,2144,2093,2160,2137,2114,2037,2092,2133,2121,2099,2054,2080,2108,2049
2135: 2147,2077,1982,2120,2205,2142,2278,2202,2112,2122,2169,2177,2144,2093,2160,2130,2228,2038,2227,2137,2114,2113,2134
2258: 2342,2110,2181,2246,2244,2312,2240,2347,2275,2283,2381,2245,2159,2323,2253,2282,2338,2094,2089,2345,2339,1994,2184,2204,2183,2045,2182,2185,2091,2272,2281,2279,2139,2201,2337,2140,2261
2137: 2114,2147,2077,2135,1982,2144,2093,2160,2228,2038,2227,2229,2113,2134,2121,2099,2054,2080
2138: 2163,2062,2162,2256,2248,2129,2247,2249,2107,2150,2144,2093,2160,2130,2188,2186,2259,2037,2092,2133,2127,2170
2139: 2281,2279,2201,2337,2140,2280,2261,2181,2258,2338,2094,2345,2339,2193,2002,2091,2272,2196,2191,2237,2132,2236,2043,2260,2199
2140: 2281,2279,2139,2201,2337,2280,2261,2181,2258,2338,2094,2339,2193,2002,2091,2272,2196,2191,2237,2132,2236,2043,2260,2199
2141: 2042,2098,2074
2142: 2205,2278,2202,2112,2318,2316,2180,2317,2353,1961,2235,2190,2120,2270,2122,2169,2177,2147,2077,2135,1982,2144,2160,2130
2148: 2224,2498,2499,926,1487,2174,822,2286
2659: 2615,2096,2290,2563,2623
2150: 2107,2225,2251,2219,2288,2250,2252,2216,2131,2246,2244,2312,2300,2162,2256,2248,2129,2247,2249,2159,2323,2253,2282,2138,2188,2186,2259,1994,2184,2183,2187,2182,2185
2151: 2653
2152: 2433,2416,2487,2429,2480,2477,2456,2485,2377,2476,2475,2523,2512,2427,2364,2465,2461,2157,2417,2379,915,2357,2352,2414,2355,2310,2419,2265,2378,2365
2377: 2476,2475,2523,2512,2427,2487,2429,2480,2477,2456,2485,853,1677,2364,2461,2157,2379,2433,2152,2416
2154: 2309,2308,2016,2238,2357,2158,2355,2310,2419,2265,2365,2330,2319,2341,2420,2156,2322,2321,2331,2214,2218,2226,2155,2353,1961,2235,2314,2225,2251,2219,2288,2250,2252,2131
2155: 2226,2353,1961,2235,2314,2055,2400,2313,2315,2319,2341,2420,2156,2322,2321,2309,2308,2016,2154,2238,2318,2316,2180,2317,2178,2225,2251,2205,2112,2169,2177,2248,2129,2247,2249
2156: 2319,2341,2420,2322,2321,2356,2357,2158,2352,2414,2355,2310,2419,2265,2365,2055,2400,2313,2315,2309,2308,2016,2154,2238,2318,2316,2180,2178,2226,2155,2353,1961,2235,2314,2225,2251
2157: 2461,2417,2379,2466,2402,2487,2429,2480,2477,2456,2485,2377,2476,2475,2523,2512,2427,2433,2152,2416,2415,2356,2357,2158,2352,2414,2355,2310,2419,2265,2378,2365
2158: 2357,2352,2414,2355,2310,2419,2461,2157,2417,2379,2416,2432,2403,2415,2356,2265,2378,2365,2055,2400,2313,2320,2315,2319,2341,2420,2156,2322,2321,2308,2154
2159: 2323,2253,2282,2252,2216,2246,2244,2312,2300,2240,2347,2275,2283,2107,2150,2110,2181,2258,2188,2186,1994,2184,2204,2183,2045,2187,2182,2185,2091,2272
2160: 2144,2093,2130,2142,2122,2169,2177,2162,2256,2147,2077,2135,1982,2163,2062,2138,2137,2114,2113,2134,2037,2092,2133
2161: 2097,2260,2199,512,2329,2197
2164: 2104,2210,2103,2232,2950,2228,2038,2227,2143,2229,2050,2087
2165: 2349,2031,1976,583
2166: 2385,2383,2384,2168,2233,2348,2105,2389,2367,2359,2208,2231,2346,2211,2207,2213,2167,2190,2270
2167: 2385,2383,2384,2166,2359,2208,2231,2346,2211,2207,2213,2190,2120,2270,2103,2232,2950
2168: 2233,2348,2443,2556,588,2445,2399,2479,2105,2385,2383,2384,2166
2169: 2122,2177,2318,2316,2180,2317,2155,2353,1961,2235,2205,2142,2278,2202,2112,2162,2256,2248,2129,2247,2147,2077,2135,1982,2144,2093,2160,2130,2163,2062
2170: 2127,2062,2138,2188,2186,2259,1994,2184,2204,2183,2045,2187,2182,2185,2037,2092,2133,2115,2076
2406: 2389,2304,2367,2399,2479,2307,2301,2305,2432,2403,2415,2356,2105,2055,2400,2313,2320,2315,2208,2231,2346,2318,2316,2180,2317,2178
2658: 2630,2637,2613,2609,2682,2683,2657,2612,2689
2173: 2358,916,2145,580
2174: 1487,822,2455,2148,2224,2499
2761: 2883,2935,2797,2915,2850,2904,536,2834,2881,2936,2741
2734: 2715,2735
2177: 2122,2169,2318,2316,2180,2317,2178,2226,2155,2353,1961,2235,2314,2225,2251,2205,2142,2278,2202,2112,2162,2256,2248,2129,2247,2249,2147,2135,1982,2144,2093,2160,2130,2163,2062
2178: 2318,2316,2180,2317,2304,2406,2055,2400,2313,2320,2315,2319,2341,2420,2156,2322,2321,2231,2346,2226,2155,2353,1961,2235,2314,2205,2278,2202,2112,2177
2179: 2306,2431,2430,2484,2548,2524,2222,2466,2434,2530,2402,2460,2458,1989,2399,2479,2307,2301,2305,2432,2403,2415,2356
2180: 2318,2316,2317,2178,2304,2406,2055,2400,2313,2320,2315,2319,2156,2321,2359,2208,2231,2346,2226,2155,2353,1961,2235,2314,2190,2120,2270,2205,2142,2278,2202,2112,2122,2169,2177
2181: 2342,2110,2258,2246,2244,2312,2240,2347,2275,2283,2245,2159,2323,2253,2282,2338,2094,2089,2339,1994,2184,2204,2183,2045,2187,2182,2185,2091,2272,2281,2279,2139,2201,2337,2140,2261
2182: 1994,2184,2204,2183,2045,2187,2185,2107,2150,2159,2323,2253,2282,2181,2258,2188,2186,2259,2091,2272,2127,2170,2115,2076
2183: 1994,2184,2204,2045,2187,2182,2185,2107,2150,2159,2323,2253,2282,2181,2258,2188,2186,2259,2091,2272,2127,2170,2115,2076
2184: 1994,2204,2183,2045,2187,2182,2185,2107,2150,2159,2323,2253,2282,2181,2258,2188,2186,2259,2091,2272,2127,2170,2115,2076
2185: 1994,2184,2204,2183,2045,2187,2182,2107,2150,2159,2323,2253,2282,2181,2258,2188,2186,2259,2091,2272,2127,2170,2076
2186: 2188,2259,2162,2256,2107,2150,2159,2323,2253,2282,2163,2062,2138,1994,2184,2204,2183,2045,2187,2182,2185,2037,2092,2127,2170,2115,2076
2187: 1994,2184,2204,2183,2045,2182,2185,2107,2150,2159,2323,2253,2282,2181,2188,2186,2259,2091,2272,2127,2170,2115,2076
2188: 2186,2259,2162,2256,2107,2150,2159,2323,2253,2282,2163,2062,2138,1994,2184,2204,2183,2045,2187,2182,2185,2037,2092,2127,2170,2115,2076
2189: 1991,2579,2602,2255,1886,1913,1867,995
2191: 2196,2237,2132,2338,2094,2089,2345,2339,2193,2002,2332,2391,2405,2277,2281,2279,2139,2201,2337,2140,2280,2261,2335,2271,2066,2395,2260,2199,2329,2197
2683: 2682,2657,2658,2612,2675,2700
2193: 2002,2404,2340,2437,2338,2094,2089,2345,2339,2332,2391,2405,2277,2281,2279,2139,2337,2140,2280,2261,2196,2191,2237,2132,2335,2271,2066,2395
2344: 2381,2245,2044,2325,2351,2243,2386,2324,2241,2046,2408,2423,2425,2242,2240,2347,2275,2110,2338,2094,2089,2345
2195: 2451,2544,2435,2382,2340,2437,2332,2391,2422,2474
2196: 2191,2237,2132,2338,2094,2089,2345,2339,2193,2002,2332,2391,2405,2277,2281,2279,2139,2201,2337,2140,2280,2261,2335,2271,2066,2395,2260,2199,2329,2197
2197: 2329,2196,2191,2237,2132,2335,2271,2066,2395,2428,2529,2260,2199,512,2161,2097
2198: 2145
2199: 2260,512,2281,2279,2139,2201,2140,2280,2196,2191,2237,2132,2335,2271,2329,2197,2161,2097
2343: 2436
2203: 2393
2204: 1994,2184,2183,2045,2187,2182,2185,2107,2159,2323,2282,2181,2258,2188,2186,2259,2091,2272,2127,2170,2115,2076,2236,2043
2205: 2142,2278,2202,2112,2359,2231,2318,2316,2180,2317,2178,2226,2155,2353,1961,2235,2314,2190,2120,2270,2122,2169,2177,2147,2135,1982,2144,2130
2206: 2117
2207: 2211,2213,2383,2384,2166,2366,2426,2167,2031,1976,2103,2232
2208: 2359,2231,2346,2105,2389,2304,2406,2367,2320,2385,2383,2384,2166,2316,2180,2317,2167,2190,2270,2278,2202
2209: 2446,2447,2448,2481,2556
2210: 2104,2164,2103,2232,2950,2228,2038,2227,2143,2229,2050,2087
2211: 2207,2213,2385,2383,2384,2166,2366,2426,2167,2031,1976,2103,2232
2773: 2747,2793,2786,2856,2784,2880,2777,2853,2848,2597,2745,2839,2818,2764
2213: 2211,2207,2385,2383,2384,2166,2366,2426,2167,2031,1976,2103,2232
2214: 2331,2218,2265,2365,2267,2333,2040,2330,2410,2262,2409,2263,2309,2308,2016,2154,2238,2311,2299,2024,2374,2225,2251,2219,2288,2250,2252,2216,2131,2244,2312,2300
2215: 2044,2325,2351,2243,2410,2262,2409,2263,2394,2293,2311,2299,2024,2374,2324,2241,2408,2246,2244,2312,2300,2240,2347,2275,2283,2381,2245
2216: 2219,2288,2250,2252,2131,2309,2016,2238,2331,2214,2218,2311,2299,2024,2374,2225,2251,2246,2244,2312,2300,2247,2249,2107,2150,2159,2323,2253,2282
2217: 2362,2334,2454,2268,2462,2463,2373,2505,2363,2361,2410,2262,2394,2266,2293,2411,2292,2439
2218: 2331,2214,2265,2378,2365,2267,2333,2040,2330,2410,2409,2263,2266,2309,2308,2016,2154,2238,2311,2024,2225,2251,2219,2288,2216,2131,2300
2219: 2288,2250,2252,2216,2131,2309,2308,2016,2154,2238,2331,2214,2218,2311,2299,2024,2225,2251,2246,2244,2312,2300,2129,2247,2249,2107,2150,2253
2353: 2226,2155,1961,2235,2314,2400,2313,2315,2319,2341,2420,2156,2321,2154,2238,2318,2316,2180,2317,2178,2225,2251,2205,2142,2278,2202,2112,2122,2169,2177,2248,2129,2247,2249
2223: 2072,444,2580,1939
2224: 2148,2498,2499,926,1487,2174,822,2455,2286,2442
2225: 2251,2319,2341,2420,2156,2322,2321,2309,2308,2016,2154,2238,2331,2214,2218,2226,2155,2353,1961,2235,2314,2219,2288,2250,2252,2216,2131,2177,2162,2256,2248,2129,2247,2249,2107,2150
2226: 2155,2353,1961,2235,2314,2055,2400,2313,2315,2319,2341,2420,2156,2322,2321,2309,2308,2016,2154,2238,2318,2316,2180,2178,2225,2251,2205,2112,2177,2248,2129,2247,2249
2227: 2228,2038,2143,2229,2950,2147,2077,2135,2104,2164,2210,2137,2114,2087,966,2121,2099
2228: 2038,2227,2143,2229,2950,2147,2077,2135,1982,2104,2164,2210,2137,2114,2087,2121,2099
2229: 2228,2038,2227,2143,2950,2147,2077,2104,2164,2210,2137,2114,2087,966,2121,2099
2437: 2404,2340,2425,2382,2451,2544,2195,2435,2193,2002,2332,2391,2405,2277,2422,2474
2231: 2359,2208,2346,2105,2389,2304,2406,2367,2055,2400,2313,2320,2315,2385,2383,2384,2166,2318,2316,2180,2317,2178,2167,2190,2270,2205,2278,2202
2235: 2226,2155,2353,1961,2314,2313,2315,2319,2341,2420,2156,2321,2309,2308,2016,2154,2238,2318,2316,2180,2178,2225,2251,2205,2142,2112,2122,2169,2177,2162,2256,2248,2129,2247,2249
2236: 2043,2204,2045,2091,2272,2279,2139,2201,2140,2280,2261,2115,2076,568
2237: 2196,2191,2132,2338,2094,2345,2339,2193,2002,2405,2277,2281,2279,2139,2201,2337,2140,2280,2261,2335,2271,2066,2395,2260,2199,512,2329,2197
2599: 2600,2598,2562,2528
2240: 2347,2275,2283,2311,2299,2024,2374,2044,2215,2325,2351,2243,2324,2241,2408,2246,2244,2312,2300,2344,2381,2245,2159,2253,2282,2110,2181,2258,2338,2094,2089,2345
2241: 2386,2324,2046,2408,2293,2411,2292,2439,2044,2215,2325,2351,2243,2423,2425,2242,2240,2347,2275,2344,2381,2245
2242: 2423,2425,2411,2424,2452,2497,2386,2324,2241,2046,2408,2382,2344,2404
2243: 2044,2215,2325,2351,2410,2262,2409,2263,2394,2266,2293,2411,2292,2439,2311,2299,2024,2374,2386,2324,2241,2046,2408,2246,2244,2240,2347,2344,2381,2245
2244: 2246,2312,2300,2331,2214,2311,2299,2024,2374,2044,2215,2325,2351,2243,2219,2288,2250,2252,2216,2131,2240,2347,2275,2283,2107,2150,2159,2323,2253,2282,2110,2181,2258
2245: 2344,2381,2044,2215,2325,2351,2243,2386,2324,2241,2046,2408,2425,2240,2347,2275,2283,2110,2181,2258,2338,2094,2089,2345,2339
2246: 2244,2312,2300,2331,2311,2299,2024,2374,2044,2215,2325,2351,2243,2219,2288,2250,2252,2216,2240,2347,2275,2283,2107,2150,2159,2323,2253,2282,2110,2181,2258
2247: 2162,2256,2248,2129,2249,2226,2155,2353,1961,2235,2225,2251,2219,2288,2250,2252,2216,2131,2169,2177,2107,2150,2144,2130,2163,2062,2138,2259
2248: 2162,2256,2129,2247,2249,2226,2155,2353,1961,2235,2314,2225,2251,2288,2250,2252,2131,2122,2169,2177,2107,2150,2144,2130,2163,2062,2138,2259
2249: 2162,2256,2248,2129,2247,2226,2155,2353,1961,2235,2225,2251,2219,2288,2250,2252,2216,2131,2177,2107,2150,2130,2163,2062,2138,2259
2250: 2219,2288,2252,2216,2131,2309,2308,2016,2154,2238,2331,2214,2311,2024,2225,2251,2246,2244,2312,2300,2162,2256,2248,2129,2247,2249,2107,2150,2323,2253
2251: 2225,2341,2156,2309,2308,2016,2154,2238,2331,2214,2218,2226,2155,2353,1961,2235,2219,2288,2250,2252,2216,2131,2177,2162,2256,2248,2129,2247,2249,2107,2150
2252: 2219,2288,2250,2216,2131,2309,2154,2238,2331,2214,2311,2024,2225,2251,2246,2244,2312,2300,2162,2256,2248,2129,2247,2249,2107,2150,2159,2323,2253
2253: 2159,2323,2282,2219,2288,2250,2252,2216,2131,2246,2244,2312,2300,2240,2347,2275,2283,2107,2150,2110,2181,2258,2188,2186,1994,2184,2183,2187,2182,2185
2731: 2710
2256: 2162,2248,2129,2247,2249,1961,2235,2225,2251,2288,2250,2252,2131,2122,2169,2177,2107,2150,2144,2093,2160,2130,2163,2062,2138,2188,2186,2259
2663: 2661,2633,945,2614,2673,2675,2700
2259: 2188,2186,2162,2256,2248,2129,2247,2249,2107,2150,2323,2163,2062,2138,1994,2184,2204,2183,2187,2182,2185,2037,2092,2133,2127,2170
2260: 2199,512,2281,2279,2139,2201,2140,2280,2196,2191,2237,2132,2335,2271,2329,2197,2161,2097
2262: 2410,2409,2263,2394,2266,2392,2217,2362,2334,2454,2267,2333,2040,2293,2331,2214,2311,2299,2024,2374,2044,2215,2325,2351,2243
2263: 2410,2262,2409,2394,2266,2392,2334,2454,2267,2333,2040,2330,2293,2331,2214,2218,2311,2299,2024,2374,2215,2325,2351,2243
2600: 2598,2562,2599,2528,2610
2265: 2378,2365,2157,2379,2433,2152,2416,2392,915,2357,2158,2352,2414,2355,2310,2419,2267,2333,2040,2330,2319,2341,2420,2156,2322,2321,2309,2308,2016,2154,2238,2331,2214,2218
2266: 2410,2262,2409,2263,2394,2392,915,1701,1671,2217,2362,2334,2454,2267,2333,2040,2330,2293,2218,2311,2299,2374,2325,2243
2267: 2333,2040,2330,2416,2392,915,2265,2378,2365,2410,2262,2409,2263,2394,2266,2309,2308,2016,2238,2331,2214,2218,2311,2299,2024,2374
2268: 2462,2488,2464,1700,2463,1671,2217,2362,2334,2454,2373,2505,2363,2361
2307: 2301,2305,2460,2458,1989,2459,2306,2179,2431,2399,2479,2432,2403,2415,2356,2105,2389,2304,2406,2367,2055,2400,2313,2320,2315
2270: 2190,2120,2385,2383,2384,2166,2359,2208,2231,2346,2318,2316,2180,2317,2167,2205,2142,2278,2202,2112,2103,2232
2271: 2335,2066,2395,2193,2002,2332,2391,2405,2277,2422,2474,2196,2191,2237,2132,2529,2260,2199,512,2329,2197
2272: 2091,2159,2282,2181,2258,2338,2094,1994,2184,2204,2183,2045,2187,2182,2185,2281,2279,2139,2201,2337,2140,2280,2261,2115,2076,2236,2043
2469: 2587,2588,2746,2803,2851,2872,2574,2783,2860,2859,2861,2767
2274: 2146
2275: 2240,2347,2283,2044,2215,2351,2324,2241,2408,2246,2244,2344,2381,2245,2159,2253,2282,2342,2110,2181,2258,2338,2094,2089,2345,2339
2669: 1532
2277: 2332,2391,2405,2404,2340,2437,2193,2002,2422,2474,2196,2191,2237,2132,2335,2271,2066,2395
2278: 2205,2142,2202,2112,2359,2208,2231,2346,2318,2316,2180,2317,2178,2353,1961,2314,2190,2120,2270,2122,2169,2177,2147,2135,2144
2279: 2281,2139,2201,2337,2140,2280,2261,2181,2258,2338,2094,2089,2345,2339,2193,2002,2091,2272,2196,2191,2237,2132,2236,2260,2199
2280: 2281,2279,2139,2201,2337,2140,2261,2338,2094,2339,2193,2002,2091,2272,2196,2191,2237,2132,2236,2043,2260,2199
2282: 2159,2323,2253,2216,2246,2244,2312,2300,2240,2347,2275,2283,2107,2150,2342,2110,2181,2258,2188,2186,1994,2184,2204,2183,2045,2187,2182,2185,2091,2272
2283: 2240,2347,2275,2311,2024,2044,2215,2351,2246,2244,2312,2300,2381,2245,2159,2323,2253,2282,2110,2181,2258,2338,2089
2345: 2338,2094,2089,2339,2240,2347,2275,2344,2381,2245,2110,2258,2193,2002,2281,2279,2139,2337,2261,2196,2191,2237
2285: 2396,2584,2545
2286: 2148,2224,2498,2499,2442
2287: 2519,485
2288: 2219,2250,2252,2216,2131,2309,2308,2016,2154,2238,2331,2214,2218,2311,2024,2225,2251,2246,2244,2312,2300,2256,2248,2129,2247,2249,2107,2150,2253
2290: 2096,2723,2664,2659,2615
2291: 2438,2463,2373,2505,2363,2361,2388,2411,2292,2439,2424,2452,2497
2292: 2411,2439,2217,2362,2334,2454,2373,2505,2363,2361,2438,2291,2293,2424,2044,2325,2243,2386,2324,2241,2046,2408,2423,2425
2293: 2217,2362,2334,2454,2373,2505,2363,2361,2410,2262,2409,2263,2394,2266,2411,2292,2439,2311,2299,2374,2044,2215,2325,2351,2243,2386,2324,2241,2046
2767: 2783,2860,2859,2861,2597,2746,2803,2851,2872,2587,2469,2588,2839,2818,2764,2744,2807,2796,2835
2601: 2769
2543: 2550
2439: 2411,2292,2217,2362,2334,2454,2373,2505,2363,2361,2438,2291,2293,2044,2325,2243,2386,2324,2241,2046,2425
2525: 2371
2299: 2311,2024,2374,2267,2333,2040,2330,2410,2262,2409,2263,2394,2266,2293,2331,2214,2044,2215,2325,2351,2243,2219,2216,2246,2244,2312,2300,2240,2347
2300: 2246,2244,2312,2331,2214,2218,2311,2299,2024,2374,2215,2351,2219,2288,2250,2252,2216,2131,2240,2347,2283,2107,2150,2159,2323,2253,2282
2301: 2307,2305,2460,2458,1989,2459,2306,2179,2431,2399,2479,2432,2403,2415,2356,2105,2389,2304,2406,2367,2055,2400,2320
2741: 2895,536,2834,2881,2936,2761,2935,2894,2845,2876,2916
2303: 2482,2555,2483,2547,2522,2471,2430,2481,2460,2458,1989,2459,2556,588,2399,2479
2304: 2389,2406,2367,2399,2479,2307,2301,2305,2432,2403,2105,2055,2400,2313,2320,2315,2385,2383,2359,2208,2231,2346,2180,2317,2178
2305: 2307,2301,2460,2458,1989,2459,2306,2179,2431,2399,2479,2432,2403,2415,2356,2105,2389,2304,2406,2367,2055,2400,2320
2306: 2179,2431,2547,2522,2471,2430,2484,2548,2466,2434,2530,2402,2460,2458,1989,2459,2399,2479,2307,2301,2305,2432,2403,2415,2356
2308: 2309,2016,2154,2238,2357,2158,2352,2414,2355,2310,2419,2265,2378,2365,2267,2333,2330,2319,2341,2420,2156,2322,2321,2331,2214,2218,2226,2155,2235,2314,2225,2251,2219,2288,2250,2131
2309: 2308,2016,2154,2238,2357,2310,2419,2265,2378,2365,2267,2333,2330,2319,2341,2420,2156,2322,2321,2331,2214,2218,2226,2155,2235,2225,2251,2219,2288,2250,2252,2216,2131
2310: 2357,2158,2352,2414,2355,2419,2461,2157,2417,2379,2433,2152,2416,2415,2356,2265,2378,2365,2055,2400,2319,2341,2420,2156,2322,2321,2309,2308,2016,2154,2238
2313: 2055,2400,2320,2315,2307,2357,2158,2355,2389,2304,2406,2319,2341,2420,2156,2322,2321,2231,2346,2318,2316,2180,2317,2178,2226,2155,2353,1961,2235,2314
2314: 2226,2155,2353,1961,2235,2055,2400,2313,2320,2315,2319,2341,2420,2156,2322,2321,2308,2016,2154,2238,2318,2316,2180,2317,2178,2225,2205,2278,2112,2177,2248
2315: 2055,2400,2313,2320,2307,2357,2158,2355,2389,2304,2406,2319,2341,2420,2156,2321,2231,2346,2318,2316,2180,2317,2178,2226,2155,2353,1961,2235,2314
2316: 2318,2180,2317,2178,2406,2055,2400,2313,2320,2315,2319,2341,2156,2321,2359,2208,2231,2346,2226,2155,2353,1961,2235,2314,2190,2120,2270,2205,2142,2278,2202,2112,2122,2169,2177
2317: 2318,2316,2180,2178,2389,2304,2406,2055,2400,2313,2320,2315,2319,2321,2359,2208,2231,2346,2155,2353,1961,2314,2190,2120,2270,2205,2142,2278,2202,2112,2122,2169,2177
2318: 2316,2180,2317,2178,2406,2055,2400,2313,2320,2315,2319,2341,2420,2156,2321,2231,2346,2226,2155,2353,1961,2235,2314,2190,2120,2270,2205,2142,2278,2202,2112,2122,2169,2177
2319: 2341,2420,2156,2322,2321,2432,2403,2415,2356,2357,2158,2352,2414,2355,2310,2419,2265,2378,2365,2055,2400,2313,2320,2315,2309,2308,2016,2154,2238,2318,2316,2180,2317,2178,2226,2155,2353,1961,2235,2314,2225
2320: 2055,2400,2313,2315,2307,2301,2305,2432,2403,2415,2356,2357,2158,2352,2414,2355,2389,2304,2406,2367,2319,2321,2208,2231,2346,2318,2316,2180,2317,2178,2314
2322: 2319,2341,2420,2156,2321,2415,2356,2357,2158,2352,2414,2355,2310,2419,2265,2378,2365,2055,2400,2313,2309,2308,2016,2154,2238,2178,2226,2155,2314,2225
2323: 2159,2253,2282,2250,2252,2216,2131,2246,2244,2312,2300,2283,2107,2150,2110,2181,2258,2188,2186,2259,1994,2184,2204,2183,2045,2187,2182,2185
2324: 2386,2241,2046,2408,2293,2411,2292,2439,2044,2215,2325,2351,2243,2423,2425,2242,2240,2347,2275,2344,2381,2245
2325: 2044,2215,2351,2243,2410,2262,2409,2263,2394,2266,2293,2411,2292,2439,2311,2299,2024,2374,2386,2324,2241,2046,2408,2246,2244,2240,2347,2344,2381,2245
2523: 2377,2476,2475,2512,2427,2487,2429,2480,2477,2456,2485,853,1677,2364,2465,2157,2433,2152,915
2407: 2551
2735: 2727,2734,2715
2329: 2197,2196,2191,2237,2132,2335,2271,2066,2395,2428,2529,2260,2199,512,2161,2097
2330: 2267,2333,2040,2416,2392,2265,2378,2365,2410,2409,2263,2266,2309,2308,2016,2154,2238,2331,2214,2218,2311,2299,2024
2331: 2214,2218,2265,2365,2267,2333,2040,2330,2262,2409,2263,2309,2308,2016,2154,2238,2311,2299,2024,2374,2225,2251,2219,2288,2250,2252,2216,2131,2246,2244,2312,2300
2332: 2391,2405,2277,2404,2340,2437,2195,2435,2193,2002,2422,2474,2196,2191,2335,2271,2066,2395,2428,2529
2333: 2267,2040,2330,2416,2392,915,2265,2378,2365,2410,2262,2409,2263,2394,2266,2309,2308,2016,2331,2214,2218,2311,2299,2024,2374
2334: 2217,2362,2454,2488,2464,1700,2268,2462,2463,1671,2373,2505,2363,2361,2410,2262,2409,2263,2394,2266,2293,2292,2439
2335: 2271,2066,2395,2193,2002,2332,2391,2405,2277,2422,2474,2196,2191,2237,2132,2428,2529,2260,2199,512,2329,2197
2336: 2070,1697,1787,2369
2337: 2281,2279,2139,2201,2140,2280,2261,2342,2110,2181,2258,2338,2094,2089,2345,2339,2193,2002,2091,2272,2196,2191,2237,2132
2338: 2094,2089,2345,2339,2240,2347,2275,2283,2344,2381,2245,2342,2110,2181,2258,2193,2002,2091,2272,2281,2279,2139,2201,2337,2140,2280,2261,2196,2191,2237,2132
2339: 2338,2094,2089,2345,2275,2381,2245,2110,2181,2258,2193,2002,2281,2279,2139,2201,2337,2140,2280,2261,2196,2191,2237,2132
2340: 2404,2437,2382,2451,2544,2195,2435,2193,2332,2391,2405,2277,2422,2474
2341: 2319,2420,2156,2322,2321,2357,2158,2352,2414,2355,2310,2419,2265,2365,2055,2400,2313,2315,2309,2308,2016,2154,2238,2318,2316,2178,2226,2155,2353,1961,2235,2314,2225,2251
2342: 2110,2181,2258,2275,2282,2338,2337,2261
2348: 2168,2233,2443,588,2445,2399,2105,2385,2383,2384,2166
2349: 2165,2031,1976,583
2350: 1773,918
2351: 2044,2215,2325,2243,2262,2409,2263,2394,2293,2311,2299,2024,2374,2324,2241,2408,2246,2244,2312,2300,2240,2347,2275,2283,2344,2381,2245
2352: 2357,2158,2414,2355,2310,2419,2461,2157,2417,2379,2433,2152,2416,2432,2403,2415,2356,2265,2378,2365,2055,2400,2320,2319,2341,2420,2156,2322,2321,2308
2590: 2449,2595,2627,589,2495,2592,2655,2596
2355: 2357,2158,2352,2414,2310,2419,2461,2157,2417,2379,2433,2152,2416,2432,2403,2415,2356,2265,2378,2365,2055,2400,2313,2320,2315,2319,2341,2420,2156,2322,2321,2308,2016,2154,2238
2356: 2432,2403,2415,2306,2179,2431,2461,2157,2417,2379,2307,2301,2305,2357,2158,2352,2414,2355,2310,2419,2406,2055,2400,2320,2319,2420,2156,2322,2321
2357: 2158,2352,2414,2355,2310,2419,2461,2157,2417,2379,2433,2152,2416,2432,2403,2415,2356,2265,2378,2365,2055,2400,2313,2320,2315,2319,2341,2420,2156,2322,2321,2309,2308,2016,2154,2238
2358: 2173,916,2145,580
2359: 2208,2231,2346,2105,2389,2304,2367,2385,2383,2384,2166,2316,2180,2317,2167,2190,2120,2270,2205,2278,2202
2360: 2503
2361: 2373,2505,2363,2268,2462,2463,2217,2362,2334,2454,2438,2291,2293,2411,2292,2439
2362: 2217,2334,2454,2488,2268,2462,2463,2373,2505,2363,2361,2410,2262,2394,2266,2293,2411,2292,2439
2363: 2373,2505,2361,2268,2462,2463,2217,2362,2334,2454,2438,2291,2293,2411,2292,2439
2364: 853,1677,2465,2377,2476,2523,2512,2427,2488,2464,1700,2433,2152,2392,915,1701,1671
2365: 2265,2378,2157,2379,2433,2152,2416,2392,2357,2158,2352,2414,2355,2310,2419,2267,2333,2040,2330,2319,2341,2420,2156,2322,2321,2309,2308,2016,2154,2238,2331,2214,2218
2366: 2426,2211,2207,2213,2031,1976
2367: 2389,2304,2406,2399,2479,2307,2301,2305,2432,2403,2105,2055,2400,2320,2385,2383,2384,2166,2359,2208,2231,2346
2369: 2070,2336,1721,2473
2370: 910,2521
2371: 2525
2485: 2487,2429,2480,2477,2456,2524,2222,2466,2434,2530,2402,2377,2476,2475,2523,2512,2427,2461,2157,2417,2379,2433,2152,2416
2373: 2505,2363,2361,2268,2462,2463,2217,2362,2334,2454,2438,2291,2293,2411,2292,2439
2374: 2311,2299,2024,2267,2333,2040,2410,2262,2409,2263,2394,2266,2293,2331,2214,2044,2215,2325,2351,2243,2216,2246,2244,2300,2240,2347
2555: 2483,2547,2522,2471,2430,2303,2482,2460,2458,1989,2459
2917: 2937,2869,2868,2946,1953,2867,2866,2865,2945,2871,2870,2902
2378: 2265,2365,2461,2157,2417,2379,2433,2152,2416,2392,915,2357,2158,2352,2414,2355,2310,2419,2267,2333,2040,2330,2319,2420,2322,2309,2308,2016,2218
2379: 2461,2157,2417,2466,2402,2487,2429,2480,2477,2456,2485,2377,2475,2512,2427,2433,2152,2416,2415,2356,2357,2158,2352,2414,2355,2310,2419,2265,2378,2365
2477: 2487,2429,2480,2456,2485,2524,2222,2466,2402,2377,2476,2475,2523,2512,2427,2461,2157,2417,2379,2433,2152
2381: 2344,2245,2044,2215,2325,2351,2243,2386,2324,2241,2046,2408,2425,2240,2347,2275,2283,2110,2258,2338,2094,2089,2345,2339
2382: 2424,2452,2497,2423,2425,2242,2404,2340,2437,2451,2544,2195
2383: 2385,2384,2166,2168,2233,2348,2105,2389,2304,2367,2359,2208,2231,2346,2211,2207,2213,2167,2190,2270
2384: 2385,2383,2166,2168,2233,2348,2105,2367,2359,2208,2231,2346,2211,2207,2213,2167,2190,2270
2385: 2383,2384,2166,2168,2233,2348,2105,2389,2304,2367,2359,2208,2231,2346,2211,2213,2167,2190,2270
2386: 2324,2241,2046,2408,2293,2411,2292,2439,2424,2044,2325,2243,2423,2425,2242,2344,2381,2245
2466: 2524,2222,2434,2530,2402,2484,2548,2487,2429,2480,2477,2456,2485,2306,2179,2431,2461,2157,2417,2379
2388: 2438,2291,2424,2452,2497
2389: 2304,2406,2367,2399,2479,2307,2301,2305,2432,2403,2105,2055,2400,2313,2320,2315,2385,2383,2166,2359,2208,2231,2346,2317
2524: 2222,2466,2434,2530,2402,2484,2548,2487,2429,2480,2477,2456,2485,2179,2431,2461,2417
2391: 2332,2405,2277,2404,2340,2437,2195,2435,2193,2002,2422,2474,2196,2191,2335,2271,2066,2395,2428,2529
2392: 915,853,1677,2364,2465,2488,2464,1700,2416,1701,1671,2265,2378,2365,2267,2333,2040,2330,2410,2262,2409,2263,2394,2266
2393: 2203
2394: 2410,2262,2409,2263,2266,2392,1671,2217,2362,2334,2454,2267,2333,2040,2293,2311,2299,2024,2374,2044,2215,2325,2351,2243
2395: 2335,2271,2066,2193,2002,2332,2391,2405,2277,2422,2474,2196,2191,2237,2132,2428,2529,2329,2197
2396: 2285,2584,2545
2488: 2464,1700,853,1677,2364,2465,2268,2462,2392,915,1671,2362,2334,2454
2398: 2573
2399: 2479,2303,2482,2460,2458,1989,2459,2306,2179,588,2445,2307,2301,2305,2168,2233,2348,2443,2105,2389,2304,2406,2367
2570: 2095,2087,966
2402: 2524,2222,2466,2434,2530,2484,2548,2487,2429,2480,2477,2456,2485,2306,2179,2431,2461,2157,2417,2379
2403: 2432,2415,2356,2306,2179,2431,2461,2417,2307,2301,2305,2357,2158,2352,2414,2355,2389,2304,2406,2367,2055,2400,2320,2319,2321
2404: 2340,2437,2423,2425,2242,2382,2544,2193,2002,2332,2391,2405,2277
2405: 2332,2391,2277,2404,2340,2437,2193,2002,2422,2474,2196,2191,2237,2132,2335,2271,2066,2395,2428,2529
2408: 2386,2324,2241,2046,2411,2292,2424,2044,2215,2325,2351,2243,2423,2425,2242,2240,2347,2275,2344,2381,2245
2409: 2410,2262,2263,2394,2266,2392,2334,2454,2267,2333,2040,2330,2293,2331,2214,2218,2311,2299,2024,2374,2044,2215,2325,2351,2243
2410: 2262,2409,2263,2394,2266,2392,915,1701,1671,2217,2362,2334,2454,2267,2333,2040,2330,2293,2214,2218,2311,2299,2024,2374,2044,2215,2325,2243
2411: 2292,2439,2217,2362,2454,2373,2505,2363,2361,2438,2291,2293,2424,2044,2325,2243,2386,2324,2241,2046,2408,2423,2425,2242
2944: 2752,2941,2943,2938,2939,2942,2940,2924,2927,2899,2933,2952,2857,2919,2737,2929,2893
2560: 1933,2539,2709,1951,2541,2516,2559,2486,2504,1884,2708,2501
2414: 2357,2158,2352,2355,2310,2419,2461,2157,2417,2379,2433,2152,2416,2432,2403,2415,2356,2265,2378,2365,2055,2400,2320,2319,2341,2420,2156,2322,2321,2308
2415: 2432,2403,2356,2306,2179,2431,2461,2157,2417,2379,2307,2301,2305,2357,2158,2352,2414,2355,2310,2419,2406,2055,2400,2320,2319,2420,2322,2321
2416: 2433,2152,2429,2480,2485,2377,2512,2427,2461,2157,2417,2379,2392,915,2357,2158,2352,2414,2355,2310,2419,2265,2378,2365,2267,2333,2040,2330
2417: 2461,2157,2379,2524,2222,2466,2434,2530,2402,2487,2429,2480,2477,2456,2485,2512,2433,2152,2416,2432,2403,2415,2356,2357,2158,2352,2414,2355,2310,2419,2378
2886: 2811,2930,494,2928,2922,2891,2879,2844,2914,2766,2795,2931,2900,2843,2898,2813,2874,2926,2951
2419: 2357,2158,2352,2414,2355,2310,2461,2157,2417,2379,2433,2152,2416,2415,2356,2265,2378,2365,2055,2400,2319,2341,2420,2156,2322,2321,2309,2308,2016,2154,2238
2420: 2319,2341,2156,2322,2321,2415,2356,2357,2158,2352,2414,2355,2310,2419,2265,2378,2365,2055,2400,2313,2315,2309,2308,2016,2154,2238,2318,2178,2226,2155,2353,2235,2314,2225
2422: 2474,2340,2437,2195,2435,2332,2391,2405,2277,2335,2271,2066,2395,2428,2529
2423: 2425,2242,2411,2292,2424,2452,2497,2386,2324,2241,2046,2408,2382,2344,2404
2424: 2438,2291,2388,2411,2292,2452,2497,2386,2046,2408,2423,2425,2242,2382
2425: 2423,2242,2411,2292,2439,2424,2452,2497,2386,2324,2241,2046,2408,2382,2344,2381,2245,2404,2437
2426: 2366,2211,2207,2213,2031,1976
2427: 2377,2476,2475,2523,2512,2487,2429,2480,2477,2456,2485,853,1677,2364,2465,2157,2379,2433,2152,2416,915
2428: 2529,2332,2391,2405,2422,2474,2335,2066,2395,2329,2197
2429: 2487,2480,2477,2456,2485,2524,2222,2466,2434,2402,2377,2476,2475,2523,2512,2427,2461,2157,2417,2379,2433,2152,2416
2430: 2547,2522,2471,2555,2483,2484,2548,2303,2482,2460,2458,1989,2306,2179,2431
2431: 2306,2179,2547,2471,2430,2484,2548,2524,2222,2466,2434,2530,2402,2460,2458,1989,2479,2307,2301,2305,2432,2403,2415,2356
2432: 2403,2415,2356,2306,2179,2431,2461,2417,2307,2301,2305,2357,2158,2352,2414,2355,2389,2304,2406,2367,2055,2400,2320,2319,2321
2433: 2152,2416,2487,2429,2480,2477,2456,2485,2377,2476,2475,2523,2512,2427,2364,2461,2157,2417,2379,915,2357,2352,2414,2355,2310,2419,2265,2378,2365
2434: 2524,2222,2466,2530,2402,2484,2548,2487,2429,2456,2485,2306,2179,2431,2461,2417
2435: 2451,2544,2195,2340,2437,2332,2391,2422,2474
2436: 2343
2438: 2291,2463,2373,2505,2363,2361,2388,2411,2292,2439,2424,2452,2497
2471: 2547,2522,2430,2555,2483,2484,2548,2303,2482,2460,2458,1989,2459,2306,2431
2441: 2507,509,540
2443: 2168,2233,2348,2556,588,2445,2399,2479,2105
2444: 2491
2445: 588,2481,2556,2399,2168,2233,2348,2443
2446: 2447,2209,2448,2481,2556
2447: 2446,2209,2448,2481,2556
2448: 2446,2447,2209,2481,2556
2449: 2595,2627,2590,589,2495,2592,2655,2596
2450: 2561
2451: 2544,2195,2435,2382,2340,2437
2452: 2497,2438,2291,2388,2424,2423,2425,2242,2382
2454: 2217,2362,2334,2488,2464,1700,2268,2462,2463,1671,2373,2505,2363,2361,2410,2262,2409,2263,2394,2266,2293,2411,2292,2439
2455: 1487,2174,822,2224,2499
2456: 2487,2429,2480,2477,2485,2524,2222,2466,2434,2530,2402,2377,2476,2475,2523,2512,2427,2461,2157,2417,2379,2433,2152
2652: 2604,501
2458: 2460,1989,2459,2555,2547,2522,2471,2430,2303,2482,2306,2179,2431,588,2399,2479,2307,2301,2305
2459: 2460,2458,1989,2555,2522,2471,2303,2482,2306,588,2399,2479,2307,2301,2305
2460: 2458,1989,2459,2555,2547,2522,2471,2430,2484,2303,2482,2306,2179,2431,588,2399,2479,2307,2301,2305
2461: 2157,2417,2379,2524,2222,2466,2434,2530,2402,2487,2429,2480,2477,2456,2485,2377,2475,2512,2433,2152,2416,2432,2403,2415,2356,2357,2158,2352,2414,2355,2310,2419,2378
2462: 2268,2488,2464,1700,2463,1671,2217,2362,2334,2454,2373,2505,2363,2361
2463: 2268,2462,2217,2362,2334,2454,2373,2505,2363,2361,2438,2291
2464: 2488,1700,853,1677,2364,2465,2268,2462,2392,915,1671,2334,2454
2465: 853,1677,2364,2476,2523,2512,2427,2488,2464,1700,2152,2392,915,1701,1671
2467: 2514,2908,2815,2804,2887,2852,2802
2468: 2566,450,2772,2742
2542: 2125,2568,2534
2473: 2369
2474: 2422,2340,2437,2195,2435,2332,2391,2405,2277,2335,2271,2066,2395,2428,2529
2475: 2377,2476,2523,2512,2427,2487,2429,2480,2477,2456,2485,853,1677,2461,2157,2379,2433,2152
2476: 2377,2475,2523,2512,2427,2487,2429,2480,2477,2456,2485,853,1677,2364,2465,2157,2433,2152,915
2479: 2399,2303,2482,2460,2458,1989,2459,2306,2179,2431,588,2307,2301,2305,2168,2443,2105,2389,2304,2406,2367
2480: 2487,2429,2477,2456,2485,2524,2222,2466,2402,2377,2476,2475,2523,2512,2427,2461,2157,2417,2379,2433,2152,2416
2481: 2446,2447,2209,2448,2303,2482,2556,588,2445
2482: 2303,2555,2483,2547,2522,2471,2430,2481,2460,2458,1989,2459,2556,588,2399,2479
2483: 2555,2547,2522,2471,2430,2303,2482
2484: 2548,2547,2522,2471,2430,2524,2222,2466,2434,2530,2402,2460,2306,2179,2431
2486: 2504,1884,2708,1951,2541,1882,1830,1933,2560,2489,1907,1874,2540,2501,927
2487: 2429,2480,2477,2456,2485,2524,2222,2466,2434,2530,2402,2377,2476,2475,2523,2512,2427,2461,2157,2417,2379,2433,2152
2489: 1907,1874,2540,1882,1830,2486,2504,1884,2708,927
2710: 2731
2491: 2444
2566: 2468,450,2772,2742
2813: 2874,2926,2951,2844,2914,2766,2795,2931,2900,2843,2898,2918,2738,2811,2886,2930,494,2913,2822,2911,2934,2823,2912
2685: 
2495: 2592,589,2449,2595,2627,2590,2596
2496: 1915,927,1717,1796
2497: 2452,2438,2291,2388,2424,2423,2425,2242,2382
2498: 2148,2224,2499,926,1487,822,2286
2499: 2148,2224,2498,926,1487,2174,822,2455,2286,2442
2579: 2602,2021,2594,2563,2623,2255,2189
2501: 2516,2559,1933,2560,2539,2709,2486,2504,1884,2708
2595: 2449,2627,2590,589,2495,2592,2655,2596
2503: 2360
2504: 2486,1884,2708,1951,2541,1882,1830,1933,2560,2539,2709,2489,1907,1874,2501
2505: 2373,2363,2361,2268,2462,2463,2217,2362,2334,2454,2438,2291,2293,2411,2292,2439
2563: 2623,2659,2615,2021,2594,2579,2602
2507: 2441,509,540
2738: 2918,2753,2884,2810,2931,2900,2843,2898,2788,2920,2813,2874,2926,2951,2913,2822,2911,2934,2823
2509: 2571,575
2704: 2611,2646,2612,2689
2511: 2749,2748,2793,2757,2771,2745,2765,2787
2512: 2377,2476,2475,2523,2427,2487,2429,2480,2477,2456,2485,853,1677,2364,2465,2461,2157,2417,2379,2433,2152,2416,915
2564: 2610,2637,2613,2609,2689
2514: 2467,2908,2815,2804,2887,2852,2802
2727: 2729,2735,2732
2516: 2559,1951,2541,2648,1933,2560,2539,2501
2613: 2637,2630,2658,2609,2610,2564
2614: 2673,945,2661,2663,2692,2722,2675,2700,2721,2674,2687,2642
2519: 2287,485
2528: 2619,2600,2598,2562,2599,1951,2541
2529: 2428,2332,2391,2405,2422,2474,2335,2271,2066,2395,2329,2197
2530: 2524,2222,2466,2434,2402,2484,2548,2487,2456,2485,2306,2179,2431,2461,2417
2539: 1933,2560,2709,1951,2541,2516,2559,2504,2708,2501
2534: 2568,2542,2125,472
2661: 2663,2633,945,2614,2673,2700
2664: 2723,2096,2290
2677: 2607,1792,1728
2586: 2123,432,2772,2742,2864,2862,2806
2545: 2584,2285,2396
2571: 2509,575
2547: 2522,2471,2430,2555,2483,2484,2548,2303,2482,2460,2458,2306,2431
2548: 2484,2547,2522,2471,2430,2524,2222,2466,2434,2530,2402,2306,2179,2431
2549: 
2550: 2543
2551: 2407,2858,2889
2692: 2722,2614,2673,932,2721,2674
2556: 2446,2447,2209,2448,2481,2303,2482,588,2445,2168,2443
2557: 2890,2796,2591,2849,2907,2625,2589
2561: 2450
2562: 2600,2598,2599,2528
2565: 2442,1526,1561
2568: 2534,2542,2125,472
2569: 2786,2856,2821,2785,2855,2784,2880,2748,2793
2572: 2624,1793,1891,1717,1796
2573: 2398
2574: 2587,2469,2588
2576: 2660,2690,2633
2584: 2545,2285,2396
2587: 2469,2588,2746,2803,2851,2872,2574,2783,2860,2859,2861,2767
2592: 2495,589,2449,2595,2627,2590,2655,2596
2594: 2021,2580,1939,2563,2623,2579,2602,2255
2596: 2655,2495,2592,2449,2595,2627,2590
2597: 2777,2853,2848,2852,2802,2747,2773,2793,2746,2803,2851,2872,2839,2818,2764,2783,2860,2859,2861,2767
2598: 2600,2562,2599,2528,2610
2824: 2778,2801,2809,2808,2797,2915,2785,2855
2607: 2677,1792,1728
2721: 2674,2692,2722,2614,2673,2675,2700,2687,2642
2609: 2637,2613,2630,2658,2610,2564,2689
2610: 2564,2637,2613,2600,2598,2609,2689,2648
2747: 2773,2793,2786,2856,2784,2880,2777,2853,2848,2597,2745,2839,2764
2713: 1858,1820,2729
2623: 2563,2659,2615,2594,2579,2602
2624: 2572,1793,1891,1717,1796
2625: 2589,2890,2557,2849,2907
2673: 2614,945,2661,2663,2692,2722,2675,2700,2721,2674,2687,2642
2627: 2449,2595,2590,589,2495,2592,2655,2596
2682: 2683,2657,2630,2658,2612
2775: 2760,2785,2847,2882,2805,2854,2779,2817,2791,2757,2771
2630: 2658,2637,2613,2609,2682,2657,2612,2689
2655: 2596,2592,2449,2595,2627,2590
2672: 2575
2633: 2576,945,2661,2663
2771: 2757,2775,2748,2817,2791,2749,2511,2820,2765,2750,2787
2642: 2687,2614,2673,2675,2700,2721,2674,2694
2902: 2871,2947,2870,2937,2869,2917,555,1953,2867,2866,2865,2945,1603,1583
2690: 2660,2576,977
2646: 2611,2704,2689
2647: 2648
2648: 2647,2610,2516,2559
2675: 2700,2663,2683,2657,2614,2673,2721,2674,2687,2642,2694
2736: 2684
2737: 2929,2893,2897,2927,2899,2933,2952,2857,2932,2919,2819,2752,2944,2941,2943,2938,2939,2942,2940,2928,2922,2891,2879
2743: 2789,486,2849,2907,2788,2920
2744: 2807,2839,2818,2764,2783,2767,2796,2835,486
2745: 2747,2773,2793,2749,2511,2839,2764
2746: 2803,2851,2872,2777,2853,2848,2852,2802,2597,2587,2469,2588,2839,2818,2764,2783,2860,2859,2861,2767
2748: 2785,2786,2856,2569,2821,2757,2771,2749,2511
2749: 2511,2748,2793,2757,2771,2745,2765,2750,2787
2750: 2820,2765,2787,2817,2791,2757,2771,2749,2840,2768,2842,2794
2937: 2869,2917,2868,2946,1953,2867,2866,2865,2945,2871,2947,2870,2902
2752: 2944,2941,2943,2938,2939,2942,2940,2924,2826,2897,2927,2899,2933,2952,2857,2932,2919,2737,2929,2893
2793: 2747,2773,2786,2856,2569,2821,2784,2848,2597,2749,2511,2745,2839,2764
2755: 2913,2822,2911,2934,2823,2912
2756: 2838,2533,2836,2846,2780,2832,2805,2854,2779,2829,2817,2791,2892,2888,2878,2828,2758,2837,2923,2840,2768,2842
2757: 2771,2775,2748,2817,2791,2749,2511,2820,2765,2750,2787
2758: 2892,2888,2878,2828,2837,2833,2925,2948,2780,2832,2877,2831,2805,2854,2779,2829,2905,2838,2533,2836,2756,2846,2825,2923
2850: 2797,2915,2904,2761,2883,2935,2809
2762: 459,2707
2819: 2875,2825,2923,2901,2921,2909,2841,2827,2840,2768,2842,2857,2932,2919,2737,2929,2893,2928,2922,2891,2879,2844,2914,2766,2795
2765: 2820,2750,2787,2757,2771,2749,2511,2794
2766: 2844,2914,2795,2819,2792,2928,2922,2891,2879,2931,2900,2811,2886,2930,494,2813,2874
2769: 2601
2772: 2742,2468,2566,2586,2123,432,2864,2862,2806
2776: 2873,2876,2847,2882,2833,2925,2780,2832,2877,2831,2805,2854,2779,2829
2777: 2853,2848,2804,2887,2784,2880,2852,2802,2747,2773,2597,2746,2872
2778: 2801,2809,2808,2824,2797,2915,2785,2855
2779: 2805,2854,2829,2873,2776,2847,2882,2775,2760,2780,2832,2877,2831,2817,2791,2892,2888,2878,2828,2758,2837,2838,2533,2836,2756,2846
2780: 2832,2877,2831,2876,2873,2776,2847,2882,2949,2833,2925,2948,2805,2854,2779,2829,2885,2892,2888,2878,2828,2758,2837,2838,2533,2836,2756,2846
2900: 2931,2843,2898,2792,2753,2844,2914,2766,2795,2918,2738,2811,2886,2930,494,2813,2874,2926,2951
2783: 2860,2859,2861,2767,2597,2746,2803,2851,2872,2587,2469,2588,2839,2818,2764,2744,2807,2796,2835
2784: 2880,2786,2856,2569,2821,2777,2848,2747,2773,2793
2785: 2855,2778,2801,2809,2808,2824,2786,2856,2569,2821,2775,2748
2786: 2856,2569,2821,2785,2855,2784,2880,2748,2747,2773,2793
2787: 2820,2765,2750,2817,2791,2757,2771,2749,2511,2794
2788: 2920,2884,2810,2789,2743,2918,2738,2913,2822,2911,2934,2823
2789: 2743,486,2849,2907,2788,2920
2792: 2753,2840,2768,2794,2884,2810,2844,2914,2766,2795,2931,2900,2843,2898
2794: 2820,2765,2750,2787,2840,2768,2842,2792,2753,2884,2810
2797: 2915,2850,2904,2761,2883,2935,2778,2801,2809,2808,2824
2802: 2852,2863,2804,2887,2467,2514,2777,2853,2848,2597,2746,2803,2851,2588
2803: 2746,2851,2872,2853,2852,2802,2597,2587,2469,2588,2818,2783,2860,2859,2861,2767
2804: 2887,2864,2862,2806,2908,2815,2863,2467,2514,2777,2853,2848,2852,2802
2805: 2854,2779,2829,2873,2776,2847,2882,2775,2760,2780,2832,2877,2831,2817,2791,2892,2758,2838,2533,2836,2756,2846
2806: 2864,2862,2772,2742,2586,2123,2863,2804,2887
2807: 2744,2839,2818,2764,2783,2859,2767,2796,2835,486
2810: 2884,2794,2792,2753,2931,2843,2898,2918,2738,2788,2920
2882: 2847,2873,2776,2775,2760,2780,2832,2877,2831,2805,2854,2779,2829,2817,2791
2842: 2840,2768,2838,2533,2836,2756,2846,2820,2750,2909,2841,2827,2794,2819
2815: 2908,2804,2887,2467,2514
2905: 2896,2885,2910,2949,2833,2925,2948,2877,2830,2888,2878,2828,2758,2837,2770,2903,2875,2825,2921
2817: 2791,2847,2882,2775,2760,2805,2854,2779,2829,2757,2771,2838,2533,2836,2756,2846,2820,2750,2787
2821: 2786,2856,2569,2785,2855,2784,2880,2748,2793
2825: 2875,2923,2901,2921,2905,2896,2892,2888,2878,2828,2758,2837,2838,2533,2836,2770,2903,2909,2841,2827,2897,2857,2932,2919,2819
2826: 2924,2770,2903,2897,2927,2899,2933,2952,2752,2941,2939,2940
2827: 2909,2841,2878,2837,2838,2533,2836,2875,2825,2923,2901,2921,2840,2768,2842,2857,2932,2919,2819
2828: 2892,2888,2878,2758,2837,2949,2833,2925,2948,2780,2832,2877,2831,2854,2779,2829,2905,2896,2885,2838,2533,2836,2756,2770,2875,2825,2923,2921
2829: 2805,2854,2779,2873,2776,2847,2882,2780,2832,2877,2831,2817,2791,2892,2888,2878,2828,2758,2837,2838,2533,2836,2756,2846
2830: 2910,2949,2833,2925,2948,936,2905,2896,2885,2770,2903
2831: 2780,2832,2877,2876,2873,2776,2847,2882,2949,2833,2925,2948,2805,2854,2779,2829,2885,2892,2888,2828,2758,2533
2832: 2780,2877,2831,2876,2873,2776,2847,2882,2833,2925,2805,2854,2779,2829,2892,2888,2878,2828,2758,2837,2838,2533,2836,2756,2846
2833: 2949,2925,2948,2894,2845,2876,2916,2873,2776,2910,2780,2832,2877,2831,2830,2905,2896,2885,2892,2888,2828,2758
2834: 536,2881,2936,2761,2883,2935,2741,2895
2835: 2796,2839,2818,2764,2783,2860,2859,2861,2767,2744,2807,486
2836: 2838,2533,2756,2846,2780,2832,2805,2854,2779,2829,2817,2791,2892,2888,2878,2828,2758,2837,2825,2923,2909,2841,2827,2840,2768,2842
2837: 2892,2888,2878,2828,2758,2780,2832,2877,2854,2779,2829,2905,2896,2838,2533,2836,2756,2846,2875,2825,2923,2901,2921,2909,2841,2827
2838: 2533,2836,2756,2846,2780,2832,2805,2854,2779,2829,2817,2791,2892,2888,2878,2828,2758,2837,2825,2923,2909,2841,2827,2840,2768,2842
2839: 2818,2764,2747,2773,2793,2597,2746,2872,2745,2783,2860,2859,2861,2767,2744,2807,2796,2835
2840: 2768,2842,2838,2533,2836,2756,2846,2820,2750,2909,2841,2827,2794,2819,2792
2841: 2909,2827,2878,2837,2838,2533,2836,2875,2825,2923,2901,2921,2840,2768,2842,2932,2919,2819
2843: 2931,2900,2898,2792,2753,2884,2810,2844,2914,2795,2918,2738,2811,2886,2930,494,2813,2874,2926,2951,2913,2822,2911,2934,2823
2844: 2914,2766,2795,2819,2792,2753,2928,2922,2891,2879,2931,2900,2843,2898,2811,2886,2930,494,2813,2874,2926,2951
2845: 2894,2741,2895,2876,2916,2910,2949,2833,2925
2846: 2838,2533,2836,2756,2780,2832,2805,2854,2779,2829,2817,2791,2892,2878,2758,2837,2923,2840,2768,2842
2847: 2882,2873,2776,2775,2760,2780,2832,2877,2831,2805,2854,2779,2829,2817,2791
2848: 2777,2853,2804,2887,2784,2880,2852,2802,2747,2773,2793,2597,2746
2849: 2907,486,2890,2557,2789,2743,2625,2589
2853: 2777,2848,2804,2887,2852,2802,2747,2773,2597,2746,2803,2851,2872
2854: 2805,2779,2829,2873,2776,2847,2882,2775,2760,2780,2832,2877,2831,2817,2791,2892,2888,2828,2758,2837,2838,2533,2836,2756,2846
2855: 2785,2778,2801,2809,2808,2824,2786,2856,2569,2821
2856: 2786,2569,2821,2785,2855,2784,2880,2748,2747,2773,2793
2857: 2932,2919,2770,2903,2875,2825,2923,2901,2921,2909,2827,2897,2927,2899,2933,2952,2819,2752,2944,2941,2943,2938,2939,2942,2940,2737,2929,2893,2928,2891
2858: 2889,2551,1477,1341
2859: 2783,2860,2861,2767,2597,2746,2803,2851,2872,2587,2469,2588,2839,2818,2764,2807,2796,2835
2860: 2783,2859,2861,2767,2597,2746,2803,2851,2872,2587,2469,2588,2839,2818,2764,2796,2835
2861: 2783,2860,2859,2767,2597,2746,2803,2851,2872,2587,2469,2588,2839,2818,2796,2835
2862: 2864,2806,2772,2742,2586,2123,2863,2804,2887
2863: 2864,2862,2806,2804,2887,2852,2802
2865: 1953,2867,2866,2945,2937,2869,2917,2871,2947,2870,2902,1603,1583
2866: 1953,2867,2865,2945,2868,2946,2937,2869,2917,2871,2947,2870,2902,1603,1583
2867: 1953,2866,2865,2945,2937,2869,2917,2871,2947,2870,2902,1603,1583
2868: 2946,2937,2869,2917,2866
2869: 2937,2917,2868,2946,1953,2867,2866,2865,2945,2871,2947,2870,2902
2870: 2871,2947,2902,2937,2869,2917,555,1953,2867,2866,2865,2945,1603,1583
2871: 2947,2870,2902,2937,2869,2917,555,1953,2867,2866,2865,2945,1603,1583
2872: 2746,2803,2851,2777,2853,2597,2587,2469,2588,2839,2818,2764,2783,2860,2859,2861,2767
2874: 2813,2926,2951,2844,2914,2766,2795,2931,2900,2843,2898,2918,2738,2811,2886,2930,494,2913,2822,2911,2934,2823,2912
2875: 2825,2923,2901,2921,2905,2896,2888,2878,2828,2837,2770,2903,2909,2841,2827,2897,2927,2899,2933,2952,2857,2932,2919,2819
2876: 2916,2741,2895,2894,2845,2873,2776,2910,2949,2833,2925,2948,2780,2832,2877,2831
2879: 2928,2922,2891,2919,2819,2737,2929,2893,2844,2914,2766,2795,2811,2886,2930,494
2880: 2784,2786,2856,2569,2821,2777,2848,2747,2773
2881: 536,2834,2936,2761,2883,2935,2741,2895
2883: 2761,2935,2797,2915,2850,2904,536,2834,2881,2936
2884: 2810,2794,2792,2753,2843,2898,2918,2738,2788,2920
2885: 2905,2896,2910,2949,2833,2925,2948,2780,2877,2831,2830,2888,2828
2887: 2804,2864,2862,2806,2908,2815,2863,2467,2514,2777,2853,2848,2852,2802
2888: 2892,2878,2828,2758,2837,2949,2833,2925,2948,2780,2832,2877,2831,2854,2779,2829,2905,2896,2885,2838,2533,2836,2756,2770,2903,2875,2825,2923,2921
2889: 2858,2551,1477,1341
2890: 2557,2796,2591,2849,2907,2625,2589
2891: 2928,2922,2879,2857,2932,2919,2819,2737,2929,2893,2844,2914,2766,2795,2886,494
2892: 2888,2878,2828,2758,2837,2833,2780,2832,2877,2831,2805,2854,2779,2829,2838,2533,2836,2756,2846,2825,2923
2893: 2737,2929,2897,2927,2899,2933,2952,2857,2932,2919,2819,2752,2944,2941,2943,2938,2939,2942,2940,2928,2922,2891,2879
2894: 2845,2741,2895,2876,2916,2910,2949,2833,2925,2948
2895: 2741,2834,2881,2936,2894,2845,2876,2916
2896: 2905,2885,2910,2949,2833,2925,2948,2830,2888,2878,2828,2837,2770,2903,2875,2825,2921
2897: 2927,2899,2933,2952,2770,2903,2875,2825,2923,2901,2921,2924,2826,2857,2932,2919,2752,2941,2938,2939,2942,2940,2737,2929,2893
2898: 2931,2900,2843,2792,2753,2884,2810,2844,2914,2918,2738,2811,2886,2930,494,2813,2874,2926,2951,2913,2822,2911,2934,2823
2899: 2897,2927,2933,2952,2770,2903,2875,2901,2921,2924,2826,2857,2932,2919,2752,2944,2941,2943,2938,2939,2942,2940,2737,2929,2893
2903: 2770,2830,2905,2896,2888,2875,2825,2921,2924,2826,2897,2927,2899,2933,2952,2857,2932,2919
2904: 2797,2915,2850,2761,2883,2935,2809
2906: 514,2641,586
2907: 2849,486,2890,2557,2789,2743,2625,2589
2908: 2815,2804,2887,2467,2514
2909: 2841,2827,2878,2837,2838,2533,2836,2875,2825,2923,2901,2921,2840,2768,2842,2857,2932,2919,2819
2910: 2894,2845,2876,2916,2949,2833,2925,2948,936,2830,2905,2896,2885
2911: 2913,2822,2934,2823,2843,2898,2918,2738,2788,2920,2813,2874,2926,2951,2912,2755
2912: 2813,2874,2926,2951,2913,2822,2911,2934,2823,2755
2913: 2822,2911,2934,2823,2931,2843,2898,2918,2738,2788,2920,2813,2874,2926,2951,2912,2755
2914: 2844,2766,2795,2819,2792,2753,2928,2922,2891,2879,2931,2900,2843,2898,2811,2886,2930,494,2813,2874,2926,2951
2915: 2797,2850,2904,2761,2883,2935,2778,2801,2809,2808,2824
2916: 2876,2741,2895,2894,2845,2910,2949,2833,2925
2918: 2738,2753,2884,2810,2931,2900,2843,2898,2788,2920,2813,2874,2926,2951,2913,2822,2911,2934,2823
2919: 2857,2932,2770,2903,2875,2825,2901,2921,2909,2841,2827,2897,2927,2899,2933,2952,2819,2752,2944,2941,2943,2938,2939,2942,2940,2737,2929,2893,2928,2922,2891,2879
2920: 2788,2884,2810,2789,2743,2918,2738,2913,2822,2911,2934,2823
2921: 2875,2825,2923,2901,2905,2896,2888,2878,2828,2837,2770,2903,2909,2841,2827,2897,2927,2899,2933,2952,2857,2932,2919,2819
2922: 2928,2891,2879,2919,2819,2737,2929,2893,2844,2914,2766,2795,2811,2886,2930,494
2923: 2875,2825,2901,2921,2892,2888,2878,2828,2758,2837,2838,2533,2836,2756,2846,2770,2909,2841,2827,2897,2857,2932,2819
2924: 2826,2770,2903,2897,2927,2899,2933,2952,2752,2944,2941,2938,2939,2942,2940
2925: 2949,2833,2948,2894,2845,2876,2916,2873,2776,2910,2780,2832,2877,2831,2830,2905,2896,2885,2888,2828,2758
2926: 2813,2874,2951,2844,2914,2931,2900,2843,2898,2918,2738,2811,2886,2930,494,2913,2822,2911,2934,2823,2912
2927: 2897,2899,2933,2952,2770,2903,2875,2921,2924,2826,2857,2932,2919,2752,2944,2941,2943,2938,2939,2942,2940,2737,2929,2893
2928: 2922,2891,2879,2857,2932,2919,2819,2737,2929,2893,2844,2914,2766,2795,2811,2886,2930,494
2929: 2737,2893,2897,2927,2899,2933,2952,2857,2932,2919,2819,2752,2944,2941,2943,2938,2939,2942,2940,2928,2922,2891,2879
2930: 2811,2886,494,2928,2922,2879,2844,2914,2766,2795,2931,2900,2843,2898,2813,2874,2926,2951
2931: 2900,2843,2898,2792,2753,2810,2844,2914,2766,2795,2918,2738,2811,2886,2930,494,2813,2874,2926,2951,2913,2934
2932: 2857,2919,2770,2903,2875,2825,2923,2901,2921,2909,2841,2827,2897,2927,2899,2933,2952,2819,2752,2941,2943,2938,2939,2942,2940,2737,2929,2893,2928,2891
2933: 2897,2927,2899,2952,2770,2903,2875,2901,2921,2924,2826,2857,2932,2919,2752,2944,2941,2943,2938,2939,2942,2940,2737,2929,2893
2934: 2913,2822,2911,2823,2931,2843,2898,2918,2738,2788,2920,2813,2874,2926,2951,2912,2755
2935: 2761,2883,2797,2915,2850,2904,536,2834,2881,2936,2741
2936: 536,2834,2881,2761,2883,2935,2741,2895
2938: 2752,2944,2941,2943,2939,2942,2940,2924,2897,2927,2899,2933,2952,2857,2932,2919,2737,2929,2893
2939: 2752,2944,2941,2943,2938,2942,2940,2924,2826,2897,2927,2899,2933,2952,2857,2932,2919,2737,2929,2893
2940: 2752,2944,2941,2943,2938,2939,2942,2924,2826,2897,2927,2899,2933,2952,2857,2932,2919,2737,2929,2893
2941: 2752,2944,2943,2938,2939,2942,2940,2924,2826,2897,2927,2899,2933,2952,2857,2932,2919,2737,2929,2893
2942: 2752,2944,2941,2943,2938,2939,2940,2924,2897,2927,2899,2933,2952,2857,2932,2919,2737,2929,2893
2943: 2752,2944,2941,2938,2939,2942,2940,2927,2899,2933,2952,2857,2932,2919,2737,2929,2893
2945: 1953,2867,2866,2865,2937,2869,2917,2871,2947,2870,2902,1603,1583
2946: 2868,2937,2869,2917,2866
2947: 2871,2870,2902,2937,2869,555,1953,2867,2866,2865,2945,1603,1583
2948: 2949,2833,2925,2894,2876,2910,2780,2877,2831,2830,2905,2896,2885,2888,2828,2758
2949: 2833,2925,2948,2894,2845,2876,2916,2910,2780,2877,2831,2830,2905,2896,2885,2888,2828
2950: 2167,2120,2103,2232,2147,2077,2104,2164,2210,2228,2038,2227,2143,2229
2951: 2813,2874,2926,2844,2914,2931,2900,2843,2898,2918,2738,2811,2886,2930,494,2913,2822,2911,2934,2823,2912
2952: 2897,2927,2899,2933,2770,2903,2875,2901,2921,2924,2826,2857,2932,2919,2752,2944,2941,2943,2938,2939,2942,2940,2737,2929,2893