1574: 1605,311,1005,1612,1067
543: 
1068: 1632,1656,1708,1630,1655,1659,1653,1654,1657,1658,1640,1638,1627,1619,1624
1141: 1100,1656,1708,1746
1543: 1349,475
566: 
949: 
1581: 1562,1514,1474
1445: 2390,2326,926,410,2224,2350,1773,918,1530,2407,2442,2071
1701: 2392,2413,2334,1671,1700,2364,2268,2266,2394,2410,2040
977: 
1519: 1564,1430,1531,1499,1571,1479,1554,1450,1476,157
1373: 1467
1572: 1601,1590,907,1527
1394: 1379,1415,1365,1419,1557,1345,1317,1376,1501,1346,323,1431
535: 
1939: 2021
1459: 1525
1509: 1357,1345,1376,1501,1393,1428
583: 2087,2050,2349,2165,2290,2031,1976,2164,2096,2255,2072,2189,2223
1619: 1640,1638,1627,1644,1624,1646,1632,1068,1521,1731,1655,1659,1653,1657,1636,1645,1639
1376: 1345,1317,1501,1394,1415,1346,1393,1426,1431,1509,1357
900: 
1520: 1495,487,1499,1571,1479,1554
1337: 1690,2146,911,2336,2070,2274,1487,822
500: 423
520: 
1393: 1346,1426,1316,323,1431,1345,1317,1376,1501,1461,1509,1395
1602: 1532,1477,460
1623: 1053,492,1618,1065,1615,1083,1066,1662,1651
562: 
509: 
1174: 1062
822: 1487,2148,1690,2146,1337,410,2224
947: 570
563: 541
985: 
1450: 1519,1564,1430,1531,1476,157
2261: 2342,2094,2337,2282,2276,2339,2089,2246,2253,2244,2312,2347,2245,2044,2240,2381,2234,2110,2283,2159,2275,2345,2338,2404,2258,2181,2149,2323,2045,2272,2201,2140,2091,2204,2281,2237,2279,2139,2280
1556: 1576
995: 444,502,1979,1883
551: 
1532: 1602,1477,460
957: 523
1540: 1499,1571,1479,1554,1495
1687: 1668,1496,1660,1637
961: 
495: 
1456: 1387,1419,1557,1379,1365
968: 
1718: 1765,1713
929: 
939: 
905: 
1461: 1346,1393,1426,1316,323,1431,1395
552: 1424,577,1672
572: 
1506: 1478,903
560: 1895,2014
504: 
1479: 1540,1499,1571,1554,1520,1495,1519,1564,1430,1531
61: 1460
539: 
558: 1832,1768
1527: 907,1572,1397,1458
1495: 1520,487,1540,1499,1571,1479,1554
2145: 2260,2199,2198,2281,2132,2237,2279,2139,2329,2197,2335,2271,2043,2254,2239,2141,2074,2097,2042,2098,2161,2117
922: 
589: 1341,1414,1477
1874: 1872,1770,1951,1926,1907,1830,1882,1884
1600: 1789
598: 1756,1819,1804,1860,1834,586
1202: 1676,1650,1684,1663,1682
1781: 1752,534,1779,1767,1766
587: 
515: 983
1571: 1540,1499,1479,1554,1520,1495,1519,1564,1430
569: 946,1992,2052,2073
996: 525
1823: 1920,1940,1986,1955,1904,1848,1948,1864,1887,1912,1906,1919
1690: 2146,1337,911,2336,2070,2274,1487,822
916: 1947
1172: 1136,1635,1617
1605: 1574,311,1005,1612,1067
591: 
926: 2350,1773,1445
1487: 822,2148,1690,2146,1337,410,2224
1513: 1548
532: 
944: 
582: 
1295: 
948: 
1349: 1543,475
1064: 1088,415
588: 2303,2306,1989
1253: 1278,700,1009,1869
994: 
1518: 
1496: 1660,1268,454,1668,1687
1869: 2007,700,1009,1278,1253,1635
593: 
1426: 1346,1393,1316,323,1431,1415,1345,1317,1376,1501,1461,1395
544: 
908: 1629,1633
1606: 1853,1900,1851,1871,1835,1839
955: 
1346: 1393,1426,1316,323,1431,1379,1394,1415,1365,1588,1345,1317,1376,1501,1461,1395
906: 925
1635: 153,1617,1869,1172,1136
581: 
498: 928
932: 
575: 1876,1803
993: 
1646: 1640,1638,1627,1619,1644,1624,1655,1636,1645,1639
531: 
1395: 1346,1393,1426,1316,323,1431,1461
1428: 1509,1357
513: 2371,2257
1278: 1253,700,1009,1869
1387: 1456,1419,1557,1379,1365
1316: 1346,1393,1426,323,1431,1588,1345,1317,1461,1395
1671: 1700,2364,915,2377,853,1677,2375,2427,1701,2392,2413,2334,2265,2365,2263,2409,2266,2262,2394,2410,2040
1458: 1397,1527
506: 
975: 
911: 1787,1697,2336,2070,2274,1690,2146,1337
555: 
597: 
979: 
988: 
963: 
1684: 1202,1243,1161,1676,1650,1663,1686,1682
538: 
951: 
1348: 1402
536: 
592: 
1063: 1618,1065,1609,1612,1067,1069,1620,2084,2119,1615,1083,2026,1521,1731
1562: 1581,1514,1474
1569: 
986: 1598,1443
559: 554
586: 1841,1870,1730,1834,598,1804,1860
903: 1478,1506
1589: 1732,912,549
596: 
1670: 1743,1745,1722,1723,1698,1713
557: 
580: 1985,2116,2141,2074,2097,2042,2098,2161,2117,2206,568
537: 
978: 
153: 1635,1617,1136
980: 
1974: 1963,1942,1941,1965,1921,1986,1955
568: 580,1985,2116,1950,2067
157: 1476,1519,1564,1430,1531,1450,1379,1365,1588
965: 
1860: 1804,598,1841,1870,1730,1834,586
902: 
556: 
1503: 1404
1430: 1519,1564,1531,1571,1479,1554,1450,1476,157
541: 563
594: 
166: 1688,1015
1708: 1656,1746,1632,1068,1100,1630,1655,1659,1653,1654,1657,1658,1141
507: 1841,1870,1760,1797,1863,1807
700: 1009,1869,1278,1253
1528: 1592
519: 
550: 
1547: 1580
574: 
940: 
1065: 1618,1063,1609,1612,1067,1069,1620,2084,2119,1615,1083,2026,1521,1731,1066,1623,492
1837: 1783
923: 
1062: 1174
1053: 1623,1066
901: 
501: 
1588: 1476,157,1379,1415,1365,1317,1346,1316,323,1431
992: 
1290: 
534: 525,1781,1752,1766
967: 
573: 
547: 
976: 
919: 997
1415: 1379,1394,1365,1419,1557,1588,1345,1317,1376,1501,1346,1426,323,1431
1565: 1585,1695,1665,1702
590: 2061,2018,1995,2036,2030,1966,2003,1987,1950,2067,1999,2020
1625: 237,927,514
1514: 1474,1562,1581
962: 
927: 1879,1938,1625,237,1934,514,1820,1858
1578: 1388
584: 533
934: 
1531: 1519,1564,1430,1479,1554,1450,1476,157
953: 
1197: 1686,1664
973: 
517: 
982: 
1357: 1509,1345,1376,1501,1428
924: 
1891: 1793
1424: 577,1672,552,952
990: 
578: 
1341: 589,1414,1477
1149: 1184
1388: 1578
1502: 1536,448
914: 
1419: 1557,1456,1387,1379,1394,1415,1365,1345,1317,1501
1693: 1707,1725,1754,1703,1720,1723,1698
1607: 232
925: 906
1521: 1731,1618,1063,1065,1609,1066,1627,1619,1636,1645
1100: 461,1656,1708,1746,1141
2107: 2150,2184,2226,2251,2131,2225,2154,2238,2219,2288,2289,2250,2252,2246,2300,2253,2216,2244,2312,2259,2138,2249,2256,2162,2247,2129,2248,2234,2110,2283,2159,2163,2175,2176,2062,2093,2182,2064,2188,2186,2187,2183,2185,1994,2258,2181,2149,2127,2323,2170
941: 
1659: 1630,1655,1653,1654,1657,1658,1632,1068,1656,1708,1640,1638,1627,1619,1624,1639
912: 1589,1732
950: 
943: 508
1443: 1598,986
232: 1607
1742: 1699
1551: 1414
1404: 1503
579: 
237: 1625,927,514
508: 943
920: 
1379: 1394,1415,1365,1456,1387,1476,157,1419,1557,1588,1345,1317,1346,323,1431
599: 
1580: 1547
514: 1625,237,927,1820,1858
1476: 157,1519,1564,1430,1531,1450,1379,1365,1588
971: 
972: 554
1557: 1419,1456,1387,1379,1394,1415,1365,1345,1317,1501
1583: 1603
1585: 1565,1695,1665,1702
1402: 1348
1576: 1556
1345: 1317,1376,1501,1419,1557,1379,1394,1415,1365,1346,1393,1426,1316,323,1431,1509,1357
1526: 1561
2281: 2132,2237,2279,2139,2280,2094,2337,2276,2261,2339,2089,2275,2345,2338,2404,2196,2191,2193,2002,2272,2201,2140,2091,2329,2197,2236,2043,2260,2199,2145,2198
512: 
942: 
571: 
1478: 1506,903
1501: 1345,1317,1376,1419,1557,1394,1415,1346,1393,1426,1431,1509,1357
1563: 
928: 498
1499: 1540,1571,1479,1554,1520,1495,1519,1564
567: 
528: 
909: 
1467: 1373
524: 1986,1955,1948,1864,2033,2059,2057,1919,1922,2004
998: 426
853: 1677,2377,2375,2427,1671,1700,2364,915,2392,2413
585: 576
523: 957
1525: 1459
915: 1671,1700,2364,2377,853,1677,2433,2375,2152,2427,2392,2413,2419,2157,2310,2378,2380,2379,2416,2265,2365,2263,2409,2333,2374,2266,2262,2394,2410,2040
1009: 700,1869,1278,1253
533: 503,584
959: 448,456
913: 
530: 
496: 
1088: 1064,415
522: 
958: 
553: 
1474: 1514,1562,1581
1365: 1379,1394,1415,1456,1387,1476,157,1419,1557,1588,1345,1317,1346,1431
1530: 410,2224,1445,2390,2326,2407,2442,2071
510: 
542: 
960: 
984: 
952: 1424,577,1672
595: 
1561: 1526
505: 
521: 
999: 
1795: 1776,1960
518: 
1680: 1648
502: 444,995
956: 
1414: 1551,589,1341
933: 
904: 
1015: 1688,166
1066: 1618,1065,1615,1083,1521,1731,1053,1623,492,1662,1651
549: 1589,1732
991: 1984,1855,1778,1847
1268: 1326,454,1496,1660
1454: 1323
311: 1005,1605,1574
554: 559,972
497: 
1536: 1502,448
548: 
526: 
989: 
1069: 1620,2084,1612,1067,2119,1618,1063,1065,1609,1615,1083,2026
1601: 1590,907,1572
545: 1772,1802,1846,1729
576: 585,485
945: 
323: 1346,1393,1426,1316,1431,1379,1394,1415,1588,1345,1317,1461,1395
981: 1970,1788,1863,1807
946: 569,1992,2052,2029,2073,1972,2015,1963,1942
516: 
1637: 1668,1687
1161: 1676,1650,1684,1663,1682
570: 947
1985: 580,2116,2141,2074,2097,2042,2098,2161,2117,2206,568
1592: 1528
918: 2350,1773,1445,2390,2326,2407,2442,2071
1184: 1149
1714: 1694
1323: 1454
1686: 1197,1664,1648,1676,1650,1684,1663
1243: 1676,1650,1684,1663,1682
499: 
1460: 61
1732: 1589,912,549
938: 
966: 2255,2189
1700: 1671,2364,915,2377,853,1677,2375,2427,1701,2392,2413,2334,2265,2365,2263,2409,2266,2262,2394,2410,2040
937: 
1477: 589,1341,1602,1532
921: 
1698: 1723,1703,1720,1707,1693,1725,1745,1722,1743,1670
1326: 1268,454,1660
540: 2328,490,2425,2440,2192,2397,2435,2405,2195,2193,2332,2391,2428
997: 919
503: 533
917: 
1766: 534,525,1781,1752,1836
1537: 1558
546: 
1067: 1612,1605,1574,1069,1620,2084,1618,1063,1065,1609
970: 
1603: 1583
2233: 2209,2168,2348,2303,2399,2298,2166,2384,2385,2383,2287,2418,2360,2426,2421,2366,1997,2208,2359
1668: 1687,1496,1660,1637
1719: 1763
1431: 1346,1393,1426,1316,323,1379,1394,1415,1365,1588,1345,1317,1376,1501,1461,1395
931: 
565: 
529: 
1005: 311,1605,1574
561: 418
1624: 1640,1638,1627,1619,1644,1646,1632,1068,1630,1655,1659,1653,1654,1657,1658,1636,1645,1639
964: 
2033: 2059,2057,524,2039,1977,2004
1317: 1345,1376,1501,1419,1557,1379,1394,1415,1365,1588,1346,1393,1426,1316,323,1431
954: 
1575: 1642,1641,1643
1590: 1601,1572
2104: 2164,2207,2213,2211,2210,2232,2103,1976,2229,2227,2038,2228,2087,2050
1558: 1537
1548: 1513
564: 
511: 
1788: 1970,981,1863,1807
969: 
527: 
1136: 1172,1662,1651,153,1635,1617
1554: 1540,1499,1571,1479,1520,1495,1519,1564,1430,1531
987: 
935: 
1397: 1458,1527
1083: 1615,2026,1069,1620,2084,2119,1618,1063,1065,1609,1066,1623,492
974: 
907: 1601,1572,1527
1598: 1443,986
930: 
577: 1424,1672,552,952
983: 515
525: 534,1766,996
1984: 1855,991
1564: 1519,1430,1531,1499,1571,1479,1554,1450,1476,157
910: 
936: 
400: 
401: 
402: 
403: 484
404: 
405: 
406: 
407: 
408: 
409: 1818,1978
410: 2224,1487,822,2148,1445,2390,2326,1530
411: 
412: 
413: 
414: 429
415: 1064,1088
416: 
417: 
418: 561
419: 
420: 
421: 
422: 
423: 500
424: 
425: 
426: 998
427: 
428: 
429: 414
430: 
431: 
432: 
433: 
434: 2206,2097,2161,2117,2088
435: 
436: 
437: 
438: 
439: 
440: 
441: 
442: 1729
443: 
444: 502,995,1979,1883
445: 
446: 
447: 
448: 1502,1536,959
449: 
450: 
451: 1689,1817
452: 
453: 
454: 1326,1268,1496,1660
455: 
456: 959
457: 
458: 
459: 
460: 1602,1532
461: 1100
462: 
463: 
464: 
465: 
466: 
467: 
468: 
469: 
470: 
471: 
472: 
473: 
474: 
475: 1543,1349
476: 
477: 
478: 
479: 
480: 
481: 
482: 
483: 
484: 403
485: 576
486: 
487: 1520,1495
488: 
489: 
490: 2425,2440,2439,2387,2291,2438,2292,2296,2242,2424,2295,2388,2423,2382,2344,2340,2277,2408,2437,2192,2397,2435,2405,2328,540
491: 
492: 1623,1618,1065,1609,1615,1083,2026,1066
493: 
494: 
1609: 1618,1063,1065,1612,1067,1069,1620,2084,2119,1615,1083,2026,1521,1731,492
1699: 1742
1676: 1202,1243,1161,1650,1684,1663,1686,1664,1682
1612: 1067,1605,1574,1069,1620,2084,1618,1063,1065,1609
1721: 1695
1672: 1424,577,552,952
1615: 1083,2026,1069,1620,2084,2119,1618,1063,1065,1609,1066,1623,492
1729: 1846,1772,1802,545,442
1617: 153,1635,1172,1136
1618: 1063,1065,1609,1612,1067,1069,1620,2084,2119,1615,1083,2026,1521,1731,1066,1623,492
1620: 1069,2084,1612,1067,2119,1618,1063,1065,1609,1615,1083,2026
1627: 1640,1638,1619,1644,1624,1646,1632,1068,1521,1731,1655,1659,1653,1657,1636,1645,1639
1636: 1645,1521,1640,1638,1627,1619,1644,1624,1646,1639
1629: 1633,908
1630: 1655,1659,1653,1654,1657,1658,1632,1068,1656,1708,1746,1640,1638,1624,1639
1631: 1634
1632: 1068,1656,1708,1630,1655,1659,1653,1654,1657,1658,1640,1638,1627,1619,1624
1633: 1629,908
1634: 1631
1638: 1640,1627,1619,1644,1624,1646,1632,1068,1630,1655,1659,1653,1654,1657,1658,1636,1645,1639
1639: 1630,1655,1659,1653,1654,1657,1658,1640,1638,1627,1619,1644,1624,1646,1636,1645
1640: 1638,1627,1619,1644,1624,1646,1632,1068,1630,1655,1659,1653,1654,1657,1658,1636,1645,1639
1641: 1643,1575,1642
1642: 1575,1641,1643
1643: 1641,1575,1642
1644: 1640,1638,1627,1619,1624,1646,1655,1636,1645,1639
1645: 1636,1521,1731,1640,1638,1627,1619,1644,1624,1646,1639
1685: 1692
1648: 1686,1664,1680
1696: 1679
1650: 1202,1243,1161,1676,1684,1663,1686,1664,1682
1651: 1662,1066,1623,1136
1677: 853,2377,2375,2427,1671,1700,2364,915,2392,2413
1653: 1630,1655,1659,1654,1657,1658,1632,1068,1656,1708,1746,1640,1638,1627,1619,1624,1639
1654: 1630,1655,1659,1653,1657,1658,1632,1068,1656,1708,1746,1640,1638,1624,1639
1655: 1630,1659,1653,1654,1657,1658,1632,1068,1656,1708,1746,1640,1638,1627,1619,1644,1624,1646,1639
1656: 1708,1746,1632,1068,1100,1630,1655,1659,1653,1654,1657,1658,1141
1657: 1630,1655,1659,1653,1654,1658,1632,1068,1656,1708,1746,1640,1638,1627,1619,1624,1639
1658: 1630,1655,1659,1653,1654,1657,1632,1068,1656,1708,1746,1640,1638,1624,1639
1660: 1496,1326,1268,454,1668,1687
1720: 1703,1707,1693,1725,1745,1722,1723,1698
1662: 1651,1066,1623,1136
1663: 1202,1243,1161,1676,1650,1684,1686,1664,1682
1664: 1197,1686,1648,1676,1650,1663
1665: 1702,1565,1585
1679: 1696
1682: 1202,1243,1161,1676,1650,1684,1663,1692
1689: 451,1817,1790
1688: 166,1015
1797: 1760,507,1846
1692: 1682,1685
1694: 1714
1695: 1721,1565,1585
1697: 1787,911
1702: 1665,1565,1585
1703: 1720,1707,1693,1725,1723,1698
1982: 2135,2077,2147,2167,2120,2202,2143,2142,2270,2122,2169,2112,2130,2177,2229,2227,2038,2228,2160,2144,2113,2137,2114,2121,2099,2080,2134
1767: 1779,1769,1771,1781,1752,1736,1751
1842: 1871,1838,1835
1707: 1693,1725,1754,1703,1720,1723,1698
1731: 1521,1618,1063,1065,1609,1066,1627,1619,1645
1730: 1841,1870,1834,586,1804,1860
1926: 1951,1899,1946,1874
1713: 1718,1765,1743,1670
1717: 1796,1769,1771,1810,1736,1751,1776,1960
1722: 1745,1720,1723,1698,1743,1670
1723: 1698,1703,1720,1707,1693,1725,1745,1722,1743,1670
1725: 1707,1693,1754,1703,1720,1723,1698
1841: 1870,1730,1834,586,1804,1860,507,1863
1728: 1792
1807: 1863,1870,507,1970,1788,981
1772: 1802,545,1846,1729
1736: 1751,1769,1771,1779,1767,1717,1796
1737: 1888,1825,1953
1830: 1907,1882,1884,1874,1871,1838,1835,1839
1765: 1718,1713
1740: 1798,1988,1791
1743: 1670,1745,1722,1723,1698,1713
1778: 1847,991
1745: 1722,1720,1723,1698,1743,1670
1746: 1656,1708,1100,1630,1655,1653,1654,1657,1658,1141
1796: 1717,1769,1771,1810,1736,1751
1858: 1820,927,1934,1915,514
2312: 2246,2300,2253,2216,2244,2024,2214,2331,2311,2215,2351,2243,2325,2241,2219,2288,2289,2250,2252,2347,2240,2107,2150,2184,2234,2110,2283,2159,2337,2282,2261
1750: 1875
1751: 1736,1769,1771,1779,1767,1717,1796
1752: 1781,534,1779,1767,1766,1836
2132: 2281,2237,2279,2139,2280,2094,2276,2089,2345,2338,2404,2196,2191,2193,2002,2272,2201,2140,2091,2204,2329,2197,2090,2075,2236,2043,2260,2199,2145,2198
1754: 1707,1693,1725
2321: 2341,2420,2156,2319,2322,2314,2320,2415,2406,2357,2158,2352,2414,2355,2356,2419,2157,2310,2378,2380,2379,2178,2400,2315,2313,2055,2309,2308,2016,2221,2368,2316,2180,2317,2278,2318,1961,2155,2353,2235,2205,2226,2225,2154,2238
1756: 1819,1776,1960,598
1835: 1871,1838,1839,1907,1830,1882,1884,1853,1606,1842
1760: 1797,507,1846
1917: 1843,1906,1848,1920,1887,1912,1910,1919,1890,1922,1905,1880
1763: 1719
1825: 1953,1737,1888
1768: 1832,558
1769: 1771,1810,1779,1767,1717,1796,1736,1751
1770: 1872,1874
1771: 1769,1810,1779,1767,1717,1796,1736,1751
1773: 2350,918,926,1445,2390,2326,2407,2442,2071
1775: 1898
1776: 1960,1717,1756,1819,1795
1779: 1767,1769,1771,1781,1752,1736,1751
2163: 2175,2176,2062,2093,2122,2169,2130,2177,2259,2138,2249,2256,2162,2247,2129,2248,2107,2150,2184,2160,2144,2113,2137,2114,2182,2064,2188,2186,2187,2183,2185,1994,2134,2037,2133,2092,2063,2049,2102,2012,2108
1783: 1837
1785: 1928
2046: 2386,2293,2324,2241,2266,2217,2361,2362,2372,2363,2439,2387,2291,2438,2292,2299,2243,2325,2242,2424,2295,2388,2423,2246,2244,2347,2245,2044,2240,2381,2382,2344,2340,2408,2437
1787: 1697,911
1789: 1600
1790: 1689,1817,2174,2396,2286,2123,2398,2285
1791: 1988,1798,1740
1792: 1728
1793: 1891
1798: 1740,1988,1791
2076: 2115,2064,2188,2186,2149,2127,2170,2045,2204,2102,2012,2108,2090,2075,2047
1802: 1772,545,1846,1729
1803: 1876,575,1900,1851,1877,1844
1804: 1860,598,1841,1870,1730,1834,586
1890: 1910,1919,1922,1920,1948,1864,1843,1917,1906
2080: 2054,2134,2037,2135,2077,2147,1982,2160,2144,2113,2137,2114,2176,2093,2121,2099,2133,2092,2063,2049,2095,2019,2065,2011
1867: 1913,1904,1848,1887,1912
1810: 1769,1771,1853,1717,1796
1811: 
1844: 1877,1900,1851,1876,1803
1973: 2058,2053,2101,2034,2006,2068
1817: 451,1689,1790,2174,2396,2286
1818: 1978,409
1819: 1756,1776,1960,598
1820: 1858,927,1934,1915,514
1938: 1879,1933,1914,1907,927,1934,1915
1919: 1910,1890,1922,1920,1940,1823,1948,1864,524,1843,1917,1906
2143: 2202,2142,2270,2367,2346,2105,2190,2316,2180,2317,2278,2318,1961,2235,2205,2167,2103,2120,2122,2169,2112,2130,2177,2229,2227,2038,2228,2135,2077,2147,1982,2160,2144,2113,2137,2114
2255: 2072,2189,2223,2087,2050,583,966
1988: 1791,1798,1740
2042: 2097,2098,2260,2199,2145,2198,2141,2074,2161,2117,580,1985,2116,2206
1832: 1768,558
1880: 1905,1887,1912,1843,1917,1906,1900,1851
1834: 1841,1870,1730,586,598,1804,1860
1836: 1752,1766
1838: 1871,1835,1839,1907,1830,1882,1884,1853,1842
1839: 1871,1838,1835,1907,1830,1882,1884,1853,1606
1851: 1900,1905,1880,1876,1803,1853,1606,1877,1844
1843: 1917,1906,1848,1920,1887,1912,1910,1919,1890,1922,1905,1880
1936: 1967,2203,2393,2436,2343,2212,2349,2165,2290,2031,2096
1846: 1760,1797,1772,1802,545,1729
1847: 1778,991
1848: 1904,1913,1867,1920,1940,1823,1887,1912,1843,1917,1906
2234: 2110,2283,2159,2288,2246,2300,2253,2216,2244,2312,2347,2245,2044,2240,2381,2107,2150,2184,2094,2337,2282,2276,2261,2339,2089,2182,2188,2186,2187,2183,2185,1994,2258,2181,2149,2127,2323,2170,2045,2272,2091,2204
1853: 1606,1900,1851,1871,1838,1835,1839,1810
1855: 1984,991
2133: 2092,2063,2049,2160,2144,2113,2137,2114,2163,2175,2176,2062,2093,2064,2188,2186,2183,2185,1994,2080,2054,2134,2037,2102,2012,2108,2019,2065,2011
1920: 1940,1823,1986,1955,1904,1848,1948,1864,1887,1912,1843,1917,1906,1910,1919,1890,1922
1863: 1807,1841,1870,507,1970,1788,981
1864: 1948,1986,1955,1920,1940,1823,524,1906,1910,1919,1890,1922
1899: 1946,1951,1926
1987: 2003,2052,1995,2036,1972,2015,2061,590
2127: 2258,2181,2149,2323,2170,2045,2107,2150,2184,2234,2159,2182,2064,2188,2186,2187,2183,2185,1994,2272,2091,2204,2102,2012,2108,2115,2076,2090,2075
1870: 1841,1730,1834,586,1804,1860,507,1863,1807
1871: 1838,1835,1839,1907,1830,1882,1884,1853,1606,1842
1872: 1770,1893,1874
2002: 2195,2193,2382,2344,2340,2277,2437,2192,2397,2435,2405,2328,2275,2345,2338,2404,2196,2191,2332,2395,2391,2066,2428,2281,2132,2237,2279,2139,2280,2329,2197,2335,2271
1875: 1750
1876: 1803,575,1900,1851,1877,1844
1877: 1844,1900,1851,1876,1803
1879: 1938,1933,1914,1907,1884,927,1934,1915
1882: 1907,1830,1884,1874,1871,1838,1835,1839
1883: 1979,444,1991,1886,995
1884: 1907,1830,1882,1874,1871,1838,1835,1839,1879
1886: 1991,1979,1883,1941,1965
1887: 1912,1913,1867,1904,1848,1920,1940,1823,1843,1917,1906,1905,1880
1888: 1737,1825,1953
1951: 1926,1899,1946,1874,1933,1914
1893: 1872
1894: 
1895: 2014,560
1948: 1864,1986,1955,1920,1940,1823,524,1906,1910,1919,1890,1922
1970: 1788,981,1863,1807
1898: 1775
1900: 1851,1880,1876,1803,1853,1606,1877,1844
2222: 2376,2429,2417,2377,2402,2431,2434,2179,2433,2375,2152,2427,2403,2320,2415,2406,2357,2158,2352,2414,2355,2356,2419,2157,2310,2378,2379,2416
2311: 2024,2330,2214,2218,2331,2265,2365,2409,2333,2374,2262,2394,2309,2308,2016,2215,2351,2299,2243,2325,2267,2251,2131,2154,2238,2219,2288,2289,2250,2252,2246,2300,2253,2216,2244,2312
1904: 1848,1913,1867,1920,1940,1823,1887,1912,1906
1905: 1880,1887,1912,1843,1917,1906,1851
1906: 1843,1917,1904,1848,1920,1940,1823,1948,1864,1887,1912,1910,1919,1890,1922,1905,1880
1907: 1830,1882,1884,1874,1871,1838,1835,1839,1879,1938
2032: 2065,2011,2054,2037,2092,2063,2049,2102,2012,2108,2019,2047,2052,2029,1995,2036
1910: 1919,1890,1922,1920,1948,1864,1843,1917,1906
2064: 2182,2188,2186,2187,2183,2185,1994,2259,2138,2249,2256,2162,2107,2150,2184,2159,2163,2175,2176,2062,2093,2149,2127,2323,2170,2133,2092,2063,2049,2102,2012,2108,2115,2076
1912: 1887,1913,1867,1904,1848,1920,1940,1823,1843,1917,1906,1905,1880
1913: 1867,1904,1848,1887,1912
1914: 1933,1951,1879,1938
1915: 1879,1938,1934,1820,1858
2400: 2178,2315,2313,2055,2306,2301,2307,2305,2430,1989,2432,2403,2320,2415,2406,2357,2158,2352,2414,2355,2356,2389,2304,2302,2321,2341,2420,2156,2319,2322,2314,2367,2316,2180,2317,2318,1961,2155,2353
1921: 1963,1942,1974,1998,2027,1986,1955
1922: 1910,1919,1890,1920,1940,1948,1864,524,1843,1917,1906
2034: 2101,2058,1973,2053
1989: 2306,2301,2307,2305,2430,2432,588,2401,2402,2431,2434,2179,2303,2399,2403,2320,2415,2406,2298,2166,2384,2385,2383,2389,2304,2302,2178,2400,2315,2313,2055
1950: 2067,2030,1966,2061,2018,590,568,1999,2020
2061: 2018,590,1995,2036,2030,1966,2003,1987,1950,2067,1999,2020
1928: 1785
1972: 2015,2052,2029,1995,2036,946,2003,1987
2058: 1973,2053,1931,2101,2034,2006,2068
1931: 2058
2031: 2349,2165,2290,2436,2343,2212,2207,2213,2211,1936,1967,2203,2393,1976,2096,2087,2050,583
1933: 1914,1951,1879,1938
1934: 1879,1938,927,1915,1820,1858
2090: 2075,2236,2258,2127,2170,2045,2272,2201,2140,2091,2204,2132,2237,2115,2076,2043,2141,2074
1940: 1920,1823,1986,1955,1904,1848,1948,1864,1887,1912,1906,1919,1922
1941: 1965,1991,1886,1963,1942,1974
1942: 1963,946,1941,1965,1974,1921
1995: 2036,2032,2052,2029,2030,1966,1972,2015,2003,1987,2061,2018,590
2125: 2412,2335,2271,2151,2354,2422,2254,2239,2161,2173,2088,2370
1946: 1899,1951,1926
1947: 916
1953: 1825,1737,1888
2113: 2160,2144,2137,2114,2143,2142,2122,2169,2130,2177,2256,2162,2135,2077,2147,1982,2163,2175,2176,2062,2093,2121,2099,2080,2054,2134,2037,2133,2092,2063,2049
1955: 1986,1974,1921,1920,1940,1823,1948,1864,524
2012: 2102,2108,2163,2175,2176,2062,2093,2182,2064,2188,2186,2187,2183,2185,1994,2258,2181,2149,2127,2323,2170,2045,2133,2092,2063,2049,2115,2076,2065,2032,2047
2147: 2135,2077,1982,2167,2103,2120,2202,2143,2142,2270,2122,2169,2229,2227,2038,2228,2160,2144,2113,2137,2114,2121,2099,2080,2054,2134
1960: 1776,1717,1756,1819,1795
1961: 2155,2353,2235,2205,2178,2400,2315,2313,2055,2321,2341,2420,2156,2319,2322,2314,2221,2190,2316,2180,2317,2278,2318,2226,2251,2225,2154,2238,2202,2143,2142,2270,2122,2169,2112,2130,2177,2256,2162,2247,2129,2248
1997: 2426,2421,2366,2209,2233,2168,2348,2298,2166,2384,2385,2383,2287,2418,2360,2208,2359,2207,2213,2211,2210,2232
1963: 1942,946,1941,1965,1974,1921
1986: 1955,1974,1921,1920,1940,1823,1948,1864,524
1965: 1941,1991,1886,1963,1942,1974
1966: 2030,1995,2036,2061,2018,590,1950,2067
1967: 1936,2203,2393,2436,2343,2212,2349,2165,2290,2031,2096
1976: 2212,2207,2213,2211,2210,2232,2349,2165,2290,2031,2164,2104,2096,2087,2050,583
1977: 2039,2033,2059,2057,2004
1978: 1818,409
1979: 1883,444,1991,1886,995
1991: 1886,1979,1883,1941,1965
1992: 2073,946,569
2020: 1999,2003,2061,2018,590,1950,2067,1998,2027
1994: 2182,2064,2188,2186,2187,2183,2185,2259,2138,2249,2256,2162,2247,2129,2107,2150,2184,2234,2110,2283,2159,2163,2175,2176,2062,2258,2181,2149,2127,2323,2170,2045,2133,2049,2102,2012,2108
1998: 2027,1999,2020,1921
1999: 2020,2003,2061,2018,590,1950,2067,1998,2027
2055: 2178,2400,2315,2313,2306,2301,2307,2305,2430,1989,2432,2403,2320,2415,2406,2357,2158,2352,2414,2355,2356,2389,2304,2302,2321,2341,2420,2156,2319,2322,2314,2316,2180,2317,2318,1961,2155,2353
2030: 1966,1995,2036,2061,2018,590,1950,2067
2003: 1987,1995,2036,1972,2015,2061,2018,590,1999,2020
2004: 524,2033,2059,2057,2039,1977
2108: 2102,2012,2163,2175,2176,2062,2093,2182,2064,2188,2186,2187,2183,2185,1994,2149,2127,2170,2133,2092,2063,2049,2115,2076,2065,2011,2032,2047
2006: 2068,2058,1973,2053
2007: 1869
2162: 2259,2138,2249,2256,2247,2129,2248,1961,2155,2353,2235,2205,2226,2251,2131,2225,2154,2238,2289,2250,2252,2122,2169,2112,2130,2177,2107,2150,2184,2160,2144,2113,2163,2175,2176,2062,2093,2182,2064,2188,2186,2183,2185,1994
2105: 2367,2346,2231,2298,2166,2384,2385,2383,2389,2304,2302,2178,2315,2313,2208,2359,2190,2316,2180,2317,2278,2318,2210,2232,2167,2103,2120,2202,2143,2142,2270
2026: 1615,1083,1069,1620,2084,2119,1618,1063,1065,1609,492
2011: 2065,2032,2080,2054,2134,2037,2133,2092,2063,2049,2102,2108,2019,2052,2029
2347: 2245,2044,2240,2381,2215,2351,2243,2325,2293,2324,2046,2241,2424,2246,2300,2253,2216,2244,2312,2382,2344,2408,2437,2234,2110,2283,2094,2337,2282,2276,2261,2339,2089,2275,2345,2338,2404
2014: 1895,560
2015: 1972,2052,2029,1995,2036,946,2003,1987
2016: 2309,2308,2221,2368,2357,2414,2355,2419,2157,2310,2378,2380,2379,2416,2265,2365,2263,2409,2333,2321,2341,2420,2156,2319,2322,2024,2330,2214,2218,2331,2311,2155,2226,2251,2131,2225,2154,2238,2219,2288,2289,2250,2252
2018: 2061,590,1995,2036,2030,1966,2003,1950,2067,1999,2020
2019: 2121,2099,2080,2054,2134,2037,2133,2092,2063,2095,2065,2011,2032
2021: 1939
2057: 2033,2059,524,2039,1977,2004
2084: 1069,1620,1612,1067,2119,1618,1063,1065,1609,1615,1083,2026
2024: 2330,2214,2218,2331,2311,2265,2365,2333,2374,2262,2394,2309,2308,2016,2215,2351,2299,2243,2325,2267,2251,2131,2225,2154,2238,2219,2288,2289,2250,2252,2246,2300,2253,2216,2244,2312
2027: 1998,1999,2020,1921
2146: 1690,1337,911,2336,2070,2274,1487,822
2029: 2052,2065,2011,2032,1995,2036,946,1972,2015
2442: 2407,2071,2350,1773,918,1445,2390,2326,1530
2036: 1995,2032,2052,2029,2030,1966,1972,2015,2003,1987,2061,2018,590
2037: 2080,2054,2134,2160,2144,2113,2137,2114,2163,2176,2062,2093,2121,2099,2133,2092,2063,2049,2095,2019,2065,2011,2032
2038: 2229,2227,2228,2210,2232,2167,2103,2120,2202,2143,2142,2270,2164,2104,2135,2077,2147,1982,2121,2099
2039: 1977,2033,2059,2057,2004
2040: 2374,2266,2262,2394,2410,1671,1700,2364,915,1701,2392,2413,2334,2373,2268,2411,2265,2365,2263,2409,2333,2217,2361,2362,2372,2363,2330,2218,2299,2243,2267
2289: 2219,2288,2250,2252,2309,2308,2016,2221,2368,2024,2330,2214,2218,2331,2311,2215,2351,2267,2226,2251,2131,2225,2154,2238,2246,2300,2253,2216,2244,2312,2249,2256,2162,2247,2129,2248,2107,2150,2184,2283
2043: 2272,2201,2140,2091,2204,2281,2132,2237,2279,2139,2280,2197,2090,2075,2236,2260,2199,2145,2198,2141,2074,2098
2044: 2347,2245,2240,2381,2215,2351,2243,2325,2386,2293,2324,2046,2241,2242,2424,2295,2423,2246,2300,2253,2216,2244,2382,2344,2340,2277,2408,2437,2234,2110,2094,2337,2282,2276,2261,2339,2089,2275,2345,2338,2404
2045: 2258,2181,2149,2127,2323,2170,2184,2234,2159,2337,2282,2276,2261,2182,2188,2186,2187,1994,2272,2201,2140,2091,2204,2012,2115,2076,2090,2075,2236
2047: 2063,2049,2102,2012,2108,2115,2076,2065,2032
2346: 2367,2105,2231,2166,2384,2383,2389,2304,2208,2359,2190,2317,2210,2232,2167,2103,2120,2202,2143,2270
2049: 2133,2092,2063,2160,2144,2113,2163,2175,2176,2062,2093,2182,2064,2188,2186,2187,2183,2185,1994,2080,2054,2134,2037,2102,2012,2108,2065,2011,2032,2047
2050: 2087,583,2349,2165,2290,2031,1976,2164,2104,2096,2255,2072,2189,2223
2232: 2210,1997,2208,2359,2367,2346,2105,2231,2207,2213,2211,2167,2103,2120,1976,2164,2104,2229,2227,2038,2228
2052: 2029,2065,2011,2032,1995,2036,946,569,1972,2015,1987
2053: 2058,1973,2101,2034,2006,2068
2054: 2080,2134,2037,2135,2147,2160,2144,2113,2137,2114,2176,2093,2121,2099,2133,2092,2063,2049,2095,2019,2065,2011,2032
2059: 2033,2057,524,2039,1977,2004
2190: 2316,2180,2317,2278,2318,2389,2304,2178,2315,2313,2156,2314,2367,2346,2105,2231,1961,2353,2235,2205,2167,2103,2120,2202,2143,2142,2270,2122,2169,2112,2177
2062: 2163,2175,2176,2093,2122,2169,2112,2130,2177,2259,2138,2249,2256,2162,2247,2129,2248,2107,2150,2184,2160,2144,2113,2137,2114,2182,2064,2188,2186,2183,2185,1994,2134,2037,2133,2092,2049,2012,2108
2063: 2133,2092,2049,2160,2113,2163,2175,2176,2093,2064,2080,2054,2134,2037,2102,2012,2108,2019,2065,2011,2032,2047
2065: 2011,2032,2080,2054,2037,2133,2092,2063,2049,2102,2012,2108,2019,2047,2052,2029
2066: 2332,2395,2391,2428,2397,2435,2405,2328,2195,2193,2002,2329,2197,2335,2271,2151,2354,2422
2067: 1950,2030,1966,2061,2018,590,568,1999,2020
2068: 2006,2058,1973,2053
2069: 2371,2369,2336,2070,2257
2070: 2336,2274,911,2369,1690,2146,1337,2069
2071: 2407,2442,2350,1773,918,1445,2390,2326,1530
2072: 2255,2189,2223,2096,2087,2050,583
2073: 1992,946,569
2074: 2141,2090,2075,2236,2043,2260,2199,2145,2198,2097,2042,2098,580,1985,2116
2075: 2090,2236,2258,2181,2149,2127,2170,2045,2272,2201,2140,2091,2204,2132,2237,2280,2115,2076,2043,2141,2074
2077: 2135,2147,1982,2120,2143,2142,2122,2169,2229,2227,2038,2228,2144,2113,2137,2114,2121,2099,2080
2144: 2160,2113,2137,2114,2202,2143,2142,2270,2122,2169,2112,2130,2177,2138,2256,2162,2248,2135,2077,2147,1982,2163,2175,2176,2062,2093,2121,2099,2080,2054,2134,2037,2133,2092,2049
2103: 2167,2120,2208,2359,2367,2346,2105,2231,2190,2210,2232,2143,2270,2164,2104,2229,2227,2038,2228,2147
2087: 2050,583,2349,2165,2290,2031,1976,2164,2104,2096,2255,2072,2189,2223
2088: 2173,2358,2370,2239,2125,2412,2161,2117,434,2206
2089: 2342,2094,2337,2282,2276,2261,2339,2347,2245,2044,2240,2381,2382,2344,2277,2234,2110,2275,2345,2338,2404,2196,2191,2258,2181,2272,2201,2140,2091,2204,2281,2132,2237,2279,2139,2280
2091: 2272,2201,2140,2204,2234,2110,2159,2342,2094,2337,2282,2276,2261,2339,2089,2345,2338,2404,2196,2258,2181,2149,2127,2323,2170,2045,2281,2132,2237,2279,2139,2280,2090,2075,2236,2043
2092: 2133,2063,2049,2160,2144,2113,2137,2114,2163,2175,2176,2062,2093,2064,2080,2054,2134,2037,2102,2012,2108,2019,2065,2011,2032
2093: 2163,2175,2176,2062,2122,2169,2112,2130,2177,2259,2138,2249,2256,2162,2247,2129,2248,2107,2160,2144,2113,2137,2114,2064,2183,2185,2080,2054,2134,2037,2133,2092,2063,2049,2012,2108
2094: 2342,2337,2282,2276,2261,2339,2089,2246,2253,2244,2347,2245,2044,2240,2381,2382,2344,2340,2277,2408,2437,2234,2110,2283,2275,2345,2338,2404,2196,2191,2258,2181,2272,2201,2091,2281,2132,2237,2279,2139,2280
2095: 2121,2099,2080,2054,2134,2037,2019
2096: 1936,1967,2203,2393,2349,2165,2290,2031,1976,2087,2050,583,2072,2223
2097: 2042,2098,2260,2199,2145,2198,2254,2239,2141,2074,2161,2117,580,1985,2116,434,2206
2098: 2097,2042,2043,2145,2198,2141,2074,2161,2117,580,1985,2116,2206
2099: 2121,2229,2227,2038,2228,2135,2077,2147,1982,2160,2144,2113,2137,2114,2080,2054,2134,2037,2095,2019
2101: 2034,2058,1973,2053
2102: 2012,2108,2163,2175,2176,2182,2064,2188,2186,2187,2183,2185,1994,2149,2127,2170,2133,2092,2063,2049,2115,2076,2065,2011,2032,2047
2202: 2143,2142,2270,2367,2346,2105,2190,2316,2180,2317,2278,2318,1961,2155,2353,2235,2205,2167,2120,2122,2169,2112,2130,2177,2038,2228,2135,2147,1982,2144
2110: 2234,2283,2159,2219,2288,2252,2246,2300,2253,2216,2244,2312,2347,2245,2044,2240,2381,2107,2150,2184,2094,2337,2282,2276,2261,2339,2089,2182,2187,2183,1994,2258,2181,2149,2323,2272,2091
2201: 2272,2140,2091,2204,2094,2337,2276,2261,2339,2089,2345,2338,2404,2196,2191,2258,2181,2045,2281,2132,2237,2279,2139,2280,2090,2075,2236,2043
2112: 2122,2169,2130,2177,2190,2316,2180,2317,2278,2318,1961,2155,2353,2235,2205,2226,2225,2202,2143,2142,2270,2249,2256,2162,2247,2129,2248,2135,1982,2160,2144,2062,2093
2114: 2160,2144,2113,2137,2143,2142,2122,2169,2130,2177,2135,2077,2147,1982,2163,2062,2093,2121,2099,2080,2054,2134,2037,2133,2092
2115: 2076,2182,2064,2188,2186,2187,2258,2181,2149,2127,2323,2170,2045,2272,2140,2204,2102,2012,2108,2090,2075,2236,2047
2116: 580,1985,2074,2097,2042,2098,2161,2117,2206,568
2117: 2161,2145,2239,2097,2042,2098,2173,2088,2370,580,1985,2116,434,2206
2119: 1069,1620,2084,1618,1063,1065,1609,1615,1083,2026
2120: 2167,2103,2208,2359,2367,2346,2105,2231,2190,2316,2180,2317,2278,2318,2210,2232,2202,2143,2142,2270,2229,2227,2038,2228,2135,2077,2147,1982
2121: 2099,2229,2227,2038,2228,2135,2077,2147,1982,2160,2144,2113,2137,2114,2080,2054,2134,2037,2095,2019
2122: 2169,2112,2130,2177,2190,2316,2180,2317,2278,2318,1961,2155,2353,2235,2205,2225,2202,2143,2142,2270,2259,2138,2249,2256,2162,2247,2129,2248,2135,2077,2147,1982,2160,2144,2113,2137,2114,2163,2176,2062,2093
2123: 2398,2285,1790,2174,2396,2286
2238: 2226,2251,2131,2225,2154,2321,2341,2420,2156,2319,2322,2314,2309,2308,2016,2221,2368,2024,2330,2214,2218,2331,2311,1961,2155,2353,2235,2205,2219,2288,2289,2250,2252,2177,2249,2256,2162,2247,2129,2248,2107
2129: 2259,2138,2249,2256,2162,2247,2248,1961,2155,2353,2235,2205,2226,2251,2131,2225,2154,2238,2219,2288,2289,2250,2252,2122,2169,2112,2130,2177,2107,2150,2184,2160,2163,2175,2062,2093,2183,2185,1994
2130: 2122,2169,2112,2177,2278,1961,2155,2353,2235,2205,2251,2131,2225,2202,2143,2142,2259,2138,2249,2256,2162,2247,2129,2248,2135,1982,2160,2144,2113,2137,2114,2163,2175,2176,2062,2093
2131: 2226,2251,2225,2154,2238,2341,2309,2308,2016,2221,2024,2330,2214,2218,2331,2311,2155,2235,2219,2288,2289,2250,2252,2130,2177,2259,2138,2249,2256,2162,2247,2129,2248,2107,2150,2184
2134: 2080,2054,2037,2135,2147,1982,2160,2144,2113,2137,2114,2163,2175,2176,2062,2093,2121,2099,2133,2092,2063,2049,2095,2019,2011
2135: 2077,2147,1982,2167,2120,2202,2143,2142,2270,2122,2169,2112,2130,2177,2229,2227,2038,2228,2160,2144,2113,2137,2114,2121,2099,2080,2054,2134
2258: 2181,2149,2127,2323,2170,2045,2107,2150,2184,2234,2110,2283,2159,2342,2094,2337,2282,2276,2261,2339,2089,2182,2188,2186,2187,2183,1994,2272,2201,2140,2091,2204,2012,2115,2090,2075,2236
2137: 2160,2144,2113,2114,2143,2142,2122,2169,2130,2177,2135,2077,2147,1982,2163,2062,2093,2121,2099,2080,2054,2134,2037,2133,2092
2138: 2259,2249,2256,2162,2247,2129,2248,2235,2251,2131,2225,2250,2252,2122,2169,2130,2177,2107,2150,2184,2160,2144,2163,2175,2176,2062,2093,2182,2064,2188,2186,2187,2183,2185,1994
2139: 2281,2132,2237,2279,2280,2094,2337,2282,2276,2261,2339,2089,2275,2345,2338,2404,2196,2191,2193,2002,2272,2201,2140,2091,2204,2329,2197,2236,2043,2260,2199,2145,2198
2140: 2272,2201,2091,2204,2337,2276,2261,2089,2345,2404,2196,2258,2181,2045,2281,2132,2237,2279,2139,2280,2115,2090,2075,2236,2043
2141: 2074,2090,2075,2236,2043,2260,2199,2145,2198,2097,2042,2098,580,1985
2142: 2202,2143,2270,2105,2190,2316,2180,2317,2278,2318,1961,2155,2353,2235,2205,2167,2120,2122,2169,2112,2130,2177,2227,2038,2228,2135,2077,2147,1982,2160,2144,2113,2137,2114
2148: 1487,822,410,2224
2149: 2258,2181,2127,2323,2170,2045,2107,2150,2184,2234,2110,2283,2159,2337,2282,2276,2261,2182,2064,2188,2186,2187,2183,2185,1994,2272,2091,2204,2102,2012,2108,2115,2076,2075
2150: 2107,2184,2251,2131,2225,2154,2219,2288,2289,2250,2252,2246,2300,2253,2216,2244,2312,2259,2138,2249,2256,2162,2247,2129,2248,2234,2110,2283,2159,2163,2175,2062,2182,2064,2188,2186,2187,2183,2185,1994,2258,2181,2149,2127,2323,2170
2151: 2335,2271,2332,2395,2391,2066,2428,2354,2422,2254,2239,2125,2412
2152: 2433,2375,2427,2377,2222,2376,2429,2417,2364,915,2357,2158,2352,2414,2355,2356,2419,2157,2310,2378,2380,2379,2416,2265,2365
2377: 853,1677,2222,2376,2429,2417,2433,2375,2152,2427,1671,1700,2364,915
2154: 2226,2251,2131,2225,2238,2321,2341,2420,2156,2319,2322,2309,2308,2016,2221,2368,2024,2330,2214,2218,2331,2311,1961,2155,2353,2235,2219,2288,2289,2250,2252,2177,2249,2256,2162,2247,2129,2248,2107,2150
2155: 1961,2353,2235,2205,2178,2400,2315,2313,2055,2321,2341,2420,2156,2319,2322,2314,2309,2308,2016,2221,2368,2316,2180,2317,2278,2318,2226,2251,2131,2225,2154,2238,2202,2142,2122,2169,2112,2130,2177,2249,2256,2162,2247,2129,2248
2156: 2321,2341,2420,2319,2322,2314,2357,2158,2352,2414,2355,2419,2310,2178,2400,2315,2313,2055,2309,2308,2016,2221,2368,2190,2316,2180,2317,2278,2318,1961,2155,2353,2235,2205,2226,2251,2225,2154,2238
2157: 2419,2310,2378,2380,2379,2416,2222,2376,2429,2417,2433,2375,2152,2427,2364,915,2357,2158,2352,2414,2355,2356,2265,2365,2321,2420,2319,2322,2309,2308,2016,2221,2368
2158: 2357,2352,2414,2355,2356,2402,2431,2434,2179,2222,2376,2417,2433,2152,2403,2320,2415,2406,2419,2157,2310,2378,2380,2379,2416,2178,2400,2315,2313,2055,2321,2341,2420,2156,2319,2322,2314,2308,2221,2368
2159: 2234,2110,2283,2219,2288,2250,2252,2246,2300,2253,2216,2312,2107,2150,2184,2337,2282,2276,2261,2182,2064,2188,2186,2187,2183,2185,1994,2258,2181,2149,2127,2323,2170,2045,2272,2091,2204
2160: 2144,2113,2137,2114,2143,2142,2122,2169,2112,2130,2177,2259,2138,2249,2256,2162,2247,2129,2248,2135,2147,1982,2163,2175,2176,2062,2093,2121,2099,2080,2054,2134,2037,2133,2092,2063,2049
2161: 2117,2260,2199,2145,2198,2254,2239,2125,2412,2097,2042,2098,2088,2370,580,1985,2116,434,2206
2164: 2104,2207,2213,2211,2210,2232,2103,1976,2229,2227,2038,2228,2087,2050,583
2165: 2349,2290,2031,2436,2343,2212,2213,1936,1967,2203,2393,1976,2096,2087,2050,583
2166: 2298,2384,2385,2383,2303,2399,2306,2301,2307,2305,1989,2209,2233,2168,2348,2389,2304,2302,2421,1997,2208,2359,2367,2346,2105,2231
2167: 2103,2120,2208,2359,2367,2346,2105,2231,2190,2316,2180,2317,2278,2318,2210,2232,2202,2143,2142,2270,2229,2227,2038,2228,2135,2147,1982
2168: 2209,2233,2348,2303,2399,2298,2166,2384,2385,2383,2287,2360,2426,2421,2366,1997,2208,2359
2169: 2122,2112,2130,2177,2190,2316,2278,2318,1961,2155,2353,2235,2205,2225,2202,2143,2142,2270,2259,2138,2249,2256,2162,2247,2129,2248,2135,2077,2147,1982,2160,2144,2113,2137,2114,2163,2176,2062,2093
2170: 2258,2181,2149,2127,2323,2045,2107,2150,2184,2234,2283,2159,2337,2276,2182,2064,2188,2186,2187,2183,2185,1994,2272,2091,2204,2102,2012,2108,2115,2076,2090,2075
2406: 2403,2320,2415,2401,2402,2431,2434,2179,2222,2376,2429,2417,2306,2301,2307,2305,2430,1989,2432,2357,2158,2352,2414,2355,2356,2389,2304,2302,2178,2400,2315,2313,2055,2321,2420,2319,2322,2314
2221: 2309,2308,2016,2368,2357,2158,2352,2414,2355,2356,2419,2157,2310,2378,2380,2379,2416,2265,2365,2321,2341,2420,2156,2319,2322,2314,2330,2214,2218,2331,1961,2155,2353,2235,2205,2226,2251,2131,2225,2154,2238,2289,2250
2173: 2358,2088,2370,2239,2125,2117
2174: 2396,2286,1817,1790,2123,2398,2285
2175: 2163,2176,2062,2093,2130,2177,2259,2138,2249,2256,2162,2247,2129,2248,2107,2150,2184,2160,2144,2113,2182,2064,2188,2186,2187,2183,2185,1994,2134,2133,2092,2063,2049,2102,2012,2108
2176: 2163,2175,2062,2093,2122,2169,2130,2177,2259,2138,2256,2162,2107,2184,2160,2144,2113,2182,2064,2188,2186,2187,2183,2185,1994,2080,2054,2134,2037,2133,2092,2063,2049,2102,2012,2108
2177: 2122,2169,2112,2130,2190,2316,2180,2317,2278,2318,1961,2155,2353,2235,2205,2226,2251,2131,2225,2154,2238,2202,2143,2142,2270,2259,2138,2249,2256,2162,2247,2129,2248,2135,1982,2160,2144,2113,2137,2114,2163,2175,2176,2062,2093
2178: 2400,2315,2313,2055,2306,2301,2307,2305,1989,2432,2320,2415,2406,2357,2158,2352,2414,2355,2356,2389,2304,2321,2341,2420,2156,2319,2322,2314,2367,2105,2190,2316,2180,2317,2278,2318,1961,2155,2353,2235,2205
2179: 2402,2431,2434,2401,2222,2376,2417,2306,2301,2307,2305,2430,1989,2432,2403,2320,2415,2406,2158,2352,2414,2355,2356
2180: 2190,2316,2317,2278,2318,2389,2304,2178,2400,2315,2313,2055,2321,2341,2156,2319,2314,2367,2105,1961,2155,2353,2235,2205,2167,2120,2202,2143,2142,2270,2122,2112,2177
2181: 2258,2149,2127,2323,2170,2045,2107,2150,2184,2234,2110,2283,2159,2094,2337,2282,2276,2261,2339,2089,2182,2188,2186,2187,2183,2185,1994,2272,2201,2140,2091,2204,2012,2115,2075
2182: 2064,2188,2186,2187,2183,2185,1994,2259,2138,2249,2256,2162,2107,2150,2184,2234,2110,2283,2159,2163,2175,2176,2062,2258,2181,2149,2127,2323,2170,2045,2049,2102,2012,2108,2115
2183: 2182,2064,2188,2186,2187,2185,1994,2259,2138,2249,2256,2162,2247,2129,2248,2107,2150,2184,2234,2110,2283,2159,2163,2175,2176,2062,2093,2258,2181,2149,2127,2323,2170,2133,2049,2102,2012,2108
2184: 2107,2150,2251,2131,2219,2288,2289,2250,2252,2300,2253,2216,2312,2259,2138,2249,2256,2162,2247,2129,2234,2110,2283,2159,2163,2175,2176,2062,2182,2064,2188,2186,2187,2183,2185,1994,2258,2181,2149,2127,2323,2170,2045
2185: 2182,2064,2188,2186,2187,2183,1994,2259,2138,2249,2256,2162,2247,2129,2248,2107,2150,2184,2234,2283,2159,2163,2175,2176,2062,2093,2181,2149,2127,2323,2170,2133,2049,2102,2012,2108
2186: 2182,2064,2188,2187,2183,2185,1994,2259,2138,2249,2256,2162,2107,2150,2184,2234,2283,2159,2163,2175,2176,2062,2258,2181,2149,2127,2323,2170,2045,2133,2049,2102,2012,2108,2115,2076
2187: 2182,2064,2188,2186,2183,2185,1994,2259,2138,2107,2150,2184,2234,2110,2283,2159,2163,2175,2176,2258,2181,2149,2127,2323,2170,2045,2049,2102,2012,2108,2115
2188: 2182,2064,2186,2187,2183,2185,1994,2259,2138,2162,2107,2150,2184,2234,2283,2159,2163,2175,2176,2062,2258,2181,2149,2127,2323,2170,2045,2133,2049,2102,2012,2108,2115,2076
2189: 2255,2072,2223,2087,2050,583,966
2191: 2275,2345,2338,2404,2196,2245,2381,2382,2344,2340,2277,2437,2192,2397,2435,2405,2094,2276,2339,2089,2195,2193,2002,2201,2281,2132,2237,2279,2139,2280,2329,2197
2192: 2397,2435,2405,2242,2424,2295,2388,2423,490,2425,2440,2382,2344,2340,2277,2408,2437,2328,540,2275,2338,2196,2191,2195,2193,2002,2332,2391,2428
2193: 2195,2002,2382,2344,2340,2277,2408,2437,2192,2397,2435,2405,2328,540,2275,2345,2338,2404,2196,2191,2332,2395,2391,2066,2428,2281,2132,2237,2279,2139,2280,2329,2197,2335,2271
2344: 2382,2340,2277,2408,2437,2386,2293,2324,2046,2241,2242,2424,2295,2388,2423,490,2425,2440,2347,2245,2044,2240,2381,2192,2397,2405,2094,2282,2339,2089,2275,2345,2338,2404,2191,2193,2002
2195: 2193,2002,2382,2340,2277,2437,2192,2397,2435,2405,2328,540,2275,2338,2404,2196,2191,2332,2395,2391,2066,2428,2329,2197,2335,2271
2196: 2275,2345,2338,2404,2191,2245,2381,2382,2277,2192,2397,2435,2405,2094,2276,2339,2089,2195,2193,2002,2201,2140,2091,2281,2132,2237,2279,2139,2280,2329,2197
2197: 2329,2275,2345,2338,2404,2196,2191,2195,2193,2002,2332,2395,2391,2066,2281,2132,2237,2279,2139,2280,2335,2271,2043,2260,2199,2145,2198,2254
2198: 2260,2199,2145,2281,2132,2237,2279,2139,2280,2329,2197,2271,2043,2254,2141,2074,2097,2042,2098,2161
2199: 2260,2145,2198,2281,2132,2237,2279,2139,2280,2329,2197,2335,2271,2043,2254,2141,2074,2097,2042,2161
2343: 2436,2287,2418,2212,1936,1967,2203,2393,2349,2165,2031
2203: 1936,1967,2393,2436,2343,2212,2349,2165,2290,2031,2096
2204: 2272,2201,2140,2091,2234,2159,2337,2282,2276,2261,2089,2345,2258,2181,2149,2127,2323,2170,2045,2132,2237,2279,2139,2280,2115,2076,2090,2075,2236,2043
2205: 1961,2155,2353,2235,2178,2315,2313,2321,2341,2156,2319,2314,2221,2190,2316,2180,2317,2278,2318,2226,2251,2225,2238,2202,2143,2142,2270,2122,2169,2112,2130,2177,2249,2256,2162,2247,2129,2248
2206: 434,2097,2042,2098,2161,2117,2088,580,1985,2116
2207: 2213,2211,2287,2418,2360,2426,2421,2366,1997,2208,2359,2212,2210,2232,2031,1976,2164,2104
2208: 2359,2209,2233,2168,2348,2298,2166,2384,2385,2383,2304,2426,2366,1997,2367,2346,2105,2231,2207,2213,2211,2210,2232,2167,2103,2120
2209: 2233,2168,2348,2303,2399,2298,2166,2384,2385,2383,2287,2418,2360,2426,2421,2366,1997,2208,2359
2210: 2232,2426,2366,1997,2208,2359,2367,2346,2105,2231,2207,2213,2211,2167,2103,2120,1976,2164,2104,2229,2227,2038
2211: 2207,2213,2287,2418,2360,2426,2421,2366,1997,2208,2359,2212,2210,2232,2349,2031,1976,2164,2104
2212: 2287,2418,2426,2366,2436,2343,2207,2213,2211,1936,1967,2203,2393,2349,2165,2290,2031,1976
2213: 2207,2211,2287,2418,2426,2366,1997,2208,2359,2212,2210,2232,2349,2165,2290,2031,1976,2164,2104
2214: 2024,2330,2218,2331,2311,2380,2265,2365,2409,2333,2374,2262,2309,2308,2016,2221,2368,2215,2351,2299,2243,2325,2267,2226,2251,2131,2225,2154,2238,2219,2288,2289,2250,2252,2246,2300,2253,2216,2244,2312
2215: 2351,2299,2243,2325,2267,2333,2374,2262,2394,2362,2024,2330,2214,2218,2331,2311,2293,2324,2241,2219,2288,2289,2250,2252,2246,2300,2253,2216,2244,2312,2347,2044,2240
2216: 2246,2300,2253,2244,2312,2024,2330,2214,2218,2331,2311,2215,2351,2299,2243,2325,2267,2293,2324,2241,2219,2288,2289,2250,2252,2347,2044,2240,2107,2150,2184,2234,2110,2283,2159,2282
2217: 2361,2362,2372,2363,2392,2413,2334,2373,2268,2411,2441,2294,2374,2266,2262,2394,2410,2040,2439,2387,2291,2438,2292,2351,2299,2243,2325,2267,2386,2293,2324,2046,2241
2218: 2024,2330,2214,2331,2311,2419,2310,2378,2380,2416,2265,2365,2263,2409,2333,2374,2266,2262,2394,2410,2040,2309,2308,2016,2221,2368,2215,2351,2299,2243,2325,2267,2131,2154,2238,2219,2288,2289,2250,2252,2246,2300,2216,2244
2219: 2288,2289,2250,2252,2309,2308,2016,2024,2330,2214,2218,2331,2311,2215,2351,2243,2325,2267,2251,2131,2225,2154,2238,2246,2300,2253,2216,2244,2312,2249,2247,2129,2107,2150,2184,2110,2283,2159
2353: 1961,2155,2235,2205,2178,2400,2315,2313,2055,2321,2341,2420,2156,2319,2322,2314,2308,2221,2190,2316,2180,2317,2278,2318,2226,2251,2225,2154,2238,2202,2142,2270,2122,2169,2112,2130,2177,2249,2256,2162,2247,2129,2248
2223: 2255,2072,2189,2096,2087,2050,583
2224: 410,1487,822,2148,1445,1530
2225: 2226,2251,2131,2154,2238,2321,2341,2420,2156,2319,2322,2314,2309,2308,2016,2221,2368,2024,2330,2214,2331,1961,2155,2353,2235,2205,2219,2288,2289,2250,2252,2122,2169,2112,2130,2177,2259,2138,2249,2256,2162,2247,2129,2248,2107,2150
2226: 2251,2131,2225,2154,2238,2321,2341,2420,2156,2319,2322,2314,2309,2308,2016,2221,2368,2214,2331,1961,2155,2353,2235,2205,2289,2250,2252,2112,2177,2249,2256,2162,2247,2129,2248,2107
2227: 2229,2038,2228,2210,2232,2167,2103,2120,2143,2142,2270,2164,2104,2135,2077,2147,1982,2121,2099
2228: 2229,2227,2038,2232,2167,2103,2120,2202,2143,2142,2270,2164,2104,2135,2077,2147,1982,2121,2099
2229: 2227,2038,2228,2210,2232,2167,2103,2120,2143,2270,2164,2104,2135,2077,2147,1982,2121,2099
2437: 2382,2344,2340,2277,2408,2386,2324,2046,2241,2242,2424,2295,2388,2423,490,2425,2440,2347,2245,2044,2240,2381,2192,2397,2435,2405,2094,2339,2275,2338,2404,2191,2195,2193,2002
2231: 2367,2346,2105,2166,2384,2385,2383,2389,2304,2208,2359,2190,2317,2210,2232,2167,2103,2120,2270
2235: 1961,2155,2353,2205,2178,2321,2341,2420,2156,2319,2314,2308,2221,2190,2316,2180,2317,2278,2318,2226,2251,2131,2225,2154,2238,2202,2143,2142,2270,2122,2169,2112,2130,2177,2259,2138,2249,2256,2162,2247,2129,2248
2236: 2090,2075,2258,2045,2272,2201,2140,2091,2204,2281,2132,2237,2279,2139,2280,2115,2043,2141,2074
2237: 2281,2132,2279,2139,2280,2094,2276,2261,2339,2089,2275,2345,2338,2404,2196,2191,2193,2002,2272,2201,2140,2091,2204,2329,2197,2090,2075,2236,2043,2260,2199,2145,2198
2239: 2254,2151,2354,2145,2125,2412,2097,2161,2117,2173,2358,2088,2370
2240: 2347,2245,2044,2381,2215,2351,2243,2325,2293,2324,2046,2241,2424,2246,2300,2253,2216,2244,2312,2382,2344,2277,2408,2437,2234,2110,2283,2094,2337,2282,2276,2261,2339,2089,2275,2345,2338,2404
2241: 2386,2293,2324,2046,2374,2217,2361,2362,2372,2387,2215,2351,2299,2243,2325,2267,2242,2424,2295,2246,2300,2253,2216,2244,2312,2347,2245,2044,2240,2381,2382,2344,2408,2437
2242: 2424,2295,2388,2423,2372,2387,2291,2438,2296,2386,2293,2324,2046,2241,490,2425,2440,2245,2044,2381,2382,2344,2340,2277,2408,2437,2192,2397,2435,2405
2243: 2215,2351,2299,2325,2267,2409,2333,2374,2266,2262,2394,2410,2040,2217,2361,2362,2372,2363,2024,2330,2214,2218,2331,2311,2386,2293,2324,2046,2241,2219,2288,2246,2300,2253,2216,2244,2312,2347,2245,2044,2240,2381
2244: 2246,2300,2253,2216,2312,2024,2214,2218,2331,2311,2215,2351,2299,2243,2325,2267,2386,2293,2324,2046,2241,2219,2288,2289,2252,2347,2245,2044,2240,2381,2107,2150,2234,2110,2283,2094,2337,2282,2261,2339
2245: 2347,2044,2240,2381,2243,2325,2386,2293,2324,2046,2241,2242,2424,2295,2423,2246,2300,2253,2244,2382,2344,2340,2277,2408,2437,2234,2110,2094,2337,2282,2276,2261,2339,2089,2275,2345,2338,2404,2196,2191
2246: 2300,2253,2216,2244,2312,2024,2214,2218,2331,2311,2215,2351,2299,2243,2325,2267,2386,2293,2324,2046,2241,2219,2288,2289,2252,2347,2245,2044,2240,2381,2107,2150,2234,2110,2283,2159,2094,2337,2282,2261,2339
2247: 2259,2138,2249,2256,2162,2129,2248,1961,2155,2353,2235,2205,2226,2251,2131,2225,2154,2238,2219,2288,2289,2250,2252,2122,2169,2112,2130,2177,2107,2150,2184,2160,2163,2175,2062,2093,2183,2185,1994
2248: 2259,2138,2249,2256,2162,2247,2129,1961,2155,2353,2235,2205,2226,2251,2131,2225,2154,2238,2289,2250,2252,2122,2169,2112,2130,2177,2107,2150,2160,2144,2163,2175,2062,2093,2183,2185
2249: 2259,2138,2256,2162,2247,2129,2248,2155,2353,2235,2205,2226,2251,2131,2225,2154,2238,2219,2288,2289,2250,2252,2122,2169,2112,2130,2177,2107,2150,2184,2160,2163,2175,2062,2093,2182,2064,2186,2183,2185,1994
2250: 2219,2288,2289,2252,2309,2308,2016,2221,2024,2330,2214,2218,2331,2311,2215,2226,2251,2131,2225,2154,2238,2300,2253,2216,2312,2259,2138,2249,2256,2162,2247,2129,2248,2107,2150,2184,2283,2159
2251: 2226,2131,2225,2154,2238,2341,2156,2309,2308,2016,2221,2024,2214,2331,2311,1961,2155,2353,2235,2205,2219,2288,2289,2250,2252,2130,2177,2259,2138,2249,2256,2162,2247,2129,2248,2107,2150,2184
2252: 2219,2288,2289,2250,2309,2308,2016,2024,2330,2214,2218,2331,2311,2215,2351,2226,2251,2131,2225,2154,2238,2246,2300,2253,2216,2244,2312,2259,2138,2249,2256,2162,2247,2129,2248,2107,2150,2184,2110,2283,2159
2253: 2246,2300,2216,2244,2312,2024,2214,2311,2215,2351,2243,2325,2293,2324,2241,2219,2288,2289,2250,2252,2347,2245,2044,2240,2381,2107,2150,2184,2234,2110,2283,2159,2094,2337,2282,2276,2261,2339
2254: 2239,2329,2197,2335,2271,2151,2354,2422,2260,2199,2145,2198,2125,2412,2097,2161
2256: 2259,2138,2249,2162,2247,2129,2248,1961,2155,2353,2235,2205,2226,2251,2131,2225,2154,2238,2289,2250,2252,2122,2169,2112,2130,2177,2107,2150,2184,2160,2144,2113,2163,2175,2176,2062,2093,2182,2064,2186,2183,2185,1994
2257: 513,2371,2369,2069
2259: 2138,2249,2256,2162,2247,2129,2248,2235,2251,2131,2225,2250,2252,2122,2169,2130,2177,2107,2150,2184,2160,2163,2175,2176,2062,2093,2182,2064,2188,2186,2187,2183,2185,1994
2260: 2199,2145,2198,2281,2132,2237,2279,2139,2280,2329,2197,2335,2271,2043,2254,2141,2074,2097,2042,2161
2262: 2374,2266,2394,2410,2040,1671,1700,2364,915,2392,2413,2334,2268,2411,2265,2365,2263,2409,2333,2217,2361,2362,2372,2363,2024,2330,2214,2218,2331,2311,2215,2351,2299,2243,2325,2267,2293
2263: 2265,2365,2409,2333,2375,2427,1671,1700,2364,915,2392,2413,2334,2378,2380,2379,2416,2374,2266,2262,2394,2410,2040,2309,2016,2368,2330,2218,2331,2299,2267
2421: 2426,2366,1997,2209,2233,2168,2348,2298,2166,2384,2385,2383,2287,2418,2360,2359,2207,2211
2265: 2365,2263,2409,2333,2433,2375,2152,2427,1671,1700,2364,915,2392,2419,2157,2310,2378,2380,2379,2416,2374,2266,2262,2394,2410,2040,2309,2308,2016,2221,2368,2024,2330,2214,2218,2331,2311,2299,2267
2266: 2374,2262,2394,2410,2040,1671,1700,2364,915,1701,2392,2413,2334,2373,2268,2411,2441,2265,2365,2263,2409,2333,2217,2361,2362,2372,2363,2330,2218,2351,2299,2243,2325,2267,2386,2293,2046
2267: 2215,2351,2299,2243,2325,2265,2365,2263,2409,2333,2374,2266,2262,2394,2410,2040,2217,2361,2362,2363,2024,2330,2214,2218,2331,2311,2293,2241,2219,2288,2289,2246,2300,2216,2244
2268: 2373,2411,2441,1701,2392,2413,2334,2294,2266,2262,2394,2410,2040,2217,2361,2362,2372,2363,2439,2292
2307: 2306,2301,2305,2430,1989,2432,2401,2402,2431,2434,2179,2303,2399,2403,2320,2415,2406,2298,2166,2384,2385,2383,2389,2304,2302,2178,2400,2315,2313,2055
2270: 2202,2143,2142,2367,2346,2105,2231,2190,2316,2180,2317,2278,2318,1961,2353,2235,2205,2167,2103,2120,2122,2169,2112,2177,2229,2227,2038,2228,2135,2147,1982,2144
2271: 2335,2151,2195,2193,2002,2332,2395,2391,2066,2428,2329,2197,2354,2422,2260,2199,2145,2198,2254,2125,2412
2272: 2201,2140,2091,2204,2234,2110,2283,2159,2094,2337,2282,2276,2261,2339,2089,2345,2338,2404,2258,2181,2149,2127,2323,2170,2045,2281,2132,2237,2279,2139,2280,2115,2090,2075,2236,2043
2368: 2309,2308,2016,2221,2357,2158,2352,2414,2355,2356,2419,2157,2310,2378,2380,2379,2416,2265,2365,2263,2409,2333,2321,2341,2420,2156,2319,2322,2314,2330,2214,2218,2331,2155,2226,2225,2154,2238,2289
2274: 2336,2070,911,1690,2146,1337
2275: 2345,2338,2404,2196,2191,2347,2245,2044,2240,2381,2382,2344,2340,2277,2408,2437,2192,2397,2435,2405,2094,2282,2276,2261,2339,2089,2195,2193,2002,2281,2237,2279,2139,2280,2329,2197
2276: 2342,2094,2337,2282,2261,2339,2089,2253,2347,2245,2044,2240,2381,2382,2234,2110,2283,2159,2275,2345,2338,2404,2196,2191,2258,2181,2149,2323,2170,2045,2272,2201,2140,2091,2204,2281,2132,2237,2279,2139,2280
2277: 2382,2344,2340,2408,2437,2324,2242,2424,2295,2423,490,2425,2440,2245,2044,2240,2381,2192,2397,2435,2405,2094,2339,2089,2275,2345,2338,2404,2196,2191,2195,2193,2002
2278: 2190,2316,2180,2317,2318,2389,2304,2178,2315,2313,2321,2341,2156,2314,2367,2105,1961,2155,2353,2235,2205,2167,2120,2202,2143,2142,2270,2122,2169,2112,2130,2177
2279: 2281,2132,2237,2139,2280,2094,2337,2282,2276,2261,2339,2089,2275,2345,2338,2404,2196,2191,2193,2002,2272,2201,2140,2091,2204,2329,2197,2236,2043,2260,2199,2145,2198
2280: 2281,2132,2237,2279,2139,2094,2337,2282,2276,2261,2339,2089,2275,2345,2338,2404,2196,2191,2193,2002,2272,2201,2140,2091,2204,2329,2197,2075,2236,2043,2260,2199,2198
2282: 2342,2094,2337,2276,2261,2339,2089,2246,2300,2253,2216,2244,2312,2347,2245,2044,2240,2381,2382,2344,2408,2234,2110,2283,2159,2275,2345,2338,2404,2258,2181,2149,2323,2045,2272,2091,2204,2279,2139,2280
2283: 2234,2110,2159,2219,2288,2289,2250,2252,2246,2300,2253,2216,2244,2312,2347,2240,2107,2150,2184,2094,2337,2282,2276,2261,2339,2182,2188,2186,2187,2183,2185,1994,2258,2181,2149,2323,2170,2272
2345: 2275,2338,2404,2196,2191,2347,2245,2044,2240,2381,2382,2344,2277,2405,2342,2094,2337,2282,2276,2261,2339,2089,2193,2002,2272,2201,2140,2091,2204,2281,2132,2237,2279,2139,2280,2329,2197
2285: 2123,2398,1790,2174,2396,2286
2286: 2174,2396,1817,1790,2123,2398,2285
2287: 2418,2360,2209,2233,2168,2348,2426,2421,2366,1997,2436,2343,2212,2207,2213,2211
2288: 2219,2289,2250,2252,2309,2308,2016,2024,2330,2214,2218,2331,2311,2215,2351,2243,2325,2267,2251,2131,2225,2154,2238,2246,2300,2253,2216,2244,2312,2249,2247,2129,2107,2150,2184,2234,2110,2283,2159
2290: 2349,2165,2031,2436,2212,2213,1936,1967,2203,2393,1976,2096,2087,2050,583
2291: 2439,2387,2438,2292,2411,2294,2217,2361,2372,2363,2296,2386,2293,2324,2046,2242,2424,2295,2388,2423,490,2425,2440
2292: 2439,2387,2291,2438,2373,2268,2411,2441,2294,2217,2361,2362,2372,2363,2296,2386,2293,2046,2295,2388,490,2440
2293: 2386,2324,2046,2241,2374,2266,2262,2394,2410,2217,2361,2362,2372,2363,2439,2387,2291,2438,2292,2215,2351,2299,2243,2325,2267,2242,2424,2295,2388,2246,2300,2253,2216,2244,2347,2245,2044,2240,2381,2382,2344,2408
2294: 2373,2268,2411,2441,2217,2361,2362,2372,2363,2439,2387,2291,2438,2292,2296
2295: 2242,2424,2388,2423,2372,2439,2387,2291,2438,2292,2296,2386,2293,2324,2046,2241,490,2425,2440,2245,2044,2381,2382,2344,2340,2277,2408,2437,2192,2397,2405
2296: 2294,2439,2387,2291,2438,2292,2242,2424,2295,2388,2423,490,2425,2440
2439: 2387,2291,2438,2292,2373,2268,2411,2441,2294,2217,2361,2362,2372,2363,2296,2386,2293,2046,2295,2388,490,2440
2298: 2166,2384,2385,2383,2303,2399,2306,2301,2307,2305,2430,1989,2432,2209,2233,2168,2348,2389,2304,2302,2421,1997,2208,2367,2105
2299: 2215,2351,2243,2325,2267,2265,2365,2263,2409,2333,2374,2266,2262,2394,2410,2040,2217,2361,2362,2372,2363,2024,2330,2214,2218,2331,2311,2386,2293,2324,2046,2241,2246,2300,2216,2244
2300: 2246,2253,2216,2244,2312,2024,2330,2214,2218,2331,2311,2215,2351,2299,2243,2325,2267,2293,2324,2241,2219,2288,2289,2250,2252,2347,2245,2044,2240,2381,2107,2150,2184,2234,2110,2283,2159,2282
2301: 2306,2307,2305,2430,1989,2432,2401,2402,2431,2434,2179,2303,2399,2403,2320,2415,2406,2298,2166,2384,2385,2383,2389,2304,2302,2178,2400,2315,2313,2055
2302: 2389,2304,2303,2399,2306,2301,2307,2305,2430,1989,2432,2403,2320,2406,2298,2166,2384,2385,2383,2400,2315,2313,2055,2367,2105
2303: 2399,588,2401,2306,2301,2307,2305,2430,1989,2432,2209,2233,2168,2348,2298,2166,2384,2385,2383,2389,2304,2302
2304: 2389,2302,2303,2399,2306,2301,2307,2305,1989,2432,2320,2406,2298,2166,2384,2385,2383,2178,2400,2315,2313,2055,2208,2367,2346,2105,2231,2190,2316,2180,2317,2278,2318
2305: 2306,2301,2307,2430,1989,2432,2401,2402,2431,2434,2179,2303,2399,2403,2320,2415,2406,2298,2166,2384,2385,2383,2389,2304,2302,2178,2400,2315,2313,2055
2306: 2301,2307,2305,2430,1989,2432,588,2401,2402,2431,2434,2179,2303,2399,2403,2320,2415,2406,2298,2166,2384,2385,2383,2389,2304,2302,2178,2400,2315,2313,2055
2308: 2309,2016,2221,2368,2357,2158,2352,2414,2355,2419,2157,2310,2378,2380,2379,2416,2265,2365,2409,2333,2321,2341,2420,2156,2319,2322,2314,2024,2330,2214,2218,2331,2311,2155,2353,2235,2226,2251,2131,2225,2154,2238,2219,2288,2289,2250,2252
2309: 2308,2016,2221,2368,2357,2419,2157,2310,2378,2380,2379,2416,2265,2365,2263,2409,2333,2321,2341,2420,2156,2319,2322,2024,2330,2214,2218,2331,2311,2155,2226,2251,2131,2225,2154,2238,2219,2288,2289,2250,2252
2310: 2419,2157,2378,2380,2379,2416,2222,2376,2429,2417,2433,2375,2152,2427,2364,915,2357,2158,2352,2414,2355,2356,2265,2365,2321,2341,2420,2156,2319,2322,2314,2309,2308,2016,2221,2368,2330,2218
2313: 2178,2400,2315,2055,2306,2301,2307,2305,1989,2432,2320,2415,2406,2357,2158,2414,2355,2356,2389,2304,2302,2321,2341,2420,2156,2319,2322,2314,2367,2105,2190,2316,2180,2317,2278,2318,1961,2155,2353,2205
2314: 2321,2341,2420,2156,2319,2322,2320,2415,2406,2357,2158,2352,2414,2355,2356,2419,2310,2178,2400,2315,2313,2055,2308,2221,2368,2190,2316,2180,2317,2278,2318,1961,2155,2353,2235,2205,2226,2225,2238
2315: 2178,2400,2313,2055,2306,2301,2307,2305,1989,2432,2403,2320,2415,2406,2357,2158,2355,2356,2389,2304,2302,2321,2341,2420,2156,2319,2322,2314,2367,2105,2190,2316,2180,2317,2278,2318,1961,2155,2353,2205
2316: 2190,2180,2317,2278,2318,2389,2304,2178,2400,2315,2313,2055,2321,2341,2420,2156,2319,2322,2314,2367,2105,1961,2155,2353,2235,2205,2167,2120,2202,2143,2142,2270,2122,2169,2112,2177
2317: 2190,2316,2180,2278,2318,2389,2304,2178,2400,2315,2313,2055,2321,2341,2156,2319,2314,2367,2346,2105,2231,1961,2155,2353,2235,2205,2167,2120,2202,2143,2142,2270,2122,2112,2177
2318: 2190,2316,2180,2317,2278,2389,2304,2178,2400,2315,2313,2055,2321,2341,2420,2156,2319,2322,2314,2367,2105,1961,2155,2353,2235,2205,2167,2120,2202,2143,2142,2270,2122,2169,2112,2177
2319: 2321,2341,2420,2156,2322,2314,2403,2320,2415,2406,2357,2158,2352,2414,2355,2356,2419,2157,2310,2378,2380,2379,2178,2400,2315,2313,2055,2309,2308,2016,2221,2368,2316,2180,2317,2318,1961,2155,2353,2235,2205,2226,2225,2154,2238
2320: 2403,2415,2406,2401,2402,2431,2434,2179,2222,2376,2417,2306,2301,2307,2305,2430,1989,2432,2357,2158,2352,2414,2355,2356,2389,2304,2302,2178,2400,2315,2313,2055,2321,2420,2319,2322,2314
2322: 2321,2341,2420,2156,2319,2314,2320,2415,2406,2357,2158,2352,2414,2355,2356,2419,2157,2310,2378,2380,2379,2416,2178,2400,2315,2313,2055,2309,2308,2016,2221,2368,2316,2318,1961,2155,2353,2226,2225,2154,2238
2323: 2258,2181,2149,2127,2170,2045,2107,2150,2184,2234,2110,2283,2159,2337,2282,2276,2261,2339,2182,2064,2188,2186,2187,2183,2185,1994,2272,2091,2204,2012,2115
2324: 2386,2293,2046,2241,2374,2217,2361,2362,2372,2363,2387,2291,2438,2215,2351,2299,2243,2325,2242,2424,2295,2423,2246,2300,2253,2216,2244,2347,2245,2044,2240,2381,2382,2344,2340,2277,2408,2437
2325: 2215,2351,2299,2243,2267,2333,2374,2266,2262,2394,2410,2217,2361,2362,2372,2363,2024,2330,2214,2218,2331,2311,2386,2293,2324,2046,2241,2219,2288,2246,2300,2253,2216,2244,2312,2347,2245,2044,2240,2381
2326: 1445,2390,410,2350,1773,918,1530,2407,2442,2071
2407: 2442,2071,2350,1773,918,1445,2390,2326,1530
2328: 540,490,2425,2192,2397,2435,2405,2195,2193,2002,2332,2395,2391,2066,2428
2329: 2197,2275,2345,2338,2404,2196,2191,2195,2193,2002,2332,2395,2391,2066,2428,2281,2132,2237,2279,2139,2280,2335,2271,2260,2199,2145,2198,2254
2330: 2024,2214,2218,2331,2311,2419,2310,2378,2380,2379,2416,2265,2365,2263,2409,2333,2374,2266,2262,2394,2040,2309,2308,2016,2221,2368,2215,2351,2299,2243,2325,2267,2131,2225,2154,2238,2219,2288,2289,2250,2252,2300,2216
2331: 2024,2330,2214,2218,2311,2419,2380,2265,2365,2263,2409,2333,2374,2262,2394,2309,2308,2016,2221,2368,2215,2351,2299,2243,2325,2267,2226,2251,2131,2225,2154,2238,2219,2288,2289,2250,2252,2246,2300,2216,2244,2312
2332: 2395,2391,2066,2428,2192,2397,2435,2328,540,2195,2193,2002,2329,2197,2335,2271,2151,2354,2422
2333: 2265,2365,2263,2409,2364,915,2392,2413,2334,2380,2374,2266,2262,2394,2410,2040,2309,2308,2016,2368,2024,2330,2214,2218,2331,2311,2215,2351,2299,2243,2325,2267
2334: 1701,2392,2413,1671,1700,2364,2373,2268,2411,2441,2263,2409,2333,2374,2266,2262,2394,2410,2040,2217,2361,2362,2372,2363
2335: 2271,2151,2195,2193,2002,2332,2395,2391,2066,2428,2329,2197,2354,2422,2260,2199,2145,2254,2125,2412
2336: 2070,2274,911,2369,1690,2146,1337,2069
2337: 2342,2094,2282,2276,2261,2339,2089,2246,2253,2244,2312,2347,2245,2044,2240,2381,2234,2110,2283,2159,2345,2338,2404,2258,2181,2149,2323,2170,2045,2272,2201,2140,2091,2204,2281,2279,2139,2280
2338: 2275,2345,2404,2196,2191,2347,2245,2044,2240,2381,2382,2344,2340,2277,2408,2437,2192,2397,2405,2342,2094,2337,2282,2276,2261,2339,2089,2195,2193,2002,2272,2201,2091,2281,2132,2237,2279,2139,2280,2329,2197
2339: 2342,2094,2337,2282,2276,2261,2089,2246,2253,2244,2347,2245,2044,2240,2381,2382,2344,2340,2277,2408,2437,2234,2110,2283,2275,2345,2338,2404,2196,2191,2258,2181,2323,2272,2201,2091,2281,2237,2279,2139,2280
2340: 2382,2344,2277,2408,2437,2386,2324,2046,2242,2424,2295,2388,2423,490,2425,2440,2245,2044,2381,2192,2397,2435,2405,2094,2339,2275,2338,2404,2191,2195,2193,2002
2341: 2321,2420,2156,2319,2322,2314,2357,2158,2352,2414,2355,2356,2419,2310,2380,2379,2178,2400,2315,2313,2055,2309,2308,2016,2221,2368,2316,2180,2317,2278,2318,1961,2155,2353,2235,2205,2226,2251,2131,2225,2154,2238
2342: 2094,2337,2282,2276,2261,2339,2089,2345,2338,2258,2091
2348: 2209,2233,2168,2303,2399,2298,2166,2384,2385,2383,2287,2418,2360,2426,2421,2366,1997,2208,2359
2349: 2165,2290,2031,2436,2343,2212,2213,2211,1936,1967,2203,2393,1976,2096,2087,2050,583
2350: 1773,918,926,1445,2390,2326,2407,2442,2071
2351: 2215,2299,2243,2325,2267,2333,2374,2266,2262,2394,2217,2362,2024,2330,2214,2218,2331,2311,2293,2324,2241,2219,2288,2289,2252,2246,2300,2253,2216,2244,2312,2347,2044,2240
2352: 2357,2158,2414,2355,2356,2402,2431,2434,2179,2222,2376,2429,2417,2433,2375,2152,2427,2403,2320,2415,2406,2419,2157,2310,2378,2380,2379,2416,2178,2400,2055,2321,2341,2420,2156,2319,2322,2314,2308,2221,2368
2354: 2422,2332,2395,2391,2066,2335,2271,2151,2254,2239,2125,2412
2355: 2357,2158,2352,2414,2356,2402,2431,2179,2222,2376,2429,2417,2433,2152,2403,2320,2415,2406,2419,2157,2310,2378,2380,2379,2416,2178,2400,2315,2313,2055,2321,2341,2420,2156,2319,2322,2314,2308,2016,2221,2368
2356: 2357,2158,2352,2414,2355,2402,2431,2434,2179,2222,2376,2429,2417,2433,2152,2403,2320,2415,2406,2419,2157,2310,2378,2379,2416,2178,2400,2315,2313,2055,2321,2341,2420,2319,2322,2314,2221,2368
2357: 2158,2352,2414,2355,2356,2402,2431,2222,2376,2417,2433,2152,2320,2415,2406,2419,2157,2310,2378,2380,2379,2416,2178,2400,2315,2313,2055,2321,2341,2420,2156,2319,2322,2314,2309,2308,2016,2221,2368
2358: 2173,2088,2370,2239
2359: 2208,2209,2233,2168,2348,2166,2384,2385,2383,2426,2421,2366,1997,2367,2346,2105,2231,2207,2213,2211,2210,2232,2167,2103,2120
2360: 2287,2418,2209,2233,2168,2348,2426,2421,2366,1997,2207,2211
2361: 2217,2362,2372,2363,2392,2413,2334,2373,2268,2411,2441,2294,2374,2266,2262,2394,2410,2040,2439,2387,2291,2438,2292,2299,2243,2325,2267,2386,2293,2324,2046,2241
2362: 2217,2361,2372,2363,2392,2413,2334,2373,2268,2411,2294,2374,2266,2262,2394,2410,2040,2439,2387,2292,2215,2351,2299,2243,2325,2267,2386,2293,2324,2046,2241
2363: 2217,2361,2362,2372,2392,2413,2334,2373,2268,2411,2441,2294,2374,2266,2262,2394,2410,2040,2439,2387,2291,2438,2292,2299,2243,2325,2267,2386,2293,2324,2046
2364: 1671,1700,915,2377,853,1677,2433,2375,2152,2427,1701,2392,2413,2334,2419,2157,2310,2378,2380,2379,2416,2265,2365,2263,2409,2333,2374,2266,2262,2394,2410,2040
2365: 2265,2263,2409,2333,2433,2375,2152,2427,1671,1700,2364,915,2392,2419,2157,2310,2378,2380,2379,2416,2374,2266,2262,2394,2410,2040,2309,2308,2016,2221,2368,2024,2330,2214,2218,2331,2311,2299,2267
2366: 2426,2421,1997,2209,2233,2168,2348,2287,2418,2360,2208,2359,2212,2207,2213,2211,2210
2367: 2346,2105,2231,2298,2166,2384,2385,2383,2389,2304,2302,2178,2400,2315,2313,2208,2359,2190,2316,2180,2317,2278,2318,2210,2232,2167,2103,2120,2202,2143,2270
2369: 2371,2336,2070,2257,2069
2370: 2173,2358,2088,2239,2125,2412,2161,2117
2371: 513,2369,2257,2069
2372: 2217,2361,2362,2363,2413,2334,2373,2268,2411,2441,2294,2374,2266,2262,2394,2410,2040,2439,2387,2291,2438,2292,2299,2243,2325,2386,2293,2324,2046,2241,2242,2424,2295,2388
2373: 2268,2411,2441,2392,2413,2334,2294,2266,2394,2410,2040,2217,2361,2362,2372,2363,2439,2387,2292
2374: 2266,2262,2394,2410,2040,2364,915,2392,2413,2334,2265,2365,2263,2409,2333,2217,2361,2362,2372,2363,2024,2330,2214,2218,2331,2311,2215,2351,2299,2243,2325,2267,2386,2293,2324,2241
2375: 2433,2152,2427,2377,853,1677,2222,2376,2429,2417,1671,1700,2364,915,2352,2414,2419,2157,2310,2378,2380,2379,2416,2265,2365,2263,2409
2376: 2222,2429,2417,2377,2402,2431,2434,2179,2433,2375,2152,2427,2320,2415,2406,2357,2158,2352,2414,2355,2356,2419,2157,2310,2378,2380,2379,2416
2378: 2419,2157,2310,2380,2379,2416,2222,2376,2429,2417,2433,2375,2152,2427,2364,915,2357,2158,2352,2414,2355,2356,2265,2365,2263,2409,2321,2420,2319,2322,2309,2308,2016,2221,2368,2330,2218
2379: 2419,2157,2310,2378,2380,2416,2222,2376,2429,2417,2433,2375,2152,2427,2364,915,2357,2158,2352,2414,2355,2356,2265,2365,2263,2409,2321,2341,2420,2319,2322,2309,2308,2016,2221,2368,2330
2380: 2419,2157,2310,2378,2379,2416,2376,2429,2417,2433,2375,2152,2427,2364,915,2357,2158,2352,2414,2355,2265,2365,2263,2409,2333,2321,2341,2420,2319,2322,2309,2308,2016,2221,2368,2330,2214,2218,2331
2381: 2347,2245,2044,2240,2243,2325,2386,2293,2324,2046,2241,2242,2424,2295,2423,2246,2300,2253,2244,2382,2344,2340,2277,2408,2437,2234,2110,2094,2337,2282,2276,2261,2339,2089,2275,2345,2338,2404,2196,2191
2382: 2344,2340,2277,2408,2437,2386,2293,2324,2046,2241,2242,2424,2295,2388,2423,490,2425,2440,2347,2245,2044,2240,2381,2192,2397,2435,2405,2094,2282,2276,2339,2089,2275,2345,2338,2404,2196,2191,2195,2193,2002
2383: 2298,2166,2384,2385,2303,2399,2306,2301,2307,2305,1989,2209,2233,2168,2348,2389,2304,2302,2421,1997,2208,2359,2367,2346,2105,2231
2384: 2298,2166,2385,2383,2303,2399,2306,2301,2307,2305,1989,2209,2233,2168,2348,2389,2304,2302,2421,1997,2208,2359,2367,2346,2105,2231
2385: 2298,2166,2384,2383,2303,2399,2306,2301,2307,2305,1989,2209,2233,2168,2348,2304,2302,2421,1997,2208,2359,2367,2105,2231
2386: 2293,2324,2046,2241,2374,2266,2410,2217,2361,2362,2372,2363,2439,2387,2291,2438,2292,2299,2243,2325,2242,2424,2295,2388,2423,2246,2244,2245,2044,2381,2382,2344,2340,2408,2437
2387: 2439,2291,2438,2292,2373,2411,2441,2294,2217,2361,2362,2372,2363,2296,2386,2293,2324,2046,2241,2242,2424,2295,2388,2423,490,2425,2440
2388: 2242,2424,2295,2423,2372,2439,2387,2291,2438,2292,2296,2386,2293,2046,490,2425,2440,2382,2344,2340,2408,2437,2192,2397,2405
2389: 2304,2302,2303,2399,2306,2301,2307,2305,1989,2432,2320,2406,2298,2166,2384,2383,2178,2400,2315,2313,2055,2367,2346,2105,2231,2190,2316,2180,2317,2278,2318
2390: 1445,2326,410,2350,1773,918,1530,2407,2442,2071
2391: 2332,2395,2066,2428,2192,2397,2435,2328,540,2195,2193,2002,2329,2197,2335,2271,2151,2354,2422
2392: 1701,2413,2334,853,1677,1671,1700,2364,915,2373,2268,2411,2265,2365,2263,2409,2333,2374,2266,2262,2394,2410,2040,2217,2361,2362,2363
2393: 1936,1967,2203,2436,2343,2212,2349,2165,2290,2031,2096
2394: 2374,2266,2262,2410,2040,1671,1700,2364,915,1701,2392,2413,2334,2373,2268,2411,2265,2365,2263,2409,2333,2217,2361,2362,2372,2363,2024,2330,2218,2331,2311,2215,2351,2299,2243,2325,2267,2293
2395: 2332,2391,2066,2428,2397,2435,2328,2195,2193,2002,2329,2197,2335,2271,2151,2354,2422
2396: 2174,2286,1817,1790,2123,2398,2285
2397: 2192,2435,2405,2242,2424,2295,2388,2423,490,2425,2440,2382,2344,2340,2277,2408,2437,2328,540,2275,2338,2404,2196,2191,2195,2193,2002,2332,2395,2391,2066,2428
2398: 2123,2285,1790,2174,2396,2286
2399: 2303,2401,2306,2301,2307,2305,2430,1989,2432,2209,2233,2168,2348,2298,2166,2384,2385,2383,2389,2304,2302
2401: 2402,2431,2434,2179,2303,2399,2306,2301,2307,2305,2430,1989,2432,2403,2320,2415,2406
2402: 2431,2434,2179,2401,2222,2376,2429,2417,2306,2301,2307,2305,2430,1989,2432,2403,2320,2415,2406,2357,2158,2352,2414,2355,2356
2403: 2320,2415,2406,2401,2402,2431,2434,2179,2222,2417,2306,2301,2307,2305,2430,1989,2432,2158,2352,2414,2355,2356,2302,2400,2315,2055,2319
2404: 2275,2345,2338,2196,2191,2347,2245,2044,2240,2381,2382,2344,2340,2277,2408,2437,2397,2435,2405,2094,2337,2282,2276,2261,2339,2089,2195,2193,2002,2272,2201,2140,2091,2281,2132,2237,2279,2139,2280,2329,2197
2405: 2192,2397,2435,2242,2424,2295,2388,2423,490,2425,2440,2382,2344,2340,2277,2408,2437,2328,540,2275,2345,2338,2404,2196,2191,2195,2193,2002,2066,2428
2408: 2382,2344,2340,2277,2437,2386,2293,2324,2046,2241,2242,2424,2295,2388,2423,490,2425,2440,2347,2245,2044,2240,2381,2192,2397,2405,2094,2282,2339,2275,2338,2404,2193
2409: 2265,2365,2263,2333,2375,2427,1671,1700,2364,915,2392,2413,2334,2378,2380,2379,2416,2374,2266,2262,2394,2410,2040,2309,2308,2016,2368,2330,2214,2218,2331,2311,2299,2243,2267
2410: 2374,2266,2262,2394,2040,1671,1700,2364,915,1701,2392,2413,2334,2373,2268,2411,2441,2265,2365,2263,2409,2333,2217,2361,2362,2372,2363,2218,2299,2243,2325,2267,2386,2293
2411: 2373,2268,2441,2392,2413,2334,2294,2266,2262,2394,2410,2040,2217,2361,2362,2372,2363,2439,2387,2291,2438,2292
2412: 2125,2335,2271,2151,2354,2422,2254,2239,2161,2088,2370
2413: 1701,2392,2334,853,1677,1671,1700,2364,915,2373,2268,2411,2441,2263,2409,2333,2374,2266,2262,2394,2410,2040,2217,2361,2362,2372,2363
2414: 2357,2158,2352,2355,2356,2402,2431,2434,2179,2222,2376,2429,2417,2433,2375,2152,2427,2403,2320,2415,2406,2419,2157,2310,2378,2380,2379,2416,2178,2400,2313,2055,2321,2341,2420,2156,2319,2322,2314,2308,2016,2221,2368
2415: 2403,2320,2406,2401,2402,2431,2434,2179,2222,2376,2429,2417,2306,2301,2307,2305,2430,1989,2432,2357,2158,2352,2414,2355,2356,2178,2400,2315,2313,2055,2321,2420,2319,2322,2314
2416: 2419,2157,2310,2378,2380,2379,2222,2376,2429,2417,2433,2375,2152,2427,2364,915,2357,2158,2352,2414,2355,2356,2265,2365,2263,2409,2420,2322,2309,2308,2016,2221,2368,2330,2218
2417: 2222,2376,2429,2377,2402,2431,2434,2179,2433,2375,2152,2427,2403,2320,2415,2406,2357,2158,2352,2414,2355,2356,2419,2157,2310,2378,2380,2379,2416
2418: 2287,2360,2209,2233,2348,2426,2421,2366,1997,2436,2343,2212,2207,2213,2211
2419: 2157,2310,2378,2380,2379,2416,2222,2376,2429,2417,2433,2375,2152,2427,2364,915,2357,2158,2352,2414,2355,2356,2265,2365,2321,2341,2420,2156,2319,2322,2314,2309,2308,2016,2221,2368,2330,2218,2331
2420: 2321,2341,2156,2319,2322,2314,2320,2415,2406,2357,2158,2352,2414,2355,2356,2419,2157,2310,2378,2380,2379,2416,2178,2400,2315,2313,2055,2309,2308,2016,2221,2368,2316,2318,1961,2155,2353,2235,2226,2225,2154,2238
2422: 2354,2332,2395,2391,2066,2428,2335,2271,2151,2254,2125,2412
2423: 2242,2424,2295,2388,2387,2291,2438,2296,2386,2324,2046,490,2425,2440,2245,2044,2381,2382,2344,2340,2277,2408,2437,2192,2397,2435,2405
2424: 2242,2295,2388,2423,2372,2387,2291,2438,2296,2386,2293,2324,2046,2241,490,2425,2440,2347,2245,2044,2240,2381,2382,2344,2340,2277,2408,2437,2192,2397,2405
2425: 490,2440,2387,2291,2438,2296,2242,2424,2295,2388,2423,2382,2344,2340,2277,2408,2437,2192,2397,2435,2405,2328,540
2426: 2421,2366,1997,2209,2233,2168,2348,2287,2418,2360,2208,2359,2212,2207,2213,2211,2210
2427: 2433,2375,2152,2377,853,1677,2222,2376,2429,2417,1671,1700,2364,915,2352,2414,2419,2157,2310,2378,2380,2379,2416,2265,2365,2263,2409
2428: 2332,2395,2391,2066,2192,2397,2435,2405,2328,540,2195,2193,2002,2329,2335,2271,2151,2422
2429: 2222,2376,2417,2377,2402,2431,2433,2375,2152,2427,2415,2406,2352,2414,2355,2356,2419,2157,2310,2378,2380,2379,2416
2430: 2306,2301,2307,2305,1989,2432,2401,2402,2431,2434,2179,2303,2399,2403,2320,2415,2406,2298,2302,2400,2055
2431: 2402,2434,2179,2401,2222,2376,2429,2417,2306,2301,2307,2305,2430,1989,2432,2403,2320,2415,2406,2357,2158,2352,2414,2355,2356
2432: 2306,2301,2307,2305,2430,1989,2401,2402,2431,2434,2179,2303,2399,2403,2320,2415,2406,2298,2389,2304,2302,2178,2400,2315,2313,2055
2433: 2375,2152,2427,2377,2222,2376,2429,2417,2364,915,2357,2158,2352,2414,2355,2356,2419,2157,2310,2378,2380,2379,2416,2265,2365
2434: 2402,2431,2179,2401,2222,2376,2417,2306,2301,2307,2305,2430,1989,2432,2403,2320,2415,2406,2158,2352,2414,2356
2435: 2192,2397,2405,2242,2423,490,2425,2382,2340,2277,2437,2328,540,2275,2404,2196,2191,2195,2193,2002,2332,2395,2391,2066,2428
2436: 2343,2287,2418,2212,1936,1967,2203,2393,2349,2165,2290,2031
2438: 2439,2387,2291,2292,2411,2441,2294,2217,2361,2372,2363,2296,2386,2293,2324,2046,2242,2424,2295,2388,2423,490,2425,2440
2440: 490,2425,2439,2387,2291,2438,2292,2296,2242,2424,2295,2388,2423,2382,2344,2340,2277,2408,2437,2192,2397,2405,540
2441: 2373,2268,2411,2413,2334,2294,2266,2410,2217,2361,2372,2363,2439,2387,2438,2292