0: 63,49,92,25,51,31,74,42,9,23,78,8,13,66,43,90,76,57,34,7,41,28,37,68,21,14,99,38,35,22,17,85,10,45,1205,47,88,60,16,89,70,1
1: 63,49,92,0,25,51,21,14,99,38,35,22,17,19,1202,69,88,60,16,89,70,1203,62,30,5,1207,84,59,15,48,72,29,1208
2: 83,86,3,6,44,26,82,31,74,42,61,1204,1206,94,11,4,55,91,7,41,28,37,68
3: 6,77,64,44,26,82,83,2,86,31,74,42,61,1204,1206
4: 11,55,91,83,2,86,31,74,42,61,1206,79,94,7,41,28,37,68,96,40,75,73,85,10,45,1205,47
5: 1203,62,30,1207,21,14,99,38,35,22,17,19,1202,69,1,71,15,48,72,29,1208
6: 3,77,64,44,26,82,83,2,86,31,74,42,61,1204,1206
7: 41,28,37,68,83,2,86,31,74,42,61,1204,1206,9,23,78,8,13,66,11,4,55,91,63,49,92,0,25,51,40,75,73,85,10,45,1205,47,88,60,16,89,70
8: 9,23,78,13,66,44,26,82,98,56,33,65,46,95,67,39,31,74,42,61,1204,1206,43,90,76,57,34,7,41,28,37,68,63,49,92,0,25,51,21,14,99,38,22,17
9: 23,78,8,13,66,44,26,82,98,56,33,65,46,95,67,39,31,74,42,61,1204,1206,43,90,76,57,7,37,68,63,49,92,0,51,14,22
10: 85,45,1205,47,11,4,55,91,7,41,28,37,68,63,49,92,0,25,51,40,75,73,88,60,16,89,70,32,54,58,84,59
11: 4,55,91,83,2,86,31,42,94,7,41,28,37,68,40,75,73,85,10,45,1205,47
12: 93,64,80,44,26,82,98,56,33,65,46,95,67
13: 9,23,78,8,66,44,26,82,98,56,33,65,46,95,67,39,31,74,42,61,1204,1206,43,90,76,57,34,7,41,28,37,68,63,49,92,0,25,51,21,14,99,38,35,22,17
14: 21,99,38,35,22,17,9,23,78,8,13,66,43,90,76,57,34,53,20,52,63,49,92,0,25,51,19,1202,69,88,60,16,89,70,1,1203,62,30,5,1207
15: 48,72,88,60,16,89,70,1,1203,30,5,84,29,1208,81
16: 88,60,89,70,7,41,28,37,68,63,49,92,0,25,51,21,14,99,38,35,22,17,85,10,45,1205,47,1,24,54,58,84,59,15,48,72
17: 21,14,99,38,35,22,23,78,8,13,66,43,90,76,57,34,53,20,52,63,49,92,0,25,51,19,1202,69,88,16,89,70,1,1203,62,30,5,1207
18: 24,54,58,73,85,45,70,97,32,84,59,27,50
19: 1202,69,43,90,76,57,34,53,20,52,21,14,99,38,35,22,17,1,1203,62,30,5,1207,71
20: 53,52,95,67,39,36,43,90,76,57,34,21,14,99,38,35,22,17,19,1202,69
21: 14,99,38,35,22,17,23,78,8,13,66,43,90,76,57,34,53,20,52,63,49,92,0,25,51,19,1202,69,88,60,16,89,70,1,1203,62,30,5,1207
22: 21,14,99,38,35,17,9,23,78,8,13,66,43,90,76,57,34,53,20,52,63,49,92,0,25,51,19,1202,69,88,60,16,89,70,1,1203,62,5,1207
23: 9,78,8,13,66,44,26,82,98,56,33,65,46,95,67,39,31,74,42,61,1204,1206,43,90,76,57,34,7,41,28,37,68,63,49,92,0,25,51,21,14,99,38,35,22,17
24: 18,54,58,73,85,45,88,16,70,97,32,84,59,27,81,50
25: 63,49,92,0,51,42,23,78,8,13,66,43,90,76,57,7,37,68,21,14,99,38,35,22,17,85,10,45,1205,88,60,16,89,70,1
26: 44,82,77,64,80,93,12,3,6,98,56,33,65,46,83,2,86,31,74,42,61,1204,1206,9,23,78,8,13,66
27: 97,32,18,24,54,58,84,59,81,50
28: 7,41,37,68,83,2,86,31,74,42,1206,23,8,13,11,4,55,91,63,49,0,51,40,75,73,85,10,45,1205,47,16
29: 1208,1,1203,62,30,5,71,15,48,72
30: 1203,62,5,1207,21,14,38,35,17,19,1202,69,1,71,15,48,72,29,1208
31: 74,42,61,1204,1206,3,6,44,26,82,56,33,65,46,83,2,86,9,23,78,8,13,66,11,4,55,91,7,41,28,37,68,63,49,92,0,51
32: 97,40,75,73,85,10,45,47,18,24,54,58,27
33: 98,56,65,46,64,80,93,12,87,44,26,82,95,67,39,31,74,42,61,1204,1206,9,23,78,8,13,66,43,90,76,57,34
34: 43,90,76,57,33,65,95,67,39,36,23,78,8,13,66,53,20,52,92,0,21,14,99,38,22,17,19,1202,69
35: 21,14,99,38,22,17,23,13,43,57,53,20,63,49,92,0,25,19,1202,69,88,16,89,70,1,1203,62,30,5,1207
36: 87,95,67,39,43,90,76,57,34,53,20,52
37: 7,41,28,68,83,2,86,31,74,42,61,1204,1206,9,23,78,8,13,66,11,4,55,91,63,49,92,0,25,51,40,75,73,85,10,45,1205,47,88,60,16,89,70
38: 21,14,99,35,22,17,23,78,8,13,66,43,90,76,57,34,53,20,52,63,49,92,0,25,51,19,1202,69,88,60,16,89,70,1,1203,62,30,5,1207
39: 95,67,87,98,56,33,65,36,9,23,78,8,13,66,43,90,76,57,34,53,20,52
40: 75,73,11,4,55,91,7,41,28,37,68,85,10,45,1205,47,32,54
41: 7,28,37,68,83,2,86,31,74,42,61,1204,1206,23,78,8,13,11,4,55,91,63,49,92,0,51,40,75,73,85,10,45,1205,47,16
42: 31,74,61,1204,1206,3,6,44,26,82,56,33,65,46,83,2,86,9,23,78,8,13,66,11,4,55,91,7,41,28,37,68,63,49,92,0,25,51
43: 90,76,57,34,98,56,33,65,46,95,67,39,36,9,23,78,8,13,66,53,20,52,63,49,92,0,25,51,21,14,99,38,35,22,17,19,1202,69
44: 26,82,77,64,80,93,12,3,6,98,56,33,65,46,83,2,86,31,74,42,61,1204,1206,9,23,78,8,13,66
45: 85,10,1205,47,11,4,55,7,41,28,37,68,63,49,92,0,25,51,40,75,73,88,60,16,89,70,32,18,24,54,58,84,59
46: 98,56,33,65,64,80,93,12,44,26,82,95,67,31,74,42,61,1204,1206,9,23,78,8,13,66,43,76
47: 85,10,45,1205,11,4,55,91,7,41,28,37,68,63,49,0,51,40,75,73,88,60,16,70,32,54,59
48: 15,72,88,16,89,70,1,1203,62,30,5,1207,84,29,1208
49: 63,92,0,25,51,31,74,42,61,1204,1206,9,23,78,8,13,66,43,90,76,57,7,41,28,37,68,21,14,99,38,35,22,17,85,10,45,1205,47,88,60,16,89,70,1
50: 81,18,24,54,58,84,27
51: 63,49,92,0,25,31,74,42,61,1204,1206,9,23,78,8,13,66,43,90,76,57,7,41,28,37,68,21,14,99,38,22,17,85,10,45,1205,47,88,60,16,89,70,1
52: 53,20,95,67,39,36,43,90,76,57,34,21,14,38,22,17,19,69
53: 20,52,95,67,39,36,43,90,76,57,34,21,14,99,38,35,22,17,19,1202,69
54: 18,24,58,40,75,73,85,10,45,47,16,70,97,32,84,59,27,50
55: 11,4,91,83,2,86,31,74,42,61,1204,1206,79,94,7,41,28,37,68,40,75,73,85,10,45,1205,47
56: 98,33,65,46,64,80,93,12,44,26,82,95,67,39,31,74,42,61,1204,1206,9,23,78,8,13,66,43,90,76,57
57: 43,90,76,34,98,56,33,65,95,67,39,36,9,23,78,8,13,66,53,20,52,63,49,92,0,25,51,21,14,99,38,35,22,17,19,1202,69
58: 18,24,54,73,85,10,45,1205,88,60,16,70,97,32,84,59,27,50
59: 84,85,10,45,1205,47,88,60,16,89,70,1,18,24,54,58,72,27
60: 88,16,89,70,7,37,63,49,92,0,25,51,21,14,99,38,22,85,10,45,1205,47,1,58,84,59,15,72
61: 31,74,42,1204,1206,3,6,44,26,82,98,56,33,65,46,83,2,86,9,23,78,8,13,66,4,55,91,7,41,37,68,49,51
62: 1203,30,5,1207,21,14,38,35,22,17,19,1202,69,1,71,48,72,29,1208
63: 49,92,0,25,51,31,74,42,1204,1206,9,23,78,8,13,66,43,90,76,57,7,41,28,37,68,21,14,99,38,35,22,17,85,10,45,1205,47,88,60,16,89,70,1
64: 80,77,93,12,3,6,44,26,82,98,56,33,65,46
65: 98,56,33,46,64,80,93,12,87,44,26,82,95,67,39,31,74,42,61,1204,9,23,78,8,13,66,43,90,76,57,34
66: 9,23,78,8,13,44,26,82,98,56,33,65,46,95,67,39,31,74,42,61,1204,1206,43,90,76,57,34,7,37,68,63,49,92,0,25,51,21,14,99,38,22,17
67: 95,39,93,12,87,98,56,33,65,46,36,9,23,78,8,13,66,43,90,76,57,34,53,20,52
68: 7,41,28,37,83,2,86,31,74,42,61,1204,1206,9,23,78,8,13,66,11,4,55,91,63,49,92,0,25,51,40,75,73,85,10,45,1205,47,88,16,89
69: 19,1202,43,90,76,57,34,53,20,52,21,14,99,38,35,22,17,1,1203,62,30,5,1207,71
70: 88,60,16,89,7,37,63,49,92,0,25,51,21,14,99,38,35,22,17,85,10,45,1205,47,1,18,24,54,58,84,59,15,48,72
71: 19,1202,69,1203,62,30,5,1207,29,1208
72: 15,48,88,60,16,89,70,1,1203,62,30,5,1207,84,59,29,1208,81
73: 40,75,11,4,55,91,7,41,28,37,68,85,10,45,1205,47,97,32,18,24,54,58
74: 31,42,61,1204,1206,3,6,44,26,82,98,56,33,65,46,83,2,86,9,23,78,8,13,66,4,55,91,7,41,28,37,68,63,49,92,0,51
75: 40,73,94,11,4,55,91,7,41,28,37,68,96,85,10,45,1205,47,32,54
76: 43,90,57,34,98,56,33,65,46,95,67,39,36,9,23,78,8,13,66,53,20,52,63,49,92,0,25,51,21,14,99,38,22,17,19,69
77: 64,3,6,44,26
78: 9,23,8,13,66,44,26,82,98,56,33,65,46,95,67,39,31,74,42,61,1204,1206,43,90,76,57,34,7,41,37,68,63,49,92,0,25,51,21,14,99,38,22,17
79: 94,86,4,55,91,96
80: 64,93,12,44,26,82,98,56,33,65,46
81: 50,24,84,15,72,27
82: 44,26,64,80,93,12,3,6,98,56,33,65,46,83,2,86,31,74,42,61,1204,1206,9,23,78,8,13,66
83: 2,86,3,6,44,26,82,31,74,42,61,1204,1206,94,11,4,55,91,7,41,28,37,68
84: 59,85,10,45,1205,88,60,16,89,70,1,18,24,54,58,15,48,72,27,81,50
85: 10,45,1205,47,11,4,55,91,7,41,28,37,68,63,49,92,0,25,51,40,75,73,88,60,16,89,70,97,32,18,24,54,58,84,59
86: 83,2,3,6,44,26,82,31,74,42,61,1204,1206,79,94,11,4,55,91,7,41,28,37,68
87: 33,65,95,67,39,36
88: 60,16,89,70,7,37,68,63,49,92,0,25,51,21,14,99,38,35,22,17,85,10,45,1205,47,1,24,58,84,59,15,48,72
89: 88,60,16,70,7,37,68,63,49,92,0,25,51,21,14,99,38,35,22,17,85,10,45,1205,1,84,59,15,48,72
90: 43,76,57,34,56,33,65,95,67,39,36,9,23,78,8,13,66,53,20,52,63,49,92,0,25,51,21,14,99,38,22,17,19,69
91: 11,4,55,83,2,86,31,74,42,61,1204,1206,79,94,7,41,28,37,68,96,40,75,73,85,10,1205,47
92: 63,49,0,25,51,31,74,42,9,23,78,8,13,66,43,90,76,57,34,7,41,37,68,21,14,99,38,35,22,17,85,10,45,1205,88,60,16,89,70,1
93: 12,64,80,44,26,82,98,56,33,65,46,95,67
94: 79,83,2,86,11,4,55,91,96,75
95: 67,39,93,12,87,98,56,33,65,46,36,9,23,78,8,13,66,43,90,76,57,34,53,20,52
96: 79,94,4,91,75
97: 32,73,85,18,24,54,58,27
98: 56,33,65,46,64,80,93,12,44,26,82,95,67,39,74,61,1204,9,23,78,8,13,66,43,76,57
99: 21,14,38,35,22,17,23,78,8,13,66,43,90,76,57,34,53,20,63,49,92,0,25,51,19,1202,69,88,60,16,89,70,1,1203,5,1207
100: 367,459,169
101: 163,395,466,105,420,189,263,294,443,454,276,306,281
102: 393,305,477,302,131
103: 427,267,413
104: 198,194,256,357,321,418,318,320,124,387
105: 420,142,119,166,143,189,263,294,443,392,306,101
106: 476,479,447
107: 455,380,460,155,127,239,453,489,496,471,280,400
108: 387,320,124,362,227,349
109: 210,421,372,211,457,137
110: 432,123,391,115,111,455,460,155
111: 123,115,461,432,110,233,155,229
112: 187,133
113: 258,166,189,443,454,276
114: 157,248,451,296,315
115: 123,439,461,432,110,111,233
116: 178,317
117: 241,292,298,412,195
118: 323,398,149,172,196
119: 299,403,142,166,105,189,263,443
120: 438,344,431,354,396,484,269
121: 201,360,207,458,275,385,331
122: 477,485,375,293,316,324
123: 391,439,184,115,432,110,111
124: 318,320,198,104,321,418,108,387,150,448,349
125: 319,444,141,482,253,401,497,300
126: 341,295,138,255,289
127: 229,460,155,436,107,489,496
128: 428,208,415,327,242
129: 361,164,311,355
130: 284,379,339
131: 393,305,102,285,236,151,375
132: 297,192,441,389,221,314,367,224,223
133: 112,213,187,421,459,210
134: 381
135: 465,168,427
136: 442,410,429,303,171,170
137: 109,211,457,252,495
138: 295,126,255,394
139: 170,494,200,323,445,288,277,186,398
140: 199,232
141: 204,440,468,493,313,482,125,319,444,253
142: 299,119,143,105
143: 142,105,420,399,392,306
144: 254,332,235,473,475,406,382
145: 336,197,492,308
146: 176,434,394,154,366,376
147: 350,351,242,271,249,369,258,191
148: 219,461
149: 398,277,118,464,172,328,181,196
150: 321,418,318,320,124,448,498
151: 175,236,375,131,285,324,296,234
152: 452,359,352,209,177,158,377
153: 388,438,356,190,396,353
154: 366,397,394,376,146,176,434
155: 460,432,110,111,455,127,229,239,107
156: 468,158,377,274,483,440,493,265,313
157: 114,248,208,415,451,327,296,315
158: 377,152,452,240,440,156
159: 370,469,279,426,202,217,430
160: 404,372,237,457,252,340
161: 314,389,221,333,346,367,224,223,378
162: 450,356,190,396,353,178,411,269
163: 395,101,466,420,189,263,294,443,454,276,306
164: 129,290,355,225
165: 363,193,205,408,410,197,429,303,171
166: 299,403,258,119,113,105,420,189,263,294,443,276
167: 490,348,474,329
168: 465,135,427
169: 459,210,100
170: 136,442,494,200,139
171: 429,303,165,363,408,410,197,136,203,423
172: 328,342,277,398,149,118,347,464,488,312,181,196,235,332
173: 183,216
174: 270,435,406,273,481
175: 236,151,375,293,316,324,296,234
176: 146,434,154,376
177: 209,352,409,152,291,377,274,483
178: 411,467,356,190,162,450,116
179: 
180: 250,424,226,371,490
181: 196,149,172,328,254,332,475
182: 379,339,251
183: 173,216
184: 230,246,281,247,123,439
185: 465
186: 277,200,139,323,445,462,288,398,488,312
187: 112,133,459
188: 200,445,462,288
189: 263,294,443,119,166,113,105,420,454,276,163,101
190: 396,353,153,356,178,411,162,450
191: 147,350,351,369,258
192: 441,389,221,297,217,430,132,346,314,224
193: 205,472,165,363,197
194: 422,275,446,256,357,198,104
195: 437,292,117,412,257,456
196: 181,149,118,172,328,342,254,332,475
197: 193,205,165,363,410,171,336,145,203,423
198: 104,194,422,446,256,357,321,318,124
199: 140,232
200: 170,188,139,445,462,288,186
201: 121,360,207,458,385
202: 279,426,159,370,469,228,373
203: 423,197,429,171,336,278
204: 141,240,486,440,468,313,482,444
205: 193,472,165,363,197
206: 402,273,417,304,345,283,330,245
207: 360,471,364,280,400,238,458,201,121
208: 415,128,428,451,327,157
209: 177,359,352,491,409,152,452,291
210: 109,133,421,459,211,457,169
211: 457,210,109,252,137,495
212: 240,486
213: 309,133,421
214: 497,300,437
215: 253,493,265,313,444,401
216: 183,173
217: 430,159,297,192,441,389,221,333,346,314
218: 325,243,275,385,331,422,256,357,321
219: 148
220: 309,404,372
221: 192,441,389,297,217,430,132,333,346,161,314,224,223
222: 345,283,390,245,322
223: 367,224,441,389,221,132,161,314
224: 367,223,192,441,389,221,132,161,314
225: 164,290,355
226: 180,371,490,491
227: 349,320,108,448,498,326,287
228: 202,373
229: 127,111,233,374,155,436
230: 246,399,281,247,184
231: 467,485
232: 140,199
233: 115,461,111,374,229
234: 285,175,236,151,375,296
235: 347,464,488,172,328,342,307,435,144,254,332,270
236: 175,151,375,131,285,293,324,296,234
237: 404,433,449,266,160,337,407,340
238: 107,489,496,280,400,360,207,261
239: 453,455,380,460,155,107,471,280,400
240: 486,158,212,440,204
241: 292,117,476,479,447
242: 128,428,451,327,315,271,147,350,351
243: 325,218,275,385,331,256,357
244: 487
245: 304,206,402,345,283,330,222
246: 230,399,306,281,247,184
247: 281,395,230,246,184
248: 114,157,415,285,451,327,296,315
249: 271,425,147,350,351,299,403,258
250: 424,289,255,376,180
251: 379,339,182
252: 160,211,457,137,495
253: 215,141,493,265,313,125,319,444,401,497
254: 144,332,328,181,196,235,473,475,406,382
255: 295,138,126,394,250,424,289,376
256: 357,275,194,325,243,218,198,104,321,418,318
257: 414,286,456,433,449,266,195,337,407,383
258: 249,147,350,403,191,166,113
259: 340,495
260: 269
261: 268,238,458,331,422
262: 272,315,369,478
263: 189,294,443,119,166,105,420,454,276,306,163,101,466
264: 
265: 493,313,156,468,215,253
266: 433,449,237,337,407,257,414,286,456
267: 103,413
268: 261,458,422,446
269: 396,120,484,162,260
270: 174,307,435,235,406,481
271: 249,242,425,147,350,351,403
272: 262,315,369,478
273: 481,174,304,206
274: 483,156
275: 385,331,458,121,194,422,325,243,218,256,357
276: 454,166,113,189,263,294,443,163,101
277: 186,139,323,445,462,288,398,149,464,488,312,172
278: 203,423
279: 426,202,334,159,370,469,373
280: 400,239,453,107,496,471,364,360,207
281: 247,399,306,395,101,466,230,246,184
282: 310,322,397,499
283: 345,417,405,206,402,390,245,222
284: 130,379,339
285: 131,236,151,375,248,296,234
286: 257,414,456,433,266,337,407,383
287: 227,349,498,326
288: 445,462,188,200,139,277,186,347,464,488,312
289: 250,424,126,255,394,376
290: 355,311,225
291: 352,491,348,409,474,209,177,470,483
292: 241,117,476,298,447,412,195
293: 316,324,122,175,236,375
294: 189,263,443,166,105,420,454,276,306,163,395,101,466
295: 138,341,126,255
296: 285,175,236,151,114,157,248,234
297: 343,217,430,192,441,389,221,132
298: 482,292,117,412
299: 425,249,403,142,119,166
300: 401,497,125,319,214
301: 
302: 477,102,485
303: 429,171,165,408,410,136,442,423
304: 273,481,206,402,330,245
305: 393,102,131
306: 143,105,420,263,294,399,392,163,395,101,466,246,281
307: 435,347,464,488,312,342,235,270
308: 492,336,145
309: 213,220,421,372
310: 282,322,397,499
311: 129,290,355
312: 347,464,488,445,462,288,277,186,398,172,342,307
313: 493,265,440,156,468,141,204,444,215,253
314: 161,217,192,441,389,221,132,333,346,367,224,223,378
315: 428,451,327,114,157,248,242,351,369,262,272
316: 293,324,122,175,375
317: 116,463
318: 320,124,256,198,104,321,418,150,448,349
319: 125,444,141,482,253,401,497,300
320: 318,124,104,418,108,387,150,448,227,349
321: 418,325,218,256,357,198,104,318,124,150,448
322: 390,222,282,310,397,499
323: 494,139,277,186,398,118
324: 293,316,122,175,236,151,375
325: 243,218,275,385,331,422,256,357,321
326: 498,448,227,349,287
327: 451,208,415,128,428,157,248,242,315
328: 172,342,149,347,464,488,181,196,435,235,254,332
329: 167,474,470
330: 304,206,245,341
331: 275,385,458,261,121,422,325,243,218,357
332: 144,254,172,328,342,181,196,235,473,475
333: 346,217,430,221,161,314,378
334: 362,279,469
335: 415
336: 145,197,492,203,423,308
337: 407,433,449,266,237,257,414,286,340,383
338: 358,386
339: 379,130,284,182,251
340: 160,237,337,407,259
341: 330,295,126
342: 172,328,347,464,488,312,196,307,435,235,332
343: 297
344: 438,431,354,368,120
345: 283,417,405,206,402,390,245,222
346: 333,217,430,192,441,389,221,161,314
347: 464,488,312,462,288,172,328,342,307,435,235
348: 491,409,371,490,167,352,474,291
349: 227,318,320,124,108,387,448,326,287
350: 147,351,242,271,249,369,403,258,191
351: 147,350,242,315,271,249,369,191
352: 359,491,348,409,152,209,177,291
353: 190,396,388,153,438,356,411,162,450
354: 431,368,344,120,484
355: 290,129,164,311,225
356: 388,153,467,190,396,353,178,411,162,450
357: 256,275,385,331,194,422,325,243,218,198,104,321
358: 338,386
359: 352,152,452,209
360: 207,471,364,280,400,238,458,201,121
361: 129
362: 108,387,334
363: 165,193,205,408,410,197,171
364: 471,453,280,400,360,207
365: 487,264,419
366: 154,397,499,394,376,146,434
367: 224,223,441,389,132,161,314,100
368: 431,354,344
369: 315,147,350,351,262,272,191
370: 159,469,279,426,202,373,430
371: 490,180,226,491,348
372: 309,220,421,160,109,457
373: 279,426,202,370,228
374: 461,233,229
375: 175,236,151,131,122,285,293,316,324,234
376: 255,394,154,366,250,289,146,176,434
377: 158,152,177,440,156,468
378: 333,346,161,314
379: 339,130,284,182,251
380: 455,460,239,453,107
381: 134,480
382: 144,254,473,475,406
383: 337,407,257,414,286
384: 463
385: 275,331,458,201,121,325,243,218,357
386: 338,358
387: 108,104,320,124,362,349
388: 153,438,356,353
389: 192,441,221,297,217,132,346,161,314,367,224,223
390: 417,405,345,283,222,322
391: 123,439,432,110
392: 399,143,105,420,306
393: 305,102,131
394: 138,499,255,154,366,289,376,146,434
395: 163,101,466,294,306,281,247
396: 190,353,153,438,356,120,411,162,450,269
397: 499,322,282,310,154,366
398: 149,139,323,277,186,118,464,488,312,172
399: 392,143,420,306,230,246,281
400: 280,239,453,107,489,496,471,364,238,360,207
401: 497,300,125,319,444,215,253
402: 206,417,304,345,283,245
403: 425,271,249,350,299,258,119,166
404: 220,160,237
405: 345,283,390
406: 144,254,473,174,270,382,481
407: 337,433,449,266,237,257,414,286,340,383
408: 410,165,363,429,303,171
409: 491,348,490,352,474,209,177,291
410: 408,165,363,197,429,303,171,136
411: 178,467,356,190,396,353,162,450
412: 298,482,292,117,195
413: 103,267
414: 257,286,456,433,266,337,407,383
415: 208,335,128,428,451,327,157,248
416: 
417: 206,402,345,283,390
418: 321,256,104,318,320,124,150,448
419: 365
420: 105,166,143,189,263,294,443,399,392,306,163,101,466
421: 213,309,133,372,210,109,457
422: 194,458,261,268,275,331,446,325,218,357,198
423: 203,197,429,303,171,336,278
424: 250,289,255,180
425: 271,249,299,403
426: 279,202,159,370,469,373
427: 135,465,168,103
428: 128,208,415,451,327,242,315
429: 303,171,165,408,410,136,442,203,423
430: 217,159,370,297,192,221,333,346
431: 354,368,344,120,484
432: 110,123,391,439,115,111,155
433: 449,266,237,337,407,257,414,286,456
434: 146,176,394,154,366,376
435: 307,347,464,488,328,342,235,174,270
436: 127,229,489,496
437: 195,214,456
438: 388,153,344,396,353,120
439: 123,391,184,115,432
440: 158,377,240,156,468,141,204,493,313
441: 192,389,221,297,217,132,346,314,367,224,223
442: 136,429,303,170
443: 189,263,294,119,166,113,105,420,454,276,163,101,466
444: 125,319,141,204,493,313,482,215,253,401
445: 462,288,188,200,139,277,186,312
446: 268,194,422,198
447: 106,476,479,241,292,449
448: 321,418,318,320,124,150,227,349,498,326
449: 433,266,447,237,337,407,257
450: 162,356,190,396,353,178,411
451: 327,208,415,428,114,157,248,242,315
452: 152,359,158
453: 239,455,380,460,107,471,364,280,400
454: 276,113,189,263,294,443,163,101
455: 380,110,460,155,239,453,107
456: 257,414,286,433,266,437,195
457: 211,421,372,160,210,109,252,137,495
458: 360,207,261,268,201,121,275,385,331,422
459: 187,133,210,100,169
460: 155,110,455,380,127,239,453,107,489
461: 148,115,111,233,374
462: 445,288,188,200,277,186,347,488,312
463: 317,384
464: 347,488,312,288,277,398,149,172,328,342,307,435,235
465: 168,185,135,427
466: 163,395,101,420,263,294,443,306,281
467: 231,356,178,411
468: 156,377,440,141,204,493,265,313
469: 159,370,334,279,426,202
470: 474,291
471: 364,239,453,107,280,400,360,207
472: 193,205
473: 475,144,254,332,406,382
474: 490,167,491,348,409,329,291,470
475: 473,181,196,144,254,332,382
476: 479,106,447,241,292
477: 302,102,485,122
478: 262,272
479: 476,106,447,241
480: 381
481: 273,174,270,406,304
482: 141,204,298,125,319,444,412
483: 274,177,291,156
484: 431,354,120,269
485: 477,302,231,122
486: 240,212,204
487: 244
488: 347,464,312,462,288,277,186,398,172,328,342,307,435,235
489: 496,460,127,436,107,400,238
490: 371,180,226,167,491,348,409,474
491: 348,409,226,371,490,352,474,209,291
492: 336,145,308
493: 265,313,440,156,468,141,444,215,253
494: 170,139,323
495: 211,457,252,137,259
496: 489,127,436,107,280,400,238
497: 401,300,125,319,253,214
498: 326,150,448,227,287
499: 397,322,282,310,394,366
500: 1044,955,746,578,1125,1158
501: 583,763
502: 810,626,1094,853,515,669,840
503: 851,1183,1069,961,1191
504: 703,827,1000,1023,1188,755,1163
505: 973,793
506: 840,510,738,1030,534,833
507: 712,918
508: 1159,574,825
509: 806,1133,962,537,1176
510: 738,1024,506,840,591,1030,534
511: 966,535,622,733,568,935
512: 611,863
513: 874,1158,1010,1052
514: 541,923,572,566,916,1043
515: 665,1046,626,1094,853,846,669,502,810
516: 777,630,583
517: 958,768,1127,661,980,886,1006,1085
518: 656,764,779,1098
519: 963,590,1032,1011,572
520: 686
521: 715,1029,687
522: 792,775,807,892,888,770,1108
523: 599,1053,702,571,695
524: 911,681,879,546
525: 1132,615,712
526: 612,1172
527: 905,1113,1031,928,615,602
528: 678,1117,653,529,744,548,545,1101,584
529: 977,762,653,744,548,528,678,1117
530: 1161,991,870,1137,715
531: 1148
532: 989,600,782
533: 951,1121,674
534: 1030,506,840,510,738,833,1150
535: 1125,597,734,1136,511,966
536: 1077,561,635
537: 1176,509,636,962,1016
538: 726,603,930,1021,1073
539: 706,737,766,555,1024,832,1054,978,1099
540: 939,727,630,583,763
541: 514,923,572,566,1043
542: 632,563,896,725,1027
543: 721,995,682,1015,985,580
544: 843,654,838,799
545: 1101,584,548,528,678,1117,680
546: 606,524,1192,585,802
547: 614,1120,1012,854,653,1127
548: 653,529,528,678,1117,545,1101
549: 684,902,1004
550: 1193,624,941,909,872,929,1013,590,1032,1011
551: 825,932,576,767
552: 661,980,662,824
553: 1092,895,776,751,996,887,1047,765
554: 988,970,891,619,1064,722,690
555: 927,766,1112,539,706,737,1024
556: 994,920,679,581,696,788
557: 1061,570,831,860,1185
558: 1137,698,870,1140,559
559: 558,1137,698,715,1140
560: 
561: 536,635
562: 1140,1181
563: 1142,1173,542,594,1130,896,725
564: 1056,1169
565: 837,662
566: 1164,929,877,831,590,1011,916,514,541,572
567: 1100,1145
568: 935,511,966,733
569: 785,1048,968,865,805
570: 1061,557,831
571: 702,1051,884,954,523,949,695
572: 514,541,923,590,1011,1164,566,519,1043
573: 819,588,578,813,774,1125,597,734
574: 634,628,508,1159,825
575: 808,971,666,922,882,1001,1023,640,1188
576: 767,551,932,1077,761
577: 1005,1123,1087,812,676
578: 1035,862,955,746,573,819,500,1044,597
579: 1181,747,1055
580: 543,682,1015,985,952
581: 679,1141,663,1162,696,556
582: 613,1013
583: 630,540,516,777,763,501
584: 545,1101,528,678,680
585: 1192,546,606,1161
586: 821,969,907,605,1019,1034
587: 1136,984,966
588: 573,819,813,774,597,734
589: 850,729,847,608
590: 1032,1011,550,929,877,1164,566,519,963,572
591: 1099,1054,510,738,937,1150
592: 
593: 704
594: 1130,1173,563,1142
595: 1103,1170,629
596: 852,1154,759
597: 734,578,573,819,588,813,774,1125,535
598: 1058,912,1079,924,868
599: 956,859,867,815,1053,954,702,523
600: 770,532
601: 714,823,700,794,866
602: 527,1113,928,1175,724
603: 538,726,930,1021
604: 1104
605: 586,1019,1034,757
606: 546,1196,1192,585
607: 1160,863
608: 1116,729,589,847,746,1178
609: 925,866,620,773,670,1124
610: 1147,897,1168
611: 1070,512
612: 526
613: 582,647
614: 1120,1012,829,618,977,547,653
615: 1132,527,1113,525,712
616: 1014,1066,828,731
617: 1122,699,1195,814
618: 829,614,1120,1012
619: 891,1064,554,988,722,690,918
620: 866,1146,609,925
621: 903,940
622: 511,733,781
623: 1020
624: 941,909,1193,877
625: 1144,1070
626: 1094,853,1038,665,927,515,669,502
627: 694,948,913,1014
628: 574,655
629: 595
630: 939,540,516,777,583
631: 1174,1145,649,567
632: 710,1067,1173,542
633: 915,849,987
634: 952,818,574
635: 1077,536,561,1018
636: 828,1078,1129,731,537,1176
637: 962
638: 764
639: 1068,997
640: 652,1089,1001,808,971,575,708
641: 1118,769,817,915,876,987,711
642: 1041,1015,985
643: 766
644: 949
645: 818,898
646: 
647: 1021,1073,801,1067,613
648: 795,1028,816,811
649: 1145,957,1100,1174,631
650: 957,1055,1174
651: 1039,1199,855,1114,1151
652: 640,1089,1001,808,971,708
653: 614,977,762,547,529,548,528,1117
654: 843,1189,544,799
655: 628,675,789
656: 518,764,779,1098
657: 953,917,664,721,995
658: 750,1168
659: 1131,1156
660: 1180,934
661: 980,517,958,552
662: 837,565,552
663: 1162,967,581,696,1072
664: 917,1004,657,953
665: 1046,960,626,1094,515
666: 849,922,882,1001,808,575
667: 899,834,875,861,857,1190,1057
668: 831,860,1185,916,797
669: 626,1094,853,515,1112,502,810,840
670: 609,925,773,1124
671: 798
672: 934,1193,872,550
673: 748,1179
674: 1121,1020,533,951
675: 701,974,655,789
676: 1005,1123,577,812
677: 1143,889,793,709,689,1076
678: 528,1117,529,744,548,545,1101,584,680
679: 581,920,556,994,788
680: 678,545,1101,584,692,926
681: 1010,1052,911,904,524,879
682: 721,995,543,985,580
683: 1109,946,1071,1152
684: 902,771,786,549,1004
685: 936,693
686: 520
687: 521,942,979
688: 950,1065
689: 677,1143,1076
690: 722,554,619,1064,918,719,914
691: 889,820,709,1143
692: 1090,926,680,771,728
693: 936,685
694: 627,948,913,1014,1066
695: 702,571,523,760
696: 663,1162,967,581,1072,556
697: 1091,763,758,837
698: 558,1137,870,715,559
699: 617,1122,1195,739
700: 601,823
701: 675,974,1007
702: 571,599,884,954,523,695
703: 504,827,1000,1163,913
704: 593,1088,834,844,875
705: 1152,754,865
706: 539,737,766,555,832,1054,978
707: 1026
708: 742,1147,1001,640,652,1089,897
709: 691,889,822,677,1143
710: 632,801,1067,1173
711: 987,1118,769,817,915,641,748
712: 525,615,507
713: 
714: 601,823,967,1072,794,866
715: 530,1137,698,1029,559,521
716: 1149,982,1075
717: 981,945,780
718: 933
719: 722,690,918,914
720: 1066,1129,731
721: 657,953,995,543,682
722: 690,554,988,891,619,1064,918,719
723: 1063,781
724: 602,1060,976,1175,1182
725: 896,542,1095,563,1142,1027,1126
726: 538,603,930
727: 939,1049,965,540
728: 1097,692,1090,926,771
729: 589,847,608,1116
730: 911,904,1196
731: 1129,616,1014,1066,636,828,1078,720
732: 919,826,799,1062,1138,892
733: 781,622,511,568,935,1063
734: 597,573,588,813,774,1125,535,1136
735: 1049
736: 
737: 539,706,766,555,1024,832,1054,978
738: 510,506,1099,591,1030,534,1150
739: 1110,1195,1122,699
740: 1059
741: 992,772,1197,1166,839,1110
742: 708,1147,987,1089,897
743: 1171,1082,782
744: 762,529,528,678,1117
745: 850,887,1035,862
746: 955,608,1116,578,1178,500,1044
747: 1181,579
748: 711,673,1179
749: 963,1095,1080
750: 658,1168
751: 996,1092,895,553
752: 1175,1086
753: 757,1194,783
754: 705,968,865
755: 1163,1188,504
756: 930,1021,801,1067
757: 605,783
758: 1091,883,697
759: 596,1002
760: 695
761: 1077,932,576,767,900
762: 787,977,653,529,744
763: 540,583,697,501,837
764: 638,779,656,518
765: 895,553,1047,1083
766: 643,555,539,706,737
767: 576,825,551,932,761
768: 1127,854,517,958,886
769: 1118,817,845,915,876,641,987,711
770: 1108,888,522,600
771: 692,1090,926,684,902,728,1097
772: 1197,1036,1166,1177,741,992,839
773: 609,670,1124
774: 813,573,819,588,597,734
775: 807,858,1138,888,522
776: 553,887,1047
777: 516,630,583
778: 858,838,919,1062,1138,807,892
779: 764,656,518,815,1098,1009
780: 981,717,975,1132
781: 733,622,935,723,1063
782: 532,743
783: 757,753
784: 944,1144,856,1134,1074
785: 569,1048,968,865,1022,805
786: 684,902,1004
787: 1012,977,762
788: 679,556,994,1146
789: 655,675,998,791,1135
790: 942,979
791: 789,1135,843
792: 522,892,989
793: 505,677
794: 866,601,714,823,925
795: 842,648,816,811
796: 983,1096
797: 1185,668
798: 1106,671
799: 826,544,654,919,1068,732
800: 802,933
801: 1067,1021,756,647,710
802: 546,606,800
803: 936
804: 993,1102,1199,855
805: 569,785,1048,974
806: 1133,964,509
807: 775,858,778,1062,1138,892,888,522
808: 971,575,666,922,1001,640,652,1188
809: 1017
810: 502,853,515,846,669,842
811: 795,648,1028,816,869
812: 1005,1123,577,676,988,891
813: 774,573,819,588,597,734
814: 1195,617
815: 779,859,599,1053,906
816: 795,648,833,811
817: 1118,769,845,915,876,641,987,711
818: 645,898,634
819: 573,588,862,578,813,774,597
820: 691,889
821: 586
822: 709,1131,910
823: 601,714,967,700,794
824: 552,1186
825: 574,508,1159,551,932,767
826: 799,919,1068,1062,732
827: 504,703,1000,1023,1163
828: 636,1078,616,1066,1129,731,1176
829: 1002,618,614,1120,1012
830: 878,950,1156,986
831: 570,557,860,1185,1164,566,916,668
832: 1054,978,539,706,737,1099,937
833: 506,840,1030,534,816
834: 844,1088,704,875,861,899,667,1190
835: 1033,990,1038,927
836: 1016
837: 763,697,565,662
838: 544,919,858,778,1062
839: 1110,772,1197,1166,1177,741,992
840: 506,1112,669,502,510,1030,534,833
841: 
842: 515,846,502,810,795
843: 791,544,654
844: 834,1088,704,899,1190
845: 1118,769,817,915
846: 1046,515,810,842
847: 729,589,608,1116,1178
848: 1128,903,940
849: 666,633,922,1001
850: 745,589,1035,862
851: 503,1183,1069,961
852: 596,1154
853: 626,1094,515,669,502,810
854: 894,1120,547,768,1127
855: 804,1102,1199,1039,651
856: 1134,1074,944,784
857: 1190,1191,899,667,1057,1107
858: 778,838,1062,1138,775,807,892
859: 956,867,815,599,1053
860: 1185,557,831,916,668
861: 875,834,899,667,1057
862: 1035,850,745,955,578,819
863: 512,1160,607
864: 
865: 968,705,754,569,785,1048,1022
866: 794,601,714,620,609,925
867: 956,859,1084,599
868: 1079,598
869: 1028,811,1139
870: 1161,991,1114,530,558,1137,698
871: 1184,975,1087,1119
872: 934,672,1193,550,1013
873: 1111,1104,1196,1192,1042
874: 1178,1158,1010,1052,513
875: 861,704,834,667
876: 769,817,885,641
877: 624,941,929,590,1011,1164,566
878: 830,950,1065,986
879: 911,904,1010,1052,681,524,1050
880: 997,989,1045
881: 1008
882: 922,666,575
883: 1091,894,758
884: 1051,954,1084,702,571,949
885: 1025,876
886: 768,1127,517,958,1006,1036,1085
887: 1047,776,553,745,1083
888: 775,807,522,770,1108
889: 691,820,709,677,1143
890: 1170,1173,1130
891: 619,1064,812,554,988,722
892: 858,778,1062,1138,732,807,522,792
893: 1157,908
894: 854,1120,883,1127
895: 1092,553,751,996,1047,765,1105
896: 725,542,563,1142,1027,1126
897: 708,742,1147,1089,610,1168
898: 645,818
899: 667,834,844,861,857,1190
900: 998,932,1135,761,1189
901: 
902: 684,771,786,549
903: 940,621,848,1141,1162
904: 911,730,1010,1052,681,879
905: 527,1113,1031,928
906: 815,1098,1009,1053
907: 969,999,586,1019,1034
908: 893,1157
909: 624,941,1193,550
910: 1131,822
911: 904,730,1010,681,524,879
912: 1058,1079,598
913: 703,1000,627,694,948,1014
914: 690,918,719
915: 845,1118,769,817,633,641,987,711
916: 831,860,1185,1164,566,668,514
917: 1004,664,657,953
918: 619,1064,507,722,690,719,914
919: 838,826,799,778,1062,1138,732
920: 679,556,994
921: 1197,1186,992
922: 882,666,849,1001,808,575
923: 514,541,572,963,1043
924: 598,990,1033
925: 609,794,866,620,670
926: 692,1090,680,771,728
927: 835,1038,626,555,1112
928: 1031,527,905,1113,602,976
929: 941,550,877,590,1032,1011,1164,566
930: 603,538,726,1021,756
931: 945
932: 825,551,998,576,767,900,761
933: 800,718
934: 672,1180,660,1193,872
935: 568,511,733,781,1063
936: 693,803,685
937: 832,1054,1099,591,1025
938: 1148,1037,1084,1051
939: 1049,727,630,540
940: 903,621,848,1162
941: 624,909,1193,550,929,877
942: 979,790,687
943: 1182,1040,1169
944: 784,1144,856,1074
945: 931,717,1167
946: 1122,683,1071,1152
947: 1070
948: 627,694,913
949: 1051,884,571,644
950: 830,878,688,1065,986
951: 533,1121,674
952: 1015,580,634
953: 657,917,664,721
954: 1051,884,1084,599,702,571
955: 746,862,578,500,1044
956: 859,867,599
957: 1055,650,1100,1174,1145,649
958: 517,768,1127,661,980,886
959: 
960: 665,1046
961: 1069,503,851
962: 509,637,537,1176,1016
963: 519,590,1032,923,749
964: 806,1133
965: 1115,727
966: 511,535,1136,587,568
967: 663,696,1072,714,823
968: 865,754,569,785,1048,1022
969: 907,999,586,1019,1034
970: 554,988
971: 808,575,1001,1023,640,652,1188
972: 1128,1198
973: 505
974: 805,675,701
975: 871,780,1132
976: 1060,928,982,1075,724,1182
977: 787,614,1012,762,653,529
978: 832,1054,539,706,737,1099
979: 942,790,687
980: 661,517,958,552
981: 717,780
982: 1075,1060,976,716,1182
983: 1096,796
984: 1136,587
985: 1015,543,682,642,580
986: 830,878,950,1065,1194
987: 711,769,817,915,633,641,742
988: 554,812,970,891,619,1064,722
989: 792,880,532
990: 924,835,1033
991: 1161,870,530
992: 741,772,1197,921,839,1110
993: 804,1102
994: 556,920,679,788,1146
995: 657,721,543,682
996: 751,1092,895,553,1105
997: 639,880,1045
998: 789,932,1135,900
999: 969,907
1000: 504,703,827,913
1001: 666,849,922,808,971,575,708,640,652
1002: 759,829
1003: 1154
1004: 917,684,786,549,664
1005: 1123,577,1087,812
1006: 1036,1085,517,886
1007: 701
1008: 881
1009: 1098,779,906
1010: 1052,681,874,911,904,513,879
1011: 590,1032,929,877,1164,566,519,572
1012: 614,1120,829,618,787,977,547
1013: 872,550,582
1014: 1066,913,627,694,616,731
1015: 985,543,642,580,952
1016: 962,537,1176,836
1017: 809
1018: 635
1019: 1034,586,969,907,605
1020: 674,623
1021: 603,538,930,1073,756,801,1067,647
1022: 968,865,785,1048
1023: 971,575,1188,504,827
1024: 555,1112,539,737,510
1025: 937,1150,885
1026: 707,516
1027: 542,1095,896,725,1080
1028: 648,811,869
1029: 715,521
1030: 534,506,840,510,738,833
1031: 928,527,905,1113
1032: 590,1011,929,519,963
1033: 835,924,990
1034: 1019,586,969,907,605
1035: 862,850,745,578
1036: 1006,1085,886,772,1197
1037: 1148,938,1155
1038: 835,927,626,1094
1039: 651,855,1151
1040: 943,1086
1041: 642
1042: 1165,873,1111,1192
1043: 514,541,923,572
1044: 500,955,746,578,1125
1045: 997,880
1046: 665,960,1094,515,846
1047: 887,776,1092,895,553,765,1083
1048: 569,785,968,865,1022,805
1049: 939,735,727
1050: 879
1051: 884,954,938,1084,571,949
1052: 1010,681,874,1158,904,513,879
1053: 859,815,599,906,523
1054: 832,978,539,706,737,1099,591,937
1055: 957,579,650,1100,1174
1056: 564,1169
1057: 861,667,857
1058: 912,1079,598
1059: 740
1060: 976,982,1075,724,1182
1061: 570,557
1062: 1138,838,919,826,858,778,732,807,892
1063: 723,733,781,935
1064: 891,619,554,988,722,690,918
1065: 688,878,950,986
1066: 1014,694,616,828,1078,1129,731,720
1067: 801,1021,756,647,632,710
1068: 826,799,639
1069: 961,503,851,1183,1191
1070: 947,625,611
1071: 1109,683,946,1152
1072: 663,967,696,714
1073: 538,1021,647
1074: 856,1134,944,784
1075: 982,1060,976,1149,716,1182
1076: 677,689
1077: 761,576,536,635
1078: 636,828,1066,1129,731,1176
1079: 1058,912,598,868
1080: 1095,749,1027
1081: 
1082: 743,1171
1083: 887,1047,765
1084: 1148,867,938,1051,884,954
1085: 1006,1036,517,886
1086: 752,1040
1087: 1119,871,1184,1005,1123,577
1088: 704,834,844
1089: 640,652,708,742,1147,897
1090: 692,926,771,728
1091: 883,697,758
1092: 895,553,751,996,1047
1093: 
1094: 626,853,1038,665,1046,515,669,502
1095: 749,725,1027,1080
1096: 983,796
1097: 728,771,1195
1098: 1009,779,656,518,906
1099: 591,539,832,1054,978,738,937,1150
1100: 957,1055,1174,1145,649,567
1101: 545,584,548,528,678,1117,680
1102: 804,1165,1199,855
1103: 1170,595
1104: 604,1196,873,1111,1192
1105: 895,996
1106: 798
1107: 857,1190
1108: 770,888,522,1157
1109: 683,1071
1110: 839,1166,741,992,739
1111: 873,1104,1192,1042
1112: 927,555,669,1024,840
1113: 527,905,1031,928,615,602
1114: 1161,651,870
1115: 965
1116: 608,729,847,746,1178
1117: 528,678,653,529,744,548,545,1101
1118: 769,817,845,915,641,711
1119: 1087,871,1184,1123
1120: 614,1012,829,618,854,894,547
1121: 674,533,951
1122: 617,699,1195,739,946
1123: 1005,577,1087,1119,812
1124: 609,773,670
1125: 573,500,1044,597,734,535
1126: 1142,896,725
1127: 768,854,894,547,517,958,886
1128: 972,1198,848
1129: 731,1066,636,828,1078,720
1130: 594,890,1173,563,1142
1131: 910,822,659
1132: 975,780,525,615
1133: 806,964,509
1134: 856,1074,784
1135: 789,998,791,900,1189
1136: 734,535,984,966,587
1137: 558,698,870,530,715,559
1138: 1062,919,858,778,732,775,807,892
1139: 869
1140: 558,559,562
1141: 903,1162,581
1142: 563,594,1130,896,725,1126
1143: 677,691,889,709,689
1144: 944,784,625
1145: 649,957,1100,1174,567
1146: 994,788,620
1147: 708,742,1089,610,897
1148: 531,1037,938,1084
1149: 716,1075
1150: 1099,591,738,534,1025
1151: 1039,651
1152: 683,946,1071,705
1153: 
1154: 1003,596,852
1155: 1037
1156: 659,830
1157: 1108,893,908
1158: 1178,500,874,1052,513
1159: 508,574,825
1160: 607,863
1161: 991,1165,585,1114,870,530
1162: 663,903,940,1141,581,696
1163: 755,1188,504,703,827
1164: 566,929,877,831,590,1011,916,572
1165: 1042,1102,1161
1166: 1177,772,741,839,1110
1167: 945
1168: 610,897,658,750
1169: 943,564,1056
1170: 1103,890,595
1171: 743,1082
1172: 526
1173: 632,710,890,594,1130,563
1174: 650,957,1055,1100,1145,649
1175: 602,724,752
1176: 537,509,636,828,1078,962,1016
1177: 1166,772,839
1178: 847,608,1116,746,874,1158
1179: 748,673
1180: 660
1181: 747,562,579
1182: 1060,976,982,1075,943
1183: 503,851,1069
1184: 871,1087,1119
1185: 860,557,831,916,668,797
1186: 824,921
1187: 
1188: 808,971,575,1023,504,755,1163
1189: 1135,900,654
1190: 857,834,844,1191,899,667,1107
1191: 1069,503,857,1190
1192: 1104,1196,873,1111,546,606,1042,585
1193: 934,672,624,941,909,872,550
1194: 986
1195: 1097,739,617,1122,699,814
1196: 730,1104,873,1192,606
1197: 772,1036,921,741,992,839
1198: 1128,972
1199: 804,1102,855,651
1202: 19,69,43,57,34,53,20,21,14,99,38,35,22,17,1,1203,62,30,5,1207,71
1203: 62,30,5,1207,21,14,99,38,35,22,17,19,1202,69,1,71,15,48,72,29,1208
1204: 31,74,42,61,1206,3,6,44,26,82,98,56,33,65,46,83,2,86,9,23,78,8,13,66,55,91,7,41,37,68,63,49,51
1205: 85,10,45,47,11,4,55,91,7,41,28,37,68,63,49,92,0,25,51,40,75,73,88,60,16,89,70,58,84,59
1206: 31,74,42,61,1204,3,6,44,26,82,56,33,46,83,2,86,9,23,78,8,13,66,4,55,91,7,41,28,37,68,63,49,51
1207: 1203,62,30,5,21,14,99,38,35,22,17,19,1202,69,1,71,48,72,1208
1208: 29,1,1203,62,30,5,1207,71,15,48,72