1574: 1605,1612,1067,1069,1620
543: 
1068: 1632,1656,1630,1655,1659,1653,1654,1657,1658,1640,1638,1627,1619,1624
1141: 1656,1630,1655,1659,1653,1654,1657,1658,1100,1703,1720
1543: 475,1349
566: 
949: 
1581: 1562,556
1445: 1530,2148,2224,2498,2499,410,2407,2071,2442,589,2470,1551,1414
1701: 2040,2392,2410,1671,2413,2266,1700,2394
977: 
1519: 1564,1430,1531,1499,1571,1479,1554,1450,1476,1588
1373: 1467
1572: 1527,1601,1397,1458
1394: 1379,1415,1365,1501,1345,1317,1346,1431
535: 943
1939: 2515,2021,2518
1459: 1525,1501,1376
1509: 1357,1501,1345,1393,1376,482
583: 2050,2031,1976,2290,2096,2164,2104,2087
1619: 1640,1638,1627,1644,1624,1646,1632,1068,1731,1521,1655,1659,1653,1657,1636,1645,1639
1376: 1501,1345,1317,1525,1459,1509,1357
900: 
1520: 1495
1337: 911,596,2336,2070,1690,2146,2274,1487,822
500: 
520: 
1393: 1346,1426,1431,1345,1317,1461,1509,1395
1602: 1532,1477,1341
1623: 1053,1618,1065,1083,1615,492,1066,1662,1651
562: 
509: 2450,2451,490
1174: 1062
822: 1487,1337,1690,2274
947: 
563: 541
985: 1503,1404
1450: 1519,1564,1430,1531,1478,1506,1476,1588
2261: 2342,2276,2337,2282,2339,2094,2244,2253,2246,2240,2245,2044,2347,2381,2234,2110,2283,2159,2275,2345,2338,2404,2089,2258,2181,2149,2045,2323,2187,2272,2091,2281,2132,2279,2139,2280
1556: 1576
995: 502,1979,1883
551: 
1532: 1602,1477,1341
957: 
1540: 1499,1571,1479,1554
1687: 454,1668,1637,1496,1660
961: 987
495: 
1456: 1387,1419,1557
968: 
1718: 1765,1713,1694,1714
929: 
939: 
905: 
1461: 1346,1393,1426,1431,1395
552: 1424,1672
572: 
1506: 1478,903,1450
560: 2014,2506
504: 
1479: 1540,1499,1571,1554,1519,1564,1430,1531
61: 1460
539: 
558: 
1527: 1572,1601,1397,1458
1495: 1520
2145: 2199,2198,2260,2281,2132,2237,2279,2329,2197,2335,2271,2254,2236,2043,2098,2042,2097,580,2161
922: 
589: 2442,2470,1530,1445,2407,2071,1551,1414,1477,1341
1874: 2509,1872,2528,1926,2516,1933,1951,2486,2504,2489,1830,1882,1884
1600: 1789
598: 1841,586,1804,1860,1834,1730,1870
1202: 1682
1781: 1752,1766
587: 
515: 988
1571: 1540,1499,1479,1554,1519,1564,1430
569: 2052,2029,1972,2015,946
996: 1798,1740
1823: 1940,1965,1941,1904,1920,1848
1690: 596,1337,2274,1487,822
916: 2358,2173
1172: 1136,1635,1617,1268,1326
1605: 311,1005,1574,1612,1067
591: 
926: 918,1773,2350
1487: 822,1337,1690,2274
1513: 1548
532: 555
944: 
582: 
1295: 
948: 
1349: 475,1543
1064: 1088
588: 2444,2481,2483,2491,2303,2458,2482,2460,2209,2446,2447,2443,2168,1989,2399,2479,2459
1253: 1278,1869,700,1009
994: 
1518: 
1496: 1660,1668,1687,454
1869: 700,1009,1253,1278
593: 
1426: 1346,1393,1431,1415,1345,1317,1461,1395
544: 
908: 1633,1625,237,1629
1606: 1851,1835,1877,1844,1853,1871,1769,1771,1810
955: 
1346: 1393,1426,1431,1379,1394,1415,1365,157,1345,1317,1461,1395
906: 1953
1635: 153,1617,1172,1136,1268,1326
581: 
498: 
932: 
575: 1917,1922,1919,1910,1890,1843,1803
993: 1740
1646: 1640,1638,1627,1619,1644,1624,1655,1636,1645,1639
531: 
1395: 1346,1393,1426,1431,1461
2526: 2494,1842,1871,1838,1835,2502,1915,1796,1717
513: 2371,2525,2257
1278: 1253,1869,700,1009
1387: 1456,1419,1557
2520: 1934,1938,1914,2508,1933,2486,2504,2489,1882,1884,1838,2501,2502,1907,1879,1858,1820,927,1915,2496
1671: 1701,2040,2392,2410,2413,2266,853,1677,2488,2464,2462,2465,1700,2364,2334,2454,2263,2409,2394,2262
1458: 1397,1527,1572,1514,1474
506: 
975: 
911: 2336,2070,1337
555: 532
597: 
979: 
988: 515
963: 
1684: 1268,1326,1663
538: 
951: 
1348: 1402
536: 
592: 
1063: 1618,1065,1609,1083,1615,1612,1067,1069,1620,492,1731,1521
1562: 1581,556
1569: 
986: 
559: 
586: 1841,598,1834,1730,1870,1863,1807
903: 1478,1506
1589: 1732,549
596: 1337,1690
1670: 1743,1722,1723,1698,1713
557: 311,1005
580: 2097,2145,2198,2161,2206,2239,2117
537: 
978: 
153: 1635,1617,1136,1268,1326
980: 
1974: 1942,946,1963,1921
568: 1966,2030,2018,2061,2116,2067,1950
157: 1476,1588,1379,1415,1365,1317,1346,1431
965: 1891,1793
1860: 1834,1730,1804,598
902: 
556: 1581,1562
1503: 1404,985
1430: 1519,1564,1531,1571,1479,1554,1450,1476,1588
541: 563
594: 
166: 1015
1708: 1746
507: 1760,1797,1970
700: 1009,1869,1253,1278
1528: 1592
519: 
550: 
1547: 1580
574: 
940: 
1065: 1618,1063,1609,1083,1615,1612,1067,1069,1620,492,1731,1521,1066,1623
1837: 1783
923: 
1062: 1174,969
1053: 1623,1066,1662,1651
901: 
501: 
1588: 1476,1519,1564,1430,1531,1450,1379,1415,1365,157
992: 
1290: 
534: 1818,1978
967: 
573: 
547: 
976: 
919: 997
1415: 1379,1394,1365,1557,1588,157,1501,1345,1317,1346,1426,1431
1565: 1585,1702
590: 2003,1995,2018,2061,2067,1950,1999,2020,1931
1625: 237,945,1633,908,1629
1514: 1474,1397,1458
962: 
927: 1934,1938,1914,2508,2520,2502,1879,1858,1820,1915,2496
1578: 1388
584: 
934: 
1531: 1519,1564,1430,1479,1554,1450,1476,1588
953: 
1197: 1664,1650,1686
973: 526
517: 
982: 
1357: 1509,1501,1345,1376,482
924: 1742
1891: 1793,965
1424: 1672,552
990: 
578: 
1341: 1477,2407,2071,2442,589,2470,1551,1414,1532,1602
1149: 1184
1388: 1578
1502: 1536
914: 
1419: 1557,1456,1387,1379,1365
1693: 1707,1725,1754,1723,1698
1607: 232
925: 
1521: 1731,1618,1063,1065,1609,1066,1627,1619,1636,1645
1100: 1656,1141,1703,1720
2107: 2150,2184,2185,2183,2238,2251,2131,2225,2154,2219,2288,2312,2250,2252,2289,2244,2300,2253,2216,2246,2259,2138,2249,2256,2162,2247,2129,2248,2234,2110,2283,2159,2163,2062,2160,2182,2064,2188,2186,1994,2175,2258,2181,2149,2323,2187
941: 
1659: 1630,1655,1653,1654,1657,1658,1632,1068,1656,1640,1638,1627,1619,1624,1141,1639
912: 549
950: 
943: 535,508
1443: 1598
232: 1607
1742: 924,1699
1551: 1414,1530,1445,410,2442,589,2470,1477,1341
1404: 1503,985
579: 
237: 1625,945,1633,908,1629
508: 943
920: 
1379: 1394,1415,1365,1419,1557,1476,1588,157,1345,1317,1346,1431
599: 
1580: 1547
514: 
1476: 1588,1554,1519,1564,1430,1531,1450,1379,1365,157
971: 
972: 
1557: 1419,1456,1387,1379,1415,1365
1583: 1603
1585: 1565,1702
1402: 1348
1576: 1556
1345: 1317,1379,1394,1415,1365,1501,1346,1393,1426,1431,1376,1509,1357
1526: 1561
2281: 2132,2237,2279,2139,2280,2276,2337,2339,2261,2094,2275,2345,2338,2404,2089,2002,2193,2191,2196,2272,2091,2329,2197,2140,2201,2236,2043,2145,2199,2198,2260
512: 2370,2125,2412,2521
942: 
571: 
1478: 1506,903,1450
1501: 1394,1415,1345,1317,1525,1459,1376,1509,1357
1563: 
928: 
1499: 1540,1571,1479,1554,1519,1564
567: 
528: 
909: 
1467: 1373
524: 2059,2033,2004,2057,2039
998: 467,938
853: 1677,2377,2476,2475,2523,2488,2464,2433,2375,2427,2512,2465,1700,2364,2040,2392,1671,2413
585: 
523: 
1525: 1459,1501,1376
915: 2419,2416,2310,2378,2376,2433,2375,2152,2427,2512,2465,1700,2364,2357,2352,2414,2355,2157,2379,2265,2365,2263,2409,2333,2267,2321,2420,2309,2308,2016,2221,2322,2331,2330,2214,2218
1009: 700,1869,1253,1278
533: 
959: 456
913: 
530: 958
496: 474
1088: 1064
522: 
958: 530
553: 
1474: 1514,1397,1458
1365: 1379,1394,1415,1419,1557,1476,1588,157,1345,1317,1346,1431
1530: 1445,2148,2224,2498,2499,410,2407,2071,2442,589,2470,1551,1414
510: 
542: 
960: 
984: 
952: 1679,1696
595: 
1561: 1526
505: 
521: 
999: 1928,1785
1795: 1776,1960
518: 
1680: 1648,1754,1686,1664
502: 995,1979,1883
956: 
1414: 1551,1530,1445,410,2442,589,2470,1477,1341
933: 545,1772,1802
904: 1548
1015: 166
1066: 1618,1065,1083,1615,492,1731,1521,1053,1623,1662,1651
549: 912,1589,1732
991: 1855,1984,409,1847
1268: 1326,1662,1651,1172,1136,153,1635,1617,1663,1684
1454: 1323,2398,2490,2285,2495
311: 1005,557,1605
554: 
497: 
1536: 1502
548: 
526: 973
989: 
1069: 1620,1574,2084,1612,1067,2119,2026,1618,1063,1065,1609,1083,1615
1601: 1590,1527,1572
545: 933,1772,1802
576: 
945: 1633,1625,237
2527: 2422,2474,2151,2332,2391,2354
981: 1970,1788
946: 569,1972,2015,1942,1963,1974,1921
516: 411
1637: 1668,1687
1161: 1682
570: 
1985: 2206,2117,2116
1592: 1528
918: 926,1773,2350,2071
1184: 1149
1714: 1694,1718
1323: 1454,2398,2490,2285,2495
1686: 1197,1664,1650,1676,1648,1680
1243: 1682
499: 
1460: 61
1732: 1589,549
938: 467,998
966: 2189,2255,2223,2072,2087
1700: 2465,2364,2476,853,1677,2488,2464,2375,2427,2512,1701,2040,2392,2410,1671,2413,2266,915,2263,2409,2394,2262
937: 
1477: 1341,2407,2071,2442,589,2470,1551,1414,1532,1602
921: 
1698: 1723,1707,1693,1722,1743,1670,1713
1326: 1268,1662,1651,1172,1136,153,1635,1617,1663,1684
540: 2529,2451,490,2192,2472,2328,2531,2428
997: 919
503: 
917: 
1766: 1752,1781,1836
1537: 1558
546: 
1067: 1612,1605,1574,1069,1620,1618,1063,1065,1609,1083,1615
970: 
1603: 1583
2233: 2348,2445,2209,2448,2447,2443,2168,2399,2479,2421,2383,2166,2385,1997,2208,2359,2346,2384
1668: 1637,1496,1660,1687,454
1719: 1763
1431: 1346,1393,1426,1379,1394,1415,1365,157,1345,1317,1461,1395
931: 
565: 
529: 
1005: 311,557,1605
561: 
1624: 1640,1638,1627,1619,1644,1646,1632,1068,1630,1655,1659,1653,1654,1657,1658,1636,1645,1639
964: 
2033: 2059,1986,1955,1948,1864,524,1922,1919,1910,1890,2004,2057
1317: 1345,1379,1394,1415,1365,157,1501,1346,1393,1426,1431,1376
954: 
1575: 1642,1641,1643
1590: 1601
2104: 2164,1976,2228,2038,583,2050,2229,2227,2087
1558: 1537
1548: 1513,904
564: 
511: 
1788: 1863,1807,1970,981
969: 1062
527: 
1136: 1172,1662,1651,153,1635,1617,1268,1326
1554: 1540,1499,1571,1479,1519,1564,1430,1531,1476
987: 961,480
935: 
1397: 1458,1527,1572,1514,1474
1083: 1618,1063,1065,1609,1615,1612,1067,1069,1620,2119,2026,492,1066,1623
974: 
907: 
1598: 1443
930: 452
577: 
983: 
525: 1798,1740
1984: 1855,2006,2068,409,991
1564: 1519,1430,1531,1499,1571,1479,1554,1450,1476,1588
910: 
936: 
400: 
401: 
402: 
403: 484
404: 
405: 
406: 
407: 
408: 
409: 1855,1984,991
410: 2148,2224,2499,1530,1445,1551,1414
411: 516
412: 
413: 
414: 
415: 
416: 
417: 
418: 
419: 
420: 
421: 
422: 
423: 
424: 
425: 
426: 
427: 462
428: 
429: 
430: 
431: 
432: 
433: 
434: 2161,2239,2358,2173
435: 469
436: 
437: 
438: 
439: 
440: 
441: 
442: 478,1729
443: 
444: 1992,2073,1991,1886
445: 
446: 
447: 
448: 
449: 
450: 
451: 
452: 930
453: 
454: 1687,1668,1496,1660
455: 2360,2503,2287,2519,2343,2436
456: 959
457: 
458: 
459: 
460: 
461: 1631,1634
462: 427
463: 
464: 
465: 
466: 
467: 938,998
468: 
469: 435
470: 
471: 
472: 
473: 
474: 496
475: 1543,1349
476: 
477: 
478: 442
479: 
480: 987
481: 
482: 1509,1357
483: 
484: 403
485: 
486: 
487: 
488: 
489: 
490: 2450,509,2451,2296,2192,2472,2328,2531,2532,540,2529
491: 
492: 2119,2026,1618,1063,1065,1609,1083,1615,1066,1623
493: 
494: 
1609: 1618,1063,1065,1083,1615,1612,1067,1069,1620,492,1521
1699: 1742
1676: 1664,1650,1686,1663,1682
1612: 1067,1605,1574,1069,1620,1618,1063,1065,1609,1083,1615
1721: 1695
1672: 1424,552
1615: 1618,1063,1065,1609,1083,1612,1067,1069,1620,2119,2026,492,1066,1623
1729: 1846,1772,1802,442
1617: 153,1635,1172,1136,1268,1326
1618: 1063,1065,1609,1083,1615,1612,1067,1069,1620,492,1731,1521,1066,1623
1620: 1069,1574,2084,1612,1067,2119,1618,1063,1065,1609,1083,1615
1627: 1640,1638,1619,1644,1624,1646,1632,1068,1731,1521,1655,1659,1653,1657,1636,1645,1639
1636: 1645,1731,1521,1640,1638,1627,1619,1644,1624,1646,1639
1629: 1633,908,1625,237
1630: 1655,1659,1653,1654,1657,1658,1632,1068,1656,1640,1638,1624,1141,1639
1631: 1634,461
1632: 1068,1656,1630,1655,1659,1653,1654,1657,1658,1640,1638,1627,1619,1624
1633: 908,945,1625,237,1629
1634: 1631,461
1638: 1640,1627,1619,1644,1624,1646,1632,1068,1630,1655,1659,1653,1654,1657,1658,1636,1645,1639
1639: 1630,1655,1659,1653,1654,1657,1658,1640,1638,1627,1619,1644,1624,1646,1636,1645
1640: 1638,1627,1619,1644,1624,1646,1632,1068,1630,1655,1659,1653,1654,1657,1658,1636,1645,1639
1641: 1643,1575,1642
1642: 1575,1641,1643
1643: 1641,1575,1642
1644: 1640,1638,1627,1619,1624,1646,1655,1636,1645,1639
1645: 1636,1731,1521,1640,1638,1627,1619,1644,1624,1646,1639
1685: 1692,1682
1648: 1680,1754,1686,1664
1696: 1679,952
1650: 1197,1664,1676,1686,1663,1682
1651: 1662,1066,1053,1623,1136,1268,1326
1677: 853,2377,2476,2475,2523,2488,2464,2375,2427,2512,2465,1700,2364,2040,2392,1671,2413
1653: 1630,1655,1659,1654,1657,1658,1632,1068,1656,1640,1638,1627,1619,1624,1141,1639
1654: 1630,1655,1659,1653,1657,1658,1632,1068,1656,1640,1638,1624,1141,1639
1655: 1630,1659,1653,1654,1657,1658,1632,1068,1656,1640,1638,1627,1619,1644,1624,1646,1141,1639
1656: 1632,1068,1630,1655,1659,1653,1654,1657,1658,1100,1141
1657: 1630,1655,1659,1653,1654,1658,1632,1068,1656,1640,1638,1627,1619,1624,1141,1639
1658: 1630,1655,1659,1653,1654,1657,1632,1068,1656,1640,1638,1624,1141,1639
1660: 1496,1668,1687,454
1720: 1703,1100,1141,1725
1662: 1651,1066,1053,1623,1136,1268,1326
1663: 1268,1326,1650,1676,1684
1664: 1197,1650,1676,1686,1648,1680
1665: 1702
1679: 1696,952
1682: 1202,1243,1161,1650,1676,1692,1685
1689: 1817,1790,2123,2533,2468
1688: 
1797: 1760,507
1692: 1685,1682
1694: 1714,1763,1718
1695: 1721
1697: 1787,2369,2473
1702: 1585,1565,1665
1703: 1720,1100,1141,1725
1982: 2135,2077,2147,2137,2120,2202,2143,2142,2122,2169,2112,2205,2177,2130,2093,2144,2099,2121,2114,2134,2113
1767: 1779,1876,1803,1877,1844,1769,1771
1842: 2494,1871,2526,1838,1835,2510,2502,1796,1717
1707: 1693,1725,1754,1723,1698
1731: 1521,1618,1063,1065,1066,1627,1619,1636,1645
1730: 1860,1834,1804,1841,598,586,1870
1926: 1872,2528,2516,1874,2509
1713: 1723,1698,1743,1670,1718,1765
1717: 1796,1842,2526,1810,1736,1751
1722: 1745,1698,1743,1670
1723: 1698,1707,1693,1725,1743,1670,1713
1725: 1707,1693,1703,1720,1754,1723
1841: 598,586,1804,1834,1730,1870,1863,1807
1728: 1792
1807: 1863,1970,1841,586,1870,1788
1772: 1802,545,933,1729,1846
1736: 1751,1769,1771,1810,1796,1717,1776,1960
1737: 1888
1830: 2489,1882,1884,1838,1874,2509,1839,2486,2504,1835,2510,1907,1879,2494,1871
1765: 1718,1713
1740: 1798,525,996,993,1988,1791
1743: 1670,1722,1723,1698,1713
1778: 1847
1745: 1722
1746: 1708
1796: 1717,1842,1871,2526,1771,1810,1736
1858: 1820,2501,1934,1938,1914,2508,2520,927
2312: 2219,2288,2250,2252,2289,2331,2330,2214,2218,2024,2351,2215,2311,2238,2251,2131,2154,2244,2300,2253,2216,2246,2259,2249,2247,2129,2107,2150,2184,2185,2183,2234,2110,2283,2159
1750: 1875
1751: 1736,1769,1771,1810,1717,1776
1752: 1781,1766
2132: 2281,2237,2279,2139,2280,2276,2261,2094,2345,2338,2404,2089,2002,2193,2191,2196,2272,2091,2329,2197,2140,2201,2236,2043,2145,2199,2198,2260
1754: 1707,1693,1725,1648,1680
2321: 2341,2420,2156,2319,2406,2320,2415,2356,2357,2158,2352,2414,2355,2157,2379,2419,2416,2310,2378,915,2178,2400,2315,2313,2055,2314,2309,2308,2016,2221,2322,2318,2316,2180,2317,2278,1961,2155,2353,2235,2226,2238,2225,2154
1756: 1819,1776,1960
1835: 2510,1839,1851,2489,1830,1882,1838,1606,1907,2494,1842,1871,2526
1760: 1797,507
1917: 1920,1848,1887,1922,1919,1910,1890,1880,1843,575
1763: 1719,1694
1825: 1953
1768: 1832
1769: 1771,1810,1606,1877,1844,1853,1767,1779,1876,1736,1751
1770: 1905,1867,1912,1887,1839,1851
1771: 1769,1810,1606,1877,1844,1853,1767,1779,1796,1736,1751
1773: 2286,2449,2350,926,918
1775: 1898
1776: 1960,1736,1751,1756,1819,1795
1779: 1767,1876,1803,1877,1844,1853,1769,1771
2163: 2062,2160,2122,2169,2112,2205,2177,2130,2259,2138,2249,2256,2162,2247,2129,2248,2107,2184,2185,2183,2093,2144,2182,2064,2188,2186,1994,2175,2134,2113,2133,2037,2092,2176,2108,2012,2049
1783: 1837
1785: 1928,999
2046: 2293,2324,2241,2325,2243,2299,2217,2361,2362,2363,2291,2292,2439,2374,2351,2215,2424,2386,2244,2246,2245,2044,2382,2344,2408,2381
1787: 1697,2369,2473
1789: 1600
1790: 1689,1817,2123,2533,2468
1791: 1988,1798,1740
1792: 1728
1793: 1891,965
1798: 1740,525,996,1988,1791
2076: 2115,2127,2170,2204,2188,2149,2045,2108,2012,2049,2075,2102,2047,2090
1802: 1772,545,933,1729,1846
1803: 575,1877,1844,1767,1779,1876
1804: 1860,1834,1730,1841,598
1890: 1922,1919,1910,1920,1948,1864,2033,1917,2004,1843,575
2080: 2054,2134,2113,2135,2077,2147,2137,2093,2144,2160,2121,2114,2133,2037,2063,2092,2065,2011
1867: 1913,1904,1912,1905,1770
1810: 1769,1771,1606,1877,1844,1853,1796,1717,1736,1751
1811: 
1844: 1877,1853,1803,1606,1767,1779,1876,1769,1771,1810
1973: 2053,2101,2034
1817: 1689,1790,2123,2533,2468
1818: 1978,534
1819: 1756,1776,1960
1820: 1858,1934,1938,2508,2520,927
1938: 1934,1914,2508,2520,1933,2504,2489,2501,2502,1907,1879,1858,1820,927,1915,2496
1919: 1922,1910,1890,1920,1848,1948,1864,2033,1917,1843,575
2143: 2202,2142,2270,2190,2318,2316,2180,2317,2278,2235,2167,2120,2122,2169,2112,2205,2177,2130,2228,2038,2135,2077,2147,2137,1982,2093,2144
2255: 966,2189,2223,2072,2087
1988: 1791,1798,1740
2042: 2098,2236,2043,2145,2198,2141,2074,2097,1966,2030,2206
1832: 1768
1880: 1912,1887,1917,1905,1843,1851
1834: 1860,1730,1804,1841,598,586,1870
1836: 1766
1838: 2489,1830,1882,1884,1839,2486,1835,2510,2520,2502,1907,1879,2494,1842,1871,2526
1839: 1905,1770,1851,2489,1830,1882,1884,1838,1835,2510
1851: 1905,1770,1880,1839,1835,2510,1606,1853
1843: 1887,1917,1922,1919,1890,1880,575
1936: 1967,2343,2436,2418,2212
1846: 1729,1772,1802
1847: 1778,991
1848: 1920,1823,1940,1948,1864,1887,1917,1922,1919
2234: 2110,2283,2159,2312,2244,2300,2253,2216,2246,2240,2245,2044,2347,2107,2150,2184,2185,2183,2342,2276,2337,2282,2339,2261,2094,2182,2188,2186,1994,2258,2181,2149,2045,2323,2187,2272,2091
1853: 1877,1844,1851,1606,1779,1769,1771,1810
1855: 1984,2006,2068,409,991
2133: 2037,2063,2092,2176,2093,2144,2163,2062,2160,2064,2188,2186,2175,2080,2054,2134,2113,2108,2012,2049,2065,2011
1920: 1848,1823,1940,1986,1955,1948,1864,1917,1922,1919,1910,1890
1863: 1807,1970,1841,586,1870,1788
1864: 1948,1986,1955,1920,1848,2059,2033,1922,1919,1910,1890
1899: 1946,2517,2493,2516,1951
1987: 2003,1995,2036,1972,2015
2127: 2115,2170,2204,2076,2182,2064,2188,2186,1994,2175,2258,2181,2149,2045,2323,2187,2108,2012,2049,2075,2102,2047,2090
1870: 1834,1730,1841,598,586,1863,1807
1871: 2494,1842,2526,2489,1830,1882,1838,1835,2510,1606,2502,1907,1796
1872: 2528,1926,2516,1874,2509
2002: 2193,2191,2196,2382,2344,2381,2277,2340,2437,2405,2435,2195,2275,2345,2338,2404,2089,2332,2395,2391,2066,2281,2132,2237,2279,2139,2280,2329,2197,2335,2271,2254
1875: 1750
1876: 1767,1779,1803,1877,1844,1769
1877: 1844,1853,1803,1606,1767,1779,1876,1769,1771,1810
1879: 2502,1907,2486,2504,2489,1830,1882,1884,1838,1934,1938,1914,2508,2520,2494,927,1915,2496
1882: 2489,1830,1884,1838,1874,2509,1839,2486,2504,1835,2510,2520,2502,1907,1879,2494,1871
1883: 1979,995,502,1965,1941
1884: 2489,1830,1882,1838,1874,2509,1839,2486,2504,2510,1914,2520,2502,1907,1879,2494
1886: 1991,1992,2073,444,1942,1965,1941,1963
1887: 1904,1848,1912,1917,1905,1770,1880,1843
1888: 1737
1951: 1933,1946,2517,1899,2493,2516,1874,2509,2486,2504,2501,1914
2533: 2123,1689,1817,1790,2468,2469,2511,2514,2467
1894: 
1895: 2500,2014,2506
1948: 1864,1986,1955,1920,1848,2059,2033,1922,1919,1910,1890
1970: 1863,1807,507,1788,981
1898: 1775
2532: 2192,2472,2328,2531,2438,2451,2296,490,2242,2425,2423,2388,2529,2340,2437,2435,2195
2222: 2456,2434,2524,2402,2530,2484,2430,2487,2429,2480,2477,2179,2466,2431,2461,2376,2485
2311: 2374,2351,2215,2265,2365,2409,2333,2267,2394,2262,2299,2331,2330,2214,2218,2024,2293,2241,2325,2243,2219,2288,2312,2250,2252,2289,2244,2300,2253,2216,2246,2044,2347
1904: 1823,1940,1913,1867,1912,1887
1905: 1770,1913,1867,1912,1887,1880,1839,1851
2522: 2471,2483,2484,2430,2481,2303,2458,2482,2460,2179,2401
1907: 2502,1879,2486,2504,2489,1830,1882,1884,1838,1835,2510,1934,1938,1914,2508,2520,2494,1871,1915
2032: 2065,2011,2037,2063,2092,2108,2012,2049,2102,2029
1910: 1922,1919,1890,1920,1948,1864,2059,2033,1917,2004,575
2064: 2182,2188,2186,1994,2175,2259,2138,2249,2256,2162,2247,2107,2150,2184,2185,2183,2159,2163,2062,2160,2149,2323,2187,2133,2037,2063,2092,2176,2108,2012,2049,2127,2170
1912: 1904,1913,1867,1887,1905,1770,1880
1913: 1867,1904,1912,1905
1914: 1934,1938,2508,2520,1933,1951,2486,2504,2489,1884,2501,2502,1907,1879,1858,927
1915: 2496,1934,1938,2508,2520,2502,1907,1879,2526,927
2400: 2178,2315,2313,2055,2314,2306,2301,2307,2305,2406,2320,2415,2356,2403,2432,2357,2158,2352,2414,2355,2389,2302,2304,2321,2341,2420,2156,2319,2367,2105,2318,2316,2180,2317
1921: 946,1974,1998,2027
1922: 1919,1910,1890,1920,1848,1948,1864,2033,1917,1843,575
2034: 2101,1973,2053,1947
1989: 2399,2479,2459,588,2481,2303,2458,2482,2460,2179,2401,2443,2168,2306,2301,2307,2305,2445,2302
1950: 2067,2018,2061,568,2116,590,1931
2061: 2018,2030,2003,1995,2036,568,590,2067,1950
1928: 1785,999
1972: 2015,2052,2029,569,2003,1987,1995,946
2058: 1931
1931: 590,1950,1999,2020,2058
2031: 2212,2207,2426,2211,2213,2366,1976,2165,2349,2290,2096,583,2050
1933: 1951,2493,2516,1874,2486,2504,2501,1938,1914,2508,2520
1934: 1938,1914,2508,2520,2504,2489,2502,1907,1879,1858,1820,927,1915,2496
2090: 2047,2115,2127,2170,2204,2076,2140,2201,2075,2102,2141,2074,1966,2030
1940: 1823,1941,1904,1920,1848
1941: 1965,1991,1886,1942,1979,1883,1963,1823,1940
1942: 1991,1886,946,1965,1941,1963,1974
1995: 2003,1987,2036,1972,2015,2018,2061,590
2125: 2370,2412,2354,512,2521
1946: 2517,1899,2493,2516,1951
1947: 2101,2034
1953: 1825,906
2113: 2080,2054,2134,2135,2077,2147,2137,1982,2093,2144,2163,2062,2160,2121,2114,2133,2037,2063,2092,2176
1955: 1986,1998,2027,1920,1948,1864,2059,2033
2012: 2108,2049,2163,2062,2160,2182,2064,2188,2186,1994,2175,2258,2181,2149,2045,2323,2187,2133,2037,2063,2092,2176,2115,2127,2170,2204,2076,2032,2102,2047
2147: 2135,2077,2137,1982,2167,2120,2202,2143,2142,2122,2169,2112,2130,2228,2038,2144,2229,2099,2227,2121,2114,2080,2054,2134,2113
1960: 1776,1736,1756,1819,1795
1961: 2155,2353,2235,2226,2178,2315,2313,2314,2321,2341,2420,2156,2319,2221,2322,2318,2316,2180,2317,2278,2238,2251,2225,2154,2202,2142,2122,2169,2112,2205,2177,2130,2129,2248
1997: 2421,2348,2233,2445,2383,2166,2385,2208,2359,2346,2384,2207,2426,2211,2213,2366,2210
1963: 1991,1886,1942,946,1965,1941,1974
1986: 1955,1998,2027,1920,1948,1864,2059,2033
1965: 1941,1991,1886,1942,1979,1883,1963,1823
1966: 2030,2047,2090,2141,2074,2098,2042,568
1967: 1936,2343,2436,2212
1976: 2207,2426,2211,2213,2366,2210,2103,2232,2031,2290,2096,583,2050,2164,2104
1977: 2039,2057,2006,2068
1978: 1818,534
1979: 1883,995,502,1965,1941
1991: 1886,1992,2073,444,1942,1965,1941,1963
1992: 2073,444,1991,1886
2020: 1999,590,1998,2027,1931
1994: 2182,2064,2188,2186,2175,2259,2138,2249,2256,2162,2247,2129,2107,2150,2184,2185,2183,2234,2110,2283,2159,2163,2062,2258,2181,2149,2045,2323,2187,2176,2108,2012,2049,2127,2170,2204
1998: 2027,1921,1999,2020,1986,1955
1999: 2020,590,1998,2027,1931
2055: 2178,2400,2315,2313,2314,2306,2301,2307,2305,2406,2320,2415,2356,2403,2432,2357,2158,2352,2414,2355,2379,2389,2302,2304,2321,2341,2420,2156,2319,2367,2105,2318,2316,2180
2030: 1966,2047,2090,2141,2074,2098,2042,2018,2061,568
2003: 1987,1995,2036,1972,2015,2061,590
2004: 2059,2033,524,1910,1890,2057
2108: 2012,2049,2163,2062,2160,2182,2064,2188,2186,1994,2175,2187,2133,2037,2063,2092,2176,2115,2127,2170,2076,2065,2011,2032,2102,2047
2006: 2068,1977,2039,1855,1984
2007: 2119,2026
2162: 2259,2138,2249,2256,2247,2129,2248,2155,2353,2235,2226,2238,2251,2131,2225,2154,2250,2252,2122,2169,2112,2205,2177,2130,2107,2150,2184,2185,2183,2093,2144,2163,2062,2160,2182,2064,2188,2186,1994,2175
2105: 2367,2270,2231,2190,2383,2166,2385,2389,2302,2304,2178,2400,2315,2313,2055,2314,2208,2359,2346,2384,2318,2316,2180,2317,2278,2167,2120,2202
2026: 2119,2084,1069,2007,1083,1615,492
2011: 2065,2032,2080,2054,2133,2037,2063,2092,2108,2049,2102,2052,2029
2347: 2240,2245,2044,2351,2215,2311,2293,2324,2241,2325,2243,2244,2300,2253,2216,2246,2382,2344,2408,2381,2234,2110,2283,2159,2276,2337,2282,2339,2261,2094,2275,2345,2338,2089
2014: 2506,1895,2500,560
2015: 1972,2052,2029,569,2003,1987,1995,2036,946
2016: 2309,2308,2221,2322,2357,2355,2157,2379,2419,2416,2310,2378,915,2265,2365,2409,2333,2267,2321,2341,2420,2156,2319,2331,2330,2214,2218,2024,2155,2226,2238,2251,2131,2225,2154,2219,2288,2250,2252,2289
2018: 2061,2030,1995,2036,568,590,2067,1950
2019: 2095,2052,2029
2021: 2518,1939,2515
2057: 2059,2033,524,2004,1977,2039
2084: 1069,1620,2119,2026
2024: 2331,2330,2214,2218,2265,2365,2333,2267,2262,2299,2309,2308,2016,2374,2351,2215,2311,2238,2251,2131,2154,2219,2288,2312,2250,2252,2289,2244,2300,2253,2216,2246
2027: 1998,1921,1999,2020,1986,1955
2146: 2336,2070,1337,2069,2274
2029: 2052,2065,2011,2032,2019,2095,569,1972,2015
2442: 589,2470,1530,1445,2407,2071,1551,1414,1477,1341
2036: 2003,1987,1995,2015,2018,2061
2037: 2133,2063,2092,2176,2093,2144,2163,2062,2160,2064,2080,2054,2134,2113,2108,2012,2049,2065,2011,2032,2102
2038: 2228,2210,2103,2232,2167,2120,2143,2077,2147,2137,2164,2104,2229,2099,2227,2121
2039: 1977,524,2057,2006,2068
2040: 1701,2392,2410,1671,2413,2266,853,1677,2488,2465,1700,2364,2334,2454,2265,2365,2263,2409,2333,2267,2394,2262,2299,2217,2361,2362,2363
2289: 2219,2288,2312,2250,2252,2309,2308,2016,2221,2322,2331,2330,2214,2218,2024,2215,2311,2238,2251,2131,2225,2154,2300,2216,2249,2256,2247,2129,2248,2107,2150
2043: 2236,2272,2091,2281,2132,2237,2279,2139,2280,2140,2201,2075,2145,2199,2198,2260,2141,2074,2098,2042
2044: 2240,2245,2347,2374,2351,2215,2311,2046,2293,2324,2241,2325,2243,2424,2386,2244,2300,2253,2216,2246,2382,2344,2408,2381,2234,2110,2283,2276,2337,2282,2339,2261,2094,2275,2345,2338,2089
2045: 2258,2181,2149,2323,2187,2184,2234,2159,2276,2337,2261,2182,2188,2186,1994,2272,2091,2012,2115,2127,2170,2204,2076,2140,2201,2075
2047: 2090,2108,2012,2049,2115,2127,2076,2075,2102,1966,2030
2346: 2208,2359,2384,2348,2233,2383,2166,2385,2302,1997,2367,2105,2270,2231,2190,2213,2210,2103,2232,2167,2120
2049: 2108,2012,2163,2062,2160,2182,2064,2188,2186,1994,2175,2149,2187,2133,2037,2063,2092,2176,2115,2127,2170,2076,2065,2011,2032,2102,2047
2050: 583,2031,1976,2290,2096,2164,2104,2223,2072,2087
2232: 2210,2103,2208,2359,2346,2270,2231,2190,2207,2211,2213,2167,2120,1976,2228,2038
2052: 2029,2065,2011,2019,2095,569,1972,2015
2053: 1973,2101,2034
2054: 2080,2134,2113,2135,2077,2147,2137,2093,2144,2160,2121,2114,2133,2037,2063,2092,2065,2011
2059: 2033,1986,1955,1948,1864,524,1910,2004,2057
2190: 2367,2105,2270,2231,2389,2302,2304,2178,2315,2313,2314,2208,2359,2346,2318,2316,2180,2317,2278,2103,2232,2167,2120,2202,2143,2142
2062: 2163,2160,2122,2169,2177,2130,2259,2138,2249,2256,2162,2247,2129,2248,2107,2184,2185,2183,2093,2144,2182,2064,2188,2186,1994,2175,2134,2113,2133,2037,2092,2176,2108,2012,2049
2063: 2133,2037,2092,2176,2093,2160,2064,2080,2054,2134,2113,2108,2012,2049,2065,2011,2032,2102
2065: 2011,2032,2080,2054,2133,2037,2063,2092,2108,2049,2102,2052,2029
2066: 2332,2395,2391,2277,2405,2195,2002,2193,2191,2196,2422,2474,2329,2197,2335,2271,2254
2067: 1950,2018,2061,568,2116,590
2068: 2006,1977,2039,1855,1984
2069: 2369,2473,2336,2070,2146
2070: 2336,911,2369,2473,1337,2069,2146,2274
2071: 2407,918,1530,1445,2442,589,2470,1477,1341
2072: 2223,2290,2096,2050,2087,966,2189,2255
2073: 1992,444,1991,1886
2074: 2141,2075,2236,2043,2090,2098,2042,1966,2030
2075: 2140,2201,2149,2045,2272,2115,2127,2170,2204,2076,2236,2043,2047,2090,2141,2074,2098
2077: 2135,2147,2137,1982,2120,2143,2142,2122,2169,2228,2038,2144,2229,2099,2227,2121,2114,2080,2054,2134,2113
2144: 2093,2202,2143,2142,2122,2169,2112,2205,2177,2130,2138,2256,2162,2135,2077,2147,2137,1982,2163,2062,2160,2121,2114,2080,2054,2134,2113,2133,2037,2092,2176
2103: 2210,2232,2208,2359,2346,2270,2231,2190,2207,2211,2213,2167,2120,1976,2228,2038
2087: 2290,2096,583,2050,2164,2104,2223,2072,966,2189,2255
2521: 2370,2125,2412,512,2173
2089: 2275,2345,2338,2404,2240,2245,2044,2347,2382,2381,2277,2405,2342,2276,2337,2282,2339,2261,2094,2002,2193,2191,2196,2272,2091,2281,2132,2237,2279,2139,2280,2329,2197
2091: 2272,2234,2110,2283,2159,2342,2276,2337,2282,2339,2261,2094,2345,2338,2404,2089,2258,2181,2149,2045,2323,2187,2281,2132,2237,2279,2139,2280,2204,2140,2201,2236,2043
2092: 2133,2037,2063,2176,2093,2144,2163,2062,2160,2064,2175,2080,2054,2134,2113,2108,2012,2049,2065,2011,2032,2102
2093: 2144,2143,2142,2122,2169,2112,2205,2177,2130,2259,2138,2256,2162,2135,2137,1982,2163,2062,2160,2114,2080,2054,2134,2113,2133,2037,2063,2092,2176
2094: 2342,2276,2337,2282,2339,2261,2244,2253,2246,2240,2245,2044,2347,2382,2344,2408,2381,2234,2110,2283,2275,2345,2338,2404,2089,2258,2181,2323,2272,2091,2281,2132,2237,2279,2139,2280
2095: 2019,2052,2029
2096: 2290,2031,1976,2165,2349,583,2050,2223,2072,2087
2097: 580,2145,2199,2198,2260,2098,2042,2161,2206,2239,2117
2098: 2042,2075,2236,2043,2145,2198,2141,2074,2097,1966,2030,2206
2099: 2229,2227,2228,2038,2135,2077,2147,2137,1982,2121,2114
2101: 2034,1973,2053,1947
2102: 2037,2063,2092,2176,2108,2012,2049,2115,2127,2170,2076,2065,2011,2032,2047,2090
2202: 2143,2142,2367,2105,2270,2190,2318,2316,2180,2317,2278,1961,2155,2353,2235,2226,2167,2120,2122,2169,2112,2205,2177,2130,2135,2147,1982,2144
2110: 2234,2283,2159,2219,2312,2244,2300,2253,2216,2246,2240,2245,2044,2347,2107,2150,2184,2183,2276,2337,2282,2339,2261,2094,2182,1994,2258,2181,2323,2187,2091
2201: 2140,2075,2258,2181,2149,2045,2272,2091,2281,2132,2237,2279,2139,2280,2204,2236,2043,2090
2112: 2122,2169,2205,2177,2130,2318,2316,2180,2317,2278,1961,2155,2353,2235,2226,2225,2202,2143,2142,2256,2162,2247,2129,2248,2135,2147,1982,2093,2144,2163,2160
2114: 2121,2135,2077,2147,2137,1982,2093,2144,2099,2080,2054,2134,2113
2115: 2127,2170,2204,2076,2188,2186,2181,2149,2045,2187,2108,2012,2049,2075,2102,2047,2090
2116: 2206,568,1985,2067,1950
2117: 2239,2097,580,2161,2206,2358,2173,1985
2119: 2026,2084,1069,1620,2007,1083,1615,492
2120: 2167,2346,2367,2105,2270,2231,2190,2318,2316,2180,2317,2278,2210,2103,2232,2202,2143,2142,2228,2038,2135,2077,2147,2137,1982
2121: 2114,2228,2038,2135,2077,2147,2137,1982,2144,2229,2099,2227,2080,2054,2134,2113
2122: 2169,2112,2205,2177,2130,2318,2316,2180,2317,2278,1961,2155,2353,2235,2226,2225,2202,2143,2142,2259,2138,2249,2256,2162,2247,2129,2248,2135,2077,2147,2137,1982,2093,2144,2163,2062,2160
2123: 2533,1689,1817,1790,2468,2469,2511,2514,2467
2238: 2251,2131,2225,2154,2321,2341,2420,2156,2319,2309,2308,2016,2221,2322,2331,2330,2214,2218,2024,1961,2155,2353,2235,2226,2219,2288,2312,2250,2252,2289,2205,2177,2249,2256,2162,2247,2129,2248,2107
2129: 2259,2138,2249,2256,2162,2247,2248,1961,2155,2353,2235,2226,2238,2251,2131,2225,2154,2219,2288,2312,2250,2252,2289,2122,2169,2112,2205,2177,2130,2107,2150,2184,2185,2183,2163,2062,2160,1994,2175
2130: 2122,2169,2112,2205,2177,2278,1961,2155,2353,2235,2251,2131,2225,2202,2143,2142,2259,2138,2249,2256,2162,2247,2129,2248,2135,2147,2137,1982,2093,2144,2163,2062,2160
2131: 2238,2251,2225,2154,2341,2309,2308,2016,2221,2331,2330,2214,2218,2024,2155,2353,2235,2226,2219,2288,2312,2250,2252,2289,2177,2130,2259,2138,2249,2256,2162,2247,2129,2248,2107,2150,2184,2185,2183
2134: 2080,2054,2113,2135,2077,2147,2137,1982,2093,2144,2163,2062,2160,2121,2114,2133,2037,2063,2092,2176
2135: 2077,2147,2137,1982,2120,2202,2143,2142,2122,2169,2112,2205,2177,2130,2093,2144,2099,2121,2114,2080,2054,2134,2113
2258: 2181,2149,2045,2323,2187,2107,2150,2184,2185,2183,2234,2110,2283,2159,2342,2276,2337,2282,2339,2261,2094,2182,2188,2186,1994,2272,2091,2012,2127,2170,2204,2140,2201
2137: 2135,2077,2147,1982,2120,2143,2142,2122,2169,2130,2228,2038,2093,2144,2229,2099,2227,2121,2114,2080,2054,2134,2113
2138: 2259,2249,2256,2162,2247,2129,2248,2235,2251,2131,2225,2250,2252,2122,2169,2177,2130,2107,2150,2184,2185,2183,2093,2144,2163,2062,2160,2182,2064,2188,2186,1994,2175
2139: 2281,2132,2237,2279,2280,2276,2337,2282,2339,2261,2094,2275,2345,2338,2404,2089,2002,2193,2191,2196,2272,2091,2329,2197,2140,2201,2236,2043,2199,2260
2140: 2201,2075,2258,2181,2149,2045,2272,2091,2281,2132,2237,2279,2139,2280,2204,2236,2043,2090
2141: 2074,2075,2236,2043,2090,2098,2042,1966,2030
2142: 2202,2143,2270,2190,2318,2316,2180,2317,2278,1961,2155,2353,2235,2167,2120,2122,2169,2112,2205,2177,2130,2135,2077,2147,2137,1982,2093,2144
2148: 2224,2498,2499,1530,1445,410
2149: 2258,2181,2045,2323,2187,2107,2150,2184,2185,2183,2234,2283,2159,2276,2337,2261,2182,2064,2188,2186,1994,2272,2091,2012,2049,2115,2127,2170,2204,2076,2140,2201,2075
2150: 2107,2184,2185,2183,2251,2131,2219,2288,2312,2250,2252,2289,2244,2300,2253,2216,2246,2259,2138,2249,2256,2162,2247,2129,2248,2234,2110,2283,2159,2182,2064,2188,2186,1994,2175,2258,2181,2149,2323,2187
2151: 2422,2474,2527,2332,2391,2354
2152: 2433,2375,2427,2512,2487,2429,2480,2477,2377,2476,2475,2523,2461,2376,2417,2485,2465,2364,2357,2158,2352,2414,2355,2157,2379,2419,2416,2310,2378,915,2365
2377: 2476,2475,2523,2487,2429,2480,2477,853,1677,2461,2376,2485,2433,2375,2152,2427,2512,2465,2364
2154: 2238,2251,2131,2225,2321,2341,2420,2156,2319,2309,2308,2016,2221,2322,2331,2330,2214,2218,2024,1961,2155,2353,2235,2226,2219,2288,2312,2250,2252,2289,2205,2177,2249,2256,2162,2247,2129,2248,2107
2155: 1961,2353,2235,2226,2178,2315,2313,2314,2321,2341,2420,2156,2319,2309,2308,2016,2221,2322,2318,2316,2180,2317,2278,2238,2251,2131,2225,2154,2202,2142,2122,2169,2112,2205,2177,2130,2249,2256,2162,2247,2129,2248
2156: 2321,2341,2420,2319,2356,2357,2158,2414,2355,2419,2310,2178,2400,2315,2313,2055,2314,2308,2016,2221,2322,2318,2316,2180,2317,2278,1961,2155,2353,2235,2226,2238,2251,2225,2154
2157: 2357,2158,2352,2414,2355,2379,2431,2461,2376,2417,2485,2433,2375,2152,2427,2512,2406,2320,2415,2356,2419,2416,2310,2378,915,2321,2420,2319,2308,2016,2221,2322
2158: 2357,2352,2414,2355,2157,2379,2431,2461,2376,2417,2152,2406,2320,2415,2356,2403,2432,2419,2416,2310,2378,2178,2400,2315,2313,2055,2314,2321,2341,2420,2156,2319,2308,2221,2322
2159: 2234,2110,2283,2219,2288,2312,2250,2252,2244,2300,2253,2216,2246,2240,2347,2107,2150,2184,2185,2183,2276,2337,2282,2339,2261,2182,2064,2188,2186,1994,2175,2258,2181,2149,2045,2323,2187,2091
2160: 2163,2062,2122,2169,2112,2205,2177,2130,2259,2138,2249,2256,2162,2247,2129,2248,2107,2185,2183,2093,2144,2064,2188,2175,2080,2054,2134,2113,2133,2037,2063,2092,2176,2108,2012,2049
2161: 2145,2199,2198,2260,2097,580,434,2206,2239,2117,2173
2164: 2104,1976,2228,2038,583,2050,2229,2227,2087
2165: 2349,2031,2393,2203,2290,2096,2223
2166: 2383,2385,2443,2168,2348,2233,2445,2302,1997,2208,2359,2346,2384,2367,2105,2231
2167: 2120,2208,2359,2346,2384,2367,2105,2270,2231,2190,2318,2316,2180,2317,2278,2210,2103,2232,2202,2143,2142,2228,2038,2147
2168: 2443,2491,588,2444,2481,2303,2458,2482,2460,2209,2446,2448,2447,1989,2399,2479,2459,2421,2348,2233,2445,2383,2166,2385
2169: 2122,2112,2205,2177,2130,2318,2316,2180,2317,2278,1961,2155,2353,2235,2225,2202,2143,2142,2259,2138,2249,2256,2162,2247,2129,2248,2135,2077,2147,2137,1982,2093,2144,2163,2062,2160
2170: 2115,2127,2204,2076,2182,2064,2188,2186,1994,2175,2258,2181,2149,2045,2323,2187,2272,2108,2012,2049,2075,2102,2090
2406: 2320,2415,2356,2403,2432,2179,2401,2466,2431,2461,2376,2417,2485,2306,2301,2307,2305,2357,2158,2352,2414,2355,2157,2379,2389,2302,2304,2178,2400,2315,2313,2055,2314,2321,2420,2319
2221: 2309,2308,2016,2322,2357,2158,2352,2414,2355,2157,2379,2419,2310,2378,915,2265,2365,2321,2341,2420,2156,2319,2331,2330,2214,2218,1961,2155,2353,2235,2226,2238,2251,2131,2225,2154,2288,2250,2252,2289
2173: 2358,2161,434,2521,2239,2117,916
2174: 2396,2455,2286,2350
2175: 2182,2064,2188,2186,1994,2259,2138,2249,2256,2162,2247,2129,2248,2107,2150,2184,2185,2183,2159,2163,2062,2160,2323,2187,2133,2092,2176,2108,2012,2049,2127,2170
2176: 2133,2037,2063,2092,2093,2144,2163,2062,2160,2182,2064,2188,2186,1994,2175,2134,2113,2108,2012,2049,2102
2177: 2122,2169,2112,2205,2130,2318,2316,2180,2317,2278,1961,2155,2353,2235,2226,2238,2251,2131,2225,2154,2202,2143,2142,2259,2138,2249,2256,2162,2247,2129,2248,2135,1982,2093,2144,2163,2062,2160
2178: 2400,2315,2313,2055,2314,2307,2305,2406,2320,2415,2356,2432,2357,2158,2352,2414,2355,2389,2302,2304,2321,2341,2420,2156,2319,2367,2105,2270,2190,2318,2316,2180,2317,2278,1961,2155,2353,2235,2226
2179: 2401,2471,2522,2484,2430,2456,2434,2222,2524,2402,2530,2458,2460,2466,2431,1989,2306,2301,2307,2305,2406,2320,2415,2356,2403,2432
2180: 2318,2316,2317,2278,2389,2302,2304,2178,2400,2315,2313,2055,2314,2321,2341,2156,2319,2367,2105,2270,2231,2190,1961,2155,2353,2235,2226,2167,2120,2202,2143,2142,2122,2169,2112,2205,2177
2181: 2258,2149,2045,2323,2187,2107,2150,2184,2185,2183,2234,2110,2283,2159,2276,2337,2282,2339,2261,2094,2182,2188,2186,1994,2272,2091,2012,2115,2127,2170,2204,2140,2201
2182: 2064,2188,2186,1994,2175,2259,2138,2249,2256,2162,2247,2107,2150,2184,2185,2183,2234,2110,2283,2159,2163,2062,2258,2181,2149,2045,2323,2187,2176,2108,2012,2049,2127,2170,2204
2183: 2107,2150,2184,2185,2251,2131,2288,2312,2250,2252,2253,2259,2138,2249,2256,2162,2247,2129,2248,2234,2110,2283,2159,2163,2062,2160,2182,2064,2188,2186,1994,2175,2258,2181,2149,2323,2187
2184: 2107,2150,2185,2183,2131,2312,2250,2252,2253,2259,2138,2249,2256,2162,2247,2129,2234,2110,2283,2159,2163,2062,2182,2064,2188,2186,1994,2175,2258,2181,2149,2045,2323,2187
2185: 2107,2150,2184,2183,2251,2131,2312,2250,2252,2253,2259,2138,2249,2256,2162,2247,2129,2248,2234,2283,2159,2163,2062,2160,2182,2064,2188,2186,1994,2175,2258,2181,2149,2323,2187
2186: 2182,2064,2188,1994,2175,2259,2138,2249,2256,2162,2107,2150,2184,2185,2183,2234,2283,2159,2163,2062,2258,2181,2149,2045,2323,2187,2133,2176,2108,2012,2049,2115,2127,2170,2204
2187: 2258,2181,2149,2045,2323,2107,2150,2184,2185,2183,2234,2110,2283,2159,2337,2282,2261,2182,2064,2188,2186,1994,2175,2091,2108,2012,2049,2115,2127,2170,2204
2188: 2182,2064,2186,1994,2175,2259,2138,2256,2162,2107,2150,2184,2185,2183,2234,2283,2159,2163,2062,2160,2258,2181,2149,2045,2323,2187,2133,2176,2108,2012,2049,2115,2127,2170,2204,2076
2189: 966,2255,2223,2072,2087
2191: 2002,2193,2196,2382,2381,2277,2405,2435,2195,2275,2345,2338,2404,2089,2332,2395,2391,2066,2281,2132,2237,2279,2139,2280,2329,2197,2335,2271,2254
2192: 2472,2328,2531,2532,2438,2451,2296,490,2242,2425,2423,2388,540,2529,2340,2437,2435,2195,2428
2193: 2002,2191,2196,2382,2344,2408,2381,2277,2340,2437,2405,2435,2195,2275,2345,2338,2404,2089,2332,2395,2391,2066,2281,2132,2237,2279,2139,2280,2329,2197,2335,2271
2344: 2382,2408,2381,2046,2293,2324,2241,2325,2243,2424,2386,2242,2425,2423,2240,2245,2044,2347,2277,2340,2437,2405,2339,2094,2275,2338,2404,2002,2193
2195: 2242,2425,2423,2192,2472,2328,2531,2532,2529,2277,2340,2437,2405,2435,2428,2002,2193,2191,2332,2395,2391,2066
2196: 2002,2193,2191,2382,2381,2277,2405,2275,2345,2338,2404,2089,2332,2395,2391,2066,2281,2132,2237,2279,2139,2280,2329,2197,2335,2271,2254
2197: 2329,2275,2345,2404,2089,2002,2193,2191,2196,2332,2395,2391,2066,2281,2132,2237,2279,2139,2280,2335,2271,2254,2145,2199,2198,2260
2198: 2145,2199,2260,2281,2132,2237,2279,2329,2197,2271,2254,2236,2043,2098,2042,2097,580,2161
2199: 2145,2198,2260,2281,2132,2237,2279,2139,2329,2197,2335,2271,2254,2236,2043,2097,2161
2343: 2436,455,2360,2503,2287,2519,2418,1936,1967,2212
2203: 2393,2165,2349
2204: 2115,2127,2170,2076,2182,2188,2186,1994,2258,2181,2149,2045,2323,2187,2272,2091,2012,2140,2201,2075,2090
2205: 2122,2169,2112,2177,2130,2318,2316,2180,2317,2278,1961,2155,2353,2235,2226,2238,2251,2225,2154,2202,2143,2142,2249,2256,2162,2247,2129,2248,2135,1982,2093,2144,2163,2160
2206: 2098,2042,2097,580,2161,2239,2117,2116,1985
2207: 2426,2211,2213,2366,1997,2208,2359,2210,2103,2232,2031,1976
2208: 2359,2346,2384,2348,2233,2383,2166,2385,2302,1997,2367,2105,2270,2231,2190,2207,2211,2213,2210,2103,2232,2167
2209: 2446,2448,2447,2491,588,2444,2443,2168,2360,2503,2421,2233,2445
2210: 2103,2232,1997,2208,2359,2346,2270,2231,2207,2426,2211,2213,2366,2167,2120,1976,2228,2038
2211: 2207,2426,2213,2366,1997,2208,2359,2210,2103,2232,2031,1976
2212: 2343,2436,2418,1936,1967,2031
2213: 2207,2426,2211,2366,1997,2208,2359,2346,2210,2103,2232,2031,1976
2214: 2331,2330,2218,2024,915,2265,2365,2333,2267,2299,2309,2308,2016,2221,2322,2374,2351,2215,2311,2238,2251,2131,2225,2154,2219,2288,2312,2250,2252,2289,2244,2300,2253,2216,2246
2215: 2374,2351,2311,2265,2333,2267,2394,2262,2299,2331,2330,2214,2218,2024,2046,2293,2324,2241,2325,2243,2219,2288,2312,2289,2244,2300,2253,2216,2246,2240,2044,2347
2216: 2244,2300,2253,2246,2331,2330,2214,2218,2024,2374,2351,2215,2311,2293,2324,2241,2325,2243,2219,2288,2312,2250,2252,2289,2240,2044,2347,2107,2150,2234,2110,2283,2159,2282
2217: 2361,2362,2363,2040,2392,2410,2413,2266,2334,2454,2411,2294,2394,2262,2299,2292,2439,2374,2046,2293,2324,2241,2325,2243,2386
2218: 2331,2330,2214,2024,2419,2310,915,2265,2365,2263,2409,2333,2267,2394,2262,2299,2309,2308,2016,2221,2322,2374,2351,2215,2311,2238,2251,2131,2154,2219,2288,2312,2250,2252,2289,2244,2300,2216
2219: 2288,2312,2250,2252,2289,2309,2308,2016,2331,2330,2214,2218,2024,2351,2215,2311,2238,2251,2131,2225,2154,2244,2300,2253,2216,2246,2249,2247,2129,2248,2107,2150,2110,2283,2159
2353: 1961,2155,2235,2226,2178,2315,2313,2314,2321,2341,2420,2156,2319,2308,2221,2322,2318,2316,2180,2317,2278,2238,2251,2131,2225,2154,2202,2142,2122,2169,2112,2205,2177,2130,2256,2162,2129,2248
2223: 2072,2165,2290,2096,2050,2087,966,2189,2255
2224: 2148,2498,2499,1530,1445,410
2225: 2238,2251,2131,2154,2321,2341,2420,2156,2319,2309,2308,2016,2221,2322,2331,2214,1961,2155,2353,2235,2226,2219,2288,2250,2252,2289,2122,2169,2112,2205,2177,2130,2259,2138,2249,2256,2162,2247,2129,2248,2107
2226: 1961,2155,2353,2235,2178,2313,2314,2321,2341,2420,2156,2319,2309,2308,2016,2221,2322,2318,2316,2180,2278,2238,2251,2131,2225,2154,2202,2122,2112,2205,2177,2249,2256,2162,2247,2129,2248
2227: 2229,2099,2228,2038,2077,2147,2137,2164,2104,2121
2228: 2038,2210,2103,2232,2167,2120,2143,2077,2147,2137,2164,2104,2229,2099,2227,2121
2229: 2099,2227,2228,2038,2077,2147,2137,2164,2104,2121
2437: 2277,2340,2405,2435,2424,2386,2242,2425,2423,2388,2192,2472,2532,2382,2344,2408,2381,2195,2275,2338,2002,2193
2231: 2367,2105,2270,2190,2383,2166,2385,2389,2302,2304,2208,2359,2346,2384,2180,2317,2210,2103,2232,2167,2120
2235: 1961,2155,2353,2226,2178,2315,2313,2314,2321,2341,2420,2156,2319,2308,2221,2322,2318,2316,2180,2317,2278,2238,2251,2131,2225,2154,2202,2143,2142,2122,2169,2112,2205,2177,2130,2138,2249,2256,2162,2247,2129,2248
2236: 2043,2272,2091,2281,2132,2237,2279,2139,2280,2140,2201,2075,2145,2199,2198,2260,2141,2074,2098,2042
2237: 2281,2132,2279,2139,2280,2276,2094,2275,2345,2338,2404,2089,2002,2193,2191,2196,2272,2091,2329,2197,2140,2201,2236,2043,2145,2199,2198,2260
2239: 2117,2097,580,2161,434,2206,2358,2173
2240: 2245,2044,2347,2351,2215,2324,2241,2325,2243,2244,2300,2253,2216,2246,2382,2344,2408,2381,2234,2110,2283,2159,2342,2276,2337,2282,2339,2261,2094,2275,2345,2338,2404,2089
2241: 2046,2293,2324,2325,2243,2299,2217,2362,2374,2351,2215,2311,2424,2386,2244,2300,2253,2216,2246,2240,2245,2044,2347,2382,2344,2408,2381
2242: 2425,2423,2388,2291,2438,2451,2296,2424,2386,2192,2472,2532,2382,2344,2408,2381,2277,2340,2437,2405,2435,2195
2243: 2046,2293,2324,2241,2325,2394,2262,2299,2217,2361,2362,2363,2374,2351,2215,2311,2386,2244,2300,2253,2216,2246,2240,2245,2044,2347,2344,2408,2381
2244: 2300,2253,2216,2246,2331,2330,2214,2218,2024,2374,2351,2215,2311,2046,2293,2324,2241,2325,2243,2219,2288,2312,2240,2245,2044,2347,2107,2150,2234,2110,2283,2159,2276,2337,2282,2339,2261,2094
2245: 2240,2044,2347,2351,2046,2293,2324,2241,2325,2243,2424,2386,2244,2300,2253,2246,2382,2344,2408,2381,2234,2110,2283,2276,2337,2282,2339,2261,2094,2275,2345,2338,2404,2089
2246: 2244,2300,2253,2216,2331,2330,2214,2024,2374,2351,2215,2311,2046,2293,2324,2241,2325,2243,2219,2288,2312,2240,2245,2044,2347,2107,2150,2234,2110,2283,2159,2276,2337,2282,2339,2261,2094
2247: 2259,2138,2249,2256,2162,2129,2248,2155,2235,2226,2238,2251,2131,2225,2154,2219,2288,2312,2250,2252,2289,2122,2169,2112,2205,2177,2130,2107,2150,2184,2185,2183,2163,2062,2160,2182,2064,1994,2175
2248: 2259,2138,2249,2256,2162,2247,2129,1961,2155,2353,2235,2226,2238,2251,2131,2225,2154,2219,2288,2250,2252,2289,2122,2169,2112,2205,2177,2130,2107,2150,2185,2183,2163,2062,2160,2175
2249: 2259,2138,2256,2162,2247,2129,2248,2155,2235,2226,2238,2251,2131,2225,2154,2219,2288,2312,2250,2252,2289,2122,2169,2205,2177,2130,2107,2150,2184,2185,2183,2163,2062,2160,2182,2064,2186,1994,2175
2250: 2219,2288,2312,2252,2289,2309,2308,2016,2221,2331,2330,2214,2218,2024,2311,2238,2251,2131,2225,2154,2300,2253,2216,2259,2138,2249,2256,2162,2247,2129,2248,2107,2150,2184,2185,2183,2283,2159
2251: 2238,2131,2225,2154,2341,2156,2309,2308,2016,2221,2322,2331,2214,2218,2024,1961,2155,2353,2235,2226,2219,2288,2312,2250,2252,2289,2205,2177,2130,2259,2138,2249,2256,2162,2247,2129,2248,2107,2150,2185,2183
2252: 2219,2288,2312,2250,2289,2309,2308,2016,2221,2331,2330,2214,2218,2024,2311,2238,2251,2131,2225,2154,2300,2253,2216,2259,2138,2249,2256,2162,2247,2129,2248,2107,2150,2184,2185,2183,2283,2159
2253: 2244,2300,2216,2246,2331,2214,2024,2351,2215,2311,2241,2243,2219,2288,2312,2250,2252,2240,2245,2044,2347,2107,2150,2184,2185,2183,2234,2110,2283,2159,2276,2337,2282,2339,2261,2094
2254: 2335,2271,2002,2191,2196,2332,2395,2391,2066,2422,2474,2329,2197,2354,2145,2199,2198,2260
2256: 2259,2138,2249,2162,2247,2129,2248,2155,2353,2235,2226,2238,2251,2131,2225,2154,2288,2250,2252,2289,2122,2169,2112,2205,2177,2130,2107,2150,2184,2185,2183,2093,2144,2163,2062,2160,2182,2064,2188,2186,1994,2175
2257: 2371,2525,513
2259: 2138,2249,2256,2162,2247,2129,2248,2251,2131,2225,2312,2250,2252,2122,2169,2177,2130,2107,2150,2184,2185,2183,2093,2163,2062,2160,2182,2064,2188,2186,1994,2175
2260: 2145,2199,2198,2281,2132,2237,2279,2139,2280,2329,2197,2335,2271,2254,2236,2043,2097,2161
2262: 2394,2299,2465,1700,2364,2040,2392,2410,1671,2413,2266,2334,2454,2265,2365,2263,2409,2333,2267,2217,2361,2362,2363,2330,2218,2024,2374,2351,2215,2311,2293,2325,2243
2263: 2265,2365,2409,2333,2267,2375,2427,2465,1700,2364,2040,2392,2410,1671,2413,2266,2416,2378,915,2394,2262,2299,2330,2218,2374
2421: 2209,2446,2448,2447,2443,2168,2360,2503,2287,2519,2348,2233,2445,2418,1997
2265: 2365,2263,2409,2333,2267,2375,2465,2040,2392,2419,2416,2310,2378,915,2394,2262,2299,2309,2308,2016,2221,2322,2331,2330,2214,2218,2024,2374,2215,2311
2266: 1701,2040,2392,2410,1671,2413,2268,2463,2462,2373,2465,1700,2364,2334,2454,2411,2263,2409,2333,2267,2394,2262,2299,2217,2361,2362,2363
2267: 2265,2365,2263,2409,2333,2465,2040,2392,2410,2266,915,2394,2262,2299,2309,2308,2016,2331,2330,2214,2218,2024,2374,2351,2215,2311
2268: 2463,2462,2373,2488,2464,2441,2507,2505,2410,2413,2266,2334,2454,2411,2294
2307: 2306,2301,2305,2458,2460,2179,2401,2431,1989,2399,2479,2459,2406,2320,2415,2356,2403,2432,2383,2385,2389,2302,2304,2178,2400,2315,2313,2055,2314
2270: 2367,2105,2231,2190,2389,2302,2304,2178,2315,2314,2208,2359,2346,2318,2316,2180,2317,2278,2210,2103,2232,2167,2120,2202,2143,2142
2271: 2335,2254,2002,2193,2191,2196,2332,2395,2391,2066,2422,2474,2329,2197,2354,2145,2199,2198,2260
2272: 2091,2234,2276,2337,2282,2339,2261,2094,2345,2338,2404,2089,2258,2181,2149,2045,2323,2281,2132,2237,2279,2139,2280,2170,2204,2140,2201,2075,2236,2043
2469: 2511,2514,2467,2123,2533,2468,2398,2490,2285,2495
2274: 2336,2070,1337,1690,2146,1487,822
2275: 2345,2338,2404,2089,2240,2245,2044,2347,2382,2344,2408,2381,2277,2340,2437,2405,2435,2276,2282,2339,2261,2094,2002,2193,2191,2196,2281,2237,2279,2139,2280,2329,2197
2276: 2342,2337,2282,2339,2261,2094,2244,2253,2246,2240,2245,2044,2347,2382,2381,2234,2110,2283,2159,2275,2345,2338,2404,2089,2258,2181,2149,2045,2323,2272,2091,2281,2132,2237,2279,2139,2280
2277: 2340,2437,2405,2435,2424,2242,2425,2423,2382,2344,2408,2381,2195,2275,2345,2338,2404,2089,2002,2193,2191,2196,2395,2391,2066
2278: 2318,2316,2180,2317,2389,2304,2178,2315,2313,2314,2321,2341,2156,2319,2367,2105,2270,2190,1961,2155,2353,2235,2226,2167,2120,2202,2143,2142,2122,2169,2112,2205,2177,2130
2279: 2281,2132,2237,2139,2280,2276,2337,2282,2339,2261,2094,2275,2345,2338,2404,2089,2002,2193,2191,2196,2272,2091,2329,2197,2140,2201,2236,2043,2145,2199,2198,2260
2280: 2281,2132,2237,2279,2139,2276,2337,2282,2339,2261,2094,2275,2345,2338,2404,2089,2002,2193,2191,2196,2272,2091,2329,2197,2140,2201,2236,2043,2260
2282: 2342,2276,2337,2339,2261,2094,2244,2300,2253,2216,2246,2240,2245,2044,2347,2408,2381,2234,2110,2283,2159,2275,2345,2338,2404,2089,2258,2181,2323,2187,2272,2091,2279,2139,2280
2283: 2234,2110,2159,2219,2288,2312,2250,2252,2244,2300,2253,2216,2246,2240,2245,2044,2347,2107,2150,2184,2185,2183,2276,2337,2282,2339,2261,2094,2182,2188,2186,1994,2258,2181,2149,2323,2187,2091
2345: 2275,2338,2404,2089,2240,2245,2044,2347,2382,2381,2277,2405,2342,2276,2337,2282,2339,2261,2094,2002,2193,2191,2196,2272,2091,2281,2132,2237,2279,2139,2280,2329,2197
2285: 2398,2490,2495,2469,2511,2514,2467,1323,1454
2286: 2449,1773,2350,2174,2455
2287: 2360,2503,2519,2446,2448,455,2421,2343,2436,2418
2288: 2219,2312,2250,2252,2289,2309,2308,2016,2221,2331,2330,2214,2218,2024,2351,2215,2311,2238,2251,2131,2225,2154,2244,2300,2253,2216,2246,2249,2256,2247,2129,2248,2107,2150,2183,2283,2159
2290: 2096,2031,1976,2165,2349,583,2050,2223,2072,2087
2291: 2292,2439,2411,2294,2452,2513,2497,2361,2363,2438,2046,2424,2386,2242,2425,2423,2388
2292: 2291,2439,2334,2454,2411,2294,2452,2497,2217,2361,2362,2363,2438,2046,2293,2386
2293: 2046,2324,2241,2325,2243,2394,2262,2299,2217,2361,2362,2363,2292,2439,2374,2351,2215,2311,2424,2386,2244,2300,2216,2246,2245,2044,2347,2344,2408,2381
2294: 2268,2463,2373,2441,2507,2505,2457,2492,2334,2454,2411,2452,2513,2497,2217,2361,2363,2291,2292,2439,2438
2470: 2442,589,1530,1445,2407,2071,1551,1414,1477,1341
2296: 2451,2452,2513,2497,2450,2438,490,2242,2425,2423,2388,2192,2472,2328,2531,2532
2439: 2291,2292,2334,2454,2411,2294,2452,2497,2217,2361,2362,2363,2438,2046,2293,2386
2525: 2371,2257,513
2299: 2394,2262,2040,2392,2410,2266,2265,2365,2263,2409,2333,2267,2217,2361,2362,2363,2330,2214,2218,2024,2374,2351,2215,2311,2046,2293,2324,2241,2325,2243
2300: 2244,2253,2216,2246,2331,2330,2214,2218,2024,2374,2351,2215,2311,2293,2324,2241,2325,2243,2219,2288,2312,2250,2252,2289,2240,2245,2044,2347,2107,2150,2234,2110,2283,2159,2282,2339
2301: 2306,2307,2305,2303,2458,2482,2460,2179,2401,2466,2431,1989,2399,2479,2459,2406,2320,2415,2356,2403,2432,2383,2385,2389,2302,2304,2400,2315,2313,2055
2302: 2389,2304,1989,2399,2479,2459,2306,2301,2307,2305,2406,2320,2403,2432,2383,2166,2385,2178,2400,2315,2313,2055,2208,2359,2346,2384,2367,2105,2270,2231,2190,2318,2180,2317
2303: 2458,2482,2460,2483,2471,2522,2430,588,2444,2481,2401,2443,2168,1989,2399,2479,2459,2306,2301
2304: 2389,2302,2306,2301,2307,2305,2406,2320,2403,2432,2178,2400,2315,2313,2055,2314,2367,2105,2270,2231,2190,2318,2316,2180,2317,2278
2305: 2306,2301,2307,2458,2482,2460,2179,2401,2466,2431,1989,2399,2479,2459,2406,2320,2415,2356,2403,2432,2383,2385,2389,2302,2304,2178,2400,2315,2313,2055
2306: 2301,2307,2305,2303,2458,2482,2460,2179,2401,2466,2431,1989,2399,2479,2459,2406,2320,2415,2356,2403,2432,2385,2389,2302,2304,2400,2315,2313,2055
2308: 2309,2016,2221,2322,2357,2158,2352,2414,2355,2157,2379,2419,2416,2310,2378,915,2265,2365,2333,2267,2321,2341,2420,2156,2319,2331,2330,2214,2218,2024,2155,2353,2235,2226,2238,2251,2131,2225,2154,2219,2288,2250,2252,2289
2309: 2308,2016,2221,2322,2357,2379,2419,2416,2310,2378,915,2265,2365,2409,2333,2267,2321,2341,2420,2331,2330,2214,2218,2024,2155,2226,2238,2251,2131,2225,2154,2219,2288,2250,2252,2289
2310: 2419,2416,2378,915,2461,2376,2417,2433,2375,2152,2357,2158,2352,2414,2355,2157,2379,2265,2365,2321,2341,2420,2156,2319,2309,2308,2016,2221,2322,2218
2313: 2178,2400,2315,2055,2314,2306,2301,2307,2305,2406,2320,2415,2356,2403,2432,2357,2158,2352,2414,2355,2389,2302,2304,2321,2341,2420,2156,2319,2367,2105,2190,2318,2316,2180,2317,2278,1961,2155,2353,2235,2226
2314: 2178,2400,2315,2313,2055,2307,2406,2320,2415,2356,2357,2158,2352,2414,2355,2389,2304,2321,2341,2420,2156,2319,2367,2105,2270,2190,2318,2316,2180,2317,2278,1961,2155,2353,2235,2226
2315: 2178,2400,2313,2055,2314,2306,2301,2307,2305,2406,2320,2415,2356,2403,2432,2357,2158,2414,2355,2389,2302,2304,2321,2341,2420,2156,2319,2367,2105,2270,2190,2318,2316,2180,2317,2278,1961,2155,2353,2235
2316: 2318,2180,2317,2278,2389,2304,2178,2400,2315,2313,2055,2314,2321,2341,2156,2319,2367,2105,2270,2190,1961,2155,2353,2235,2226,2167,2120,2202,2143,2142,2122,2169,2112,2205,2177
2317: 2318,2316,2180,2278,2389,2302,2304,2178,2400,2315,2313,2314,2321,2341,2156,2319,2367,2105,2270,2231,2190,1961,2155,2353,2235,2167,2120,2202,2143,2142,2122,2169,2112,2205,2177
2318: 2316,2180,2317,2278,2389,2302,2304,2178,2400,2315,2313,2055,2314,2321,2341,2420,2156,2319,2367,2105,2270,2190,1961,2155,2353,2235,2226,2167,2120,2202,2143,2142,2122,2169,2112,2205,2177
2319: 2321,2341,2420,2156,2406,2320,2415,2356,2432,2357,2158,2352,2414,2355,2157,2379,2419,2310,2378,2178,2400,2315,2313,2055,2314,2308,2016,2221,2322,2318,2316,2180,2317,2278,1961,2155,2353,2235,2226,2238,2225,2154
2320: 2406,2415,2356,2403,2432,2179,2466,2431,2461,2376,2417,2306,2301,2307,2305,2357,2158,2352,2414,2355,2157,2379,2389,2302,2304,2178,2400,2315,2313,2055,2314,2321,2420,2319
2322: 2309,2308,2016,2221,2357,2158,2352,2414,2355,2157,2379,2419,2416,2310,2378,915,2265,2365,2321,2341,2420,2156,2319,2331,2330,2214,2218,1961,2155,2353,2235,2226,2238,2251,2225,2154,2289
2323: 2258,2181,2149,2045,2187,2107,2150,2184,2185,2183,2234,2110,2283,2159,2276,2337,2282,2339,2261,2094,2182,2064,2188,2186,1994,2175,2272,2091,2012,2127,2170,2204
2324: 2046,2293,2241,2325,2243,2299,2217,2362,2374,2351,2215,2424,2386,2244,2300,2216,2246,2240,2245,2044,2347,2382,2344,2408,2381
2325: 2046,2293,2324,2241,2243,2394,2262,2299,2217,2361,2362,2363,2374,2351,2215,2311,2386,2244,2300,2216,2246,2240,2245,2044,2347,2344,2408,2381
2523: 2377,2476,2475,2487,2429,2480,2477,853,1677,2376,2433,2375,2152,2427,2512,2465,2364
2407: 2071,1530,1445,2442,589,2470,1477,1341
2328: 2192,2472,2531,2532,2451,2296,490,2425,2423,2388,540,2529,2340,2435,2195,2428
2329: 2197,2275,2345,2404,2089,2002,2193,2191,2196,2332,2395,2391,2066,2281,2132,2237,2279,2139,2280,2335,2271,2254,2145,2199,2198,2260
2330: 2331,2214,2218,2024,915,2265,2365,2263,2409,2333,2267,2394,2262,2299,2309,2308,2016,2221,2322,2374,2351,2215,2311,2238,2131,2154,2219,2288,2312,2250,2252,2289,2244,2300,2216,2246
2331: 2330,2214,2218,2024,915,2265,2365,2333,2267,2309,2308,2016,2221,2322,2374,2351,2215,2311,2238,2251,2131,2225,2154,2219,2288,2312,2250,2252,2289,2244,2300,2253,2216,2246
2332: 2395,2391,2066,2405,2435,2195,2002,2193,2191,2196,2422,2474,2151,2527,2329,2197,2335,2271,2254,2354
2333: 2265,2365,2263,2409,2267,2465,2364,2040,2392,2410,2266,2378,915,2394,2262,2299,2309,2308,2016,2331,2330,2214,2218,2024,2374,2351,2215,2311
2334: 2454,2411,2488,2464,2268,2463,2462,2373,2505,2040,2392,2410,1671,2413,2266,2294,2394,2262,2217,2361,2362,2363,2292,2439
2335: 2271,2254,2002,2193,2191,2196,2332,2395,2391,2066,2422,2474,2329,2197,2354,2145,2199,2260
2336: 2070,911,2369,2473,1337,2069,2146,2274
2337: 2342,2276,2282,2339,2261,2094,2244,2253,2246,2240,2245,2044,2347,2381,2234,2110,2283,2159,2345,2338,2404,2089,2258,2181,2149,2045,2323,2187,2272,2091,2281,2279,2139,2280
2338: 2275,2345,2404,2089,2240,2245,2044,2347,2382,2344,2408,2381,2277,2340,2437,2405,2342,2276,2337,2282,2339,2261,2094,2002,2193,2191,2196,2272,2091,2281,2132,2237,2279,2139,2280
2339: 2342,2276,2337,2282,2261,2094,2244,2300,2253,2246,2240,2245,2044,2347,2382,2344,2408,2381,2234,2110,2283,2159,2275,2345,2338,2404,2089,2258,2181,2323,2272,2091,2281,2279,2139,2280
2340: 2277,2437,2405,2435,2424,2242,2425,2423,2388,2192,2472,2328,2531,2532,2382,2344,2408,2381,2195,2275,2338,2002,2193
2341: 2321,2420,2156,2319,2356,2357,2158,2414,2355,2419,2310,2178,2400,2315,2313,2055,2314,2309,2308,2016,2221,2322,2318,2316,2180,2317,2278,1961,2155,2353,2235,2226,2238,2251,2131,2225,2154
2342: 2276,2337,2282,2339,2261,2094,2240,2234,2345,2338,2089,2258,2091
2348: 2233,2445,2443,2168,2399,2479,2421,2383,2166,2385,1997,2208,2359,2346,2384
2349: 2165,2031,2393,2203,2290,2096
2350: 2286,2449,1773,2174,2455,926,918
2351: 2374,2215,2311,2333,2267,2394,2262,2299,2331,2330,2214,2218,2024,2046,2293,2324,2241,2325,2243,2219,2288,2312,2244,2300,2253,2216,2246,2240,2245,2044,2347
2352: 2357,2158,2414,2355,2157,2379,2466,2431,2461,2376,2417,2485,2433,2375,2152,2406,2320,2415,2356,2403,2432,2419,2416,2310,2378,915,2178,2400,2313,2055,2314,2321,2420,2319,2308,2221,2322
2354: 2332,2391,2422,2474,2151,2527,2335,2271,2254,2370,2125,2412
2355: 2357,2158,2352,2414,2157,2379,2431,2461,2376,2417,2152,2406,2320,2415,2356,2403,2432,2419,2416,2310,2378,915,2178,2400,2315,2313,2055,2314,2321,2341,2420,2156,2319,2308,2016,2221,2322
2356: 2406,2320,2415,2403,2432,2179,2466,2431,2461,2376,2417,2485,2306,2301,2307,2305,2357,2158,2352,2414,2355,2157,2379,2178,2400,2315,2313,2055,2314,2321,2341,2420,2156,2319
2357: 2158,2352,2414,2355,2157,2379,2431,2461,2376,2417,2152,2406,2320,2415,2356,2419,2416,2310,2378,915,2178,2400,2315,2313,2055,2314,2321,2341,2420,2156,2319,2309,2308,2016,2221,2322
2358: 2173,434,2239,2117,916
2359: 2208,2346,2384,2348,2233,2383,2166,2385,2302,1997,2367,2105,2270,2231,2190,2207,2426,2211,2213,2366,2210,2103,2232,2167
2360: 2503,2287,2519,2209,2446,2448,2447,455,2421,2343,2436,2418
2361: 2217,2362,2363,2040,2392,2410,2413,2266,2334,2454,2411,2294,2394,2262,2299,2291,2292,2439,2374,2046,2293,2325,2243,2386
2362: 2217,2361,2363,2040,2392,2410,2266,2334,2454,2411,2394,2262,2299,2292,2439,2374,2046,2293,2324,2241,2325,2243,2386
2363: 2217,2361,2362,2040,2392,2410,2413,2266,2334,2454,2411,2294,2394,2262,2299,2291,2292,2439,2374,2046,2293,2325,2243,2386
2364: 2465,1700,2377,2476,2475,2523,853,1677,2488,2464,2433,2375,2152,2427,2512,2040,2392,1671,2413,2266,2416,2378,915,2263,2409,2333,2394,2262
2365: 2265,2263,2409,2333,2267,2375,2152,2465,2040,2392,2419,2416,2310,2378,915,2394,2262,2299,2309,2308,2016,2221,2322,2331,2330,2214,2218,2024,2374,2311
2366: 2207,2426,2211,2213,1997,2359,2210,2031,1976
2367: 2105,2270,2231,2190,2383,2166,2385,2389,2302,2304,2178,2400,2315,2313,2055,2314,2208,2359,2346,2384,2318,2316,2180,2317,2278,2167,2120,2202
2369: 2473,1787,1697,2336,2070,2069
2370: 2125,2412,2354,512,2521
2371: 2525,2257,513
2485: 2461,2376,2417,2456,2434,2222,2524,2402,2530,2487,2429,2480,2477,2377,2475,2466,2431,2433,2152,2406,2415,2356,2352,2414,2157,2379
2373: 2268,2463,2462,2441,2507,2505,2410,2413,2266,2334,2454,2411,2294
2374: 2351,2215,2311,2265,2365,2263,2409,2333,2267,2394,2262,2299,2217,2361,2362,2363,2331,2330,2214,2218,2024,2046,2293,2324,2241,2325,2243,2244,2300,2216,2246,2044
2375: 2433,2152,2427,2512,2429,2480,2477,2377,2476,2475,2523,853,1677,2461,2376,2417,2465,1700,2364,2352,2414,2157,2379,2419,2416,2310,2378,915,2265,2365,2263,2409
2376: 2461,2417,2485,2456,2222,2524,2402,2487,2429,2480,2477,2377,2476,2475,2523,2466,2431,2433,2375,2152,2427,2512,2406,2320,2415,2356,2357,2158,2352,2414,2355,2157,2379,2419,2416,2310,2378,915
2378: 2419,2416,2310,915,2461,2376,2417,2433,2375,2152,2427,2512,2465,2364,2357,2158,2352,2414,2355,2157,2379,2265,2365,2263,2409,2333,2321,2420,2319,2309,2308,2016,2221,2322
2379: 2357,2158,2352,2414,2355,2157,2431,2461,2376,2417,2485,2433,2375,2152,2427,2512,2406,2320,2415,2356,2419,2416,2310,2378,915,2055,2321,2420,2319,2309,2308,2016,2221,2322
2477: 2487,2429,2480,2456,2222,2524,2377,2476,2475,2523,2376,2485,2433,2375,2152,2427,2512
2381: 2382,2344,2408,2046,2293,2324,2241,2325,2243,2424,2386,2242,2425,2423,2240,2245,2044,2347,2277,2340,2437,2405,2276,2337,2282,2339,2261,2094,2275,2345,2338,2404,2089,2002,2193,2191,2196
2382: 2344,2408,2381,2046,2324,2241,2424,2386,2242,2425,2423,2240,2245,2044,2347,2277,2340,2437,2405,2435,2276,2339,2094,2275,2345,2338,2404,2089,2002,2193,2191,2196
2383: 2166,2385,2443,2168,2399,2479,2301,2307,2305,2348,2233,2445,2302,1997,2208,2359,2346,2384,2367,2105,2231
2384: 2208,2359,2346,2348,2233,2445,2383,2166,2385,2302,1997,2367,2105,2231,2167
2385: 2383,2166,2443,2168,2399,2479,2459,2306,2301,2307,2305,2348,2233,2445,2302,1997,2208,2359,2346,2384,2367,2105,2231
2386: 2424,2217,2361,2362,2363,2291,2292,2439,2438,2046,2293,2324,2241,2325,2243,2242,2425,2423,2245,2044,2382,2344,2408,2381,2437
2466: 2431,2484,2430,2456,2434,2222,2524,2402,2530,2487,2429,2480,2179,2401,2461,2376,2417,2485,2306,2301,2305,2406,2320,2415,2356,2403,2432,2352,2414
2388: 2242,2425,2423,2291,2438,2451,2296,2424,2192,2472,2328,2531,2532,2340,2437,2435
2389: 2302,2304,2306,2301,2307,2305,2406,2320,2403,2432,2178,2400,2315,2313,2055,2314,2367,2105,2270,2231,2190,2318,2316,2180,2317,2278
2524: 2456,2434,2222,2402,2530,2484,2430,2487,2429,2480,2477,2179,2401,2466,2431,2461,2376,2417,2485
2391: 2332,2395,2066,2277,2405,2435,2195,2428,2002,2193,2191,2196,2422,2474,2151,2527,2329,2197,2335,2271,2254,2354
2392: 1701,2040,2410,1671,2413,2266,853,1677,2488,2464,2462,2465,1700,2364,2334,2454,2411,2265,2365,2263,2409,2333,2267,2394,2262,2299,2217,2361,2362,2363
2393: 2203,2165,2349
2394: 2262,2299,2465,1700,2364,1701,2040,2392,2410,1671,2413,2266,2334,2454,2411,2265,2365,2263,2409,2333,2267,2217,2361,2362,2363,2330,2218,2374,2351,2215,2311,2293,2325,2243
2395: 2332,2391,2066,2277,2405,2195,2002,2193,2191,2196,2422,2474,2329,2197,2335,2271,2254
2396: 2174,2455
2488: 2464,853,1677,2268,2463,2462,2465,1700,2364,2040,2392,1671,2413,2334,2454
2398: 2490,2285,2495,2469,2511,2514,2467,1323,1454
2399: 1989,2479,2459,588,2444,2481,2303,2458,2482,2460,2401,2443,2168,2306,2301,2307,2305,2348,2233,2445,2383,2385,2302
2401: 2179,2471,2522,2484,2430,2434,2524,2402,2530,2303,2458,2482,2460,2466,2431,1989,2399,2479,2459,2306,2301,2307,2305,2406,2403,2432
2402: 2456,2434,2222,2524,2530,2484,2430,2487,2429,2480,2179,2401,2466,2431,2461,2376,2417,2485
2403: 2406,2320,2415,2356,2432,2179,2401,2466,2431,2461,2417,2306,2301,2307,2305,2158,2352,2414,2355,2389,2302,2304,2400,2315,2313,2055
2404: 2275,2345,2338,2089,2240,2245,2382,2344,2408,2381,2277,2405,2276,2337,2282,2339,2261,2094,2002,2193,2191,2196,2272,2091,2281,2132,2237,2279,2139,2280,2329,2197
2405: 2277,2340,2437,2435,2424,2242,2425,2423,2382,2344,2408,2381,2195,2275,2345,2338,2404,2089,2002,2193,2191,2196,2332,2395,2391,2066
2408: 2382,2344,2381,2046,2293,2324,2241,2325,2243,2424,2386,2242,2425,2423,2240,2245,2044,2347,2277,2340,2437,2405,2282,2339,2094,2275,2338,2404,2193
2409: 2265,2365,2263,2333,2267,2375,2465,1700,2364,2040,2392,2410,1671,2413,2266,2416,2378,915,2394,2262,2299,2309,2016,2330,2218,2374,2311
2410: 1701,2040,2392,1671,2413,2266,2268,2463,2462,2373,2465,1700,2334,2454,2411,2263,2409,2333,2267,2394,2262,2299,2217,2361,2362,2363
2411: 2334,2454,2268,2463,2462,2373,2441,2507,2505,2392,2410,2413,2266,2294,2394,2217,2361,2362,2363,2291,2292,2439
2412: 2370,2125,2354,512,2521
2413: 1701,2040,2392,2410,1671,2266,853,1677,2488,2464,2268,2463,2462,2373,2465,1700,2364,2334,2454,2411,2263,2409,2394,2262,2217,2361,2363
2414: 2357,2158,2352,2355,2157,2379,2466,2431,2461,2376,2417,2485,2433,2375,2152,2406,2320,2415,2356,2403,2432,2419,2416,2310,2378,915,2178,2400,2315,2313,2055,2314,2321,2341,2420,2156,2319,2308,2221,2322
2415: 2406,2320,2356,2403,2432,2179,2466,2431,2461,2376,2417,2485,2306,2301,2307,2305,2357,2158,2352,2414,2355,2157,2379,2178,2400,2315,2313,2055,2314,2321,2420,2319
2416: 2419,2310,2378,915,2461,2376,2417,2433,2375,2152,2427,2512,2465,2364,2357,2158,2352,2414,2355,2157,2379,2265,2365,2263,2409,2321,2420,2309,2308,2016,2322
2417: 2461,2376,2485,2456,2524,2402,2487,2429,2480,2466,2431,2433,2375,2152,2406,2320,2415,2356,2403,2432,2357,2158,2352,2414,2355,2157,2379,2419,2416,2310,2378
2418: 2360,2503,2287,2519,2421,2343,2436,1936,2212
2419: 2416,2310,2378,915,2461,2376,2417,2433,2375,2152,2357,2158,2352,2414,2355,2157,2379,2265,2365,2321,2341,2420,2156,2319,2309,2308,2016,2221,2322,2218
2420: 2321,2341,2156,2319,2406,2320,2415,2356,2357,2158,2352,2414,2355,2157,2379,2419,2416,2310,2378,915,2178,2400,2315,2313,2055,2314,2309,2308,2016,2221,2322,2318,1961,2155,2353,2235,2226,2238,2225,2154
2422: 2474,2151,2527,2332,2395,2391,2066,2335,2271,2254,2354
2423: 2242,2425,2388,2291,2438,2451,2296,2424,2386,2192,2472,2328,2531,2532,2382,2344,2408,2381,2277,2340,2437,2405,2435,2195
2424: 2386,2291,2438,2046,2293,2324,2241,2242,2425,2423,2388,2245,2044,2382,2344,2408,2381,2277,2340,2437,2405,2435
2425: 2242,2423,2388,2291,2438,2451,2296,2424,2386,2192,2472,2328,2531,2532,2382,2344,2408,2381,2277,2340,2437,2405,2435,2195
2426: 2207,2211,2213,2366,1997,2359,2210,2031,1976
2427: 2433,2375,2152,2512,2429,2480,2477,2377,2476,2475,2523,853,1677,2376,2465,1700,2364,2157,2379,2416,2378,915,2263
2428: 2192,2472,2328,2531,540,2529,2195,2391
2429: 2487,2480,2477,2456,2434,2222,2524,2402,2530,2377,2476,2475,2523,2466,2431,2461,2376,2417,2485,2433,2375,2152,2427,2512
2430: 2484,2471,2522,2456,2434,2222,2524,2402,2530,2303,2458,2482,2460,2179,2401,2466
2431: 2466,2484,2456,2434,2222,2524,2402,2530,2487,2429,2480,2179,2401,2461,2376,2417,2485,2306,2301,2307,2305,2406,2320,2415,2356,2403,2432,2357,2158,2352,2414,2355,2157,2379
2432: 2406,2320,2415,2356,2403,2179,2401,2466,2431,2461,2417,2306,2301,2307,2305,2158,2352,2414,2355,2389,2302,2304,2178,2400,2315,2313,2055,2319
2433: 2375,2152,2427,2512,2487,2429,2480,2477,2377,2476,2475,2523,853,2461,2376,2417,2485,2465,2364,2352,2414,2157,2379,2419,2416,2310,2378,915
2434: 2456,2222,2524,2402,2530,2484,2430,2487,2429,2179,2401,2466,2431,2461,2485
2435: 2277,2340,2437,2405,2424,2242,2425,2423,2388,2192,2472,2328,2531,2532,2382,2195,2275,2002,2193,2191,2332,2391
2436: 2343,455,2360,2503,2287,2519,2418,1936,1967,2212
2438: 2294,2452,2513,2497,2450,2291,2292,2439,2451,2296,2424,2386,2242,2425,2423,2388,2192,2532
2471: 2522,2483,2484,2430,2481,2303,2458,2482,2460,2179,2401
2441: 2507,2505,2268,2463,2462,2373,2457,2492,2411,2294,2452,2513,2497
2443: 2168,2491,588,2444,2303,2458,2482,2460,2209,2446,2448,2447,1989,2399,2479,2459,2421,2348,2233,2445,2383,2166,2385
2444: 588,2481,2483,2491,2303,2482,2209,2446,2448,2447,2443,2168,2399,2479
2445: 2348,2233,2209,2446,2448,2447,2443,2168,1989,2399,2479,2459,2421,2383,2166,2385,1997,2384
2446: 2209,2448,2447,2491,588,2444,2443,2168,2360,2503,2287,2421,2445
2447: 2209,2446,2448,2491,588,2444,2443,2168,2360,2503,2421,2233,2445
2448: 2209,2446,2447,2491,2444,2443,2168,2360,2503,2287,2519,2421,2233,2445
2449: 2286,1773,2350
2450: 2457,2492,2452,2513,2497,509,2438,2451,2296,490
2451: 2296,2452,2513,2497,2450,509,2438,490,2242,2425,2423,2388,2192,2472,2328,2531,2532,540,2529
2452: 2513,2497,2441,2507,2457,2492,2294,2450,2291,2292,2439,2438,2451,2296
2454: 2334,2411,2488,2464,2268,2463,2462,2373,2505,2040,2392,2410,1671,2413,2266,2294,2394,2262,2217,2361,2362,2363,2292,2439
2455: 2174,2396,2286,2350
2456: 2434,2222,2524,2402,2530,2484,2430,2487,2429,2480,2477,2179,2466,2431,2461,2376,2417,2485
2457: 2492,2441,2507,2505,2294,2452,2513,2497,2450
2458: 2303,2482,2460,2483,2471,2522,2484,2430,588,2481,2179,2401,2443,2168,1989,2399,2479,2459,2306,2301,2307,2305
2459: 1989,2399,2479,588,2481,2303,2458,2482,2460,2401,2443,2168,2306,2301,2307,2305,2445,2385,2302
2460: 2303,2458,2482,2483,2471,2522,2484,2430,588,2481,2179,2401,2443,2168,1989,2399,2479,2459,2306,2301,2307,2305
2461: 2376,2417,2485,2456,2434,2222,2524,2402,2530,2487,2429,2480,2377,2475,2466,2431,2433,2375,2152,2512,2406,2320,2415,2356,2403,2432,2357,2158,2352,2414,2355,2157,2379,2419,2416,2310,2378
2462: 2268,2463,2373,2488,2464,2441,2507,2505,2392,2410,1671,2413,2266,2334,2454,2411
2463: 2268,2462,2373,2488,2464,2441,2507,2505,2410,2413,2266,2334,2454,2411,2294
2464: 2488,853,1677,2268,2463,2462,2465,1700,2364,2392,1671,2413,2334,2454
2465: 1700,2364,2377,2476,2475,2523,853,1677,2488,2464,2433,2375,2152,2427,2512,2040,2392,2410,1671,2413,2266,2416,2378,915,2265,2365,2263,2409,2333,2267,2394,2262
2467: 2469,2511,2514,2123,2533,2468,2398,2490,2285,2495
2468: 1689,1817,1790,2123,2533,2469,2511,2514,2467
2472: 2192,2328,2531,2532,2451,2296,490,2242,2425,2423,2388,540,2529,2340,2437,2435,2195,2428
2473: 2369,1787,1697,2336,2070,2069
2474: 2422,2151,2527,2332,2395,2391,2066,2335,2271,2254,2354
2475: 2377,2476,2523,2487,2429,2480,2477,853,1677,2461,2376,2485,2433,2375,2152,2427,2512,2465,2364
2476: 2377,2475,2523,2487,2429,2480,2477,853,1677,2376,2433,2375,2152,2427,2512,2465,1700,2364
2479: 1989,2399,2459,588,2444,2481,2303,2458,2482,2460,2401,2443,2168,2306,2301,2307,2305,2348,2233,2445,2383,2385,2302
2480: 2487,2429,2477,2456,2222,2524,2402,2377,2476,2475,2523,2466,2431,2461,2376,2417,2485,2433,2375,2152,2427,2512
2481: 588,2444,2483,2471,2522,2491,2303,2458,2482,2460,2168,1989,2399,2479,2459
2482: 2303,2458,2460,2483,2471,2522,2430,588,2444,2481,2401,2443,2168,1989,2399,2479,2459,2306,2301,2305
2483: 2471,2522,2491,588,2444,2481,2303,2458,2482,2460
2484: 2430,2471,2522,2456,2434,2222,2524,2402,2530,2458,2460,2179,2401,2466,2431
2486: 2504,2516,1874,2509,1933,1951,2489,1830,1882,1884,1838,1914,2520,1907,1879
2487: 2429,2480,2477,2456,2434,2222,2524,2402,2530,2377,2476,2475,2523,2466,2431,2461,2376,2417,2485,2433,2152,2512
2489: 1830,1882,1884,1838,1874,2509,1839,2486,2504,1835,2510,1934,1938,1914,2508,2520,2502,1907,1879,2494,1871
2490: 2398,2285,2495,2469,2511,2514,2467,1323,1454
2491: 2483,588,2444,2481,2209,2446,2448,2447,2443,2168
2492: 2457,2441,2507,2505,2294,2452,2513,2497,2450
2493: 1946,2517,1899,2516,1933,1951
2494: 1842,1871,2526,2489,1830,1882,1884,1838,1835,2510,2502,1907,1879
2495: 2398,2490,2285,2469,2511,2514,2467,1323,1454
2496: 1915,1934,1938,2508,2520,2502,1879,927
2497: 2452,2513,2441,2507,2457,2492,2294,2450,2291,2292,2439,2438,2451,2296
2498: 2148,2224,2499,1530,1445
2499: 2148,2224,2498,1530,1445,410
2500: 1895,2014,2506
2501: 1933,1951,2504,1938,1914,2508,2520,1858
2502: 1907,1879,2504,2489,1882,1884,1838,1934,1938,1914,2508,2520,2494,1842,1871,2526,927,1915,2496
2503: 2360,2287,2519,2209,2446,2448,2447,455,2421,2343,2436,2418
2504: 2486,2516,1874,2509,1933,1951,2489,1830,1882,1884,2501,1934,1938,1914,2508,2520,2502,1907,1879
2505: 2441,2507,2268,2463,2462,2373,2457,2492,2334,2454,2411,2294
2506: 2014,1895,2500,560
2507: 2441,2505,2268,2463,2462,2373,2457,2492,2411,2294,2452,2513,2497
2508: 1934,1938,1914,2520,1933,2504,2489,2501,2502,1907,1879,1858,1820,927,1915,2496
2509: 1874,1872,2528,1926,2516,1951,2486,2504,2489,1830,1882,1884
2510: 1835,1839,1851,2489,1830,1882,1884,1838,1907,2494,1842,1871
2511: 2469,2514,2467,2123,2533,2468,2398,2490,2285,2495
2512: 2433,2375,2152,2427,2487,2429,2480,2477,2377,2476,2475,2523,853,1677,2461,2376,2465,1700,2364,2157,2379,2416,2378,915
2513: 2452,2497,2441,2507,2457,2492,2294,2450,2291,2438,2451,2296
2514: 2469,2511,2467,2123,2533,2468,2398,2490,2285,2495
2515: 1939,2021,2518
2516: 1872,2528,1926,1946,2517,1899,2493,1874,2509,1933,1951,2486,2504
2517: 1946,1899,2493,2516,1951
2518: 2021,1939,2515
2519: 2360,2503,2287,2448,455,2421,2343,2436,2418
2528: 1872,1926,2516,1874,2509
2529: 540,2451,490,2192,2472,2328,2531,2532,2195,2428
2530: 2456,2434,2222,2524,2402,2484,2430,2487,2429,2179,2401,2466,2431,2461,2485
2531: 2192,2472,2328,2532,2451,2296,490,2425,2423,2388,540,2529,2340,2435,2195,2428