1574: 1605,1891,1793,965
543: 
1068: 1632,1656,1630,1655,1659,1653,1654,1657,1658,1640,1638,1627,1619,1624
1141: 1100,461,1656,1746,1708,1720
1543: 904,1349
566: 
949: 1754,1664,1680,1648,1686
1581: 1514,1474,919,1562
1445: 1530,1337,1690,596
1701: 1671,1700
977: 1867,1913,1918
1519: 1564,1430,1450,1531,1554,1476
1373: 1467
1572: 1527
1394: 1379,1415,1365,1557,1419,1345,1317,1346,1426,323,1431
535: 
1939: 1895,1927
1459: 1525,1526,1561
1509: 1357,1345,1393,1428,1489
583: 
1619: 1640,1638,1627,1644,1624,1646,1632,1068,1731,1521,1655,1659,1653,1657,1636,1645,1639
1376: 1395,1461,1588,157,1501,1460
900: 
1520: 1495,952,1540,1499,1571,1387,1456
1337: 1690,1445,1530
500: 467
520: 
1393: 1346,1426,1316,323,1431,1345,1317,1461,1588,157,994,1509,1395
1602: 574,1532,404
1623: 1066,1618,1063,1065,1609,1083,1615,1731,1521,1053,1662,1651
562: 
509: 
1174: 1062,1869,2007,1928,1785,1615
822: 1487,410,1398
947: 
563: 
985: 1557,487,1387,1456,1419
1450: 1531,1554,1519,1564,1430,1479,1476
1434: 1512
1556: 1576
995: 1979,1883,1969,2000,1945,1971,1949
551: 908
1532: 574,1602,404
957: 983
1540: 1499,1571,1495,1520
1687: 1668
961: 
495: 1348
1456: 1387,952,1495,1520,1499,1571,487,1557,985,1419
968: 
1718: 1765,1713,1733
929: 
939: 424
905: 
1461: 1588,157,994,1346,1393,1426,1316,323,1431,1395,1376,1501
552: 577,1537,1558
572: 1689,1817
1506: 1478,1554,1479
560: 
504: 
1479: 1443,1598,1450,1531,1554,1478,1506
61: 1460
539: 
558: 
1527: 1572
1495: 1520,952,1540,1499,1571,1387,1456
1582: 1569,403
922: 
589: 460
1874: 1872,1770,1907,1830,1882,1884
1600: 1789
598: 1860,1804,1834,1841,1870,1730,507,586,1970,1788
1202: 1676,1650,1682,1684,1663
1781: 1752,1779,1767,1827,1836,1736
587: 
515: 497
1571: 1540,1499,1495,1520,1387,1456
569: 1954,946
996: 534
1823: 1920,1940,1904,1948,1864,1887,1848,1906,1919
1690: 1337,1445,1530
916: 
1172: 1617,1136,1635
1605: 1574,1891,1793,965
591: 
926: 1323,1454
1487: 822,410,1398
1513: 1548,969
532: 
944: 964
582: 
1295: 
948: 
1349: 904,1543
1064: 1088,557
588: 
1253: 1278,454,1290,1578,1388
994: 1461,1588,157,1346,1393,1426,1316,323,1431,1395
1518: 
1496: 1660,1268,1326
1869: 2007,1928,1785,1174,1062
593: 
1426: 1346,1393,1316,323,1431,1394,1415,1345,1317,1461,1588,157,994,1395
544: 953
908: 551
1606: 1905,1851,1880,1844,1877,1871,1838,1839,1835,1853,1900
955: 
1346: 1393,1426,1316,323,1431,1379,1394,1415,1365,1345,1317,1461,994,1395
906: 
1635: 153,1172,1617,1136
581: 
498: 928
932: 
575: 590,1975,1999,1998,1985,1993,524,1931,1980,1956,2001
993: 
1646: 1640,1638,1627,1619,1644,1624,1655,1636,1645,1639
531: 1928,1785
1395: 1376,1346,1393,1426,1316,323,1431,1461,1588,157,994,1501
1428: 1489,1509,1357
513: 
1278: 1253,454,1290
1387: 1456,952,1495,1520,1499,1571,487,1557,985,1419
1316: 1346,1393,1426,323,1431,1345,1317,1461,1588,157,994,1395
1671: 1700,853,1677,1701,915
1458: 1397,1514,1474
506: 
975: 976
911: 
555: 
597: 
979: 
988: 
963: 
1684: 1663,1268,1326,1202,1243,1161,1676,1650,1682
538: 
951: 
1348: 1402,495
536: 
592: 954
1063: 1618,1065,1609,1083,1612,1067,1069,1620,1615,1521,1623
1562: 919,1581
1569: 1582,403
986: 
559: 
586: 1863,507,1841,1870,598,1807,1970,1788
903: 
1589: 1732,912
596: 1445,1530
1670: 1743,1733,1723,1745,1722,1713
557: 1088,1064
580: 
537: 
978: 
153: 1635,1617,1136
980: 
1974: 1921,590,1975,1999,1998,524,1864,1955,1986
568: 
157: 1461,1588,994,1393,1426,1316,323,1395,1376,1501
965: 1605,1574
1860: 1804,1834,1841,1870,1730,598
902: 
556: 
1503: 1679,1404
1430: 1519,1564,1450,1531,1419,1476
541: 
594: 
166: 1015,599,984
1708: 1656,1746,1632,461,1630,1655,1659,1653,1654,1657,1658,1100,1141
507: 1863,586,1841,1870,1730,598,1807,1970,1788
700: 1009,478
1528: 1592,521
519: 
550: 
1547: 1580,448,959
574: 1602,1532,404
940: 585
1065: 1618,1063,1609,1083,1612,1067,1069,1620,1615,1731,1521,1066,1623
1837: 1783,1801
923: 
1062: 1174,1869,2007,1928,1785,1615
1053: 1066,1623,1662,1651
901: 
501: 
1588: 1461,157,994,1393,1426,1316,323,1395,1376,1501
992: 
1290: 1278,1253
534: 1836,1766,996
967: 
573: 
547: 
976: 975
919: 1562,1581
1415: 1379,1394,1365,1557,1419,1345,1317,1346,1426,323,1431
1565: 1585
590: 1975,1999,1998,1966,1987,2002,2003,1950,1985,1993,1921,1974,524,575
1625: 237,1868,1990,1933,1914,945
1514: 1474,1458,1397,1581
962: 
927: 1915,1934,1633,1629
1578: 1388,1253,1637
584: 
934: 
1531: 1450,1554,1519,1564,1430,1479,1476
953: 544
1197: 1664,1686
973: 
517: 404,1477,1341
982: 429
1357: 1509,1345,1317,1428,1489
924: 
1891: 1793,1605,1574
1424: 1672,1537,1558
990: 
578: 
1341: 1477,465,517
1149: 1184,984,1811
1388: 1578,1253,1637
1502: 448,1536
914: 
1419: 1387,1456,1430,1557,985,1476,1379,1394,1415,1365
1693: 1707,1725,1698,1754,1703,1723,1745,1722
1607: 232
925: 
1521: 1731,1618,1063,1065,1066,1623,1627,1619,1644,1636,1645
1100: 1141,461,1656,1746,1708,1720
1489: 1428,1509,1357
941: 
1659: 1630,1655,1653,1654,1657,1658,1632,1068,1656,1746,1708,1640,1638,1627,1619,1624,1639
912: 1589,1732
950: 
943: 
1443: 1598,456,1479
232: 1607
1742: 
1551: 1414,445
1404: 1503
579: 
237: 1625,1868,1990,1933,1914,945
508: 
920: 
1379: 1394,1415,1365,1557,1419,1476,1345,1317,1346,323,1431
599: 1015,166
1580: 1547,448,959
514: 
1476: 1519,1564,1430,1450,1531,1419,1379,1365
971: 
972: 
1557: 985,1387,1456,1419,1379,1394,1415,1365
1583: 1953,1825,1737,1603
1585: 1565
1402: 1348
1576: 1556
1345: 1317,1379,1394,1415,1365,1346,1393,1426,1316,323,1431,1509,1357
1526: 1561,1525,1459
1512: 1434
512: 
942: 
571: 
1478: 1506,1554,1479
1501: 1461,1588,157,1395,1376,1460
1563: 
928: 498
1499: 1540,1571,1495,1520,1387,1456
567: 
528: 
909: 446
1467: 1373
524: 590,1921,1974,575,1955,1986,1980,1956,2001
998: 426
853: 1677,1671,1700
585: 940
523: 469
1525: 1459,1526,1561
915: 1671,1700
1009: 478,700
533: 
959: 1547,1580
913: 
530: 479
496: 
1088: 1064,557
522: 
958: 
553: 423
1474: 1514,1458,1397,1581
1365: 1379,1394,1415,1557,1419,1476,1345,1317,1346,1431
1530: 1445,1337,1690,596
510: 
542: 
960: 1988,1791,1888,1953,1825,1737
984: 1015,166,1184,1149
952: 1495,1520,487,1387,1456
595: 
1561: 1526,1525,1459
505: 
521: 1592,1528
999: 
1795: 1960,1776,1819
518: 
1680: 1648,949,1664,1686,1692
502: 
956: 
1414: 1551,445
933: 452,1988,1791,1888
904: 1543,1349
1015: 166,599,984
1066: 1623,1618,1065,1609,1083,1615,1731,1521,1053,1662,1651,492
549: 
991: 
1268: 1326,1684,1663,1496,1660
1454: 918,926,1323
311: 1005
554: 
497: 515,421
1536: 448,1502
548: 1601
526: 
989: 
1069: 1620,1612,1067,1618,1063,1065,1609,1083,1615
1601: 1590,548
545: 452
576: 
945: 237,1625
323: 1346,1393,1426,1316,1431,1379,1394,1415,1345,1317,1461,1588,157,994,1395
981: 1760,1797,1772,1802
946: 444,569,1954,1886,1969,2000,1991,1945,1971,1979,1883,1949
516: 
1637: 1578,1388
1161: 1676,1650,1682,1684,1663
570: 
1985: 1993,1966,1987,2002,1950,590,1975,1999,1998,575,1931
1592: 521,1528
918: 1454,1323
1184: 1149,984,1811
1714: 1695,1694,1685,1721
1323: 926,918,1454
1686: 949,1197,1664,1680,1648,1676,1650,1692
1243: 1676,1650,1682,1684,1663
499: 
1460: 1376,1501,61
1732: 1589,912
938: 
966: 444
1700: 1671,853,1677,1701,915
937: 
1477: 1341,465,517
921: 
1698: 1707,1693,1725,1720,1754,1703,1723,1745,1722
1326: 1268,1684,1663,1496,1660
540: 
997: 
503: 
917: 
1766: 1836,534,1752
1537: 1558,552,1424,1672
546: 
1067: 1612,1069,1620,1618,1063,1065,1609,1083
970: 
1603: 1583
1733: 1743,1670,1745,1722,1718,1765,1713
1668: 1687
1719: 1763,1720,1703,1699
1431: 1346,1393,1426,1316,323,1379,1394,1415,1365,1345,1317,1461,994,1395
931: 
565: 
529: 491
1005: 311
561: 
1624: 1640,1638,1627,1619,1644,1646,1632,1068,1630,1655,1659,1653,1654,1657,1658,1636,1645,1639
964: 944
1398: 822,1487
1317: 1345,1379,1394,1415,1365,1346,1393,1426,1316,323,1431,1357
954: 592
1575: 1642,1641,1643
1590: 1601
1741: 511
1558: 1537,552,1424,1672
1548: 1513,969
564: 
511: 1741,1768,1832
1788: 1970,598,1863,507,586,1807
969: 1513,1548,475
527: 
1136: 1172,1617,1662,1651,492,153,1635
1554: 1450,1531,1519,1479,1478,1506
987: 
935: 
1397: 1458,1514,1474
1083: 1618,1063,1065,1609,1612,1067,1069,1620,1615,1066,1623
974: 
907: 
1598: 1443,456,1479
930: 
577: 552
983: 957
525: 1980,1956,2001,2004,1981,1935,1978,1818
1984: 1855,1973,2006,1916,2010
1564: 1519,1430,1450,1531,1476
910: 
936: 
400: 
401: 
402: 
403: 1569,1582
404: 517,574,1602,1532
405: 
406: 
407: 
408: 
409: 2006,1973,1916,2010
410: 822,1487
411: 
412: 
413: 
414: 
415: 
416: 
417: 
418: 
419: 425
420: 
421: 497
422: 
423: 553
424: 939
425: 419
426: 998
427: 
428: 
429: 982
430: 
431: 
432: 
433: 
434: 
435: 
436: 
437: 
438: 
439: 
440: 
441: 
442: 
443: 
444: 966,946
445: 1551,1414
446: 909
447: 
448: 1502,1536,1547,1580
449: 
450: 
451: 
452: 545,933,1988,1791
453: 
454: 1278,1253
455: 
456: 1443,1598
457: 
458: 
459: 
460: 589
461: 1656,1746,1708,1100,1141
462: 
463: 
464: 
465: 1477,1341
466: 
467: 500
468: 
469: 523
470: 
471: 
472: 
473: 
474: 
475: 969
476: 
477: 
478: 1009,700
479: 530
480: 
481: 
482: 
483: 
484: 
485: 
486: 
487: 952,1387,1456,985
488: 
489: 
490: 
491: 529
492: 1662,1651,1066,1617,1136
493: 
494: 
1609: 1618,1063,1065,1083,1612,1067,1069,1620,1615,1066,1623
1699: 1719,1763
1676: 1202,1243,1161,1650,1682,1664,1686,1684,1663
1612: 1067,1069,1620,1618,1063,1065,1609,1083
1721: 1695,1694,1714
1672: 1424,1537,1558
1615: 1069,1620,1174,1062,1618,1063,1065,1609,1083,1066,1623
1729: 1846
1617: 1172,1136,1662,1651,492,153,1635
1618: 1063,1065,1609,1083,1612,1067,1069,1620,1615,1731,1521,1066,1623
1620: 1069,1612,1067,1618,1063,1065,1609,1083,1615
1627: 1640,1638,1619,1644,1624,1646,1632,1068,1731,1521,1655,1659,1657,1636,1645,1639
1636: 1645,1731,1521,1640,1638,1627,1619,1644,1624,1646,1639
1629: 1633,927
1630: 1655,1659,1653,1654,1657,1658,1632,1068,1656,1746,1708,1640,1638,1624,1639
1631: 1634,1688
1632: 1068,1656,1746,1708,1630,1655,1659,1653,1654,1657,1658,1640,1638,1627,1619,1624
1633: 1629,927
1634: 1631,1688
1638: 1640,1627,1619,1644,1624,1646,1632,1068,1630,1655,1659,1653,1654,1657,1658,1636,1645,1639
1639: 1630,1655,1659,1653,1654,1657,1658,1640,1638,1627,1619,1644,1624,1646,1636,1645
1640: 1638,1627,1619,1644,1624,1646,1632,1068,1630,1655,1659,1653,1654,1657,1658,1636,1645,1639
1641: 1643,1575,1642
1642: 1575,1641,1643
1643: 1641,1575,1642
1644: 1640,1638,1627,1619,1624,1646,1731,1521,1655,1636,1645,1639
1645: 1636,1731,1521,1640,1638,1627,1619,1644,1624,1646,1639
1685: 1694,1714
1648: 1680,949,1664,1686,1692
1696: 1679
1650: 1202,1243,1161,1676,1682,1664,1686,1684,1663
1651: 1662,492,1066,1623,1053,1617,1136
1677: 853,1671,1700
1653: 1630,1655,1659,1654,1657,1658,1632,1068,1656,1746,1708,1640,1638,1619,1624,1639
1654: 1630,1655,1659,1653,1657,1658,1632,1068,1656,1746,1708,1640,1638,1624,1639
1655: 1630,1659,1653,1654,1657,1658,1632,1068,1656,1746,1708,1640,1638,1627,1619,1644,1624,1646,1639
1656: 1746,1708,1632,1068,461,1630,1655,1659,1653,1654,1657,1658,1100,1141
1657: 1630,1655,1659,1653,1654,1658,1632,1068,1656,1746,1708,1640,1638,1627,1619,1624,1639
1658: 1630,1655,1659,1653,1654,1657,1632,1068,1656,1746,1708,1640,1638,1624,1639
1660: 1496,1268,1326
1720: 1100,1141,1719,1763,1703,1725,1698
1662: 1651,492,1066,1623,1053,1617,1136
1663: 1684,1268,1326,1202,1243,1161,1676,1650,1682
1664: 1197,949,1680,1648,1686,1676,1650
1665: 1702
1679: 1696,1503
1682: 1202,1243,1161,1676,1650,1684,1663,1692
1689: 1790,572,1817
1688: 1634,1631,1750,1875
1797: 1760,981,1863,1807
1692: 1680,1648,1686,1682
1694: 1695,1714,1685,1721
1695: 1694,1714,1721
1697: 1787
1702: 1665
1703: 1720,1719,1763,1693,1725,1698,1723
1982: 1961,1983,1944,2011,1989,1997,1976,1994,2012,1992,2009,1963,1942,1972
1767: 1752,1779,1781,1751,1736
1842: 1771,1810,1717,1796,1859
1707: 1693,1725,1698,1754,1723,1745,1722
1731: 1521,1618,1065,1066,1623,1627,1619,1644,1636,1645
1730: 1841,1870,1860,1804,1834,598,507
1926: 1951,1893,1946,1899
1713: 1718,1765,1743,1670,1733
1717: 1796,1769,1771,1810,1842,1776
1722: 1723,1745,1707,1693,1698,1743,1670,1733
1723: 1745,1722,1703,1707,1693,1725,1698,1743,1670
1725: 1707,1693,1698,1720,1754,1703,1723
1841: 1870,1730,1860,1804,1834,598,507,586
1728: 1792
1807: 1760,1797,1863,507,586,1970,1788
1772: 1802,981
1736: 1751,1752,1779,1781,1767
1737: 1953,1825,1988,1791,1888,960,1583
1830: 1907,1882,1884,1874,1872,1871,1838,1839,1903
1765: 1718,1713,1733
1740: 1798,1847,1778
1743: 1670,1733,1723,1745,1722,1713
1778: 1847,1798,1740
1745: 1723,1722,1707,1693,1698,1743,1670,1733
1746: 1656,1708,1632,461,1630,1655,1659,1653,1654,1657,1658,1100,1141
1796: 1717,1769,1771,1810,1842,1776
1858: 1820,1915,1934,1859,1856
1918: 977,1893,1770
1750: 1875,1688
1751: 1736,1752,1779,1767
1752: 1779,1781,1767,1827,1836,1766,1751,1736
1801: 1783,1837
1754: 949,1707,1693,1725,1698
1937: 2005,1931,2008,1977
1756: 1819,1859,1776,1960
1835: 1853,1606,1871,1838,1839,1900,1810
1760: 1797,981,1863,1807
1917: 1843,1906,1920,1887,1912,1848,1922,1919,1890,1905,1851,1880,1910
1763: 1719,1720,1703,1699
1825: 1953,1737,1988,1888,960,1583
1768: 1832,511
1769: 1771,1810,1900,1717,1796
1770: 1918,1874,1872
1771: 1769,1810,1842,1717,1796
1773: 1809
1775: 1894,1898
1776: 1717,1796,1756,1819,1960,1795
1779: 1752,1781,1767,1751,1736
1945: 1971,946,1967,1936,1979,995,1883
1783: 1837,1801
1785: 1928,531,1869,2007,1174,1062
1981: 1935,1978,1818,525,2004
1787: 1697
1789: 1600
1790: 1689,1817
1791: 1988,933,452,1888,960,1953,1737
1792: 1728
1793: 1891,1605,1574
1798: 1740,1847,1778
1809: 1773
1802: 1772,981
1803: 1876,1880,1910,1844,1877
1804: 1860,1834,1841,1870,1730,598
1890: 1922,1919,1920,1948,1864,1986,1843,1917,1906,1880,1910
1956: 1980,2001,524,575,1931,525
1867: 1913,977,1904,1887,1912,1848
1810: 1769,1771,1835,1900,1842,1717,1796
1811: 1184,1149
1844: 1877,1905,1851,1880,1910,1606,1876,1803,1853,1900
1973: 1984,1855,409,2006,1916,2010
1817: 1689,1790,572
1818: 1981,1935,1978,525,2004
1819: 1756,1859,1776,1960,1795
1820: 1858,1915,1934,1859,1856
1938: 1879,1933,1914,1907,1903,1915,1934
1919: 1922,1890,1920,1823,1940,1948,1864,1955,1986,1843,1917,1906,1910
1859: 1842,1858,1820,1756,1819
1827: 1752,1781
1988: 1791,933,452,1888,960,1953,1825,1737
1975: 590,1999,1998,1995,1966,1987,2002,2003,1950,1985,1993,1921,1974,575
1832: 1768,511
1880: 1887,1912,1848,1843,1917,1906,1890,1905,1851,1910,1606,1844,1877,1803
1834: 1860,1804,1841,1870,1730,598
1836: 1766,534,1752,1781
1838: 1871,1839,1606,1907,1830,1882,1884,1835,1853,1903
1839: 1871,1838,1872,1606,1907,1830,1882,1884,1835,1853,1903
1851: 1905,1912,1843,1917,1880,1606,1844,1877
1843: 1917,1906,1920,1948,1887,1912,1848,1922,1919,1890,1905,1851,1880,1910
1936: 1967,1945,1971
1846: 1729
1847: 1778,1798,1740
1848: 1887,1912,1867,1913,1904,1920,1823,1940,1843,1917,1906,1905,1880
1990: 1868,1951,1933,1914,237,1625
1853: 1835,1606,1844,1877,1871,1838,1839,1900
1855: 1984,1973,2006,1916,2010
1856: 1858,1820
1920: 1823,1940,1921,1904,1948,1864,1955,1986,1848,1843,1917,1906,1922,1919,1890
1863: 507,586,1760,1797,1807,1970,1788
1864: 1948,1955,1986,1921,1974,1920,1823,1940,1906,1922,1919,1890
1899: 1893,1946,1932,1926,1951
1987: 1966,2002,2003,1950,1994,2012,1902,1995,1972,590,1975,1999,1998,1985,1993
1868: 1990,1932,1933,1914,237,1625
1870: 1841,1730,1860,1804,1834,598,507,586
1871: 1838,1839,1606,1907,1830,1882,1884,1835,1853,1903
1872: 1874,1770,1830,1882,1884,1839
2002: 1966,1987,2003,1950,1994,2012,1902,1995,1972,590,1975,1999,1998,1985,1993
1875: 1750,1688
1876: 1803,1910,1844,1877
1877: 1844,1905,1851,1880,1910,1606,1876,1803,1853,1900
1879: 1938,1933,1914,1907,1884,1903,1915,1934
1882: 1907,1830,1884,1874,1872,1871,1838,1839,1903
1883: 1979,995,946,1886,1969,2000,1991,1945,1971,1949
1884: 1907,1830,1882,1874,1872,1871,1838,1839,1879,1903
1886: 1969,2000,1991,1954,1989,1997,1976,946,1992,2009,1979,1883,1949,1941,1965
1887: 1912,1848,1867,1913,1904,1823,1940,1843,1917,1906,1905,1880
1888: 933,1988,1791,960,1953,1825,1737
1951: 1926,1893,1946,1899,1990,1933,1914
1893: 1946,1927,1918,1899,1926,1951
1894: 1775,1898
1895: 1939,1927
1948: 1864,1955,1986,1921,1920,1823,1940,1843,1906,1922,1919,1890
1970: 1788,598,1863,507,586,1807
1898: 1894,1775
1900: 1606,1844,1877,1835,1853,1769,1810
1902: 1994,2012,1995,1972,1966,1987,2002,2003,1950
1903: 1907,1830,1882,1884,1871,1838,1839,1879,1938,1915,1934
1904: 1867,1913,1920,1823,1940,1887,1912,1848,1906
1905: 1851,1887,1912,1848,1843,1917,1880,1606,1844,1877
1906: 1843,1917,1904,1920,1823,1940,1948,1864,1955,1986,1887,1912,1848,1922,1919,1890,1880,1910
1907: 1830,1882,1884,1874,1871,1838,1839,1879,1938,1903
1969: 1886,2000,1991,1954,1989,946,1992,2009,1979,995,1883,1949,1941
1910: 1843,1917,1906,1922,1919,1890,1880,1844,1877,1876,1803
1980: 1956,2001,524,575,1931,525
1912: 1887,1848,1867,1913,1904,1843,1917,1906,1905,1851,1880
1913: 1867,977,1904,1887,1912,1848
1914: 1933,1951,1868,1990,237,1625,1879,1938
1915: 1934,1879,1938,1903,927,1858,1820
1916: 2010,1973,1984,1855,409,2006
1921: 1974,590,1975,1999,1998,524,1920,1948,1864,1955,1986
1922: 1919,1890,1920,1940,1948,1864,1955,1986,1843,1917,1906,1910
1971: 1945,946,1967,1936,1979,995,1883
1989: 1997,1976,1954,1961,1982,1983,1944,1886,1969,1991,1992,2009
1950: 1966,1987,2002,2003,1902,1995,1972,590,1975,1999,1998,1985,1993
1927: 1939,1895,1893,1946
1928: 1785,531,1869,2007,1174,1062
1972: 1995,1961,1982,1983,1944,2011,1994,2012,1902,1963,1942,1966,1987,2002,2003,1950,1999
1949: 946,1886,1969,2000,1991,1992,2009,1979,995,1883,1941,1965
1931: 1985,1993,575,1937,2005,1980,1956,2001,2008,1977
1932: 1899,1868
1933: 1914,1951,1868,1990,237,1625,1879,1938
1934: 1915,1879,1938,1903,927,1858,1820
1935: 1981,1978,1818,525,2004
1940: 1920,1823,1904,1948,1864,1955,1986,1887,1848,1906,1922,1919
1941: 1965,1886,1969,1991,1992,2009,1963,1942,1949
1942: 1963,1976,1961,1982,1983,1944,2011,1994,2012,1992,1995,1972,1941,1965
1995: 1972,1961,1983,2011,1994,2012,1902,1942,1966,1987,2002,2003,1950,1975,1999,1998
1944: 1961,1982,1983,2011,1989,1997,1976,1994,2012,1992,2009,1963,1942,1972
1946: 1893,1927,1899,1926,1951
1947: 
1953: 1825,1737,1988,1791,1888,960,1583
1954: 569,1989,1997,1976,946,1886,1969,2000,1991,1992,2009
1955: 1948,1864,1986,1921,1974,524,1920,1940,1906,1922,1919
2012: 1994,1961,1982,1983,1944,2011,1902,1963,1942,1995,1972,1966,1987,2002,2003
1983: 1961,1982,1944,2011,1989,1997,1976,1994,2012,1992,2009,1963,1942,1995,1972
1960: 1795,1776,1756,1819
1961: 1982,1983,1944,2011,1989,1997,1976,1994,2012,1992,2009,1963,1942,1995,1972
1997: 1989,1976,1954,1961,1982,1983,1944,2011,1886,1991,1992,2009
1963: 1942,1976,1961,1982,1983,1944,2011,1994,2012,1992,2009,1972,1941,1965
1986: 1948,1864,1955,1921,1974,524,1920,1940,1906,1922,1919,1890
1965: 1941,1886,1991,1992,2009,1963,1942,1949
1966: 1987,2002,2003,1950,1994,2012,1902,1995,1972,590,1975,1999,1998,1985,1993
1967: 1936,1945,1971
1976: 1989,1997,1954,1961,1982,1983,1944,2011,1886,1991,1992,2009,1963,1942
1977: 2008,1931,1937,2005
1978: 1981,1935,1818,525,2004
1979: 995,1883,946,1886,1969,2000,1991,1945,1971,1949
1991: 1886,1969,2000,1954,1989,1997,1976,946,1992,2009,1979,1883,1949,1941,1965
1992: 2009,1954,1989,1997,1976,1961,1982,1983,1944,2011,1886,1969,1991,1963,1942,1949,1941,1965
1993: 1985,1966,1987,2002,2003,1950,590,1975,1999,1998,575,1931
1994: 2012,1961,1982,1983,1944,2011,1902,1963,1942,1995,1972,1966,1987,2002,2003
1998: 590,1975,1999,1995,1966,1987,2002,2003,1950,1985,1993,1921,1974,575
1999: 590,1975,1998,1995,1972,1966,1987,2002,2003,1950,1985,1993,1921,1974,575
2000: 1886,1969,1991,1954,946,2009,1979,995,1883,1949
2001: 1980,1956,524,575,1931,525
2003: 1966,1987,2002,1950,1994,2012,1902,1995,1972,590,1975,1999,1998,1993
2004: 525,1981,1935,1978,1818
2005: 1937,1931,2008,1977
2006: 409,1973,1984,1855,1916,2010
2007: 1869,1928,1785,1174,1062
2008: 1977,1931,1937,2005
2009: 1992,1954,1989,1997,1976,1961,1982,1983,1944,1886,1969,2000,1991,1963,1949,1941,1965
2010: 1916,1973,1984,1855,409,2006
2011: 1961,1982,1983,1944,1997,1976,1994,2012,1992,1963,1942,1995,1972