1574: 480,1605
543: 923
1068: 1069,1067,237,1063,1065
1141: 1100
1543: 1349,1554,1479,1482,1536,1502,1376,1501,1474
566: 
949: 
1581: 1562,1588,157
1445: 1530,1454,1323
1126: 1011,1020,1162,153,1128,1136,1037
977: 
1519: 1564,1531,1557,952,487,1388,1419,1450,1476,1430,1554,1479,1482
1373: 1506,1478,1467,1365,1476,1430,1379,1394,1415,1345,1317,1431,1346,1464,1393,1426,1316,323,1425
1572: 1527
1394: 1379,1415,1459,1365,1525,1373,1467,985,1345,1317,1431,1346,1393,1426,323
535: 
754: 69
1459: 1456,1387,1365,1525,1379,1394,1415
1509: 1357,985,1345,1317,1431,1346,1393,1426,1561,1526,1448,1410,1454,1323,1428
583: 
1566: 1536,1502
1376: 1501,1474,1514,1482,1349,1543,1425
900: 455
1520: 1495,1456,1387
1337: 1521
1383: 
643: 
1393: 1464,1426,1316,323,1394,1415,1506,1478,1373,1467,1345,1317,1431,1346,1425,1461,1509,1357,1410,1395,1452,1472
1602: 1532
29: 
562: 
740: 
1174: 1062
822: 1404,1503,985,1487,1561,1526
947: 
563: 435
985: 1525,1394,1415,822,1345,1317,1431,1346,1487,1561,1526,1448,1509,1357
1450: 487,1388,1578,1519,1564,1531,1557,952,1476,1430,1554,1479,1482
1434: 1512
1556: 1576,457,1341
995: 
551: 
1532: 1602
957: 
1540: 1499,1571
1367: 233
961: 
766: 
1456: 1387,1520,1495,1459,1525
968: 
1587: 1606,917
929: 
939: 
905: 
1461: 1425,1464,1393,1426,1316,323,1395,1452,1472,1399,1436
552: 1326,1268
572: 
1506: 1478,1373,1467,1365,1476,1430,1554,1479,1482,1415,1431,1346,1464,1393,1426,1316,323,1425
560: 
1410: 1346,1393,1426,1509,1357,1395,1452,1472,1428,1489,1398
1479: 1554,1482,1519,1564,1531,1557,952,1450,1476,1430,1349,1543,1506,1478,1467
61: 1489,1460,1398,1444,1539,1409
539: 955
558: 
1527: 1572
1495: 1520,1456,1387
1582: 1569,517,591
922: 
589: 926,931
69: 754
1600: 1589,157
598: 1037
1202: 492
1128: 153,1136,1037,1126,1011,1020,1162
587: 
607: 
1571: 1499,959,1537,1496,1424,1540
569: 571
996: 586
854: 
605: 227
916: 580
1172: 
1605: 480,1574
591: 517,1582,1569
926: 931,589
1487: 1404,1503,822,985,1561,1526,482
1513: 573,1548
1429: 994
944: 
582: 
1295: 
948: 
1349: 1543,1554,1479,1482,1536,1502,1376,1501
1064: 1088,415,166
588: 940
1253: 1278
994: 1436,1429
1518: 1496,1424
1496: 1424,1518,1499,1571
1266: 1151
593: 
1426: 1464,1393,1316,323,1394,1415,1506,1478,1373,1467,1345,1317,1431,1346,1425,1461,1509,1357,1410,1395,1472
544: 
908: 564
1606: 1587,917
955: 539
1346: 1345,1317,1431,1394,1415,1506,1478,1373,1467,985,1464,1393,1426,1316,323,1448,1509,1357,1410
906: 446
659: 
581: 
1539: 1460,1398,61,1409
932: 402
575: 
993: 
1475: 1575,935
851: 476,1608
1395: 1452,1472,1399,1464,1393,1426,1316,323,1425,1461,1410,1436
1428: 1489,1509,1357,1410,1472,1398,1515,1444
119: 
1278: 1253
1387: 1456,1520,1495,1459,1525
1316: 1464,1393,1426,323,1415,1506,1478,1373,1467,1345,1317,1431,1346,1425,1461,1395,1472
1604: 853
1458: 1397,997,986,903
1483: 
975: 
911: 
555: 
597: 453
979: 937
988: 
963: 
1535: 
538: 
951: 
1348: 1402
536: 
592: 
1063: 237,1065,1069,1067,1068,1066,1083
1562: 1581,1588,157
1569: 1582,517,591
986: 997,1458,1397
559: 
586: 996
903: 1588,157,1458,1397
1589: 1600,157
596: 962
1359: 
557: 
580: 916,489
537: 479
978: 
153: 1128,1136,1037,1126,1011,1020,1162
980: 
1151: 1266
568: 
157: 1581,1562,1588,1600,1589,903
965: 311,1005
1413: 1453,546
902: 475
556: 
1503: 1404,1488,822,1487
1430: 1476,1419,1519,1564,1531,1557,952,1450,1365,1554,1479,1482,1379,1506,1478,1373,1467
541: 
594: 
166: 1088,1064,1015
820: 
168: 238,682
700: 1009
1528: 1592
171: 
550: 
1547: 1580,913
574: 
940: 588
1065: 237,1063,1069,1067,1068,1066,1083
1399: 1395,1452,1472,1464,1425,1461,1436,1460,1398
923: 543
1062: 1174
1053: 
901: 
1436: 1425,1461,1395,1452,1472,1399,994
1588: 1581,1562,157,1397,903
992: 
1290: 
534: 991
967: 
573: 1513,1548
547: 
976: 
919: 
1415: 1379,1394,1459,1365,1525,1506,1478,1373,1467,985,1345,1317,1431,1346,1393,1426,1316,323
1565: 1585,482
590: 946
1464: 1393,1426,1316,323,1506,1478,1373,1467,1345,1317,1431,1346,1425,1461,1395,1452,1472,1399
1514: 1376,1501,1474
962: 596
927: 
1578: 1583,1603,448,1388,1450
584: 
934: 
1531: 1519,1564,1557,952,487,1388,1419,1450,1476,1430,1554,1479,1482
953: 
1197: 
973: 
206: 
982: 
1357: 1509,985,1345,1317,1431,1346,1393,1426,1561,1526,1448,1410,1454,1323,1428
924: 
1453: 1413,546
1424: 1496,1518,1499,1571
990: 
578: 
1341: 457,1477,1556,1576
1149: 1184
1388: 1583,487,1578,1519,1564,1531,1450
1502: 1536,1349,1543,1566
914: 
1419: 487,1519,1564,1531,1557,952,1365,1476,1430
1011: 1126,1020,1162,153,1128,1136,1037
1607: 232
925: 
1521: 1337
1100: 1141
1489: 1428,1410,1460,1398,1515,1444,61
941: 
227: 605
912: 
950: 
943: 439
1443: 456,1598
232: 1607
233: 1367
1551: 1470,1414,1409
1404: 1503,1488,822,1487
579: 
237: 1063,1065,1069,1067,1068,1066,1083
238: 168,682
920: 504
1379: 1394,1415,1459,1365,1476,1430,1525,1373,1467,1345,1317,1431
599: 
1580: 1547,913
243: 
1476: 1430,1419,1519,1564,1531,1557,952,1450,1365,1554,1479,1379,1506,1478,1373,1467
971: 
972: 
1557: 1519,1564,1531,952,487,1419,1450,1365,1476,1430,1554,1479
1583: 1603,1268,1388,1578
1585: 1565,482
1402: 1348
1576: 1556,457,1341
1345: 1317,1431,1346,1525,1379,1394,1415,1373,1467,985,1464,1393,1426,1316,323,1561,1526,1448,1509,1357
1526: 1561,1448,822,985,1345,1317,1487,1509,1357,1454,1323
1512: 1434
255: 326
942: 
571: 569
1478: 1506,1373,1467,1365,1476,1430,1554,1479,1482,1415,1431,1346,1464,1393,1426,1316,323,1425
1501: 1376,1474,1514,1482,1349,1543,1425
1563: 
928: 
1499: 1571,959,1537,1496,1424,1540
567: 
264: 
909: 
1467: 1506,1478,1373,1365,1476,1430,1479,1379,1394,1415,1345,1317,1431,1346,1464,1393,1426,1316,323,1425
267: 
998: 
853: 1604
585: 
887: 
1525: 1456,1387,1459,1365,1379,1394,1415,985,1345,1317
915: 
1009: 700
533: 
959: 1537,1326,1268,1558,1499,1571
913: 1547,1580
1608: 851,476
892: 
1088: 1064,415,166
281: 
958: 
553: 
1474: 1376,1501,1514,1543,1536
1365: 1419,1557,1459,1476,1430,1525,1379,1394,1415,1506,1478,1373,1467
1530: 1445,1454,1323
682: 238,168
542: 
960: 454
984: 
952: 1519,1564,1531,1557,487,1419,1450,1476,1430,1479
595: 468
1561: 1526,1448,822,985,1345,1317,1487,1509,1357,1454,1323
1435: 
672: 
999: 411
1162: 1126,1011,1020,153,1128,1136,1037
298: 
1470: 1551,1414,1409
300: 
956: 
1414: 1551,1470,1409
933: 
904: 
1015: 166
1066: 1083,1069,1067,237,1063,1065
549: 
991: 534
1268: 552,1326,959,1537,1558,1583,1603
1454: 1323,1561,1526,1448,1509,1357,1530,1445,1515
311: 1005,965
554: 
313: 338
1536: 1502,1349,1543,1566,1474
548: 
1448: 1561,1526,985,1345,1317,1431,1346,1509,1357,1454,1323
989: 
1069: 1067,1068,237,1063,1065,1066,1083
1601: 1590
545: 
576: 
945: 
323: 1464,1393,1426,1316,1394,1415,1506,1478,1373,1467,1345,1317,1431,1346,1425,1461,1395
981: 
946: 590
326: 255
327: 
1161: 492
570: 
1037: 153,1128,1136,598,1126,1011,1020,1162
1592: 1528
918: 
1184: 1149
1425: 1461,1506,1478,1373,1467,1376,1501,1464,1393,1426,1316,323,1395,1452,1472,1399,1436
1323: 1454,1561,1526,1448,1509,1357,1530,1445,1515
1020: 1126,1011,1162,153,1128,1136,1037
1243: 492
338: 313
1460: 1398,1452,1472,1399,1489,1444,61,1539
840: 
938: 
966: 
1391: 1586
937: 979
1477: 457,1341
921: 
347: 
1326: 552,1268,959,1537,1558
540: 
997: 986,1458,1397
1482: 1554,1479,1519,1531,1450,1430,1349,1543,1506,1478,1376,1501
917: 1587,1606
1515: 1454,1323,1428,1489,1444
1537: 959,1326,1268,1558,1499,1571,487
546: 1413,1453
1067: 1069,1068,237,1063,1065,1066,1083
970: 
1603: 1583,1268,1558,1578
1488: 1404,1503
1452: 1395,1472,1399,1464,1393,1425,1461,1410,1436,1460,1398
627: 1586
1431: 1345,1317,1346,1379,1394,1415,1506,1478,1373,1467,985,1464,1393,1426,1316,323,1448,1509,1357
931: 926,589
565: 
1504: 
1005: 311,965
561: 496,477
1472: 1395,1452,1399,1464,1393,1426,1316,1425,1461,1410,1436,1428,1460,1398
964: 
1398: 1460,1410,1452,1472,1399,1428,1489,1444,61,1539
1317: 1345,1431,1346,1525,1379,1394,1415,1373,1467,985,1464,1393,1426,1316,323,1561,1526,1448,1509,1357
954: 
1575: 1475,935
1590: 1601
1444: 1428,1489,1460,1398,1515,61
1558: 1326,1268,959,1537,1603,487
1548: 488,1513,573
564: 908
817: 
1586: 627,1391
969: 
382: 
1136: 153,1128,1037,1126,1011,1020,1162
1554: 1479,1482,1519,1564,1531,1557,1450,1476,1430,1349,1543,1506,1478
987: 
935: 1575,1475
1397: 1458,997,1588,986,903
1083: 1066,1069,1067,237,1063,1065
974: 425,419
907: 
1598: 1443,456
930: 
577: 
983: 
865: 
1409: 61,1539,1551,1470,1414
1564: 1519,1531,1557,952,487,1388,1419,1450,1476,1430,1554,1479
910: 
936: 
400: 
401: 
402: 932
403: 
404: 
405: 
406: 458
407: 
408: 
409: 
410: 
411: 999
412: 
413: 
414: 
415: 1088,1064
416: 510
417: 
418: 
419: 974
420: 522
421: 
422: 
423: 
424: 
425: 974
426: 
427: 
428: 
429: 
430: 
431: 
432: 
433: 440
434: 
435: 563
436: 
437: 
438: 
439: 943
440: 433
441: 
442: 
443: 509
444: 
445: 
446: 906
447: 
448: 1578
449: 
450: 
451: 
452: 
453: 597
454: 960
455: 900
456: 1443,1598
457: 1341,1477,1556,1576
458: 406
459: 
460: 
461: 
462: 
463: 
464: 
465: 
466: 
467: 
468: 595
469: 
470: 
471: 
472: 
473: 
474: 
475: 902
476: 851,1608
477: 561
478: 
479: 537
480: 1605,1574
481: 
482: 1487,1565,1585
483: 
484: 
485: 
486: 
487: 1537,1558,1388,1419,1519,1564,1531,1557,952,1450
488: 1548
489: 580
490: 
491: 
492: 1202,1243,1161
493: 
494: 
495: 
496: 561
497: 
498: 
499: 
500: 
501: 
502: 
503: 
504: 920
505: 
506: 
507: 
508: 
509: 443
510: 416
511: 
512: 
513: 
514: 
515: 
516: 
517: 1582,1569,591
518: 
519: 
520: 
521: 
522: 420
523: 532
524: 
525: 
526: 
527: 
528: 
529: 
530: 
531: 
532: 523