0: 25,21,1209,1232,92,99,22,1230,38,14,1210,63,49,35,1229,1227,1228,60,16,88,1211,89,1
1: 25,21,1209,0,35,1229,1227,1228,1202,1207,88,1211,89,1208,30,5,71,15,72,48,1203,140,29
2: 427,103,3,83,61,6,74,413,86,94,1206,1221,68,79,91,41,37,7
3: 83,135,168,26,64,82,427,103,61,6,74,413,86,94,2,1206,1221,68
4: 96,338,79,91,41,358,386,28,55,487,244,75,11,365
5: 1208,30,71,35,1229,1227,1228,1202,1207,381,62,1,480,48,1203,140,29,199
6: 61,74,168,26,64,82,56,3,83,8,1204,2,1206,68,1224
7: 37,2,1206,1221,68,31,42,1225,1223,1222,1224,1220,1219,91,41,51,28,55,1218,47,1216,1212,1231,10,1205
8: 1204,26,64,82,56,98,46,33,61,6,74,9,66,1206,1221,68,31,42,1225,1223,1222,1224,1220,1219,23,78
9: 66,56,98,46,33,67,8,1204,95,13,1225,1223,23,78
10: 1231,1205,37,7,51,1232,92,99,22,1230,1218,47,1216,1212,63,49,1217,32,1226,1213,73,1215,40,1214,45,85,60,16
11: 75,365,4,96,28,55,1218,47,1216,1212,487,244,1217,32,1226,1213,73,1215,40,419,361,97
12: 384,93,173,463,216,80,44,65,56,98,46,33,67
13: 95,98,46,33,67,39,87,9,66,34,52,43,23,78,76,90,57,20
14: 1210,76,90,57,20,379,19,38,69,17,25,21,1209,0,35,1229,1227,1228,1202,1207
15: 72,60,16,88,1211,89,1,70,84,48,1203,140,164,81,50,416,106
16: 60,1231,10,1205,63,49,25,21,1209,0,1214,45,85,88,1211,89,27,59,58,70,84,15,72
17: 69,20,379,19,130,182,14,1210,134,35,1229,1227,1228,1202,1207,381,62
18: 54,97,32,1226,1213,73,1215,1214,45,85,361,27,59,58,355,24,129
19: 379,34,52,43,36,53,284,20,130,182,14,1210,69,17,134
20: 95,13,34,52,43,36,53,76,90,57,379,19,38,14,1210,69,17
21: 25,1209,0,1232,92,99,22,1230,38,14,1210,63,49,35,1229,1227,1228,16,88,1211,89,1
22: 1232,92,99,1230,31,42,1225,1223,1222,1220,1219,23,78,76,90,57,51,38,1231,10,1205,63,49,25,21,0
23: 78,8,1204,9,66,95,13,31,42,1225,1223,1222,1224,1220,1219,76,90,57,51,1232,92,99,22,1230,38
24: 129,18,54,27,59,58,70,84,355,164,81,50,311,290,225
25: 21,1209,0,1232,99,22,38,14,1210,63,49,35,1229,1227,1228,16,88,1211,89,1
26: 64,82,465,77,185,80,44,168,56,3,83,61,6,74,8,1204
27: 59,58,32,1226,1213,73,1215,1214,45,85,60,16,18,54,97,70,84,355,24,129,164,50
28: 55,91,7,4,96,1218,47,1216,1212,487,75,11,365,1217,32,1226,1213,73,1215,40
29: 1,1208,30,5,71,480,48,1203,140,199,106,232
30: 1208,5,71,35,1229,1202,1207,381,62,1,480,48,1203,29,199
31: 42,1225,1223,1222,1224,1220,1219,61,74,8,1204,66,1206,1221,68,23,78,37,7,51,92,22,1230
32: 1217,1226,1213,73,1215,40,28,55,1218,47,1216,1212,10,75,11,365,1214,45,85,361,18,54,97,27,59,58
33: 98,46,80,44,384,12,93,173,65,56,67,8,1204,9,66,95,13
34: 52,43,67,39,95,13,36,53,90,57,20,379,19
35: 1229,1227,1228,38,14,1210,69,17,25,21,1209,0,1202,1207,88,1211,89,1,1208,30,5,71
36: 53,39,87,34,52,43,284,20,379,19,130,182
37: 7,2,1206,1221,68,31,42,1225,1223,1222,1224,1220,1219,91,41,51,55,1218,47,1216,1212,1231,10,1205
38: 23,78,76,90,57,20,1232,92,99,22,1230,14,1210,63,49,25,21,1209,0,35,1229,1227,1228
39: 87,65,183,301,67,95,13,34,52,43,36,53
40: 1217,32,1226,1213,73,1215,28,55,1218,47,1216,1212,10,75,11,365,1214,45,85,361,54,97,58
41: 91,413,86,94,2,1206,1221,68,79,37,7,4,55,47
42: 31,1225,1223,1222,1224,1220,1219,74,8,66,1206,1221,68,23,78,37,7,51,1232,92,99,22,1230
43: 34,52,67,39,87,95,13,36,53,76,90,57,20,379,19
44: 80,317,179,463,216,185,384,12,93,173,26,64,82,56,98,46,33
45: 1214,85,1218,47,1216,1212,1231,10,1205,63,49,1217,32,1226,1213,73,1215,40,60,16,18,54,97,27,59,58,70,84
46: 98,33,44,384,12,93,173,65,56,67,8,1204,9,66,95,13
47: 1218,1216,1212,91,41,37,7,51,28,55,10,1205,75,11,365,1217,32,1226,1213,73,1215,40,1214,45,85
48: 1203,140,88,1211,1,1208,30,5,15,72,29,106,232
49: 63,51,1232,92,99,22,1230,38,1231,10,1205,25,21,0,45,85,16,88,89
50: 164,81,27,59,70,84,15,72,24,129,416,290,225
51: 1206,1221,68,31,42,1225,1223,1222,1224,1220,1219,23,78,37,7,1232,92,99,22,1230,1218,47,1216,1212,1231,10,1205,63,49
52: 34,43,67,39,95,13,36,53,90,57,20,379,19
53: 36,39,87,34,52,43,284,20,379,19,130,182
54: 18,97,75,365,1217,32,1226,1213,73,1215,40,1214,45,85,361,27,59,58,355,24,129
55: 28,79,91,41,37,7,4,96,1218,47,1216,1212,487,244,75,11,365,1217,32,1226,1213,73,1215,40
56: 185,80,44,384,12,93,173,26,64,82,98,46,33,61,6,74,8,1204,9,66
57: 76,90,66,95,13,34,52,43,23,78,20,1232,92,99,22,38,14,1210
58: 27,59,1217,32,1226,1213,73,1215,40,1214,45,85,16,18,54,97,70,84,355,24,129
59: 27,58,1217,32,1226,1213,73,1215,1214,45,85,60,16,18,54,97,70,84,355,24,129,164,50
60: 16,10,63,0,1214,45,85,88,1211,89,27,59,70,84,15,72
61: 6,74,168,26,64,82,56,3,83,8,1204,2,1206,1221,68,31,1225,1223,1224,1219
62: 381,69,17,134,251,1202,1207,1208,30,5,71,480
63: 49,51,1232,92,99,22,1230,38,1231,10,1205,25,21,1209,0,1214,45,85,60,16,88,1211,89
64: 26,82,465,77,185,80,44,168,56,3,83,61,6,74,8,1204
65: 216,308,384,12,93,173,183,301,98,46,33,67,39,87
66: 9,56,98,46,33,67,8,1204,95,13,31,42,1225,1223,1222,1224,1220,1219,23,78,76,90,57
67: 384,12,93,173,65,183,301,98,46,33,39,87,9,66,95,13,34,52,43
68: 1206,1221,3,83,61,6,74,8,1204,2,31,42,1225,1223,1222,1224,1220,1219,91,41,37,7,51
69: 17,20,379,19,130,182,14,1210,134,35,1229,1227,1228,1202,1207,381,62
70: 84,1214,45,85,60,16,88,1211,89,27,59,58,15,72,24,129,164,81,50,416
71: 1208,30,5,35,1202,1207,381,62,1,480,1203,29,199
72: 15,60,16,88,1211,89,1,70,84,48,1203,140,164,81,50,416,106
73: 1217,32,1226,1213,1215,40,28,55,1218,47,1216,1212,10,1205,75,11,365,1214,45,85,361,18,54,97,27,59,58
74: 61,6,168,26,64,82,56,3,83,8,1204,2,1206,1221,68,31,42,1225,1223,1222,1224,1220,1219
75: 11,365,4,96,28,55,1218,47,1216,1212,487,244,1217,32,1226,1213,73,1215,40,419,361,54,97
76: 90,57,66,95,13,43,23,78,20,1232,92,99,22,1230,38,14,1210
77: 465,317,179,185,135,168,26,64,82
78: 23,8,1204,9,66,95,13,31,42,1225,1223,1222,1224,1220,1219,76,57,51,1232,92,22,1230,38
79: 267,413,86,94,2,338,91,41,358,386,4,55
80: 44,317,179,463,216,185,384,12,173,26,64,56,33
81: 164,50,70,84,15,72,24,129,416,290,225
82: 26,64,465,77,185,44,168,56,3,83,61,6,74,8,1204
83: 3,135,168,26,64,82,427,103,61,6,74,413,86,94,2,1206,1221,68
84: 70,1214,45,85,60,16,88,1211,89,27,59,58,15,72,24,129,164,81,50,416
85: 1214,45,1218,47,1216,1212,1231,10,1205,63,49,1217,32,1226,1213,73,1215,40,60,16,18,54,97,27,59,58,70,84
86: 413,94,427,103,3,83,267,2,338,79,91,41
87: 39,65,183,301,67,95,13,43,36,53
88: 1211,89,63,49,25,21,1209,0,35,1229,1227,1228,60,16,1,70,84,15,72,48,1203,140
89: 88,1211,63,49,25,21,1209,0,35,1229,1227,1228,60,16,1,70,84,15,72,1203,140
90: 76,57,66,95,13,34,52,43,23,20,22,38,14
91: 41,413,86,94,2,1206,1221,68,79,37,7,4,96,28,55,1218,47,1216,1212
92: 1232,99,22,1230,31,42,1225,1223,1222,1224,1220,1219,23,78,76,57,51,38,1231,10,1205,63,49,21,0
93: 384,12,173,463,216,44,65,56,98,46,33,67
94: 413,86,427,103,3,83,267,2,338,79,91,41
95: 13,98,46,33,67,39,87,9,66,34,52,43,23,78,76,90,57,20
96: 4,91,358,386,28,55,487,244,75,11,365
97: 18,54,75,11,365,1217,32,1226,1213,73,1215,40,1214,45,85,361,27,59,58,355,129
98: 46,33,44,384,12,93,173,65,56,67,8,1204,9,66,95,13
99: 1232,92,22,1230,42,23,76,57,51,38,1231,10,63,49,25,21,0
100: 459,367,187,133,224,210,169
101: 466,281,143,306,263,420,105,294,392,246
102: 477,485,302
103: 427,135,168,3,83,267,413,86,94,2
104: 198,194,357,124,321,318,387
105: 263,420,119,142,166,143,306,189,294,392,101
106: 15,72,48,1203,140,29,416,232,476
107: 455,155,127,239,489,400,471,207
108: 387,362,227,349,320
109: 210,421,133,372,457,137
110: 460,391,123,432,380,455,155
111: 127,233,115,155,436,489
112: 132,459,367,187
113: 403,258,189,443,454,276
114: 296,151,157,248
115: 233,123,461,432,374,155,111
116: 317,179,463
117: 292,298,412,195
118: 398,149,328,172,181,196
119: 142,166,299,425,403,263,420,105,189,443
120: 484,353,438,431,354,396,153,190,269
121: 458,280,238,360,261,268,385,275,331,218,422
122: 324,477,375,293,175,316
123: 439,391,461,110,460,432,115
124: 446,104,387,362
125: 482,298,444,141,253,319,412,497
126: 
127: 111,155,436,107,489,496,400
128: 327,451,415,208,428
129: 24,18,54,97,27,59,58,70,84,355,164,81,50,311,290,225
130: 182,36,53,284,379,19,339,69,17,134,251
131: 236,393,305,302,285,324,151,375
132: 441,112,192,389,459,367,223,314,224
133: 421,213,309,187,457,100,210,109
134: 379,19,130,182,339,69,17,251,1202,1207,381,62
135: 465,77,168,427,103,3,83
136: 429,303,171,442,200,170
137: 211,109,252,495
138: 499,322,345,295,397,394,366
139: 200,445,170,442,494,188,277,488,288,312,186,464
140: 48,1203,88,1211,89,1,1208,5,15,72,29,416,106,232
141: 313,440,468,493,125,482,444,253,319,215
142: 119,166,143,306,263,420,105,189
143: 306,142,166,263,420,105,392,466,101
144: 332,382,235,473,254,270,406
145: 
146: 154,366,376,434,176
147: 350,351,242,249,403,258,191
148: 461
149: 323,398,277,312,186,464,118
150: 418,256,321,326,448
151: 285,131,236,375,248,114,296
152: 452,359,209,177,377,158
153: 396,353,438,356,120,411,162,190
154: 366,397,394,376,146,434
155: 110,460,432,115,455,111,127,107
156: 468,483,440,274
157: 248,327,451,415,114,315
158: 152,452,377,240,440
159: 370,469,279,426,373,346,217,221
160: 404,372,237,340
161: 223,314,389,378,333
162: 450,190,356,396,153,178,411,269,260
163: 
164: 81,50,27,59,70,84,15,72,24,129,416,290,225
165: 363,205,410,303,193,197,171
166: 119,142,143,306,263,420,105,189,443,294
167: 348,490,474,329
168: 465,77,185,135,26,64,82,427,103,3,83,61,6,74
169: 224,100,210
170: 200,445,139,136,442,494,188,277,488,288,186
171: 165,363,410,303,136,429,203,423
172: 342,328,312,186,464,118,347,196,435,235,332
173: 384,12,93,463,216,308,80,44,65,56,98,46,33,67
174: 270,435,406,273,481
175: 293,122,324,375,316
176: 146,434
177: 377,409,152,291,483
178: 411,467,356,162,450,190
179: 317,116,463,465,77,185,80,44
180: 250,424,226,371,348,490
181: 196,118,328,332,382,475,254
182: 130,36,53,284,379,19,339,69,17,134,251
183: 301,308,65,67,39,87
184: 230,247,246,439,461
185: 317,179,463,465,77,80,44,168,26,64,82,56
186: 312,464,200,445,170,139,277,323,398,149,488,288,172
187: 112,213,459,367,421,133,100,210
188: 442,200,445,170,139,488,288
189: 443,294,119,142,166,113,263,420,105,454,276
190: 162,450,356,396,153,120,484,178,411,269,260
191: 147,351,258
192: 389,297,441,346,217,221,132,314
193: 472,205,165,363,197,336
194: 422,275,331,325,357,198,104
195: 214,292,117,412,437
196: 181,118,342,328,172,332,254
197: 205,165,363,410,193,336,203,423
198: 104,194,422,446,357,318
199: 1208,30,5,71,480,29,232
200: 445,170,139,136,442,188,488,288,186
201: 385,360,218
202: 279,426,334,370,469,373
203: 423,197,171,336,278
204: 
205: 472,165,363,193,197
206: 402,273,417,304,222,330
207: 280,107,489,496,400,471,238,360,458
208: 428,327,128,415
209: 359,352,152,452,377
210: 109,187,421,133,457,100,169
211: 137,252,495
212: 240,486,482
213: 309,187,421,133
214: 195,292,300,437
215: 141,313,265,493,253,319,497
216: 463,308,80,44,384,12,93,173,65
217: 346,221,159,370,297,441,373,192,389
218: 275,331,121,201,385,422,325,243,357
219: 267,338,358,386
220: 476
221: 346,217,159,297,441,192,389
222: 283,206,402,310,322,345
223: 161,314,389,132,333
224: 132,459,367,100,169
225: 24,129,164,81,50,416,290
226: 424,180,250,371,348,490,491
227: 349,320,108,326,287
228: 
229: 
230: 399,466,247,246,184
231: 467,356
232: 48,1203,140,29,199,106,476
233: 115,461,374,111
234: 296,478
235: 347,342,328,172,307,435,144,332,382,270
236: 131,393,305,302,285,324,151,375
237: 404,433,160,407,340
238: 489,496,400,207,280,360,121,458,261,268
239: 380,455,107,453,471
240: 486,158,440,212
241: 479
242: 428,271,249,147,350,351
243: 325,385,275,218,357,256
244: 487,358,386,4,96,55,75,11,365,419,361
245: 304,330
246: 247,466,101,281,230,399,184
247: 246,466,281,230,184
248: 157,151,451,415,114,296
249: 271,242,147,350,351,299,403,258
250: 180,289,424,226,371,490
251: 130,182,339,134,381,62
252: 137,211,495
253: 319,141,313,265,493,125,444,215,497,401
254: 473,475,181,196,144,332,382
255: 289,424
256: 325,243,357,321,150,418
257: 414,286,266,407,437,456,337,383
258: 249,147,351,403,191,113
259: 337,407,414,340,383
260: 162,190,269
261: 268,238,121,458,275,331,422
262: 
263: 420,105,119,142,166,143,306,189,443,294,466,101
264: 419,361
265: 493,468,274,313,253,215
266: 433,407,257,414,286
267: 427,103,413,86,94,219,338,79
268: 261,238,121,458,331,422
269: 396,120,484,162,190,260
270: 174,307,435,235,144,406,481
271: 428,242,249,350
272: 315,478,369
273: 481,174,304,206
274: 483,468,156,265
275: 331,218,121,261,385,194,422,325,243,357
276: 454,113,189,443,294
277: 494,445,170,139,323,398,149,488,312,186,464
278: 203,423
279: 426,202,334,159,370,469,373
280: 207,496,400,364,471,238,360,121,458
281: 466,101,294,247,246,395
282: 310,322,345,499,397
283: 222,405,402,390,310,345
284: 36,53,379,19,130,182,339
285: 393,305,335,131,236,151,375
286: 257,414,266,407,437,456,337,383
287: 326,227,349,320
288: 488,188,200,445,170,139,186,462
289: 255,424,250
290: 355,24,129,164,81,50,311,225
291: 491,409,177,377,470,483
292: 117,298,412,214,195
293: 175,122,324,316
294: 189,443,166,263,420,105,454,276,466,101,281
295: 341,138
296: 114,151,248,234
297: 441,343,346,217,221,192,389
298: 125,482,444,319,292,117,412
299: 425,249,403,119
300: 497,401,214
301: 183,308,65,67,39,87
302: 393,305,477,102,131,236
303: 410,165,171,136,429
304: 273,481,206,402,245,330
305: 393,302,285,131,236
306: 143,142,166,263,420,105,392,466,101
307: 435,347,342,235,270
308: 216,173,65,183,301
309: 213,421,133,372,457
310: 390,405,283,222,322,345,282
311: 355,24,129,290
312: 186,464,445,139,277,323,398,149,488,347,342,328,172
313: 141,440,468,265,493,444,253,319,215
314: 161,223,192,389,132,333
315: 428,327,451,415,157,351,272
316: 122,324,293,175
317: 179,116,463,465,77,185,80,44
318: 321,198,104,387,418,349
319: 253,141,313,493,125,482,298,444,215,497,401
320: 227,349,321,108,326,287
321: 318,104,256,150,418,326,349,320
322: 345,222,390,310,282,499,138,397
323: 398,149,494,277,312,186
324: 122,477,131,236,375,293,175,316
325: 243,385,275,218,194,422,357,256
326: 321,150,418,227,349,320,448,287
327: 451,128,415,208,428,157,315
328: 342,172,312,464,118,347,181,196,435,235,332,382
329: 167,474
330: 304,206,245,341
331: 275,218,121,458,261,268,385,194,422,357
332: 144,382,342,328,172,181,196,235,254
333: 161,223,314,378
334: 362,279,426,202,469
335: 285
336: 193,197,492,203,423
337: 259,407,257,414,286,340,383
338: 267,413,86,94,219,79,358,386,4
339: 284,130,182,134,251
340: 160,237,407,337,259
341: 330,295
342: 328,172,312,464,347,196,307,435,235,332
343: 297,441
344: 
345: 322,283,222,390,310,282,499,138
346: 217,221,159,297,441,192,389
347: 312,464,342,328,172,307,435,235
348: 371,490,180,226,167,491,409,474
349: 227,320,321,318,108,387,326,287
350: 147,351,271,242,249
351: 147,350,242,315,249,258,191
352: 359,209,452
353: 388,438,356,396,153,120
354: 431,368,438,120,484
355: 361,18,54,97,27,59,58,24,129,311,290
356: 353,231,467,396,153,178,411,162,450,190
357: 275,331,218,194,422,325,243,198,104,256
358: 386,219,338,79,4,96,487,244
359: 209,352,152,452
360: 364,471,207,280,238,121,458,201,385
361: 487,244,75,11,365,1217,32,1213,73,1215,40,419,18,54,97,264,355
362: 124,108,387,334
363: 165,205,410,193,197,171
364: 471,453,280,360
365: 75,11,4,96,28,55,1218,47,1216,1212,487,244,1217,32,1226,1213,73,1215,40,419,361,54,97
366: 154,499,138,397,394,376,146
367: 459,112,132,187,224,100
368: 438,431,354
369: 272,478
370: 159,469,279,426,202,373,217
371: 348,490,424,180,250,226,491
372: 457,309,421,160,109
373: 430,279,426,202,159,370,469,217
374: 233,115
375: 285,131,236,122,324,151,175
376: 394,154,366,146
377: 177,209,409,152,452,291,158,483
378: 161,333
379: 19,34,52,43,36,53,284,20,130,182,14,69,17,134
380: 110,460,455,239
381: 62,69,17,134,251,1202,1207,1208,30,5,71,480
382: 144,332,328,181,235,473,475,254,406
383: 407,257,414,286,456,337,259
384: 12,93,173,463,216,80,44,65,56,98,46,33,67
385: 201,360,121,275,331,218,325,243
386: 358,219,338,79,4,96,487,244
387: 108,104,124,318,362,349
388: 353
389: 192,297,441,346,217,221,132,161,223,314
390: 310,405,283,322,345
391: 439,123,110,460,432
392: 143,306,420,105,466,101,399
393: 305,302,285,131,236
394: 499,138,154,366,376
395: 466,281,246
396: 153,353,438,356,120,484,411,162,450,190,269
397: 322,282,499,138,154,366
398: 323,149,277,312,186,118
399: 230,392,466,246
400: 489,496,127,107,207,280,238
401: 253,319,215,497,300
402: 206,417,304,283,222
403: 249,147,299,258,119,113
404: 160,237
405: 283,390,310
406: 144,382,174,270,481,417
407: 433,266,237,257,414,286,340,337,259,383
408: 
409: 491,348,177,377,291
410: 303,165,363,197,171,429
411: 178,467,356,396,153,162,450,190
412: 125,482,298,444,292,117,195
413: 86,94,427,103,3,83,267,2,338,79,91,41
414: 257,286,266,407,456,337,259,383
415: 327,451,128,208,428,157,248,315
416: 70,84,15,72,140,164,81,50,106,225
417: 406,481,304,206,402,283
418: 150,256,321,318,326,448
419: 487,244,75,11,365,361,264
420: 263,105,119,142,166,143,306,189,443,294,392,466,101
421: 133,213,309,187,372,457,210,109
422: 194,121,261,268,275,331,218,325,357,198
423: 203,197,171,336,278
424: 255,289,180,250,226,371
425: 299,119
426: 279,202,334,159,370,469,373
427: 103,135,168,3,83,267,413,86,94,2
428: 327,451,128,415,271,242,315
429: 136,410,303,171,442
430: 373
431: 354,368,438,120,484
432: 439,391,123,461,110,460,115,155
433: 266,449,237,407
434: 154,146,176
435: 307,347,342,328,172,235,174,270
436: 111,127,489,496
437: 456,214,195,257,286
438: 368,353,431,354,396,153,120,484
439: 391,184,123,432
440: 158,240,468,156,141,313
441: 297,343,346,217,221,192,389,132
442: 136,429,494,188,200,445,170,139
443: 189,294,119,166,113,263,420,454,276
444: 125,482,298,141,313,253,319,412,497
445: 200,170,139,442,188,277,488,288,312,186
446: 198,124
447: 476
448: 150,418,326
449: 479,433
450: 162,190,356,396,178,411
451: 327,128,415,428,157,248,315
452: 152,352,359,209,377,158
453: 239,364,471
454: 276,113,189,443,294
455: 110,460,380,155,239,107
456: 437,257,414,286,383
457: 372,309,421,133,210,109
458: 121,207,280,238,360,261,268,331
459: 367,112,132,187,224,100
460: 110,391,123,432,380,455,155
461: 184,148,123,432,233,115
462: 488,288,186,464
463: 116,317,179,216,185,80,44,384,12,93,173
464: 312,186,139,277,149,488,462,347,342,328,172
465: 77,317,179,185,135,168,26,64,82
466: 101,281,143,306,263,420,294,392,230,399,247,246
467: 231,356,178,411
468: 156,440,274,141,313,265,493
469: 159,370,334,279,426,202,373
470: 474,291
471: 364,239,107,453,207,280,360
472: 205,193
473: 475,254,144,382
474: 348,167,329,470
475: 473,254,181,382
476: 106,232,220,447
477: 102,485,302,122,324
478: 234,272,369
479: 241,449
480: 1202,1207,381,62,1208,30,5,71,29,199
481: 273,174,270,406,417,304
482: 125,298,444,212,141,319,412
483: 177,377,291,156,274
484: 120,438,431,354,396,190,269
485: 477,102
486: 240,212
487: 244,358,386,4,96,28,55,75,11,365,419,361
488: 288,188,200,445,170,139,277,312,186,464,462
489: 496,400,111,127,436,107,207,238
490: 371,348,180,250,226,167,491
491: 409,226,371,348,490,291
492: 336
493: 265,468,141,313,253,319,215
494: 442,170,139,277,323
495: 252,137,211
496: 489,400,127,436,207,280,238
497: 125,444,253,319,215,401,300
498: 
499: 138,322,345,282,397,394,366
500: 1044,1158,746,955,862,578,1125,622
501: 583
502: 669,626,1094,1112,810,853
503: 851,961,1191,1069,1183
504: 1188,971,1023,827,703,755,1163
505: 793,973,820
506: 1030,534,840,853,510,833,845
507: 525,577,712,676
508: 1159,551
509: 964,962,537,1176
510: 738,840,978,591,1030,506,1025,845
511: 535,1136,966,935
512: 611,863
513: 874,622,1010,1052,879
514: 916,1164,831,860,572,668,541
515: 665,1046,626,1094,846
516: 939,630,777,583
517: 958,768,548,886,1006,1085
518: 656,779,764,1098,1009
519: 590,1032,1011,963,566
520: 686,909
521: 1029,942,687
522: 792,888,807,892,770,989
523: 859,1053,599,702,571,593,954,695
524: 904,1010,1052,879,1050
525: 507,1087,1123,1132,577,676
526: 1172,612
527: 905,1113,1031,928,615,602
528: 678,1117,653,529,744,545,1101,584
529: 744,977,762,653,528,678,1117
530: 585,606,802,546,991,800
531: 1148,938
532: 989,880,1045,600,782
533: 951,1121,674
534: 1030,506,738,833,845
535: 1125,734,1136,511,966
536: 761,1077,635
537: 1176,509,636,962,1016
538: 726,603,930,1021,1073
539: 706,737,766,555,832,1054,978
540: 939,727,630,583,763
541: 923,572,514,1011,566
542: 632,710,1173,725,594,563
543: 682,995
544: 843,654,732,838,919,799
545: 1101,584,528,678,1117
546: 802,606,530,585,800
547: 614,618,1012,787,1120,977,653
548: 768,854,1127,653,517,886
549: 684,771,1097,728
550: 1193,624,941,872,929,1013,590,1032
551: 508,1159,574,932,767
552: 824
553: 895,996,751,1092
554: 988,1005,891,619,984,722,690
555: 766,643,539,706,737
556: 581,696,994,788
557: 570,1061,831,860
558: 1137,1114,870,698,559,1140
559: 1140,558,698,790,942
560: 651,983,1096,796
561: 576,767
562: 1181
563: 1173,542,725,594,1130
564: 1056,1169
565: 763,662,837
566: 1011,963,590,1032,572,923,541
567: 1100,1145
568: 733,781,723,1063
569: 865,785,805,968
570: 557,1061,831
571: 702,859,523,954,695
572: 1164,590,1032,514,1011,566,923,541
573: 819,813,578,597,774,1125,588,734
574: 1159,551,825,932
575: 808,971,666,922,1001,1023,640,652,1188
576: 767,932,561,1077,761
577: 1087,1119,1123,1132,507,525,676
578: 597,955,862,1035,573,819,500,1044,1125
579: 747,1181
580: 898,952
581: 663,679,696,556
582: 613,1013
583: 516,630,540,777,501
584: 545,1101,528,678,926
585: 530,606,991,800,870
586: 821,907,605,1019,1034
587: 1136,966,935
588: 597,573,819,774,734
589: 850,729,847,862
590: 1032,550,929,877,1164,572,1011,566
591: 978,1054,510,738,937,1025,1099,1150
592: 
593: 523
594: 1130,1173,542,563
595: 1103,629
596: 852,1154,759
597: 578,955,1035,573,819,1044,1125,588
598: 912,924,990
599: 1053,815,906,702,523
600: 532,782
601: 700,714,866,925,823,794
602: 527,1113,1031,928,976,724,1060,943
603: 538,726,930,1021
604: 
605: 586,1019,1034
606: 1192,802,546,530,585
607: 1160
608: 1178,847,1116,864
609: 866,925,620,773,670
610: 897,1179,748,750,1168
611: 1070,512
612: 526
613: 582,647
614: 547,618,1012,829,1120,977,854,894,1127,653
615: 527,712
616: 755,1163,1133,828
617: 1122,1195,814
618: 1002,1012,829,1120,614,547
619: 891,554,988,722,690,914,1064
620: 1146,788,609
621: 848,903,940
622: 500,513
623: 1020
624: 1193,672,941,872,550,929
625: 1144
626: 1094,1038,665,927,515,1112,669,502
627: 694,948,1000,913,1014,1066
628: 655,789
629: 595
630: 939,727,516,540,777,583
631: 848
632: 710,1173,542
633: 849,869,915,987
634: 952,818
635: 1077,536,761,1018
636: 731,828,537,1176,1078,1129
637: 964,962
638: 764
639: 826,1068,997
640: 1001,808,971,575,708,742,652,1089
641: 876,885,711,748
642: 1041,1015
643: 766,555,737
644: 949,884,760
645: 818
646: 1018
647: 934,1073,872,613
648: 795,1028,816,811
649: 1145,1055,957,1100,1174
650: 881,1055,1174
651: 1199,560,1039,983,1151
652: 1001,808,971,575,640,1188,1089
653: 614,547,977,762,529,744,548,528,1117
654: 843,1189,544,732
655: 628,789
656: 518,764
657: 953,917,664,721
658: 1168
659: 1131,830
660: 1180,934
661: 980,758,958,837
662: 565,837
663: 1162,903,940,967,581,696,1072
664: 917,657,953
665: 1046,1124,960,626,1094,515
666: 849,922,1001,808,575
667: 1057,875,899,861
668: 831,860,1185,916,514
669: 502,626,1094,1112,1024,810,840,853
670: 609,1124
671: 1194
672: 934,1193,624,872,550
673: 
674: 1020,533,951
675: 789,1007,701,791
676: 577,507,525,891
677: 689,1143
678: 528,1117,529,744,545,1101,584
679: 920,581,994
680: 692,926,1090,902,1097,728
681: 911,904
682: 995,721,543,985,1015
683: 739,699,1109,946,1071,1152
684: 771,902,549,1004
685: 693
686: 520,688,909
687: 521,942,979
688: 686,1065,950
689: 1143,677,1076
690: 914,554,619,722,918,1064,719
691: 820,889,709
692: 680,926,1090,902,728
693: 685
694: 627,948,1014,1066
695: 571,523,954,760
696: 663,581,1072,556
697: 1091,763
698: 870,558,1137,1029,559,1140
699: 1110,1195,739,1122,683,946
700: 601
701: 675,1007
702: 571,867,859,1053,599,523,954
703: 827,504,1000,1163,913
704: 834,1190,844,875,899
705: 1152,754
706: 539,737,766,555,832,1054,978
707: 1026
708: 742,1147,987,1001,640
709: 822,691,889
710: 632,1067,801,1173,542
711: 769,1118,641,987,748
712: 507,615
713: 969
714: 967,1072,601,866,925,823
715: 1029,933,718
716: 982,1149,1182
717: 981,945
718: 715
719: 984,722,690,914
720: 1066
721: 657,953,985,682,995
722: 554,988,891,619,984,690,914,719
723: 1063,781,568
724: 1060,602,976,943
725: 542,1095,896,563,1027
726: 538,603,930
727: 965,939,630,540
728: 1097,692,680,549
729: 589,847,1116
730: 911,904,1196
731: 636,828,1078,1129
732: 843,654,544,919,799,826,1068
733: 781,1063,568
734: 573,774,970,588,535,1136
735: 1049
736: 912
737: 539,706,766,643,555,832,1054,978
738: 510,840,978,591,1030,534,1025,1150,845
739: 741,772,839,1110,699,1109,683
740: 1059
741: 992,772,1197,839,1110,739
742: 708,1147,987,640,897
743: 782,1082
744: 529,762,653,528,678,1117
745: 850,887
746: 847,1116,955,862,1178,500,1044,1158
747: 579,1181
748: 641,711,610,897,1179
749: 963,1095,1027,1080
750: 1147,610,897,1179,1168
751: 1092,553,996
752: 1175,1086
753: 757,1194,783
754: 705,1048
755: 1163,1188,504,1089,1133,616
756: 930,1021,1067,801
757: 986,753
758: 1091,883,894,661,980
759: 1154,596,1002
760: 695,644
761: 536,576,767,1077,635
762: 977,653,529,744
763: 540,697,565
764: 779,638,656,518,1098
765: 813,1105,1083
766: 643,555,539,706,737
767: 576,551,825,932,561,761
768: 548,854,894,1127,517,958,886
769: 711,1118,817,915,987
770: 888,522,1108
771: 684,902,549
772: 741,992,1166,1197,839,1110,739
773: 609
774: 813,573,819,970,588,734
775: 778,858,888,807,770
776: 895,887,1047
777: 1026,516,630,583
778: 1062,858,838,1138,775,888,807
779: 764,518,815,1098,1009
780: 981,975
781: 733,723,1063,568
782: 600,532,743
783: 753
784: 1144,944,856,1017
785: 865,1048,569,805,968,1022
786: 
787: 1012,547,977
788: 1146,994,556,620
789: 655,628,675,791
790: 559,942,979
791: 675,789,998,1135
792: 522,892,989
793: 505,973,820,889
794: 601,925,823
795: 810,842,648,816,811
796: 983,1096,560,1181
797: 798,1106
798: 1185,1106,797
799: 919,544,732,838,826
800: 530,585,933
801: 756,1067,710,890,1173
802: 546,606,530
803: 
804: 993,1102,1199
805: 968,1022,1048,785,569,974
806: 964,1168,1133
807: 888,1062,778,858,1138,775,892,522
808: 971,575,666,1001,640,652,1188
809: 
810: 846,669,502,842,853,795
811: 816,795,648,1028,869
812: 1092,1123,1105
813: 765,1083,573,819,774,970
814: 1195,617
815: 779,956,1053,599,906
816: 811,795,648,1028,869
817: 1118,915,876,769
818: 898,645,634
819: 573,1083,813,578,597,774,588
820: 505,793,691,889
821: 1156,586
822: 709,1131,910
823: 866,925,714,601,794
824: 552,1186
825: 932,574,998,767,1135,900
826: 732,919,799,1068,639
827: 703,1023,504,1000
828: 636,731,616,1176
829: 1120,618,614,854,894
830: 659,1156,986,878
831: 570,557,1164,860,916,514,668
832: 1054,539,706,737,978,937,1099
833: 853,1030,506,534
834: 1190,844,704,1088,875,899
835: 1033,990,1038,927
836: 1016
837: 565,661,980,662
838: 544,919,799,1062,778
839: 1110,1166,741,992,772,739
840: 1024,669,853,510,738,1030,506
841: 951
842: 846,810,795
843: 654,544,732
844: 834,1190,704,1088,899
845: 510,738,1030,506,534,1150
846: 515,810,842
847: 1116,729,589,746,1178,608
848: 631,621,1128,903,940
849: 633,869,666,1001
850: 745,589
851: 503,961,1069,1183
852: 596,1154
853: 669,502,810,840,1030,506,833
854: 894,829,1120,614,1127,768,548
855: 1114,1161,1039
856: 1134,944,784
857: 1057,1107
858: 1062,778,1138,888,807,892
859: 938,1084,867,1053,1051,702,571,523
860: 557,831,1185,916,514,668
861: 667,1057
862: 955,1035,589,746,578,500,1044,1158
863: 512,999
864: 1178,608
865: 1048,785,569
866: 925,823,1072,714,601,609
867: 1084,938,859,1051,702
868: 1058
869: 816,811,849,633
870: 1161,991,585,1114,558,1137,698
871: 1184,975,1087,1119
872: 934,672,1193,624,647,550,1013
873: 1111,1104,1196,1192,1042
874: 1178,513,1010,1052,879
875: 704,834,899,667,1057
876: 641,817,885
877: 1164,941,929,590
878: 986,830,1065,950
879: 1010,1052,874,513,904,524
880: 1045,997,989,532
881: 1008,650
882: 922
883: 1091,758
884: 949,1051,954,644
885: 876,641
886: 768,548,517,958,1006,1036,1085
887: 1047,776,895,745,1083
888: 807,1062,778,858,1138,775,892,770,522
889: 820,793,691,709
890: 801,1173,1130
891: 619,1005,676,554,988,722,1064
892: 1062,858,1138,888,807,522,792,989
893: 1157,908
894: 854,829,1120,614,1127,758,768
895: 553,996,776,1092,887,1047
896: 1095,725,1027,1080
897: 610,1179,748,742,1147,750,1168
898: 580,818
899: 704,834,1190,844,1088,875,667,1057
900: 998,825,932,1135
901: 
902: 1090,692,680,684,771
903: 621,848,940,663,1162
904: 911,730,1010,1052,879,681,524
905: 527,1113,1031,928,1075
906: 815,1098,1009,1053,599
907: 999,586,1019,1034
908: 893,1157,947
909: 1093,520,686
910: 1131,822,1156
911: 904,730,1010,681
912: 736,1079,924,598
913: 703,1000,627,948,1014
914: 690,619,722,918,1064,719
915: 1118,817,633,769,987
916: 514,1164,831,860,668
917: 1004,664,657,953
918: 1064,690,914
919: 799,544,732,838,826,1062
920: 679
921: 1197,1186,992
922: 882,666,1001,575
923: 541,572,1011,963,566
924: 912,598
925: 866,823,714,601,794,609
926: 1101,584,1090,692,680
927: 835,1033,1038,626,1112,1024
928: 1031,1075,527,905,1113,602,976
929: 624,941,550,877,1164,590,1032
930: 1121,603,538,726,1021,756
931: 1167
932: 825,574,551,998,576,767,900
933: 800,715
934: 672,1180,660,1193,647,872
935: 966,1136,511,587
936: 
937: 832,1054,978,591,1025,1099
938: 531,1148,956,1084,867,859
939: 1049,727,516,630,540
940: 621,848,1128,903,663,1162
941: 1193,624,550,929,877,1164
942: 559,521,790,687,979
943: 1182,602,976,982,724,1060
944: 1144,856,784
945: 717,1167
946: 699,1122,683,1071,1152
947: 908
948: 627,694,1000,913
949: 884,954,644
950: 1065,688,986,878
951: 533,1121,674,841
952: 580,634
953: 657,917,1004,664,721
954: 1051,702,571,949,884,695
955: 862,1035,746,578,597,500,1044,1158,1125
956: 938,815
957: 1055,1100,1174,1145,649
958: 517,768,661,980,886
959: 1171,1074
960: 1124,665,1046
961: 503,851,1069
962: 964,509,637,537,1176,1016
963: 1011,566,1032,519,923,749
964: 806,1133,509,637,962
965: 1115,727
966: 935,535,1136,511,587
967: 663,1162,1072,714
968: 805,1022,1048,785,569
969: 999,713
970: 813,774,734,984
971: 808,575,1001,1023,640,652,1188,504
972: 1198,1128
973: 505,793
974: 805
975: 780,871,1119,1132
976: 1031,928,1075,602,982,724,1060,1182,943
977: 1012,787,614,547,762,653,529
978: 591,539,706,737,832,1054,510,738,937,1025,1099
979: 790,942,687
980: 661,758,958,837
981: 780,717
982: 716,976,1182,943
983: 1096,796,560,651,1181
984: 970,554,722,719
985: 721,682,995,1015
986: 878,830,950,757
987: 1118,915,633,711,769,708,742,1147
988: 554,1005,891,619,722
989: 892,997,522,792,880,1045,532
990: 598,835,1033
991: 1165,1161,530,585,1114,870
992: 741,772,921,1197,839,1110
993: 804,1102
994: 679,556,1146,788
995: 682,721,543,985
996: 895,553,751,1092,1047,1105
997: 639,989,880,1045
998: 825,932,791,1135,900
999: 863,1160,907,969
1000: 827,703,913,627,948
1001: 849,666,922,808,971,575,708,640,652
1002: 759,618
1003: 
1004: 917,684,953
1005: 1105,554,988,891
1006: 1036,1085,517,886
1007: 675,701
1008: 881
1009: 779,518,1098,906
1010: 1052,879,874,513,911,904,524
1011: 963,566,590,1032,572,519,923,541
1012: 618,787,1120,614,547,977
1013: 872,550,582
1014: 913,627,694,1066
1015: 985,682,642
1016: 962,537,1176,836
1017: 784
1018: 635,646
1019: 1034,586,907,605
1020: 674,623
1021: 603,538,930,1073,756,1067
1022: 805,968,1048,785
1023: 971,575,1188,504,827
1024: 1112,927,669,840
1025: 1099,1054,978,591,510,738,937,1150
1026: 707,516,777
1027: 725,1095,896,749,1080
1028: 648,816,811
1029: 715,698,521
1030: 506,534,840,853,510,738,833,845
1031: 928,1075,527,905,1113,602,976
1032: 590,550,929,1164,572,519,1011,963,566
1033: 835,990,1038,927
1034: 1019,586,907,605
1035: 955,862,578,597,1044
1036: 1006,1085,886
1037: 1148,1155
1038: 835,1033,927,626,1094
1039: 651,1114,855,1151
1040: 1060,1086
1041: 642
1042: 1165,873,1111,1192,1102,1161
1043: 
1044: 500,1158,746,955,862,1035,578,597,1125
1045: 880,997,989,532,1171
1046: 665,1124,960,1094,515
1047: 887,776,895,996,1083
1048: 865,754,785,805,968,1022
1049: 735,939
1050: 524
1051: 1084,867,859,884,954
1052: 1010,879,874,513,904,524
1053: 599,815,859,906,702,523
1054: 832,539,706,737,978,591,937,1025,1099
1055: 957,650,1100,1174,649
1056: 564,1169
1057: 667,875,899,857,861
1058: 1079,868
1059: 740
1060: 724,602,976,1182,943,1040
1061: 570,557
1062: 778,858,838,919,1138,888,807,892
1063: 723,733,781,568
1064: 918,891,619,690,914
1065: 950,688,878
1066: 627,694,1014,720
1067: 1021,1073,756,801,710
1068: 732,826,639
1069: 1191,961,503,851,1088
1070: 611
1071: 1152,1109,683,946
1072: 663,967,696,714,866
1073: 538,1021,647,1067
1074: 959,1134
1075: 1031,928,905,976
1076: 689
1077: 576,536,761,635
1078: 636,731,828,1176,1129
1079: 912,1058
1080: 1095,896,749,1027
1081: 
1082: 1171,743
1083: 887,1047,813,765,819
1084: 867,938,859,1051
1085: 1006,1036,517,886
1086: 752,1040
1087: 1119,1123,1184,871,1132,577,525
1088: 834,1190,844,1069,899
1089: 640,652,1188,755,1163,1133
1090: 926,902,692,680
1091: 883,697,758
1092: 751,895,553,996,1105,812
1093: 909
1094: 626,1038,665,1046,515,669,502
1095: 896,725,749,1027,1080
1096: 983,796,560
1097: 728,680,549,1195
1098: 779,764,518,1009,906
1099: 1025,832,1054,978,591,937
1100: 1055,957,1174,1145,649,567
1101: 545,584,528,678,926,1177
1102: 804,1042,1165,1199
1103: 1170,1183,595
1104: 1196,873,1111,1192
1105: 996,1092,812,765,1005
1106: 798,1185,797
1107: 857
1108: 770
1109: 739,683,1071
1110: 839,1166,741,992,772,739,699
1111: 873,1104,1192,1042
1112: 1024,927,626,669,502
1113: 527,905,1031,928,602
1114: 855,1161,991,1039,870,558
1115: 965
1116: 847,729,746,1178,608
1117: 528,678,653,529,744,545
1118: 817,915,711,769,987
1119: 1087,1123,1184,871,975,1132,577
1120: 829,618,1012,614,547,854,894,1127
1121: 533,951,930
1122: 617,1195,699,946
1123: 1087,1119,812,577,525
1124: 670,960,665,1046
1125: 955,578,597,573,500,1044,1158,535
1126: 1142
1127: 1120,614,854,894,768,548
1128: 1198,848,972,940
1129: 636,731,1078
1130: 594,890,1173,563
1131: 910,822,659
1132: 975,1087,1119,577,525
1133: 1089,755,616,964,806
1134: 856,1074
1135: 998,825,791,900,1189
1136: 734,535,511,966,935,587
1137: 558,870,698,1140
1138: 1062,778,858,888,807,892
1139: 
1140: 559,558,1137,698
1141: 
1142: 1126
1143: 689,677
1144: 944,625,784
1145: 649,957,1100,1174,567
1146: 788,994,620
1147: 708,742,987,897,750
1148: 531,938,1037
1149: 716
1150: 591,738,1025,845
1151: 651,1039
1152: 1071,946,705
1153: 
1154: 852,596,759
1155: 1037
1156: 910,830,821
1157: 893,908
1158: 500,1044,746,955,862,1125
1159: 508,574,551
1160: 607,999
1161: 1042,1165,991,1114,855,870
1162: 663,903,940,967
1163: 755,1188,504,703,1089,616
1164: 877,941,929,831,590,1032,572,916,514
1165: 1042,1102,1161,991
1166: 1177,772,839,1110
1167: 945,931
1168: 610,897,750,658,806
1169: 564,1056
1170: 1103
1171: 1045,1082,959
1172: 1174,526
1173: 801,632,710,890,542,594,1130,563
1174: 650,1055,957,1100,1145,649,1172
1175: 752
1176: 537,509,636,828,962,1078,1016
1177: 1101,1166
1178: 608,847,1116,746,864,874
1179: 610,897,748,750
1180: 660
1181: 983,796,747,579,562
1182: 943,976,982,716,1060
1183: 503,851,1103
1184: 871,1087,1119,1123
1185: 798,1106,860,668
1186: 824,921,1197
1187: 
1188: 504,808,971,575,1023,652,1089,755,1163
1189: 1135,654
1190: 834,844,704,1088,899
1191: 1069,503
1192: 1104,1196,873,1111,1042,606
1193: 624,934,672,941,872,550
1194: 753,671
1195: 1097,699,617,1122,814
1196: 730,1104,873,1192
1197: 921,1186,741,992,772
1198: 1128,972
1199: 804,1102,651
1202: 1207,14,1210,69,17,134,35,1229,1227,1228,381,62,1,1208,30,5,71,480
1203: 48,140,88,1211,89,1,1208,30,5,71,15,72,29,106,232
1204: 8,26,64,82,56,98,46,33,61,6,74,9,66,1206,1221,68,31,1225,1223,1224,1219,23,78
1205: 1231,10,37,7,51,1232,92,22,1230,1218,47,1216,1212,63,49,1217,1226,73,1214,45,85,16
1206: 1221,68,3,83,61,6,74,8,1204,2,31,42,1225,1223,1222,1224,1220,1219,91,41,37,7,51
1207: 1202,14,69,17,134,35,1229,1227,381,62,1,1208,30,5,71,480
1208: 30,5,71,35,1229,1202,1207,381,62,1,480,48,1203,140,29,199
1209: 25,21,0,38,14,1210,63,35,1229,1227,1228,16,88,1211,89,1
1210: 14,76,57,20,19,38,69,17,25,21,1209,0,35,1229,1227,1228,1202
1211: 88,89,63,25,21,1209,0,35,1229,1228,60,16,1,70,84,15,72,48,1203,140
1212: 1218,47,1216,91,37,7,51,28,55,1231,10,1205,75,11,365,1217,32,1226,1213,73,1215,40,1214,45,85
1213: 1217,32,1226,73,1215,40,28,55,1218,47,1216,1212,10,75,11,365,1214,45,85,361,18,54,97,27,59,58
1214: 45,85,1218,47,1216,1212,10,1205,63,1217,32,1226,1213,73,1215,40,60,16,18,54,97,27,59,58,70,84
1215: 1217,32,1226,1213,73,40,28,55,1218,47,1216,1212,10,75,11,365,1214,45,85,361,18,54,97,27,59,58
1216: 1218,47,1212,91,37,7,51,28,55,1231,10,1205,75,11,365,1217,32,1226,1213,73,1215,40,1214,45,85
1217: 32,1226,1213,73,1215,40,28,55,1218,47,1216,1212,10,1205,75,11,365,1214,45,85,361,54,97,59,58
1218: 47,1216,1212,91,37,7,51,28,55,1231,10,1205,75,11,365,1217,32,1226,1213,73,1215,40,1214,45,85
1219: 31,42,1225,1223,1222,1224,1220,61,74,8,1204,66,1206,1221,68,23,78,37,7,51,92,22
1220: 31,42,1225,1223,1222,1224,1219,74,8,66,1206,1221,68,23,78,37,7,51,1232,92,22,1230
1221: 1206,68,3,83,61,74,8,1204,2,31,42,1225,1223,1222,1224,1220,1219,91,41,37,7,51
1222: 31,42,1225,1223,1224,1220,1219,74,8,66,1206,1221,68,23,78,37,7,51,1232,92,22,1230
1223: 31,42,1225,1222,1224,1220,1219,61,74,8,1204,9,66,1206,1221,68,23,78,37,7,51,92,22,1230
1224: 31,42,1225,1223,1222,1220,1219,61,6,74,8,1204,66,1206,1221,68,23,78,37,7,51,92
1225: 31,42,1223,1222,1224,1220,1219,61,74,8,1204,9,66,1206,1221,68,23,78,37,7,51,92,22,1230
1226: 1217,32,1213,73,1215,40,28,55,1218,47,1216,1212,1231,10,1205,75,11,365,1214,45,85,18,54,97,27,59,58
1227: 35,1229,1228,38,14,1210,69,17,25,21,1209,0,1202,1207,88,89,1,5
1228: 35,1229,1227,38,14,1210,69,17,25,21,1209,0,1202,88,1211,89,1,5
1229: 35,1227,1228,38,14,1210,69,17,25,21,1209,0,1202,1207,88,1211,89,1,1208,30,5
1230: 1232,92,99,22,31,42,1225,1223,1222,1220,23,78,76,51,38,1231,10,1205,63,49,21,0
1231: 10,1205,37,7,51,1232,92,99,22,1230,1218,1216,1212,63,49,1226,45,85,16
1232: 92,99,22,1230,42,1222,1220,23,78,76,57,51,38,1231,10,1205,63,49,25,21,0