1574: 1605,1069,1620
543: 
1068: 1632,1656,1630,1655,1659,1653,1654,1657,1658,1640,1638,1627,1619
1141: 1100,1656,1184
1543: 1349
566: 495
949: 1708,1678,1691,1624,1646,1639,1644,1680,1648,1709,1725
1581: 1562
1445: 1530,1586
1701: 1671,1700
977: 
1519: 1564,1531,1373,1467,1479,1554,1450,1476,1430,1506,1478,994
1373: 1467,1540,1519,1564,1531,1450
1572: 1527,456,902
1394: 1379,1415,1365,1345,1317,1346,1426,1316,323,1431
535: 
754: 69
1459: 1557,1419,487,985,1525,1526,1561
1509: 1357,1345,1428,1489
583: 
1619: 1640,1638,1627,1632,1068,1521,1688,1662,1655,1659,1636,1651,1645,1624,1646,1639,1644
1376: 1474,1514,1501
900: 
1520: 1495,1268,1672,1424,1537
1337: 1690,1702,1665,1696,1679
500: 
520: 
1393: 1346,1426,1316,323,1431,1415,1345,1317,1461,1395
1602: 1532,1477,1341
1623: 1066,1618,1063,1065,1609,1083,1615,1521,1688,1662,1616,1053,1651,1686,1664,492
562: 
509: 578
1174: 1062,1615,531,1616,1053,492,1172,153,1663,1684,1622,1635,1136,1617
822: 1487,1323
947: 
563: 541
985: 487,1499,1571,1557,1419,1459,1525
1450: 1373,1467,1479,1554,1519,1564,1531,1476,1430,1506,1478,994
1434: 1512
1556: 1576
995: 
551: 
1532: 1602
957: 
1540: 1499,1571,1373
1687: 1668,1202,1243,1161,1326,1268
961: 1590,1601
495: 566
1456: 1387,1503,1404,1557,1419
968: 
1718: 1694,1714,1697,1689,1713,1692,1721,1695,577,1585,1565
929: 
939: 
905: 
1461: 1346,1393,1426,1316,323,1431,1395
552: 1495
572: 
1506: 1476,1430,1478,1519,1564,1450,994,1379,1365
560: 
504: 
1479: 1554,1536,1467,1519,1564,1531,1450
61: 1398,1460,1399
539: 
558: 
1527: 1572,456,902
1495: 1520,1268,1672,1424,1537,552
1582: 1569,403,591
922: 
589: 
69: 754
1600: 1589
598: 
1202: 1687
1712: 1710,1606,1715,1726,1727,1717,1706
587: 
515: 
1571: 1499,952,1540,1557,1419,487,985
569: 
996: 1724,1705,933
854: 
1690: 1337,1702,1665,1696,1679
916: 
1172: 153,1663,1684,1174,1062,492,1635,1136,1617
1605: 1574,1069,1620
591: 1582,1569
926: 931
1487: 822
1513: 1548
532: 
944: 964
582: 
1295: 1278,1253,478
948: 
1349: 1543
1064: 1088,461
588: 
1253: 1278,1290,478,1295,1578,1388
994: 1519,1564,1531,1450,1476,1430,1506,1478
1518: 
1496: 1660,1637,1326,1268,1672,1424,1537
1266: 1151,409
593: 
1426: 1346,1393,1316,323,1431,1394,1415,1345,1317,1461,1395
544: 
908: 
1606: 1715,1726,1727,525,1716,1710,1712,1717
955: 
1346: 1393,1426,1316,323,1431,1379,1394,1415,1345,1317,1461,1395
906: 
1635: 1622,1136,1617,1174,1062,1172,153,1663,1684,478
581: 920
498: 
932: 
575: 
993: 
1646: 1624,1639,1640,1638,1627,1619,1636,1651,1645,1644,949
531: 1174,1062
1395: 1346,1393,1426,1316,323,1431,1461
1428: 1489,1509,1357
513: 
1278: 1253,1290,478,1295,1578,1388
1387: 1456,1503,1404,1557,1419
1316: 1346,1393,1426,323,1431,1394,1415,1345,1317,1461,1395
1671: 1700,853,1677,1701,915
1458: 1397,1443,1562
506: 
975: 
911: 
555: 
597: 453
979: 
988: 
963: 
1684: 1172,153,1663,1174,1062,492,1635,1136,1617
538: 
951: 
1348: 1402
536: 
592: 
1063: 1618,1065,1609,1083,1612,1067,1069,1620,1615,1521,1688,1623,1616
1562: 1397,1458,1581
1569: 1582,403,591
986: 
559: 970
586: 
903: 
1589: 1600
596: 
1670: 1693,1707,1698,1722,1149,1703,1699,1719,1720,1723,1689,1713,1692
557: 1629,1633
580: 
537: 429
978: 
153: 1172,1663,1684,1174,1062,492,1622,1635,1136,1617
980: 
1151: 1266,409
568: 
157: 1588
965: 311,1005
1413: 1453,438
902: 1572,1527,1443,1598
556: 549
1503: 1404,1456,1387
1430: 1476,1506,1478,1519,1564,1531,1450,994,1379,1365
541: 563
594: 
166: 1015
1708: 1678,1691,949,1680,1648,1709,1725
507: 1710
700: 1009
1528: 1592
519: 
550: 
1547: 1580,475,480
574: 517
940: 
1065: 1618,1063,1609,1083,1612,1067,1069,1620,1615,1521,1688,1662,1066,1623,1616
1399: 1460,61,1398
923: 
1062: 1174,1615,531,1616,1053,492,1172,153,1663,1684,1622,1635,1136,1617
1053: 1616,1066,1623,1174,1062,492
901: 
501: 
1588: 157
992: 
1290: 1278,1253,1578,1388
534: 
967: 
573: 
547: 
976: 
919: 
1415: 1379,1394,1365,1345,1317,1346,1393,1426,1316,323,1431
1565: 1585,1694,1714,1718,1697,1721,1695,1702,1665,577
590: 
1625: 237
1514: 1474,1501,1376
962: 
927: 
1578: 1388,1278,1253,1290
584: 
934: 
1531: 1519,1564,1373,1467,1479,1554,1450,1476,1430,1478,994
953: 
1197: 
973: 
517: 574
982: 481
1357: 1509,1345,1317,1428,1489
924: 511
1453: 1413,438
1424: 1672,1326,1496,1660,1637,1268,1537,1520,1495
990: 471
578: 509
1341: 1477,1602
1149: 1703,1184,1709,1699,1719,1720,1693,1707,1670,1698,1722
1388: 1578,1278,1253,1290
1502: 448,1536
914: 
1419: 1557,1499,1571,1456,1387,487,985,1459,1525
1693: 1707,1670,1698,1722,1149,1703,1709,1725,1699,1719,1720,1723,1689,1713
1607: 232
925: 
1521: 1688,1662,1618,1063,1065,1066,1623,1640,1627,1619,1636,1651,1645,1686,1664
1100: 1141,1656,1184
1489: 1428,1509,1357,1398
941: 
1659: 1630,1655,1653,1654,1657,1658,1632,1068,1656,1640,1638,1627,1619,1624,1639
912: 
950: 
943: 
1443: 1598,902,1397,1458
232: 1607
233: 1454
1551: 1414,840
1404: 1503,1456,1387
579: 
237: 1625
508: 
920: 581
1379: 1394,1415,1365,1525,1476,1430,1506,1478,1345,1317,1346,323,1431
599: 
1580: 1547,475,480
514: 
1476: 1430,1506,1478,1519,1564,1531,1450,994,1379,1365
971: 
972: 
1557: 1419,1571,1456,1387,487,985,1459,1525
1583: 1603,904
1585: 1565,1694,1714,1718,1697,1721,1695,1665,577
1402: 1348
1576: 1556
1345: 1317,1379,1394,1415,1365,1346,1393,1426,1316,323,1431,1509,1357
1526: 1561,1459,1525
1512: 1434
512: 
942: 
571: 
1478: 1476,1430,1506,1519,1564,1531,1450,994,1379
1501: 1474,1514,1376
1563: 
928: 
1499: 1571,952,1540,1419,487,985
567: 
528: 
909: 
1467: 1373,1479,1554,1519,1564,1531,1450
524: 
998: 
853: 1677,1671,1700
585: 
523: 
1525: 1557,1419,985,1459,1526,1561,1379,1365
915: 1671,1700
1009: 700
533: 
959: 
913: 
530: 
496: 
1088: 1064,461
522: 
958: 
553: 
1474: 1514,1501,1376
1365: 1379,1394,1415,1525,1476,1430,1506,1345,1317,1431
1530: 1445,1586
510: 402,416
542: 
960: 
984: 
952: 1499,1571
595: 412
1561: 1526,1459,1525
505: 
521: 
999: 
1678: 1708,1691,949,1680,1648,1709,1725
518: 
1680: 1648,1708,1678,1691,949,1725
502: 
956: 
1414: 1551,840
933: 996,1724,1705,545
904: 1603,1583
1015: 166,461
1066: 1623,1618,1065,1083,1615,1521,1688,1662,1616,1053,1651,1686,1664,492
549: 556
991: 
1268: 1668,1687,1326,1496,1660,1637,1672,1424,1520,1495
1454: 1323,233
311: 1005,1629,1633,965
554: 
497: 
1536: 1502,448,1479
548: 
526: 
989: 
1069: 1620,1574,1605,1612,1067,1618,1063,1065,1609,1083,1615
1601: 1590,961
545: 933,452
576: 
945: 
323: 1346,1393,1426,1316,1431,1379,1394,1415,1345,1317,1461,1395
981: 1710
946: 
516: 442
1637: 1496,1660,1326,1268,1672,1424
1161: 1668,1687
570: 
1716: 525,1606,1715,1726,1727,1724,1705
1592: 1528
918: 
1184: 1100,1141,1149,1703,1709
1714: 1694,1718,1697,1689,1713,1692,1685,1721,1695,577,1585,1565
1323: 1454,822
1686: 1664,1521,1662,1066,1623,1616,1636,1651,1645,492,1681,1650,1676
1243: 1687
499: 
1460: 1399,61,1398
840: 1551,1414
938: 
966: 
1700: 1671,853,1677,1701,915
937: 
1477: 1341,1602
921: 
1698: 1693,1707,1670,1722,1149,1703,1709,1699,1719,1720,1723,1689,1713,1692
1326: 1668,1687,1496,1660,1637,1268,1672,1424
540: 
997: 
503: 
917: 
1726: 1606,1715,1727,525,1716,1710,1712,1717
1537: 1496,1672,1424,1558,1520,1495
546: 
1067: 1612,1069,1620,1618,1063,1065,1609,1083
970: 559
1603: 1583,904
1681: 1636,1651,1645,1686,1664,492,1644,1650,1676
1668: 1687,1161,1326,1268
1719: 1699,1720,1149,1703,1709,1693,1707,1670,1698,1722
1431: 1346,1393,1426,1316,323,1379,1394,1415,1365,1345,1317,1461,1395
931: 926
565: 
529: 
1005: 311,1629,1633,965
561: 
1624: 1646,1639,1630,1655,1659,1653,1654,1657,1658,1640,1638,1627,1619,1636,1651,1645,1644,949
964: 944
1398: 61,1489,1460,1399
1317: 1345,1379,1394,1415,1365,1346,1393,1426,1316,323,1431,1357
954: 
1575: 1642,1641,1643
1590: 1601,961
1622: 1635,1136,1617,1174,1062,153,478
1558: 1537
1548: 1513
564: 439
511: 924
1586: 1530,1445
969: 987
527: 
1136: 1622,1635,1617,1174,1062,1172,153,1663,1684
1554: 1479,1467,1519,1564,1531,1450
987: 969
935: 
1397: 1458,1443,1598,1562
1083: 1618,1063,1065,1609,1612,1067,1069,1620,1615,1066,1623,1616
974: 
907: 
1598: 1443,902,1397
930: 
577: 1694,1714,1718,1697,1695,1585,1565
983: 
525: 1716,1606,1715,1726,1727
1409: 
1564: 1519,1531,1373,1467,1479,1554,1450,1476,1430,1506,1478,994
910: 
936: 
400: 
401: 
402: 510
403: 1582,1569
404: 
405: 
406: 
407: 
408: 
409: 1151,1266
410: 
411: 
412: 595
413: 
414: 
415: 
416: 510
417: 
418: 
419: 
420: 
421: 
422: 
423: 
424: 
425: 
426: 
427: 
428: 
429: 537
430: 
431: 
432: 
433: 
434: 
435: 
436: 
437: 
438: 1413,1453
439: 564
440: 
441: 
442: 516
443: 
444: 
445: 
446: 
447: 
448: 1502,1536
449: 
450: 
451: 
452: 545
453: 597
454: 
455: 
456: 1572,1527
457: 
458: 
459: 
460: 
461: 1015,1064,1088,1631,1634
462: 
463: 
464: 
465: 
466: 
467: 
468: 
469: 
470: 
471: 990
472: 
473: 
474: 
475: 1547,1580
476: 
477: 
478: 1622,1635,1278,1253,1295
479: 
480: 1547,1580
481: 982
482: 
483: 
484: 
485: 
486: 
487: 985,1499,1571,1557,1419,1459
488: 
489: 
490: 
491: 
492: 1066,1623,1616,1053,1174,1062,1686,1664,1172,153,1663,1684,1681,1650,1676
493: 
494: 
1609: 1618,1063,1065,1083,1612,1067,1069,1620,1615,1623,1616
1699: 1719,1720,1149,1703,1709,1693,1707,1670,1698,1722
1676: 1650,1686,1664,492,1681
1612: 1067,1069,1620,1618,1063,1065,1609,1083
1721: 1695,1692,1685,1694,1714,1718,1697,1702,1665,1585,1565
1672: 1424,1326,1496,1660,1637,1268,1537,1520,1495
1615: 1069,1620,1618,1063,1065,1609,1083,1066,1623,1616,1174,1062
1616: 1053,1618,1063,1065,1609,1083,1615,1066,1623,1174,1062,1686,1664,492
1617: 1622,1635,1136,1174,1062,1172,153,1663,1684
1618: 1063,1065,1609,1083,1612,1067,1069,1620,1615,1521,1688,1662,1066,1623,1616
1620: 1069,1574,1605,1612,1067,1618,1063,1065,1609,1083,1615
1627: 1640,1638,1619,1632,1068,1521,1688,1662,1659,1657,1636,1651,1645,1624,1646,1639,1644
1636: 1651,1645,1521,1688,1662,1640,1638,1627,1619,1686,1664,1624,1646,1639,1644,1681
1629: 1633,557,311,1005
1630: 1655,1659,1653,1654,1657,1658,1632,1068,1656,1640,1638,1624,1639
1631: 1634,461
1632: 1068,1656,1630,1655,1659,1653,1654,1657,1658,1640,1638,1627,1619
1633: 1629,557,311,1005
1634: 1631,461
1638: 1640,1627,1619,1632,1068,1662,1630,1655,1659,1653,1657,1636,1651,1645,1624,1646,1639,1644
1639: 1624,1646,1630,1655,1659,1653,1654,1657,1658,1640,1638,1627,1619,1636,1651,1645,1644,949
1640: 1638,1627,1619,1632,1068,1521,1662,1630,1655,1659,1653,1657,1636,1651,1645,1624,1646,1639,1644
1641: 1643,1575,1642
1642: 1575,1641,1643
1643: 1641,1575,1642
1644: 1640,1638,1627,1619,1636,1651,1645,1624,1646,1639,1681,949
1645: 1636,1651,1521,1688,1662,1640,1638,1627,1619,1686,1664,1624,1646,1639,1644,1681
1685: 1682,1692,1714,1721,1695,1702,1665
1648: 1680,1708,1678,1691,949,1725
1696: 1679,1690,1337
1650: 1676,1686,1664,492,1681
1651: 1636,1645,1521,1688,1662,1066,1623,1640,1638,1627,1619,1686,1664,1624,1646,1639,1644,1681
1677: 853,1671,1700
1653: 1630,1655,1659,1654,1657,1658,1632,1068,1656,1640,1638,1624,1639
1654: 1630,1655,1659,1653,1657,1658,1632,1068,1656,1624,1639
1655: 1630,1659,1653,1654,1657,1658,1632,1068,1656,1640,1638,1619,1624,1639
1656: 1632,1068,1630,1655,1659,1653,1654,1657,1658,1100,1141
1657: 1630,1655,1659,1653,1654,1658,1632,1068,1656,1640,1638,1627,1624,1639
1658: 1630,1655,1659,1653,1654,1657,1632,1068,1656,1624,1639
1660: 1496,1637,1326,1268,1672,1424
1720: 1699,1719,1149,1703,1709,1693,1707,1670,1698,1722
1662: 1521,1688,1618,1065,1066,1623,1640,1638,1627,1619,1636,1651,1645,1686,1664
1663: 1172,153,1684,1174,1062,492,1635,1136,1617
1664: 1686,1521,1688,1662,1066,1623,1616,1636,1651,1645,492,1681,1650,1676
1665: 1702,1685,1721,1695,1690,1337,1585,1565
1679: 1696,1690,1337
1682: 1685
1689: 1713,1693,1670,1698,1722,1723,1692,1694,1714,1718,1697
1688: 1521,1662,1618,1063,1065,1066,1623,1627,1619,1636,1651,1645,1664
1691: 1708,1678,949,1680,1648,1709,1725
1692: 1670,1698,1722,1723,1689,1713,1685,1694,1714,1718,1697,1721,1695
1694: 1714,1718,1697,1689,1713,1692,1721,1695,577,1585,1565
1695: 1721,1692,1685,1694,1714,1718,1697,1702,1665,577,1585,1565
1697: 1694,1714,1718,1689,1713,1692,1721,1695,577,1585,1565
1702: 1665,1685,1721,1695,1690,1337,1565
1703: 1149,1184,1709,1699,1719,1720,1693,1707,1670,1698,1722
1715: 1606,1726,1727,525,1716,1710,1712,1717
1705: 996,1724,1716,933
1706: 1712,1717
1707: 1693,1670,1698,1722,1149,1703,1709,1725,1699,1719,1720,1723,1713
1709: 1184,1708,1678,1691,949,1149,1703,1725,1699,1719,1720,1693,1707,1698,1723
1710: 981,507,1606,1715,1726,1727,1712,1717
1724: 996,1705,1716,933
1713: 1689,1693,1707,1670,1698,1722,1723,1692,1694,1714,1718,1697
1717: 1710,1606,1715,1726,1727,1712,1706
1722: 1693,1707,1670,1698,1149,1703,1699,1719,1720,1723,1689,1713,1692
1723: 1709,1693,1707,1670,1698,1722,1689,1713,1692
1725: 1708,1678,1691,949,1680,1648,1709,1693,1707
1727: 1606,1715,1726,525,1716,1710,1712,1717