1574: 1605,2084
543: 
1068: 1632,1656,1630,1655,1659,1653,1654,1657,1658,1640,1638,1627,1619,1624
1141: 1100,1656,1703,1720
1543: 1349
566: 
949: 
1581: 1562,556
1445: 1530,2148,2224,2498,2499,410,2442,2470,2553,2565
1701: 2040,2392,2266,2410,1700,1671
977: 1883,1979,2528
1519: 1564,1430,1531,1499,1571,1479,1554,1450,1588,157,1476
1373: 1467
1572: 1527,1601,1590,1397,1458
1394: 1379,1415,1365,1588,157,1376,1345,1317,1346,1431
535: 
1939: 
1459: 1525,1501,1376
1509: 1357,1345,1346,1393,482
583: 2050,2031,1976,2164,2104,2087
1619: 1640,1638,1627,1644,1624,1646,1632,1068,1731,1521,1655,1659,1653,1657,1636,1645,1639,1686,1664
1376: 1394,1415,1525,1501,1345,1317,1459
900: 
1520: 1495,577
1337: 962,596,2070,2336,911,1690,822,1487
500: 
520: 
1393: 1346,1426,1431,1345,1317,1461,1509,1395
1602: 1341,1477,1532
1623: 1053,1662,1651,1618,1065,1083,1615,492,1066,1326
562: 
509: 2457,2536,2450,2561,490
1174: 1062,700,1009,1253,1278
822: 1690,1487,1337
947: 
563: 541
985: 1404,1503
1450: 1506,1478,1519,1564,1430,1531,1476
2261: 2342,2094,2337,2282,2339,2240,2244,2253,2246,2044,2347,2245,2381,2234,2159,2283,2110,2345,2338,2404,2089,2204,2181,2149,2045,2170,2323,2272,2091,2276,2258,2281,2280,2139,2279
1556: 1576
995: 1883
551: 
1532: 1341,1477,1602
957: 
1540: 1499,1571,1479,1554
1687: 1668,1496,1660,454
961: 
495: 
1456: 1387,1419
968: 
1718: 1765,1713,1694,1714
929: 
939: 
905: 522
1461: 1346,1393,1426,1431,1395
552: 1672,1424
572: 
1506: 1478,1531,1450
560: 2546,2014,2552,1895
504: 
1479: 1554,1540,1499,1571,1419,1557,1519,1564,1430,1531,1588,1476
61: 1460,453
539: 
558: 
1527: 1572,1601,1590,1397,1458
1495: 1520,577
2145: 2199,2198,2260,2139,2329,2197,2271,2254,2236,2043,2132,2237,2098,2042,2097,2161
922: 
589: 2071,918,926,1773,2350,2470,2553,2565,2551,2407
1874: 1872,1905,2509,1951,2541,1839,2540,2486,2504,2489,1830,1882,1884,1838
1600: 1789
598: 1804,1860,1834,586
1202: 1682
1781: 1752,1803,1876,534,1818,1978
587: 
515: 
1571: 1540,1499,1419,1557,1479,1554,1519,1564,1430
569: 2052,2029,1972,2015,946,1942,1963,1921,1974
996: 1847,1778,525,1740,1798
1823: 1940,1941,1920,1848
1690: 822,1487,1337
916: 2358,2117,2173
1172: 1136,1326,1635,1617,1268
1605: 1574,2084
591: 
926: 2499,589
1487: 1690,822,1337
1513: 1548,475
532: 
944: 
582: 
1295: 
948: 
1349: 1543
1064: 1088
588: 2556,2482,2481,2303,2471,2522,2460,2458,2443,2168,1989,2399,2479,2459
1253: 700,1009,1278,1062,1174
994: 
1518: 
1496: 1660,454,1687,1668
1869: 
593: 
1426: 1346,1393,1431,1415,1345,1317,1461,1395
544: 
908: 237,1625,1629,1633
1606: 1853,2510,1835,1877,1871,1769,1771,1810,2526,1842,1736
955: 
1346: 1393,1426,1431,1379,1394,1415,1365,1345,1317,1461,1509,1395
906: 1953,1825,1603,1583
1635: 153,1617,1172,1136,1326,1268
581: 
498: 
932: 
575: 1843,1917,1890,1844
993: 
1646: 1640,1638,1627,1619,1644,1624,1655,1636,1645,1639,1686,1664
531: 
1395: 1346,1393,1426,1431,1461
2526: 1796,1717,1842,2502,1879,2494,2554,1871,1606,1915,2496,2537
513: 2371,2525
1278: 700,1009,1253,1062,1174
1387: 1456
2541: 1951,1926,1872,2559,1874,2493,2516,2539,1933,2560,2486,2504
1671: 2465,1700,2364,853,1677,2488,2464,2512,2427,1701,2040,2392,2266,2410,915,2263,2409,2394,2262
1458: 1397,1572,1527,1514,1474,430
506: 409
975: 
911: 2070,2336,962,1337
555: 424
597: 
979: 971
988: 
963: 
1684: 1663,1268
538: 
951: 
1348: 1402
536: 
592: 
1063: 1618,1065,1609,1083,1615,1612,1067,1069,1620,492,1521
1562: 1581,556
2552: 2014,560,2538
986: 
559: 
586: 1841,598,1730,1834,507,1870
903: 
1589: 1732,549
596: 1585,1565,1337
1670: 1743,1719,1763,1713,1694
557: 
580: 2098,2097,2161,2117,2206
537: 
978: 
153: 1635,1617,1136,1326,1268
980: 1832,1768
1974: 1921,569,2003,1987
568: 1966,2030,2141,2074,2075,2098,2042,2018,2061
157: 1588,1519,1564,1430,1476,1379,1394,1415,1365
965: 
1860: 1804,514,598,1793,1891
902: 
556: 1562,1581
1503: 1404,985
1430: 1519,1564,1531,1571,1479,1554,1450,1588,157,1476
541: 563
594: 
166: 1015,943
1708: 1875,1750,1746,461
507: 1841,586,1870,1863,1807,1970,1788
700: 1009,1253,1278,1062,1174
1528: 1592
519: 
550: 
1547: 1580
574: 
940: 
1065: 1618,1063,1609,1083,1615,1612,1067,1069,1620,492,1731,1521,1066,1623
1837: 1783
923: 
1062: 1174,700,1009,1253,1278
1053: 1623,1662,1651,1066
901: 
501: 
1588: 157,1479,1554,1519,1564,1430,1476,1379,1394,1415,1365
992: 
1290: 
534: 1803,1876,1818,1978,1752,1781
967: 
573: 
547: 
976: 
919: 997
1415: 1379,1394,1365,1588,157,1376,1345,1317,1346,1426,1431
1565: 1585,1702,962,596
590: 2018,2061
1625: 237,1946,2517,2562,2564,2559,2493,2516,2539,908
1514: 1474,1397,1458,430
962: 1585,1565,911,1337
927: 1934,1938,2508,2502,1879,1858,1820,1915,2496,2537
1578: 1388
584: 
934: 
1531: 1519,1564,1430,1506,1478,1479,1554,1450,1476
953: 
1197: 1650,1676
973: 
517: 
982: 
1357: 1509,1345,482
924: 
1891: 1793,514,1804,1860
1424: 1672,552
990: 
578: 
1341: 1477,2551,2407,1551,1414,1532,1602
1149: 1184
1388: 1578
1502: 1536
914: 
1419: 1557,1456,1499,1571,1479,1554
1693: 1707,1725,1754,1680,1723,1698
1607: 232
925: 
1521: 1731,1618,1063,1065,1615,1066,1627,1619,1644,1636,1645
1100: 1141,1656,1703,1720
2107: 2150,2184,2238,2251,2131,2225,2289,2129,2219,2288,2312,2250,2252,2244,2300,2253,2216,2246,2215,2247,2138,2249,2256,2162,2259,2248,2234,2159,2283,2110,2163,2062,2064,2175,2182,1994,2188,2186,2185,2187,2183,2181,2149,2170,2127,2323
941: 530
1659: 1630,1655,1653,1654,1657,1658,1632,1068,1656,1640,1638,1627,1619,1624,1639
912: 
950: 
943: 166,1015
1443: 1598,448
232: 1607
2540: 1839,1872,1905,2509,1770,1874,2486,2504,2489,1830,1882,1884,1838,2510
1551: 1414,2442,2470,2553,2565,2407,1341,1477
1404: 1503,985
579: 564
237: 1625,1946,2517,2562,2564,2559,2493,2516,2539,908
508: 
920: 
1379: 1394,1415,1365,1588,157,1476,1345,1317,1346,1431
599: 
1580: 1547
514: 1804,1860,1793,1891
1476: 1479,1554,1519,1564,1430,1531,1450,1588,157,1379,1365
971: 979
972: 
1557: 1419,1571,1479,1554
1583: 1603,1953,1825,906
1585: 1565,1702,962,596
1402: 1348
1576: 1556
1345: 1317,1379,1394,1415,1365,1376,1346,1393,1426,1431,1509,1357
1526: 1561
2281: 2280,2139,2279,2094,2337,2282,2339,2261,2240,2275,2345,2338,2404,2089,2196,2002,2193,2191,2066,2272,2091,2276,2258,2329,2197,2201,2140,2236,2043,2132,2237,2199,2198,2260
512: 2542,2125,2370
942: 
571: 
1478: 1506,959,1531,1450
1501: 1525,1376,1459
1563: 
928: 
1499: 1540,1571,1419,1479,1554,1519,1564
567: 
528: 413
909: 446
1467: 1373
524: 1931,1999,2020,2027,1998,1955,2059,2033
998: 467
853: 1677,2377,2476,2475,2523,2488,2464,2433,2512,2427,2465,1700,2364,1671,2040,2392
585: 576
523: 
1525: 1501,1376,1459
915: 2267,2263,2409,2333,2433,2512,2152,2427,2465,1700,2364,1671,2040,2392,2266,2410,2419,2416,2310,2378,2394,2262,2309,2308,2016,2154,2322,2365,2331,2330,2214,2218,2265,2374,2311,2299,2024
1009: 700,1253,1278,1062,1174
533: 
959: 456,1478
913: 
530: 941
496: 
1088: 1064
522: 905
958: 481
553: 
1474: 1514,1397,1458,430
1365: 1379,1394,1415,1588,157,1476,1345,1317,1346,1431
1530: 1445,2148,2224,2498,2499,410,2442,2470,2553,2565
510: 
542: 
960: 
984: 
952: 
595: 474
1561: 1526
505: 
521: 
999: 449
1795: 1776,1960,1756,1819
518: 418
1680: 1754,1648,1707,1693,1725
502: 1883,1979
956: 
1414: 1551,2442,2470,2553,2565,2407,1341,1477
933: 1728,545,1772,1802
904: 
1015: 166,943
1066: 1618,1065,1083,1615,492,1731,1521,1053,1623,1662,1651
549: 1589,1732
991: 1855,1984,1818,1978
1268: 1172,1136,1326,153,1635,1617,1676,1684,1663
1454: 1323,2449,2286,2545,2490,2398,2285,2495
311: 1005,1750
554: 
497: 
1536: 1502
548: 
526: 970
989: 
1069: 1620,2026,1612,1067,1618,1063,1065,1609,1083,1615
1601: 1590,1572,1527
545: 933,1772,1802
576: 485,585
945: 
2527: 2151,2428,2422,2474,2354,2542,2125
981: 1970,1788
946: 2029,1972,2015,2036,1995,569,2003,1987
516: 
1637: 
1161: 1682
570: 
1985: 2067,1950,2116,1973,2053
1592: 1528
918: 1773,2350,589,2071
1184: 1149
1714: 1694,1718,1765
1323: 1454,2449,2286,2545,2490,2398,2285,2495
1686: 1664,1627,1619,1644,1646,1636,1645,1648,1650
1243: 1682
499: 
1460: 61
1732: 1589,549
938: 
966: 2072,2223,2096,2087,2255,2189
1700: 2465,2364,1671,2476,853,1677,2488,2464,2512,2427,1701,2040,2392,2266,2410,915,2263,2409,2394,2262
937: 
1477: 1341,2551,2407,1551,1414,1532,1602
921: 
1698: 1723,1707,1693,1725,1713
1326: 1172,1136,1623,1662,1651,153,1635,1617,1268
540: 2529,2192,2534,2568,2532,2428
997: 919
503: 
917: 
1766: 1836
1537: 1558
546: 
1067: 1612,1069,1620,1618,1063,1065,1609,1083,1615
970: 526
1603: 1583,1953,1825,906
2233: 2348,2445,2443,2168,2399,2479,2421,2383,2166,2385,2418,1997,2208,2359,2346,2384
1668: 1687,1496,1660,454
1719: 1763,1743,1670,1694
1431: 1346,1393,1426,1379,1394,1415,1365,1345,1317,1461,1395
931: 
565: 
529: 
1005: 311
561: 
1624: 1640,1638,1627,1619,1644,1646,1632,1068,1630,1655,1659,1653,1654,1657,1658,1636,1645,1639
964: 
2033: 2059,1986,2027,1998,1955,524,1999,2020,1948,1864,1922,1919,1890,2004,2057,1910
1317: 1345,1379,1394,1415,1365,1376,1346,1393,1426,1431
954: 
1575: 1642,1641,1643
1590: 1601,1572,1527
2104: 2164,1976,2103,583,2050,2228,2227,2038,2087,2229
1558: 1537
1548: 1513,475
564: 579
511: 
1788: 1970,981,507,1760,1797,1863,1807
969: 
527: 
1136: 1172,1326,1662,1651,153,1635,1617,1268
1554: 1479,1540,1499,1571,1419,1557,1519,1564,1430,1531,1588,1476
987: 480
935: 
1397: 1458,1572,1527,1514,1474,430
1083: 1618,1063,1065,1609,1615,1612,1067,1069,1620,492,1066,1623,1662,1651
974: 
907: 
1598: 1443
930: 
577: 1495,1520
983: 
525: 1740,1798,1847,1778,996
1984: 409,1855,991
1564: 1519,1430,1531,1499,1571,1479,1554,1450,1588,157,1476
910: 
936: 
400: 
401: 
402: 
403: 
404: 
405: 
406: 
407: 
408: 
409: 506,1984
410: 2148,2224,2498,2499,1445,1530
411: 
412: 
413: 528
414: 
415: 
416: 
417: 
418: 518
419: 
420: 
421: 
422: 
423: 
424: 555
425: 
426: 
427: 462
428: 
429: 
430: 1397,1458,1514,1474
431: 
432: 
433: 
434: 2161,2117,2173
435: 
436: 
437: 
438: 
439: 
440: 
441: 
442: 1729,478
443: 
444: 1886,1991,1992,2073
445: 
446: 909
447: 
448: 1443,456
449: 999,1928
450: 
451: 
452: 
453: 61
454: 1496,1660,1687,1668
455: 2287,2519,2360,2503,2343,2436
456: 959,448
457: 
458: 
459: 
460: 
461: 1746,1708
462: 427
463: 
464: 
465: 
466: 
467: 998
468: 
469: 
470: 
471: 
472: 
473: 
474: 595
475: 1513,1548
476: 
477: 
478: 1729,1846,442
479: 
480: 987
481: 958
482: 1509,1357
483: 
484: 
485: 576
486: 
487: 
488: 
489: 
490: 2457,2536,509,2450,2561,2451,2544,2534,2568
491: 
492: 1618,1063,1065,1609,1083,1615,1066,1623,1662,1651
493: 
494: 
1609: 1618,1063,1065,1083,1615,1612,1067,1069,1620,492
1699: 
1676: 1268,1197,1650,1663
1612: 1067,1069,1620,1618,1063,1065,1609,1083,1615
1721: 1695
1672: 1424,552
1615: 1618,1063,1065,1609,1083,1612,1067,1069,1620,492,1521,1066,1623,1662,1651
1729: 1846,1772,1802,478,442
1617: 153,1635,1172,1136,1326,1268
1618: 1063,1065,1609,1083,1615,1612,1067,1069,1620,492,1731,1521,1066,1623
1620: 1069,1612,1067,1618,1063,1065,1609,1083,1615
1627: 1640,1638,1619,1644,1624,1646,1632,1068,1731,1521,1655,1659,1653,1657,1636,1645,1639,1686,1664
1636: 1645,1731,1521,1640,1638,1627,1619,1644,1624,1646,1639,1686,1664
1629: 1633,908
1630: 1655,1659,1653,1654,1657,1658,1632,1068,1656,1640,1638,1624,1639
1631: 1634
1632: 1068,1656,1630,1655,1659,1653,1654,1657,1658,1640,1638,1627,1619,1624
1633: 1629,908
1634: 1631
1638: 1640,1627,1619,1644,1624,1646,1632,1068,1630,1655,1659,1653,1654,1657,1658,1636,1645,1639
1639: 1630,1655,1659,1653,1654,1657,1658,1640,1638,1627,1619,1644,1624,1646,1636,1645
1640: 1638,1627,1619,1644,1624,1646,1632,1068,1630,1655,1659,1653,1654,1657,1658,1636,1645,1639
1641: 1643,1575,1642
1642: 1575,1641,1643
1643: 1641,1575,1642
1644: 1640,1638,1627,1619,1624,1646,1731,1521,1655,1636,1645,1639,1686,1664
1645: 1636,1731,1521,1640,1638,1627,1619,1644,1624,1646,1639,1686,1664
1685: 1682
1648: 1686,1754,1680
1696: 1679
1650: 1197,1686,1664,1676
1651: 1053,1623,1662,1083,1615,492,1066,1136,1326
1677: 853,2377,2476,2475,2523,2488,2464,2512,2427,2465,1700,2364,1671,2040,2392
1653: 1630,1655,1659,1654,1657,1658,1632,1068,1656,1640,1638,1627,1619,1624,1639
1654: 1630,1655,1659,1653,1657,1658,1632,1068,1656,1640,1638,1624,1639
1655: 1630,1659,1653,1654,1657,1658,1632,1068,1656,1640,1638,1627,1619,1644,1624,1646,1639
1656: 1632,1068,1630,1655,1659,1653,1654,1657,1658,1100,1141
1657: 1630,1655,1659,1653,1654,1658,1632,1068,1656,1640,1638,1627,1619,1624,1639
1658: 1630,1655,1659,1653,1654,1657,1632,1068,1656,1640,1638,1624,1639
1660: 1496,454,1687,1668
1720: 1703,1100,1141,1745,1722
1662: 1053,1623,1651,1083,1615,492,1066,1136,1326
1663: 1684,1268,1676
1664: 1686,1627,1619,1644,1646,1636,1645,1650
1665: 1702
1679: 1696
1682: 1202,1243,1161,1692,1685
1689: 1817,2123,2533,2468,2566
1688: 
1797: 1760,1970,1788
1692: 1682
1694: 1719,1763,1743,1670,1718,1765,1714
1695: 1721
1697: 1787,2257,2473,2369,2069
1702: 1665,1585,1565
1703: 1720,1100,1141,1745,1722
1982: 2135,2077,2147,2120,2270,2202,2143,2142,2122,2169,2112,2205,2177,2130,2093,2144,2160,2137,2114,2080,2054,2134,2113
1767: 1779,1844,1876,1877,1769,1771
1842: 2526,1796,1717,2502,2494,2554,1871,1606,1915,2496,2537
1707: 1693,1725,1754,1680,1723,1698
1731: 1521,1618,1065,1066,1627,1619,1644,1636,1645
1730: 1834,1841,586,1870
1926: 2528,2558,1872,2535,2559,1951,2541
1713: 1723,1698,1743,1670,1718,1765
1717: 2526,1796,1842,2502,2494,1915,2496
1722: 1745,1703,1720
1723: 1698,1707,1693,1725,1713
1725: 1707,1693,1754,1680,1723,1698
1841: 586,1730,1834,507,1870,1863,1807
1728: 1792,933
1807: 1863,1841,507,1870,1970,1788
1772: 1802,933,545,1729,1846
1736: 1606,1769,1771,1810,1751,1776,1960
1737: 1888
1830: 2489,1882,1884,1838,1874,1839,2540,1851,2486,2504,2510,2502,1907,1879,2494,2554,1871
1765: 1718,1713,1694,1714
1740: 525,1798,1847,1778,996
1743: 1670,1719,1763,1713,1694
1778: 1847,525,1740,996
1745: 1722,1703,1720
1746: 1708,461
1796: 2526,1717,1842,2502,2494,1915,2496,2537
1858: 1820,2501,1934,1938,1914,2508,927
2312: 2219,2288,2250,2252,2309,2016,2154,2331,2330,2214,2218,2351,2311,2299,2024,2238,2251,2131,2225,2289,2129,2244,2300,2253,2216,2246,2215,2247,2249,2107,2150,2184,2234,2159,2283,2110
1750: 311,1875,1708
1751: 1769,1771,1810,1736,1776
1752: 1781,1803,1876,534,1818,1978
2132: 2236,2043,2237,2272,2091,2276,2258,2281,2280,2139,2279,2329,2197,2201,2140,2145,2199,2198,2260,2098,2042
1754: 1680,1648,1707,1693,1725
2321: 2341,2420,2156,2319,2314,2406,2320,2415,2356,2357,2158,2352,2414,2355,2157,2379,2419,2416,2310,2378,2178,2400,2315,2313,2055,2309,2308,2016,2154,2322,2365,2318,2316,2180,1961,2155,2353,2235,2226,2238,2225
1756: 1819,1776,1960,1795
1835: 1851,1844,2510,1877,2494,2554,1871,1606,1853,1769,1771,1810
1760: 1797,1970,1788
1917: 1843,575,1919
1763: 1719,1743,1670,1694
1825: 1953,906,1603,1583
1768: 1832,980
1769: 1771,1810,1835,1877,1767,1779,1606,1853,1736,1751
1770: 1913,1867,1912,1887,1905,2509,1839,2540,1851
1771: 1769,1810,1835,1877,1767,1779,1606,1853,1736,1751
1773: 2350,918,589,2071,2449,2286,2545
1775: 1898
1776: 1960,1736,1751,1756,1819,1795
1779: 1767,1844,1876,1877,1769,1771
2163: 2062,2064,2175,2122,2169,2112,2205,2177,2130,2247,2138,2249,2256,2162,2259,2248,2107,2184,2093,2144,2160,2182,1994,2188,2186,2185,2183,2080,2054,2134,2113,2092,2176,2133,2037,2049,2012,2108
1783: 1837
1785: 1928
2046: 2243,2293,2324,2241,2325,2386,2217,2361,2362,2439,2292,2291,2374,2351,2299,2424,2244,2246,2044,2245,2382,2344,2408,2381
1787: 1697,2257,2473,2369,2069
1789: 1600
1790: 2174,2396,2455,2550,2467,2514
1791: 1988
1792: 1728
1793: 1891,514,1804,1860
1798: 525,1740,996
2076: 2115,2188,2186,2204,2149,2045,2170,2127,2049,2012,2108,2090,2102,2047,2075
1802: 1772,933,545,1729,1846
1803: 1876,534,1752,1781
1804: 1860,514,598,1793,1891
1890: 1922,1919,1948,1864,2059,2033,2004,2057,1910,575
2080: 2054,2134,2113,2135,2077,2147,1982,2093,2144,2160,2163,2137,2114,2092,2133,2037,2065,2011,2063
1867: 1913,1912,1904,2558,1887,1872,2535,1905,2509,1770
1810: 1769,1771,1835,1606,1853,1736,1751
1811: 
1844: 575,1835,1877,1767,1779
1973: 2053,2067,1950,2116,1985,2034
1817: 1689,2123,2533,2468,2566
1818: 1978,534,991,1752,1781
1819: 1756,1776,1960,1795
1820: 1858,2501,1934,1938,1914,2508,927
1938: 1934,1914,2508,1933,2504,2489,2501,2502,1907,1879,1858,1820,927,1915,2496,2537
1919: 1922,1890,1920,1848,1948,1864,2033,1910,1843,1917
2143: 2202,2142,2190,2231,2318,2316,2180,2317,2278,2167,2120,2270,2122,2169,2112,2205,2177,2130,2135,2077,2147,1982,2144
2255: 2189,966,2072,1992,2073
1988: 1791
2042: 2098,2236,2043,2132,2237,2145,2198,2075,2097,1966,2030,568,2141,2074
1832: 1768,980
2544: 2451,2452,2497,2450,2561,490,2438,2534,2568,2425,2423,2388,2532,2192
1834: 1730,598,1841,586,1870
1836: 1766
1838: 2489,1830,1882,1884,1874,1839,2540,2486,2504,2510,1934,2502,1907,1879,2494,2554,1871
1839: 2540,1872,1905,2509,1770,1874,1851,2486,2489,1830,1882,1884,1838,2510
1851: 1905,1770,1839,1830,1882,2510,1835
1843: 575,1917,1919
1936: 1967,2343,2436
1846: 1729,1772,1802,478
1847: 1778,525,1740,996
1848: 1920,1823,1940,1948,1864,1922,1919
2234: 2159,2283,2110,2312,2244,2300,2253,2216,2246,2044,2347,2245,2107,2150,2184,2342,2094,2337,2282,2339,2261,2240,2182,1994,2186,2187,2183,2204,2181,2149,2045,2170,2127,2323,2272,2091,2276,2258
1853: 1606,1835,1877,1871,1769,1771,1810
1855: 1984,991
2133: 2092,2176,2037,2093,2144,2160,2163,2062,2064,2175,2182,1994,2188,2186,2185,2183,2080,2054,2134,2113,2049,2012,2108,2065,2011,2063
1920: 1848,1823,1940,1986,1948,1864,1922,1919
1863: 1807,1841,507,1870,1970,1788
1864: 1948,1986,1955,1920,1848,2059,2033,1922,1919,1890
1899: 2538,2567,1946,2517,2562,2564,2559
1987: 2003,946,2036,1995,2018,1921,1974
2127: 2204,2181,2149,2045,2170,2323,2107,2184,2234,2159,2182,1994,2188,2186,2185,2187,2183,2272,2091,2258,2049,2012,2108,2115,2076,2090
1870: 1730,1834,1841,586,507,1863,1807
1871: 2494,2554,2489,1830,1882,1838,2510,1835,2502,1907,1606,1853,2526,1842
1872: 2535,2528,2558,1913,1867,1926,1905,2509,1951,2541,1874,1839,2540
2002: 2193,2191,2066,2382,2381,2277,2340,2437,2405,2195,2435,2275,2345,2338,2404,2089,2196,2332,2395,2391,2281,2280,2139,2279,2329,2197,2335,2271,2254
1875: 1750,1708
1876: 1803,534,1767,1779,1752,1781
1877: 1844,1835,1767,1779,1606,1853,1769,1771
1879: 2502,1907,2486,2504,2489,1830,1882,1884,1838,1934,1938,1914,2508,2494,2554,927,1915,2496,2537,2526
1882: 2489,1830,1884,1838,1874,1839,2540,1851,2486,2504,2510,2502,1907,1879,2494,2554,1871
1883: 1979,502,995,977,1904
1884: 2489,1830,1882,1838,1874,1839,2540,2486,2504,2510,1914,2502,1907,1879,2554
1886: 444,1991,1992,2073,1965,1941
1887: 1904,1913,1867,1912,1905,2509,1770
1888: 1737
1951: 2541,1926,1872,2559,1874,2493,2516,2539,1933,2560,2486,2504
2533: 2123,2468,2566,1689,1817,2467,2514
1894: 
1895: 560,2546,2500
1948: 1864,1986,1955,1920,1848,2059,2033,1922,1919,1890,1910
1970: 981,1788,507,1760,1797,1863,1807
1898: 1775
2532: 2451,2544,2534,2568,2242,2425,2423,2388,540,2529,2192,2435,2428
2222: 2524,2434,2530,2484,2547,2548,2179,2487,2429,2480,2477,2456,2466,2431,2402,2461,2376,2417,2485
2311: 2374,2351,2299,2024,2267,915,2263,2409,2333,2394,2262,2331,2330,2214,2218,2265,2243,2293,2241,2325,2219,2288,2312,2250,2252,2244,2300,2253,2216,2246,2215,2044
1904: 1883,1979,1913,1867,1912,1887
1905: 2509,2558,1913,1867,1912,1887,1872,2535,1770,1874,1839,2540,1851
2522: 2471,2483,2481,2555,2303,2484,2430,2547,2548,2179,2556,588,2482,2460,2458,2401
1907: 2502,1879,2486,2504,2489,1830,1882,1884,1838,2510,1934,1938,1914,2508,2494,2554,1871,1915,2537
2032: 2065,2011,2063,2092,2037,2049,2012,2108,2102,2047
1910: 2004,2057,1948,2033,1922,1919,1890
2064: 2163,2062,2175,2130,2247,2138,2249,2256,2162,2259,2107,2150,2184,2093,2144,2160,2182,1994,2188,2186,2185,2187,2183,2092,2176,2133,2037,2049,2012,2108
1912: 1913,1867,1904,2558,1887,1905,2509,1770
1913: 1867,1912,1904,2558,1887,1872,2535,1905,2509,1770
1914: 1934,1938,2508,1933,2560,2486,2504,2489,1884,2501,1907,1879,1858,1820,2537
1915: 2496,2537,1934,1938,2508,2502,1907,1879,2494,927,2526,1796,1717,1842
2400: 2178,2315,2313,2055,2306,2301,2307,2305,2403,2432,2406,2320,2415,2356,2357,2158,2352,2414,2355,2389,2304,2302,2321,2341,2156,2319,2314,2367,2105,2318,2316,2180
1921: 1974,569,2003,1987
1922: 1919,1890,1920,1848,1948,1864,2059,2033,1910
2034: 2101,1973,2053,1947
1989: 2399,2479,2459,588,2482,2460,2458,2401,2443,2168,2306,2301,2307,2305,2403,2432,2385,2302
1950: 2067,2116,1985,1973,2053
2061: 2018,2030,568,2036,1995,590
1928: 1785,449
1972: 2029,2015,2052,946,1942,1963,569
2559: 1899,1926,2517,2564,1951,2541,237,1625,2493,2516,2539,1933,2560
1931: 524,1999,2020,2027,1998
2031: 2213,2426,2211,2366,2207,2212,1976,2165,2349,2290,583,2050
1933: 2560,2559,1951,2541,2493,2516,2539,2486,2504,2501,1938,1914,2508
1934: 1938,1914,2508,2504,2489,1838,2501,2502,1907,1879,1858,1820,927,1915,2496,2537
2090: 2201,2140,2204,2045,2170,2127,2272,2091,2115,2076,2236,2043,2075
1940: 1823,1965,1941,1920,1848
1941: 1965,1886,1991,1963,1823,1940
1942: 1963,2052,2029,1972,2015,569
1995: 2036,946,2018,2061,2003,1987
2125: 2542,2151,2527,2354,512,2412,2521,2370
1946: 2517,2562,2564,1899,237,1625,2493
1947: 2101,2034
1953: 1825,906,1603,1583
2113: 2080,2054,2134,2135,2077,2147,1982,2093,2144,2160,2163,2062,2137,2114,2092,2133,2037
1955: 2027,1998,1986,524,1999,2020,1948,1864,2059,2033
2012: 2049,2108,2163,2062,2064,2175,2182,1994,2188,2186,2185,2187,2183,2204,2181,2149,2045,2170,2127,2323,2092,2176,2133,2037,2115,2076,2063,2032,2102,2047
2147: 2135,2077,1982,2167,2120,2270,2202,2143,2142,2122,2169,2144,2228,2099,2227,2121,2038,2137,2114,2080,2054,2134,2113
1960: 1776,1736,1756,1819,1795
1961: 2155,2353,2235,2226,2178,2315,2313,2055,2321,2341,2420,2156,2319,2314,2154,2322,2318,2316,2180,2317,2278,2238,2251,2225,2129,2202,2142,2122,2169,2112,2205,2177,2130,2248
1997: 2421,2348,2233,2445,2383,2166,2385,2418,2208,2359,2346,2384,2213,2426,2211,2366,2207,2210
1963: 1942,2052,2029,1972,2015,569,1941
1986: 2027,1998,1955,1920,1948,1864,2059,2033
1965: 1941,1886,1991,1940
1966: 2030,568,2141,2074,2075,2098,2042
1967: 1936,2343,2436
1976: 2213,2426,2211,2366,2207,2210,2232,2031,2103,583,2050,2164,2104
1977: 2004,2057,2039
1978: 1818,534,991,1752,1781
1979: 1883,502,977,1904
1991: 444,1886,1992,2073,1965,1941
1992: 2073,2095,2019,2255,2189,444,1886,1991
2020: 524,1931,1999,2027,1998,1955,2059,2033
1994: 2182,2188,2186,2185,2187,2183,2247,2138,2249,2256,2162,2259,2107,2150,2184,2234,2159,2283,2110,2163,2062,2064,2175,2204,2181,2149,2045,2170,2127,2323,2176,2133,2049,2012,2108
1998: 2027,1955,1986,524,1931,1999,2020,2059,2033
1999: 524,1931,2020,2027,1998,1955,2059,2033
2055: 2178,2400,2315,2313,2306,2301,2307,2305,2403,2432,2406,2320,2415,2356,2357,2158,2352,2414,2355,2389,2304,2302,2321,2341,2420,2156,2319,2314,2367,2105,2318,2316,2180,1961,2353
2030: 1966,568,2141,2074,2075,2098,2042,2061
2003: 1987,946,2036,1995,1921,1974
2004: 2057,1910,2059,2033,1890,1977
2108: 2049,2012,2163,2062,2064,2175,2182,1994,2188,2186,2185,2187,2183,2170,2127,2092,2176,2133,2037,2115,2076,2065,2011,2063,2032,2102,2047
2006: 2068
2007: 2119,2026
2162: 2247,2138,2249,2256,2259,2248,2155,2235,2226,2238,2251,2131,2225,2289,2129,2250,2252,2122,2169,2112,2205,2177,2130,2107,2150,2184,2093,2144,2160,2163,2062,2064,2175,2182,1994,2188,2186,2185,2183
2105: 2367,2190,2231,2383,2166,2385,2389,2304,2302,2178,2400,2315,2313,2055,2208,2359,2346,2384,2318,2316,2180,2317,2278,2167,2120,2270,2202
2026: 2084,2007,2119,1069
2011: 2065,2063,2032,2080,2054,2092,2133,2037,2049,2108,2102
2347: 2044,2245,2351,2243,2324,2241,2325,2386,2244,2300,2253,2216,2246,2215,2382,2344,2408,2381,2234,2159,2283,2110,2342,2094,2337,2282,2339,2261,2240,2275,2345,2338,2404,2089
2014: 2552,560,2538,2567
2015: 2029,1972,2052,946,1942,1963,569
2016: 2309,2308,2154,2322,2365,2357,2355,2379,2419,2416,2310,2378,2267,915,2333,2321,2341,2420,2156,2319,2331,2330,2214,2218,2265,2155,2235,2226,2238,2251,2131,2225,2289,2129,2219,2288,2312,2250,2252
2018: 2061,568,2036,1995,1987,590
2019: 2095,2229,1992,2052
2021: 2518
2057: 2004,1910,2059,2033,1890,1977
2084: 1605,1574,2026
2024: 2374,2351,2311,2299,2267,915,2333,2394,2331,2330,2214,2218,2265,2243,2293,2241,2325,2219,2288,2312,2250,2252,2244,2300,2253,2216,2246,2215,2044
2027: 1998,1955,1986,524,1931,1999,2020,2059,2033
2146: 2274
2029: 1972,2015,2052,946,1942,1963,569
2442: 2470,2553,2565,1445,1530,2071,2551,2407,1551,1414
2036: 1995,946,2018,2061,2003,1987
2037: 2092,2176,2133,2093,2144,2160,2163,2062,2064,2175,2080,2054,2134,2113,2049,2012,2108,2065,2011,2063,2032
2038: 2228,2099,2227,2121,2077,2147,2164,2104,2229
2039: 1977
2040: 1701,2392,2266,2410,853,1677,2488,2464,2462,2465,1700,2364,1671,2334,2454,2363,2267,915,2263,2409,2333,2394,2262,2217,2361,2362
2289: 2238,2251,2131,2225,2129,2341,2420,2156,2309,2308,2016,2154,2322,2365,2331,2330,2214,2218,2265,2155,2235,2226,2219,2288,2312,2250,2252,2177,2247,2249,2256,2162,2248,2107,2150
2043: 2236,2132,2237,2272,2091,2276,2281,2280,2139,2279,2201,2140,2090,2145,2199,2198,2260,2075,2098,2042
2044: 2347,2245,2374,2351,2311,2299,2024,2243,2293,2324,2241,2325,2386,2046,2424,2244,2300,2253,2216,2246,2215,2382,2344,2408,2381,2234,2283,2110,2094,2337,2282,2339,2261,2240,2275,2338,2089
2045: 2204,2181,2149,2170,2127,2323,2184,2234,2159,2337,2282,2261,2182,1994,2188,2186,2187,2183,2272,2091,2276,2258,2012,2115,2076,2201,2140,2090
2047: 2102,2049,2012,2108,2115,2076,2032
2346: 2208,2359,2384,2233,2383,2166,2385,2389,2304,2302,1997,2367,2190,2105,2231,2210,2232,2167,2120,2270
2049: 2012,2108,2163,2062,2064,2175,2182,1994,2188,2186,2185,2187,2183,2170,2127,2092,2176,2133,2037,2115,2076,2065,2011,2063,2032,2102,2047
2050: 583,2031,1976,2164,2104,2087
2232: 2210,2208,2359,2346,2190,2231,2213,2211,2207,2167,2120,2270,1976,2103
2052: 2019,2029,1972,2015,1942,1963,569
2053: 1973,2067,1950,2116,1985,2034
2054: 2080,2134,2113,2135,2077,2147,1982,2093,2144,2160,2163,2062,2137,2114,2092,2176,2133,2037,2065,2011,2063
2059: 2033,1986,2027,1998,1955,524,1999,2020,1948,1864,1922,1890,2004,2057
2190: 2367,2105,2231,2389,2304,2178,2313,2208,2359,2346,2318,2316,2180,2317,2278,2232,2167,2120,2270,2202,2143,2142
2062: 2163,2064,2175,2122,2169,2112,2177,2130,2247,2138,2249,2256,2162,2259,2248,2107,2184,2093,2144,2160,2182,1994,2188,2186,2185,2183,2054,2134,2113,2092,2176,2133,2037,2049,2012,2108
2063: 2065,2011,2032,2080,2054,2092,2176,2133,2037,2049,2012,2108,2102
2065: 2011,2063,2032,2080,2054,2092,2133,2037,2049,2108,2102
2066: 2002,2193,2191,2277,2405,2195,2435,2275,2404,2196,2332,2395,2391,2281,2329,2197,2335,2271,2254
2067: 1950,2116,1985,1973,2053
2068: 2006
2069: 1787,1697,2070,2336,2473,2369
2070: 2336,911,1337,2069
2071: 589,918,1773,2350,2442,2470,2553,2565,2551,2407
2072: 966,2223,2096,2087,2255,2189
2073: 1992,2255,2189,444,1886,1991
2074: 1966,2030,568,2141,2075,2098,2042
2075: 2115,2076,2201,2140,2090,2236,2043,2098,2042,1966,2030,568,2141,2074
2077: 2135,2147,1982,2167,2120,2143,2142,2122,2169,2144,2228,2099,2227,2121,2038,2137,2114,2080,2054,2134,2113
2144: 2093,2160,2202,2143,2142,2122,2169,2112,2205,2177,2130,2256,2162,2135,2077,2147,1982,2163,2062,2064,2175,2137,2114,2080,2054,2134,2113,2092,2133,2037
2103: 2213,2211,2207,2210,2232,2167,2120,2270,1976,2164,2104,2228
2087: 583,2050,2164,2104,966,2072
2521: 2370,2542,2125,2412
2089: 2275,2345,2338,2404,2196,2044,2347,2245,2382,2381,2277,2405,2342,2094,2337,2282,2339,2261,2240,2002,2193,2191,2272,2091,2276,2258,2281,2280,2139,2279,2329,2197
2091: 2272,2276,2258,2234,2094,2337,2282,2339,2261,2240,2345,2338,2089,2204,2181,2149,2045,2170,2127,2323,2281,2280,2139,2279,2201,2140,2090,2236,2043,2132,2237
2092: 2176,2133,2037,2093,2144,2160,2163,2062,2064,2175,2080,2054,2134,2113,2049,2012,2108,2065,2011,2063,2032,2102
2093: 2144,2160,2142,2122,2169,2177,2130,2138,2256,2162,2259,2135,1982,2163,2062,2064,2175,2137,2114,2080,2054,2134,2113,2092,2176,2133,2037
2094: 2342,2337,2282,2339,2261,2240,2244,2253,2246,2044,2347,2245,2382,2344,2408,2381,2234,2283,2110,2275,2345,2338,2404,2089,2196,2181,2323,2272,2091,2276,2258,2281,2280,2139,2279
2095: 2019,2229,1992
2096: 2165,2349,2290,966,2072,2223
2097: 2145,2199,2198,2260,2098,2042,2161,580
2098: 2042,2236,2043,2132,2237,2145,2198,2075,2097,1966,2030,568,2141,2074,580
2099: 2228,2227,2121,2038,2077,2147,2164,2137,2114,2229
2101: 2034,1947
2102: 2047,2092,2176,2049,2012,2108,2115,2076,2065,2011,2063,2032
2202: 2143,2142,2367,2190,2105,2231,2318,2316,2180,2317,2278,1961,2155,2353,2235,2167,2120,2270,2122,2169,2112,2205,2177,2130,2135,2147,1982,2144
2110: 2234,2159,2283,2312,2244,2300,2253,2216,2246,2215,2044,2347,2245,2107,2150,2184,2094,2337,2282,2339,2261,2240,1994,2181,2149,2323,2276,2258
2201: 2140,2090,2204,2181,2045,2272,2091,2276,2258,2281,2280,2139,2279,2236,2043,2132,2237,2075
2112: 2122,2169,2205,2177,2130,2318,2316,2180,2317,2278,1961,2155,2353,2235,2226,2238,2225,2129,2202,2143,2142,2247,2249,2256,2162,2248,2135,1982,2144,2160,2163,2062
2114: 2137,2135,2077,2147,1982,2093,2144,2160,2099,2121,2080,2054,2134,2113
2115: 2076,2188,2186,2187,2204,2149,2045,2170,2127,2049,2012,2108,2090,2102,2047,2075
2116: 2067,1950,1985,1973,2053
2117: 2549,2206,2161,434,580,2173,916,2358
2119: 2007,2026
2120: 2167,2270,2346,2190,2105,2231,2318,2316,2180,2317,2278,2210,2232,2202,2143,2142,2103,2135,2077,2147,1982
2121: 2228,2099,2227,2038,2077,2147,2164,2137,2114,2229
2122: 2169,2112,2205,2177,2130,2318,2316,2180,2317,2278,1961,2155,2353,2235,2225,2129,2202,2143,2142,2247,2138,2249,2256,2162,2259,2248,2135,2077,2147,1982,2093,2144,2160,2163,2062,2175
2123: 2533,2468,2566,1689,1817,2467,2514
2238: 2251,2131,2225,2289,2129,2321,2341,2420,2156,2319,2314,2309,2308,2016,2154,2322,2365,2331,2330,2214,2218,2265,1961,2155,2353,2235,2226,2219,2288,2312,2250,2252,2112,2205,2177,2247,2249,2256,2162,2248,2107,2150
2129: 2238,2251,2131,2225,2289,2341,2156,2309,2308,2016,2154,2331,2214,1961,2155,2353,2235,2226,2219,2288,2312,2250,2252,2122,2169,2112,2205,2177,2130,2247,2138,2249,2256,2162,2259,2248,2107,2150,2184
2130: 2122,2169,2112,2205,2177,2278,1961,2155,2353,2235,2251,2131,2225,2129,2202,2143,2142,2247,2138,2249,2256,2162,2259,2248,2135,1982,2093,2144,2160,2163,2062,2064,2175
2131: 2238,2251,2225,2289,2129,2341,2156,2309,2308,2016,2154,2322,2365,2331,2330,2214,2218,2265,2155,2235,2226,2219,2288,2312,2250,2252,2177,2130,2247,2138,2249,2256,2162,2259,2248,2107,2150,2184
2134: 2080,2054,2113,2135,2077,2147,1982,2093,2144,2160,2163,2062,2137,2114,2092,2176,2133,2037
2135: 2077,2147,1982,2167,2120,2270,2202,2143,2142,2122,2169,2112,2205,2177,2130,2093,2144,2160,2137,2114,2080,2054,2134,2113
2258: 2272,2091,2276,2234,2159,2283,2110,2094,2337,2282,2339,2261,2240,2345,2338,2089,2204,2181,2149,2045,2170,2127,2323,2281,2280,2139,2279,2201,2140,2132
2137: 2114,2135,2077,2147,1982,2093,2144,2160,2099,2121,2080,2054,2134,2113
2138: 2247,2249,2256,2162,2259,2248,2235,2251,2131,2225,2129,2250,2252,2122,2169,2177,2130,2107,2150,2184,2093,2160,2163,2062,2064,2175,2182,1994,2188,2186,2185,2187,2183
2139: 2281,2280,2279,2094,2337,2282,2339,2261,2275,2345,2338,2404,2089,2196,2002,2193,2191,2272,2091,2276,2258,2329,2197,2201,2140,2236,2043,2132,2237,2145,2199,2198,2260
2140: 2201,2090,2204,2181,2045,2272,2091,2276,2258,2281,2280,2139,2279,2236,2043,2132,2237,2075
2141: 1966,2030,568,2074,2075,2098,2042
2142: 2202,2143,2190,2318,2316,2180,2317,2278,1961,2155,2353,2235,2167,2120,2270,2122,2169,2112,2205,2177,2130,2135,2077,2147,1982,2093,2144,2160
2148: 2224,2498,2499,410,1445,1530
2149: 2204,2181,2045,2170,2127,2323,2107,2150,2184,2234,2159,2283,2110,2337,2282,2261,2182,1994,2188,2186,2185,2187,2183,2272,2091,2276,2258,2012,2115,2076
2150: 2107,2184,2238,2251,2131,2225,2289,2129,2219,2288,2312,2250,2252,2244,2300,2253,2216,2246,2215,2247,2138,2249,2256,2162,2259,2248,2234,2159,2283,2110,2064,2175,2182,1994,2188,2186,2185,2187,2183,2181,2149,2323
2151: 2527,2428,2422,2474,2354,2542,2125
2152: 2433,2512,2427,2487,2429,2480,2477,2456,2377,2476,2475,2523,2461,2376,2417,2485,2465,2364,2357,2352,2414,2355,2157,2379,2419,2416,2310,2378,915
2377: 2476,2475,2523,2487,2429,2480,2477,2456,853,1677,2461,2376,2417,2485,2433,2512,2152,2427,2465,2364
2154: 2309,2308,2016,2322,2365,2357,2355,2419,2310,915,2321,2341,2420,2156,2319,2314,2331,2330,2214,2218,2265,1961,2155,2353,2235,2226,2238,2251,2131,2225,2289,2129,2219,2288,2312,2250,2252
2155: 1961,2353,2235,2226,2178,2315,2313,2321,2341,2420,2156,2319,2314,2309,2308,2016,2154,2322,2365,2318,2316,2180,2317,2278,2238,2251,2131,2225,2289,2129,2202,2142,2122,2169,2112,2205,2177,2130,2247,2249,2256,2162,2248
2156: 2321,2341,2420,2319,2314,2320,2356,2357,2158,2414,2355,2419,2310,2178,2400,2315,2313,2055,2309,2308,2016,2154,2322,2365,2318,2316,2180,2317,2278,1961,2155,2353,2235,2226,2238,2251,2131,2225,2289,2129
2157: 2357,2158,2352,2414,2355,2379,2466,2431,2402,2461,2376,2417,2485,2433,2512,2152,2427,2406,2320,2415,2356,2419,2416,2310,2378,2321,2420,2319,2308,2322,2365
2158: 2357,2352,2414,2355,2157,2379,2431,2461,2376,2417,2406,2320,2415,2356,2419,2416,2310,2378,2178,2400,2315,2313,2055,2321,2341,2420,2156,2319,2314,2308,2322
2159: 2234,2283,2110,2288,2312,2250,2252,2244,2300,2253,2216,2246,2347,2107,2150,2184,2337,2282,2261,2240,2182,1994,2188,2186,2185,2187,2183,2181,2149,2045,2170,2127,2323,2276,2258
2160: 2093,2144,2142,2122,2169,2112,2177,2130,2138,2256,2162,2259,2135,1982,2163,2062,2064,2175,2137,2114,2080,2054,2134,2113,2092,2176,2133,2037
2161: 2145,2199,2198,2260,2097,434,580,2117,2206
2164: 2104,1976,2103,583,2050,2228,2099,2227,2121,2038,2087,2229
2165: 2349,2290,2212,2031,2096
2166: 2383,2385,2443,2168,2399,2479,2306,2301,2307,2305,2348,2233,2445,2389,2304,2302,1997,2208,2359,2346,2384,2367,2105,2231
2167: 2120,2270,2208,2359,2346,2384,2367,2190,2105,2231,2318,2316,2180,2317,2278,2210,2232,2202,2143,2142,2103,2135,2077,2147
2168: 2443,2447,588,2482,2460,2458,1989,2399,2479,2459,2348,2233,2445,2383,2166,2385
2169: 2122,2112,2205,2177,2130,2318,2316,2180,2317,2278,1961,2155,2353,2235,2225,2129,2202,2143,2142,2247,2138,2249,2256,2162,2259,2248,2135,2077,2147,1982,2093,2144,2160,2163,2062,2175
2170: 2204,2181,2149,2045,2127,2323,2107,2184,2234,2159,2261,2182,1994,2188,2186,2185,2187,2183,2272,2091,2276,2258,2049,2012,2108,2115,2076,2090
2406: 2320,2415,2356,2466,2431,2402,2461,2376,2417,2485,2306,2301,2307,2305,2403,2432,2357,2158,2352,2414,2355,2157,2379,2389,2304,2302,2178,2400,2315,2313,2055,2321,2420,2319,2314
2558: 2528,1913,1867,1912,1926,1872,2535,1905,2509
2173: 434,2549,2117,2206,916,2358
2174: 2396,2455,1790
2175: 2163,2062,2064,2122,2169,2177,2130,2247,2138,2249,2256,2162,2259,2248,2107,2150,2184,2093,2144,2160,2182,1994,2188,2186,2185,2187,2183,2092,2176,2133,2037,2049,2012,2108
2176: 2092,2133,2037,2093,2160,2163,2062,2064,2175,2182,1994,2188,2186,2185,2187,2183,2054,2134,2049,2012,2108,2063,2102
2177: 2122,2169,2112,2205,2130,2318,2316,2180,2317,2278,1961,2155,2353,2235,2226,2238,2251,2131,2225,2289,2129,2202,2143,2142,2247,2138,2249,2256,2162,2259,2248,2135,1982,2093,2144,2160,2163,2062,2175
2178: 2400,2315,2313,2055,2307,2406,2320,2415,2356,2357,2158,2414,2355,2389,2304,2321,2341,2420,2156,2319,2314,2367,2190,2105,2318,2316,2180,2317,2278,1961,2155,2353,2235,2226
2179: 2484,2430,2547,2548,2471,2522,2524,2434,2222,2530,2460,2458,2401,2466,2431,2402
2180: 2318,2316,2317,2278,2389,2304,2178,2400,2315,2313,2055,2321,2341,2156,2319,2314,2367,2190,2105,2231,1961,2155,2353,2235,2167,2120,2270,2202,2143,2142,2122,2169,2112,2205,2177
2181: 2204,2149,2045,2170,2127,2323,2107,2150,2184,2234,2159,2283,2110,2094,2337,2282,2339,2261,2240,2182,1994,2188,2186,2185,2187,2183,2272,2091,2276,2258,2012,2201,2140
2182: 1994,2188,2186,2185,2187,2183,2138,2249,2256,2162,2259,2107,2150,2184,2234,2159,2283,2163,2062,2064,2175,2204,2181,2149,2045,2170,2127,2323,2176,2133,2049,2012,2108
2183: 2182,1994,2188,2186,2185,2187,2247,2138,2249,2256,2162,2259,2248,2107,2150,2184,2234,2159,2283,2163,2062,2064,2175,2181,2149,2045,2170,2127,2323,2176,2133,2049,2012,2108
2184: 2107,2150,2131,2129,2288,2312,2250,2252,2300,2253,2216,2247,2138,2249,2256,2162,2259,2234,2159,2283,2110,2163,2062,2064,2175,2182,1994,2188,2186,2185,2187,2183,2204,2181,2149,2045,2170,2127,2323
2185: 2182,1994,2188,2186,2187,2183,2247,2138,2249,2256,2162,2259,2248,2107,2150,2184,2159,2283,2163,2062,2064,2175,2181,2149,2170,2127,2323,2176,2133,2049,2012,2108
2186: 2182,1994,2188,2185,2187,2183,2138,2249,2256,2162,2259,2107,2150,2184,2234,2159,2283,2163,2062,2064,2175,2204,2181,2149,2045,2170,2127,2323,2176,2133,2049,2012,2108,2115,2076
2187: 2182,1994,2188,2186,2185,2183,2138,2259,2107,2150,2184,2234,2159,2283,2064,2175,2204,2181,2149,2045,2170,2127,2323,2176,2049,2012,2108,2115
2188: 2182,1994,2186,2185,2187,2183,2138,2256,2162,2259,2107,2150,2184,2159,2163,2062,2064,2175,2204,2181,2149,2045,2170,2127,2323,2176,2133,2049,2012,2108,2115,2076
2189: 2255,966,2072,1992,2073
2191: 2002,2193,2066,2382,2381,2277,2340,2405,2195,2435,2275,2345,2338,2404,2089,2196,2332,2395,2391,2281,2280,2139,2279,2329,2197,2335,2271
2192: 540,2529,2451,2544,2534,2568,2532,2428
2193: 2002,2191,2066,2382,2381,2277,2340,2437,2405,2195,2435,2275,2345,2338,2404,2089,2196,2332,2395,2391,2281,2280,2139,2279,2329,2197,2335,2271,2254
2344: 2382,2408,2381,2243,2293,2324,2241,2325,2386,2046,2424,2242,2425,2423,2044,2347,2245,2277,2340,2437,2405,2094,2339,2240,2275,2338,2404
2195: 2435,2425,2423,2529,2277,2340,2437,2405,2428,2002,2193,2191,2066,2332,2395,2391,2422,2474
2196: 2275,2345,2338,2404,2089,2245,2382,2381,2277,2405,2094,2339,2002,2193,2191,2066,2272,2276,2281,2280,2139,2279,2329,2197
2197: 2329,2275,2345,2404,2089,2196,2002,2193,2191,2066,2332,2395,2391,2281,2280,2139,2279,2335,2271,2254,2132,2237,2145,2199,2198,2260
2198: 2145,2199,2260,2281,2280,2139,2279,2329,2197,2335,2271,2254,2236,2043,2132,2237,2098,2042,2097,2161
2199: 2145,2198,2260,2281,2280,2139,2279,2329,2197,2335,2271,2254,2236,2043,2132,2237,2097,2161
2343: 2436,2287,2519,455,1967,1936
2203: 2393
2204: 2181,2149,2045,2170,2127,2323,2184,2234,2337,2261,2182,1994,2188,2186,2187,2272,2091,2276,2258,2012,2115,2076,2201,2140,2090
2205: 2122,2169,2112,2177,2130,2318,2316,2180,2317,2278,1961,2155,2353,2235,2226,2238,2225,2129,2202,2143,2142,2247,2256,2162,2248,2135,1982,2144,2163
2206: 2549,2117,2161,580,2173,2358
2207: 2213,2426,2211,2366,2418,1997,2210,2232,2031,1976,2103
2208: 2359,2346,2384,2348,2233,2383,2166,2385,2302,1997,2367,2190,2105,2231,2213,2426,2211,2366,2210,2232,2167,2270
2209: 2491,2444,2447,2481,2446,2448,2556,2360,2503
2210: 2232,1997,2208,2359,2346,2231,2213,2426,2211,2366,2207,2167,2120,1976,2103
2211: 2213,2426,2366,2207,2418,1997,2208,2210,2232,2031,1976,2103
2212: 2031,2165,2349
2213: 2426,2211,2366,2207,2418,1997,2208,2359,2210,2232,2031,1976,2103
2214: 2331,2330,2218,2265,2267,915,2263,2333,2309,2308,2016,2154,2322,2365,2374,2351,2311,2299,2024,2238,2251,2131,2225,2289,2129,2219,2288,2312,2250,2252,2244,2300,2253,2216,2246,2215
2215: 2244,2300,2253,2216,2246,2331,2330,2214,2218,2374,2351,2311,2299,2024,2243,2293,2324,2241,2325,2219,2288,2312,2252,2044,2347,2107,2150,2283,2110,2240
2216: 2244,2300,2253,2246,2215,2331,2330,2214,2218,2374,2351,2311,2299,2024,2243,2241,2325,2219,2288,2312,2250,2252,2044,2347,2107,2150,2184,2234,2159,2283,2110,2282,2240
2217: 2361,2362,2040,2392,2266,2410,2334,2454,2363,2294,2411,2394,2262,2439,2292,2291,2374,2299,2243,2293,2241,2325,2386,2046
2218: 2331,2330,2214,2265,2419,2267,915,2263,2409,2333,2394,2262,2309,2308,2016,2154,2322,2365,2374,2351,2311,2299,2024,2238,2251,2131,2289,2219,2288,2312,2250,2252,2244,2300,2216,2246,2215
2219: 2288,2312,2250,2252,2309,2308,2016,2154,2365,2331,2330,2214,2218,2265,2374,2351,2311,2299,2024,2238,2251,2131,2225,2289,2129,2244,2300,2253,2216,2246,2215,2247,2249,2107,2150,2283
2353: 1961,2155,2235,2226,2178,2315,2313,2055,2321,2341,2420,2156,2319,2314,2308,2154,2322,2318,2316,2180,2317,2278,2238,2251,2225,2129,2202,2142,2122,2169,2112,2205,2177,2130,2247,2256,2248
2223: 966,2072,2096
2224: 2148,2498,2499,410,1445,1530
2225: 2238,2251,2131,2289,2129,2321,2341,2420,2156,2319,2314,2309,2308,2016,2154,2322,2365,2331,2214,2265,1961,2155,2353,2235,2226,2219,2288,2312,2250,2252,2122,2169,2112,2205,2177,2130,2247,2138,2249,2256,2162,2259,2248,2107,2150
2226: 1961,2155,2353,2235,2178,2315,2313,2321,2341,2420,2156,2319,2314,2309,2308,2016,2154,2322,2365,2318,2316,2278,2238,2251,2131,2225,2289,2129,2112,2205,2177,2247,2249,2256,2162,2248
2227: 2228,2099,2121,2038,2077,2147,2164,2104,2229
2228: 2099,2227,2121,2038,2103,2077,2147,2164,2104,2229
2229: 2164,2104,2228,2099,2227,2121,2038,2095,2019
2437: 2277,2340,2405,2424,2242,2425,2423,2388,2382,2344,2408,2381,2195,2435,2275,2338,2404,2002,2193
2231: 2367,2190,2105,2383,2166,2385,2389,2304,2302,2208,2359,2346,2384,2318,2316,2180,2317,2278,2210,2232,2167,2120,2270,2202,2143
2235: 1961,2155,2353,2226,2178,2315,2313,2321,2341,2420,2156,2319,2314,2308,2016,2154,2322,2318,2316,2180,2317,2278,2238,2251,2131,2225,2289,2129,2202,2142,2122,2169,2112,2205,2177,2130,2247,2138,2249,2256,2162,2248
2236: 2043,2132,2237,2272,2091,2276,2281,2280,2139,2279,2201,2140,2090,2145,2199,2198,2260,2075,2098,2042
2237: 2236,2043,2132,2272,2091,2276,2281,2280,2139,2279,2329,2197,2201,2140,2145,2199,2198,2260,2098,2042
2553: 2442,2470,2565,1445,1530,589,2071,2551,2407,1551,1414
2240: 2342,2094,2337,2282,2339,2261,2244,2300,2253,2216,2246,2215,2044,2347,2245,2382,2344,2408,2381,2234,2159,2283,2110,2275,2345,2338,2404,2089,2181,2323,2091,2276,2258,2281
2241: 2243,2293,2324,2325,2386,2046,2217,2362,2439,2292,2374,2351,2311,2299,2024,2424,2244,2300,2253,2216,2246,2215,2044,2347,2245,2382,2344,2408,2381
2242: 2425,2423,2388,2439,2292,2291,2438,2424,2532,2382,2344,2408,2381,2277,2340,2437,2405,2435
2243: 2293,2324,2241,2325,2386,2046,2394,2262,2217,2361,2362,2439,2292,2374,2351,2311,2299,2024,2244,2300,2253,2216,2246,2215,2044,2347,2245,2344,2408,2381
2244: 2300,2253,2216,2246,2215,2330,2214,2218,2374,2351,2311,2299,2024,2243,2293,2324,2241,2325,2386,2046,2219,2288,2312,2044,2347,2245,2107,2150,2234,2159,2283,2110,2094,2337,2282,2339,2261,2240
2245: 2044,2347,2243,2293,2324,2241,2325,2386,2046,2424,2244,2300,2253,2246,2382,2344,2408,2381,2234,2283,2110,2094,2337,2282,2339,2261,2240,2275,2345,2338,2404,2089,2196
2246: 2244,2300,2253,2216,2215,2330,2214,2218,2374,2351,2311,2299,2024,2243,2293,2324,2241,2325,2386,2046,2219,2288,2312,2044,2347,2245,2107,2150,2234,2159,2283,2110,2094,2337,2282,2339,2261,2240
2247: 2138,2249,2256,2162,2259,2248,2155,2353,2235,2226,2238,2251,2131,2225,2289,2129,2219,2288,2312,2250,2252,2122,2169,2112,2205,2177,2130,2107,2150,2184,2163,2062,2064,2175,1994,2185,2183
2248: 2247,2138,2249,2256,2162,2259,1961,2155,2353,2235,2226,2238,2251,2131,2225,2289,2129,2288,2250,2252,2122,2169,2112,2205,2177,2130,2107,2150,2163,2062,2175,2185,2183
2249: 2247,2138,2256,2162,2259,2248,2155,2235,2226,2238,2251,2131,2225,2289,2129,2219,2288,2312,2250,2252,2122,2169,2112,2177,2130,2107,2150,2184,2163,2062,2064,2175,2182,1994,2186,2185,2183
2250: 2219,2288,2312,2252,2309,2308,2016,2154,2331,2330,2214,2218,2311,2024,2238,2251,2131,2225,2289,2129,2300,2253,2216,2247,2138,2249,2256,2162,2259,2248,2107,2150,2184,2159
2251: 2238,2131,2225,2289,2129,2341,2420,2156,2309,2308,2016,2154,2322,2365,2331,2330,2214,2218,2265,1961,2155,2353,2235,2226,2219,2288,2312,2250,2252,2177,2130,2247,2138,2249,2256,2162,2259,2248,2107,2150
2252: 2219,2288,2312,2250,2309,2308,2016,2154,2331,2330,2214,2218,2311,2024,2238,2251,2131,2225,2289,2129,2300,2253,2216,2215,2247,2138,2249,2256,2162,2259,2248,2107,2150,2184,2159,2283
2253: 2244,2300,2216,2246,2215,2214,2351,2311,2024,2243,2324,2241,2325,2219,2288,2312,2250,2252,2044,2347,2245,2107,2150,2184,2234,2159,2283,2110,2094,2337,2282,2339,2261,2240
2254: 2335,2271,2002,2193,2066,2332,2395,2391,2422,2474,2329,2197,2354,2145,2199,2198,2260
2256: 2247,2138,2249,2162,2259,2248,2155,2353,2235,2226,2238,2251,2131,2225,2289,2129,2250,2252,2122,2169,2112,2205,2177,2130,2107,2150,2184,2093,2144,2160,2163,2062,2064,2175,2182,1994,2188,2186,2185,2183
2257: 1787,1697,2473,2369
2259: 2247,2138,2249,2256,2162,2248,2251,2131,2225,2129,2250,2252,2122,2169,2177,2130,2107,2150,2184,2093,2160,2163,2062,2064,2175,2182,1994,2188,2186,2185,2187,2183
2260: 2145,2199,2198,2281,2280,2139,2279,2329,2197,2335,2271,2254,2236,2043,2132,2237,2097,2161
2262: 2394,2465,1700,2364,1671,2040,2392,2266,2410,2334,2454,2363,2267,915,2263,2409,2333,2217,2361,2362,2330,2218,2265,2374,2311,2299,2243,2293
2263: 2267,915,2409,2333,2465,1700,2364,1671,2040,2392,2266,2410,2416,2378,2394,2262,2365,2330,2214,2218,2265,2374,2311,2299
2421: 2360,2503,2443,2348,2233,2445,2418,1997
2265: 2331,2330,2214,2218,2419,2416,2310,2378,2267,915,2263,2409,2333,2394,2262,2309,2308,2016,2154,2322,2365,2374,2311,2299,2024,2238,2251,2131,2225,2289,2219,2288
2266: 1701,2040,2392,2410,2488,2464,2268,2463,2462,2465,1700,2364,1671,2334,2454,2363,2267,915,2263,2409,2333,2394,2262,2217,2361,2362
2267: 915,2263,2409,2333,2040,2392,2266,2410,2394,2262,2309,2308,2016,2365,2331,2330,2214,2218,2265,2374,2351,2311,2299,2024
2268: 2463,2462,2488,2464,2441,2507,2505,2373,2392,2266,2410,2334,2454,2411
2307: 2306,2301,2305,2403,2432,2460,2458,2401,2431,1989,2399,2479,2459,2406,2320,2415,2356,2383,2166,2385,2389,2304,2302,2178,2400,2315,2313,2055
2270: 2167,2120,2208,2359,2346,2367,2190,2105,2231,2318,2316,2180,2317,2278,2232,2202,2143,2142,2103,2135,2147,1982
2271: 2335,2254,2002,2193,2191,2066,2332,2395,2391,2422,2474,2329,2197,2354,2145,2199,2198,2260
2272: 2091,2276,2258,2234,2094,2337,2282,2339,2261,2345,2338,2404,2089,2196,2204,2181,2149,2045,2170,2127,2323,2281,2280,2139,2279,2201,2140,2090,2236,2043,2132,2237
2469: 2543,2550,2467,2514,2557,2511,2490,2398,2285,2495
2274: 2146
2275: 2345,2338,2404,2089,2196,2044,2347,2245,2382,2344,2408,2381,2277,2340,2437,2405,2094,2337,2282,2339,2240,2002,2193,2191,2066,2276,2281,2280,2139,2279,2329,2197
2276: 2272,2091,2258,2234,2159,2283,2110,2342,2094,2337,2282,2339,2261,2240,2275,2345,2338,2404,2089,2196,2204,2181,2149,2045,2170,2323,2281,2280,2139,2279,2201,2140,2236,2043,2132,2237
2277: 2340,2437,2405,2424,2242,2425,2423,2382,2344,2408,2381,2195,2435,2275,2345,2338,2404,2089,2196,2002,2193,2191,2066,2332,2395,2391
2278: 2318,2316,2180,2317,2178,2315,2313,2341,2156,2319,2314,2367,2190,2105,2231,1961,2155,2353,2235,2226,2167,2120,2270,2202,2143,2142,2122,2169,2112,2205,2177,2130
2279: 2281,2280,2139,2094,2337,2339,2261,2275,2345,2338,2404,2089,2196,2002,2193,2191,2272,2091,2276,2258,2329,2197,2201,2140,2236,2043,2132,2237,2199,2198,2260
2280: 2281,2139,2279,2094,2337,2282,2339,2261,2275,2345,2338,2404,2089,2196,2002,2193,2191,2272,2091,2276,2258,2329,2197,2201,2140,2236,2043,2132,2237,2199,2198,2260
2282: 2342,2094,2337,2339,2261,2240,2244,2300,2253,2216,2246,2044,2347,2245,2408,2381,2234,2159,2283,2110,2275,2345,2338,2404,2089,2181,2149,2045,2323,2272,2091,2276,2258,2281,2280,2139
2283: 2234,2159,2110,2219,2288,2312,2252,2244,2300,2253,2216,2246,2215,2044,2347,2245,2107,2150,2184,2094,2337,2282,2339,2261,2240,2182,1994,2186,2185,2187,2183,2181,2149,2323,2276,2258
2345: 2275,2338,2404,2089,2196,2347,2245,2382,2381,2277,2405,2094,2337,2282,2339,2261,2240,2002,2193,2191,2272,2091,2276,2258,2281,2280,2139,2279,2329,2197
2285: 2490,2398,2495,2550,2467,2514,2543,2469,1323,1454
2286: 2449,2545,1773,2350,1323,1454
2287: 2519,455,2360,2503,2343,2436
2288: 2219,2312,2250,2252,2309,2308,2016,2154,2365,2331,2330,2214,2218,2265,2374,2351,2311,2299,2024,2238,2251,2131,2225,2289,2129,2244,2300,2253,2216,2246,2215,2247,2249,2248,2107,2150,2184,2159,2283
2290: 2165,2349,2031,2096
2291: 2439,2292,2363,2294,2411,2452,2497,2217,2361,2438,2386,2046,2424,2242,2425,2423,2388
2292: 2439,2291,2334,2454,2363,2294,2411,2217,2361,2362,2438,2243,2293,2241,2386,2046,2424,2242
2293: 2243,2324,2241,2325,2386,2046,2394,2262,2217,2361,2362,2439,2292,2374,2351,2311,2299,2024,2424,2244,2246,2215,2044,2245,2344,2408,2381
2294: 2411,2441,2507,2505,2373,2334,2454,2363,2452,2497,2217,2361,2362,2439,2292,2291,2438
2470: 2442,2553,2565,1445,1530,589,2071,2551,2407,1551,1414
2543: 2469,2550,2467,2514,2557,2511,2490,2398,2285,2495
2439: 2292,2291,2334,2454,2363,2294,2411,2452,2497,2217,2361,2362,2438,2243,2293,2324,2241,2386,2046,2424,2242,2425,2423
2525: 2371,513
2299: 2374,2351,2311,2024,2267,915,2263,2409,2333,2394,2262,2217,2362,2331,2330,2214,2218,2265,2243,2293,2324,2241,2325,2046,2219,2288,2312,2244,2300,2216,2246,2215,2044
2300: 2244,2253,2216,2246,2215,2331,2330,2214,2218,2374,2351,2311,2299,2024,2243,2324,2241,2325,2219,2288,2312,2250,2252,2044,2347,2245,2107,2150,2184,2234,2159,2283,2110,2282,2240
2301: 2306,2307,2305,2403,2432,2460,2458,2401,2466,2431,2402,1989,2399,2479,2459,2406,2320,2415,2356,2383,2166,2385,2389,2304,2302,2400,2315,2055
2302: 2389,2304,1989,2399,2479,2459,2306,2301,2307,2305,2403,2432,2406,2320,2383,2166,2385,2400,2055,2208,2359,2346,2384,2367,2105,2231
2303: 2483,2481,2555,2471,2522,2491,2444,2556,588,2482,2460,2458
2304: 2389,2302,2306,2301,2307,2305,2403,2432,2406,2320,2383,2166,2385,2178,2400,2315,2313,2055,2346,2384,2367,2190,2105,2231,2318,2316,2180,2317
2305: 2306,2301,2307,2403,2432,2460,2458,2401,2431,1989,2399,2479,2459,2406,2320,2415,2356,2383,2166,2385,2389,2304,2302,2400,2315,2313,2055
2306: 2301,2307,2305,2403,2432,2460,2458,2401,2466,2431,2402,1989,2399,2479,2459,2406,2320,2415,2356,2383,2166,2385,2389,2304,2302,2400,2055
2308: 2309,2016,2154,2322,2365,2357,2158,2352,2414,2355,2157,2379,2419,2416,2310,2378,2267,915,2333,2321,2341,2420,2156,2319,2314,2331,2330,2214,2218,2265,2155,2353,2235,2226,2238,2251,2131,2225,2289,2129,2219,2288,2250,2252
2309: 2308,2016,2154,2322,2365,2357,2419,2310,2378,2267,915,2333,2321,2341,2420,2156,2319,2331,2330,2214,2218,2265,2155,2226,2238,2251,2131,2225,2289,2129,2219,2288,2312,2250,2252
2310: 2419,2416,2378,2461,2376,2417,2433,2152,2357,2158,2352,2414,2355,2157,2379,915,2321,2341,2420,2156,2319,2314,2309,2308,2016,2154,2322,2365,2265
2313: 2178,2400,2315,2055,2307,2305,2406,2320,2415,2356,2357,2158,2352,2414,2355,2389,2304,2321,2341,2420,2156,2319,2314,2367,2190,2105,2318,2316,2180,2317,2278,1961,2155,2353,2235,2226
2314: 2321,2341,2420,2156,2319,2406,2320,2415,2356,2357,2158,2414,2355,2310,2178,2400,2315,2313,2055,2308,2154,2322,2318,2316,2180,2317,2278,1961,2155,2353,2235,2226,2238,2225
2315: 2178,2400,2313,2055,2301,2307,2305,2403,2432,2406,2320,2415,2356,2357,2158,2352,2414,2355,2389,2304,2321,2341,2420,2156,2319,2314,2105,2318,2316,2180,2317,2278,1961,2155,2353,2235,2226
2316: 2318,2180,2317,2278,2389,2304,2178,2400,2315,2313,2055,2321,2341,2156,2319,2314,2367,2190,2105,2231,1961,2155,2353,2235,2226,2167,2120,2270,2202,2143,2142,2122,2169,2112,2205,2177
2317: 2318,2316,2180,2278,2389,2304,2178,2315,2313,2156,2319,2314,2367,2190,2105,2231,1961,2155,2353,2235,2167,2120,2270,2202,2143,2142,2122,2169,2112,2205,2177
2318: 2316,2180,2317,2278,2389,2304,2178,2400,2315,2313,2055,2321,2341,2156,2319,2314,2367,2190,2105,2231,1961,2155,2353,2235,2226,2167,2120,2270,2202,2143,2142,2122,2169,2112,2205,2177
2319: 2321,2341,2420,2156,2314,2406,2320,2415,2356,2357,2158,2352,2414,2355,2157,2379,2419,2310,2378,2178,2400,2315,2313,2055,2309,2308,2016,2154,2322,2365,2318,2316,2180,2317,2278,1961,2155,2353,2235,2226,2238,2225
2320: 2406,2415,2356,2466,2431,2402,2461,2376,2417,2306,2301,2307,2305,2403,2432,2357,2158,2352,2414,2355,2157,2379,2389,2304,2302,2178,2400,2315,2313,2055,2321,2341,2420,2156,2319,2314
2322: 2309,2308,2016,2154,2365,2357,2158,2352,2414,2355,2157,2379,2419,2416,2310,2378,915,2321,2341,2420,2156,2319,2314,2331,2330,2214,2218,2265,1961,2155,2353,2235,2226,2238,2251,2131,2225,2289
2323: 2204,2181,2149,2045,2170,2127,2107,2150,2184,2234,2159,2283,2110,2094,2337,2282,2339,2261,2240,2182,1994,2188,2186,2185,2187,2183,2272,2091,2276,2258,2012
2324: 2243,2293,2241,2325,2386,2046,2362,2439,2374,2351,2299,2424,2244,2300,2253,2246,2215,2044,2347,2245,2382,2344,2408,2381
2325: 2243,2293,2324,2241,2386,2046,2394,2217,2362,2374,2351,2311,2299,2024,2244,2300,2253,2216,2246,2215,2044,2347,2245,2344,2408,2381
2523: 2377,2476,2475,2487,2429,2480,2477,853,1677,2376,2433,2512,2152,2427,2465,2364
2407: 589,2071,2442,2470,2553,2565,2551,1551,1414,1341,1477
2567: 2538,2014,1899
2329: 2197,2275,2345,2404,2089,2196,2002,2193,2191,2066,2332,2395,2391,2281,2280,2139,2279,2335,2271,2254,2132,2237,2145,2199,2198,2260
2330: 2331,2214,2218,2265,2267,915,2263,2409,2333,2394,2262,2309,2308,2016,2154,2322,2365,2374,2351,2311,2299,2024,2238,2251,2131,2289,2219,2288,2312,2250,2252,2244,2300,2216,2246,2215
2331: 2330,2214,2218,2265,2419,2267,915,2333,2309,2308,2016,2154,2322,2365,2374,2351,2311,2299,2024,2238,2251,2131,2225,2289,2129,2219,2288,2312,2250,2252,2300,2216,2215
2332: 2395,2391,2277,2405,2195,2435,2002,2193,2191,2066,2422,2474,2329,2197,2335,2271,2254,2354
2333: 2267,915,2263,2409,2040,2392,2266,2410,2394,2262,2309,2308,2016,2365,2331,2330,2214,2218,2265,2374,2351,2311,2299,2024
2334: 2454,2363,2488,2464,2268,2463,2462,2505,2373,2040,2392,2266,2410,2294,2411,2394,2262,2217,2361,2362,2439,2292
2335: 2271,2254,2002,2193,2191,2066,2332,2395,2391,2422,2474,2329,2197,2354,2199,2198,2260
2336: 2070,911,1337,2069
2337: 2342,2094,2282,2339,2261,2240,2244,2253,2246,2044,2347,2245,2381,2234,2159,2283,2110,2275,2345,2338,2404,2089,2204,2181,2149,2045,2323,2272,2091,2276,2258,2281,2280,2139,2279
2338: 2275,2345,2404,2089,2196,2044,2347,2245,2382,2344,2408,2381,2277,2340,2437,2405,2342,2094,2337,2282,2339,2261,2240,2002,2193,2191,2272,2091,2276,2258,2281,2280,2139,2279
2339: 2342,2094,2337,2282,2261,2240,2244,2253,2246,2044,2347,2245,2382,2344,2408,2381,2234,2283,2110,2275,2345,2338,2404,2089,2196,2181,2323,2272,2091,2276,2258,2281,2280,2139,2279
2340: 2277,2437,2405,2424,2242,2425,2423,2388,2382,2344,2408,2381,2195,2435,2275,2338,2404,2002,2193,2191
2341: 2321,2420,2156,2319,2314,2320,2356,2357,2158,2352,2414,2355,2379,2419,2310,2178,2400,2315,2313,2055,2309,2308,2016,2154,2322,2365,2318,2316,2180,2278,1961,2155,2353,2235,2226,2238,2251,2131,2225,2289,2129
2342: 2094,2337,2282,2339,2261,2240,2347,2234,2338,2089,2276
2348: 2233,2445,2443,2168,2399,2479,2421,2383,2166,2385,2418,1997,2208,2359,2384
2349: 2165,2290,2212,2031,2096
2350: 1773,918,589,2071,2449,2286,2545
2351: 2374,2311,2299,2024,2267,2333,2394,2331,2330,2214,2218,2243,2293,2324,2241,2325,2386,2046,2219,2288,2312,2244,2300,2253,2216,2246,2215,2044,2347
2352: 2357,2158,2414,2355,2157,2379,2466,2431,2402,2461,2376,2417,2485,2433,2512,2152,2406,2320,2415,2356,2419,2416,2310,2378,2400,2315,2313,2055,2321,2341,2420,2319,2308,2322
2354: 2332,2391,2422,2474,2151,2527,2335,2271,2254,2542,2125,2412
2355: 2357,2158,2352,2414,2157,2379,2431,2461,2376,2417,2152,2406,2320,2415,2356,2419,2416,2310,2378,2178,2400,2315,2313,2055,2321,2341,2420,2156,2319,2314,2308,2016,2154,2322,2365
2356: 2406,2320,2415,2466,2431,2402,2461,2376,2417,2485,2306,2301,2307,2305,2403,2432,2357,2158,2352,2414,2355,2157,2379,2178,2400,2315,2313,2055,2321,2341,2420,2156,2319,2314
2357: 2158,2352,2414,2355,2157,2379,2431,2461,2376,2417,2152,2406,2320,2415,2356,2419,2416,2310,2378,2178,2400,2315,2313,2055,2321,2341,2420,2156,2319,2314,2309,2308,2016,2154,2322,2365
2358: 916,2549,2117,2206,2173
2359: 2208,2346,2384,2348,2233,2383,2166,2385,2389,2302,1997,2367,2190,2105,2231,2213,2210,2232,2167,2270
2360: 2503,2446,2448,2209,2447,2287,2519,455,2421
2361: 2217,2362,2040,2392,2266,2410,2334,2454,2363,2294,2411,2394,2262,2439,2292,2291,2374,2243,2293,2386,2046
2362: 2217,2361,2040,2392,2266,2410,2334,2454,2363,2294,2411,2394,2262,2439,2292,2374,2299,2243,2293,2324,2241,2325,2386,2046
2363: 2334,2454,2505,2373,2040,2392,2266,2410,2294,2411,2394,2262,2217,2361,2362,2439,2292,2291
2364: 2465,1700,1671,2377,2476,2475,2523,853,1677,2488,2464,2433,2512,2152,2427,2040,2392,2266,2410,2416,2378,915,2263,2409,2394,2262
2365: 2309,2308,2016,2154,2322,2357,2414,2355,2157,2379,2419,2416,2310,2378,2267,915,2263,2409,2333,2321,2341,2420,2156,2319,2331,2330,2214,2218,2265,2155,2226,2238,2251,2131,2225,2289,2219,2288
2366: 2213,2426,2211,2207,2418,1997,2208,2210,2031,1976
2367: 2190,2105,2231,2383,2166,2385,2389,2304,2302,2178,2400,2313,2055,2208,2359,2346,2384,2318,2316,2180,2317,2278,2167,2270,2202
2369: 2473,1787,1697,2257,2069
2370: 2521,2542,2125,512,2412
2371: 2525,513
2485: 2461,2376,2417,2524,2434,2222,2530,2487,2429,2480,2477,2456,2377,2475,2466,2431,2402,2433,2512,2152,2406,2415,2356,2352,2414,2157,2379
2373: 2441,2507,2505,2268,2463,2462,2334,2454,2363,2294,2411
2374: 2351,2311,2299,2024,2267,915,2263,2409,2333,2394,2262,2217,2361,2362,2331,2330,2214,2218,2265,2243,2293,2324,2241,2325,2386,2046,2219,2288,2244,2300,2216,2246,2215,2044
2555: 2483,2481,2303,2471,2522,2491,2444,2556,2482
2376: 2461,2417,2485,2524,2222,2487,2429,2480,2477,2456,2377,2476,2475,2523,2466,2431,2402,2433,2512,2152,2427,2406,2320,2415,2356,2357,2158,2352,2414,2355,2157,2379,2419,2416,2310,2378
2378: 2419,2416,2310,2461,2376,2417,2433,2512,2152,2427,2465,2364,2357,2158,2352,2414,2355,2157,2379,915,2263,2321,2420,2319,2309,2308,2016,2322,2365,2265
2379: 2357,2158,2352,2414,2355,2157,2466,2431,2461,2376,2417,2485,2433,2512,2152,2427,2406,2320,2415,2356,2419,2416,2310,2378,2321,2341,2420,2319,2308,2016,2322,2365
2477: 2487,2429,2480,2456,2524,2222,2377,2476,2475,2523,2466,2402,2376,2485,2433,2512,2152,2427
2381: 2382,2344,2408,2243,2293,2324,2241,2325,2386,2046,2424,2242,2425,2423,2044,2347,2245,2277,2340,2437,2405,2094,2337,2282,2339,2261,2240,2275,2345,2338,2404,2089,2196,2002,2193,2191
2382: 2344,2408,2381,2324,2241,2386,2046,2424,2242,2425,2423,2044,2347,2245,2277,2340,2437,2405,2094,2339,2240,2275,2345,2338,2404,2089,2196,2002,2193,2191
2383: 2166,2385,2443,2168,2399,2479,2459,2306,2301,2307,2305,2348,2233,2445,2389,2304,2302,1997,2208,2359,2346,2384,2367,2105,2231
2384: 2208,2359,2346,2348,2233,2445,2383,2166,2385,2389,2304,2302,1997,2367,2105,2231,2167
2385: 2383,2166,2443,2168,1989,2399,2479,2459,2306,2301,2307,2305,2348,2233,2445,2389,2304,2302,1997,2208,2359,2346,2384,2367,2105,2231
2386: 2243,2293,2324,2241,2325,2046,2217,2361,2362,2439,2292,2291,2374,2351,2424,2244,2246,2044,2347,2245,2382,2344,2408,2381
2466: 2431,2402,2484,2548,2179,2524,2434,2222,2530,2487,2429,2480,2477,2456,2401,2461,2376,2417,2485,2306,2301,2403,2432,2406,2320,2415,2356,2352,2414,2157,2379
2388: 2242,2425,2423,2291,2438,2451,2544,2424,2532,2340,2437
2389: 2304,2302,2306,2301,2307,2305,2403,2432,2406,2320,2383,2166,2385,2178,2400,2315,2313,2055,2359,2346,2384,2367,2190,2105,2231,2318,2316,2180,2317
2524: 2434,2222,2530,2484,2430,2547,2548,2179,2487,2429,2480,2477,2456,2401,2466,2431,2402,2461,2376,2417,2485
2391: 2332,2395,2277,2405,2195,2435,2002,2193,2191,2066,2422,2474,2329,2197,2335,2271,2254,2354
2392: 1701,2040,2266,2410,853,1677,2488,2464,2268,2462,2465,1700,2364,1671,2334,2454,2363,2267,915,2263,2409,2333,2394,2262,2217,2361,2362
2393: 2203
2394: 2262,2465,1700,2364,1671,2040,2392,2266,2410,2334,2454,2363,2267,915,2263,2409,2333,2217,2361,2362,2330,2218,2265,2374,2351,2311,2299,2024,2243,2293,2325
2395: 2332,2391,2277,2405,2195,2435,2002,2193,2191,2066,2422,2474,2329,2197,2335,2271,2254
2396: 2174,2455,1790
2488: 2464,853,1677,2268,2463,2462,2465,1700,2364,1671,2040,2392,2266,2334,2454
2398: 2490,2285,2495,2550,2467,2514,2543,2469,1323,1454
2399: 1989,2479,2459,588,2482,2460,2458,2401,2443,2168,2306,2301,2307,2305,2348,2233,2445,2383,2166,2385,2302
2401: 2471,2522,2484,2430,2547,2548,2179,2524,2434,2530,2460,2458,2466,2431,2402,1989,2399,2479,2459,2306,2301,2307,2305,2403,2432
2402: 2466,2431,2484,2547,2548,2179,2524,2434,2222,2530,2487,2429,2480,2477,2456,2401,2461,2376,2417,2485,2306,2301,2403,2406,2320,2415,2356,2352,2414,2157
2403: 2306,2301,2307,2305,2432,2460,2458,2401,2466,2431,2402,1989,2459,2406,2320,2415,2356,2389,2304,2302,2400,2315,2055
2404: 2275,2345,2338,2089,2196,2347,2245,2382,2344,2408,2381,2277,2340,2437,2405,2094,2337,2282,2339,2261,2240,2002,2193,2191,2066,2272,2276,2281,2280,2139,2279,2329,2197
2405: 2277,2340,2437,2424,2242,2425,2423,2382,2344,2408,2381,2195,2435,2275,2345,2338,2404,2089,2196,2002,2193,2191,2066,2332,2395,2391
2408: 2382,2344,2381,2243,2293,2324,2241,2325,2386,2046,2424,2242,2425,2423,2044,2347,2245,2277,2340,2437,2405,2094,2282,2339,2240,2275,2338,2404
2409: 2267,915,2263,2333,2465,1700,2364,1671,2040,2392,2266,2410,2394,2262,2365,2330,2218,2265,2374,2311,2299
2410: 1701,2040,2392,2266,2268,2463,2462,2465,1700,2364,1671,2334,2454,2363,2267,915,2263,2409,2333,2394,2262,2217,2361,2362
2411: 2294,2268,2463,2462,2441,2507,2505,2373,2334,2454,2363,2452,2217,2361,2362,2439,2292,2291,2438
2412: 2354,2542,2125,2521,2370
2560: 1933,2559,1951,2541,2493,2516,2539,2504,2501,1914
2414: 2357,2158,2352,2355,2157,2379,2466,2431,2402,2461,2376,2417,2485,2433,2152,2406,2320,2415,2356,2419,2416,2310,2378,2178,2400,2315,2313,2055,2321,2341,2420,2156,2319,2314,2308,2322,2365
2415: 2406,2320,2356,2466,2431,2402,2461,2376,2417,2485,2306,2301,2307,2305,2403,2432,2357,2158,2352,2414,2355,2157,2379,2178,2400,2315,2313,2055,2321,2420,2319,2314
2416: 2419,2310,2378,2461,2376,2417,2433,2512,2152,2427,2465,2364,2357,2158,2352,2414,2355,2157,2379,915,2263,2321,2420,2308,2016,2322,2365,2265
2417: 2461,2376,2485,2524,2222,2487,2429,2480,2456,2377,2466,2431,2402,2433,2152,2406,2320,2415,2356,2357,2158,2352,2414,2355,2157,2379,2419,2416,2310,2378
2418: 2421,2348,2233,1997,2213,2426,2211,2366,2207
2419: 2416,2310,2378,2461,2376,2417,2433,2152,2357,2158,2352,2414,2355,2157,2379,915,2321,2341,2420,2156,2319,2309,2308,2016,2154,2322,2365,2331,2218,2265
2420: 2321,2341,2156,2319,2314,2406,2320,2415,2356,2357,2158,2352,2414,2355,2157,2379,2419,2416,2310,2378,2178,2315,2313,2055,2309,2308,2016,2154,2322,2365,1961,2155,2353,2235,2226,2238,2251,2225,2289
2422: 2474,2195,2332,2395,2391,2151,2527,2335,2271,2254,2354
2423: 2242,2425,2388,2439,2291,2438,2544,2424,2532,2382,2344,2408,2381,2277,2340,2437,2405,2195,2435
2424: 2439,2292,2291,2438,2293,2324,2241,2386,2046,2242,2425,2423,2388,2044,2245,2382,2344,2408,2381,2277,2340,2437,2405
2425: 2242,2423,2388,2439,2291,2438,2451,2544,2424,2532,2382,2344,2408,2381,2277,2340,2437,2405,2195,2435
2426: 2213,2211,2366,2207,2418,1997,2208,2210,2031,1976
2427: 2433,2512,2152,2429,2480,2477,2377,2476,2475,2523,853,1677,2376,2465,1700,2364,1671,2157,2379,2416,2378,915
2428: 2532,540,2529,2192,2195,2435,2151,2527
2429: 2487,2480,2477,2456,2524,2222,2377,2476,2475,2523,2466,2431,2402,2461,2376,2417,2485,2433,2512,2152,2427
2430: 2484,2547,2548,2179,2471,2522,2524,2434,2530,2460,2458,2401
2431: 2466,2402,2179,2524,2434,2222,2530,2487,2429,2480,2456,2401,2461,2376,2417,2485,2306,2301,2307,2305,2403,2432,2406,2320,2415,2356,2357,2158,2352,2414,2355,2157,2379
2432: 2306,2301,2307,2305,2403,2460,2458,2401,2466,2431,1989,2459,2406,2320,2415,2356,2389,2304,2302,2400,2315,2055
2433: 2512,2152,2427,2487,2429,2480,2477,2456,2377,2476,2475,2523,853,2461,2376,2417,2485,2465,2364,2352,2414,2157,2379,2419,2416,2310,2378,915
2434: 2524,2222,2530,2484,2430,2547,2548,2179,2487,2456,2401,2466,2431,2402,2485
2435: 2195,2242,2425,2423,2532,2529,2277,2340,2437,2405,2428,2002,2193,2191,2066,2332,2395,2391
2436: 2343,2287,2519,455,1967,1936
2438: 2294,2411,2452,2497,2439,2292,2291,2451,2544,2424,2242,2425,2423,2388
2471: 2522,2483,2481,2555,2303,2484,2430,2547,2548,2179,2556,588,2482,2460,2458,2401
2441: 2507,2505,2373,2268,2463,2294,2411,2452,2497
2443: 2168,2447,588,2458,1989,2399,2479,2459,2421,2348,2233,2445,2383,2166,2385
2444: 2491,2209,2447,2483,2481,2555,2303,2446,2448,2556,2482
2445: 2348,2233,2443,2168,2399,2479,2459,2421,2383,2166,2385,1997,2384
2446: 2448,2491,2444,2209,2447,2360,2503
2447: 2491,2444,2209,2481,2446,2448,2556,2360,2503,2443,2168
2448: 2446,2491,2444,2209,2447,2360,2503
2449: 2286,2545,1773,2350,1323,1454
2450: 2561,2457,2536,509,2452,2497,490,2451,2544
2451: 2544,2452,2497,2450,2561,490,2438,2534,2568,2425,2388,2532,2192
2452: 2497,2441,2507,2505,2457,2536,2294,2411,2450,2561,2439,2291,2438,2451,2544
2454: 2334,2363,2488,2464,2268,2463,2462,2505,2373,2040,2392,2266,2410,2294,2411,2394,2262,2217,2361,2362,2439,2292
2455: 2174,2396,1790
2456: 2487,2429,2480,2477,2524,2434,2222,2530,2377,2475,2466,2431,2402,2461,2376,2417,2485,2433,2152
2457: 2536,509,2452,2497,2450,2561,490
2458: 2460,2303,2471,2522,2430,2547,2179,588,2482,2401,2443,2168,1989,2399,2479,2459,2306,2301,2307,2305,2403,2432
2459: 1989,2399,2479,588,2482,2460,2458,2401,2443,2168,2306,2301,2307,2305,2403,2432,2445,2383,2385,2302
2460: 2458,2303,2471,2522,2430,2547,2179,588,2482,2401,2168,1989,2399,2479,2459,2306,2301,2307,2305,2403,2432
2461: 2376,2417,2485,2524,2222,2530,2487,2429,2480,2456,2377,2475,2466,2431,2402,2433,2152,2406,2320,2415,2356,2357,2158,2352,2414,2355,2157,2379,2419,2416,2310,2378
2462: 2268,2463,2488,2464,2505,2373,2040,2392,2266,2410,2334,2454,2411
2463: 2268,2462,2488,2464,2441,2507,2505,2373,2266,2410,2334,2454,2411
2464: 2488,853,1677,2268,2463,2462,2465,1700,2364,1671,2040,2392,2266,2334,2454
2465: 1700,2364,1671,2377,2476,2475,2523,853,1677,2488,2464,2433,2512,2152,2427,2040,2392,2266,2410,2416,2378,915,2263,2409,2394,2262
2467: 2550,2514,2123,2533,1790,2557,2511,2543,2469,2490,2398,2285,2495
2468: 2123,2533,2566,1689,1817
2542: 2125,2151,2527,2354,512,2412,2521,2370
2473: 2369,1787,1697,2257,2069
2474: 2422,2195,2332,2395,2391,2151,2527,2335,2271,2254,2354
2475: 2377,2476,2523,2487,2429,2480,2477,2456,853,1677,2461,2376,2485,2433,2512,2152,2427,2465,2364
2476: 2377,2475,2523,2487,2429,2480,2477,853,1677,2376,2433,2512,2152,2427,2465,1700,2364
2479: 1989,2399,2459,588,2482,2460,2458,2401,2443,2168,2306,2301,2307,2305,2348,2233,2445,2383,2166,2385,2302
2480: 2487,2429,2477,2456,2524,2222,2377,2476,2475,2523,2466,2431,2402,2461,2376,2417,2485,2433,2512,2152,2427
2481: 2483,2555,2303,2471,2522,2491,2444,2209,2447,2556,588,2482
2482: 2556,588,2483,2481,2555,2303,2471,2522,2491,2444,2460,2458,2168,1989,2399,2479,2459
2483: 2481,2555,2303,2471,2522,2491,2444,2556,2482
2484: 2430,2547,2548,2179,2471,2522,2524,2434,2222,2530,2401,2466,2402
2486: 2504,1951,2541,1874,1839,2540,1933,2489,1830,1882,1884,1838,2501,1914,1907,1879
2487: 2429,2480,2477,2456,2524,2434,2222,2530,2377,2476,2475,2523,2466,2431,2402,2461,2376,2417,2485,2433,2512,2152
2489: 1830,1882,1884,1838,1874,1839,2540,2486,2504,2510,1934,1938,1914,2508,2502,1907,1879,2494,2554,1871
2490: 2398,2285,2495,2550,2467,2514,2543,2469,1323,1454
2491: 2444,2209,2447,2483,2481,2555,2303,2446,2448,2556,2482
2566: 2123,2533,2468,1689,1817
2493: 2516,2539,1946,2517,2562,2564,2559,1951,2541,237,1625,1933,2560,2501
2494: 2554,1871,2489,1830,1882,1838,2510,1835,2502,1907,1879,1915,2537,2526,1796,1717,1842
2495: 2490,2398,2285,2550,2467,2514,2543,2469,1323,1454
2496: 1915,2537,1934,1938,2508,2502,1879,927,2526,1796,1717,1842
2497: 2452,2441,2507,2505,2457,2536,2294,2450,2561,2439,2291,2438,2451,2544
2498: 2148,2224,2499,410,1445,1530
2499: 2148,2224,2498,410,926,1445,1530
2500: 2546,1895
2501: 2493,2516,2539,1933,2560,2486,2504,1934,1938,1914,2508,1858,1820
2502: 1907,1879,2489,1830,1882,1884,1838,2510,1934,1938,2508,2494,2554,1871,927,1915,2496,2537,2526,1796,1717,1842
2503: 2360,2446,2448,2209,2447,2287,2519,455,2421
2504: 2486,1951,2541,1874,2540,1933,2560,2489,1830,1882,1884,1838,2501,1934,1938,1914,2508,1907,1879
2505: 2441,2507,2373,2268,2463,2462,2334,2454,2363,2294,2411,2452,2497
2563: 2515,2518,2546
2507: 2441,2505,2373,2268,2463,2294,2411,2452,2497
2508: 1934,1938,1914,1933,2504,2489,2501,2502,1907,1879,1858,1820,927,1915,2496,2537
2509: 1905,2558,1913,1867,1912,1887,1872,2535,1770,1874,1839,2540
2510: 1839,2540,1851,2489,1830,1882,1884,1838,1835,2502,1907,2494,2554,1871,1606
2511: 2557,2550,2467,2514,2543,2469
2512: 2433,2152,2427,2487,2429,2480,2477,2377,2476,2475,2523,853,1677,2376,2485,2465,1700,2364,1671,2352,2157,2379,2416,2378,915
2564: 1946,2517,2562,1899,2559,237,1625,2493,2516
2514: 2550,2467,2123,2533,1790,2557,2511,2543,2469,2490,2398,2285,2495
2515: 2563,2518,2546
2516: 2493,2539,2517,2564,2559,1951,2541,237,1625,1933,2560,2501
2517: 1946,2562,2564,1899,2559,237,1625,2493,2516
2518: 2021,2515,2563
2519: 2287,455,2360,2503,2343,2436
2528: 977,2558,1926,1872,2535
2529: 540,2192,2534,2568,2532,2195,2435,2428
2530: 2524,2434,2222,2484,2430,2547,2548,2179,2487,2456,2401,2466,2431,2402,2461,2485
2539: 2493,2516,2559,1951,2541,237,1625,1933,2560,2501
2534: 2568,490,2451,2544,2532,540,2529,2192
2535: 1872,2528,2558,1913,1867,1926,1905,2509
2536: 2457,509,2452,2497,2450,2561,490
2537: 1915,2496,1934,1938,1914,2508,2502,1907,1879,2494,2554,927,2526,1796,1842
2538: 2567,2014,2552,1899
2545: 2449,2286,1773,2350,1323,1454
2546: 2500,2515,2563,560,1895
2547: 2484,2430,2548,2179,2471,2522,2524,2434,2222,2530,2460,2458,2401,2402
2548: 2484,2430,2547,2179,2471,2522,2524,2434,2222,2530,2401,2466,2402
2549: 2117,2206,2173,2358
2550: 2467,2514,1790,2557,2511,2543,2469,2490,2398,2285,2495
2551: 589,2071,2442,2470,2553,2565,2407,1341,1477
2554: 2494,1871,2489,1830,1882,1884,1838,2510,1835,2502,1907,1879,2537,2526,1842
2556: 588,2482,2483,2481,2555,2303,2471,2522,2491,2444,2209,2447
2557: 2511,2550,2467,2514,2543,2469
2561: 2450,2457,2536,509,2452,2497,490,2451,2544
2562: 1946,2517,2564,1899,237,1625,2493
2565: 2442,2470,2553,1445,1530,589,2071,2551,2407,1551,1414
2568: 2534,490,2451,2544,2532,540,2529,2192