1574: 1605
543: 
1068: 1632,1656,1630,1655,1659,1653,1654,1657,1658,1640,1638,1627,1619,1624
1141: 1100
1543: 1349
566: 
949: 1537,1558,1663
1581: 1562
1445: 1702,1665,1530
1701: 2410,1671,2364,1700,2465,2040,2266
977: 2637,2613
1519: 1564,903,1450,1531,1476,1430
1373: 1685,1467,1687,1668
1572: 1527,973
1394: 1379,1415,1365,1431,1346
535: 539,1015
1939: 2580,2223,2072,444,2021,2594
1459: 1525
2808: 2778,2801,2809,2824,2797,2761,2850,2883,2785,2855
583: 2031,1976,2050,2087
1619: 1640,1638,1627,1644,1624,1646,1632,1068,1630,1655,1659,1653,1657,1636,1645,1639
1376: 1501,985
900: 
1520: 1495,475
1337: 1690
500: 553
520: 1847,1778
1393: 1431,1426,1346,1461,1395
1602: 1532,584
1623: 1066,1618,1063,1065,1609,1083,1615,1268,1053
562: 
509: 2441,2507
1174: 1062,965,1069,1620
822: 1487,2174,2455,926,2148,2224,2498,2499
947: 
563: 
985: 1525,1376,1501
1450: 1531,1519,1564,903,1476,1430
2261: 2342,2110,2181,2258,2275,2337,2283,2240,2347,2245,2381,2159,2282,2338,2094,2089,2204,2045,2091,2272,2281,2279,2139,2201,2339,2140
1556: 1576,401,491
995: 2578,1913,2619,2571
551: 932,2692,2722
1532: 1602,584
957: 538
1540: 1499,1571,577
1687: 1668,1373,1467
961: 448
495: 420
1456: 1387
968: 431
1718: 1765,1723
929: 
939: 
905: 
1461: 1431,1393,1426,1346,1395
552: 1521,1731
572: 2371,2525
1506: 1478
560: 2664
504: 
1479: 1554,987
61: 1460
539: 535
558: 
1527: 1572,973
1495: 1520,475
2145: 2198,916,580
922: 594
589: 2495,2592,2449,2595,2627,2590,2655
1874: 2489,1907,2540,1882,1830,2486,1884,927
1600: 1789
598: 
1202: 
1781: 1752,506,525
587: 
515: 
1571: 1540,1499,577,903
569: 1972,2061,1998,1974,1921
996: 1818,1978
1823: 1940,2015,1972,1974,1921,1941,1948,1864
1690: 1337
916: 2145,2198,580,2173,2358
1172: 153,1635,1617,1136
1605: 1574
591: 
926: 1487,822,2148,2498
1487: 2174,822,2455,926,2148,2224,2498,2499
1513: 1548,960
532: 
944: 
582: 2653
1295: 
948: 2707,2762
1349: 1543
1064: 1858,908,1088
588: 2399,2479,2303,2460,2458,1989,2459,2306,2168,2307,2301,2305,2445,2443,2348,2367,2105,2389,2304,2406
1253: 1278,1290
994: 
1518: 
1496: 1660,1424
2729: 2713,1820,2727
593: 
1426: 1431,1393,1346,1461,1395
544: 
908: 1064,1088,1891
1606: 1853,927,1736,1751
955: 
1346: 1431,1393,1426,1379,1394,1415,1365,1461,1395
906: 917
1635: 153,1617,1136,1172
581: 
498: 
932: 551,2692,2722
575: 1882,1830
993: 1767
1646: 1640,1638,1627,1619,1644,1624,1655,1636,1645,1639
531: 
1395: 1431,1393,1426,1346,1461
2602: 2579,2021,2594,2563,2623,1867,2189,2255
513: 
1278: 1637,1253,1676,1650,1290
1387: 1456
2541: 1951,2516,2559,1933,2560,2539,2709,2486,2504,1884,2708
1671: 1701,2410,853,1677,2364,2488,2464,1700,2268,2462,2465,2334,2454,2392,2040,2262,2266
1458: 1397,559,554
506: 1781,1752
975: 
911: 980,1695,1721
555: 2871,2869,2870,2902,1603,1583
597: 
979: 
988: 
963: 499
1684: 1663
538: 957
951: 
1348: 1402,441
536: 2881,2834,2741
592: 
1063: 1618,1065,1609,1083,1615,1612,1067,1069,1620,492,1268,1066,1623
1562: 430,1581
2578: 1913,1867,2619,995
986: 487
559: 554,1397,1458
586: 2641,2593,2906,514
903: 1519,1564,1499,1571,1450,1531,1476,1430
1589: 1732,912
596: 1537,1558
1670: 1743,1723,1698,1703,1720
557: 
580: 916,2145,2198,2173,2358
537: 
978: 
153: 1635,1617,1136,1172
980: 911
1974: 1921,2015,1972,1940,1823,569,1948,1864
568: 2076,2115,2182,2183,2188,2186,2185,2127,1994,2184,2204,2187,2045,2091,2272,2170,2236,2043,2090,2075
157: 1588
965: 1174,1062
2637: 2613,977,2630,2564,2609,2610
902: 
556: 
1503: 1404
1430: 1476,1519,1564,903,1450,1531,1379,1365
541: 
594: 922
166: 1015,943
1708: 1746,2732
507: 1769,1771
700: 1662,1651,1637
1528: 1592
519: 
550: 
1547: 421,1580,907
574: 
940: 576,1967,1936
1065: 1618,1063,1609,1083,1615,1612,1067,1069,1620,492,1268,1066,1623
1837: 1783
923: 
1062: 1174,965,1069,1620
1053: 1268,1326,1066,1623
901: 
501: 2652,2604
1588: 157
992: 
1290: 1278,1253
534: 1986,1955,1910,1890
967: 
573: 
547: 
976: 
919: 
1415: 1379,1394,1365,1431,1346
1565: 1585
590: 524,2061
2687: 2642,2614,2673,2675,2700,2721,2674,2694
1514: 1474,430
962: 
927: 2489,1907,1874,2540,1606,1853,1915,2496,1736,1751
1578: 1388
584: 1323,1454,1532,1602
934: 
1531: 1450,1519,1564,903,1476,1430
953: 
1197: 1686,1664
973: 1527,1572
517: 
982: 
2811: 2900,2874,2898,2813,2843,2795,2879,2798,2766,2844,2792,2810,2753,2886,2822,2738,494
924: 
1891: 908,1793,1629,1633
1424: 1672,1676,1650,1496,1660
990: 
578: 
1341: 1477
1149: 1184
1388: 1578
1502: 1536
914: 
1419: 1557
1693: 1707,1725,1754
2873: 2895,2833,2776,2876,2741,2845,2894,2847,2882,2780,2832,2877,2831,2805,2854,2779,2846,2829
925: 
1521: 1731,552
1100: 1141
2107: 2150,2225,2251,2247,2249,2131,2219,2288,2312,2252,2250,2216,2246,2244,2283,2300,2162,2256,2248,2129,2159,2282,2253,2323,2163,2062,2138,2182,2183,2188,2186,2259,2185,2127,1994,2184,2204,2187,2045
941: 
1659: 1630,1655,1653,1654,1657,1658,1632,1068,1656,1640,1638,1627,1619,1624,1639
912: 1589,1732
950: 
943: 166
1443: 1598
2753: 2792,2810,2794,2795,2879,2766,2844,2788,2884,2886,2811,2900,2874,2898,2813,2843,2822,2738
2540: 2489,1907,1874,1882,1830,2486,1884,927
1551: 1414
1404: 1503
579: 
2768: 2827,2841,2901,2840,2878,2837,2756,2533,2836,2838,2817,2842,2791,2750,2875,2825,2899,2857,2752,2819,2737,2891,2893,2795,2879,2798,2766
508: 
920: 
1379: 1394,1415,1365,1476,1430,1431,1346
599: 
1580: 421,1547
514: 2641,586,2593,2906
1476: 1430,1519,1564,903,1450,1531,1379,1365
971: 
972: 
1557: 1419
1583: 1603,1953,2867,2866,2868,2871,2869,2870,2865,2902,555,1825
1585: 1565
1402: 1348,441
1576: 1556,401,491
2657: 2682,2683,2612,2675,2700
1526: 1561,2286,2565,2442
2281: 2279,2139,2201,2339,2140,2261,2258,2275,2337,2338,2094,2089,2193,2002,2345,2405,2091,2272,2196,2191,2237,2280,2260,2199,2132
512: 2329,2197,2260,2097,2161
942: 
571: 1967,1936
1478: 1506
1501: 1376,985
1563: 
928: 
1499: 1540,1571,577,903
567: 
528: 1775,1898
909: 
1467: 1373,1687,1668
524: 590,2033,2059
998: 
853: 1677,2364,2377,2476,2475,2523,2512,2427,2488,2464,1700,915,2465,1671
585: 
523: 
1525: 1459,985
915: 2433,2152,2429,2480,2377,2476,2475,2523,2512,2427,853,1677,2364,2157,2379,2465,2352,2414,2310,2419,2265,2416,2365,2378,2330,2267,2333,2392,2040
2822: 2738,2792,2810,2753,2788,2884,2743,486,2789,2811,2900,2874,2898,2813,2843,2823,2755
533: 403
959: 987
913: 
530: 
496: 
1088: 1858,1064,908,1629,1633
522: 
958: 
553: 500
1474: 1514,430
1365: 1379,1394,1415,1476,1430,1431,1346
1530: 1702,1665,1445
510: 
542: 
960: 1548,1513
984: 
952: 
595: 561
1561: 1526,2286,2565,2442
505: 
521: 
999: 449
2589: 2591,2625,2796,2557,2849,2907,2890
518: 
1680: 1664,1648,1754,1686
502: 1992,2073,1941,1965
956: 
1414: 1551
933: 1803,1876,1844,1877,1766,1836
904: 
1015: 535,166
1066: 1623,1618,1063,1065,1609,1083,1615,1268,1053
549: 
991: 2116,1985
1268: 1069,1620,1618,1063,1065,1609,1083,1615,1326,1066,1623,1053
1454: 1323,503,584
2801: 2778,2809,2808,2824,2797,2785,2855
554: 559,1397,1458
497: 1601,1590
1536: 1502
548: 
526: 
989: 
1069: 1620,1174,1062,1612,1067,1063,1065,1609,1083,1615,1268
1601: 1590,497
545: 1846,1772,1802,1729
576: 940,1967,1936
945: 2661,2633,2663
2730: 2678,527,1634,1631
981: 1797,1772,1802,1760,930
946: 2052,2029,1963,1942
516: 917
1637: 700,1278
1161: 
570: 
1985: 2116,991
1592: 1528
918: 2350,1773
1184: 1149
1714: 1694,1783
1323: 1454,503,584
1686: 1197,1680,1664,1648
1243: 
499: 963
1460: 61
1732: 1589,912
938: 1689,450
966: 2050,2087,2095,2570
1700: 2488,2464,853,1677,2364,2268,2462,2465,1701,2410,1671,2334,2454
937: 
1477: 1341
921: 
1698: 1743,1670,1723,1765
1326: 1268,1053
540: 2441,2507
997: 
503: 1323,1454
917: 516,906
1766: 933,1836
1537: 1558,596,949
546: 
1067: 1612,1069,1620,492,1618,1063,1065,1609,1083,1615
970: 983
1603: 1583,1953,2867,2866,2868,2871,2869,2870,2865,2902,555,1825
2233: 2445,2443,2348,2367,2105,2385,2383,2384,2166,2366,2211,2207,2213,2426,2167
1668: 1687,1373,1467
1719: 1763
1431: 1393,1426,1346,1379,1394,1415,1365,1461,1395
931: 2672,2575
565: 
529: 
2852: 2802,2806,2863,2862,2804,2887,2467,2514,2777,2853,2848,2597,2746,2803,2851,2469,2588
561: 595
1624: 1640,1638,1627,1619,1644,1646,1632,1068,1630,1655,1659,1653,1654,1657,1658,1636,1645,1639
964: 
2033: 2059,524,2006,2068
2877: 2780,2832,2831,2845,2894,2895,2833,2873,2776,2876,2847,2882,2805,2854,2779,2829,2830,2885,2892,2888,2878,2828,2758,2837,2896,2905,2533,2836
954: 
1575: 1642,1641,1643
1590: 1601,497
2104: 2164,2210,2103,2232,2143,2228,2038,2227,2229,2050,2087
1558: 1537,596,949
1548: 1513,960
564: 439
511: 
1788: 1970,1870,1841,1863,1807,478
969: 
527: 2699,2728,2731,2710,2678,2730
1136: 153,1635,1617,1172
1554: 1479,987
987: 959,1479,1554
935: 
1397: 1458,559,554
1083: 1618,1063,1065,1609,1615,1612,1067,1069,1620,1268,1066,1623
974: 
907: 1547
1598: 1443
930: 1797,1772,1802,1846,981,452,1729
577: 1540,1499,1571
983: 970
525: 1781,1752,409
1984: 1855
1564: 1519,903,1450,1531,1476,1430
910: 
936: 
400: 
401: 1576,1556
402: 
403: 533
404: 
405: 
406: 2684,2736
407: 
408: 
409: 525
410: 
411: 
412: 
413: 
414: 
415: 
416: 
417: 
418: 
419: 
420: 495
421: 1580,1547
422: 2695,2725
423: 
424: 
425: 
426: 
427: 
428: 
429: 
430: 1474,1514,1562
431: 968
432: 2772,2742,2123,2586,2815
433: 
434: 
435: 469
436: 471
437: 
438: 
439: 564
440: 
441: 1348,1402
442: 
443: 
444: 2223,2072,2580,1939
445: 
446: 
447: 1817
448: 961
449: 999
450: 938,2468,2566
451: 1768,1832
452: 1729,1846,930
453: 
454: 
455: 2448,2446
456: 
457: 
458: 
459: 2707,2762
460: 
461: 
462: 
463: 
464: 
465: 
466: 
467: 
468: 
469: 435
470: 
471: 436
472: 2534,2568
473: 
474: 
475: 1520,1495
476: 
477: 
478: 1788
479: 
480: 
481: 
482: 
483: 
484: 
485: 2519,2287
486: 2743,2789,2788,2884,2822,2738
487: 986
488: 
489: 
490: 
491: 1576,1556
492: 1612,1067,1618,1063,1065,1609
493: 
494: 2799,2886,2811,2900,2874,2898,2813,2843
1609: 1618,1063,1065,1083,1615,1612,1067,1069,1620,492,1268,1066,1623
2725: 2695,422
1676: 1650,1278,1424,1672
1612: 1067,1069,1620,492,1618,1063,1065,1609,1083,1615
1721: 911,1695
1672: 1424,1676,1650
1615: 1618,1063,1065,1609,1083,1612,1067,1069,1620,1268,1066,1623
1729: 452,1797,1772,1802,1846,545,930
1617: 153,1635,1136,1172
1618: 1063,1065,1609,1083,1615,1612,1067,492,1268,1066,1623
1620: 1069,1174,1062,1612,1067,1063,1065,1609,1083,1615,1268
1627: 1640,1638,1619,1644,1624,1646,1632,1068,1655,1659,1653,1657,1636,1645,1639
1636: 1645,1640,1638,1627,1619,1644,1624,1646,1639
1629: 1633,1088,1891,2711,2701,2706,1750
1630: 1655,1659,1653,1654,1657,1658,1632,1068,1656,1640,1638,1619,1624,1639
1631: 1634,2678,2730
1632: 1068,1656,1630,1655,1659,1653,1654,1657,1658,1640,1638,1627,1619,1624
1633: 1629,1088,1891,2711,2701,2706,1750
1634: 1631,2678,2730
1638: 1640,1627,1619,1644,1624,1646,1632,1068,1630,1655,1659,1653,1654,1657,1658,1636,1645,1639
1639: 1630,1655,1659,1653,1654,1657,1658,1640,1638,1627,1619,1644,1624,1646,1636,1645
1640: 1638,1627,1619,1644,1624,1646,1632,1068,1630,1655,1659,1653,1654,1657,1658,1636,1645,1639
1641: 1643,1575,1642
1642: 1575,1641,1643
1643: 1641,1575,1642
1644: 1640,1638,1627,1619,1624,1646,1655,1636,1645,1639
1645: 1636,1640,1638,1627,1619,1644,1624,1646,1639
1685: 1373
1648: 1680,1664,1754,1686
1696: 1679
1650: 1676,1278,1424,1672
1651: 1662,700
1677: 853,2364,2377,2476,2475,2523,2512,2427,2488,2464,1700,915,2465,1671
1653: 1630,1655,1659,1654,1657,1658,1632,1068,1656,1640,1638,1627,1619,1624,1639
1654: 1630,1655,1659,1653,1657,1658,1632,1068,1656,1640,1638,1624,1639
1655: 1630,1659,1653,1654,1657,1658,1632,1068,1656,1640,1638,1627,1619,1644,1624,1646,1639
1656: 1632,1068,1630,1655,1659,1653,1654,1657,1658
1657: 1630,1655,1659,1653,1654,1658,1632,1068,1656,1640,1638,1627,1619,1624,1639
1658: 1630,1655,1659,1653,1654,1657,1632,1068,1656,1640,1638,1624,1639
1660: 1496,1424
1720: 1703,1743,1670,1723
1662: 1651,700
1663: 1684,949
1664: 1680,1648,1197,1686
1665: 1702,1445,1530
1679: 1696
2823: 2755,2822,2738
1689: 1817,938
2760: 2775,2855,2847,2882,2805,2854,2779,2757,2771
1797: 1772,1802,1760,1846,981,930,1729
2851: 2746,2803,2872,2852,2802,2597,2587,2469,2588,2818,2783,2860,2859,2861,2835,2767
1694: 1714
1695: 911,1721
1697: 2336,2070,1787
1702: 1665,1445,1530
1703: 1720,1670
1982: 2147,2077,2135,2142,2122,2169,2177,2130,2143,2120,2144,2093,2160,2228,2038,2227,2229,2114,2137,2113,2134
1767: 993,1779
2612: 2658,2630,2682,2683,2657,2611,2704
1707: 1693,1725,1754
1731: 1521,552
1730: 1834,1870,1841
2728: 527,2699,2731,2710
2701: 2711,1629,1633,2706,1750
1717: 1796,1915,2496,2572,2624
1722: 1745
1723: 1743,1670,1698,1720,1718,1765
1725: 1707,1693,1754
1841: 1870,1730,1834,1863,1807,1788,1970
1728: 2607,2677,1792,1756,1819
1807: 1863,1870,1841,1788,1970
1772: 1797,1802,1760,1846,545,981,930,1729
1736: 1751,927,1606,1853,1776,1960
1737: 1888
1830: 1882,575,2486,2504,1884,2708,2489,1907,1874,2540
1765: 1718,1723,1698
1740: 1798,1791,1988
1743: 1670,1723,1698,1720
1778: 1847,520
1745: 1722
1746: 1708,2732
1796: 1717,1915,2496,2572,2624
1858: 1064,1820,1088
2312: 2219,2288,2252,2250,2216,2331,2214,2311,2024,2225,2251,2247,2249,2131,2246,2244,2283,2300,2162,2256,2129,2107,2150,2159,2282,2253,2323
1750: 2706,1629,1633,2711,2701
1751: 1736,927,1606,1853,1776
1752: 1781,506,525
2132: 2260,2199,2097,2281,2279,2139,2201,2339,2140,2196,2191,2237,2335,2271,2066,2280,2329,2197,2161
1754: 1680,1648,1707,1693,1725
2321: 2319,2341,2420,2156,2322,2314,2432,2403,2415,2356,2357,2158,2352,2414,2355,2310,2419,2265,2365,2055,2400,2313,2315,2178,2320,2308,2016,2154,2238,2318,2316,2180,2317,2226,2155,2353,1961,2235,2225
1756: 1819,1776,1960,1792,1728
2764: 2839,2818,2747,2773,2597,2746,2872,2745,2793,2783,2860,2835,2767,2744,2807
1760: 1797,1772,1802,981
1917: 1919,1843,1922,1986,1955,1910,1890
1763: 1719
1825: 1953,2867,2866,2868,2871,2869,2870,2865,2902,1603,1583
1768: 1832,451
1769: 507,1776,1960,1771
2742: 2864,432,2772,2123,2586,2815,2806,2863,2862,2804,2887,2467,2514
1771: 1776,1960,507,1769
1773: 2350,918
1775: 1898,528
1776: 1960,1736,1751,1771,1756,1819,1769
1779: 1767
2163: 2062,2138,2122,2169,2177,2130,2162,2256,2248,2129,2107,2150,2144,2093,2160,2183,2188,2186,2259,2185,2127,2037,2092,2133,2170
1783: 1837,1714
1785: 1928
2046: 2386,2324,2241,2408,2293,2411,2439,2292,2424,2044,2243,2325,2423,2425,2242,2344,2381
1787: 2336,1697,2070
1789: 1600
2706: 1750,1629,1633,2711,2701
1791: 1988,1798,1740
1792: 2607,2677,1728,1756,1819
1793: 1891,2572,2624
1798: 1740,1791,1988
2076: 2115,568,2182,2186,2127,1994,2184,2204,2187,2045,2091,2272,2170,2236,2043,2090,2075
1802: 1797,1772,1760,1846,545,981,930,1729
1803: 1876,1844,1877,933
2732: 2727,2711,1746,1708
1890: 1910,1917,1843,1986,1955,534
2080: 2108,2049,2054,2113,2134,2037,2092,2133,2052,2029,2065
1867: 2563,2623,2579,2602,1886,2189,2255,1991,2578,1913
2722: 2692,2614,2673,551,932,2721,2674
2818: 2839,2764,2597,2746,2803,2851,2872,2783,2860,2859,2861,2835,2767,2744,2807,2796
1844: 1877,1803,1876,933,1836
1973: 2053,1947
1817: 447,1689
1818: 1978,996
1819: 1756,1776,1960,1792,1728
1820: 1858,2713,2729
2678: 2730,527,2699,1634,1631
1919: 1917,1843,1948,1864,1922
2143: 2120,2167,2202,2142,2278,2103,2232,2147,2077,2135,1982,2104,2164,2210,2228,2038,2227,2229,2114,2137
2255: 1886,2189,1991,2579,2602,1867,1913
1988: 1791,1798,1740
2042: 2098,2141
1832: 1768,451
2544: 2195,2435,2451,2382,2340,2437,2404
1834: 1730,1870,1841
1836: 1844,1877,933,1766
2619: 2578,1913,995
2580: 1939,2223,2072,444,2021,2594
2604: 2652,501
1843: 1919,1917,1922,1986,1955,1910,1890
1936: 1967,571,940,576
1846: 545,1797,1772,1802,930,452,1729
1847: 1778,520
2700: 2675,2661,2663,2683,2657,2614,2673,2721,2674,2687,2642,2694
2707: 2762,459,948
1853: 1606,927,1736,1751
1855: 1984
2133: 2037,2092,2144,2093,2160,2163,2062,2138,2188,2259,2127,2113,2134,2170,2108,2049,2080,2054
2791: 2817,2842,2750,2805,2854,2779,2846,2829,2757,2787,2771,2756,2533,2836,2838,2820,2841,2768,2840
1863: 1807,1870,1841,1788,1970
1864: 1948,1922,1940,1823,1974,1921,1919
2715: 2734,2735
1987: 2003,2030,1966,2036,1995
2127: 2182,2183,2188,2186,2259,2185,2162,2256,2107,2323,2163,2062,2138,1994,2184,2204,2187,2045,2037,2092,2133,2170,2076,2115,568
1870: 1841,1730,1834,1863,1807,1788,1970
2723: 2664,2096,2290
2796: 2818,2783,2860,2859,2861,2835,2767,2744,2807,2557,2849,2907,2890,2591,2625,2589
2002: 2193,2277,2345,2405,2338,2094,2089,2332,2391,2281,2279,2139,2201,2339,2140,2196,2191,2237,2335,2271,2066,2395
2878: 2892,2888,2828,2758,2837,2896,2905,2780,2832,2877,2854,2779,2846,2829,2830,2885,2756,2533,2836,2838,2897,2826,2875,2825,2899,2857,2903,2770,2827,2841,2768,2901,2840
1876: 1803,1844,1877,933
1877: 1844,1803,1876,933,1836
2615: 2659,2096,2290,2623
1882: 1830,575,2486,2504,1884,2708,2489,1907,1874,2540
1883: 1979,1992
1884: 2486,2504,2708,1951,2541,1882,1830,1933,2489,1907,1874,2540,2501
1886: 2189,2255,1991,1867,1913
1887: 1912,1941,1965
1888: 1737
1951: 2541,2516,2559,1933,2560,2539,2709,2486,2504,1884,2708
2533: 2756,2836,2838,2780,2832,2877,2831,2805,2854,2779,2846,2829,2892,2888,2878,2828,2758,2837,2896,2905,2817,2842,2791,2875,2825,2899,2857,2903,2770,2827,2841,2768,2901,2840
2694: 2675,2700,2687,2642
2684: 406,2736
1948: 1864,1922,1940,1823,1974,1921,1919
1970: 1788,1870,1841,1863,1807
1898: 1775,528
2653: 2151,582
2222: 2524,2466,2434,2530,2484,2548,2487,2429,2480,2477,2456,2485,2179,2431,2402,2461,2417
2311: 2299,2024,2374,2267,2333,2394,2262,2263,2409,2293,2331,2214,2218,2044,2243,2325,2351,2215,2219,2288,2312,2252,2250,2216,2246,2244,2283,2300,2240,2347
2711: 2701,1629,1633,2706,1750,2732
2695: 2725,422
2522: 2547,2430,2471,2555,2483,2484,2482,2303,2460,2458,1989,2459,2306
1907: 2489,1874,2540,1882,1830,2486,2504,1884,2708,927
2689: 2630,2564,2609,2610,2658,2611,2646,2704
1910: 1890,1917,1843,1986,1955,534
2660: 2690,2576
1912: 1887,1941,1965
1913: 2578,1867,1886,2189,2255,1991,2619,995
2709: 1933,2560,2539,1951,2541,2504,2708,2501
1915: 2496,927,1717,1796
2400: 2055,2313,2315,2178,2320,2307,2301,2305,2432,2403,2415,2356,2357,2158,2352,2414,2355,2310,2389,2304,2406,2319,2341,2420,2156,2322,2321,2314,2231,2346,2318,2316,2180,2317,2155
1921: 1974,2015,1972,1940,1823,569,1948,1864,1922
1922: 1948,1864,1921,1919,1917,1843
2034: 2101
1989: 2460,2458,2459,2555,2547,2430,2471,2522,2482,2303,2179,2306,2399,2479,588,2307,2301,2305
1950: 2067,2020,1999
2061: 2018,1998,2036,1995,2027,569,590
1928: 1785
1972: 2015,1963,1942,2027,1940,1823,1974,1921,569
2559: 2516,2528,1951,2541,2648,1933,2560,2539,2501
2864: 2742,2772,2123,2586,2815,2806,2863,2862,2804,2887,2467,2514
2031: 1976,2366,2211,2207,2213,2426,2165,2349,583
1933: 2560,2539,2709,1951,2541,2516,2559,2486,2504,1884,2708,2501
2588: 2587,2469,2852,2802,2746,2803,2851,2872,2574,2783,2860,2859,2861,2835,2767
2090: 2075,2076,2115,568,2236,2043,2030,1966
1940: 1823,2015,1972,1974,1921,1941,1948,1864
1941: 1965,502,1940,1823,1887,1912
1942: 1963,946,2015,1972
1995: 2036,2027,1987,2003,2061,2018,1998
2125: 2542
2770: 2875,2825,2899,2857,2903,2830,2885,2892,2888,2878,2828,2758,2837,2896,2905,2533,2836,2838,2897,2826,2827,2841,2901,2752,2819,2893
1947: 2053,1973
1953: 2867,2866,2868,2871,2869,2870,2865,2902,1825,1603,1583
2113: 2134,2147,2077,2135,1982,2144,2093,2160,2114,2137,2037,2092,2133,2121,2099,2080,2054
1955: 1986,1917,1843,1910,1890,534
2674: 2721,2692,2722,2614,2673,2675,2700,2687,2642
2147: 2077,2135,1982,2202,2205,2142,2278,2122,2169,2143,2120,2144,2093,2160,2228,2038,2227,2229,2114,2137,2113,2134
1960: 1776,1736,1771,1756,1819,1769
1961: 2226,2155,2353,2235,2313,2315,2178,2319,2341,2156,2321,2314,2154,2238,2318,2316,2180,2317,2225,2251,2247,2249,2131,2205,2142,2278,2112,2122,2169,2177,2130,2162,2256,2248,2129
2901: 2827,2841,2768,2840,2888,2878,2837,2905,2533,2836,2838,2842,2875,2825,2899,2857,2903,2770,2752,2819,2737,2891,2893,2798,2766
1963: 1942,946,2015,1972
1986: 1955,1917,1843,1910,1890,534
1965: 1941,502,1887,1912
1966: 2030,2011,2065,2108,2049,2090,2075,1987,2003
1967: 1936,571,940,576
1976: 2031,2366,2211,2207,2213,2426,2165,2349,583
1977: 2039
1978: 1818,996
1979: 1883,1992
1991: 1886,2189,2255,1867,1913
1992: 1883,1979,2073,502
2020: 1999,2067,1950,2006,2068
1994: 2184,2204,2187,2045,2107,2150,2159,2282,2253,2323,2181,2258,2182,2183,2188,2186,2259,2185,2127,2091,2272,2170,2076,2115,568
1998: 2061,2018,2036,1995,2027,569
1999: 2020,2067,1950,2006,2068
2055: 2400,2313,2315,2178,2320,2307,2301,2305,2432,2403,2415,2356,2357,2158,2352,2414,2355,2310,2419,2389,2304,2406,2319,2341,2420,2156,2322,2321,2314,2231,2346,2318,2316,2180,2317,2226,2155
2030: 1966,2011,2065,2108,2049,2090,2075,1987,2003
2003: 1987,2030,1966,2036,1995
2004: 2057
2108: 2049,2080,2054,2037,2092,2133,2030,1966,2011,2065
2006: 2068,2020,1999,2033,2059
2708: 2486,2504,1884,1951,2541,1882,1830,1933,2560,2539,2709,2489,1907,2501
2162: 2256,2248,2129,2353,1961,2235,2225,2251,2247,2249,2131,2312,2252,2250,2122,2169,2177,2130,2107,2150,2144,2093,2160,2163,2062,2138,2182,2183,2188,2186,2259,2185,2127
2105: 2367,2168,2399,2479,588,2307,2301,2305,2443,2348,2389,2304,2406,2233,2385,2383,2384,2166,2270,2190,2231,2346,2359,2208
2026: 2119
2011: 2030,1966,2065,2108,2049,2075
2347: 2240,2245,2311,2299,2024,2374,2044,2243,2325,2351,2215,2324,2241,2408,2246,2244,2283,2300,2344,2381,2159,2282,2253,2110,2181,2261,2258,2275,2338,2094
2591: 2625,2589,2796,2557,2849,2907,2890
2015: 1972,1963,1942,1940,1823,1974,1921
2016: 2309,2308,2154,2238,2357,2355,2310,2419,2265,2416,2365,2378,2330,2267,2333,2319,2341,2420,2156,2322,2321,2314,2331,2214,2218,2226,2155,2235,2225,2251,2247,2249,2131,2219,2288,2252,2250,2216
2018: 2061,1998,2036,1995,2027
2611: 2682,2612,2658,2689,2646,2704
2021: 2594,2580,1939,2563,2623,2579,2602
2057: 2004
2795: 2879,2798,2766,2844,2841,2768,2840,2794,2819,2737,2891,2893,2792,2810,2753,2799,2886,2811,2900,2874,2898,2813,2843
2024: 2311,2299,2374,2333,2394,2262,2263,2409,2331,2214,2218,2044,2243,2325,2351,2215,2219,2288,2312,2252,2250,2216,2246,2244,2283,2300,2240,2347
2027: 2036,1995,1972,2061,2018,1998
2146: 2274
2029: 2052,2121,2099,2080,946
2442: 2286,2565,2148,2224,2499,1561,1526
2036: 1995,2027,1987,2003,2061,2018,1998
2037: 2092,2133,2144,2093,2160,2163,2062,2138,2188,2259,2127,2113,2134,2170,2108,2049,2080,2054
2038: 2228,2227,2229,2143,2120,2147,2077,2135,1982,2104,2164,2210,2114,2137,2121,2099
2039: 1977
2040: 2267,2333,2392,915,2465,1701,2410,1671,2265,2416,2365,2378,2330,2394,2262,2263,2409,2266,2331,2214,2218,2299,2374
2699: 527,2728,2731,2710,2678
2043: 2236,2184,2204,2187,2045,2091,2272,2201,2140,2076,2115,568,2090,2075
2044: 2243,2325,2351,2215,2394,2262,2409,2293,2411,2439,2292,2311,2299,2024,2374,2386,2324,2241,2046,2408,2246,2244,2283,2300,2240,2347,2245,2344,2381
2045: 1994,2184,2204,2187,2107,2159,2282,2253,2323,2181,2261,2258,2337,2182,2183,2188,2186,2185,2127,2091,2272,2170,2076,2115,568,2236,2043
2716: 
2346: 2270,2190,2231,2359,2208,2367,2105,2389,2304,2406,2055,2400,2313,2315,2178,2320,2385,2383,2384,2166,2318,2316,2180,2317,2167,2202,2278
2049: 2108,2080,2054,2037,2092,2133,2030,1966,2011,2065
2050: 2087,583,2104,2164,2210,966
2232: 2103,2211,2207,2213,2167,2143,2120,2104,2164,2210
2052: 2029,2121,2099,2080,2054,946
2053: 1973,1947
2054: 2108,2049,2080,2113,2134,2037,2092,2133,2052
2059: 2033,524,2006,2068
2190: 2270,2231,2346,2359,2208,2105,2389,2304,2313,2315,2178,2320,2385,2383,2384,2166,2318,2316,2180,2317,2167,2202,2205,2142,2278,2112
2062: 2163,2138,2122,2169,2177,2130,2162,2256,2248,2129,2107,2150,2144,2093,2160,2188,2259,2185,2127,2037,2133
2809: 2778,2801,2808,2824,2797,2904,2761,2850,2883,2785,2855
2065: 2030,1966,2011,2108,2049,2080,2075
2066: 2335,2271,2395,2193,2277,2002,2345,2405,2332,2391,2422,2474,2196,2191,2237,2529,2428,2132,2329,2197
2067: 1950,2020,1999
2068: 2006,2020,1999,2033,2059
2820: 2757,2787,2771,2511,2817,2842,2791,2750,2765,2794
2070: 2336,1697,1787
2575: 2672,931
2072: 2223,444,2580,1939
2073: 1992,502
2074: 2141,2098
2075: 2090,2076,2115,568,2236,2043,2030,1966,2011,2065
2077: 2147,2135,1982,2142,2122,2169,2143,2120,2144,2093,2160,2228,2038,2227,2229,2114,2137,2113,2134
2144: 2093,2160,2205,2142,2112,2122,2169,2177,2130,2162,2256,2248,2129,2147,2077,2135,1982,2163,2062,2138,2113,2134,2037,2133
2103: 2232,2211,2207,2213,2167,2202,2143,2120,2104,2164,2210
2087: 2050,583,2104,2164,2210,966
2521: 2370
2089: 2338,2094,2245,2344,2381,2110,2261,2275,2337,2193,2277,2002,2345,2405,2281,2279,2339,2196,2191
2091: 2272,2159,2282,2181,2261,2258,2337,2094,1994,2184,2204,2187,2045,2281,2279,2139,2201,2339,2140,2076,2115,568,2236,2043,2280
2092: 2037,2133,2093,2160,2163,2138,2188,2259,2127,2113,2134,2170,2108,2049,2080,2054
2093: 2144,2160,2122,2169,2177,2130,2162,2256,2147,2077,2135,1982,2163,2062,2138,2137,2113,2134,2037,2092,2133
2094: 2338,2089,2240,2347,2245,2381,2342,2110,2181,2261,2258,2275,2337,2193,2277,2002,2345,2405,2091,2272,2281,2279,2139,2201,2339,2140,2196,2191,2237
2095: 2570,966
2096: 2290,2723,2659,2615
2097: 2260,2199,2132,2237,2335,2271,2280,2329,2197,512,2161
2098: 2042,2074,2141
2099: 2121,2228,2038,2227,2229,2114,2137,2113,2134,2570,2052,2029
2101: 2034
2641: 586,2593,2906,514
2202: 2270,2190,2231,2346,2359,2208,2318,2316,2180,2317,2167,2205,2142,2278,2112,2103,2143,2120,2147,2135
2110: 2342,2181,2261,2258,2275,2337,2246,2244,2283,2240,2347,2245,2381,2159,2282,2253,2323,2338,2094,2089,2339
2201: 2281,2279,2139,2339,2140,2181,2261,2258,2337,2338,2094,2193,2002,2091,2272,2196,2191,2237,2236,2043,2280,2199,2132
2112: 2205,2142,2278,2270,2190,2318,2316,2180,2317,2226,2155,2353,1961,2235,2202,2122,2169,2177,2130,2120,2135,2144
2114: 2137,2143,2147,2077,2135,1982,2160,2228,2038,2227,2229,2113,2134,2121,2099
2115: 2076,568,2182,2183,2188,2186,2127,1994,2184,2204,2187,2045,2091,2272,2170,2236,2043,2090,2075
2116: 1985,991
2117: 2206
2119: 2026
2120: 2143,2167,2202,2205,2142,2278,2112,2103,2232,2147,2077,2135,1982,2164,2228,2038,2227,2229
2121: 2099,2228,2038,2227,2229,2114,2137,2113,2134,2052,2029
2122: 2169,2177,2130,2318,2316,2180,2317,2353,1961,2235,2205,2142,2278,2112,2162,2256,2248,2129,2147,2077,2135,1982,2144,2093,2160,2163,2062
2123: 2586,2815,432,2742,2864,2806,2863,2862,2804,2887,2467,2514
2238: 2309,2308,2016,2154,2357,2310,2419,2265,2365,2330,2319,2341,2420,2156,2322,2321,2314,2331,2214,2218,2226,2155,2353,1961,2235,2225,2251,2247,2249,2131,2219,2288,2252,2250,2216
2129: 2162,2256,2248,2226,2155,2353,1961,2235,2225,2251,2247,2249,2131,2219,2288,2312,2252,2250,2122,2169,2177,2130,2107,2150,2144,2163,2062,2138
2130: 2122,2169,2177,2318,2155,2353,1961,2235,2225,2247,2249,2131,2205,2142,2112,2162,2256,2248,2129,2135,1982,2144,2093,2160,2163,2062,2138
2131: 2225,2251,2247,2249,2341,2156,2309,2308,2016,2154,2238,2331,2214,2218,2226,2155,2353,1961,2235,2219,2288,2312,2252,2250,2216,2177,2130,2162,2256,2248,2129,2107,2150
2134: 2113,2147,2077,2135,1982,2144,2093,2160,2114,2137,2037,2092,2133,2121,2099,2080,2054
2135: 2147,2077,1982,2202,2205,2142,2278,2112,2122,2169,2177,2130,2143,2120,2144,2093,2160,2228,2038,2227,2229,2114,2137,2113,2134
2258: 2342,2110,2181,2261,2275,2337,2244,2283,2240,2347,2245,2381,2159,2282,2253,2323,2338,2094,1994,2184,2204,2187,2045,2091,2272,2281,2279,2201,2339,2140
2137: 2114,2143,2147,2077,2135,1982,2093,2160,2228,2038,2227,2229,2113,2134,2121,2099
2138: 2163,2062,2177,2130,2162,2256,2248,2129,2107,2150,2144,2093,2160,2182,2183,2188,2186,2259,2185,2127,2037,2092,2133,2170
2139: 2281,2279,2201,2339,2140,2261,2337,2338,2094,2193,2002,2091,2272,2196,2191,2237,2280,2260,2199,2132
2140: 2281,2279,2139,2201,2339,2181,2261,2258,2337,2338,2094,2002,2091,2272,2191,2237,2236,2043,2280,2132
2141: 2074,2042,2098
2142: 2205,2278,2112,2270,2190,2318,2316,2180,2317,2353,1961,2202,2122,2169,2177,2130,2143,2120,2147,2077,2135,1982,2144,2160
2148: 2224,2498,2499,926,1487,2174,822,2286,2442
2659: 2615,2096,2290,2563,2623
2150: 2107,2225,2251,2247,2249,2131,2219,2288,2312,2252,2250,2216,2246,2244,2283,2300,2162,2256,2248,2129,2159,2282,2253,2323,2163,2062,2138,2182,2183,2188,2186,2259,2185,1994,2184,2187
2151: 2653
2152: 2433,915,2487,2429,2480,2477,2456,2485,2377,2476,2475,2523,2512,2427,2364,2461,2157,2417,2379,2465,2357,2352,2414,2355,2310,2419,2265,2416,2365,2378,2330
2377: 2476,2475,2523,2512,2427,2487,2429,2480,2477,2456,2485,853,1677,2364,2461,2157,2379,2433,2152,915,2465
2154: 2309,2308,2016,2238,2357,2355,2310,2419,2265,2365,2330,2319,2341,2420,2156,2322,2321,2314,2331,2214,2218,2226,2155,2353,1961,2235,2225,2251,2247,2249,2131,2219,2288,2252,2250
2155: 2226,2353,1961,2235,2055,2400,2313,2315,2178,2319,2341,2420,2156,2322,2321,2314,2309,2308,2016,2154,2238,2318,2316,2180,2317,2225,2251,2247,2249,2131,2205,2112,2169,2177,2130,2248,2129
2156: 2319,2341,2420,2322,2321,2314,2357,2158,2414,2355,2310,2419,2265,2365,2330,2055,2400,2313,2315,2178,2309,2308,2016,2154,2238,2318,2316,2180,2226,2155,2353,1961,2235,2225,2251,2247,2131
2157: 2461,2417,2379,2466,2487,2429,2480,2477,2456,2485,2377,2475,2512,2427,2431,2402,2433,2152,915,2403,2415,2356,2357,2158,2352,2414,2355,2310,2419,2265,2416,2365,2378,2330
2158: 2357,2352,2414,2355,2310,2419,2461,2157,2417,2379,2432,2403,2415,2356,2265,2416,2365,2378,2055,2400,2313,2315,2178,2320,2319,2341,2420,2156,2322,2321,2314,2308
2159: 2282,2253,2323,2312,2216,2246,2244,2283,2300,2240,2347,2107,2150,2110,2181,2261,2258,2275,2337,2182,2183,2188,2186,2185,1994,2184,2204,2187,2045,2091,2272
2160: 2144,2093,2142,2122,2169,2177,2130,2162,2256,2147,2077,2135,1982,2163,2062,2138,2114,2137,2113,2134,2037,2092,2133
2161: 2280,2260,2199,2132,2097,2329,2197,512
2164: 2104,2210,2103,2232,2143,2120,2228,2038,2227,2229,2050,2087
2165: 2349,2031,1976
2166: 2385,2383,2384,2348,2367,2105,2389,2304,2233,2270,2190,2231,2346,2359,2208,2211,2207,2213,2167
2167: 2233,2385,2383,2384,2166,2270,2190,2231,2346,2359,2208,2211,2207,2213,2426,2202,2103,2232,2143,2120
2168: 2556,2481,2303,2459,2399,2479,588,2445,2443,2348,2367,2105
2169: 2122,2177,2130,2318,2316,2180,2317,2155,2353,1961,2235,2247,2205,2142,2278,2112,2162,2256,2248,2129,2147,2077,2135,1982,2144,2093,2160,2163,2062
2170: 2163,2138,2182,2183,2188,2186,2259,2185,2127,1994,2184,2204,2187,2045,2037,2092,2133,2076,2115,568
2406: 2389,2304,2399,2479,588,2307,2301,2305,2432,2403,2415,2356,2367,2105,2055,2400,2313,2315,2178,2320,2231,2346,2208,2318,2316,2180
2658: 2612,2630,2564,2609,2682,2689,2611,2704
2173: 2358,916,580
2174: 1487,822,2455,2148,2224,2499
2761: 2904,2850,2883,2797,2881,2778,2809,2808,2834,2741
2734: 2715,2735
2177: 2122,2169,2130,2318,2316,2180,2317,2226,2155,2353,1961,2235,2225,2251,2247,2249,2131,2205,2142,2278,2112,2162,2256,2248,2129,2135,1982,2144,2093,2160,2163,2062,2138
2178: 2055,2400,2313,2315,2320,2357,2158,2355,2389,2304,2406,2319,2341,2420,2156,2322,2321,2314,2270,2190,2231,2346,2318,2316,2180,2317,2226,2155,2353,1961,2235
2179: 2306,2484,2548,2524,2222,2466,2434,2530,2460,2458,1989,2431,2402,2399,2479,2307,2301,2305,2432,2403,2415,2356
2180: 2318,2316,2317,2389,2304,2406,2055,2400,2313,2315,2178,2320,2319,2156,2321,2314,2270,2190,2231,2346,2359,2208,2226,2155,2353,1961,2235,2202,2205,2142,2278,2112,2122,2169,2177
2181: 2342,2110,2261,2258,2275,2337,2246,2244,2283,2240,2347,2245,2381,2159,2282,2253,2323,2338,2094,1994,2184,2204,2187,2045,2091,2272,2201,2339,2140
2182: 2183,2188,2186,2259,2185,2127,2162,2256,2107,2150,2159,2282,2253,2323,2138,1994,2184,2204,2187,2045,2170,2076,2115,568
2183: 2182,2188,2186,2259,2185,2127,2162,2256,2107,2150,2159,2282,2253,2323,2163,2138,1994,2184,2204,2187,2045,2170,2115,568
2184: 1994,2204,2187,2045,2107,2150,2159,2282,2253,2323,2181,2258,2182,2183,2188,2186,2259,2185,2127,2091,2272,2170,2076,2115,568,2043
2185: 2182,2183,2188,2186,2259,2127,2162,2256,2107,2150,2159,2282,2253,2323,2163,2062,2138,1994,2184,2204,2187,2045,2170,568
2186: 2182,2183,2188,2259,2185,2127,2162,2256,2107,2150,2159,2282,2253,2323,2163,2138,1994,2184,2204,2187,2045,2170,2076,2115,568
2187: 1994,2184,2204,2045,2107,2150,2159,2282,2253,2323,2181,2258,2182,2183,2188,2186,2259,2185,2127,2091,2272,2170,2076,2115,568,2043
2188: 2182,2183,2186,2259,2185,2127,2162,2256,2107,2150,2159,2253,2323,2163,2062,2138,1994,2184,2204,2187,2045,2037,2092,2133,2170,2115,568
2189: 1886,2255,1991,2579,2602,1867,1913
2191: 2196,2237,2338,2094,2089,2193,2277,2002,2345,2405,2332,2391,2281,2279,2139,2201,2339,2140,2335,2271,2066,2395,2280,2260,2199,2132,2329,2197
2683: 2682,2657,2612,2675,2700
2193: 2277,2002,2345,2405,2381,2340,2437,2404,2338,2094,2089,2332,2391,2281,2279,2139,2201,2339,2196,2191,2237,2335,2271,2066,2395
2344: 2381,2044,2243,2386,2324,2241,2046,2408,2423,2425,2242,2240,2347,2245,2275,2338,2089,2345
2195: 2435,2544,2451,2382,2340,2437,2332,2422,2474
2196: 2191,2237,2338,2094,2089,2193,2277,2002,2345,2405,2332,2391,2281,2279,2139,2201,2339,2335,2271,2066,2395,2280,2260,2199,2132,2329,2197
2197: 2329,512,2196,2191,2237,2335,2271,2066,2395,2529,2428,2260,2199,2132,2097,2161
2198: 2145,916,580
2199: 2260,2132,2097,2281,2279,2139,2201,2196,2191,2237,2335,2271,2280,2329,2197,2161
2343: 2436
2203: 2393
2204: 1994,2184,2187,2045,2107,2159,2282,2323,2181,2261,2258,2337,2182,2183,2188,2186,2185,2127,2091,2272,2170,2076,2115,568,2236,2043
2205: 2142,2278,2112,2270,2190,2231,2318,2316,2180,2317,2226,2155,2353,1961,2235,2202,2122,2169,2177,2130,2120,2147,2135,2144
2206: 2117
2207: 2211,2213,2426,2233,2384,2166,2366,2167,2031,1976,2103,2232
2208: 2270,2190,2231,2346,2359,2367,2105,2389,2304,2406,2320,2385,2383,2384,2166,2180,2317,2167,2202,2278
2209: 2446,2447,2448,2556,2481
2210: 2104,2164,2103,2232,2143,2228,2038,2227,2229,2050,2087
2211: 2207,2213,2426,2233,2383,2384,2166,2366,2167,2031,1976,2103,2232
2773: 2747,2821,2569,2786,2856,2784,2880,2777,2853,2848,2597,2745,2793,2839,2764
2213: 2211,2207,2426,2233,2385,2383,2384,2166,2366,2167,2031,1976,2103,2232
2214: 2331,2218,2265,2365,2330,2267,2333,2392,2040,2394,2262,2263,2409,2309,2308,2016,2154,2238,2311,2299,2024,2374,2225,2251,2131,2219,2288,2312,2252,2250,2216,2246,2244,2300
2215: 2044,2243,2325,2351,2394,2262,2263,2409,2293,2311,2299,2024,2374,2324,2241,2246,2244,2283,2300,2240,2347,2245,2381
2216: 2219,2288,2312,2252,2250,2309,2016,2238,2331,2214,2218,2311,2299,2024,2374,2225,2251,2247,2249,2131,2246,2244,2283,2300,2107,2150,2159,2282,2253,2323
2217: 2362,2334,2454,2268,2463,2462,2410,2373,2505,2363,2361,2262,2266,2293,2411,2439,2292
2218: 2331,2214,2265,2416,2365,2378,2330,2267,2333,2392,2040,2263,2409,2309,2308,2016,2154,2238,2311,2024,2225,2251,2131,2219,2288,2216
2219: 2288,2312,2252,2250,2216,2309,2308,2016,2154,2238,2331,2214,2218,2311,2024,2225,2251,2247,2249,2131,2246,2244,2300,2256,2248,2129,2107,2150,2253,2323
2353: 2226,2155,1961,2235,2313,2315,2178,2319,2341,2156,2321,2314,2154,2238,2318,2316,2180,2317,2225,2251,2247,2249,2131,2205,2142,2278,2112,2122,2169,2177,2130,2162,2256,2248,2129
2223: 2072,444,2580,1939
2224: 2148,2498,2499,1487,2174,822,2455,2286,2565,2442
2225: 2251,2247,2249,2131,2319,2341,2420,2156,2322,2321,2314,2309,2308,2016,2154,2238,2331,2214,2218,2226,2155,2353,1961,2235,2219,2288,2312,2252,2250,2216,2177,2130,2162,2256,2248,2129,2107,2150
2226: 2155,2353,1961,2235,2055,2313,2315,2178,2319,2341,2420,2156,2322,2321,2314,2309,2308,2016,2154,2238,2318,2316,2180,2225,2251,2247,2249,2131,2205,2112,2177,2248,2129
2227: 2228,2038,2229,2143,2120,2147,2077,2135,1982,2104,2164,2210,2114,2137,2121,2099
2228: 2038,2227,2229,2143,2120,2147,2077,2135,1982,2104,2164,2210,2114,2137,2121,2099
2229: 2228,2038,2227,2143,2120,2147,2077,2135,1982,2104,2164,2210,2114,2137,2121,2099
2437: 2382,2340,2404,2451,2195,2435,2544,2193,2277,2405,2332,2391,2422,2474
2231: 2270,2190,2346,2359,2208,2367,2105,2389,2304,2406,2055,2400,2313,2315,2178,2320,2385,2383,2384,2166,2318,2316,2180,2317,2167,2202,2205,2278
2235: 2226,2155,2353,1961,2313,2178,2319,2341,2420,2156,2322,2321,2314,2309,2308,2016,2154,2238,2318,2316,2180,2225,2251,2247,2249,2131,2205,2112,2122,2169,2177,2130,2162,2256,2248,2129
2236: 2043,2204,2045,2091,2272,2201,2140,2076,2115,568,2280,2090,2075
2237: 2196,2191,2338,2094,2193,2002,2405,2281,2279,2139,2201,2339,2140,2335,2271,2066,2395,2280,2260,2199,2132,2097,2329,2197
2599: 2600,2598,2562,2528
2240: 2347,2245,2311,2299,2024,2374,2044,2243,2325,2351,2215,2324,2241,2408,2246,2244,2283,2300,2344,2381,2159,2282,2253,2110,2181,2261,2258,2275,2337,2338,2094
2241: 2386,2324,2046,2408,2293,2411,2439,2292,2424,2044,2243,2325,2351,2215,2423,2425,2242,2240,2347,2245,2344,2381
2242: 2423,2425,2411,2424,2452,2497,2386,2324,2241,2046,2408,2344,2382,2404
2243: 2044,2325,2351,2215,2394,2262,2263,2409,2266,2293,2411,2439,2292,2311,2299,2024,2374,2386,2324,2241,2046,2408,2246,2244,2240,2347,2245,2344,2381
2244: 2246,2283,2300,2331,2214,2311,2299,2024,2374,2044,2243,2325,2351,2215,2219,2288,2312,2252,2250,2216,2240,2347,2245,2107,2150,2159,2282,2253,2323,2110,2181,2258,2275
2245: 2240,2347,2044,2243,2325,2351,2215,2386,2324,2241,2408,2246,2244,2283,2344,2381,2282,2110,2181,2261,2258,2275,2337,2338,2094,2089
2246: 2244,2283,2300,2331,2214,2311,2299,2024,2374,2044,2243,2325,2351,2215,2219,2288,2312,2252,2250,2216,2240,2347,2245,2107,2150,2159,2282,2253,2323,2110,2181,2275
2247: 2225,2251,2249,2131,2341,2156,2309,2308,2016,2154,2238,2226,2155,2353,1961,2235,2219,2288,2312,2252,2250,2216,2169,2177,2130,2162,2256,2248,2129,2107,2150
2248: 2162,2256,2129,2226,2155,2353,1961,2235,2225,2251,2247,2249,2131,2219,2288,2252,2250,2122,2169,2177,2130,2107,2150,2144,2163,2062,2138,2259
2249: 2225,2251,2247,2131,2309,2016,2154,2238,2331,2226,2155,2353,1961,2235,2219,2288,2312,2252,2250,2216,2177,2130,2162,2256,2248,2129,2107,2150
2250: 2219,2288,2312,2252,2216,2309,2308,2016,2154,2238,2331,2214,2311,2024,2225,2251,2247,2249,2131,2246,2244,2300,2162,2256,2248,2129,2107,2150,2253,2323
2251: 2225,2247,2249,2131,2341,2420,2156,2309,2308,2016,2154,2238,2331,2214,2218,2226,2155,2353,1961,2235,2219,2288,2312,2252,2250,2216,2177,2162,2256,2248,2129,2107,2150
2252: 2219,2288,2312,2250,2216,2309,2016,2154,2238,2331,2214,2311,2024,2225,2251,2247,2249,2131,2246,2244,2300,2162,2256,2248,2129,2107,2150,2253,2323
2253: 2159,2282,2323,2219,2312,2252,2250,2216,2246,2244,2283,2300,2240,2347,2107,2150,2110,2181,2258,2275,2182,2183,2188,2186,2185,1994,2184,2187,2045
2731: 2710,527,2699,2728
2256: 2162,2248,2129,2353,1961,2235,2225,2251,2247,2249,2131,2219,2288,2312,2252,2250,2122,2169,2177,2130,2107,2150,2144,2093,2160,2163,2062,2138,2182,2183,2188,2186,2259,2185,2127
2663: 2661,2633,945,2614,2673,2675,2700
2259: 2182,2183,2188,2186,2185,2127,2162,2256,2248,2107,2150,2323,2163,2062,2138,1994,2184,2187,2037,2092,2133,2170
2260: 2199,2132,2097,2281,2279,2139,2196,2191,2237,2335,2271,2280,2329,2197,512,2161
2262: 2394,2263,2409,2266,2410,1671,2217,2362,2334,2454,2267,2333,2392,2040,2293,2331,2214,2311,2299,2024,2374,2044,2243,2325,2351,2215
2263: 2394,2262,2409,2266,2410,2454,2267,2333,2392,2040,2293,2331,2214,2218,2311,2299,2024,2374,2243,2325,2351,2215
2600: 2598,2562,2599,2528
2265: 2416,2365,2378,2330,2157,2379,2433,2152,915,2357,2158,2352,2414,2355,2310,2419,2267,2333,2392,2040,2319,2341,2420,2156,2322,2321,2309,2308,2016,2154,2238,2331,2214,2218
2266: 2394,2262,2263,2409,2465,1701,2410,1671,2217,2362,2334,2454,2267,2333,2392,2040,2293,2299,2374,2243,2325
2267: 2333,2392,2040,915,2465,2410,2265,2416,2365,2378,2330,2394,2262,2263,2409,2266,2309,2308,2016,2331,2214,2218,2311,2299,2374
2268: 2463,2462,2488,2464,1700,1671,2217,2362,2334,2454,2373,2505,2363,2361
2307: 2301,2305,2460,2458,1989,2459,2179,2306,2431,2399,2479,588,2432,2403,2415,2356,2367,2105,2389,2304,2406,2055,2400,2313,2315,2320
2270: 2190,2231,2346,2359,2208,2105,2389,2304,2313,2315,2178,2320,2385,2383,2384,2166,2318,2316,2180,2317,2167,2202,2205,2142,2278,2112
2271: 2335,2066,2395,2193,2277,2002,2405,2332,2391,2422,2474,2196,2191,2237,2428,2260,2199,2132,2097,2329,2197
2272: 2091,2159,2181,2261,2258,2337,2338,2094,1994,2184,2204,2187,2045,2281,2279,2139,2201,2339,2140,2076,2115,568,2236,2043,2280
2469: 2587,2588,2852,2746,2803,2851,2872,2574,2783,2860,2859,2861,2835,2767
2274: 2146
2275: 2342,2110,2181,2261,2258,2337,2246,2244,2283,2240,2347,2245,2344,2381,2159,2282,2253,2338,2094,2089,2281,2339
2669: 
2277: 2193,2002,2345,2405,2382,2340,2437,2404,2338,2094,2089,2332,2391,2339,2196,2191,2335,2271,2066,2395
2278: 2205,2142,2112,2270,2190,2231,2346,2359,2208,2318,2316,2180,2317,2353,1961,2202,2122,2169,2177,2143,2120,2147,2135
2279: 2281,2139,2201,2339,2140,2261,2258,2337,2338,2094,2089,2193,2002,2345,2091,2272,2196,2191,2237,2280,2260,2199,2132
2280: 2091,2272,2281,2279,2139,2201,2339,2140,2196,2191,2237,2236,2260,2199,2132,2097,2161
2282: 2159,2253,2323,2312,2216,2246,2244,2283,2300,2240,2347,2245,2107,2150,2110,2181,2261,2258,2275,2337,2182,2183,2186,2185,1994,2184,2204,2187,2045,2091
2283: 2246,2244,2300,2311,2024,2044,2351,2215,2312,2216,2240,2347,2245,2107,2150,2159,2282,2253,2323,2110,2181,2261,2258,2275,2337
2345: 2193,2277,2002,2405,2344,2381,2404,2338,2094,2089,2281,2279,2339,2196,2191,2066
2285: 2396
2286: 2565,2442,2148,2224,2498,2499,1561,1526
2287: 2519,485
2288: 2219,2312,2252,2250,2216,2309,2308,2016,2154,2238,2331,2214,2218,2311,2024,2225,2251,2247,2249,2131,2246,2244,2300,2256,2248,2129,2107,2150
2290: 2096,2723,2659,2615
2291: 2438,2373,2505,2363,2361,2388,2411,2439,2424,2452,2497
2292: 2411,2439,2217,2362,2334,2454,2373,2505,2363,2361,2438,2293,2424,2044,2243,2325,2386,2324,2241,2046,2408,2425
2293: 2410,2217,2362,2334,2454,2373,2505,2363,2361,2394,2262,2263,2409,2266,2411,2439,2292,2311,2299,2374,2044,2243,2325,2351,2215,2386,2324,2241,2046
2767: 2783,2860,2859,2861,2835,2597,2746,2803,2851,2872,2587,2469,2588,2839,2818,2764,2744,2807,2796
2601: 2769
2543: 
2439: 2411,2292,2217,2362,2334,2454,2373,2505,2363,2361,2438,2291,2293,2424,2044,2243,2325,2386,2324,2241,2046
2525: 2371,572
2299: 2311,2024,2374,2267,2333,2392,2040,2394,2262,2263,2409,2266,2293,2331,2214,2044,2243,2325,2351,2215,2216,2246,2244,2300,2240,2347
2300: 2246,2244,2283,2331,2214,2311,2299,2024,2374,2044,2351,2215,2219,2288,2312,2252,2250,2216,2240,2347,2107,2150,2159,2282,2253,2323
2301: 2307,2305,2460,2458,1989,2459,2179,2306,2431,2402,2399,2479,588,2432,2403,2415,2356,2367,2105,2389,2304,2406,2055,2400,2320
2741: 2834,536,2881,2761,2845,2894,2895,2833,2873,2776,2876,2847,2882
2303: 2482,2555,2483,2547,2430,2471,2522,2556,2481,2460,2458,1989,2459,2168,2399,2479,588
2304: 2389,2406,2399,2479,588,2307,2301,2305,2432,2403,2367,2105,2055,2400,2313,2315,2178,2320,2385,2383,2166,2270,2190,2231,2346,2359,2208,2318,2316,2180,2317
2305: 2307,2301,2460,2458,1989,2459,2179,2306,2431,2402,2399,2479,588,2432,2403,2415,2356,2367,2105,2389,2304,2406,2055,2400,2315,2320
2306: 2179,2547,2430,2471,2522,2484,2548,2466,2434,2530,2460,2458,1989,2459,2431,2402,2399,2479,588,2307,2301,2305,2432,2403,2415,2356
2308: 2309,2016,2154,2238,2357,2158,2352,2414,2355,2310,2419,2265,2416,2365,2378,2330,2267,2333,2319,2341,2420,2156,2322,2321,2314,2331,2214,2218,2226,2155,2235,2225,2251,2247,2131,2219,2288,2250
2309: 2308,2016,2154,2238,2357,2310,2419,2265,2365,2378,2330,2267,2333,2319,2341,2420,2156,2322,2331,2214,2218,2226,2155,2235,2225,2251,2247,2249,2131,2219,2288,2252,2250,2216
2310: 2357,2158,2352,2414,2355,2419,2461,2157,2417,2379,2433,2152,915,2403,2415,2356,2265,2416,2365,2378,2330,2055,2400,2319,2341,2420,2156,2322,2321,2309,2308,2016,2154,2238
2313: 2055,2400,2315,2178,2320,2307,2357,2158,2355,2389,2304,2406,2319,2341,2420,2156,2322,2321,2314,2270,2190,2231,2346,2318,2316,2180,2317,2226,2155,2353,1961,2235
2314: 2319,2341,2420,2156,2322,2321,2357,2158,2355,2419,2055,2400,2313,2315,2178,2320,2308,2016,2154,2238,2318,2316,2180,2317,2226,2155,2353,1961,2235,2225
2315: 2055,2400,2313,2178,2320,2307,2305,2403,2357,2158,2355,2389,2304,2406,2319,2341,2420,2156,2321,2314,2270,2190,2231,2346,2318,2316,2180,2317,2226,2155,2353,1961
2316: 2318,2180,2317,2389,2304,2406,2055,2400,2313,2315,2178,2320,2319,2341,2156,2321,2314,2270,2190,2231,2346,2226,2155,2353,1961,2235,2202,2205,2142,2278,2112,2122,2169,2177
2317: 2318,2316,2180,2389,2304,2055,2400,2313,2315,2178,2320,2321,2314,2270,2190,2231,2346,2359,2208,2155,2353,1961,2202,2205,2142,2278,2112,2122,2169,2177
2318: 2316,2180,2317,2389,2304,2406,2055,2400,2313,2315,2178,2320,2319,2341,2156,2321,2314,2270,2190,2231,2346,2226,2155,2353,1961,2235,2202,2205,2142,2278,2112,2122,2169,2177,2130
2319: 2341,2420,2156,2322,2321,2314,2432,2403,2415,2356,2357,2158,2352,2414,2355,2310,2419,2265,2365,2055,2400,2313,2315,2178,2320,2309,2308,2016,2154,2238,2318,2316,2180,2226,2155,2353,1961,2235,2225
2320: 2055,2400,2313,2315,2178,2307,2301,2305,2432,2403,2415,2356,2357,2158,2355,2389,2304,2406,2319,2321,2314,2270,2190,2231,2346,2208,2318,2316,2180,2317
2322: 2319,2341,2420,2156,2321,2314,2415,2356,2357,2158,2352,2414,2355,2310,2419,2265,2416,2365,2378,2330,2055,2400,2313,2178,2309,2308,2016,2154,2238,2226,2155,2235,2225
2323: 2159,2282,2253,2219,2312,2252,2250,2216,2246,2244,2283,2300,2107,2150,2110,2181,2258,2182,2183,2188,2186,2259,2185,2127,1994,2184,2204,2187,2045
2324: 2386,2241,2046,2408,2293,2411,2439,2292,2424,2044,2243,2325,2351,2215,2423,2425,2242,2240,2347,2245,2344,2381
2325: 2044,2243,2351,2215,2394,2262,2263,2409,2266,2293,2411,2439,2292,2311,2299,2024,2374,2386,2324,2241,2046,2246,2244,2240,2347,2245,2381
2523: 2377,2476,2475,2512,2427,2487,2429,2480,2477,2456,2485,853,1677,2364,2433,2152,915,2465
2407: 2858,2889,2551
2735: 2727,2734,2715
2329: 2197,512,2196,2191,2237,2335,2271,2066,2395,2428,2260,2199,2132,2097,2161
2330: 2265,2416,2365,2378,2157,2379,2152,915,2357,2310,2419,2267,2333,2392,2040,2341,2420,2156,2322,2309,2308,2016,2154,2238,2331,2214,2218
2331: 2214,2218,2265,2365,2330,2267,2333,2392,2040,2394,2262,2263,2409,2309,2308,2016,2154,2238,2311,2299,2024,2374,2225,2251,2249,2131,2219,2288,2312,2252,2250,2216,2246,2244,2300
2332: 2391,2382,2340,2437,2404,2195,2435,2193,2277,2002,2405,2422,2474,2196,2191,2335,2271,2066,2395,2529,2428
2333: 2267,2392,2040,915,2465,2410,2265,2416,2365,2378,2330,2394,2262,2263,2409,2266,2309,2308,2016,2331,2214,2218,2311,2299,2024,2374
2334: 2217,2362,2454,2488,1700,2268,2463,2462,2410,1671,2373,2505,2363,2361,2394,2262,2266,2293,2411,2439,2292
2335: 2271,2066,2395,2193,2277,2002,2405,2332,2391,2422,2474,2196,2191,2237,2529,2428,2260,2199,2132,2097,2329,2197
2336: 1697,2070,1787
2337: 2342,2110,2181,2261,2258,2275,2283,2240,2245,2381,2159,2282,2338,2094,2089,2204,2045,2091,2272,2281,2279,2139,2201,2339,2140
2338: 2094,2089,2240,2347,2245,2344,2381,2342,2110,2181,2261,2258,2275,2337,2193,2277,2002,2345,2405,2272,2281,2279,2139,2201,2339,2140,2196,2191,2237
2339: 2281,2279,2139,2201,2140,2110,2181,2261,2258,2275,2337,2338,2094,2089,2193,2277,2002,2345,2405,2091,2272,2196,2191,2237,2280,2132
2340: 2382,2437,2404,2451,2195,2435,2544,2193,2277,2405,2332,2391,2422,2474
2341: 2319,2420,2156,2322,2321,2314,2357,2158,2414,2355,2310,2419,2265,2365,2330,2055,2400,2313,2315,2178,2309,2308,2016,2154,2238,2318,2316,2226,2155,2353,1961,2235,2225,2251,2247,2131
2342: 2110,2181,2261,2258,2275,2337,2338,2094
2348: 2445,2443,2168,2399,2479,588,2367,2105,2233,2385,2383,2384,2166
2349: 2165,2031,1976
2350: 1773,918
2351: 2044,2243,2325,2215,2394,2262,2263,2409,2293,2311,2299,2024,2374,2324,2241,2246,2244,2283,2300,2240,2347,2245,2381
2352: 2357,2158,2414,2355,2310,2419,2431,2402,2461,2157,2417,2379,2433,2152,915,2432,2403,2415,2356,2265,2416,2365,2378,2055,2400,2319,2420,2322,2321,2308
2590: 2449,2595,2627,2655,589,2495,2592,2596
2355: 2357,2158,2352,2414,2310,2419,2461,2157,2417,2379,2152,2432,2403,2415,2356,2265,2416,2365,2378,2055,2400,2313,2315,2178,2320,2319,2341,2420,2156,2322,2321,2314,2308,2016,2154
2356: 2432,2403,2415,2179,2306,2431,2402,2461,2157,2417,2379,2307,2301,2305,2357,2158,2352,2414,2355,2310,2419,2406,2055,2400,2320,2319,2420,2322,2321
2357: 2158,2352,2414,2355,2310,2419,2461,2157,2417,2379,2433,2152,2432,2403,2415,2356,2265,2416,2365,2378,2330,2055,2400,2313,2315,2178,2320,2319,2341,2420,2156,2322,2321,2314,2309,2308,2016,2154,2238
2358: 2173,916,580
2359: 2270,2190,2231,2346,2208,2367,2105,2389,2304,2385,2383,2384,2166,2180,2317,2167,2202,2278
2360: 2503
2361: 2373,2505,2363,2268,2463,2462,2217,2362,2334,2454,2438,2291,2293,2411,2439,2292
2362: 2217,2334,2454,2488,2268,2463,2462,2410,2373,2505,2363,2361,2262,2266,2293,2411,2439,2292
2363: 2373,2505,2361,2268,2463,2462,2217,2362,2334,2454,2438,2291,2293,2411,2439,2292
2364: 853,1677,2377,2476,2475,2523,2512,2427,2488,2464,1700,2433,2152,915,2465,1701,2410,1671
2365: 2265,2416,2378,2330,2157,2379,2433,2152,915,2357,2158,2352,2414,2355,2310,2419,2267,2333,2392,2040,2319,2341,2420,2156,2322,2321,2309,2308,2016,2154,2238,2331,2214,2218
2366: 2233,2211,2207,2213,2426,2031,1976
2367: 2105,2168,2399,2479,588,2307,2301,2305,2443,2348,2389,2304,2406,2233,2385,2383,2384,2166,2231,2346,2359,2208
2369: 2473
2370: 2521
2371: 2525,572
2485: 2487,2429,2480,2477,2456,2524,2222,2466,2434,2530,2377,2476,2475,2523,2512,2427,2431,2402,2461,2157,2417,2379,2433,2152
2373: 2505,2363,2361,2268,2463,2462,2217,2362,2334,2454,2438,2291,2293,2411,2439,2292
2374: 2311,2299,2024,2267,2333,2392,2040,2394,2262,2263,2409,2266,2293,2331,2214,2044,2243,2325,2351,2215,2216,2246,2244,2300,2240,2347
2555: 2483,2547,2430,2471,2522,2481,2482,2303,2458,1989,2459
2799: 2752,2819,2737,2891,2893,2795,2879,2798,2766,2844,2886,494
2378: 2265,2416,2365,2330,2461,2157,2417,2379,2433,2152,915,2357,2158,2352,2414,2355,2310,2419,2267,2333,2392,2040,2420,2322,2309,2308,2016,2218
2379: 2461,2157,2417,2466,2487,2429,2480,2456,2485,2377,2475,2512,2427,2402,2433,2152,915,2415,2356,2357,2158,2352,2414,2355,2310,2419,2265,2416,2365,2378,2330
2477: 2487,2429,2480,2456,2485,2524,2222,2466,2377,2476,2475,2523,2512,2427,2402,2461,2157,2433,2152
2381: 2344,2044,2243,2325,2351,2215,2386,2324,2241,2046,2408,2425,2240,2347,2245,2110,2181,2261,2258,2275,2337,2338,2094,2089,2193,2345
2382: 2340,2437,2404,2423,2425,2242,2451,2195,2435,2544,2277,2405,2332,2391
2383: 2385,2384,2166,2348,2367,2105,2389,2304,2233,2270,2190,2231,2346,2359,2208,2211,2213,2167
2384: 2385,2383,2166,2348,2367,2105,2233,2270,2190,2231,2346,2359,2208,2211,2207,2213,2426,2167
2385: 2383,2384,2166,2348,2367,2105,2389,2304,2233,2270,2190,2231,2346,2359,2208,2213,2167
2386: 2324,2241,2046,2408,2293,2411,2439,2292,2424,2044,2243,2325,2423,2425,2242,2245,2344,2381
2466: 2524,2222,2434,2530,2484,2548,2487,2429,2480,2477,2456,2485,2179,2306,2431,2402,2461,2157,2417,2379
2388: 2438,2291,2424,2452,2497
2389: 2304,2406,2399,2479,588,2307,2301,2305,2432,2403,2367,2105,2055,2400,2313,2315,2178,2320,2385,2383,2166,2270,2190,2231,2346,2359,2208,2318,2316,2180,2317
2524: 2222,2466,2434,2530,2484,2548,2487,2429,2480,2477,2456,2485,2179,2431,2402,2461,2417
2391: 2332,2382,2340,2437,2404,2435,2193,2277,2002,2405,2422,2474,2196,2191,2335,2271,2066,2395,2529,2428
2392: 2267,2333,2040,915,2465,2410,1671,2265,2416,2365,2378,2330,2394,2262,2263,2409,2266,2331,2214,2218,2299,2374
2393: 2203
2394: 2262,2263,2409,2266,2410,2334,2454,2267,2333,2392,2040,2293,2331,2214,2311,2299,2024,2374,2044,2243,2325,2351,2215
2395: 2335,2271,2066,2193,2277,2002,2405,2332,2391,2422,2474,2196,2191,2237,2529,2428,2329,2197
2396: 2285,2584,2545
2488: 2464,1700,853,1677,2364,2268,2463,2462,2465,2410,1671,2362,2334,2454
2398: 2573
2399: 2479,588,2303,2460,2458,1989,2459,2179,2306,2168,2307,2301,2305,2445,2443,2348,2367,2105,2389,2304,2406
2570: 2095,2099,966
2402: 2431,2484,2548,2524,2222,2466,2434,2530,2487,2429,2480,2477,2456,2485,2179,2306,2461,2157,2417,2379,2301,2305,2432,2403,2415,2356,2352,2414
2403: 2432,2415,2356,2179,2306,2431,2402,2461,2157,2417,2307,2301,2305,2357,2158,2352,2414,2355,2310,2389,2304,2406,2055,2400,2315,2320,2319,2321
2404: 2382,2340,2437,2423,2425,2242,2544,2193,2277,2345,2405,2332,2391
2405: 2193,2277,2002,2345,2382,2340,2437,2404,2338,2094,2089,2332,2391,2281,2339,2196,2191,2237,2335,2271,2066,2395
2408: 2386,2324,2241,2046,2411,2292,2424,2044,2243,2423,2425,2242,2240,2347,2245,2344,2381
2409: 2394,2262,2263,2266,2410,2454,2267,2333,2392,2040,2293,2331,2214,2218,2311,2299,2024,2374,2044,2243,2325,2351,2215
2410: 1701,1671,2364,2488,2464,1700,2462,2465,2217,2362,2334,2454,2267,2333,2392,2040,2394,2262,2263,2409,2266,2293
2411: 2439,2292,2217,2362,2334,2454,2373,2505,2363,2361,2438,2291,2293,2424,2044,2243,2325,2386,2324,2241,2046,2408,2423,2425,2242
2593: 2641,586,2906,514
2560: 1933,2539,2709,1951,2541,2516,2559,2486,2504,2708,2501
2414: 2357,2158,2352,2355,2310,2419,2431,2402,2461,2157,2417,2379,2433,2152,915,2432,2403,2415,2356,2265,2416,2365,2378,2055,2400,2319,2341,2420,2156,2322,2321,2308
2415: 2432,2403,2356,2179,2306,2431,2402,2461,2157,2417,2379,2307,2301,2305,2357,2158,2352,2414,2355,2310,2419,2406,2055,2400,2320,2319,2420,2322,2321
2416: 2265,2365,2378,2330,2461,2157,2417,2379,2433,2152,915,2465,2357,2158,2352,2414,2355,2310,2419,2267,2333,2392,2040,2420,2322,2308,2016,2218
2417: 2461,2157,2379,2524,2222,2466,2434,2530,2487,2429,2480,2456,2485,2431,2402,2433,2152,2432,2403,2415,2356,2357,2158,2352,2414,2355,2310,2419,2416,2378
2886: 2737,2891,2795,2879,2798,2766,2844,2792,2810,2753,2799,2811,2900,2874,2898,2813,2843,494
2419: 2357,2158,2352,2414,2355,2310,2461,2157,2417,2379,2433,2152,915,2415,2356,2265,2416,2365,2378,2330,2055,2319,2341,2420,2156,2322,2321,2314,2309,2308,2016,2154,2238
2420: 2319,2341,2156,2322,2321,2314,2415,2356,2357,2158,2352,2414,2355,2310,2419,2265,2416,2365,2378,2330,2055,2400,2313,2315,2178,2309,2308,2016,2154,2238,2226,2155,2235,2225,2251
2422: 2474,2340,2437,2195,2435,2332,2391,2335,2271,2066,2395,2529,2428
2423: 2425,2242,2411,2424,2452,2497,2386,2324,2241,2046,2408,2344,2382,2404
2424: 2438,2291,2388,2411,2439,2292,2452,2497,2386,2324,2241,2046,2408,2423,2425,2242
2425: 2423,2242,2411,2292,2424,2452,2497,2386,2324,2241,2046,2408,2344,2381,2382,2404
2426: 2211,2207,2213,2233,2384,2366,2167,2031,1976
2427: 2377,2476,2475,2523,2512,2487,2429,2480,2477,2456,2485,853,1677,2364,2157,2379,2433,2152,915,2465
2428: 2529,2332,2391,2422,2474,2335,2271,2066,2395,2329,2197
2429: 2487,2480,2477,2456,2485,2524,2222,2466,2434,2377,2476,2475,2523,2512,2427,2431,2402,2461,2157,2417,2379,2433,2152,915
2430: 2547,2471,2522,2555,2483,2484,2548,2482,2303,2460,2458,1989,2459,2306
2431: 2402,2484,2548,2524,2222,2466,2434,2530,2487,2429,2480,2456,2485,2179,2306,2461,2157,2417,2307,2301,2305,2432,2403,2415,2356,2352,2414
2432: 2403,2415,2356,2179,2306,2431,2402,2461,2417,2307,2301,2305,2357,2158,2352,2414,2355,2389,2304,2406,2055,2400,2320,2319,2321
2433: 2152,915,2487,2429,2480,2477,2456,2485,2377,2476,2475,2523,2512,2427,2364,2461,2157,2417,2379,2465,2357,2352,2414,2310,2419,2265,2416,2365,2378
2434: 2524,2222,2466,2530,2484,2548,2487,2429,2456,2485,2179,2306,2431,2402,2461,2417
2435: 2195,2544,2451,2382,2340,2437,2332,2391,2422,2474
2436: 2343
2438: 2291,2373,2505,2363,2361,2388,2411,2439,2292,2424,2452,2497
2471: 2547,2430,2522,2555,2483,2484,2548,2482,2303,2460,2458,1989,2459,2306
2441: 2507,509,2451,540
2443: 2445,2348,2168,2399,2479,588,2367,2105,2233
2444: 2491
2445: 2443,2348,2168,2399,588,2233
2446: 2447,2209,2448,455,2556,2481
2447: 2446,2209,2448,2556,2481
2448: 455,2446,2447,2209,2556,2481
2449: 2595,2627,2590,2655,589,2495,2592,2596
2450: 2561
2451: 2441,2507,2382,2340,2437,2195,2435,2544
2452: 2497,2438,2291,2388,2424,2423,2425,2242
2454: 2217,2362,2334,2488,1700,2268,2462,2410,1671,2373,2505,2363,2361,2394,2262,2263,2409,2266,2293,2411,2439,2292
2455: 1487,2174,822,2224,2499
2456: 2487,2429,2480,2477,2485,2524,2222,2466,2434,2530,2377,2476,2475,2523,2512,2427,2431,2402,2461,2157,2417,2379,2433,2152
2652: 2604,501
2458: 2460,1989,2459,2555,2547,2430,2471,2522,2482,2303,2179,2306,2399,2479,588,2307,2301,2305
2459: 2460,2458,1989,2555,2430,2471,2522,2482,2303,2306,2168,2399,2479,588,2307,2301,2305
2460: 2458,1989,2459,2547,2430,2471,2522,2484,2482,2303,2179,2306,2399,2479,588,2307,2301,2305
2461: 2157,2417,2379,2524,2222,2466,2434,2530,2487,2429,2480,2477,2456,2485,2377,2475,2512,2431,2402,2433,2152,2432,2403,2415,2356,2357,2158,2352,2414,2355,2310,2419,2416,2378
2462: 2268,2463,2488,2464,1700,2410,1671,2217,2362,2334,2454,2373,2505,2363,2361
2463: 2268,2462,2488,2464,2217,2362,2334,2373,2505,2363,2361
2464: 2488,1700,853,1677,2364,2268,2463,2462,2465,2410,1671
2465: 2377,2476,2523,2512,2427,853,1677,2364,2488,2464,1700,2433,2152,915,1701,2410,1671,2416,2267,2333,2392,2040,2266
2467: 2804,2887,2514,2742,2864,2123,2586,2815,2806,2863,2862,2777,2853,2852,2802
2468: 2566,450,2772
2542: 2125
2473: 2369
2474: 2422,2340,2437,2195,2435,2332,2391,2335,2271,2066,2395,2529,2428
2475: 2377,2476,2523,2512,2427,2487,2429,2480,2477,2456,2485,853,1677,2364,2461,2157,2379,2433,2152,915
2476: 2377,2475,2523,2512,2427,2487,2429,2480,2477,2456,2485,853,1677,2364,2433,2152,915,2465
2479: 2399,588,2303,2460,2458,1989,2459,2179,2306,2168,2307,2301,2305,2443,2348,2367,2105,2389,2304,2406
2480: 2487,2429,2477,2456,2485,2524,2222,2466,2377,2476,2475,2523,2512,2427,2431,2402,2461,2157,2417,2379,2433,2152,915
2481: 2556,2448,2555,2446,2447,2209,2482,2303,2168
2482: 2303,2555,2483,2547,2430,2471,2522,2556,2481,2460,2458,1989,2459
2483: 2555,2547,2430,2471,2522,2482,2303
2484: 2548,2547,2430,2471,2522,2524,2222,2466,2434,2530,2460,2179,2306,2431,2402
2486: 2504,1884,2708,1951,2541,1882,1830,1933,2560,2489,1907,1874,2540,2501
2487: 2429,2480,2477,2456,2485,2524,2222,2466,2434,2530,2377,2476,2475,2523,2512,2427,2431,2402,2461,2157,2417,2379,2433,2152
2489: 1907,1874,2540,1882,1830,2486,2504,1884,2708,927
2710: 2731,527,2699,2728
2491: 2444
2566: 2468,450,2772
2813: 2811,2900,2874,2898,2843,2795,2844,2792,2810,2753,2788,2884,2886,2822,2738,494
2685: 
2495: 2592,589,2449,2595,2627,2590,2655,2596
2496: 1915,927,1717,1796
2497: 2452,2438,2291,2388,2424,2423,2425,2242
2498: 2148,2224,2499,926,1487,822,2286
2499: 2148,2224,2498,1487,2174,822,2455,2286,2565,2442
2579: 2602,2021,2594,2563,2623,1867,2189,2255
2501: 2516,2559,1933,2560,2539,2709,2486,2504,1884,2708
2595: 2449,2627,2590,2655,589,2495,2592,2596
2503: 2360
2504: 2486,1884,2708,1951,2541,1882,1830,1933,2560,2539,2709,2489,1907,2501
2505: 2373,2363,2361,2268,2463,2462,2217,2362,2334,2454,2438,2291,2293,2411,2439,2292
2563: 2623,2659,2021,2594,2579,2602,1867
2507: 2441,509,2451,540
2738: 2822,2792,2810,2753,2788,2884,2743,486,2789,2811,2900,2874,2898,2813,2843,2823,2755
2509: 2571
2704: 2646,2612,2658,2689,2611
2511: 2749,2748,2757,2787,2771,2745,2793,2820,2765
2512: 2377,2476,2475,2523,2427,2487,2429,2480,2477,2456,2485,853,1677,2364,2461,2157,2379,2433,2152,915,2465
2564: 2609,2637,2613,2630,2610,2658,2689
2514: 2804,2887,2467,2742,2864,2123,2586,2815,2806,2863,2862,2852,2802
2727: 2729,2735,2732
2516: 2559,2528,1951,2541,2648,1933,2560,2539,2501
2613: 2637,977,2630,2564,2609,2610
2614: 2673,2661,2633,2663,2692,2722,2675,2700,2721,2674,2687,2642
2519: 2287,485
2528: 2600,2598,2562,2599,2610,2648,2516,2559
2529: 2428,2332,2391,2422,2474,2335,2066,2395,2197
2530: 2524,2222,2466,2434,2484,2548,2487,2456,2485,2179,2306,2431,2402,2461,2417
2539: 1933,2560,2709,1951,2541,2516,2559,2504,2708,2501
2534: 2568,472
2661: 2633,2663,945,2614,2673,2675,2700
2664: 560,2723
2677: 2607,1792,1728
2586: 2123,2815,432,2742,2864,2806,2863,2862,2804,2887,2467,2514
2545: 2584,2396
2571: 995,2509
2547: 2430,2471,2522,2555,2483,2484,2548,2482,2303,2460,2458,1989,2306
2548: 2484,2547,2430,2471,2524,2222,2466,2434,2530,2179,2306,2431,2402
2549: 
2550: 
2551: 2858,2407,2889
2692: 2722,2614,2673,551,932,2721,2674
2556: 2481,2448,2446,2447,2209,2482,2303,2168
2557: 2849,2907,2890,2744,2807,2796,2591,2625,2589
2561: 2450
2562: 2600,2598,2599,2528
2565: 2286,2442,2224,2499,1561,1526
2568: 2534,472
2569: 2821,2786,2856,2785,2855,2784,2880,2748,2747,2773
2572: 2624,1717,1796,1793
2573: 2398
2574: 2587,2469,2588
2576: 2690,2660
2584: 2545,2396
2587: 2469,2588,2746,2803,2851,2872,2574,2783,2860,2859,2861,2835,2767
2592: 2495,589,2449,2595,2627,2590
2594: 2021,2580,1939,2563,2623,2579,2602
2596: 2495,2449,2595,2627,2590,2655
2597: 2777,2853,2848,2852,2802,2747,2773,2746,2803,2851,2872,2745,2839,2818,2764,2783,2860,2859,2861,2835,2767
2598: 2600,2562,2599,2528
2824: 2778,2801,2809,2808,2797,2785,2855
2607: 2677,1792,1728
2721: 2674,2692,2722,2614,2673,2675,2700,2687,2642
2609: 2564,2637,2613,2630,2610,2658,2689
2610: 2637,2613,2564,2609,2528,2689,2648
2747: 2773,2569,2786,2856,2784,2880,2777,2853,2848,2597,2745,2793,2839,2764
2713: 1820,2729
2623: 2563,2659,2615,2021,2594,2579,2602,1867
2624: 2572,1717,1796,1793
2625: 2591,2589,2796,2557,2849,2907,2890
2673: 2614,2661,2633,2663,2692,2722,2675,2700,2721,2674,2687,2642
2627: 2449,2595,2590,2655,589,2495,2592,2596
2682: 2683,2657,2630,2612,2658,2611
2775: 2760,2785,2855,2847,2882,2805,2854,2779,2757,2771
2630: 2637,2613,2564,2609,2682,2612,2658,2689
2655: 2449,2595,2627,2590,589,2495,2596
2672: 2575,931
2633: 2661,2663,945,2614,2673,2675
2771: 2757,2787,2775,2760,2748,2749,2511,2817,2791,2750,2820
2642: 2687,2614,2673,2675,2700,2721,2674,2694
2902: 2871,2869,2870,2865,1953,2867,2866,2868,555,1825,1603,1583
2690: 2660,2576
2646: 2704,2689,2611
2647: 2648
2648: 2610,2528,2516,2559,2647
2675: 2700,2661,2633,2663,2683,2657,2614,2673,2721,2674,2687,2642,2694
2736: 406,2684
2737: 2819,2891,2893,2875,2825,2899,2857,2827,2841,2768,2901,2840,2752,2795,2879,2798,2766,2844,2799,2886
2743: 486,2789,2788,2884,2822,2738
2744: 2807,2839,2818,2764,2835,2767,2796,2557,2849,2907,2890
2745: 2793,2747,2773,2597,2749,2511,2839,2764
2746: 2803,2851,2872,2777,2853,2848,2852,2802,2597,2587,2469,2588,2839,2818,2764,2783,2860,2859,2861,2835,2767
2748: 2821,2569,2856,2757,2787,2771,2749,2511
2749: 2511,2748,2757,2787,2771,2745,2793,2765
2750: 2817,2842,2791,2805,2846,2757,2787,2771,2756,2838,2820,2841,2768,2840,2794
2798: 2795,2879,2766,2844,2841,2768,2901,2840,2794,2819,2737,2891,2893,2792,2799,2886,2811,2900
2752: 2897,2826,2875,2825,2899,2857,2903,2770,2827,2841,2768,2901,2840,2819,2737,2891,2893,2799
2793: 2745,2747,2773,2749,2511,2839,2764
2755: 2823,2822,2738
2756: 2533,2836,2838,2780,2832,2805,2854,2779,2846,2829,2892,2888,2878,2828,2758,2837,2817,2842,2791,2750,2825,2827,2841,2768,2840
2757: 2787,2771,2775,2760,2748,2749,2511,2817,2791,2750,2820
2758: 2892,2888,2878,2828,2837,2896,2905,2780,2832,2877,2831,2805,2854,2779,2846,2829,2830,2885,2756,2533,2836,2838,2826,2875,2825,2903,2770
2850: 2904,2761,2883,2797,2881,2809,2808,2834
2762: 2707,459,948
2819: 2737,2891,2893,2875,2825,2899,2857,2903,2770,2827,2841,2768,2901,2840,2752,2795,2879,2798,2766,2799
2765: 2787,2749,2511,2820,2794
2766: 2795,2879,2798,2844,2827,2841,2768,2901,2840,2794,2819,2737,2891,2893,2792,2810,2753,2799,2886,2811,2900,2898,2843
2769: 2601
2772: 432,2468,2566,2742,2864,2806,2863,2862
2776: 2895,2833,2873,2876,2741,2845,2894,2847,2882,2780,2832,2877,2831,2805,2854,2779,2846,2829
2777: 2853,2848,2806,2863,2862,2804,2887,2467,2784,2880,2852,2802,2747,2773,2597,2746
2778: 2801,2809,2808,2824,2797,2761,2883,2785,2855
2779: 2805,2854,2846,2829,2833,2873,2776,2876,2847,2882,2775,2760,2780,2832,2877,2831,2892,2888,2878,2828,2758,2837,2756,2533,2836,2838,2817,2791
2780: 2832,2877,2831,2845,2894,2895,2833,2873,2776,2876,2847,2882,2805,2854,2779,2846,2829,2830,2885,2892,2888,2878,2828,2758,2837,2896,2905,2756,2533,2836,2838
2900: 2811,2874,2898,2813,2843,2795,2879,2798,2766,2844,2792,2810,2753,2886,2822,2738,494
2783: 2860,2859,2861,2835,2767,2597,2746,2803,2851,2872,2587,2469,2588,2839,2818,2764,2796
2784: 2880,2821,2569,2786,2856,2777,2853,2848,2747,2773
2785: 2855,2778,2801,2809,2808,2824,2821,2569,2786,2775
2786: 2821,2569,2856,2785,2784,2880,2747,2773
2787: 2757,2771,2748,2749,2511,2817,2791,2750,2820,2765
2788: 2884,2794,2792,2810,2753,2743,486,2789,2874,2898,2813,2843,2822,2738
2789: 2743,486,2788,2884,2822,2738
2792: 2810,2753,2794,2795,2879,2798,2766,2844,2788,2884,2886,2811,2900,2874,2898,2813,2843,2822,2738
2794: 2750,2820,2765,2795,2879,2798,2766,2844,2792,2810,2753,2788,2884
2797: 2881,2904,2761,2850,2883,2778,2801,2809,2808,2824
2802: 2852,2806,2863,2862,2804,2887,2467,2514,2777,2853,2848,2597,2746,2803,2851,2588
2803: 2746,2851,2872,2852,2802,2597,2587,2469,2588,2818,2783,2860,2859,2861,2835,2767
2804: 2887,2467,2514,2742,2864,2123,2586,2815,2806,2863,2862,2777,2853,2852,2802
2805: 2854,2779,2846,2829,2873,2776,2847,2882,2775,2760,2780,2832,2877,2831,2892,2758,2837,2756,2533,2836,2838,2817,2842,2791,2750
2806: 2863,2862,2772,2742,2864,2123,2586,2815,2804,2887,2467,2514,2777,2853,2848,2852,2802
2807: 2744,2839,2818,2764,2835,2767,2796,2557,2849,2907,2890
2810: 2792,2753,2794,2795,2766,2844,2788,2884,2886,2811,2900,2874,2898,2813,2843,2822,2738
2882: 2847,2741,2895,2833,2873,2776,2876,2775,2760,2780,2832,2877,2831,2805,2854,2779,2846,2829
2842: 2817,2791,2750,2805,2846,2756,2533,2836,2838,2820,2827,2841,2768,2901,2840
2815: 2123,2586,432,2742,2864,2806,2863,2862,2804,2887,2467,2514
2905: 2892,2888,2878,2828,2758,2837,2896,2780,2832,2877,2829,2830,2885,2533,2836,2838,2897,2826,2875,2825,2899,2857,2903,2770,2827,2901
2817: 2842,2791,2750,2805,2854,2779,2846,2829,2757,2787,2771,2756,2533,2836,2838,2820,2841,2768,2840
2821: 2569,2786,2856,2785,2855,2784,2880,2748,2773
2825: 2875,2899,2857,2903,2770,2830,2885,2892,2888,2878,2828,2758,2837,2896,2905,2756,2533,2836,2838,2897,2826,2827,2841,2768,2901,2840,2752,2819,2737,2891,2893
2826: 2897,2830,2885,2892,2888,2878,2828,2758,2837,2896,2905,2875,2825,2899,2857,2903,2770,2752
2827: 2841,2768,2901,2840,2892,2888,2878,2828,2837,2896,2905,2756,2533,2836,2838,2842,2875,2825,2899,2857,2903,2770,2752,2819,2737,2891,2893,2766
2828: 2892,2888,2878,2758,2837,2896,2905,2780,2832,2877,2831,2854,2779,2846,2829,2830,2885,2756,2533,2836,2838,2897,2826,2875,2825,2857,2903,2770,2827
2829: 2805,2854,2779,2846,2833,2873,2776,2876,2847,2882,2780,2832,2877,2831,2892,2888,2878,2828,2758,2837,2896,2905,2756,2533,2836,2838,2817,2791
2830: 2885,2780,2832,2877,2831,2892,2888,2878,2828,2758,2837,2896,2905,2897,2826,2875,2825,2903,2770
2831: 2780,2832,2877,2845,2894,2895,2833,2873,2776,2876,2847,2882,2805,2854,2779,2829,2830,2885,2892,2888,2828,2758,2533,2836
2832: 2780,2877,2831,2894,2833,2873,2776,2876,2847,2882,2805,2854,2779,2846,2829,2830,2885,2892,2888,2878,2828,2758,2837,2905,2756,2533,2836,2838
2833: 2895,2873,2776,2876,2741,2845,2894,2847,2882,2780,2832,2877,2831,2854,2779,2829
2834: 2741,536,2881,2904,2761,2850,2883,2845,2894,2895
2835: 2783,2860,2859,2861,2767,2597,2746,2803,2851,2872,2587,2469,2588,2839,2818,2764,2744,2807,2796
2836: 2756,2533,2838,2780,2832,2877,2831,2805,2854,2779,2846,2829,2892,2888,2878,2828,2758,2837,2896,2905,2817,2842,2791,2875,2825,2857,2903,2770,2827,2841,2768,2901,2840
2837: 2892,2888,2878,2828,2758,2896,2905,2780,2832,2877,2805,2854,2779,2846,2829,2830,2885,2756,2533,2836,2838,2897,2826,2875,2825,2899,2857,2903,2770,2827,2841,2768,2901,2840
2838: 2756,2533,2836,2780,2832,2805,2854,2779,2846,2829,2892,2888,2878,2828,2758,2837,2896,2905,2817,2842,2791,2750,2875,2825,2857,2903,2770,2827,2841,2768,2901,2840
2839: 2818,2764,2747,2773,2597,2746,2872,2745,2793,2783,2860,2835,2767,2744,2807
2840: 2827,2841,2768,2901,2878,2837,2756,2533,2836,2838,2817,2842,2791,2750,2875,2825,2899,2857,2752,2819,2737,2891,2893,2795,2798,2766
2841: 2827,2768,2901,2840,2878,2837,2756,2533,2836,2838,2817,2842,2791,2750,2875,2825,2899,2857,2770,2752,2819,2737,2891,2893,2795,2879,2798,2766,2844
2843: 2811,2900,2874,2898,2813,2795,2879,2766,2844,2792,2810,2753,2788,2884,2886,2822,2738,494
2844: 2795,2879,2798,2766,2841,2794,2737,2891,2792,2810,2753,2799,2886,2811,2900,2874,2898,2813,2843
2845: 2894,2834,2741,2895,2833,2873,2776,2876,2780,2877,2831
2846: 2805,2854,2779,2829,2873,2776,2847,2882,2780,2832,2892,2888,2878,2828,2758,2837,2756,2533,2836,2838,2817,2842,2791,2750
2847: 2882,2741,2895,2833,2873,2776,2876,2775,2760,2780,2832,2877,2831,2805,2854,2779,2846,2829
2848: 2777,2853,2806,2863,2887,2784,2880,2852,2802,2747,2773,2597,2746,2872
2849: 2557,2907,2890,2744,2807,2796,2591,2625,2589
2853: 2777,2848,2806,2863,2862,2804,2887,2467,2784,2880,2852,2802,2747,2773,2597,2746
2854: 2805,2779,2846,2829,2895,2833,2873,2776,2876,2847,2882,2775,2760,2780,2832,2877,2831,2892,2888,2878,2828,2758,2837,2756,2533,2836,2838,2817,2791
2855: 2785,2778,2801,2809,2808,2824,2821,2569,2775,2760
2856: 2821,2569,2786,2784,2880,2748,2747,2773
2857: 2875,2825,2899,2903,2770,2888,2878,2828,2837,2896,2905,2533,2836,2838,2897,2826,2827,2841,2768,2901,2840,2752,2819,2737,2891,2893
2858: 2407,2889,2551
2859: 2783,2860,2861,2835,2767,2597,2746,2803,2851,2872,2587,2469,2588,2818,2796
2860: 2783,2859,2861,2835,2767,2597,2746,2803,2851,2872,2587,2469,2588,2839,2818,2764,2796
2861: 2783,2860,2859,2835,2767,2597,2746,2803,2851,2872,2587,2469,2588,2818,2796
2862: 2806,2863,2772,2742,2864,2123,2586,2815,2804,2887,2467,2514,2777,2853,2852,2802
2863: 2806,2862,2772,2742,2864,2123,2586,2815,2804,2887,2467,2514,2777,2853,2848,2852,2802
2865: 2871,2869,2870,2902,1953,2867,2866,2868,1825,1603,1583
2866: 1953,2867,2868,2871,2869,2870,2865,2902,1825,1603,1583
2867: 1953,2866,2868,2871,2869,2870,2865,2902,1825,1603,1583
2868: 1953,2867,2866,2871,2869,2870,2865,2902,1825,1603,1583
2869: 2871,2870,2865,2902,1953,2867,2866,2868,555,1825,1603,1583
2870: 2871,2869,2865,2902,1953,2867,2866,2868,555,1825,1603,1583
2871: 2869,2870,2865,2902,1953,2867,2866,2868,555,1825,1603,1583
2872: 2746,2803,2851,2848,2597,2587,2469,2588,2839,2818,2764,2783,2860,2859,2861,2835,2767
2874: 2811,2900,2898,2813,2843,2795,2844,2792,2810,2753,2788,2884,2886,2822,2738,494
2875: 2825,2899,2857,2903,2770,2830,2885,2892,2888,2878,2828,2758,2837,2896,2905,2533,2836,2838,2897,2826,2827,2841,2768,2901,2840,2752,2819,2737,2891,2893
2876: 2895,2833,2873,2776,2741,2845,2894,2847,2882,2780,2832,2877,2831,2854,2779,2829
2879: 2795,2798,2766,2844,2841,2768,2794,2819,2737,2891,2893,2792,2753,2799,2886,2811,2900,2843
2880: 2784,2821,2569,2786,2856,2777,2853,2848,2747,2773
2881: 2797,536,2904,2761,2850,2883,2834,2741
2883: 2904,2761,2850,2797,2881,2778,2809,2808,2834
2884: 2788,2794,2792,2810,2753,2743,486,2789,2874,2898,2813,2843,2822,2738
2885: 2830,2780,2832,2877,2831,2892,2888,2878,2828,2758,2837,2896,2905,2897,2826,2875,2825,2903,2770
2887: 2804,2467,2514,2742,2864,2123,2586,2815,2806,2863,2862,2777,2853,2848,2852,2802
2888: 2892,2878,2828,2758,2837,2896,2905,2780,2832,2877,2831,2854,2779,2846,2829,2830,2885,2756,2533,2836,2838,2897,2826,2875,2825,2899,2857,2903,2770,2827,2901
2889: 2858,2407,2551
2890: 2557,2849,2907,2744,2807,2796,2591,2625,2589
2891: 2819,2737,2893,2875,2825,2899,2857,2827,2841,2768,2901,2840,2752,2795,2879,2798,2766,2844,2799,2886
2892: 2888,2878,2828,2758,2837,2896,2905,2780,2832,2877,2831,2805,2854,2779,2846,2829,2830,2885,2756,2533,2836,2838,2897,2826,2875,2825,2903,2770,2827
2893: 2819,2737,2891,2875,2825,2899,2857,2903,2770,2827,2841,2768,2901,2840,2752,2795,2879,2798,2766,2799
2894: 2845,2834,2741,2895,2833,2873,2776,2876,2780,2832,2877,2831
2895: 2833,2873,2776,2876,2834,2741,2845,2894,2847,2882,2780,2877,2831,2854
2896: 2892,2888,2878,2828,2758,2837,2905,2780,2877,2829,2830,2885,2533,2836,2838,2897,2826,2875,2825,2899,2857,2903,2770,2827
2897: 2826,2830,2885,2892,2888,2878,2828,2837,2896,2905,2875,2825,2899,2857,2903,2770,2752
2898: 2811,2900,2874,2813,2843,2795,2766,2844,2792,2810,2753,2788,2884,2886,2822,2738,494
2899: 2875,2825,2857,2903,2770,2888,2878,2837,2896,2905,2533,2897,2826,2827,2841,2768,2901,2840,2752,2819,2737,2891,2893
2903: 2875,2825,2899,2857,2770,2830,2885,2892,2888,2878,2828,2758,2837,2896,2905,2533,2836,2838,2897,2826,2827,2901,2752,2819,2893
2904: 2761,2850,2883,2797,2881,2809,2834
2906: 2641,586,2593,514
2907: 2557,2849,2890,2744,2807,2796,2591,2625,2589