1574: 1605
639: 505,509
1068: 1069,1067,237,1063,1065,1083,965
1141: 1100
1543: 1349,1482,1578,1554,1479,1501,1376
566: 405
949: 
1581: 1562
1445: 1530
1126: 1011,1020,1162,153,1128,1136,1037,492
977: 
1519: 1564,1531,1499,1571,959,1558,1537,1450,1476,1430,1419,1557
1373: 1394,1415,1467,952,1365,1379,1476,1430,1419,1557,1525,1459,1506,1478,985,1345,1317,1431,1346,1393,1426,1316,323
1572: 1527,1566
1394: 1373,1415,1467,1365,1379,1525,1459,985,1345,1317,1431,1346,1393,1426,1316,323
15: 746
754: 69
1459: 1525,952,1365,1379,1456,1387,1373,1394,1415,1467,985,1345,1317,1431,1346
1509: 1357,985,1345,1317,1431,1346,1464,1393,1426,1448,1472,1428
583: 
1566: 1527,1572
1376: 1501,1430,1554,1479,1349,1543,1482,1506,1478,1464,1393,1426,1316,323,1425,1461,1474,1514
900: 455
1520: 1435,1495,1456,1387
1337: 1521,1499,1571,959,1424,1496,1558,1537
1383: 1483,1435
643: 
1393: 1464,1426,1316,323,1373,1394,1415,1467,1506,1478,1501,1376,1345,1317,1431,1346,1425,1461,1509,1357,1448,1472,1395
1602: 1532,627
29: 
562: 
740: 227,605
1174: 1062
822: 1526,1487,1404,1396,1503,985,1561
947: 
563: 
985: 1525,1459,1373,1394,1415,1345,1317,1431,1346,822,1526,1487,1561,1509,1357
1450: 1388,1583,1603,1519,1564,1531,1578,1476,1430,1419,1557,1554,1479,1482
1434: 1512,347,1336
1556: 1576,935
995: 
1491: 1405,1390
1532: 1602,627
957: 
1540: 1499,1571,959,1558,1537
1367: 233,1504,1488,1451
961: 917
766: 
1456: 1387,1435,1520,1495,952,1525,1459,1396
968: 
1587: 1606
929: 
939: 921
905: 529
1461: 1425,1501,1376,1464,1393,1426,1316,323,1474,1514,1448,1472,1395,1436
727: 662
572: 558
1506: 1478,1365,1476,1430,1419,1557,1554,1479,1373,1415,1467,1501,1376,1431,1346,1464,1393,1426,1316,323,1425
832: 536
1410: 1428,1448,1472,1460,1399,1452,1429,1489,1444,1398,61
1479: 1554,1564,1531,1450,1388,1578,1476,1430,1419,1557,1349,1543,1482,1506,1478,1501,1376
61: 1410,1460,1399,1452,1429,1489,1444,1398,1539
839: 
1550: 445
1527: 1598,1443,1572,1566
1495: 1435,1520,952,1456,1387
1582: 1569
922: 
589: 931
69: 754
1600: 1589,1453,1413
598: 1253
1202: 
1128: 153,1136,1037,1114,1126,1011,1020,1162
587: 518
607: 
1571: 1540,1499,959,552,1521,1337,1424,1496,1558,1537,1519
569: 
996: 
854: 
605: 227,740
916: 512
1172: 
1605: 1574
591: 
926: 980,460
1487: 822,1526,1404,1396,1503,985,1561
1513: 1548,488
1429: 1460,1399,1452,1410,1489,1398,61
944: 
582: 
1295: 
948: 
1349: 1543,1482,1578,1554,1479,1501,1376
1064: 1088,415,1015,166
588: 
1253: 598,1278,480
994: 1348,1402,457
1518: 
1496: 1424,1521,1337,1499,1571,1558,1537,952
1266: 1151,1535
593: 
1426: 1464,1393,1316,323,1373,1394,1415,1467,1506,1478,1501,1376,1345,1317,1431,1346,1425,1461,1509,1357,1448,1472,1395
872: 
908: 
1606: 1587
955: 
1346: 1345,1317,1431,1525,1459,1373,1394,1415,1467,1506,1478,985,1464,1393,1426,1316,323,1509,1357,1448,1472
906: 
659: 313,820
581: 
1539: 1444,1398,61,1409,1470,1551,1414
932: 
575: 
993: 662
1475: 935,1575
851: 137
1395: 1464,1393,1426,1316,323,1425,1461,1474,1448,1472,1436,1399,1452
1428: 1410,1509,1357,1448,1472,1454,1323,1460,1399,1452,1489,1398
119: 
1278: 1253,480
1387: 1456,1435,1520,1495,952,1525,1459,1396
1316: 1464,1393,1426,323,1373,1394,1415,1467,1506,1478,1501,1376,1345,1317,1431,1346,1425,1461,1448,1472,1395
1604: 853
1458: 1502,1536,1397
1483: 1383
975: 
911: 
898: 
597: 1551,1414,840
979: 
988: 
963: 
1535: 1151,1266
1465: 1391,627
951: 
1348: 1402,994
137: 851
592: 
1063: 237,1065,1083,1069,1067,1068,1066,965
1562: 1581
1569: 1582
986: 1341,1477,1406
143: 
586: 534
903: 157,1588
1589: 1600,1453,1413,1576
596: 
1359: 
1451: 233,1367,482
580: 568
894: 
978: 
153: 1128,1136,1037,1114,492,1126,1011,1020,1162
980: 926
1151: 1266,1535
568: 580
157: 1588,903
965: 1068,237,1063,1065,1083
1413: 1453,1600,1589
902: 475
1517: 1470,1551,1414
1503: 1404,1396,1488,822,1487
1430: 1476,1419,1557,1519,1564,1531,1450,1365,1379,1554,1479,1373,1467,1506,1478,1501,1376
1114: 275,153,1128,1136,1037
594: 
166: 1015,1088,1064
820: 659
168: 238,682
700: 1009
1528: 1592
171: 
746: 15
1547: 1580
574: 
940: 490
1065: 237,1063,1083,1069,1067,1068,1066,965
1399: 1460,1452,1429,1472,1395,1436,1428,1410,1489,1398,61
923: 
1062: 1174
1053: 
901: 
1436: 1425,1461,1474,1514,1395,1399
1588: 157,903
992: 
1290: 
1336: 347,1434,1512
967: 
573: 
1406: 1341,1477,986,1433
976: 464
919: 
1415: 1373,1394,1467,1365,1379,1525,1459,1506,1478,985,1345,1317,1431,1346,1393,1426,1316,323
1565: 1585,482
590: 571
1464: 1393,1426,1316,323,1506,1478,1501,1376,1345,1317,1431,1346,1425,1461,1509,1357,1448,1472,1395
1514: 1474,1501,1376,1425,1461,1436
962: 918
927: 
1578: 1583,1603,1450,1388,1554,1479,1349,1543,1482
584: 
934: 
1531: 1519,1564,959,1583,1603,1450,1388,1476,1430,1419,1557,1554,1479
953: 
1197: 
973: 
206: 
982: 
1357: 1509,985,1345,1317,1431,1346,1464,1393,1426,323,1448,1428
924: 
1453: 1413,1600,1589
1424: 1496,1521,1337,1499,1571,959,1558,1537,952
990: 
578: 
1341: 1477,1406,986
1149: 1184,461
1388: 1450,1583,1603,1531,1578,1554,1479,1482
1502: 1536,1458,1397
914: 
1419: 1476,1430,1557,1519,1564,1531,1450,1554,1479,1373,1467,1506,1478,1501
1011: 1126,1020,1162,153,1128,1136,1037,492
1607: 232
925: 974,425
1521: 1337,1499,1571,959,1424,1496,1558,1537
1100: 1141
1489: 1444,1398,1454,1323,1428,1410,1460,1399,1452,1429,1400,1515,61
941: 
227: 605,740
912: 
950: 
943: 
1443: 1598,1527
232: 1607
233: 1367,1504,1451
1551: 1414,1539,1409,307,1470,1517,597
1404: 1396,1503,1488,822,1487
579: 
237: 1063,1065,1083,1069,1067,1068,1066,965
238: 168,682
920: 
1379: 1365,952,1476,1430,1525,1459,1373,1394,1415,1467
599: 
1580: 1547
243: 
1476: 1430,1419,1557,1558,1519,1564,1531,1450,1365,1379,1554,1479,1373,1467,1506,1478,1501
971: 
972: 
1557: 1476,1430,1419,1558,1519,1564,1531,1450,1554,1479,1373,1467,1506,1478
1583: 1603,487,448,1531,1450,1388,1578
1585: 1565,482
1402: 1348,994
1576: 1589,1556
1345: 1317,1431,1346,1525,1459,1373,1394,1415,1467,985,1464,1393,1426,1316,323,1509,1357,1448
1526: 822,1487,985,1561
1512: 1434,347,1336
255: 326
942: 
571: 590
1478: 1506,1365,1476,1430,1419,1557,1554,1479,1373,1415,1467,1501,1376,1431,1346,1464,1393,1426,1316,323,1425
1501: 1376,1476,1430,1419,1554,1479,1349,1543,1482,1506,1478,1464,1393,1426,1316,323,1425,1461,1514
1563: 997
928: 
1499: 1540,1571,959,1521,1337,1424,1496,1558,1537,1519,1564
567: 
264: 
909: 
1467: 1373,1394,1415,952,1365,1379,1476,1430,1419,1557,1525,1459,1506,1478,1345,1317,1431,1346,1393,1426,1316,323
267: 
998: 
853: 1604
585: 
887: 
1525: 1459,952,1365,1379,1456,1387,1373,1394,1415,1467,985,1345,1317,1431,1346
915: 
1009: 700
275: 1342,1066,1114
959: 1540,1499,1571,1521,1337,1424,1558,1537,1519,1564,1531
913: 
278: 
892: 
1088: 1064,415,1015,166
281: 
958: 
1597: 
1474: 1514,1376,1425,1461,1395,1436
1365: 1379,952,1476,1430,1525,1459,1373,1394,1415,1467,1506,1478
1530: 1323,1445,1400
682: 238,168
720: 528
960: 
984: 
952: 1424,1496,1558,1537,1495,1365,1379,1456,1387,1525,1459,1373,1467
595: 474
1561: 985,822,1526,1487,1323
1435: 1520,1383,1495,1456,1387
672: 
999: 904
1162: 1126,1011,1020,153,1128,1136,1037,492
298: 
1470: 1539,1409,1551,1414,1517
300: 
956: 
1414: 1551,1539,1409,307,1470,1517,597
933: 
904: 999
1015: 166,1088,1064
1066: 1069,1067,237,1063,1065,1083,275
307: 1433,1409,1551,1414,840
991: 
1268: 1326,487,448
1454: 1323,1428,1400,1515,1489
311: 1005
312: 499
313: 659
1536: 1502,1458,1397
1280: 1405
1448: 1472,1345,1317,1431,1346,1464,1393,1426,1316,323,1425,1461,1509,1357,1395,1428,1410
989: 
1069: 1067,1068,237,1063,1065,1083,1066
1601: 1590
320: 
576: 
945: 
323: 1464,1393,1426,1316,1373,1394,1415,1467,1506,1478,1501,1376,1345,1317,1431,1346,1425,1461,1357,1448,1395
981: 545
946: 
326: 255
327: 
1161: 
570: 
1037: 153,1128,1136,1114,1126,1011,1020,1162
1592: 1528
918: 962
1184: 1149,461
1425: 1461,1506,1478,1501,1376,1464,1393,1426,1316,323,1474,1514,1448,1472,1395,1436
1323: 1454,1561,1428,1530,1400,1515,1489
1020: 1126,1011,1162,153,1128,1136,1037,492
1243: 
338: 
1460: 1399,1452,1429,1472,1428,1410,1489,1444,1398,61
840: 307,597
938: 500
966: 514
1433: 1406,307,457
937: 511
1477: 1341,1406,986
921: 939
347: 1336,1434,1512
1326: 1268,487,448
1400: 1515,1454,1323,1530,1489
997: 1397,1563
1482: 1349,1543,1450,1388,1578,1554,1479,1501,1376
917: 961
1515: 1400,1454,1323,1489,1444,1398
1537: 1558,1521,1337,1540,1499,1571,959,1424,1496,1519,1564,952
1342: 275
1067: 1069,1068,237,1063,1065,1083,1066
970: 
1603: 1583,487,448,1531,1450,1388,1578
1488: 1404,1396,1503,1367
1452: 1460,1399,1429,1472,1395,1428,1410,1489,1398,61
627: 1465,1602,1532
1431: 1345,1317,1346,1525,1459,1373,1394,1415,1467,1506,1478,985,1464,1393,1426,1316,323,1509,1357,1448
931: 589
565: 
1504: 1390,233,1367
1005: 311
1405: 1280,1491,1390
1472: 1448,1346,1464,1393,1426,1316,1425,1461,1509,1395,1428,1410,1460,1399,1452
964: 
1398: 1489,1444,1428,1410,1460,1399,1452,1429,1515,61,1539
1317: 1345,1431,1346,1525,1459,1373,1394,1415,1467,985,1464,1393,1426,1316,323,1509,1357,1448
954: 
662: 727,993
1590: 1601
1444: 1489,1398,1410,1460,1515,61,1539
1558: 1537,1521,1337,1540,1499,1571,959,1424,1496,1519,1564,952,1476,1557
1548: 1513,488
564: 
817: 
1586: 
969: 
382: 
1136: 153,1128,1037,1114,1126,1011,1020,1162
1554: 1479,1531,1450,1388,1578,1476,1430,1419,1557,1349,1543,1482,1506,1478,1501,1376
987: 
935: 1556,1475
1397: 1502,1536,1458,997
1083: 237,1063,1065,1069,1067,1068,1066,965
974: 925
907: 
1598: 1443,1527
930: 
577: 
983: 
865: 
1409: 1539,307,1470,1551,1414
1564: 1519,1531,1499,959,1558,1537,1450,1476,1430,1419,1557,1479
910: 
936: 
400: 
401: 
402: 510
403: 517
404: 501
405: 566
406: 
407: 
408: 
409: 534
410: 
411: 
412: 
413: 
414: 
415: 1088,1064
416: 
417: 
418: 
419: 
420: 
421: 
422: 
423: 519
424: 
425: 925
426: 
427: 
428: 
429: 
430: 
431: 
432: 
433: 
434: 
435: 
436: 
437: 
438: 
439: 
440: 
441: 
442: 531
443: 
444: 
445: 1550
446: 
447: 553
448: 487,1268,1326,1583,1603
449: 
450: 
451: 
452: 
453: 
454: 
455: 900
456: 
457: 1433,994
458: 
459: 
460: 926
461: 1184,1149
462: 533
463: 
464: 976
465: 
466: 
467: 
468: 
469: 
470: 
471: 
472: 512
473: 
474: 595
475: 902
476: 
477: 561
478: 
479: 
480: 1253,1278
481: 
482: 1451,1565,1585
483: 
484: 
485: 
486: 
487: 448,1268,1326,1583,1603
488: 1548,1513
489: 
490: 940
491: 
492: 153,1126,1011,1020,1162
493: 
494: 500
495: 
496: 
497: 
498: 
499: 312
500: 494,938
501: 404
502: 
503: 
504: 
505: 509,639
506: 
507: 
508: 535
509: 505,639
510: 402
511: 937
512: 916,472
513: 
514: 966
515: 
516: 
517: 403
518: 587
519: 558,423
520: 
521: 
522: 
523: 
524: 
525: 
526: 
527: 
528: 720
529: 905
530: 
531: 442
532: 
533: 462
534: 586,409
535: 508
536: 832
537: 
538: 554
539: 
540: 
541: 
542: 
543: 
544: 
545: 981
546: 
547: 
548: 
549: 
550: 
551: 
552: 1571
553: 447
554: 538
555: 
556: 
557: 
558: 519,572
559: 
560: 
561: 477
1575: 1475
1390: 1405,1491,1504
1391: 1465
1396: 1404,1503,1456,1387,1488,822,1487