1574: 1605,480
543: 
1068: 1069,1067,237,1063,1065
1141: 1100
1543: 1349,1450,1554,1479,1482,1536,1502
566: 495
949: 
1581: 1562,997,1588,157
1445: 1530,1585,1565,1323,1454,482
1126: 1011,1020,1162,153,1128,1136,1037,492
977: 946
1519: 1564,487,1388,1578,1419,1557,952,1450,1531,1476,1430,1554,1479,1482
1373: 1379,1394,1415,1467,1365,1476,1430,1525,1506,1478,985,1345,1317,1431,1346,1464,1393,1426,1316,323
1572: 1527
1394: 1379,1415,1373,1467,1459,1365,1525,985,1561,1526,1345,1317,1431,1346,1393,1426,323
535: 
754: 69
1459: 1456,1387,1419,1557,1365,1525,1379,1394,1415,1467
1509: 1357,1410,985,1526,1345,1317,1431,1346,1393,1426,1448,1428
583: 
1566: 
1376: 1501,1474,1514
900: 502
1520: 1424,1496,1495,1456,1387
1337: 1521
1383: 
643: 
1393: 1464,1426,1316,323,1394,1415,1373,1467,1506,1478,1345,1317,1431,1346,1425,1461,1509,1357,1410,1472,1395,1452
1602: 1532,1592,1528
29: 
562: 
740: 
1174: 1062
822: 1487,1404,1561,1526
947: 901
563: 523
985: 1561,1526,1525,1379,1394,1415,1373,1467,1345,1317,1431,1346,1448,1509,1357
1450: 1531,1388,1578,1519,1564,487,1349,1543,1476,1430,1554,1479,1482
1434: 1512
1556: 457,1576,1341,1477
995: 
551: 560
1532: 1602,1592,1528
957: 
1540: 1499,1571,952
1367: 
961: 
766: 
1456: 1387,1520,1424,1499,1571,1495,1459
968: 
1587: 1606
929: 
939: 
905: 
1461: 1425,1464,1393,1426,1316,323,1472,1395,1452,1436,1399
552: 1326,959,1537,1558
572: 
1506: 1478,1365,1476,1430,1554,1479,1415,1373,1467,1317,1431,1346,1464,1393,1426,1316,323,1425
560: 551
1410: 1509,1357,1345,1317,1431,1346,1464,1393,1426,1448,1472,1428,1489
1479: 1554,1482,1519,1564,1450,1531,1543,1476,1430,1506,1478
61: 1489,1460,1398,1444,1409
539: 
558: 
1527: 1572
1495: 1435,1520,1424,1456,1387
1582: 1569,517,591
922: 
589: 
69: 754
1600: 1589
598: 
1202: 
1128: 153,1136,1037,1126,1011,1020,1162
587: 
607: 
1571: 1499,1496,959,1537,1558,1424,1540,1456,1387,1419,1557,952
569: 571
996: 
854: 
605: 227
916: 
1172: 
1605: 1574,480
591: 1569,1582
926: 
1487: 822,1404,1561,1526
1513: 1548,488,573
532: 
944: 
582: 
1295: 
948: 
1349: 1543,1450,1482,1536,1502
1064: 1088,415
588: 940
1253: 1278
994: 
1518: 1496,1424
1496: 1518,1520,1424,1571
1266: 1151
593: 
1426: 1464,1393,1316,323,1394,1415,1373,1467,1506,1478,1345,1317,1431,1346,1425,1461,1509,1410,1472,1395
544: 
908: 
1606: 1587
955: 
1346: 1345,1317,1431,1394,1415,1373,1467,1506,1478,985,1464,1393,1426,1316,323,1448,1509,1357,1410,1472
906: 
659: 
581: 
1539: 1551
932: 
575: 
993: 
1475: 1575,935
531: 1066,1083
1395: 1452,1436,1399,1464,1393,1426,1316,323,1425,1461,1472
1428: 1489,1509,1357,1410,1472,1452,1398,1515
119: 
1278: 1253
1387: 1456,1520,1424,1499,1571,1495,1459
1316: 1464,1393,1426,323,1415,1373,1467,1506,1478,1345,1317,1431,1346,1425,1461,1472,1395
1604: 853,915
1458: 903,997,1397
1483: 
975: 
911: 
555: 
597: 453
979: 
988: 548
963: 921
1535: 
538: 
951: 
1348: 1402
536: 
592: 
1063: 237,1065,1069,1067,1068,1066,1083
1562: 1581,997,1588,157
1569: 1582,517,591
986: 1397
559: 
586: 545
903: 1458,1397
1589: 1600
596: 
1359: 
557: 
580: 
537: 
978: 
153: 1128,1136,1037,1126,1011,1020,1162
980: 
1151: 1266
568: 
157: 1588,1581,1562,997
965: 311,1005
1413: 1453
902: 475
556: 
1503: 1404,1488
1430: 1476,1419,1557,952,1519,1564,1450,1531,1365,1554,1479,1379,1373,1467,1506,1478
541: 567
594: 
166: 1015
820: 
168: 238,682
700: 1009
1528: 1592,1602,1532
171: 
550: 
1547: 1580,913,1601
574: 
940: 588
1065: 237,1063,1069,1067,1068,1066,1083
1399: 1395,1452,1436,1464,1461,1472,1460,1398
923: 
1062: 1174
1053: 
901: 947
1436: 1395,1452,1399,1464,1425,1461,1472,1460,1398
1588: 157,1581,1562,997
992: 
1290: 
534: 991
967: 
573: 1548,1513
547: 
976: 
919: 
1415: 1379,1394,1373,1467,1459,1365,1525,1506,1478,985,1561,1526,1345,1317,1431,1346,1393,1426,1316,323
1565: 1585,1323,1454,482,1445,1530
590: 
1464: 1393,1426,1316,323,1373,1467,1506,1478,1345,1317,1431,1346,1425,1461,1410,1472,1395,1452,1436,1399
1514: 1474,1376,1501
962: 
927: 
1578: 1388,1519,1564,487,1450,1531
584: 
934: 
1531: 1450,1388,1578,1519,1564,487,1476,1430,1554,1479,1482
953: 
1197: 
973: 526
206: 
982: 
1357: 1509,1410,985,1561,1526,1345,1317,1431,1346,1393,1448,1428
924: 
1453: 1413
1424: 1520,1518,1496,959,1499,1571,1495,1456,1387
990: 
578: 
1341: 1477,1556,1576
1149: 1184,461
1388: 1578,1519,1564,487,1450,1531
1502: 1536,1349,1543
914: 
1419: 1557,952,1499,1571,1519,1564,487,1459,1365,1476,1430
1011: 1126,1020,1162,153,1128,1136,1037,492
1607: 232,418
925: 
1521: 1337
1100: 1141
1489: 1428,1410,1472,1452,1460,1398,1515,61
941: 
227: 605
912: 546
950: 
943: 
1443: 456,1598
232: 1607
233: 
1551: 1539,1409,1470,1414
1404: 1503,1488,822,1487
579: 
237: 1063,1065,1069,1067,1068,1066,1083
238: 168,682
920: 504
1379: 1394,1415,1373,1467,1459,1365,1476,1430,1525,1478,985,1345,1317,1431
599: 
1580: 1547,913,1601
243: 
1476: 1430,1419,1557,952,1519,1564,1450,1531,1365,1554,1479,1379,1373,1467,1506,1478
971: 
972: 
1557: 1419,952,1499,1571,1519,1564,487,1459,1365,1476,1430
1583: 1603,1268
1585: 1565,1323,1454,482,1445,1530
1402: 1348
1576: 1556,457,1341,1477
1345: 1317,1431,1346,1379,1394,1415,1373,1467,985,1561,1526,1464,1393,1426,1316,323,1448,1509,1357,1410
1526: 985,1561,1394,1415,822,1487,1345,1317,1448,1509,1357
1512: 1434
255: 326
942: 
571: 569
1478: 1506,1365,1476,1430,1554,1479,1379,1415,1373,1467,1431,1346,1464,1393,1426,1316,323,1425
1501: 1376,1474,1514,1425
1563: 
928: 
1499: 1571,959,1537,1558,1424,1540,1456,1387,1419,1557,952
567: 541
528: 
909: 
1467: 1379,1394,1415,1373,1459,1365,1476,1430,1525,1506,1478,985,1345,1317,1431,1346,1464,1393,1426,1316,323
267: 
998: 
853: 1604
585: 
887: 
1525: 1459,1365,1379,1394,1415,1373,1467,985,1317
915: 1604
1009: 700,454
533: 
959: 552,1537,1558,1424,1499,1571
913: 1547,1580,1601
530: 
892: 
1088: 1064,415
281: 
958: 
553: 
1474: 1514,1376,1501
1365: 1419,1557,1459,1476,1430,1525,1379,1394,1415,1373,1467,1506,1478
1530: 1445,1585,1565,1323,1454,482
682: 238,168
542: 
960: 454
984: 
952: 1419,1557,1499,1571,1540,1519,1564,487,1476,1430
595: 
1561: 985,1526,1394,1415,822,1487,1345,1317,1448,1357
1435: 1495
672: 
999: 
1162: 1126,1011,1020,153,1128,1136,1037,492
298: 
1470: 1414,1409,1551
300: 
956: 
1414: 1470,1409,1551
933: 
904: 
1015: 166
1066: 1083,1069,1067,531,237,1063,1065
549: 
991: 534
1268: 1326,1603,1583
1454: 1323,482,1585,1565,1445,1530
311: 1005,965
554: 
313: 
1536: 1502,1349,1543
548: 988
1448: 985,1561,1526,1345,1317,1431,1346,1509,1357,1410
989: 
1069: 1067,1068,237,1063,1065,1066,1083
1601: 1590,1547,1580,913
545: 586
576: 
945: 
323: 1464,1393,1426,1316,1394,1415,1373,1467,1506,1478,1345,1317,1431,1346,1425,1461,1395
981: 
946: 977
326: 255
327: 
1161: 
570: 
1037: 153,1128,1136,1126,1011,1020,1162
1592: 1528,1602,1532
918: 
1184: 1149,461
1425: 1461,1506,1478,1501,1464,1393,1426,1316,323,1472,1395,1452,1436
1323: 1454,482,1585,1565,1445,1530
1020: 1126,1011,1162,153,1128,1136,1037,492
1243: 
338: 
1460: 1398,1472,1452,1436,1399,1489,61
840: 
938: 
966: 
1391: 1586
937: 
1477: 1341,1556,1576
921: 963
347: 
1326: 1268,552
540: 
997: 1581,1562,1588,157,1397,1458
1482: 1554,1479,1519,1564,1450,1531,1349,1543
917: 
1515: 1428,1489
1537: 1558,552,959,1499,1571
546: 912
1067: 1069,1068,237,1063,1065,1066,1083
970: 
1603: 1583,1268
1488: 1503,1404
1452: 1395,1436,1399,1464,1393,1425,1461,1472,1428,1489,1460,1398
627: 1586
1431: 1345,1317,1346,1379,1394,1415,1373,1467,1506,1478,985,1464,1393,1426,1316,323,1448,1509,1357,1410
931: 
565: 
529: 
1005: 311,965
561: 496,477
1472: 1346,1464,1393,1426,1316,1425,1461,1410,1395,1452,1436,1399,1428,1489,1460,1398
964: 
1398: 1460,1472,1452,1436,1399,1428,1489,61
1317: 1345,1431,1346,1525,1379,1394,1415,1373,1467,1506,985,1561,1526,1464,1393,1426,1316,323,1448,1509,1357,1410
954: 
1575: 1475,935
1590: 1601
1444: 61,1409
1558: 1537,552,959,1499,1571
1548: 1513,488,573
564: 
817: 
1586: 1391,627
969: 
527: 459
1136: 153,1128,1037,1126,1011,1020,1162
1554: 1479,1482,1519,1564,1450,1531,1543,1476,1430,1506,1478
987: 
935: 1575,1475
1397: 997,986,1458,903
1083: 1066,1069,1067,531,237,1063,1065
974: 
907: 
1598: 1443
930: 
577: 
983: 
865: 
1409: 61,1444,1551,1470,1414
1564: 1519,487,1388,1578,1419,1557,952,1450,1531,1476,1430,1554,1479,1482
910: 
936: 
400: 
401: 
402: 510
403: 
404: 
405: 
406: 458
407: 
408: 
409: 
410: 
411: 
412: 483,438
413: 489
414: 
415: 1088,1064
416: 
417: 
418: 1607
419: 
420: 522
421: 
422: 
423: 
424: 
425: 
426: 
427: 
428: 
429: 
430: 
431: 
432: 
433: 440
434: 506
435: 
436: 
437: 
438: 483,412
439: 
440: 433
441: 
442: 
443: 
444: 
445: 
446: 
447: 
448: 
449: 
450: 
451: 
452: 
453: 597
454: 960,1009
455: 
456: 1443
457: 1556,1576
458: 406
459: 527
460: 
461: 1149,1184
462: 
463: 
464: 
465: 
466: 
467: 
468: 
469: 
470: 
471: 
472: 
473: 
474: 
475: 902
476: 
477: 496,561
478: 
479: 
480: 1574,1605
481: 
482: 1323,1454,1585,1565,1445,1530
483: 412,438
484: 
485: 
486: 
487: 1519,1564,1388,1578,1419,1557,952,1450,1531
488: 1548,1513
489: 413
490: 
491: 
492: 1126,1011,1020,1162
493: 
494: 
495: 566
496: 561,477
497: 
498: 
499: 
500: 
501: 
502: 900
503: 
504: 920
505: 
506: 434
507: 
508: 
509: 
510: 402
511: 
512: 
513: 
514: 
515: 
516: 
517: 1569,1582
518: 
519: 
520: 
521: 
522: 420
523: 563
524: 525
525: 524
526: 973