1574: 1875,1750,1605
543: 
1068: 1632,1656,1630,1655,1659,1653,1654,1657,1658,1640,1638,1627,1619,1624
1141: 1100,1699,1722,1745
1543: 475,1349
566: 1348
949: 1721
1581: 1562,1514,1474,554,1458,1397
1445: 1530,1561,1526
1701: 2410,2392,1700,2454,2334,2040,1671,2266
977: 2563,2623,2579,2602,2189,2255,1899,2578,1867,1913
1519: 1564,1430,1531,1499,1450,1588,157,1476
1373: 1467,969,1388,1578
1572: 1527,1590,1601,970
1394: 1379,1415,1365,1588,1345,1317,1346,1431
535: 
1939: 2580,2223,2072,2021,2594
1459: 1525,1456,1387
1509: 1357,1345,1317,1346,1393
583: 940,2223,2072
1619: 1640,1638,1627,1644,1624,1646,1632,1068,1655,1659,1653,1657,1636,1645,1639
1376: 1501
900: 2491,2444,2360,2503
1520: 1495
1337: 1690
500: 
520: 
1393: 1431,1426,1345,1317,1346,1461,1509,1395
1602: 1532
1623: 1066,492,1618,1063,1065,1609,1083,1615,1053,1731,1521,1268
562: 
509: 
1174: 1062
822: 1487
947: 
563: 
985: 
1450: 1519,1564,1430,1531,1476
2261: 2272,2091,2140,2201,2234,2159,2323,2342,2338,2339,2282,2337,2094,2110,2089,2345,2181,2149,2258,2204,2184,568,2280,2139,2279,2281,2045
1556: 1576,529
995: 1867,1913,1926
551: 
1532: 1602
957: 
1540: 1499,1571
1687: 1668,454
961: 
495: 935
1456: 1525,1387,1459
968: 
1718: 1765
929: 
939: 
905: 
1461: 1431,1393,1426,1395
552: 1419,1557
572: 1790,2123,2586
1506: 1478
560: 2676,2618,2582
504: 
1479: 1554,1499,1571,1588,157
61: 1460
539: 
558: 
1527: 1572,1590,1601,970
1495: 1520
2145: 2198,2043,2236,2260,2199,2098,2042,2161,2097,2141,2074
922: 594
589: 2565,2442,2407,2551
1874: 2540,2571,2509,1872,2486,1884,2489,1830,1882,1907
1600: 1789,1732
598: 
1202: 
1781: 1752,534,1818,1978,1778
587: 
515: 
1571: 1540,1499,1554,1479,1564
569: 1965,1941,1883,1979
996: 525
1823: 444,1974,1921,1940,1965,1941,1848,1920,1948,1864
1690: 1337
916: 2206,2117
1172: 1326,1268,1635,1617,1136
1605: 1574,965
591: 
926: 2274,2146,2148,2498
1487: 822
1513: 1548,960
532: 
944: 
582: 2370,2521,434
1295: 1424,1672,1685
948: 
1349: 475,1543
1064: 1088,1629,1633
588: 2555,2483,2446,2448,2209,2556,2481,2482
1253: 1278,700,1009
994: 
1518: 
1496: 1660,1684,1424,1672,1679,1696
2681: 2648,2647,2559,2528,2645,2516,2650,2644,2649
593: 
1426: 1431,1393,1345,1317,1346,1461,1395
544: 
908: 1858,1820,1625,237
1606: 1853,2510,1769,1771,2494,1871,1810,2583,1736,1751
955: 
1346: 1345,1317,1379,1394,1415,1365,1431,1393,1426,1509,1357
906: 
1635: 153,1617,1136,1172,1326,1637
581: 592
498: 
932: 
575: 1848,1920,1887,1912,1843,1917
993: 
1646: 1640,1638,1627,1619,1644,1624,1655,1636,1645,1639,1680
531: 1846,1729,930,1772,1802,1928
1395: 1431,1393,1426,1461
2602: 2579,2021,2594,2563,2623,977,2189,2255
513: 
1278: 1253,700,1009
1387: 1525,1456,1459
2541: 1951,2559,2528,2516,2650,1933,2560,2539,2486,2504,1914,1884
1671: 2465,2364,2476,853,1677,2488,2464,2427,1701,2410,2392,1700,2454,2334,2040,2263,915,2409,2394,2262
1458: 1397,554,1581,1562
506: 1855,1984
975: 
911: 2473,2369
555: 
597: 
979: 
988: 
963: 
1684: 1663,1496,1660
538: 
951: 
1348: 1402,566
536: 
592: 581
1063: 1618,1065,1609,1083,1615,1612,1067,1069,1620,1066,1623
1562: 1581,1514,1474,554,1458,1397
2578: 977,1899,1867,1913,2619,1926
986: 
559: 1514,1474
586: 2007
903: 1588,157,1476,1379,1415,1365,1317,1431
1589: 1732
596: 
1670: 1743
557: 1746,1708
580: 
537: 429
978: 
153: 1635,1617,1136,1326,1637
980: 1787,1697
1974: 1921,1972,1998,2027,1823
568: 2280,2139,2279,2281,2237,2338,2339,2337,2094,2089,2345,2193,2002,2272,2091,2140,2201,2261,2132,2197,2196,2191,2043,2236,2260,2199,2329
157: 1588,1554,1479,1519,1564,1430,1476,1379,1415,1365,903
965: 1605
2637: 2613,2616,2567,2632,2603,2647,2609,2610,2564,2493
902: 
556: 529
1503: 1404
1430: 1519,1564,1531,1450,1588,157,1476
541: 
594: 922
166: 1015,924
1708: 1746,557
507: 1736,1751,1776,1960
700: 1009,1253,1278
1528: 1592
519: 
550: 
1547: 1580
574: 
940: 583,2223,2072
1065: 1618,1063,1609,1083,1615,1612,1067,1069,1620,1066,1623,492
1837: 1783,1719,1763
923: 
1062: 1174
1053: 1066,1623,1268,1326
901: 526
501: 
1588: 157,1554,1479,1519,1564,1430,1476,1379,1394,1415,1365,903
992: 
1290: 
534: 2004,2057,1803,1876,1781,1752
967: 546
573: 
547: 
976: 
919: 
1415: 1379,1394,1365,1588,157,903,1345,1317,1346,1431
1565: 1585,962
590: 2018,2061,2020,1999,524
1625: 237,2680,2678,1858,1820,908
1514: 1474,559,554,1581,1562
962: 1565,1585,1721,1695
927: 2554,2486,2504,1914,1884,2489,1830,1882,1907,2494,1871,1915,2496,2537
1578: 1388,1467,1373,969
584: 
934: 
1531: 1519,1564,1430,1450,1476
953: 
1197: 
973: 1590,1601
517: 
982: 
1357: 1509,1345,1317,1346,482
924: 166,1015
1891: 1793,2641
1424: 1295,1672,1685,1496,1660
990: 
578: 2450,2151,2653
1341: 1477,2551,2596,2655
1149: 1184,599
1388: 1578,1467,1373,969
1502: 1536,987
914: 
1419: 1557,552
1693: 1707,1725,1720,1754,1723,1698,1692
1607: 232
925: 
1521: 1731,1664,1066,1623,492,1636,1645,1268,1686
1100: 1141,1699,1722,1745
2107: 2150,2225,2251,2131,2250,2219,2288,2252,2312,2253,2246,2216,2300,2244,2247,2259,2248,2256,2162,2129,2138,2249,2234,2159,2323,2283,2163,2062,2175,2182,1994,2188,2186,2185,2187,2183,2064,2181,2149,2258,2184
941: 
1659: 1630,1655,1653,1654,1657,1658,1632,1068,1656,1640,1638,1627,1619,1624,1639
912: 546
950: 
943: 
1443: 1598,456
232: 1607
2540: 1874,2571,2509,1872,2486,1884,2489,1830,1882,1907
1551: 445,1414
1404: 1503
579: 
237: 1625,2680,2678,1858,1820,908
508: 
920: 
1379: 1394,1415,1365,1588,157,1476,903,1345,1317,1346,1431
599: 1184,1149
1580: 1547
514: 1629,1633
1476: 1519,1564,1430,1531,1450,1588,157,1379,1365,903
971: 
972: 
1557: 1419,552
1583: 1603,446
1585: 1565,962
1402: 1348
1576: 1556,529
1345: 1317,1346,1379,1394,1415,1365,1431,1393,1426,1509,1357
1526: 1561,1530,1445
2281: 568,2280,2139,2279,2237,2338,2339,2282,2337,2094,2089,2345,2404,2277,2193,2405,2002,2272,2091,2140,2201,2261,2132,2197,2196,2191,2236,2260,2199,2329
512: 
942: 
571: 
1478: 1506
1501: 1376
1563: 
928: 
1499: 1540,1571,1554,1479,1519,1564
567: 
528: 
909: 
1467: 1373,969,1388,1578
524: 590,2020,1999
998: 
853: 1677,2377,2476,2475,2523,2488,2464,2512,2427,2465,1671,2364,1700,2454
585: 2290,2096
523: 
1525: 1456,1387,1459
915: 2263,2267,2409,2433,2512,2152,2427,2465,1671,2364,2410,2392,1700,2040,2419,2416,2365,2378,2265,2394,2262,2309,2308,2016,2331,2330,2214,2333,2218,2289,2374,2299,2311,2024
1009: 700,1253,1278
533: 
959: 487
913: 
530: 
496: 
1088: 1064
522: 
958: 
553: 
1474: 1514,559,554,1581,1562
1365: 1379,1394,1415,1588,157,1476,903,1345,1317,1346,1431
1530: 1561,1526,1445
510: 
542: 
960: 1548,1513
984: 
952: 
595: 
1561: 1526,1530,1445
505: 
521: 1592
999: 
2589: 931,2625
518: 
1680: 1639,1640,1638,1644,1624,1646,1636,1645,1703,1720,1754,1648
502: 1886,1991,2189,2255,1867,1913,1883,1979
956: 
1414: 445,1551
933: 1766,1836
904: 
1015: 166,924
1066: 1623,492,1618,1063,1065,1609,1083,1615,1053,1731,1521,1268
549: 
991: 1855,1984,525
1268: 1066,1623,492,1053,1731,1521,1664,1172,1326,1686,1676,1650
1454: 1323,2596,2655
311: 1005
554: 1514,1474,1458,1397,1581,1562
497: 983
1536: 1502,987
548: 
526: 901
989: 
1069: 1620,1612,1067,1063,1065,1609,1083,1615
1601: 1590,973,1572,1527,970
545: 1785,1928,1788,1970
576: 
945: 2679,2683,2657,2674,2614,2673,2682,2658,2630,2675,2612,2611,2642,2638,2680,2678
2668: 2501,2508,2516,2650,1933,2560,2539,2504,1914,2649
981: 
946: 2065,2011,2029,2052,2032,1972,2015,1987,2003
516: 917,449
1637: 153,1635,1617,1136,1685
1161: 
570: 499
1985: 2116
1592: 1528,521
918: 2449,2595,2545,2584,2350,1773
1184: 1149,599
1714: 1694
1323: 1454,2596,2655
1686: 1636,1645,1731,1521,1664,1268,1676,1650
1243: 
499: 570
1460: 61
1732: 1589,1789,1600
938: 450
966: 1991
1700: 1701,2410,2392,2454,2334,2040,853,1677,2488,2464,2268,2462,2465,1671,2364,2266,2263,915,2409,2394,2262
937: 
1477: 1341,2551,2596,2655
921: 
1698: 1723,1754,1707,1693,1725,1692
1326: 1172,1053,1268,153,1635,1617,1136,1676,1650
540: 2451,2534,2568,2529,2428
997: 
503: 2671,2575,2672,2490,2604,2652
917: 449,516
1766: 933,1836
1537: 1558,1713
546: 912,967
1067: 1612,1069,1620,1618,1063,1065,1609,1083,1615
970: 1590,1601,1572,1527
1603: 446,1583
2233: 2445,2443,2168,2399,2479,2383,2166,2385,2302,2418,2426,2348,2208,2359,1997,2384
1668: 1687,454
1719: 1763,1783,1837
1431: 1393,1426,1379,1394,1415,1365,903,1345,1317,1346,1461,1395
931: 2635,2670,2589,2625
565: 
529: 556,1556,1576
1005: 311
561: 
1624: 1640,1638,1627,1619,1644,1646,1632,1068,1630,1655,1659,1653,1654,1657,1658,1636,1645,1703,1639,1680
964: 
2033: 1955,2059,1890,1977,2039,1910,2057,2004
1317: 1345,1346,1379,1394,1415,1365,903,1431,1393,1426,1509,1357
954: 
1575: 1642,1641,1643
1590: 1601,973,1572,1527,970
2104: 2164,2232,2120,2103,2228,2038,2227,2229,2050,2087
1558: 1537,1713
1548: 1513,960
564: 
511: 
1788: 1970,1760,1797,930,1785,545,1928
969: 1467,1373,1388,1578
527: 459
1136: 153,1635,1617,1172,1326,1637
1554: 1479,1499,1571,1588,157
987: 1502,1536
935: 495
1397: 1458,554,1581,1562
1083: 1618,1063,1065,1609,1615,1612,1067,1069,1620,1066,1623
974: 1888,1737
907: 
1598: 1443,456
930: 1760,1797,1772,1802,1788,1970,1846,531
577: 
983: 497
525: 991,996
1984: 1855,506,409,991
1564: 1519,1430,1531,1499,1571,1450,1588,157,1476
910: 
936: 
400: 
401: 
402: 
403: 
404: 
405: 
406: 
407: 
408: 
409: 1855,1984
410: 
411: 
412: 
413: 
414: 
415: 
416: 
417: 
418: 
419: 
420: 
421: 
422: 2664,2515,493,2628
423: 
424: 435
425: 440
426: 467
427: 484
428: 
429: 537
430: 
431: 
432: 2511,2597,2629
433: 
434: 2370,2521,582
435: 424
436: 
437: 
438: 
439: 
440: 425
441: 
442: 1988,1791,452
443: 
444: 1963,1942,1940,1965,1941,1823
445: 1551,1414
446: 1603,1583
447: 
448: 
449: 917,516
450: 938
451: 
452: 1791,442,1988,1846,1729
453: 
454: 1668,1687
455: 2446,2209,2447
456: 1443,1598
457: 
458: 
459: 527
460: 
461: 
462: 484
463: 
464: 
465: 
466: 
467: 426
468: 
469: 
470: 
471: 
472: 2653
473: 
474: 
475: 1543,1349
476: 
477: 491
478: 1846,1729,1785,1928
479: 
480: 
481: 
482: 1357
483: 
484: 462,427
485: 
486: 
487: 959
488: 
489: 
490: 2452,2497
491: 477
492: 1066,1623,1618,1065,1731,1521,1664,1268
493: 422,2664,2515,2628,2660
494: 
1609: 1618,1063,1065,1083,1615,1612,1067,1069,1620,1066,1623
1699: 1100,1141,1722,1745
1676: 1650,1664,1268,1326,1686
1612: 1067,1069,1620,1618,1063,1065,1609,1083,1615
1721: 1695,962,949
1672: 1295,1424,1685,1496,1660
1615: 1618,1063,1065,1609,1083,1612,1067,1069,1620,1066,1623
1729: 1846,531,1772,1802,452,1928,478
1617: 153,1635,1136,1172,1326,1637
1618: 1063,1065,1609,1083,1615,1612,1067,1620,1066,1623,492
1620: 1069,1612,1067,1618,1063,1065,1609,1083,1615
1627: 1640,1638,1619,1644,1624,1646,1632,1068,1655,1659,1653,1657,1636,1645,1639
1636: 1645,1640,1638,1627,1619,1644,1624,1646,1731,1521,1664,1639,1680,1686
1629: 1633,1064,514
1630: 1655,1659,1653,1654,1657,1658,1632,1068,1656,1640,1638,1624,1703,1639
1631: 1634
1632: 1068,1656,1630,1655,1659,1653,1654,1657,1658,1640,1638,1627,1619,1624
1633: 1629,1064,514
1634: 1631
1638: 1640,1627,1619,1644,1624,1646,1632,1068,1630,1655,1659,1653,1654,1657,1658,1636,1645,1703,1639,1680
1639: 1680,1630,1655,1659,1653,1654,1657,1658,1640,1638,1627,1619,1644,1624,1646,1636,1645,1703,1720,1648
1640: 1638,1627,1619,1644,1624,1646,1632,1068,1630,1655,1659,1653,1654,1657,1658,1636,1645,1639,1680
1641: 1643,1575,1642
1642: 1575,1641,1643
1643: 1641,1575,1642
1644: 1640,1638,1627,1619,1624,1646,1655,1636,1645,1639,1680
1645: 1636,1640,1638,1627,1619,1644,1624,1646,1731,1521,1664,1639,1680,1686
1685: 1637,1295,1424,1672
1648: 1754,1703,1639,1680,1720,1725
1696: 1679,1496,1660
1650: 1676,1664,1268,1326,1686
1651: 1662
1677: 853,2377,2476,2475,2523,2488,2464,2512,2427,2465,1671,2364,1700,2454,2334
1653: 1630,1655,1659,1654,1657,1658,1632,1068,1656,1640,1638,1627,1619,1624,1639
1654: 1630,1655,1659,1653,1657,1658,1632,1068,1656,1640,1638,1624,1703,1639
1655: 1630,1659,1653,1654,1657,1658,1632,1068,1656,1640,1638,1627,1619,1644,1624,1646,1703,1639
1656: 1632,1068,1630,1655,1659,1653,1654,1657,1658,1703
1657: 1630,1655,1659,1653,1654,1658,1632,1068,1656,1640,1638,1627,1619,1624,1639
1658: 1630,1655,1659,1653,1654,1657,1632,1068,1656,1640,1638,1624,1639
1660: 1496,1684,1424,1672,1679,1696
1720: 1703,1639,1680,1754,1648,1693,1725
1662: 1651
1663: 1684
1664: 1731,1521,492,1636,1645,1268,1686,1676,1650
1665: 1702,1713
1679: 1696,1496,1660
1682: 
1689: 1817
1688: 
1797: 1760,930,1788,1970
1692: 1707,1693,1723,1698
1694: 1714
1695: 1721,962
1697: 1787,980
1702: 1665,1713
1703: 1656,1630,1655,1654,1638,1624,1639,1680,1720,1754,1648
1982: 2093,2144,2160,2142,2122,2169,2177,2130,2135,2077,2147,2143,2163,2062,2137,2114,2113,2134,2133
1767: 1769,1771,1779
2612: 2673,2682,2658,2630,2675,2610,2679,945,2683,2657,2611,2642
1707: 1693,1725,1754,1723,1698,1692
1731: 1521,1664,1066,1623,492,1636,1645,1268,1686
1730: 1834,2007,1870,1841
1926: 2619,1899,2578,1867,1913,995,2600,2598
1713: 1558,1537,1702,1665
1717: 1796,1756,1819,2607,2677,1728,1804
1722: 1745,1100,1141,1699
1723: 1698,1754,1707,1693,1725,1692
1725: 1707,1693,1720,1754,1648,1723,1698
1841: 1870,1730,1834,2007,1863,1807
1728: 1804,1792,1717,1796,1756,1819,2607,2677
1807: 1863,1870,1841,1970
1772: 1802,930,1846,1729,531
1736: 1751,1606,1810,2583,1776,1960,507
1737: 1888,974
1830: 2489,1882,1907,1874,2540,2486,2504,1914,1884,2554,927,2494,1871
1765: 1718
1740: 1798
1743: 1670
1778: 1847,1781,1752,1978
1745: 1722,1100,1141,1699
1746: 1708,557
1796: 1717,1756,1819,2607,2677,1728,1804,1792
1858: 1820,2611,2642,2646,2644,2680,2678,1625,237,908
2312: 2219,2288,2252,2309,2238,2331,2330,2214,2289,2215,2351,2311,2024,2225,2251,2131,2250,2253,2246,2216,2300,2244,2247,2259,2248,2129,2138,2249,2107,2150,2234,2159,2323,2283
1750: 1875,1574
1751: 1736,1606,1810,1776,1960,507
1752: 1781,534,1818,1978,1778
2132: 2197,2196,2191,2089,2345,2404,2193,2002,2395,2066,568,2280,2139,2279,2281,2237,2335,2271,2043,2236,2260,2199,2329
1754: 1648,1703,1680,1720,1707,1693,1725,1723,1698
2321: 2319,2341,2420,2156,2322,2314,2432,2320,2415,2356,2403,2406,2357,2158,2352,2414,2355,2310,2379,2419,2365,2265,2178,2055,2315,2313,2400,2309,2308,2016,2154,2238,2318,2316,2180,2317,2205,2226,2155,2353,1961,2235,2112,2225
1756: 1819,1776,1960,1717,1796,2607,2677,1728,1804
2603: 2599,2632,2562,2616,2567,2600,2598,2637,2613,2647
1760: 1797,930,1788,1970
1917: 1843,575,1922,1919,1844
1763: 1719,1783,1837
1825: 1953
1768: 1832,1790
1769: 1771,1877,1844,2510,1853,1606,1810,1767
2649: 2648,2681,2516,2650,1933,2560,2539,2501,2508,2668
1771: 1769,1877,1844,2510,1853,1606,1810,1767
1773: 2350,2545,2584,2407,2449,2595,918,2551,2596
1775: 1898
1776: 1960,1736,1751,507,1756,1819
1779: 1767
2163: 2062,2175,2122,2169,2177,2130,2247,2259,2248,2256,2162,2129,2138,2107,2093,2144,2160,1982,2182,1994,2188,2186,2185,2183,2064,2113,2134,2133,2092,2037,2176
1783: 1837,1719,1763
1785: 545,1928,1788,1970,1846,478
2046: 2386,2293,2292,2439,2388,2243,2325,2324,2241,2044,2242,2425,2423,2424,2381,2245,2275,2344,2408,2382
1787: 1697,980
1789: 1600,1732
1790: 1768,1832,2525,2371,572
1791: 442,1988,452
1792: 1728,1804,1796,1819,2607,2677
1793: 1891,2641
1798: 1740
2076: 2127,2115,2045,2187,2181,2149,2258,2204,2272,2091,2201,2012,2170,2049,2108,2090,2075
1802: 1772,930,1846,1729,531
1803: 1876,2057,2004,534
1804: 1728,1792,1717,1796,1756,1819,2607,2677
1890: 2059,1922,2033,1910,2057
2080: 2054,2137,2114,2113,2134,2133,2092,2037,2176,2121,2099,2063,2065,2011,2029,2052
1867: 1913,977,2189,2255,1886,502,2578,2619,1926,995
1810: 1769,1771,1853,1606,2583,1736,1751
1811: 
1844: 1877,1843,1917,1910,1769,1771
1973: 2053,1947
1817: 1689
1818: 1781,1752,1978
1819: 1756,1776,1960,1717,1796,2607,2677,1728,1804,1792
1820: 1858,2611,2642,2646,2644,2680,2678,1625,237,908
2678: 2680,2679,945,2683,2657,2611,2642,2638,1858,1820,1625,237
1919: 1922,1920,1948,1864,1843,1917,1910
2143: 2135,2077,2147,2167,2202,2142,2278,2122,2169,2177,2130,2120,2103,2093,2144,2160,1982,2228,2137,2114,2113,2134
2255: 2189,2579,2602,1991,977,1886,502,1867,1913
1988: 442,1791,452
2042: 2098,2043,2236,2145,2198,2141,2074
1832: 1768,2525,2371,1790
2544: 2388,2452,2242,2425,2423,2424,2451,2435,2195,2437,2340
1834: 1730,2007,1870,1841
1836: 1766,933
2619: 1926,1899,2578,1867,1913
2580: 1939,2072,2021,2594
2604: 2652,2490,2671,503
1843: 1917,575,1922,1919,1844
1936: 1967
1846: 1729,531,930,1772,1802,452,1785,1928,478
1847: 1778,1978
1848: 1940,1823,1920,1887,1912,575
2234: 2159,2323,2283,2312,2253,2246,2244,2240,2381,2245,2347,2107,2150,2342,2338,2339,2282,2337,2094,2110,2182,1994,2186,2185,2187,2183,2181,2149,2258,2204,2184,2272,2091,2140,2201,2261
1853: 1606,2510,1769,1771,2494,1871,1810,2583
1855: 1984,506,409,991
2133: 2092,2037,2176,2093,2144,2160,1982,2163,2062,2175,2182,1994,2188,2186,2185,2183,2064,2113,2134,2012,2170,2054,2080,2063
1920: 1940,1823,1848,1948,1864,575,1922,1919
1863: 1807,1870,1841,1970
1864: 1948,1823,1986,1920,1955,1922,1919
1899: 977,2618,2578,2582,2619,1926
1987: 2003,946,1995,2036
2127: 2076,2115,2045,2182,1994,2188,2186,2185,2187,2183,2064,2181,2149,2258,2204,2184,2272,2091,2012,2170,2049,2108,2090,2075
1870: 1841,1730,1834,2007,1863,1807
1871: 2494,2489,1830,1882,1907,2510,2554,927,1853,1606,2537,2583
1872: 1887,1912,2571,2509,1874,2540
2002: 2277,2193,2405,2275,2382,2089,2345,2404,2332,2395,2391,2066,568,2280,2139,2279,2281,2237,2132,2197,2196,2191,2335,2271
1875: 1750,1574
1876: 1803,2057,2004,534
1877: 1844,1769,1771
2615: 2659,2664,2515
1882: 2489,1830,1907,1874,2540,2486,2504,1914,1884,2554,927,2494,1871
1883: 1979,1886,502,569,1887,1912
1884: 2486,2504,1914,1951,2541,1874,2540,1933,2489,1830,1882,1907,2554,927
1886: 502,1991,2189,2255,1867,1913,1883,1979
1887: 1912,1883,1979,1848,575,1872
1888: 1737,974
1951: 2541,2559,2528,2516,2650,1933,2560,2539,2486,2504,1914,1884
2533: 2569,2511,2597
2585: 2573,2543,2285,2592,2495,2514,2601,2398,2574,2627,2590
2684: 2662,2633,2576,2661,2663,2674
1948: 1864,1823,1986,1920,1955,1922,1919
1970: 1788,1760,1797,930,1863,1807,1785,545,1928
1898: 1775
2653: 2151,578,2529,2428,472
2222: 2524,2484,2530,2548,2434,2487,2429,2480,2477,2456,2485,2466,2431,2402,2461,2376,2417
2311: 2374,2215,2351,2299,2024,2263,2267,915,2409,2262,2331,2330,2214,2333,2218,2289,2243,2325,2044,2219,2288,2252,2312,2253,2246,2216,2300,2244
2582: 560,2618,1899,2567,2599,2632,2562,2600,2598
2666: 2576,2660,2651,2667,2606,2633,2661,2663,2639
2522: 2471,2547,2555,2483,2484,2530,2548,2434,2430,2556,2481,2482,2460,2458,2303,2179
1907: 2489,1830,1882,1874,2540,2486,2504,1914,1884,2554,927,2494,1871
2032: 2063,2049,2108,2090,2075,1966,2030,946
1910: 1922,1919,1890,2033,1844
2064: 2182,1994,2188,2186,2185,2187,2183,2259,2256,2162,2138,2107,2150,2163,2062,2175,2149,2184,2133,2092,2037,2176,2012,2170,2127,2045
1912: 1887,1883,1979,1848,575,1872
1913: 1867,977,2189,2255,1886,502,2578,2619,1926,995
1914: 2486,2504,1884,1951,2541,1933,2560,2539,2489,1830,1882,1907,2501,2508,2668,927
1915: 2496,2537,2554,927,2494,2631
2400: 2178,2055,2315,2313,2306,2301,2305,2307,2432,2320,2415,2356,2403,2406,2158,2355,2389,2304,2105,2367,2319,2156,2321,2314,2190,2346,2231,2270,2318,2316,2180,2317,1961
1921: 1974,1942,1972,1998,2027,1823,1986
1922: 1919,1920,1948,1864,1955,1890,1843,1917,1910
2034: 2101
1989: 2460,2458,2303,2471,2430,2556,2481,2482,2179,2168,2459,2399,2479,2306,2301,2305,2307
1950: 2067
2061: 1995,2036,2018,590
1928: 1785,545,1788,1970,1846,1729,531,478
1972: 1963,1942,2015,946,1974,1921
2559: 2528,1951,2541,2648,2681,2516,2650,1933,2560,2539
2583: 2494,1871,1853,1606,1810,1736
2031: 1976,2212,2366,2213,2207,2211,2165,2349
1933: 2560,2539,2559,2528,1951,2541,2516,2650,2486,2504,1914,1884,2649,2501,2508,2668
2588: 2601,2469,2587,2635
2090: 2075,2012,2170,2076,2127,2115,2045,2049,2108,2032,1966,2030
1940: 1965,1941,444,1823,1848,1920
1941: 1940,1965,444,569,1823
1942: 1963,1972,2015,444,1921
1995: 2036,1966,2030,1987,2003,2018,2061
2125: 2542
2670: 2669,2635,2575,2672,931,2490
1947: 2053,1973
1953: 1825
2113: 2134,2135,2077,2147,2143,2093,2144,2160,1982,2163,2062,2137,2114,2133,2092,2037,2054,2080,2063
1955: 1986,2020,1999,1948,1864,2059,1922,2033
2012: 2170,2175,2182,1994,2188,2186,2185,2187,2183,2064,2181,2149,2258,2204,2184,2133,2092,2037,2176,2076,2127,2115,2045,2049,2108,2090,2075
2147: 2135,2077,2143,2167,2202,2142,2278,2122,2169,2120,2103,2093,2144,2160,1982,2228,2038,2227,2229,2137,2114,2113,2134
1960: 1776,1736,1751,507,1756,1819
1961: 2226,2155,2353,2235,2112,2178,2055,2315,2313,2400,2319,2341,2420,2156,2322,2321,2314,2308,2016,2154,2238,2318,2316,2180,2317,2205,2225,2251,2131,2202,2142,2278,2122,2169,2177,2248,2129
1997: 2208,2359,2384,2233,2383,2166,2385,2302,2105,2367,2348,2190,2346,2231,2270,2213,2207,2211,2210,2167
1963: 1942,1972,2015,444
1986: 1921,1998,2027,2020,1999,1948,1864,1955,2059
1965: 1940,1941,444,569,1823
1966: 2030,2049,2108,2090,2075,2032,1995,2036
1967: 1936
1976: 2031,2212,2366,2213,2207,2211,2165,2349
1977: 2039,2033,2068,2006,2057,2004
1978: 1781,1752,1818,1778,1847
1979: 1883,1886,502,569,1887,1912
1991: 966,2189,2255,1886,502
1992: 2073
2020: 1999,1998,590,1986,524,1955
1994: 2182,2188,2186,2185,2187,2183,2064,2259,2256,2162,2138,2249,2107,2150,2234,2159,2323,2283,2163,2062,2175,2181,2149,2258,2204,2184,2133,2012,2170,2127,2045
1998: 2027,2003,1974,1921,1986,2020,1999
1999: 2020,1998,590,1986,524,1955
2055: 2178,2315,2313,2400,2306,2301,2305,2307,2432,2320,2415,2356,2403,2406,2357,2158,2355,2389,2304,2105,2367,2319,2156,2321,2314,2190,2346,2231,2270,2318,2316,2180,2317,2353,1961
2030: 1966,2049,2090,2075,2032,1995,2036
2003: 1987,946,1995,2036,2018,1998
2004: 534,2033,1977,2039,2057,1803,1876
2108: 2049,2092,2037,2176,2012,2170,2076,2127,2063,2090,2075,2032,1966
2006: 2068,1977,2039
2007: 1730,1834,586,1870,1841
2162: 2247,2259,2248,2256,2129,2138,2249,2235,2225,2251,2131,2250,2252,2122,2169,2177,2130,2107,2150,2093,2144,2160,2163,2062,2175,2182,1994,2188,2186,2185,2183,2064
2105: 2389,2304,2367,2399,2479,2306,2301,2305,2307,2406,2383,2166,2385,2302,2055,2400,2208,2359,1997,2384,2190,2346,2231,2270,2318,2316,2180,2317
2026: 2119
2011: 2065,2029,2052,2054,2080,2063,946
2347: 2240,2381,2245,2215,2351,2243,2241,2044,2386,2253,2246,2216,2244,2275,2344,2408,2234,2159,2323,2283,2338,2339,2282,2337,2094,2110,2089,2345,2404
2591: 2557,2629,2469,2587
2015: 1963,1942,1972,946
2016: 2309,2308,2154,2238,2357,2158,2414,2355,2310,2379,2419,2416,2365,2378,2265,2267,915,2319,2341,2420,2156,2322,2321,2314,2331,2330,2214,2333,2218,2289,2226,2155,1961,2235,2225,2251,2131,2250,2219,2288,2252
2018: 1995,2036,2003,2061,590
2611: 2642,2673,2682,2658,2630,2675,2612,2610,2679,945,2683,2657,2646,2638,2680,2678,1858,1820
2021: 2594,2580,1939,2563,2623,2579,2602
2057: 1890,2033,1977,2039,2004,534,1803,1876
2639: 2666,2576,2667,2606,2661,2663,2674,2614,2673,2682,2658,2630,2675
2024: 2374,2215,2351,2299,2311,2263,2267,915,2409,2394,2262,2331,2330,2214,2333,2218,2289,2243,2325,2044,2219,2288,2252,2312,2253,2246,2216,2300,2244
2027: 1998,1974,1921,1986
2146: 2274,926
2029: 2065,2011,2052,2121,2099,2054,2080,2063,946
2442: 2565,589
2036: 1995,1966,2030,1987,2003,2018,2061
2037: 2133,2092,2176,2093,2144,2160,2163,2062,2175,2188,2064,2113,2134,2012,2054,2080,2063,2049,2108
2038: 2228,2227,2229,2164,2120,2103,2077,2147,2104,2137,2114,2121,2099
2039: 1977,2059,2033,2068,2006,2057,2004
2040: 1701,2410,2392,1700,2454,2334,2464,2268,2462,2465,1671,2364,2266,2361,2362,2217,2263,2267,915,2409,2394,2262,2293
2289: 2331,2330,2214,2333,2218,2419,2365,2265,2267,915,2309,2308,2016,2154,2238,2311,2024,2225,2251,2131,2250,2219,2288,2252,2312,2216,2300
2043: 2236,2272,2091,2140,2201,568,2280,2139,2279,2237,2132,2260,2199,2098,2042,2145,2198
2044: 2243,2325,2324,2241,2394,2293,2292,2439,2374,2215,2351,2299,2311,2024,2046,2386,2253,2246,2216,2300,2244,2240,2381,2245,2347,2275,2344,2408
2045: 2076,2127,2115,2182,1994,2188,2186,2185,2187,2183,2064,2181,2149,2258,2204,2184,2272,2091,2140,2201,2261,2012,2170,2090,2075
2651: 2666,2576,2633,2661,2663
2346: 2190,2231,2270,2383,2166,2385,2302,2389,2304,2105,2367,2055,2400,2208,2359,1997,2384,2318,2316,2180,2317,2210,2167,2202,2278
2049: 2108,2092,2037,2176,2012,2170,2076,2127,2115,2063,2090,2075,2032,1966,2030
2050: 2087,2104
2232: 2164,2213,2207,2211,2210,2167,2120,2103,2104,2227
2052: 2065,2011,2029,2121,2099,2054,2080,2063,946
2053: 1973,1947
2054: 2080,2137,2114,2113,2134,2133,2092,2037,2176,2121,2099,2063,2065,2011,2029,2052
2059: 1986,1955,1890,2033,2039
2190: 2346,2231,2270,2302,2389,2304,2105,2367,2178,2055,2315,2313,2400,2208,2359,1997,2318,2316,2180,2317,2205,2210,2167,2202,2142,2278
2062: 2163,2175,2122,2169,2177,2130,2247,2259,2248,2256,2162,2129,2138,2249,2107,2093,2144,2160,1982,2182,1994,2188,2186,2185,2183,2064,2113,2134,2133,2092,2037,2176
2063: 2113,2134,2133,2092,2037,2176,2054,2080,2049,2108,2065,2011,2029,2052,2032
2065: 2011,2029,2052,2054,2080,2063,946
2066: 2332,2395,2391,2435,2195,2277,2193,2405,2002,2422,2474,2132,2197,2196,2191,2335,2271
2067: 1950
2068: 2006,1977,2039
2680: 2678,2679,945,2683,2657,2611,2642,2638,1858,1820,1625,237
2070: 2336
2575: 2672,2574,2627,2590,2670,2490,503
2072: 2223,940,583,2580,1939
2073: 1992
2074: 2141,2098,2042,2145
2075: 2090,2012,2170,2076,2127,2115,2045,2049,2108,2032,1966,2030
2077: 2135,2147,2143,2142,2122,2169,2120,2103,2144,2160,1982,2228,2038,2227,2229,2137,2114,2113,2134
2144: 2093,2160,1982,2202,2142,2278,2122,2169,2177,2130,2259,2248,2256,2162,2135,2077,2147,2143,2163,2062,2175,2137,2114,2113,2134,2133,2037
2103: 2120,2210,2167,2202,2278,2164,2232,2077,2147,2143,2104,2228,2038,2227,2229
2087: 2050,2104
2521: 2370,434,582
2089: 2345,2404,2240,2381,2245,2347,2275,2338,2339,2282,2337,2094,2110,2277,2193,2405,2002,2272,2091,2140,2201,2261,568,2280,2139,2279,2281,2237,2132,2196,2191
2091: 2272,2140,2201,2261,2234,2159,2323,2338,2339,2282,2337,2094,2110,2089,2345,2181,2149,2258,2204,2184,568,2280,2139,2279,2281,2237,2076,2127,2115,2045,2043
2092: 2133,2037,2176,2093,2160,2163,2062,2175,2188,2064,2113,2134,2012,2054,2080,2063,2049,2108
2093: 2144,2160,1982,2122,2169,2177,2130,2259,2256,2162,2135,2147,2143,2163,2062,2175,2137,2114,2113,2134,2133,2092,2037,2176
2094: 2342,2338,2339,2282,2337,2110,2253,2246,2244,2240,2381,2245,2347,2275,2344,2408,2234,2159,2323,2089,2345,2404,2181,2258,2272,2091,2140,2201,2261,568,2280,2139,2279,2281,2237
2095: 2570,2121,2099
2096: 2290,585
2097: 2161,2260,2199,2329,2254,2145,2198,2358,2173
2098: 2042,2043,2236,2260,2199,2145,2198,2141,2074
2099: 2121,2228,2038,2227,2229,2137,2114,2054,2080,2095,2570,2029,2052
2101: 2034
2641: 1891,1793,2631,2572,2624,2593
2202: 2142,2278,2190,2346,2231,2270,2318,2316,2180,2317,2205,2353,1961,2235,2112,2167,2122,2169,2177,2120,2103,2147,2143,2144
2110: 2342,2338,2339,2282,2337,2094,2253,2246,2216,2300,2244,2240,2381,2245,2347,2275,2234,2159,2323,2283,2089,2345,2181,2149,2258,2184,2272,2091,2261
2201: 2272,2091,2140,2261,2234,2323,2338,2339,2282,2337,2094,2089,2345,2181,2149,2258,2204,568,2280,2139,2279,2281,2237,2076,2115,2045,2043,2236
2112: 2226,2155,2353,1961,2235,2178,2315,2313,2319,2341,2156,2321,2314,2154,2238,2318,2316,2180,2317,2205,2225,2202,2142,2278,2122,2169,2177,2130,2247,2248,2256,2129
2114: 2137,2135,2077,2147,2143,2093,2144,2160,1982,2228,2038,2227,2229,2113,2134,2121,2099,2054,2080
2115: 2076,2127,2045,2187,2181,2149,2258,2204,2272,2091,2140,2201,2012,2170,2049,2090,2075
2116: 1985
2117: 2206,916
2119: 2026
2120: 2103,2210,2167,2202,2142,2278,2164,2232,2135,2077,2147,2143,2104,2228,2038,2227,2229
2121: 2099,2228,2038,2227,2229,2137,2114,2134,2054,2080,2095,2570,2029,2052
2122: 2169,2177,2130,2318,2316,2180,2317,2205,2353,1961,2235,2112,2225,2202,2142,2278,2248,2256,2162,2129,2135,2077,2147,2143,2093,2144,2160,1982,2163,2062
2123: 2586,572
2238: 2309,2308,2016,2154,2357,2355,2310,2419,2365,2265,2319,2341,2420,2156,2322,2321,2314,2331,2330,2214,2218,2289,2226,2155,2353,1961,2235,2112,2225,2251,2131,2250,2219,2288,2252,2312
2129: 2247,2259,2248,2256,2162,2138,2249,2226,2155,2353,1961,2235,2112,2225,2251,2131,2250,2219,2288,2252,2312,2122,2169,2177,2130,2107,2150,2163,2062,2175,2185,2183
2130: 2122,2169,2177,2205,2353,2235,2112,2225,2142,2247,2259,2248,2256,2162,2129,2138,2249,2135,2143,2093,2144,2160,1982,2163,2062,2175
2131: 2225,2251,2250,2341,2420,2156,2322,2309,2308,2016,2154,2238,2331,2330,2214,2218,2289,2226,2155,2353,1961,2235,2219,2288,2252,2312,2177,2247,2259,2248,2256,2162,2129,2138,2249,2107,2150
2134: 2113,2135,2077,2147,2143,2093,2144,2160,1982,2163,2062,2137,2114,2133,2092,2037,2121,2054,2080,2063
2135: 2077,2147,2143,2142,2122,2169,2177,2130,2120,2093,2144,2160,1982,2228,2137,2114,2113,2134
2258: 2181,2149,2204,2184,2107,2150,2234,2159,2323,2283,2338,2339,2282,2337,2094,2110,2182,1994,2188,2186,2185,2187,2183,2272,2091,2140,2201,2261,2012,2170,2076,2127,2115,2045
2137: 2114,2135,2077,2147,2143,2093,2144,2160,1982,2228,2038,2227,2229,2113,2134,2121,2099,2054,2080
2138: 2247,2259,2248,2256,2162,2129,2249,2225,2251,2131,2250,2252,2312,2177,2130,2107,2150,2163,2062,2175,2182,1994,2188,2186,2185,2187,2183,2064
2139: 568,2280,2279,2281,2237,2338,2339,2282,2337,2094,2089,2345,2404,2277,2193,2405,2002,2272,2091,2140,2201,2261,2132,2197,2196,2191,2043,2236,2260,2199,2329
2140: 2272,2091,2201,2261,2234,2323,2338,2339,2282,2337,2094,2089,2345,2181,2258,2204,568,2280,2139,2279,2281,2237,2115,2045,2043,2236
2141: 2074,2098,2042,2145,2198
2142: 2202,2278,2190,2270,2318,2316,2180,2317,2205,2155,2353,1961,2235,2112,2167,2122,2169,2177,2130,2120,2135,2077,2147,2143,2144,2160,1982
2148: 2224,2498,2499,926
2149: 2181,2258,2204,2184,2107,2150,2234,2159,2323,2283,2282,2337,2110,2182,1994,2188,2186,2185,2187,2183,2064,2272,2091,2201,2261,2012,2170,2076,2127,2115,2045
2150: 2107,2131,2250,2219,2288,2252,2312,2253,2246,2216,2300,2244,2247,2259,2248,2256,2162,2129,2138,2249,2234,2159,2323,2283,2175,2182,1994,2188,2186,2185,2187,2183,2064,2181,2149,2258,2204,2184
2151: 2653,578,2529,2428
2152: 2433,2512,2427,2487,2429,2480,2477,2456,2485,2377,2476,2475,2523,2461,2376,2417,2157,2465,2364,2357,2352,2414,2355,2310,2379,2419,2416,2365,2378,2265,915
2377: 2476,2475,2523,2487,2429,2480,2477,2456,2485,853,1677,2461,2376,2417,2157,2433,2512,2152,2427,2465,2364
2154: 2309,2308,2016,2238,2357,2158,2355,2310,2419,2365,2265,2319,2341,2420,2156,2322,2321,2314,2331,2330,2214,2218,2289,2226,2155,2353,1961,2235,2112,2225,2251,2131,2250,2219,2288,2252
2155: 2226,2353,1961,2235,2112,2178,2315,2313,2319,2341,2420,2156,2322,2321,2314,2309,2308,2016,2154,2238,2318,2316,2180,2317,2205,2225,2251,2131,2250,2142,2278,2177,2247,2248,2256,2129,2249
2156: 2319,2341,2420,2322,2321,2314,2320,2356,2406,2357,2158,2352,2414,2355,2310,2419,2365,2265,2178,2055,2315,2313,2400,2309,2308,2016,2154,2238,2318,2316,2180,2205,2226,2155,2353,1961,2235,2112,2225,2251,2131
2157: 2461,2376,2417,2487,2429,2480,2477,2456,2485,2377,2475,2466,2431,2402,2433,2512,2152,2427,2415,2356,2357,2158,2352,2414,2355,2310,2379,2419,2416,2365,2378,2265
2158: 2357,2352,2414,2355,2310,2379,2431,2461,2376,2417,2157,2432,2320,2415,2356,2403,2406,2419,2416,2365,2378,2265,2178,2055,2315,2313,2400,2319,2341,2420,2156,2322,2321,2314,2308,2016,2154
2159: 2234,2323,2283,2219,2312,2253,2246,2216,2300,2244,2240,2381,2347,2107,2150,2338,2339,2282,2337,2094,2110,2182,1994,2186,2185,2187,2183,2181,2149,2258,2184,2272,2091,2261
2160: 2093,2144,1982,2142,2122,2169,2177,2130,2259,2256,2162,2135,2077,2147,2143,2163,2062,2175,2137,2114,2113,2134,2133,2092,2037
2161: 2097,2260,2199,2329,2254,2145,2198,2358,2173
2164: 2232,2213,2207,2211,2210,2120,2103,2104,2228,2038,2227,2229
2165: 2349,2212,2031,1976
2166: 2383,2385,2302,2168,2399,2479,2306,2301,2305,2307,2445,2443,2233,2389,2304,2105,2367,2348,2208,2359,1997,2384,2346,2231
2167: 2208,2359,1997,2384,2190,2346,2231,2270,2318,2316,2180,2317,2205,2210,2202,2142,2278,2232,2120,2103,2147,2143
2168: 2556,2481,2482,2460,2458,1989,2303,2459,2399,2479,2445,2443,2233,2383,2166,2385,2302
2169: 2122,2177,2130,2318,2316,2180,2205,2353,1961,2235,2112,2225,2202,2142,2278,2248,2256,2162,2129,2135,2077,2147,2143,2093,2144,2160,1982,2163,2062
2170: 2012,2175,2182,1994,2188,2186,2185,2187,2183,2064,2181,2149,2258,2204,2184,2133,2176,2076,2127,2115,2045,2049,2108,2090,2075
2406: 2432,2320,2415,2356,2403,2431,2461,2417,2306,2301,2305,2307,2357,2158,2352,2414,2355,2310,2389,2304,2105,2367,2178,2055,2315,2313,2400,2319,2341,2420,2156,2322,2321,2314
2658: 2673,2682,2630,2675,2639,2674,2614,2612,2679,945,2683,2657,2611,2642
2173: 2358,2254,2161,2097
2174: 2455,2396
2175: 2163,2062,2130,2247,2259,2248,2256,2162,2129,2138,2249,2107,2150,2093,2144,2160,2182,1994,2188,2186,2185,2187,2183,2064,2133,2092,2037,2176,2012,2170
2176: 2133,2092,2037,2093,2163,2062,2175,2182,2188,2186,2187,2064,2012,2170,2054,2080,2063,2049,2108
2177: 2122,2169,2130,2318,2316,2180,2317,2205,2226,2155,2353,1961,2235,2112,2225,2251,2131,2250,2202,2142,2278,2247,2259,2248,2256,2162,2129,2138,2249,2135,2143,2093,2144,2160,1982,2163,2062
2178: 2055,2315,2313,2400,2307,2320,2356,2406,2357,2158,2355,2389,2304,2319,2341,2420,2156,2322,2321,2314,2190,2270,2318,2316,2180,2317,2205,2226,2155,2353,1961,2235,2112
2179: 2471,2522,2547,2484,2530,2548,2434,2430,2524,2460,2458,1989,2303,2466,2431,2402,2459,2479,2306,2301,2305,2307,2432,2403
2180: 2318,2316,2317,2205,2389,2304,2105,2367,2178,2055,2315,2313,2400,2319,2156,2321,2314,2190,2346,2231,2270,2155,2353,1961,2235,2112,2167,2202,2142,2278,2122,2169,2177
2181: 2149,2258,2204,2184,2107,2150,2234,2159,2323,2283,2338,2339,2282,2337,2094,2110,2182,1994,2188,2186,2185,2187,2183,2272,2091,2140,2201,2261,2012,2170,2076,2127,2115,2045
2182: 1994,2188,2186,2185,2187,2183,2064,2259,2256,2162,2138,2107,2150,2234,2159,2323,2283,2163,2062,2175,2181,2149,2258,2204,2184,2133,2176,2012,2170,2127,2045
2183: 2182,1994,2188,2186,2185,2187,2064,2247,2259,2248,2256,2162,2129,2138,2249,2107,2150,2234,2159,2323,2283,2163,2062,2175,2181,2149,2258,2204,2184,2133,2012,2170,2127,2045
2184: 2181,2149,2258,2204,2107,2150,2234,2159,2323,2283,2282,2337,2110,2182,1994,2188,2186,2185,2187,2183,2064,2272,2091,2261,2012,2170,2127,2045
2185: 2182,1994,2188,2186,2187,2183,2064,2247,2259,2248,2256,2162,2129,2138,2249,2107,2150,2234,2159,2323,2283,2163,2062,2175,2181,2149,2258,2184,2133,2012,2170,2127,2045
2186: 2182,1994,2188,2185,2187,2183,2064,2259,2256,2162,2138,2107,2150,2234,2159,2323,2283,2163,2062,2175,2181,2149,2258,2204,2184,2133,2176,2012,2170,2127,2045
2187: 2182,1994,2188,2186,2185,2183,2064,2259,2138,2107,2150,2234,2159,2323,2283,2175,2181,2149,2258,2204,2184,2176,2012,2170,2076,2127,2115,2045
2188: 2182,1994,2186,2185,2187,2183,2064,2259,2256,2162,2138,2107,2150,2323,2163,2062,2175,2181,2149,2258,2204,2184,2133,2092,2037,2176,2012,2170,2127,2045
2189: 2255,2579,2602,1991,977,1886,502,1867,1913
2191: 2132,2197,2196,2089,2345,2404,2277,2193,2405,2002,2332,2395,2391,2066,568,2280,2139,2279,2281,2237,2335,2271,2260,2199,2329
2683: 2679,945,2657,2674,2614,2673,2682,2658,2630,2675,2612,2611,2642,2638,2680,2678
2193: 2277,2405,2002,2275,2382,2340,2089,2345,2404,2332,2395,2391,2066,568,2280,2139,2279,2281,2237,2132,2197,2196,2191,2335,2271
2344: 2275,2408,2243,2325,2324,2241,2044,2046,2386,2242,2425,2423,2424,2240,2381,2245,2347,2382,2338,2339,2094,2345,2404,2277,2405
2195: 2435,2437,2340,2425,2544,2451,2277,2405,2332,2395,2391,2066,2422,2474
2196: 2132,2197,2191,2089,2345,2404,2277,2193,2405,2002,2332,2395,2391,2066,568,2280,2139,2279,2281,2237,2335,2271,2260,2199,2329
2197: 2132,2196,2191,2193,2002,2395,2066,568,2280,2139,2279,2281,2237,2335,2271,2236,2260,2199,2329,2254
2198: 2145,2043,2236,2260,2199,2329,2098,2042,2161,2097,2141
2199: 2260,2329,568,2139,2279,2281,2237,2132,2197,2196,2191,2335,2271,2043,2236,2254,2098,2145,2198,2161,2097
2343: 2436
2203: 2393
2204: 2181,2149,2258,2184,2150,2234,2323,2337,2182,1994,2188,2186,2187,2183,2272,2091,2140,2201,2261,2012,2170,2076,2127,2115,2045
2205: 2318,2316,2180,2317,2178,2315,2313,2319,2341,2156,2321,2314,2190,2270,2226,2155,2353,1961,2235,2112,2167,2202,2142,2278,2122,2169,2177,2130
2206: 2117,916
2207: 2213,2211,2426,2348,2208,2359,1997,2366,2210,2031,1976,2164,2232
2208: 2359,1997,2384,2445,2233,2383,2166,2385,2302,2389,2304,2105,2367,2348,2190,2346,2231,2270,2213,2207,2211,2210,2167
2209: 2446,2448,2447,588,455
2210: 2348,2208,2359,1997,2190,2346,2231,2270,2213,2207,2211,2167,2164,2232,2120,2103
2211: 2213,2207,2426,2348,2208,2359,1997,2384,2366,2210,2031,1976,2164,2232
2212: 2418,2426,2366,2165,2349,2031,1976
2213: 2207,2211,2426,2348,2208,2359,1997,2384,2366,2210,2031,1976,2164,2232
2214: 2331,2330,2333,2218,2289,2365,2265,2263,2267,915,2409,2309,2308,2016,2154,2238,2374,2215,2351,2299,2311,2024,2225,2251,2131,2250,2219,2288,2252,2312,2253,2246,2216,2300,2244
2215: 2374,2351,2299,2311,2024,2263,2267,2409,2394,2262,2293,2331,2214,2333,2218,2243,2325,2324,2241,2044,2219,2312,2253,2246,2216,2300,2244,2240,2381,2245,2347
2216: 2253,2246,2300,2244,2331,2330,2214,2333,2218,2289,2374,2215,2351,2299,2311,2024,2243,2325,2044,2219,2288,2252,2312,2240,2347,2107,2150,2159,2283,2110
2217: 2266,2361,2362,2268,2463,2462,2410,2392,2454,2334,2040,2373,2505,2363,2394,2262,2293,2292,2439
2218: 2331,2330,2214,2333,2289,2419,2416,2365,2378,2265,2263,2267,915,2409,2309,2308,2016,2154,2238,2374,2215,2299,2311,2024,2225,2251,2131,2250,2219,2288,2252,2216,2300
2219: 2288,2252,2312,2309,2308,2016,2154,2238,2331,2330,2214,2333,2218,2289,2215,2351,2311,2024,2225,2251,2131,2250,2253,2246,2216,2300,2244,2247,2248,2129,2249,2107,2150,2159,2283
2353: 2226,2155,1961,2235,2112,2178,2055,2315,2313,2319,2341,2420,2156,2322,2321,2314,2308,2154,2238,2318,2316,2180,2317,2205,2225,2251,2131,2202,2142,2278,2122,2169,2177,2130,2247,2248,2129
2223: 2072,940,583,1939
2224: 2148,2498,2499
2225: 2251,2131,2250,2319,2341,2420,2156,2322,2321,2314,2309,2308,2016,2154,2238,2331,2330,2214,2218,2289,2226,2155,2353,1961,2235,2112,2219,2288,2252,2312,2122,2169,2177,2130,2247,2259,2248,2256,2162,2129,2138,2249,2107
2226: 2155,2353,1961,2235,2112,2178,2315,2313,2319,2341,2420,2156,2322,2321,2314,2309,2308,2016,2154,2238,2318,2316,2205,2225,2251,2131,2250,2177,2247,2248,2256,2129,2249
2227: 2228,2038,2229,2164,2232,2120,2103,2077,2147,2104,2137,2114,2121,2099
2228: 2038,2227,2229,2164,2120,2103,2135,2077,2147,2143,2104,2137,2114,2121,2099
2229: 2228,2038,2227,2164,2120,2103,2077,2147,2104,2137,2114,2121,2099
2437: 2435,2195,2340,2242,2425,2423,2424,2544,2451,2382,2277,2405,2332,2391
2231: 2190,2346,2270,2383,2166,2385,2302,2389,2304,2105,2367,2055,2400,2208,2359,1997,2384,2318,2316,2180,2317,2210,2167,2202,2278
2235: 2226,2155,2353,1961,2112,2178,2315,2313,2319,2341,2420,2156,2322,2321,2314,2309,2308,2016,2154,2238,2318,2316,2180,2317,2205,2225,2251,2131,2250,2202,2142,2278,2122,2169,2177,2130,2247,2248,2256,2162,2129,2249
2236: 2043,2272,2140,2201,568,2280,2139,2279,2281,2237,2132,2197,2260,2199,2329,2098,2042,2145,2198
2237: 568,2280,2139,2279,2281,2338,2339,2094,2089,2345,2404,2277,2193,2405,2002,2272,2091,2140,2201,2132,2197,2196,2191,2043,2236,2260,2199,2329
2599: 2632,2603,2562,2582,2616,2567,2600,2598,2647
2240: 2381,2245,2347,2215,2351,2243,2241,2044,2253,2246,2216,2300,2244,2275,2344,2408,2234,2159,2323,2283,2342,2338,2339,2282,2337,2094,2110,2089,2345,2404
2241: 2243,2325,2324,2044,2394,2262,2293,2292,2439,2374,2215,2351,2299,2046,2386,2246,2244,2240,2381,2245,2347,2275,2344,2408
2242: 2425,2423,2424,2292,2439,2438,2291,2388,2452,2046,2386,2544,2344,2408,2382,2437,2340
2243: 2325,2324,2241,2044,2394,2262,2293,2292,2439,2374,2215,2351,2299,2311,2024,2046,2386,2253,2246,2216,2300,2244,2240,2381,2245,2347,2344,2408
2244: 2253,2246,2216,2300,2331,2214,2333,2374,2215,2351,2299,2311,2024,2243,2325,2324,2241,2044,2219,2312,2240,2381,2245,2347,2107,2150,2234,2159,2283,2338,2339,2282,2337,2094,2110
2245: 2240,2381,2347,2215,2351,2243,2325,2324,2241,2044,2046,2386,2253,2246,2244,2275,2344,2408,2234,2338,2339,2282,2094,2110,2089,2345,2404
2246: 2253,2216,2300,2244,2331,2214,2374,2215,2351,2299,2311,2024,2243,2325,2324,2241,2044,2219,2312,2240,2381,2245,2347,2107,2150,2234,2159,2323,2283,2338,2339,2282,2337,2094,2110
2247: 2259,2248,2256,2162,2129,2138,2249,2226,2155,2353,2235,2112,2225,2251,2131,2250,2219,2288,2252,2312,2177,2130,2107,2150,2163,2062,2175,2185,2183
2248: 2247,2259,2256,2162,2129,2138,2249,2226,2155,2353,1961,2235,2112,2225,2251,2131,2250,2219,2288,2252,2312,2122,2169,2177,2130,2107,2150,2144,2163,2062,2175,2185,2183
2249: 2247,2259,2248,2256,2162,2129,2138,2226,2155,2235,2225,2251,2131,2250,2219,2288,2252,2312,2177,2130,2107,2150,2062,2175,1994,2185,2183
2250: 2225,2251,2131,2341,2309,2308,2016,2154,2238,2331,2330,2214,2218,2289,2226,2155,2235,2219,2288,2252,2312,2177,2247,2259,2248,2256,2162,2129,2138,2249,2107,2150
2251: 2225,2131,2250,2341,2420,2156,2322,2309,2308,2016,2154,2238,2331,2330,2214,2218,2289,2226,2155,2353,1961,2235,2219,2288,2252,2312,2177,2247,2248,2256,2162,2129,2138,2249,2107
2252: 2219,2288,2312,2309,2308,2016,2154,2238,2331,2330,2214,2218,2289,2311,2024,2225,2251,2131,2250,2253,2216,2300,2247,2259,2248,2256,2162,2129,2138,2249,2107,2150,2283
2253: 2246,2216,2300,2244,2331,2214,2374,2215,2351,2299,2311,2024,2243,2325,2044,2219,2288,2252,2312,2240,2381,2245,2347,2107,2150,2234,2159,2323,2283,2338,2282,2094,2110
2254: 2197,2335,2271,2260,2199,2329,2161,2097,2173
2256: 2247,2259,2248,2162,2129,2138,2249,2226,2155,2235,2112,2225,2251,2131,2250,2252,2122,2169,2177,2130,2107,2150,2093,2144,2160,2163,2062,2175,2182,1994,2188,2186,2185,2183,2064
2650: 2516,2559,2528,1951,2541,2648,2681,1933,2560,2539,2649,2501,2508,2668
2259: 2247,2248,2256,2162,2129,2138,2249,2225,2131,2250,2252,2312,2177,2130,2107,2150,2093,2144,2160,2163,2062,2175,2182,1994,2188,2186,2185,2187,2183,2064
2260: 2199,2329,568,2280,2139,2279,2281,2237,2132,2197,2196,2191,2335,2271,2043,2236,2254,2098,2145,2198,2161,2097
2262: 2394,1671,2410,2392,1700,2454,2334,2040,2266,2361,2362,2217,2263,2267,915,2409,2293,2333,2374,2215,2351,2299,2311,2024,2243,2325,2324,2241
2263: 2267,915,2409,2465,1671,2364,2410,2392,1700,2454,2334,2040,2365,2265,2394,2262,2331,2330,2214,2333,2218,2374,2215,2299,2311,2024
2600: 2598,2582,1926,2599,2632,2603,2562,2647,2528
2265: 2419,2416,2365,2378,2376,2157,2433,2152,2427,2465,2357,2158,2352,2414,2355,2310,2379,2263,2267,915,2409,2319,2341,2420,2156,2322,2321,2309,2308,2016,2154,2238,2331,2330,2214,2333,2218,2289
2266: 2361,2362,2217,2488,2464,2268,2463,2462,1701,2410,2392,1700,2454,2334,2040,2373,2505,2363,2394,2262,2293,2292,2439
2267: 2263,915,2409,2410,2392,2040,2365,2265,2394,2262,2309,2308,2016,2331,2330,2214,2333,2218,2289,2374,2215,2351,2299,2311,2024
2268: 2463,2462,2488,2464,2410,2392,1700,2454,2334,2040,2266,2361,2362,2217,2373,2505,2363
2307: 2306,2301,2305,2460,2458,1989,2179,2431,2459,2399,2479,2432,2320,2415,2356,2403,2406,2383,2166,2385,2302,2389,2304,2105,2367,2178,2055,2315,2313,2400
2270: 2190,2346,2231,2302,2389,2304,2105,2367,2178,2055,2315,2313,2400,2208,2359,1997,2384,2318,2316,2180,2317,2205,2210,2167,2202,2142,2278
2271: 2335,2277,2193,2405,2002,2332,2395,2391,2066,2422,2474,2132,2197,2196,2191,2260,2199,2329,2254
2272: 2091,2140,2201,2261,2234,2159,2323,2338,2339,2282,2337,2094,2110,2089,2345,2181,2149,2258,2204,2184,568,2280,2139,2279,2281,2237,2076,2127,2115,2045,2043,2236
2469: 2587,2588,2635,2591
2274: 2146,926
2275: 2344,2408,2324,2241,2044,2046,2386,2240,2381,2245,2347,2382,2338,2339,2282,2337,2094,2110,2089,2345,2404,2277,2193,2405,2002
2669: 2670,2490
2277: 2193,2405,2002,2275,2344,2408,2382,2435,2195,2437,2340,2089,2345,2404,2332,2395,2391,2066,2139,2279,2281,2237,2196,2191,2335,2271
2278: 2202,2142,2190,2346,2231,2270,2318,2316,2180,2317,2205,2155,2353,1961,2235,2112,2167,2122,2169,2177,2120,2103,2147,2143,2144
2279: 568,2280,2139,2281,2237,2338,2339,2282,2337,2094,2089,2345,2404,2277,2193,2405,2002,2272,2091,2140,2201,2261,2132,2197,2196,2191,2043,2236,2260,2199,2329
2280: 568,2139,2279,2281,2237,2338,2339,2282,2337,2094,2089,2345,2404,2193,2002,2272,2091,2140,2201,2261,2132,2197,2196,2191,2043,2236,2260
2282: 2342,2338,2339,2337,2094,2110,2253,2246,2244,2240,2381,2245,2347,2275,2234,2159,2323,2283,2089,2345,2404,2181,2149,2258,2184,2272,2091,2140,2201,2261,2280,2139,2279,2281
2283: 2234,2159,2323,2219,2288,2252,2312,2253,2246,2216,2300,2244,2240,2347,2107,2150,2282,2337,2110,2182,1994,2186,2185,2187,2183,2181,2149,2258,2184
2345: 2089,2404,2240,2381,2245,2347,2275,2344,2382,2338,2339,2282,2337,2094,2110,2277,2193,2405,2002,2272,2091,2140,2201,2261,568,2280,2139,2279,2281,2237,2132,2196,2191
2285: 2592,2495,2550,2514,2467,2398,2585,2573,2543
2286: 2545,2584
2287: 2519
2288: 2219,2252,2312,2309,2308,2016,2154,2238,2331,2330,2214,2333,2218,2289,2351,2311,2024,2225,2251,2131,2250,2253,2216,2300,2247,2248,2129,2249,2107,2150,2283
2290: 2096,585
2291: 2438,2388,2294,2411,2292,2439,2452,2497,2242,2425,2423,2424
2292: 2439,2266,2361,2362,2217,2373,2505,2363,2411,2293,2438,2291,2388,2243,2325,2324,2241,2044,2046,2386,2242,2424
2293: 2410,2392,2040,2266,2361,2362,2217,2373,2505,2363,2394,2262,2292,2439,2374,2215,2351,2299,2243,2325,2324,2241,2044,2046,2386
2294: 2411,2507,2441,2373,2505,2363,2439,2438,2291,2388,2452,2497
2601: 2514,2467,2398,2550,2592,2495,2585,2573,2543,2588
2543: 2585,2573,2550,2285,2592,2495,2514,2601,2467,2398,2574,2627,2590
2439: 2292,2266,2361,2362,2217,2373,2505,2363,2294,2411,2293,2438,2291,2388,2243,2325,2324,2241,2044,2046,2386,2242,2423,2424
2525: 2371,1832,2396,1790
2299: 2374,2215,2351,2311,2024,2263,2267,915,2409,2394,2262,2293,2331,2330,2214,2333,2218,2243,2325,2324,2241,2044,2253,2246,2216,2300,2244
2300: 2253,2246,2216,2244,2331,2330,2214,2333,2218,2289,2374,2215,2351,2299,2311,2024,2243,2325,2044,2219,2288,2252,2312,2240,2107,2150,2159,2283,2110
2301: 2306,2305,2307,2460,2458,1989,2303,2179,2431,2402,2459,2399,2479,2432,2320,2415,2356,2403,2406,2383,2166,2385,2302,2389,2304,2105,2367,2055,2315,2400
2302: 2383,2166,2385,2168,2459,2399,2479,2306,2301,2305,2307,2445,2443,2233,2389,2304,2105,2367,2348,2208,2359,1997,2384,2190,2346,2231,2270
2303: 2460,2458,1989,2555,2483,2471,2522,2547,2430,2556,2481,2482,2179,2168,2459,2399,2479,2306,2301,2305
2304: 2389,2105,2367,2306,2301,2305,2307,2432,2320,2403,2406,2383,2166,2385,2302,2178,2055,2315,2313,2400,2208,2359,2384,2190,2346,2231,2270,2318,2316,2180,2317
2305: 2306,2301,2307,2460,2458,1989,2303,2179,2431,2459,2399,2479,2432,2320,2415,2356,2403,2406,2383,2166,2385,2302,2389,2304,2105,2367,2055,2315,2313,2400
2306: 2301,2305,2307,2460,2458,1989,2303,2179,2466,2431,2402,2459,2399,2479,2432,2320,2415,2356,2403,2406,2383,2166,2385,2302,2389,2304,2105,2367,2055,2315,2400
2308: 2309,2016,2154,2238,2357,2158,2352,2414,2355,2310,2379,2419,2416,2365,2378,2265,2267,915,2319,2341,2420,2156,2322,2321,2314,2331,2330,2214,2333,2218,2289,2226,2155,2353,1961,2235,2225,2251,2131,2250,2219,2288,2252
2309: 2308,2016,2154,2238,2357,2310,2419,2365,2378,2265,2267,915,2341,2420,2156,2322,2321,2331,2330,2214,2333,2218,2289,2226,2155,2235,2225,2251,2131,2250,2219,2288,2252,2312
2310: 2357,2158,2352,2414,2355,2379,2461,2376,2417,2157,2433,2152,2320,2415,2356,2406,2419,2416,2365,2378,2265,2319,2341,2420,2156,2322,2321,2314,2309,2308,2016,2154,2238
2313: 2178,2055,2315,2400,2305,2307,2432,2320,2356,2406,2357,2158,2355,2389,2304,2367,2319,2341,2420,2156,2322,2321,2314,2190,2270,2318,2316,2180,2317,2205,2226,2155,2353,1961,2235,2112
2314: 2319,2341,2420,2156,2322,2321,2320,2356,2406,2357,2158,2414,2355,2310,2178,2055,2315,2313,2400,2308,2016,2154,2238,2318,2316,2180,2317,2205,2226,2155,2353,1961,2235,2112,2225
2315: 2178,2055,2313,2400,2306,2301,2305,2307,2432,2320,2415,2356,2406,2357,2158,2355,2389,2304,2367,2319,2341,2420,2156,2322,2321,2314,2190,2270,2318,2316,2180,2317,2205,2226,2155,2353,1961,2235,2112
2316: 2318,2180,2317,2205,2389,2304,2105,2367,2178,2055,2315,2313,2400,2319,2341,2156,2321,2314,2190,2346,2231,2270,2226,2155,2353,1961,2235,2112,2167,2202,2142,2278,2122,2169,2177
2317: 2318,2316,2180,2205,2389,2304,2105,2367,2178,2055,2315,2313,2400,2319,2321,2314,2190,2346,2231,2270,2155,2353,1961,2235,2112,2167,2202,2142,2278,2122,2177
2318: 2316,2180,2317,2205,2389,2304,2105,2367,2178,2055,2315,2313,2400,2319,2341,2420,2156,2321,2314,2190,2346,2231,2270,2226,2155,2353,1961,2235,2112,2167,2202,2142,2278,2122,2169,2177
2319: 2341,2420,2156,2322,2321,2314,2432,2320,2415,2356,2403,2406,2357,2158,2352,2414,2355,2310,2379,2419,2265,2178,2055,2315,2313,2400,2308,2016,2154,2238,2318,2316,2180,2317,2205,2226,2155,2353,1961,2235,2112,2225
2320: 2432,2415,2356,2403,2406,2431,2461,2417,2306,2301,2305,2307,2357,2158,2352,2414,2355,2310,2379,2389,2304,2178,2055,2315,2313,2400,2319,2341,2420,2156,2322,2321,2314
2322: 2319,2341,2420,2156,2321,2314,2320,2415,2356,2406,2357,2158,2352,2414,2355,2310,2379,2419,2416,2365,2378,2265,2178,2315,2313,2309,2308,2016,2154,2238,2226,2155,2353,1961,2235,2225,2251,2131
2323: 2234,2159,2283,2312,2253,2246,2240,2347,2107,2150,2338,2339,2282,2337,2094,2110,2182,1994,2188,2186,2185,2187,2183,2181,2149,2258,2204,2184,2272,2091,2140,2201,2261
2324: 2243,2325,2241,2044,2394,2262,2293,2292,2439,2374,2215,2351,2299,2046,2386,2246,2244,2381,2245,2275,2344,2408
2325: 2243,2324,2241,2044,2394,2262,2293,2292,2439,2374,2215,2351,2299,2311,2024,2046,2386,2253,2246,2216,2300,2244,2381,2245,2344,2408
2523: 2377,2476,2475,2487,2429,2480,2477,2456,2485,853,1677,2376,2433,2512,2152,2427,2465,2364
2407: 2565,589,2350,1773,2551
2567: 2616,2656,2582,2599,2632,2603,2562,2637,2613
2329: 2260,2199,568,2139,2279,2281,2237,2132,2197,2196,2191,2335,2271,2236,2254,2198,2161,2097
2330: 2331,2214,2333,2218,2289,2419,2416,2365,2378,2265,2263,2267,915,2409,2309,2308,2016,2154,2238,2374,2299,2311,2024,2225,2251,2131,2250,2219,2288,2252,2312,2216,2300
2331: 2330,2214,2333,2218,2289,2365,2265,2263,2267,915,2409,2309,2308,2016,2154,2238,2374,2215,2351,2299,2311,2024,2225,2251,2131,2250,2219,2288,2252,2312,2253,2246,2216,2300,2244
2332: 2395,2391,2066,2435,2195,2437,2340,2277,2193,2405,2002,2422,2474,2196,2191,2335,2271
2333: 2331,2330,2214,2218,2289,2365,2265,2263,2267,915,2409,2394,2262,2309,2308,2016,2374,2215,2351,2299,2311,2024,2219,2288,2216,2300,2244
2334: 1701,2410,2392,1700,2454,2040,1677,2488,2464,2268,2463,2462,2465,1671,2364,2266,2361,2362,2217,2263,2394,2262
2335: 2271,2277,2193,2405,2002,2332,2395,2391,2066,2422,2474,2132,2197,2196,2191,2260,2199,2329,2254
2336: 2070
2337: 2342,2338,2339,2282,2094,2110,2246,2244,2240,2381,2347,2275,2234,2159,2323,2283,2089,2345,2181,2149,2258,2204,2184,2272,2091,2140,2201,2261,568,2280,2139,2279,2281
2338: 2342,2339,2282,2337,2094,2110,2253,2246,2244,2240,2381,2245,2347,2275,2344,2408,2234,2159,2323,2089,2345,2404,2181,2258,2272,2091,2140,2201,2261,568,2280,2139,2279,2281,2237
2339: 2342,2338,2282,2337,2094,2110,2246,2244,2240,2381,2245,2347,2275,2344,2234,2159,2323,2089,2345,2404,2181,2258,2272,2091,2140,2201,2261,568,2280,2139,2279,2281,2237
2340: 2435,2195,2437,2242,2425,2423,2424,2544,2451,2382,2277,2193,2405,2332,2391
2341: 2319,2420,2156,2322,2321,2314,2320,2356,2406,2357,2158,2352,2414,2355,2310,2379,2419,2365,2265,2178,2315,2313,2309,2308,2016,2154,2238,2318,2316,2205,2226,2155,2353,1961,2235,2112,2225,2251,2131,2250
2342: 2338,2339,2282,2337,2094,2110,2240,2234,2261
2348: 2445,2443,2233,2383,2166,2385,2302,2418,2426,2208,2359,1997,2384,2366,2213,2207,2211,2210
2349: 2165,2212,2031,1976
2350: 1773,2545,2584,2407,2449,2595,918,2551,2596,2655
2351: 2374,2215,2299,2311,2024,2267,2409,2394,2262,2293,2331,2214,2333,2243,2325,2324,2241,2044,2219,2288,2312,2253,2246,2216,2300,2244,2240,2381,2245,2347
2352: 2357,2158,2414,2355,2310,2379,2466,2431,2402,2461,2376,2417,2157,2433,2512,2152,2427,2432,2320,2415,2356,2403,2406,2419,2416,2365,2378,2265,2319,2341,2420,2156,2322,2321,2308
2590: 2627,2585,2573,2543,2574,2575,2672
2355: 2357,2158,2352,2414,2310,2379,2431,2461,2376,2417,2157,2152,2432,2320,2415,2356,2403,2406,2419,2416,2365,2378,2265,2178,2055,2315,2313,2400,2319,2341,2420,2156,2322,2321,2314,2308,2016,2154,2238
2356: 2432,2320,2415,2403,2406,2466,2431,2402,2461,2376,2417,2157,2306,2301,2305,2307,2357,2158,2352,2414,2355,2310,2379,2178,2055,2315,2313,2400,2319,2341,2420,2156,2322,2321,2314
2357: 2158,2352,2414,2355,2310,2379,2431,2461,2376,2417,2157,2152,2432,2320,2415,2356,2406,2419,2416,2365,2378,2265,2178,2055,2315,2313,2319,2341,2420,2156,2322,2321,2314,2309,2308,2016,2154,2238
2358: 2173,2161,2097
2359: 2208,1997,2384,2233,2383,2166,2385,2302,2389,2304,2105,2367,2348,2190,2346,2231,2270,2213,2207,2211,2210,2167
2360: 2503,2491,2444,900
2361: 2266,2362,2217,2268,2463,2462,2410,2392,2454,2334,2040,2373,2505,2363,2394,2262,2293,2292,2439
2362: 2266,2361,2217,2268,2463,2462,2410,2392,2454,2334,2040,2373,2505,2363,2394,2262,2293,2292,2439
2363: 2373,2505,2268,2463,2462,2266,2361,2362,2217,2294,2411,2293,2292,2439,2438
2364: 2465,1671,2377,2476,2475,2523,853,1677,2488,2464,2433,2512,2152,2427,2392,1700,2454,2334,2040,2416,2378,2263,915,2409
2365: 2419,2416,2378,2265,2157,2433,2152,2357,2158,2352,2414,2355,2310,2379,2263,2267,915,2409,2341,2420,2156,2322,2321,2309,2308,2016,2154,2238,2331,2330,2214,2333,2218,2289
2366: 2418,2426,2348,2212,2213,2207,2211,2031,1976
2367: 2389,2304,2105,2306,2301,2305,2307,2406,2383,2166,2385,2302,2055,2315,2313,2400,2208,2359,1997,2384,2190,2346,2231,2270,2318,2316,2180,2317
2369: 2473,911
2370: 2521,434,582
2371: 2525,1832,2396,1790
2485: 2487,2429,2480,2477,2456,2524,2222,2377,2476,2475,2523,2466,2431,2402,2461,2376,2417,2157,2433,2512,2152,2427
2373: 2505,2363,2268,2463,2462,2507,2441,2266,2361,2362,2217,2294,2411,2293,2292,2439,2438
2374: 2215,2351,2299,2311,2024,2263,2267,915,2409,2394,2262,2293,2331,2330,2214,2333,2218,2243,2325,2324,2241,2044,2253,2246,2216,2300,2244
2555: 2483,2471,2522,588,2556,2481,2482,2460,2303
2376: 2461,2417,2157,2524,2222,2487,2429,2480,2477,2456,2485,2377,2476,2475,2523,2466,2431,2402,2433,2512,2152,2427,2415,2356,2357,2158,2352,2414,2355,2310,2379,2419,2416,2378,2265
2378: 2419,2416,2365,2265,2461,2376,2417,2157,2433,2512,2152,2427,2465,2364,2357,2158,2352,2414,2355,2310,2379,915,2420,2322,2309,2308,2016,2330,2218
2379: 2357,2158,2352,2414,2355,2310,2466,2431,2461,2376,2417,2157,2433,2512,2152,2427,2320,2415,2356,2419,2416,2365,2378,2265,2319,2341,2420,2322,2321,2308,2016
2477: 2487,2429,2480,2456,2485,2524,2222,2377,2476,2475,2523,2466,2461,2376,2157,2433,2512,2152,2427
2381: 2240,2245,2347,2215,2351,2243,2325,2324,2241,2044,2046,2386,2253,2246,2244,2275,2344,2408,2234,2159,2338,2339,2282,2337,2094,2110,2089,2345,2404
2382: 2046,2386,2242,2425,2423,2424,2275,2344,2408,2437,2340,2345,2404,2277,2193,2405,2002
2383: 2166,2385,2302,2168,2399,2479,2306,2301,2305,2307,2445,2443,2233,2389,2304,2105,2367,2348,2208,2359,1997,2384,2346,2231
2384: 2208,2359,1997,2445,2443,2233,2383,2166,2385,2302,2389,2304,2105,2367,2348,2346,2231,2270,2213,2211,2167
2385: 2383,2166,2302,2168,2459,2399,2479,2306,2301,2305,2307,2445,2443,2233,2389,2304,2105,2367,2348,2208,2359,1997,2384,2346,2231
2386: 2046,2293,2292,2439,2388,2243,2325,2324,2241,2044,2242,2425,2423,2424,2381,2245,2347,2275,2344,2408,2382
2466: 2431,2402,2530,2434,2524,2222,2487,2429,2480,2477,2456,2485,2179,2461,2376,2417,2157,2306,2432,2415,2356,2403,2352,2414,2379
2388: 2438,2291,2294,2411,2292,2439,2452,2497,2046,2386,2242,2425,2423,2424,2544
2389: 2304,2105,2367,2479,2306,2301,2305,2307,2432,2320,2403,2406,2383,2166,2385,2302,2178,2055,2315,2313,2400,2208,2359,2384,2190,2346,2231,2270,2318,2316,2180,2317
2524: 2222,2484,2530,2548,2434,2487,2429,2480,2477,2456,2485,2179,2466,2431,2402,2461,2376,2417
2391: 2332,2395,2066,2435,2195,2437,2340,2277,2193,2405,2002,2422,2474,2196,2191,2335,2271
2392: 1701,2410,1700,2454,2334,2040,2488,2464,2268,2463,2462,2465,1671,2364,2266,2361,2362,2217,2263,2267,915,2409,2394,2262,2293
2393: 2203
2394: 2262,1671,2410,2392,1700,2454,2334,2040,2266,2361,2362,2217,2263,2267,915,2409,2293,2333,2374,2215,2351,2299,2024,2243,2325,2324,2241,2044
2395: 2332,2391,2066,2435,2195,2277,2193,2405,2002,2422,2474,2132,2197,2196,2191,2335,2271
2396: 2525,2371,2174,2455
2488: 2464,853,1677,2268,2463,2462,2465,1671,2364,2410,2392,1700,2454,2334,2266
2398: 2514,2601,2467,2550,2285,2592,2495,2585,2573,2543
2399: 2459,2479,2556,2481,2482,2460,2458,1989,2303,2168,2306,2301,2305,2307,2445,2443,2233,2383,2166,2385,2302,2105
2570: 2095,2121,2099
2402: 2466,2431,2530,2548,2434,2524,2222,2487,2429,2480,2456,2485,2179,2461,2376,2417,2157,2306,2301,2432,2415,2356,2403,2352,2414
2403: 2432,2320,2415,2356,2406,2179,2466,2431,2402,2461,2417,2306,2301,2305,2307,2158,2352,2414,2355,2389,2304,2055,2400,2319,2321
2404: 2089,2345,2240,2381,2245,2347,2275,2344,2408,2382,2338,2339,2282,2094,2277,2193,2405,2002,2280,2139,2279,2281,2237,2132,2196,2191
2405: 2277,2193,2002,2275,2344,2408,2382,2435,2195,2437,2340,2089,2345,2404,2332,2395,2391,2066,2139,2279,2281,2237,2196,2191,2335,2271
2408: 2275,2344,2243,2325,2324,2241,2044,2046,2386,2242,2425,2423,2424,2240,2381,2245,2347,2382,2338,2094,2404,2277,2405
2409: 2263,2267,915,2465,1671,2364,2410,2392,1700,2454,2040,2365,2265,2394,2262,2331,2330,2214,2333,2218,2374,2215,2351,2299,2311,2024
2410: 1701,2392,1700,2454,2334,2040,2488,2464,2268,2463,2462,2465,1671,2266,2361,2362,2217,2263,2267,915,2409,2394,2262,2293
2411: 2294,2507,2441,2373,2505,2363,2292,2439,2438,2291,2388,2452,2497
2593: 2572,2624,2631,2641
2560: 1933,2539,2559,2528,1951,2541,2516,2650,2504,1914,2649,2501,2508,2668
2414: 2357,2158,2352,2355,2310,2379,2466,2431,2402,2461,2376,2417,2157,2433,2152,2432,2320,2415,2356,2403,2406,2419,2416,2365,2378,2265,2319,2341,2420,2156,2322,2321,2314,2308,2016
2415: 2432,2320,2356,2403,2406,2466,2431,2402,2461,2376,2417,2157,2306,2301,2305,2307,2357,2158,2352,2414,2355,2310,2379,2055,2315,2400,2319,2420,2322,2321
2416: 2419,2365,2378,2265,2461,2376,2417,2157,2433,2512,2152,2427,2465,2364,2357,2158,2352,2414,2355,2310,2379,915,2420,2322,2308,2016,2330,2218
2417: 2461,2376,2157,2524,2222,2487,2429,2480,2456,2485,2377,2466,2431,2402,2433,2152,2432,2320,2415,2356,2403,2406,2357,2158,2352,2414,2355,2310,2379,2419,2416,2378
2418: 2426,2233,2348,2212,2366
2419: 2416,2365,2378,2265,2461,2376,2417,2157,2433,2152,2357,2158,2352,2414,2355,2310,2379,915,2319,2341,2420,2156,2322,2321,2309,2308,2016,2154,2238,2330,2218,2289
2420: 2319,2341,2156,2322,2321,2314,2320,2415,2356,2406,2357,2158,2352,2414,2355,2310,2379,2419,2416,2365,2378,2265,2178,2315,2313,2309,2308,2016,2154,2238,2318,2226,2155,2353,1961,2235,2225,2251,2131
2422: 2474,2435,2195,2332,2395,2391,2066,2335,2271
2423: 2242,2425,2424,2439,2438,2291,2388,2452,2046,2386,2544,2344,2408,2382,2437,2340
2424: 2242,2425,2423,2292,2439,2438,2291,2388,2452,2046,2386,2544,2344,2408,2382,2437,2340
2425: 2242,2423,2424,2438,2291,2388,2452,2497,2046,2386,2544,2344,2408,2382,2195,2437,2340
2426: 2418,2233,2348,2212,2366,2213,2207,2211
2427: 2433,2512,2152,2487,2429,2480,2477,2456,2485,2377,2476,2475,2523,853,1677,2376,2157,2465,1671,2364,2352,2379,2416,2378,2265,915
2428: 2529,540,2151,2653
2429: 2487,2480,2477,2456,2485,2524,2222,2377,2476,2475,2523,2466,2431,2402,2461,2376,2417,2157,2433,2512,2152,2427
2430: 2484,2530,2548,2434,2471,2522,2547,2460,2458,1989,2303,2179
2431: 2466,2402,2530,2434,2524,2222,2487,2429,2480,2456,2485,2179,2461,2376,2417,2157,2306,2301,2305,2307,2432,2320,2415,2356,2403,2406,2357,2158,2352,2414,2355,2379
2432: 2320,2415,2356,2403,2406,2179,2466,2431,2402,2461,2417,2306,2301,2305,2307,2357,2158,2352,2414,2355,2389,2304,2055,2315,2313,2400,2319,2321
2433: 2512,2152,2427,2487,2429,2480,2477,2456,2485,2377,2476,2475,2523,2461,2376,2417,2157,2465,2364,2352,2414,2310,2379,2419,2416,2365,2378,2265,915
2434: 2484,2530,2548,2430,2522,2547,2524,2222,2179,2466,2431,2402
2435: 2195,2437,2340,2544,2451,2277,2405,2332,2395,2391,2066,2422,2474
2436: 2343
2438: 2291,2388,2373,2505,2363,2294,2411,2292,2439,2452,2497,2242,2425,2423,2424
2471: 2522,2547,2555,2483,2484,2548,2430,2556,2481,2482,2460,2458,1989,2303,2179
2441: 2507,2373,2505,2294,2411
2443: 2445,2233,2168,2459,2399,2479,2383,2166,2385,2302,2348,2384
2444: 2491,900,2360,2503
2445: 2443,2233,2168,2459,2399,2479,2383,2166,2385,2302,2348,2208,2384
2446: 2448,2209,2447,588,455
2447: 2446,2448,2209,455
2448: 2446,2209,2447,588
2449: 2595,918,2545,2584,2350,1773
2450: 2561,2534,2568,578
2451: 2544,2534,2568,2435,2195,2437,2340,540
2452: 2497,2294,2411,490,2438,2291,2388,2242,2425,2423,2424,2544
2454: 1701,2410,2392,1700,2334,2040,853,1677,2488,2464,2268,2463,2462,2465,1671,2364,2266,2361,2362,2217,2263,2409,2394,2262
2455: 2174,2396
2456: 2487,2429,2480,2477,2485,2524,2222,2377,2475,2523,2466,2431,2402,2461,2376,2417,2157,2433,2512,2152,2427
2652: 2604,2490,2671,503
2458: 2460,1989,2303,2471,2522,2547,2430,2556,2481,2482,2179,2168,2459,2399,2479,2306,2301,2305,2307
2459: 2399,2479,2556,2481,2482,2460,2458,1989,2303,2179,2168,2306,2301,2305,2307,2445,2443,2385,2302
2460: 2458,1989,2303,2555,2483,2471,2522,2547,2484,2530,2548,2430,2556,2481,2482,2179,2168,2459,2399,2479,2306,2301,2305,2307
2461: 2376,2417,2157,2524,2222,2487,2429,2480,2477,2456,2485,2377,2475,2466,2431,2402,2433,2512,2152,2432,2320,2415,2356,2403,2406,2357,2158,2352,2414,2355,2310,2379,2419,2416,2378
2462: 2268,2463,2488,2464,2410,2392,1700,2454,2334,2040,2266,2361,2362,2217,2373,2505,2363
2463: 2268,2462,2488,2464,2410,2392,2454,2334,2266,2361,2362,2217,2373,2505,2363
2464: 2488,853,1677,2268,2463,2462,2465,1671,2364,2410,2392,1700,2454,2334,2040,2266
2465: 1671,2364,2377,2476,2475,2523,853,1677,2488,2464,2433,2512,2152,2427,2410,2392,1700,2454,2334,2040,2416,2378,2265,2263,915,2409
2467: 2514,2601,2398,2550,2285,2592,2495,2573,2543
2468: 2566
2542: 2125
2473: 2369,911
2474: 2422,2435,2195,2332,2395,2391,2066,2335,2271
2475: 2377,2476,2523,2487,2429,2480,2477,2456,2485,853,1677,2461,2376,2157,2433,2512,2152,2427,2465,2364
2476: 2377,2475,2523,2487,2429,2480,2477,2485,853,1677,2376,2433,2512,2152,2427,2465,1671,2364
2479: 2459,2399,2556,2481,2482,2460,2458,1989,2303,2179,2168,2306,2301,2305,2307,2445,2443,2233,2383,2166,2385,2302,2389,2105
2480: 2487,2429,2477,2456,2485,2524,2222,2377,2476,2475,2523,2466,2431,2402,2461,2376,2417,2157,2433,2512,2152,2427
2481: 2556,2482,2555,2483,2471,2522,588,2460,2458,1989,2303,2168,2459,2399,2479
2482: 2556,2481,2555,2483,2471,2522,2547,588,2460,2458,1989,2303,2168,2459,2399,2479
2483: 2555,2471,2522,2547,588,2556,2481,2482,2460,2303
2484: 2530,2548,2434,2430,2471,2522,2547,2524,2222,2460,2179
2486: 2504,1914,1884,1951,2541,1874,2540,1933,2489,1830,1882,1907,2501,2554,927
2487: 2429,2480,2477,2456,2485,2524,2222,2377,2476,2475,2523,2466,2431,2402,2461,2376,2417,2157,2433,2512,2152,2427
2489: 1830,1882,1907,1874,2540,2486,2504,1914,1884,2554,927,2494,1871
2490: 2575,2672,2670,2669,503,2604,2652
2491: 2444,900,2360,2503
2566: 2468
2493: 2645,2637,2613,2647,2609,2610,2564,2648,2646,2644
2494: 1871,2489,1830,1882,1907,2554,927,1853,1606,1915,2496,2537,2583
2495: 2285,2592,2550,2514,2601,2467,2398,2585,2573,2543
2496: 1915,2537,2554,927,2494,2631
2497: 2452,2294,2411,490,2438,2291,2388,2425
2498: 2148,2224,2499,926
2499: 2148,2224,2498
2579: 2602,2021,2594,2563,2623,977,2189,2255
2501: 2508,2668,2516,2650,1933,2560,2539,2486,2504,1914,2649
2595: 2449,918,2545,2584,2350,1773
2503: 2360,2491,2444,900
2504: 2486,1914,1884,1951,2541,1933,2560,2539,2489,1830,1882,1907,2501,2508,2668,927
2505: 2373,2363,2268,2463,2462,2507,2441,2266,2361,2362,2217,2294,2411,2293,2292,2439,2438
2563: 2623,2021,2594,2579,2602,977
2507: 2441,2373,2505,2294,2411
2508: 2501,2668,2516,2650,1933,2560,2539,2504,1914,2649
2509: 2571,1872,1874,2540
2510: 1769,1771,1871,1853,1606
2511: 2597,432,2533,2569,2557,2629
2512: 2433,2152,2427,2487,2429,2480,2477,2456,2485,2377,2476,2475,2523,853,1677,2461,2376,2157,2465,2364,2352,2379,2416,2378,915
2564: 2609,2610,2637,2613,2647,2493,2645,2646,2644
2514: 2601,2467,2398,2550,2285,2592,2495,2585,2573,2543
2515: 2664,2659,2615,422,493,2628,2676
2516: 2650,2559,2528,1951,2541,2648,2681,1933,2560,2539,2649,2501,2508,2668
2613: 2637,2616,2567,2632,2603,2647,2609,2610,2564,2493
2614: 2674,2662,2633,2661,2663,2639,2673,2682,2658,2630,2675,2679,945,2683,2657
2519: 2287
2528: 2559,2600,2598,1951,2541,2648,2681,2516,2650,1933,2560,2539
2529: 2428,540,2151,2653
2530: 2484,2548,2434,2430,2522,2547,2524,2222,2460,2179,2466,2431,2402
2539: 1933,2560,2559,2528,1951,2541,2516,2650,2504,1914,2649,2501,2508,2668
2534: 2568,2561,2450,2451,540
2679: 945,2683,2657,2674,2614,2673,2682,2658,2630,2675,2612,2611,2642,2638,2680,2678
2664: 2515,2659,2615,422,493,2628,2676
2537: 1915,2496,2554,927,2494,1871
2586: 2123,572
2545: 2584,2286,2449,2595,918,2350,1773
2571: 2509,1872,1874,2540
2547: 2471,2522,2483,2484,2530,2548,2434,2430,2482,2460,2458,2303,2179
2548: 2484,2530,2434,2430,2471,2522,2547,2524,2222,2460,2179,2402
2549: 
2550: 2285,2592,2495,2514,2601,2467,2398,2573,2543
2551: 2407,589,2350,1773,2596,1341,1477
2554: 927,2486,1884,2489,1830,1882,1907,2494,1871,1915,2496,2537
2556: 2481,2482,2555,2483,2471,2522,588,2460,2458,1989,2303,2168,2459,2399,2479
2557: 2629,2511,2597,2591
2561: 2450,2534,2568
2562: 2599,2632,2603,2582,2616,2567,2600,2598,2647
2565: 2442,2407,589
2568: 2534,2561,2450,2451,540
2569: 2533,2511,2597
2572: 2624,2593,2631,2641
2573: 2585,2543,2550,2285,2592,2495,2514,2601,2467,2398,2574,2627,2590
2574: 2585,2573,2543,2627,2590,2635,2575,2672
2576: 2666,2651,2667,2606,2662,2633,2684,2661,2663,2639
2584: 2545,2286,2449,2595,918,2350,1773
2587: 2469,2588,2635,2591
2592: 2285,2495,2550,2514,2601,2467,2398,2585,2573,2543
2594: 2021,2580,1939,2563,2623,2579,2602
2596: 2655,2350,1773,2551,1341,1477,1323,1454
2597: 2511,432,2533,2569,2557,2629
2598: 2600,2582,1926,2599,2632,2603,2562,2647,2528
2606: 2667,2660,2656,2666,2576,2661,2663,2639
2607: 2677,1717,1796,1756,1819,1728,1804,1792
2638: 2679,945,2683,2657,2611,2642,2680,2678
2609: 2610,2564,2637,2613,2647,2493,2645,2646,2644
2610: 2609,2564,2637,2613,2647,2612,2493,2645,2611,2646,2644
2616: 2567,2599,2632,2603,2562,2637,2613,2647
2618: 560,1899,2582
2623: 2563,2021,2594,2579,2602,977
2624: 2572,2593,2631,2641
2625: 931,2589
2671: 503,2672,2604,2652
2627: 2590,2585,2573,2543,2574,2575,2672
2628: 422,2664,2515,493,2676,2660,2656
2629: 2557,2511,2597,432,2591
2630: 2673,2682,2658,2675,2639,2674,2614,2612,2679,945,2683,2657,2611,2642
2631: 1915,2496,2641,2572,2624,2593
2632: 2599,2603,2562,2582,2616,2567,2600,2598,2637,2613
2633: 2662,2684,2651,2666,2576,2661,2663,2674,2614
2635: 2588,2574,2469,2587,931,2670
2642: 2611,2673,2682,2658,2630,2675,2612,2679,945,2683,2657,2638,2680,2678,1858,1820
2644: 2609,2610,2564,2493,2645,2648,2681,2646,1858,1820
2645: 2493,2647,2609,2610,2564,2648,2681,2646,2644
2646: 2609,2610,2564,2493,2645,2611,2644,1858,1820
2647: 2616,2599,2603,2562,2600,2598,2637,2613,2609,2610,2564,2493,2645,2648,2681
2648: 2681,2647,2559,2528,2493,2645,2516,2650,2644,2649
2676: 2664,2515,2628,560,2660,2656
2655: 2596,2350,1341,1477,1323,1454
2656: 2628,2676,2660,2667,2606,2567
2657: 2679,945,2683,2674,2614,2673,2682,2658,2630,2675,2612,2611,2642,2638,2680,2678
2659: 2615,2664,2515
2660: 493,2628,2676,2656,2666,2667,2606
2661: 2663,2651,2666,2576,2606,2662,2633,2684,2639,2674,2614,2673
2662: 2633,2684,2576,2661,2663,2674,2614
2663: 2661,2651,2666,2576,2606,2662,2633,2684,2639,2674,2614,2673
2667: 2606,2660,2656,2666,2576,2639
2672: 2575,2574,2627,2590,2670,2490,2671,503
2673: 2682,2658,2630,2675,2661,2663,2639,2674,2614,2612,2679,945,2683,2657,2611,2642
2674: 2614,2662,2633,2684,2661,2663,2639,2673,2682,2658,2630,2675,2679,945,2683,2657
2675: 2673,2682,2658,2630,2639,2674,2614,2612,2679,945,2683,2657,2611,2642
2677: 2607,1717,1796,1756,1819,1728,1804,1792
2682: 2673,2658,2630,2675,2639,2674,2614,2612,2679,945,2683,2657,2611,2642