1267: 1251,1219,1254,1250,1252,1249,1253,74,1265,61,83,1223,1244,1225,1248,1246,8,1266,78,95,86,1221,103,1261,1247,1260,1240,1256,1245,1259,1257,1220,1263,31,37,1224,2,1241,1206,1242,1243,1230,1255,1258,1262,1234,1231,1235,1232,72,1233
1: 106,21,1209,1211,1210,1227,1229,1228,62,70,476,447,199,416,15,449,433,48,1203,232
2: 37,1224,338,86,1221,103,1251,1219,1254,1250,1252,1249,1253,74,1267,1265,91,413,1241,1206,1242,1243,1230,1255,487,68,7,41,10,1205,49,51
3: 168,262,191,465,82,26,1204,135,61,83,6,219,338,86,1221,103
4: 163,219,338,386,229,91,413,111,115,358,365,487,68
5: 204,1208,1227,1229,1228,62,30,35,1202,480,1207,199,1203,232
6: 61,83,465,82,26,1204,56,64,3,168,1223,8,338,86,103,74
7: 41,91,413,37,1224,2,1241,1206,1242,1243,1230,1255,487,68,10,1205,49,51,47,96,28,85,1218,1216,55,16
8: 1223,1244,1225,1248,1246,1266,82,26,1204,56,64,66,9,33,61,83,6,78,95,86,1221,103,1251,1219,1254,1250,1252,1249,1253,74,1267,1265,1261,1247,1260,1240,1256,1245,1259,1257,1220,1263,31
9: 66,33,384,44,185,46,12,98,173,145,56,64,67,1244,1248,8,78,95,42
10: 1205,49,51,37,1224,2,1241,1206,1242,1243,1230,1255,1258,1262,1234,1231,1235,1232,72,1233,7,41,63,1237,1239,1236,89,85,1218,1216,55,16,88
11: 1213,1217,32,1215,40,1212,97,54,264,244,47,96,28,85,1218,1216,55,75,104,73,1226,58,419,361,124,129,311
12: 46,98,463,93,484,193,216,384,44,185,173,145,56,66,9,33,67
13: 23,67,65,39,90,42,53,43,22,1222,92,57,379,20,182
14: 17,19,99,1238,76,69,251,25,38,140,134,106,21,1209,1211,1210,1227,1229,1228,62
15: 416,84,60,70,476,447,1,24,50,225,449,433,220
16: 7,41,10,1205,49,51,63,1237,1239,1236,89,85,1218,1216,55,88,73,1226,1214,58,45,18,164,84,60
17: 14,19,99,1238,76,69,251,25,38,140,134,106,21,1209,1211,1210,1227,1229,1228,62
18: 45,164,85,1218,1216,55,16,88,73,1226,1214,58,84,60,129,27,311,355,59,24,50,225
19: 14,17,99,1238,76,69,251,25,38,140,134,106,21,1209,1211,1210,1227,1229,1228,62
20: 379,90,42,13,23,53,43,22,1222,92,57,182,99,1238,76,69,251
21: 1209,1211,1210,38,140,14,17,19,134,106,1227,1229,1228,62,70,476,447,1,199
22: 1222,92,57,78,95,90,42,13,23,1261,1247,1260,1240,1256,1245,1259,1257,1220,1263,31,379,20,1258,1262,1234,1231,1235,1232,72,1233,99,1238,76,69
23: 13,67,65,39,90,42,53,43,22,1222,92,57,379,20,182
24: 50,225,45,18,164,84,60,70,476,447,355,59,416,15,290,441,220
25: 38,140,1234,1231,1235,1232,72,1233,99,1238,76,69,63,1237,1239,1236,89,14,17,19,88,106,1209
26: 82,1204,296,369,234,384,44,185,465,56,64,3,168,61,83,6,1223,1244,1225,1248,1246,8,1266
27: 129,311,54,1214,58,45,18,164,361,124,355,59,290,441
28: 47,96,358,365,487,68,7,264,244,85,1218,1216,55,75,104,1213,1217,32,1215,40,1212,97,11,54,73,1226,58
29: 199,204,1203,232,125
30: 35,1202,134,381,352,1227,1229,1228,62,480,1207,199,5,204,1208
31: 1261,1247,1260,1240,1256,1245,1259,1257,1220,1263,1225,1246,8,1266,78,95,42,1251,1219,1254,1250,1252,1249,1253,74,1267,1265,22,1222,92,57,1241,1206,1242,1243,1230,1255,1258,1262,1234,1231,1235,1232,72,1233,99,1238,76
32: 1213,1217,1215,40,1212,97,11,54,264,244,47,96,28,85,1218,1216,55,75,104,73,1226,1214,58,419,361,124,129,311
33: 66,9,384,44,185,46,12,98,173,145,56,64,67,1223,1244,1225,1248,1246,8,1266,78,95,90,42
34: 347
35: 30,1202,134,381,352,1227,1229,1228,62,480,1207,199,5,204,1208
36: 52,87,488,39,53,43,130
37: 1224,2,338,86,1221,103,1251,1219,1254,1250,1252,1249,1253,74,1267,1265,91,413,1241,1206,1242,1243,1230,1255,487,68,7,41,10,1205,49,51
38: 25,140,1258,1262,1234,1231,1235,1232,72,1233,99,1238,76,69,63,1237,1239,1236,89,14,17,19,88,106,21,1209,1211,1210
39: 183,301,87,488,65,52,36,13,23,53,43,130
40: 1213,1217,32,1215,1212,97,11,54,264,244,47,96,28,85,1218,1216,55,75,104,73,1226,1214,58,419,361,124,129,311
41: 7,91,413,37,1224,2,1206,1243,487,68,10,1205,49,51,47,96,85,1218,1216,55,16
42: 90,66,9,33,67,65,78,95,13,23,1261,1247,1260,1240,1256,1245,1259,1257,1220,1263,31,22,1222,92,57,379,20
43: 53,65,39,52,36,13,23,130,379,20,182,339,245
44: 384,185,317,179,463,93,484,234,46,12,98,82,26,1204,56,64,66,9,33
45: 18,164,85,1218,1216,55,16,88,73,1226,1214,58,84,60,129,27,311,355,59,24,50,225
46: 12,98,463,93,484,216,384,44,185,173,145,56,66,9,33,67
47: 96,28,358,365,487,68,7,41,264,244,85,1218,1216,55,75,104,1213,1217,32,1215,40,1212,97,11,54,73,1226,1214,58
48: 1203,232,1,199,204,1208,449,433
49: 10,1205,51,37,1224,2,1241,1206,1242,1243,1230,1255,1258,1262,1234,1231,1235,1232,72,1233,7,41,63,1237,1239,1236,89,85,1218,1216,55,16,88
50: 24,225,45,18,164,84,60,70,476,447,355,59,416,15,290,441,220
51: 10,1205,49,37,1224,2,1241,1206,1242,1243,1230,1255,1258,1262,1234,1231,1235,1232,72,1233,7,41,63,1237,1239,1236,89,85,1218,1216,55,16,88
52: 36,488,39,53,43,130
53: 43,65,39,52,36,13,23,130,379,20,182,339,245
54: 1213,1217,32,1215,40,1212,97,11,264,47,28,85,1218,1216,55,75,104,73,1226,1214,58,419,361,124,129,27,311
55: 85,1218,1216,487,68,7,41,10,1205,49,51,47,96,28,16,1213,1217,32,1215,40,1212,97,11,54,73,1226,1214,58,45,18,164
56: 64,234,384,44,185,46,12,98,82,26,1204,66,9,33,61,83,6,1223,1244,1225,1248,1246,8,1266,78,95
57: 22,1222,92,78,95,90,42,13,23,1261,1247,1260,1240,1256,1245,1259,1257,1220,1263,31,379,20,1258,1262,1234,1231,1235,1232,72,1233,99,1238,76,69
58: 73,1226,1214,47,28,85,1218,1216,55,16,1213,1217,32,1215,40,1212,97,11,54,45,18,164,361,124,129,27,311,355,59
59: 355,73,1226,1214,58,45,18,164,84,60,129,27,311,24,50,225,290,441
60: 84,16,88,106,45,18,164,70,476,447,355,59,24,50,225,416,15
61: 83,6,465,82,26,1204,56,64,3,168,1223,1244,1225,1248,8,1266,338,86,103,1219,74,1267
62: 1227,1229,1228,14,17,19,134,381,21,1209,1211,1210,30,35,1202,1,199,5,204,1208
63: 1237,1239,1236,89,1241,1206,1242,1243,1230,1255,1258,1262,1234,1231,1235,1232,72,1233,99,1238,76,10,1205,49,51,25,38,140,16,88,106
64: 56,234,384,44,185,82,26,1204,66,9,33,61,83,6,1223,1244,1225,1248,8,78,95
65: 173,145,183,301,87,67,39,90,42,13,23,53,43
66: 9,33,384,44,185,46,12,98,173,145,56,64,67,1223,1244,1225,1248,1246,8,1266,78,95,90,42
67: 46,12,98,173,145,183,301,66,9,33,65,78,95,90,42,13,23
68: 487,4,91,413,37,1224,2,358,365,7,41,264,244,47,96,28,85,1218,1216,55
69: 22,1222,92,57,379,20,182,99,1238,76,251,25,38,140,14,17,19,134
70: 476,447,88,106,21,1209,1211,1210,84,60,1,24,50,225,416,15,449,433
71: 255,352,480,1207,209,1264
72: 1258,1262,1234,1231,1235,1232,1233,1251,1219,1254,1250,1252,1249,1253,74,1267,1265,1261,1247,1260,1240,1256,1245,1259,1257,1220,1263,31,22,1222,92,57,1241,1206,1242,1243,1230,1255,99,1238,76,10,1205,49,51,63,1237,1239,1236,89,25,38,140
73: 1226,1214,58,47,96,28,85,1218,1216,55,16,1213,1217,32,1215,40,1212,97,11,54,45,18,164,361,124,129,311,355,59
74: 1251,1219,1254,1250,1252,1249,1253,1267,1265,61,83,6,1223,1244,1225,1248,1246,8,1266,78,95,86,1221,103,1261,1247,1260,1240,1256,1245,1259,1257,1220,1263,31,37,1224,2,1241,1206,1242,1243,1230,1255,1258,1262,1234,1231,1235,1232,72,1233
75: 104,446,264,244,47,96,28,1213,1217,32,1215,40,1212,97,11,54,318,419,361,124
76: 99,1238,1261,1247,1260,1240,1256,1245,1259,1257,1220,1263,31,22,1222,92,57,379,20,1258,1262,1234,1231,1235,1232,72,1233,69,63,1237,1239,1236,89,25,38,140,14,17,19
77: 151,296,369
78: 95,56,64,66,9,33,67,1223,1244,1225,1248,1246,8,1266,90,42,1251,1219,1254,1250,1252,1249,1253,74,1267,1265,1261,1247,1260,1240,1256,1245,1259,1257,1220,1263,31,22,1222,92,57
79: 267,163,94,386,229
80: 116,317,179,463,484
81: 290,220,457
82: 26,1204,296,369,234,384,44,185,465,56,64,3,168,61,83,6,1223,8
83: 61,6,465,82,26,1204,56,64,3,168,1223,1244,1225,1248,1246,8,1266,338,86,1221,103,1251,1219,1254,1250,1252,1249,1253,74,1267,1265
84: 60,16,88,106,45,18,164,70,476,447,355,59,24,50,225,416,15
85: 1218,1216,55,487,68,7,41,10,1205,49,51,47,96,28,16,1213,1217,32,1215,40,1212,97,11,54,73,1226,1214,58,45,18,164
86: 1221,103,3,168,61,83,6,1223,1244,1225,1248,1246,8,1266,338,1251,1219,1254,1250,1252,1249,1253,74,1267,1265,91,413,37,1224,2,1241,1206,1242,1243,1230,1255
87: 308,288,183,301,488,65,39,36
88: 10,1205,49,51,63,1237,1239,1236,89,25,38,140,16,106,45,18,164,84,60,70,476,447
89: 63,1237,1239,1236,1241,1206,1242,1243,1230,1255,1258,1262,1234,1231,1235,1232,72,1233,99,1238,76,10,1205,49,51,25,38,140,16,88,106
90: 42,66,33,67,65,78,95,13,23,1247,1240,1245,22,1222,92,57,379,20
91: 413,219,338,86,1221,103,4,37,1224,2,358,365,487,68,7,41
92: 22,1222,57,78,95,90,42,13,23,1261,1247,1260,1240,1256,1245,1259,1257,1220,1263,31,379,20,1258,1262,1234,1231,1235,1232,72,1233,99,1238,76,69
93: 484,116,463,193,216,384,44,185,46,12,98,173,145
94: 79,163,386,229,111,115
95: 78,56,64,66,9,33,67,1223,1244,1225,1248,1246,8,1266,90,42,1251,1219,1254,1250,1252,1249,1253,74,1267,1265,1261,1247,1260,1240,1256,1245,1259,1257,1220,1263,31,22,1222,92,57
96: 47,28,358,365,487,68,7,41,264,244,85,1218,1216,55,75,104,1213,1217,32,1215,40,1212,11,73,1226
97: 1213,1217,32,1215,40,1212,11,54,264,244,47,28,85,1218,1216,55,75,104,73,1226,1214,58,419,361,124,129,311
98: 46,12,463,93,484,193,216,384,44,185,173,145,56,66,9,33,67
99: 1238,76,1261,1247,1260,1240,1256,1245,1259,1257,1220,1263,31,22,1222,92,57,379,20,1258,1262,1234,1231,1235,1232,72,1233,69,63,1237,1239,1236,89,25,38,140,14,17,19
100: 187,112,213,309,421,133
101: 294,306,247,246
102: 393,305,302,477,285,131,324,175,236
103: 86,1221,3,168,61,83,6,1223,1244,1225,1248,1246,8,1266,338,1251,1219,1254,1250,1252,1249,1253,74,1267,1265,91,413,37,1224,2,1241,1206,1242,1243,1230,1255
104: 75,446,264,244,47,96,28,1213,1217,32,1215,40,1212,97,11,54,318,419,361,124
105: 263,420,425,119,166,189,143,306
106: 63,1237,1239,1236,89,25,38,140,14,17,19,88,21,1209,1211,1210,84,60,70,476,447,1
107: 436,489,238,496
108: 362,256,387,349,227,326
109: 421,133,372,210,252,211,137
110: 391,453
111: 115,94,386,229,4,358,365,446,264,244
112: 132,367,187,100
113: 299,258,147,189,443,454,276
114: 157,315,272,478
115: 111,94,386,229,4,358,365,446,264,244
116: 80,317,179,463,93,484
117: 241,292,412,298
118: 196,181,254
119: 166,249,299,425,189,263,105
120: 396,190,438,431,354,353,269
121: 261,238,458,218,331
122: 324,175,477,293,316
123: 247,246,184,281,439,461
124: 361,75,104,1213,1217,32,1215,40,1212,97,11,54,73,1226,1214,58,419,129,27,311
125: 29,482
126: 250,182,339,245,284,251,255,134,381,352
127: 155,380,432,455,471,489
128: 428,415,451,327
129: 27,311,1213,1217,32,1215,40,1212,97,11,54,73,1226,1214,58,45,18,164,361,124,355,59,290,441
130: 39,52,36,53,43,182,339,245,284
131: 285,393,305,302,102,375,236
132: 367,314,112,192,389
133: 421,309,100,372,210,109
134: 69,251,126,250,14,17,19,381,21,1209,1211,1210,1227,1229,1228,62,30,35,1202
135: 427,262,191,465,267,3,168,163,219,338
136: 278,171,429,203,423,170,200,188
137: 495,109,252,259,160
138: 397,322,282,499,366
139: 442,170,200,188,445,149,186,277
140: 25,38,1258,1262,1234,1231,1235,1232,72,1233,99,1238,76,69,63,1237,1239,1236,89,14,17,19,88,106,21,1209,1211,1210
141: 313,444,240,440,468,156,493,253
142: 425,143
143: 142,425,166,263,420,105
144: 406,235,332,473,475,328,270
145: 173,93,484,193,216,308,46,12,98,183,301,66,9,33,67,65
146: 176
147: 258,403,350,299,113
148: 281,461,233,374
149: 462,445,200,139,188,186,277
150: 418,243,321
151: 77
152: 409,452,158
153: 388,356
154: 366,394,499,376
155: 127,460,380,432,455
156: 493,468,483,274,141,313,265,253
157: 451,248,315,114
158: 152,409,240,440
159: 370,469,279,426,373
160: 259,252,340,495,137
161: 217,389,314,346,378,223,333
162: 178,411,450,269,260
163: 267,135,79,219,94,386,229,4
164: 45,18,85,1218,1216,55,16,88,73,1226,1214,58,84,60,129,27,311,355,59,24,50,225
165: 410,303,408,205,363,197
166: 119,249,299,425,189,143,263,420,105,443
167: 490,348,329,474
168: 3,262,191,465,82,26,1204,135,61,83,6,219,338,86,1221,103
169: 459,210,211
170: 200,171,429,442,136,139,188,445
171: 410,303,429,203,423,278,136,170
172: 464,196,181,435,235,342,332
173: 145,93,484,193,216,308,46,12,98,183,301,66,9,33,67,65
174: 270,307,435,235,406,273,481
175: 122,324,302,477,102,316
176: 490,146
177: 291,483,274
178: 411,450,467,356,162
179: 317,80,116,463,296,369,234,384,44,185
180: 424,226,371,348
181: 254,464,196,118,172,332
182: 13,23,53,43,130,379,20,339,245,69,251,126,250
183: 301,193,216,308,288,173,145,87,67,65,39
184: 230,247,246,123,439
185: 384,44,317,179,463,93,484,234,46,12,98,82,26,1204,56,64,66,9,33
186: 277,139,323,462,445,149,312
187: 100,112,421,459,210
188: 136,170,200,139,462,445,149
189: 299,258,119,166,113,263,105,443,454,276
190: 120,396,438,431,354,353,269
191: 262,296,369,427,465,267,135,3,168
192: 389,297,217,132,367,314
193: 216,93,484,308,12,98,173,145,183,301
194: 198,331,422,357
195: 266,241,292,412,298,437,214
196: 312,464,118,172,181,254
197: 205,363,165,336,203,423
198: 194,331,422,357
199: 21,1209,1211,1210,1227,1229,1228,62,30,35,1202,1,5,204,1208,449,433,48,1203,232,29
200: 170,442,136,139,188,462,445,149
201: 385,364,360,275,218
202: 334,279,426,370,469
203: 423,197,171,336,278,136
204: 5,1208,1227,1229,1228,62,30,35,1202,480,1207,199,48,1203,232,29
205: 363,408,410,303,165,197
206: 402,273,417,304,330,345
207: 280,239,471,400,238,360
208: 415
209: 1264,352,71,480,1207
210: 187,133,459,109,169,211
211: 459,210,109,169
212: 482,240,486
213: 309,100,421
214: 412,300,195,266
215: 493,253,497,319,300,401
216: 193,93,484,308,46,12,98,173,145,183,301
217: 373,192,389,430,346,161
218: 275,360,458,121,201,385,364
219: 267,135,3,168,163,338,386,229,4,91,413
220: 24,50,225,416,15,449,433,81
221: 
222: 405,310,382
223: 333,161,224
224: 223
225: 24,50,45,18,164,84,60,70,476,447,355,59,416,15,290,441,220
226: 424,180,371,348
227: 326,256,349,108,321,287
228: 
229: 386,79,163,219,94,4,111,115,358,365
230: 392,399,466,247,246,184
231: 467,356
232: 48,1203,1,199,5,204,1208,449,433,29
233: 461,148,374,432
234: 317,179,463,296,369,384,44,185,465,82,26,1204,56,64
235: 342,172,307,435,332,174,270,406,144
236: 375,285,131,102,324
237: 337,407
238: 496,489,107,207,268,458,261,121
239: 471,453,455,207
240: 486,158,212,440,141
241: 292,117,412,298,437,195
242: 271,351,403
243: 150,448
244: 264,111,115,358,365,487,68,446,47,96,28,75,104,1213,1217,32,1215,40,1212,97,11
245: 339,53,43,130,182,284,251,126,250,255
246: 247,101,230,184,123
247: 246,101,230,184,123,281
248: 327,428,157,315,350
249: 351,403,299,425,119,166
250: 126,182,339,245,284,251,255,134,381,352
251: 379,20,182,339,245,69,126,250,14,17,19,134,381
252: 372,109,495,137,160
253: 141,313,444,156,493,215,497,319,300,401
254: 181,196,118,332,475,328
255: 339,245,284,126,250,381,352,71
256: 387,349,108,321,227,326
257: 286,407,437,266,414
258: 147,299,189,113
259: 160,495,137,603
260: 162,269
261: 121,238,496,268,458,331
262: 191,296,369,427,465,267,135,3,168
263: 420,105,119,166,189,143,443,294,306
264: 244,111,115,358,365,487,68,446,47,96,28,75,104,1213,1217,32,1215,40,1212,97,11,54
265: 468,483,274,156,493
266: 195,437,214,257,286
267: 427,262,191,135,79,163,219
268: 238,496,458,261,121
269: 120,396,190,162,260
270: 174,307,435,235,342,406,144,481
271: 242,351
272: 315,114,478
273: 481,174,304,206
274: 177,468,483,156,265
275: 218,201,385,364,325,357
276: 454,189,113,443,294
277: 186,139,323,398,445,149,312,464
278: 136,171,203,423
279: 426,334,202,159,370,469
280: 207,471,400,360
281: 247,123,148,461
282: 322,397,138
283: 402,345,322
284: 130,339,245,126,250,255
285: 131,393,305,335,102,375,236
286: 257,407,266,383,414,456
287: 321,227,326,498
288: 308,183,301,87,488
289: 295,394,499,424,376
290: 441,129,27,311,355,59,24,50,225,81
291: 377,470,177
292: 241,117,412,298,195
293: 122,324,316
294: 306,263,443,454,276,101
295: 345,341,289,499
296: 369,77,317,179,234,262,191,465,82,26,1204
297: 192,389
298: 412,117,241,292,319,195
299: 351,403,249,258,147,119,166,189,113
300: 497,319,253,215,412,401,214
301: 183,193,216,308,288,173,145,87,67,65,39
302: 485,393,305,477,131,102,175
303: 410,165,205,171,429
304: 273,481,206,402,330
305: 393,302,285,131,102
306: 294,263,420,105,443,101
307: 435,235,342,174,270
308: 193,216,288,173,145,183,301,87
309: 213,100,421,133,372
310: 405,222
311: 129,27,1213,1217,32,1215,40,1212,97,11,54,73,1226,1214,58,45,18,164,361,124,355,59,290,441
312: 464,323,398,186,277,196
313: 141,444,440,468,156,493,253
314: 132,367,192,389,161
315: 157,248,327,114,272,478
316: 122,324,175,293
317: 179,80,116,463,296,369,234,384,44,185
318: 75,104,419
319: 497,300,253,215,412,298,401
320: 
321: 256,349,150,418,227,326,287
322: 283,282,397,138
323: 398,494,186,277,312
324: 122,175,477,102,236,293,316
325: 275,357
326: 227,256,387,349,108,321,287
327: 248,428,128,315,350
328: 473,475,254,332,406,144
329: 474,167
330: 304,206,345,341
331: 261,121,422,357,198,194
332: 172,181,254,235,342,473,475,328,144
333: 223,161,378
334: 202,362,279,426,469
335: 393,285,415,451
336: 197,492,203,423
337: 237,407,340
338: 135,3,168,61,83,6,219,86,1221,103,4,91,413,37,1224,2
339: 245,53,43,130,182,284,251,126,250,255
340: 337,160
341: 330,345,295
342: 235,172,307,435,332,270
343: 
344: 
345: 206,330,283,341,295
346: 373,217,389,430,161,378
347: 34
348: 226,180,371,167,491
349: 256,387,108,321,227,326
350: 248,327,403,147
351: 271,242,403,249,299
352: 126,250,255,381,71,30,35,1202,480,1207,209,1264
353: 438,356,120,396,190
354: 431,438,120,396,190
355: 59,73,1226,1214,58,45,18,164,84,60,129,27,311,24,50,225,290,441
356: 153,231,467,353,178,411,450
357: 275,331,422,325,198,194
358: 365,386,229,4,91,413,111,115,487,68,446,264,244,47,96,28
359: 452,409
360: 400,207,280,458,201,364,218
361: 124,75,104,1213,1217,32,1215,40,1212,97,11,54,73,1226,1214,58,419,129,27,311
362: 108,387,334
363: 205,410,165,197
364: 201,385,360,458,275,218
365: 358,386,229,4,91,413,111,115,487,68,446,264,244,47,96,28
366: 154,138,394,499,376
367: 132,314,112,192
368: 472
369: 296,77,317,179,234,262,191,465,82,26,1204
370: 159,469,202,279,426,373
371: 226,180,348,491
372: 309,404,421,133,109,252
373: 426,159,370,469,217,430,346
374: 148,233,432
375: 236,285,131
376: 289,394,499,154,366
377: 491,291,470
378: 346,161,333
379: 20,90,42,13,23,53,43,22,1222,92,57,182,99,1238,76,69,251
380: 460,432,455,155,127
381: 251,126,250,255,134,352,1227,1229,1228,62,30,35,1202,480,1207
382: 473,475,405,222
383: 414,286,407
384: 44,185,317,179,463,93,484,234,46,12,98,82,26,1204,56,64,66,9,33
385: 201,364,458,275,218
386: 229,79,163,219,94,4,111,115,358,365
387: 256,349,362,108,326
388: 153
389: 192,297,217,132,314,346,161
390: 1022
391: 439,110,460
392: 399,466,230
393: 305,302,335,285,131,102
394: 499,289,154,366,376
395: 148
396: 120,190,438,354,353,269
397: 138,322,282
398: 323,277,312,464
399: 466,392,230
400: 471,207,280,360
401: 253,215,497,319,300
402: 206,481,417,304,283
403: 242,351,350,249,299,147
404: 372
405: 222,310,382
406: 144,235,473,328,174,270,481,417
407: 257,286,237,437,337,383,414
408: 205,165
409: 152,452,359,158
410: 303,165,205,363,171,429
411: 178,450,467,356,162
412: 298,117,241,292,497,319,300,195,214
413: 91,219,338,86,1221,103,4,37,1224,2,358,365,487,68,7,41
414: 383,257,286,407,456
415: 451,208,335,128
416: 15,84,60,70,476,447,1,24,50,225,449,433,220
417: 406,481,304,206,402
418: 150,321
419: 75,104,1213,1217,32,1215,40,1212,97,11,54,318,361,124
420: 263,105,166,143,306
421: 133,213,309,187,100,372,109
422: 331,357,198,194
423: 203,197,171,336,278,136
424: 289,226,180
425: 142,249,119,166,143,105
426: 279,334,202,159,370,469,373
427: 262,191,267,135
428: 128,248,327
429: 410,303,171,136,170
430: 373,217,346
431: 354,438,120,190
432: 461,233,460,380,155,127
433: 449,70,476,447,1,199,416,15,48,1203,232,220
434: 807,1108,778,775
435: 307,172,235,342,174,270
436: 489,107
437: 241,195,266,257,407
438: 431,354,353,120,396,190
439: 391,184,123,460
440: 158,240,486,468,483,141,313
441: 290,129,27,311,355,59,24,50,225
442: 494,170,200,139
443: 166,189,113,263,454,276,294,306
444: 141,313,253
445: 462,149,170,200,139,188,186,277
446: 111,115,358,365,264,244,75,104
447: 70,476,88,106,21,1209,1211,1210,84,60,1,24,50,225,416,15,449,433
448: 243
449: 433,70,476,447,1,199,416,15,48,1203,232,220
450: 178,411,356,162
451: 415,335,128,157
452: 359,152,409
453: 110,455,239
454: 276,189,113,443,294
455: 380,453,155,127,239,471
456: 286,414
457: 81
458: 238,360,261,121,385,364,218
459: 187,210,169,211
460: 380,439,391,461,432,155
461: 233,123,281,148,460,432
462: 445,149,200,188,186
463: 80,116,317,179,93,484,234,384,44,185,46,12,98
464: 312,398,277,196,172,181
465: 296,369,234,262,191,82,26,1204,135,3,168,61,83,6
466: 399,392,230
467: 231,356,178,411
468: 483,440,274,141,313,156,493,265
469: 159,370,334,202,279,426,373
470: 377,474,291
471: 239,455,127,400,207,280
472: 368
473: 475,328,332,406,144,382
474: 329,167,470
475: 473,328,254,332,144,382
476: 70,447,88,106,21,1209,1211,1210,84,60,1,24,50,225,416,15,449,433
477: 485,302,102,122,324,175
478: 315,114,272
479: 
480: 1207,381,352,71,30,35,1202,209,1264,5,204,1208
481: 273,174,270,406,417,304,402
482: 125,212
483: 468,177,440,274,156,265
484: 93,80,116,463,193,216,384,44,185,46,12,98,173,145
485: 302,477
486: 240,212,440
487: 68,4,91,413,37,1224,2,358,365,7,41,264,244,47,96,28,85,1218,1216,55
488: 288,87,39,52,36
489: 127,436,107,238,496
490: 176,167
491: 377,371,348
492: 336
493: 156,468,141,313,265,253,215
494: 442,323
495: 137,252,259,160
496: 238,489,107,268,261
497: 319,300,253,215,412,401
498: 287
499: 394,295,138,289,154,366,376
500: 1125,955,1035,513,1044,622
501: 
502: 853,669,840,1112,833,842,1030,915
503: 851,1191,1069,1183
504: 1023,827,575,1188,703,755,1163,616
505: 973,908,820,793,1070
506: 840,1112,853,591,510,738,1030
507: 525,615,712,577
508: 1159,818,551
509: 806,1133,828,962,537,1176
510: 738,840,1112,506,591,1030
511: 535,573,578,622,984
512: 1070,863
513: 500,1044,1052
514: 916,541,566,923
515: 810,626,1094,669,842
516: 630,939,540
517: 958,886,980,1085
518: 764,779,1098
519: 963,1011,1095,749
520: 686
521: 1029,942,687
522: 792,858,989,888
523: 571,815,859,954,593,695
524: 911,904,1010,1052,879
525: 507,712,577
526: 612
527: 1113,905,615,928,602,976
528: 678,548,529,1117,762,614,768,545,1101,584
529: 1117,762,614,768,528,548
530: 606,1196,1192,802,546
531: 938
532: 989,880,600,1082
533: 951,674
534: 845,1030,915,1025,1118,817
535: 511,578,622,984
536: 761,646
537: 1176,1016,509,806,828,962,636
538: 1021,1073
539: 766,555,737,1024,832,1054,978,591
540: 630,939,516,583,763
541: 566,514,923
542: 632,1173,1027,594,563,725
543: 995
544: 843,701,732,838
545: 1101,584,728,614,768,528,678,548,1177
546: 1192,530,606,802,585,800
547: 1127,1120,854,614,768
548: 528,678,529,1117,762,614,768,545,1101,584
549: 684,771,917,664
550: 1032,672,1193,909,872,929,941,1013,590
551: 818,508,1159,628,825
552: 662,1186,837
553: 751,1047,1092
554: 988,722,1005,891,619
555: 643,927,1024,539,1112
556: 581,994
557: 831,860,572,570,1185,916
558: 1137,1114,870,1140,698,559
559: 1140,558,1137,698,942
560: 651,983,1151
561: 761
562: 1181,650,1100,649
563: 725,542,594
564: 1056,1049,777,1169
565: 583,697,763
566: 541,916,514,923
567: 1145,1100,649,621
568: 935,723,1063
569: 785,865,805
570: 1061,831,557
571: 523,815,702,859,954,695
572: 831,860,557,877,1164,916
573: 578,588,597,774,734,511
574: 655,628,675,998,789,932
575: 827,882,504,1023,703
576: 767,825,1077
577: 525,507,676
578: 573,588,734,622,535,511,984
579: 1008,881,650
580: 682,898,952
581: 1072,714,556,866,788
582: 613,647,1013
583: 565,540,697,763
584: 545,1101,728,528,678,548,692,1177,680
585: 873,1111,1192,606,1042,1165,546
586: 1076,821,605,1019,1034
587: 966
588: 597,813,774,573,578,734
589: 850,729,746,1116,862
590: 550,1032,929,941,877,1164,1011
591: 539,840,506,1054,510,738,1099
592: 
593: 523
594: 890,542,563,725,1130
595: 1130
596: 759,1002,618
597: 588,819,1083,813,774,573
598: 620,994,1146,1033
599: 1098,779,1053,702,906
600: 888,792,532,743
601: 714,866,823
602: 527,1113,928,976,724
603: 259,726
604: 1196,681,730,1104
605: 586,821,1019,1034,757
606: 530,1196,1192,802,585,546
607: 
608: 
609: 925,866,823,788,773
610: 1147,750,748,1179,658,1168,637
611: 625,784,1017
612: 526
613: 582,647,710,1173
614: 768,547,529,1117,528,678,548,545,1101
615: 712,527,1113,905,507
616: 755,1163,1188,504,1133
617: 1122,1195,814
618: 596,1002,829,977,1120
619: 891,676,554,988,722,914
620: 598,994,1146
621: 1198,567,1145,631
622: 500,578,1044,535,511
623: 1020
624: 1093,660
625: 1144,784,611
626: 1094,1038,665,927,669,515
627: 694,948,913,1000,1014
628: 655,574,551,825,675,998,789,932
629: 1103
630: 939,540,516
631: 1128,940,1198,621,848
632: 1173,710,542,1027
633: 849,666,922,987,1001,708,742
634: 952,818
635: 646,1018
636: 1078,828,731,537,1176,1016
637: 1168,610,658
638: 764
639: 1068
640: 1089,849,1001,808,971,708,742,750,652,1188
641: 885,876,1150,897,748
642: 1041,985,1015
643: 555,927,766,1024
644: 949
645: 818
646: 761,536,635,1018
647: 582,613,1073,710,1173
648: 846,795,1028
649: 1100,562,650,1174,1055,567,1145
650: 579,562,881,1100,649,1174,957,1055
651: 983,1096,796,560
652: 1188,1001,808,971,640,1089,1023,755
653: 854,894,883,1120,1127
654: 1189,1077
655: 574,628,675,998,789
656: 518,1009
657: 953,664,1004,721
658: 1179,610,1168,637
659: 830
660: 1180,624,934
661: 758
662: 552,1186,837
663: 696,679
664: 549,657,953
665: 1124,1046,626,1094
666: 922,816,849,633,1001
667: 834,961,704,899,1190,1088
668: 797,1185
669: 626,810,515,840,1112,853,502
670: 
671: 1194,1106,798
672: 934,1193,872,550,1032
673: 897,748,1179
674: 1020,533,951
675: 655,574,628,998,789
676: 812,577,988,891,619
677: 689
678: 528,548,1117,762,614,768,545,1101,584,728
679: 663,920
680: 584,728,692,1177
681: 730,1196,604
682: 721,580
683: 1071,739,1109,946,1152
684: 771,902,549,917
685: 
686: 520,688
687: 942,521,979
688: 686,1065
689: 677,907
690: 914,918,1064
691: 820,793,889
692: 926,584,1090,680
693: 735
694: 627,948,913,1014
695: 859,954,523,571
696: 903,663,967,1162,1072
697: 763,1091,583,565,758
698: 870,558,1137,1029,559
699: 839,1110,1195,739
700: 972,794
701: 843,1135,791,544,732
702: 815,956,938,867,1053,599,571
703: 827,575,504,1023,1163
704: 844,834,961,667
705: 754,1152
706: 766,737,1024,832,978
707: 1026,1049,777
708: 742,1147,750,987,849,633,1001,640,1089
709: 822
710: 1067,613,647,632,1173
711: 769,869,987
712: 615,525,507
713: 969
714: 967,1072,601,581,866,823
715: 800,933
716: 1149,803
717: 981,780,945
718: 
719: 1136,722
720: 1148,1066
721: 1004,657,953,985,682
722: 554,988,891,619,1136,719
723: 1063,781,568
724: 602,976,1060
725: 563,542,594
726: 603,538
727: 939
728: 545,1101,584,678,1177,680
729: 589,847,746,1116
730: 681,911,904,604
731: 828,1066,1176,1078,636
732: 843,701,544
733: 781,935,1063
734: 588,774,573,578,1136,984
735: 693
736: 912
737: 1024,766,706,539,832,1054,978
738: 510,840,506,591,1030,1099,1025,845
739: 1110,699,772,1109,683,1071,946
740: 1059
741: 992,1197,921,839,1110,772
742: 708,1147,750,987,849,633,640,1089
743: 600,1157,947,782
744: 
745: 887,850,819,1083
746: 1116,729,589,955,1035,862,1125
747: 1181
748: 897,1179,641,610,673
749: 519,963,1095,1080
750: 708,742,1147,849,640,1089,610
751: 553,1184,1047,1092
752: 1175
753: 783,1194
754: 705,1048,865
755: 1163,616,652,1188,504,1023
756: 930,1021,1067
757: 821,605,1019,1034,783
758: 1091,697,763,661
759: 596,1002
760: 
761: 561,1077,536,646
762: 529,1117,528,678,548
763: 697,540,583,565,758
764: 638,518
765: 813,970,996,1105,1083,1005,895
766: 643,706,737,1024,539
767: 576,825,932
768: 614,547,529,1117,528,678,548,545
769: 1118,869,711,987
770: 775
771: 684,902,549,917
772: 741,992,1110,739,1109
773: 609
774: 813,970,588,597,573,734,1136
775: 1108,434,770
776: 1047,887
777: 1026,1049,707,564,1056
778: 838,807,919,434,1062
779: 518,1053,1098,599
780: 717,981,975,1132
781: 733,723,1063
782: 743,947,1074
783: 1194,757,753
784: 1144,944,625,611,1017
785: 569,865,805
786: 
787: 
788: 581,866,823,609,925
789: 998,655,574,628,675,932,1135,900
790: 
791: 1135,1189,843,701
792: 522,858,799,989,880,600,888
793: 820,973,691,505
794: 972,700
795: 846,833,842,648
796: 1096,651
797: 668
798: 1106,671
799: 1138,1062,858,792,892
800: 715,546,933
801: 890,1170
802: 530,606,546
803: 1149,716,982
804: 1199,993,1102
805: 785,569,974
806: 509,1133,962,537,1176
807: 838,919,434,778
808: 971,922,1001,640,652,1188,1023
809: 1017
810: 515,669,853,842
811: 
812: 1105,1123,1005,895,676
813: 765,970,996,1083,895,588,597,774
814: 1195,617,1041
815: 702,867,1053,859,954,523,571
816: 666,922
817: 1025,534,845,1118
818: 634,551,508,1159
819: 745,887,1083,597
820: 793,691,505,889
821: 1156,1076,586,605,757
822: 709,889,1131,910
823: 866,714,601,788,609,925
824: 
825: 551,1159,628,998,932,576,767
826: 1068
827: 575,882,504,1023,703
828: 1133,509,731,537,1176,1078,636
829: 977,618,1012,1120
830: 659
831: 860,572,557,570,877,1164,1185,916
832: 1054,978,706,737,539,937,1099
833: 842,853,502,795,915
834: 961,667,844,704,899,1088
835: 1033,990,1038,927
836: 1016
837: 1186,662,552,921
838: 807,544,919,778
839: 1110,1197,1166,741,699
840: 1112,506,669,853,502,591,510,738,1030
841: 
842: 833,810,515,853,502,795
843: 701,791,544,732
844: 704,834,961
845: 534,738,1030,915,1025,1118,817
846: 795,648
847: 729,1158,1116,1178
848: 1128,940,631
849: 633,666,922,987,1001,708,742,1147,750,640
850: 745,589
851: 503,1069,1183
852: 965,1003
853: 502,669,810,840,1112,506,833,842,1030
854: 894,653,1120,1127,547,958
855: 1102,1165,991,1039,1114
856: 1134,944
857: 1191,1183
858: 1138,1062,799,522,792
859: 954,815,523,571,695
860: 831,572,557,1185,916
861: 1057
862: 955,1035,589,746,1116,1125
863: 512,1160,999
864: 1158,1178
865: 754,1048,785,569
866: 823,714,601,581,788,609,925
867: 956,938,1053,815,702
868: 1058
869: 1118,769,711,987
870: 1161,1114,558,1137,698
871: 1087,1119,1184,975,1123
872: 672,1193,550,1032,1013
873: 1111,1104,1196,1192,1042,585
874: 1178,904,1010,1052,879
875: 
876: 1150,885,641
877: 1164,909,929,941,831,572,590
878: 1065
879: 1010,1052,874,904,524
880: 989,792,892,532
881: 1008,579,650,957
882: 1139,827,575
883: 1120,894,653
884: 1155,1037
885: 876,1150,641
886: 958,517,980,1006,1036,1085
887: 745,776,819,1083
888: 600,522,792,989
889: 691,820,822
890: 801,1170,594
891: 619,676,554,988,722,914
892: 799,989,880,997,1045
893: 1157
894: 854,653,883,1120,1127,958
895: 1005,996,1105,812,765,813,970
896: 1027,1095,1080
897: 748,1179,641,673
898: 580
899: 834,961,667,1190,1088
900: 1189,998,789,932,1135
901: 1050
902: 1090,684,771
903: 696
904: 911,874,730,1010,1052,879,524
905: 527,1113,1075,615,928
906: 1053,1098,599
907: 689,986,1076
908: 973,505
909: 550,929,941,877,1164
910: 822,1131
911: 904,730,1010,524
912: 924,736,1146,1058
913: 627,694,948
914: 690,918,891,619,1064
915: 502,833,1030,534,845,1118
916: 831,860,572,557,1185,514,566
917: 684,771,549,1004,953
918: 690,914,1064
919: 838,807,778,1138,1062
920: 1153,1141,679
921: 1186,837,741,992
922: 666,816,849,633,1001,808
923: 963,514,541,566,1043
924: 912,1146,1058
925: 609,866,823,788
926: 692,1090
927: 835,1038,626,555,643
928: 1075,527,1113,905,1031,943,602,976
929: 941,909,550,1032,877,1164,590
930: 1121,1021,756
931: 1167
932: 574,628,825,998,789,767,900
933: 715,800
934: 672,1180,660,1193
935: 733,966,568
936: 
937: 832,1054,1099
938: 956,867,531,702
939: 630,727,540,516
940: 1128,631,1198,848
941: 929,1193,909,550,1032,877,1164,590
942: 559,521,687
943: 1031,928,976,982
944: 1144,856,784
945: 717,981,1167,1075
946: 739,1122,683,1071,1152
947: 1157,743,782
948: 627,694,913
949: 644
950: 1061,1106
951: 533,674
952: 580,1015,634
953: 657,917,664,1004,721
954: 859,815,523,571,695
955: 1035,862,746,500,1125
956: 938,867,702
957: 1174,881,650,1055,1172
958: 854,894,1127,517,886
959: 1171
960: 
961: 834,667,844,704,899,1190,1088
962: 509,806,537,1176,1016
963: 1011,519,749,923
964: 
965: 852,1003,1115
966: 587,935
967: 1162,696,1072,714
968: 1022
969: 1160,999,713
970: 765,813,996,1105,1083,1005,895,774
971: 808,1001,640,652,1188,1023
972: 794,700
973: 908,793,505
974: 805
975: 780,1132,871
976: 527,1113,928,1031,943,602,724
977: 829,618,1012
978: 832,1054,706,737,1024,539,1099
979: 687
980: 517,886,1006,1036
981: 717,780,945,1132
982: 943,803,1182
983: 651,1096,560
984: 578,734,1136,535,511
985: 721,1041,642
986: 1143,907,1156,1076
987: 769,869,711,849,633,708,742,1147
988: 554,722,1005,676,891,619
989: 880,522,792,892,888,532
990: 1033,835
991: 1102,1165,855,1039,1114
992: 741,1197,921,772
993: 804,1199,1102
994: 556,598,620
995: 543
996: 1047,1092,1083,765,813,970,895
997: 1045,892,1171
998: 789,655,574,628,825,675,932,1135,900
999: 863,1160,969
1000: 627,1014
1001: 666,922,849,633,808,971,708,640,652
1002: 759,596,618
1003: 852,965
1004: 917,657,953,721
1005: 895,1105,812,765,970,554,988
1006: 1036,1085,886,980
1007: 
1008: 579,881
1009: 656
1010: 1052,879,874,911,904,524
1011: 963,590,519
1012: 829,977
1013: 872,550,1032,582
1014: 1000,627,694
1015: 642,952
1016: 537,1176,962,1078,636,836
1017: 784,611,809
1018: 646,635
1019: 1034,586,605,757
1020: 674,623
1021: 538,930,1073,756,1067
1022: 968,390
1023: 504,808,971,827,575,652,1188,703,755,1163
1024: 737,766,555,643,706,539,978
1025: 738,1030,534,845,817
1026: 1049,777,707
1027: 632,542,1095,896
1028: 648
1029: 698,521
1030: 840,1112,506,853,502,510,738,915,1025,534,845
1031: 943,928,976
1032: 550,672,872,929,941,1013,590
1033: 1146,598,990,835
1034: 1019,586,605,757
1035: 955,862,746,1116,500,1125
1036: 1006,1085,886,980,1197
1037: 1129,1155,884
1038: 835,927,626,1094
1039: 991,855,1114
1040: 1060,1086
1041: 814,985,642
1042: 1165,873,1111,1192,1102,585
1043: 923
1044: 500,1125,513,622
1045: 997,892,1082,1171
1046: 1124,665,1094
1047: 553,776,1092,996
1048: 754,865
1049: 1026,777,707,564
1050: 901
1051: 1084
1052: 1010,879,874,513,904,524
1053: 779,867,1098,599,815,702,906
1054: 832,978,737,539,591,937,1099
1055: 650,1100,649,1174,957,1145
1056: 564,777,1169
1057: 1107,861
1058: 912,924,1146,868
1059: 740
1060: 1040,724
1061: 950,570
1062: 1138,919,778,858,799
1063: 723,733,781,568
1064: 690,914,918
1065: 688,878
1066: 731,720,1148,1078
1067: 1021,1073,756,710,1173
1068: 826,639
1069: 1191,503,851,1183
1070: 505,512
1071: 683,739,1109,946,1152
1072: 696,967,1162,714,581
1073: 538,1021,1067,647
1074: 782
1075: 945,1167,905,928
1076: 986,907,1156,586,821
1077: 576,1189,761,654
1078: 636,828,731,1066,1176,1016
1079: 
1080: 1095,749,896
1081: 
1082: 1045,532,1171
1083: 745,887,996,819,765,813,970,597
1084: 1051
1085: 1006,1036,517,886
1086: 1040
1087: 1119,871,1184,1123
1088: 1190,834,961,667,899
1089: 640,708,742,1147,750,652
1090: 926,692,902
1091: 697,758
1092: 553,1047,996,1105
1093: 624
1094: 626,1038,665,1046,515
1095: 519,1027,749,896,1080
1096: 796,651,983
1097: 1195
1098: 599,779,518,1053,906
1099: 832,1054,978,591,738,937
1100: 649,562,650,1055,567,1145
1101: 545,584,728,614,528,678,548,1177
1102: 804,1199,1042,1165,991,855
1103: 629
1104: 1196,604,873,1111,1192
1105: 1092,812,765,970,1005,895
1106: 950,671,798
1107: 1057
1108: 434,775
1109: 772,739,683,1071
1110: 839,1166,741,699,772,739
1111: 873,1104,1192,1042,585
1112: 840,506,555,669,853,502,510,1030
1113: 527,905,615,928,602,976
1114: 991,855,1161,1039,870,558,1137
1115: 965
1116: 746,729,589,847,1035,862,1125
1117: 529,762,614,768,528,678,548
1118: 915,534,845,817,769,869
1119: 1087,871,1184,1123
1120: 618,829,883,854,894,653,1127,547
1121: 930
1122: 617,1195,946
1123: 1087,1119,871,812
1124: 665,1046
1125: 500,746,1116,955,1035,862,1044
1126: 
1127: 547,1120,854,894,653,958
1128: 940,631,1198,848
1129: 1037
1130: 594,595
1131: 822,910
1132: 780,981,975
1133: 616,509,806,828
1134: 856
1135: 791,998,789,1189,900,701
1136: 719,774,722,734,984
1137: 558,1114,870,1140,698,559
1138: 1062,919,858,799
1139: 882
1140: 558,1137,559
1141: 1153,920
1142: 
1143: 986,1156
1144: 944,625,784
1145: 567,1100,649,1055,621
1146: 912,924,598,620,1058,1033
1147: 708,742,750,987,849,1089,610
1148: 720,1066
1149: 803,716
1150: 876,885,641
1151: 560
1152: 683,1071,946,705
1153: 1141,920
1154: 
1155: 884,1037
1156: 1143,986,1076,821
1157: 893,743,947
1158: 847,864,1178
1159: 508,818,551,825
1160: 863,999,969
1161: 1114,870
1162: 967,696,1072
1163: 755,616,1188,504,1023,703
1164: 877,909,929,941,831,572,590
1165: 1042,1102,585,991,855
1166: 1177,1197,839,1110
1167: 931,945,1075
1168: 637,610,658
1169: 564,1056
1170: 890,801
1171: 997,1045,1082,959
1172: 1174,957
1173: 632,1067,710,613,647,542
1174: 957,650,649,1055,1172
1175: 752
1176: 537,1016,509,806,828,731,962,1078,636
1177: 545,1101,584,728,680,1166
1178: 1158,847,864,874
1179: 897,748,610,673,658
1180: 660,934
1181: 747,562
1182: 982
1183: 503,851,1191,1069,857
1184: 1087,1119,871
1185: 831,860,557,916,668
1186: 837,662,552,921
1187: 
1188: 652,808,971,640,504,1023,755,1163,616
1189: 900,1135,791,1077,654
1190: 1088,961,667,899
1191: 1069,503,1183,857
1192: 1104,1196,873,1111,530,606,1042,585,546
1193: 934,672,872,550,941
1194: 783,753,671
1195: 1097,699,617,1122,814
1196: 604,681,1104,873,1192,530,606
1197: 1036,1166,741,992,839
1198: 621,1128,940,631
1199: 804,993,1102
1202: 30,35,134,381,352,1227,1229,1228,62,480,1207,199,5,204,1208
1203: 48,232,1,199,5,204,1208,449,433,29
1204: 82,26,296,369,234,384,44,185,465,56,64,3,168,61,83,6,1223,1244,1225,1248,8
1205: 10,49,51,37,1224,2,1241,1206,1242,1243,1230,1255,1258,1262,1234,1231,1235,1232,72,1233,7,41,63,1237,1239,1236,89,85,1218,1216,55,16,88
1206: 1241,1242,1243,1230,1255,86,1221,103,1251,1219,1254,1250,1252,1249,1253,74,1267,1265,1261,1247,1260,1240,1256,1245,1259,1257,1220,1263,31,37,1224,2,1258,1262,1234,1231,1235,1232,72,1233,7,41,10,1205,49,51,63,1237,1239,1236,89
1207: 480,381,352,71,30,35,1202,209,1264,5,204,1208
1208: 5,204,1227,1229,1228,62,30,35,1202,480,1207,199,48,1203,232
1209: 21,1211,1210,25,38,140,14,17,19,134,106,1227,1229,1228,62,70,476,447,1,199
1210: 21,1209,1211,38,140,14,17,19,134,106,1227,1229,1228,62,70,476,447,1,199
1211: 21,1209,1210,38,140,14,17,19,134,106,1227,1229,1228,62,70,476,447,1,199
1212: 1213,1217,32,1215,40,97,11,54,264,244,47,96,28,85,1218,1216,55,75,104,73,1226,1214,58,419,361,124,129,311
1213: 1217,32,1215,40,1212,97,11,54,264,244,47,96,28,85,1218,1216,55,75,104,73,1226,1214,58,419,361,124,129,311
1214: 73,1226,58,47,85,1218,1216,55,16,1213,1217,32,1215,40,1212,97,54,45,18,164,361,124,129,27,311,355,59
1215: 1213,1217,32,40,1212,97,11,54,264,244,47,96,28,85,1218,1216,55,75,104,73,1226,1214,58,419,361,124,129,311
1216: 85,1218,55,487,68,7,41,10,1205,49,51,47,96,28,16,1213,1217,32,1215,40,1212,97,11,54,73,1226,1214,58,45,18,164
1217: 1213,32,1215,40,1212,97,11,54,264,244,47,96,28,85,1218,1216,55,75,104,73,1226,1214,58,419,361,124,129,311
1218: 85,1216,55,487,68,7,41,10,1205,49,51,47,96,28,16,1213,1217,32,1215,40,1212,97,11,54,73,1226,1214,58,45,18,164
1219: 1251,1254,1250,1252,1249,1253,74,1267,1265,61,83,1223,1244,1225,1248,1246,8,1266,78,95,86,1221,103,1261,1247,1260,1240,1256,1245,1259,1257,1220,1263,31,37,1224,2,1241,1206,1242,1243,1230,1255,1258,1262,1234,1231,1235,1232,72,1233
1220: 1261,1247,1260,1240,1256,1245,1259,1257,1263,31,1223,1244,1225,1248,1246,8,1266,78,95,42,1251,1219,1254,1250,1252,1249,1253,74,1267,1265,22,1222,92,57,1241,1206,1242,1243,1230,1255,1258,1262,1234,1231,1235,1232,72,1233,99,76
1221: 86,103,3,168,83,1223,1225,1246,8,1266,338,1251,1219,1254,1250,1252,1249,1253,74,1267,1265,91,413,37,1224,2,1241,1206,1242,1243,1230,1255
1222: 22,92,57,78,95,90,42,13,23,1261,1247,1260,1240,1256,1245,1259,1257,1220,1263,31,379,20,1258,1262,1234,1231,1235,1232,72,1233,99,1238,76,69
1223: 1244,1225,1248,1246,8,1266,82,26,1204,56,64,66,33,61,83,6,78,95,86,1221,103,1251,1219,1254,1250,1252,1249,1253,74,1267,1265,1261,1247,1260,1240,1256,1245,1220,1263
1224: 37,2,338,86,1221,103,1251,1219,1254,1250,1252,1249,1253,74,1267,1265,91,413,1241,1206,1242,1243,1230,1255,487,68,7,41,10,1205,49,51
1225: 1223,1244,1248,1246,8,1266,26,1204,56,64,66,33,61,83,78,95,86,1221,103,1251,1219,1254,1250,1252,1249,1253,74,1267,1265,1261,1247,1260,1240,1256,1245,1257,1220,1263,31
1226: 73,1214,58,47,96,28,85,1218,1216,55,16,1213,1217,32,1215,40,1212,97,11,54,45,18,164,361,124,129,311,355,59
1227: 1229,1228,62,14,17,19,134,381,21,1209,1211,1210,30,35,1202,1,199,5,204,1208
1228: 1227,1229,62,14,17,19,134,381,21,1209,1211,1210,30,35,1202,1,199,5,204,1208
1229: 1227,1228,62,14,17,19,134,381,21,1209,1211,1210,30,35,1202,1,199,5,204,1208
1230: 1241,1206,1242,1243,1255,86,1221,103,1251,1219,1254,1250,1252,1249,1253,74,1267,1265,1261,1247,1260,1240,1256,1245,1259,1257,1220,1263,31,37,1224,2,1258,1262,1234,1231,1235,1232,72,1233,7,10,1205,49,51,63,1237,1239,1236,89
1231: 1258,1262,1234,1235,1232,72,1233,1251,1219,1254,1250,1252,1249,1253,74,1267,1265,1261,1247,1260,1240,1256,1245,1259,1257,1220,1263,31,22,1222,92,57,1241,1206,1242,1243,1230,1255,99,1238,76,10,1205,49,51,63,1237,1239,1236,89,25,38,140
1232: 1258,1262,1234,1231,1235,72,1233,1251,1219,1254,1250,1252,1249,1253,74,1267,1265,1261,1247,1260,1240,1256,1245,1259,1257,1220,1263,31,22,1222,92,57,1241,1206,1242,1243,1230,1255,99,1238,76,10,1205,49,51,63,1237,1239,1236,89,25,38,140
1233: 1258,1262,1234,1231,1235,1232,72,1251,1219,1254,1250,1252,1249,1253,74,1267,1265,1261,1247,1260,1240,1256,1245,1259,1257,1220,1263,31,22,1222,92,57,1241,1206,1242,1243,1230,1255,99,1238,76,10,1205,49,51,63,1237,1239,1236,89,25,38,140
1234: 1258,1262,1231,1235,1232,72,1233,1251,1219,1254,1250,1252,1249,1253,74,1267,1265,1261,1247,1260,1240,1256,1245,1259,1257,1220,1263,31,22,1222,92,57,1241,1206,1242,1243,1230,1255,99,1238,76,10,1205,49,51,63,1237,1239,1236,89,25,38,140
1235: 1258,1262,1234,1231,1232,72,1233,1251,1219,1254,1250,1252,1249,1253,74,1267,1265,1261,1247,1260,1240,1256,1245,1259,1257,1220,1263,31,22,1222,92,57,1241,1206,1242,1243,1230,1255,99,1238,76,10,1205,49,51,63,1237,1239,1236,89,25,38,140
1236: 63,1237,1239,89,1241,1206,1242,1243,1230,1255,1258,1262,1234,1231,1235,1232,72,1233,99,1238,76,10,1205,49,51,25,38,140,16,88,106
1237: 63,1239,1236,89,1241,1206,1242,1243,1230,1255,1258,1262,1234,1231,1235,1232,72,1233,99,1238,76,10,1205,49,51,25,38,140,16,88,106
1238: 99,76,1261,1260,1240,1256,1245,1259,1257,31,22,1222,92,57,379,20,1258,1262,1234,1231,1235,1232,72,1233,69,63,1237,1239,1236,89,25,38,140,14,17,19
1239: 63,1237,1236,89,1241,1206,1242,1243,1230,1255,1258,1262,1234,1231,1235,1232,72,1233,99,1238,76,10,1205,49,51,25,38,140,16,88,106
1240: 1261,1247,1260,1256,1245,1259,1257,1220,1263,31,1223,1244,1225,1248,1246,8,1266,78,95,90,42,1251,1219,1254,1250,1252,1249,1253,74,1267,1265,22,1222,92,57,1241,1206,1242,1243,1230,1255,1258,1262,1234,1231,1235,1232,72,1233,99,1238,76
1241: 1206,1242,1243,1230,1255,86,1221,103,1251,1219,1254,1250,1252,1249,1253,74,1267,1265,1261,1260,1240,1256,1245,1259,1257,1220,1263,31,37,1224,2,1258,1262,1234,1231,1235,1232,72,1233,7,10,1205,49,51,63,1237,1239,1236,89
1242: 1241,1206,1243,1230,1255,86,1221,103,1251,1219,1254,1250,1252,1249,1253,74,1267,1265,1261,1247,1260,1240,1256,1245,1259,1257,1220,1263,31,37,1224,2,1258,1262,1234,1231,1235,1232,72,1233,7,10,1205,49,51,63,1237,1239,1236,89
1243: 1241,1206,1242,1230,1255,86,1221,103,1251,1219,1254,1250,1252,1249,1253,74,1267,1265,1261,1260,1240,1256,1245,1259,1257,1220,1263,31,37,1224,2,1258,1262,1234,1231,1235,1232,72,1233,7,41,10,1205,49,51,63,1237,1239,1236,89
1244: 1223,1225,1248,1246,8,1266,26,1204,56,64,66,9,33,61,83,78,95,86,103,1251,1219,1254,1250,1249,1253,74,1267,1265,1261,1247,1260,1240,1256,1245,1220,1263
1245: 1261,1247,1260,1240,1256,1259,1257,1220,1263,31,1223,1244,1225,1248,1246,8,1266,78,95,90,42,1251,1219,1254,1250,1252,1249,1253,74,1267,1265,22,1222,92,57,1241,1206,1242,1243,1230,1255,1258,1262,1234,1231,1235,1232,72,1233,99,1238,76
1246: 1223,1244,1225,1248,8,1266,26,56,66,33,83,78,95,86,1221,103,1251,1219,1254,1250,1252,1249,1253,74,1267,1265,1261,1247,1260,1240,1256,1245,1259,1257,1220,1263,31
1247: 1261,1260,1240,1256,1245,1259,1257,1220,1263,31,1223,1244,1225,1248,1246,8,1266,78,95,90,42,1251,1219,1254,1250,1252,1249,1253,74,1267,1265,22,1222,92,57,1206,1242,1230,1255,1258,1262,1234,1231,1235,1232,72,1233,99,76
1248: 1223,1244,1225,1246,8,1266,26,1204,56,64,66,9,33,61,83,78,95,86,103,1251,1219,1254,1249,1253,74,1267,1265,1261,1247,1240,1245,1220,1263
1249: 1251,1219,1254,1250,1252,1253,74,1267,1265,83,1223,1244,1225,1248,1246,8,1266,78,95,86,1221,103,1261,1247,1260,1240,1256,1245,1259,1257,1220,1263,31,37,1224,2,1241,1206,1242,1243,1230,1255,1258,1262,1234,1231,1235,1232,72,1233
1250: 1251,1219,1254,1252,1249,1253,74,1267,1265,83,1223,1244,1225,1246,8,1266,78,95,86,1221,103,1261,1247,1260,1240,1256,1245,1259,1257,1220,1263,31,37,1224,2,1241,1206,1242,1243,1230,1255,1258,1262,1234,1231,1235,1232,72,1233
1251: 1219,1254,1250,1252,1249,1253,74,1267,1265,83,1223,1244,1225,1248,1246,8,1266,78,95,86,1221,103,1261,1247,1260,1240,1256,1245,1259,1257,1220,1263,31,37,1224,2,1241,1206,1242,1243,1230,1255,1258,1262,1234,1231,1235,1232,72,1233
1252: 1251,1219,1254,1250,1249,1253,74,1267,1265,83,1223,1225,1246,8,1266,78,95,86,1221,103,1261,1247,1260,1240,1256,1245,1259,1257,1220,1263,31,37,1224,2,1241,1206,1242,1243,1230,1255,1258,1262,1234,1231,1235,1232,72,1233
1253: 1251,1219,1254,1250,1252,1249,74,1267,1265,83,1223,1244,1225,1248,1246,8,1266,78,95,86,1221,103,1261,1247,1260,1240,1256,1245,1259,1257,1220,1263,31,37,1224,2,1241,1206,1242,1243,1230,1255,1258,1262,1234,1231,1235,1232,72,1233
1254: 1251,1219,1250,1252,1249,1253,74,1267,1265,83,1223,1244,1225,1248,1246,8,1266,78,95,86,1221,103,1261,1247,1260,1240,1256,1245,1259,1257,1220,1263,31,37,1224,2,1241,1206,1242,1243,1230,1255,1258,1262,1234,1231,1235,1232,72,1233
1255: 1241,1206,1242,1243,1230,86,1221,103,1251,1219,1254,1250,1252,1249,1253,74,1267,1265,1261,1247,1260,1240,1256,1245,1259,1257,1220,1263,31,37,1224,2,1258,1262,1234,1231,1235,1232,72,1233,7,10,1205,49,51,63,1237,1239,1236,89
1256: 1261,1247,1260,1240,1245,1259,1257,1220,1263,31,1223,1244,1225,1246,8,1266,78,95,42,1251,1219,1254,1250,1252,1249,1253,74,1267,1265,22,1222,92,57,1241,1206,1242,1243,1230,1255,1258,1262,1234,1231,1235,1232,72,1233,99,1238,76
1257: 1261,1247,1260,1240,1256,1245,1259,1220,1263,31,1225,1246,8,1266,78,95,42,1251,1219,1254,1250,1252,1249,1253,74,1267,1265,22,1222,92,57,1241,1206,1242,1243,1230,1255,1258,1262,1234,1231,1235,1232,72,1233,99,1238,76
1258: 1262,1234,1231,1235,1232,72,1233,1251,1219,1254,1250,1252,1249,1253,74,1267,1265,1261,1247,1260,1240,1256,1245,1259,1257,1220,1263,31,22,1222,92,57,1241,1206,1242,1243,1230,1255,99,1238,76,10,1205,49,51,63,1237,1239,1236,89,38,140
1259: 1261,1247,1260,1240,1256,1245,1257,1220,1263,31,1246,8,1266,78,95,42,1251,1219,1254,1250,1252,1249,1253,74,1267,1265,22,1222,92,57,1241,1206,1242,1243,1230,1255,1258,1262,1234,1231,1235,1232,72,1233,99,1238,76
1260: 1261,1247,1240,1256,1245,1259,1257,1220,1263,31,1223,1244,1225,1246,8,1266,78,95,42,1251,1219,1254,1250,1252,1249,1253,74,1267,1265,22,1222,92,57,1241,1206,1242,1243,1230,1255,1258,1262,1234,1231,1235,1232,72,1233,99,1238,76
1261: 1247,1260,1240,1256,1245,1259,1257,1220,1263,31,1223,1244,1225,1248,1246,8,1266,78,95,42,1251,1219,1254,1250,1252,1249,1253,74,1267,1265,22,1222,92,57,1241,1206,1242,1243,1230,1255,1258,1262,1234,1231,1235,1232,72,1233,99,1238,76
1262: 1258,1234,1231,1235,1232,72,1233,1251,1219,1254,1250,1252,1249,1253,74,1267,1265,1261,1247,1260,1240,1256,1245,1259,1257,1220,1263,31,22,1222,92,57,1241,1206,1242,1243,1230,1255,99,1238,76,10,1205,49,51,63,1237,1239,1236,89,38,140
1263: 1261,1247,1260,1240,1256,1245,1259,1257,1220,31,1223,1244,1225,1248,1246,8,1266,78,95,42,1251,1219,1254,1250,1252,1249,1253,74,1267,1265,22,1222,92,57,1241,1206,1242,1243,1230,1255,1258,1262,1234,1231,1235,1232,72,1233,99,76
1264: 209,352,71,480,1207
1265: 1251,1219,1254,1250,1252,1249,1253,74,1267,83,1223,1244,1225,1248,1246,8,1266,78,95,86,1221,103,1261,1247,1260,1240,1256,1245,1259,1257,1220,1263,31,37,1224,2,1241,1206,1242,1243,1230,1255,1258,1262,1234,1231,1235,1232,72,1233
1266: 1223,1244,1225,1248,1246,8,26,56,66,33,61,83,78,95,86,1221,103,1251,1219,1254,1250,1252,1249,1253,74,1267,1265,1261,1247,1260,1240,1256,1245,1259,1257,1220,1263,31