1574: 1594,1443,1546,1587,1595,487,1583
639: 
1068: 1069,1067,237,1063,1065,1083,949
1141: 1100,410,911
1543: 1514,1527,1566,1482,1536,1502,1349,1474
566: 405
949: 1068,237,1063,1065,1083,1053,965
1581: 1562,456
1347: 1495,1533,1520,1516,1440,1521,1496,1337,1424,1473,1401
1126: 1011,1020,1162,153,1128,1136,1037
977: 571
1519: 1571,487,1326,1268,1595,1546,1499,1583,952,1531,1564,1557,1450,1388,1578
1373: 1506,323,1467,1365,1379,1476,1430,1478,1394,1376,1501,1345,1317,1415,1346,1431,1464,1393,1426,1316,1425
1572: 1527,1583,1450,1388,1578,1566,1482,1479
1394: 1365,1379,323,1467,1373,1454,1323,985,1345,1317,1415,1346,1431,1393,1426,1316
15: 29,953
754: 69,740
17: 
1509: 1357,1408,1454,1323,985,1345,1317,1415,1346,1431,1393,1426,1448,1428
583: 
1566: 1482,1572,1527,1543,1536
1376: 1501,1478,1479,1554,1514,1506,323,1467,1373,1474,1464,1393,1426,1316,1425,1461
900: 
1520: 1495,1533,1347,1516,1483,1440,1521,1496,1337,1424,1473,1401
1337: 1521,1496,1424,959,1495,1533,1520,1347,1537,1558,1401,1459,1525
1383: 1440,1280,1488,1359,1480,1435
643: 
1393: 1464,1426,1316,1394,323,1467,1373,1376,1501,1345,1317,1415,1346,1431,1425,1461,1509,1357,1408,1448,1395
1593: 1550,1569,1582,482,1532
29: 15
562: 408
740: 820,69,754
1174: 1062
822: 1487,1404,1456,1387,1396,1503,1560,1469
947: 
563: 
985: 1454,1323,1387,1394,1345,1317,1415,1346,1431,1469,1509,1357,1408
1505: 1544,1530,1445,105,1492,1485,1339
646: 513
1556: 1576,994,986,1471
995: 
1491: 1390,1405,1280,1504
1532: 1569,1582,482,1593
957: 
1540: 1499,1268,959,952
1367: 1488,1359,1480,1435,1504,1396,1451
961: 
766: 
814: 125,898
968: 
1587: 902,1547,1580,1574,1594,1443,1546,1590,1579
929: 
939: 
905: 
1492: 1530,1457,1484,1544,1505,1447,1417,1485,1339,1465
727: 662
572: 
1506: 323,1467,1373,1365,1476,1430,1478,1419,1479,1554,1376,1501,1431,1426,1316,1425
832: 
1533: 1495,1520,1347,1516,1483,1440,1521,1337,1401
792: 
61: 1409,1472,1410,1400,1460,1429,1452,1399,1515,1489,1398,1433,1539,1470
839: 
1550: 1585,1565,1586,1298,1569,1582,1593
1527: 1572,1583,1450,1388,1578,1566,1482,1479,1543
65: 
1582: 1569,1586,1550,482,1593,1532
922: 
589: 
69: 754,740
1469: 822,1487,1454,1323,985,1530
598: 1290
1202: 492
1128: 153,1136,1037,278,1114,1126,1011,1020,1162
587: 
607: 
1571: 1519,487,1326,1268,1595,1594,1546,1499,1583,952,1531,1564,1450
569: 
996: 1369,933
854: 
605: 227,820
916: 472,580
1172: 278
1559: 1591,574
591: 
926: 980
1487: 822,1404,1456,1387,1396,1503,1560,1469
1513: 1548,1547,1580,456
1429: 1460,1452,1399,1436,1406,1472,1410,1400,1489,1398,1409,61
944: 
582: 
1295: 
948: 
1349: 1536,1502,1482,1543,1514,1474
1064: 1088,945
588: 940
1253: 1278,478,1483
994: 1471,1576,1556
1518: 959
1496: 1521,1337,1424,959,1495,1520,1347,1537,1558,1401,1459,1525
1266: 1151
593: 
102: 
872: 
908: 
105: 1542,1530,1445,1570,1385,1544,1505,1586
955: 
1346: 1345,1317,1415,1431,1394,323,1467,1373,1454,1323,985,1464,1393,1426,1316,1509,1357,1448
906: 
659: 
581: 954
1539: 1444,1447,1515,1489,1398,1409,61,1465,1470,1517
932: 
575: 
993: 
1544: 1505,1530,1445,105,1492,1485
851: 137
1395: 1436,1464,1393,1426,1316,1425,1461,1448,1472,1410,1452,1399
1595: 1326,1268,1574,1594,1443,1546,1499,1519,1571,487,1583
119: 
1278: 1253,478
1387: 1401,1456,822,1487,1404,1454,1323,985
1316: 1464,1393,1426,1394,1506,323,1467,1373,1376,1501,1415,1346,1431,1425,1461,1448,1395
123: 579
1209: 1069,1067,1342
125: 953,814,898
975: 
911: 1100,1141
898: 125,814
597: 634,1416
979: 
988: 
963: 
1507: 1458,1397,1341,1477,1402,1348
1465: 1492,1447,1417,1515,1398,1339,1444,1539,1391,1517
951: 937
1348: 1507,1402,1589,1370
137: 851
592: 
1063: 237,1065,1083,1069,1067,1068,1066,949
1562: 1581,456
1569: 1582,1586,1550,482,1593,1532
986: 1471,1589,1576,1556
143: 
586: 991
903: 
1589: 1370,1348,986,1471
596: 962
1359: 1488,1280,1383,1480,1435,1504,1367,1396
1451: 233,1504,1367,1396,1503,1560,1336,1434,1542,1526,1561
580: 916,472
894: 
978: 
153: 1128,1136,1037,278,1114,1126,1011,1020,1162
980: 926
1151: 1266
568: 
157: 1588
965: 1053,949
1413: 1453,935
902: 1587,1547,1580
1517: 1465,1444,1539,1470,1391,627
1503: 1396,1488,1480,1435,1456,822,1487,1404,1451,1560
1430: 1476,1478,1419,952,1531,1564,1557,1450,1365,1379,1479,1554,1506,1467,1373
1114: 275,278,153,1128,1136,1037
594: 
166: 1015,311,1005
820: 227,605,740
168: 238,682
700: 1009,1468
1528: 1592,1573,840,1591
171: 
746: 
1547: 1580,902,1587,1590,1579,1513,1548
574: 1559
940: 588
1065: 237,1063,1083,1069,1067,1068,1066,949
1382: 1343,347,1298
923: 924
1062: 1174
1053: 965,949
901: 526
1343: 1363,347,1382
183: 
992: 
1290: 598
1336: 233,1451,1434,347,1512
967: 546
573: 
1406: 1397,1341,1436,1429,1452,1399
976: 
919: 
1415: 1345,1317,1346,1431,1394,323,1467,1373,1454,1323,985,1393,1426,1316,1509,1357
1208: 1129,1306
590: 
1464: 1393,1426,1316,323,1467,1373,1376,1501,1346,1431,1425,1461,1448,1395,1436
1514: 1543,1578,1482,1479,1554,1349,1376,1501,1474
962: 596
927: 
1578: 1450,1388,1519,487,1583,1531,1564,1557,1572,1527,1419,1479,1554,1514
584: 
934: 
1531: 1564,1557,1499,1519,1571,487,1583,952,1450,1388,1578,1476,1430,1478,1419,1479,1554
953: 15,125
1197: 492
973: 
206: 
982: 
1357: 1509,1408,1454,1323,985,1345,1317,1415,1346,1431,1393,1426,1448
924: 923
1453: 1413,935,997
1424: 1521,1496,1337,959,1495,1520,1347,1537,1558,1401,1459,1525
990: 
578: 
1341: 1458,1397,1477,1507,1406,1402
1149: 1184
1388: 1450,1578,1519,487,1583,1531,1564,1557,1572,1527,1419,1479,1554
1502: 1536,1349,1482,1543
914: 463
1298: 1382,1585,1565,1550
1011: 1126,1020,1162,153,1128,1136,1037
866: 294
925: 
1521: 1496,1337,1424,959,1495,1533,1520,1347,1401,1459,1525
1100: 1141,410,911
1489: 1515,1398,1457,1428,1472,1410,1400,1460,1429,1452,1399,1447,1409,61,1539
941: 
227: 605,820
912: 
950: 
943: 
1591: 1592,1528,1559
232: 
233: 1451,1560,1336,1434,1542,1526,1561
1551: 1414,1470,307,1573
703: 
579: 123
237: 1063,1065,1083,1069,1067,1068,1066,949
238: 168,682
920: 
1379: 1365,1537,1558,952,1459,1525,1476,1430,1394,1467,1373
599: 
604: 554
243: 
1370: 1589,1348,1471
971: 470
972: 538
1557: 1531,1564,1519,487,952,1450,1388,1578,1476,1430,1478,1419,1479,1554
1583: 1595,1574,1594,1443,1546,1590,1579,1519,1571,487,1531,1564,1450,1388,1578,1572,1527
877: 
1129: 1208
1576: 1556,994,986,1471
1345: 1317,1415,1346,1431,1394,323,1467,1373,1454,1323,985,1393,1426,1509,1357,1408,1448
1526: 1542,1561,233,1451,1560,1434,1512,1570
1512: 1336,1434,1542,1526,1561,1570,1385,1585,1565
255: 326
942: 
571: 977
844: 
1501: 1376,1478,1479,1554,1514,1506,323,1467,1373,1474,1464,1393,1426,1316,1425,1461
1563: 457
928: 
1499: 1540,1326,1268,1595,959,1519,1571,487,952,1531,1564
567: 
264: 
909: 440
1546: 1574,1594,1443,1587,1595,1590,1579,1519,1571,487,1583
267: 
998: 
853: 
585: 958
887: 
1525: 1459,1521,1496,1337,1424,1537,1558,952,1401,1365,1379
915: 
1009: 700,1468
275: 1342,1066,278,1114
959: 1326,1268,1518,1540,1499,1521,1496,1337,1424,1537,1558,952
913: 
278: 1066,275,1114,1172,153,1128,1136,1037
892: 
1088: 1064,945
281: 
958: 585
1369: 856,996
623: 
1365: 1379,1537,1558,952,1459,1525,1476,1430,1394,1506,1467,1373
1530: 1445,1469,105,1544,1505,1492
682: 238,168
720: 
960: 
984: 
952: 959,1540,1499,1519,1571,487,1537,1558,1531,1564,1557,1459,1525,1365,1379,1476,1430,1419
595: 
1561: 1542,1526,233,1451,1560,1434,1512,1570
294: 866
672: 
999: 
1162: 1126,1011,1020,153,1128,1136,1037
298: 
1363: 1343
300: 
956: 
1414: 1551,1470,307,1573
933: 996
904: 411
1015: 166,311,1005
1066: 1069,1067,237,1063,1065,1083,275,278
307: 1433,1551,1414,1573,840
991: 586
1268: 1326,552,480,1595,959,1540,1499,1519,1571,487
1454: 1323,985,1387,1394,1345,1317,1415,1346,1431,1469,1509,1357
311: 1005,1015,166
312: 382
313: 
1385: 1570,1434,1542,1512,105,1585,1565,1586
1280: 1405,1383,1390,1491,1359
712: 358
989: 
1069: 1067,1209,1068,237,1063,1065,1083,1066
856: 1369
320: 
576: 
945: 1088,1064
323: 1506,1467,1373,1478,1394,1376,1501,1345,1415,1346,1431,1464,1393,1426,1316,1425,1461
981: 
946: 
326: 255
327: 577
1161: 
570: 
1037: 153,1128,1136,278,1114,1126,1011,1020,1162
1592: 1528,1573,840,1575,1591
918: 
1184: 1149
1425: 1461,1506,323,1467,1373,1376,1501,1474,1464,1393,1426,1316,1448,1395,1436
1323: 1454,985,1387,1394,1345,1317,1415,1346,1431,1469,1509,1357
1020: 1126,1011,1162,153,1128,1136,1037
1243: 
338: 
1378: 1485,1339,1391
840: 307,1573,1592,1528,1575,1475
938: 
966: 
1306: 1208,1405,1390
937: 951
634: 627,1416,597
921: 
347: 1336,1343,1382
1326: 1268,552,480,1595,959,1499,1519,1571,487
349: 
997: 1453,935
806: 
917: 
836: 
1339: 1485,1505,1492,1447,1417,1465,1378,1391
1342: 1209,275
1067: 1069,1209,1068,237,1063,1065,1083,1066
970: 
358: 712
1488: 1359,1383,1473,1480,1435,1504,1367,1396,1503
1452: 1460,1429,1399,1448,1395,1436,1406,1428,1472,1410,1400,1489,1398,1409,61
627: 1517,634
1431: 1345,1317,1415,1346,1394,1506,323,1467,1373,1454,1323,985,1464,1393,1426,1316,1509,1357,1448
931: 
565: 
1504: 1390,1491,1488,1359,1367,1451
1005: 311,1015,166
1405: 1306,1280,1390,1491
1573: 307,1551,1414,840,1592,1528
964: 
815: 
1317: 1345,1415,1346,1431,1394,1467,1373,1454,1323,985,1393,1426,1509,1357,1448
954: 581
662: 727
1590: 1579,1587,1547,1580,1594,1443,1546,1583
710: 
1558: 1537,959,1496,1337,1424,952,1401,1459,1525,1365,1379
1548: 1513,1547,1580,456
564: 
817: 
1586: 1570,1385,105,1585,1550,1569,1582,482
969: 
382: 312
1136: 153,1128,1037,278,1114,1126,1011,1020,1162
1554: 1479,1531,1564,1557,1450,1388,1578,1476,1430,1478,1419,1514,1506,1376,1501,1474
987: 907
935: 1413,1453,997
1542: 1526,1561,233,1451,1560,1434,1512,1570,1385,105
1083: 237,1063,1065,1069,1067,1068,1066,949
974: 
907: 987
391: 
930: 
577: 327
983: 
865: 
396: 
1564: 1531,1557,1499,1519,1571,487,1583,952,1450,1388,1578,1476,1430,1419,1479,1554
910: 
936: 
400: 
401: 
402: 
403: 
404: 
405: 566
406: 
407: 422
408: 562
409: 
410: 1100,1141
411: 516,904
412: 
413: 
414: 
415: 
416: 
417: 
418: 
419: 
420: 
421: 
422: 407
423: 
424: 466
425: 
426: 
427: 
428: 
429: 
430: 
431: 
432: 
433: 
434: 
435: 
436: 
437: 
438: 
439: 
440: 909
441: 
442: 
443: 
444: 
445: 
446: 
447: 
448: 
449: 
450: 
451: 
452: 
453: 517
454: 
455: 490
456: 1513,1548,1581,1562
457: 1563
458: 
459: 
460: 
461: 
462: 
463: 914
464: 
465: 
466: 424
467: 
468: 
469: 
470: 971
471: 
472: 916,580
473: 
474: 
475: 
476: 
477: 
478: 1253,1278
479: 
480: 552,1326,1268
481: 
482: 1586,1569,1582,1593,1532
483: 
484: 
485: 
486: 
487: 1519,1571,1326,1268,1595,1574,1594,1546,1499,1583,952,1531,1564,1557,1450,1388,1578
488: 
489: 540
490: 455
491: 554
492: 1197,1202
493: 
494: 
495: 
496: 
497: 
498: 
499: 
500: 
501: 
502: 
503: 
504: 
505: 
506: 
507: 
508: 
509: 528
510: 
511: 558
512: 
513: 646
514: 
515: 
516: 411
517: 453
518: 
519: 
520: 
521: 
522: 
523: 
524: 
525: 534
526: 901
527: 
528: 509
529: 
530: 
531: 
532: 
533: 
534: 525
535: 
536: 
537: 
538: 972
539: 
540: 489
541: 
542: 
543: 
544: 
545: 
546: 967
547: 
548: 
549: 
550: 
551: 
552: 480,1326,1268
553: 
554: 604,491
555: 
556: 
557: 
558: 511
559: 
560: 
561: 
1575: 1475,840,1592
1390: 1491,1306,1405,1280,1504
1391: 1485,1339,1465,1444,1378,1517
1396: 1503,1488,1359,1480,1435,1456,1367,822,1487,1404,1451,1560
1397: 1458,1341,1477,1507,1406
1398: 1515,1489,1457,1428,1472,1410,1400,1460,1429,1452,1399,1447,1409,61,1465,1444,1539,1470
1399: 1460,1429,1452,1395,1436,1406,1472,1410,1400,1489,1398,1409,61
1400: 1428,1472,1410,1408,1457,1484,1460,1429,1452,1399,1447,1417,1515,1489,1398,61
1401: 1495,1533,1520,1347,1516,1521,1496,1337,1424,1537,1558,1459,1525,1456,1387
1402: 1341,1507,1348
1560: 1396,1503,822,1487,1404,233,1451,1434,1542,1526,1561
1404: 822,1487,1480,1435,1456,1387,1396,1503,1560
1585: 1565,1512,1385,1586,1298,1550
1408: 1509,1357,985,1345,1393,1448,1457,1484,1428,1472,1410,1400
1409: 61,1410,1460,1429,1452,1399,1515,1489,1398,1433,1539,1470
1410: 1428,1472,1400,1408,1448,1395,1436,1457,1460,1429,1452,1399,1515,1489,1398,1409,61
1516: 1495,1533,1520,1347,1483,1440,1473,1401
1416: 634,597
1417: 1447,1457,1484,1400,1492,1515,1485,1339,1465,1444
1418: 
1419: 1476,1430,1478,952,1531,1564,1557,1450,1388,1578,1479,1554,1506
1515: 1489,1398,1457,1484,1428,1410,1400,1460,1447,1417,1409,61,1465,1444,1539,1470
1426: 1464,1393,1316,1394,1506,323,1467,1373,1376,1501,1345,1317,1415,1346,1431,1425,1461,1509,1357,1448,1395
1537: 1558,959,1496,1337,1424,952,1401,1459,1525,1365,1379
1428: 1472,1410,1400,1509,1408,1448,1457,1484,1460,1452,1447,1515,1489,1398
1565: 1585,1512,1385,1298,1550
1433: 1409,61,1470,307
1434: 233,1451,1560,1336,1542,1526,1561,1512,1570,1385
1435: 1480,1383,1473,1488,1359,1367,1396,1503,1404
1436: 1395,1464,1425,1461,1448,1406,1472,1410,1460,1429,1452,1399
1579: 1590,1587,1547,1580,1443,1546,1583
1535: 
1440: 1533,1520,1347,1516,1383,1473
1443: 1574,1594,1546,1587,1595,1590,1579,1583
1444: 1539,1447,1417,1515,1398,1465,1470,1391,1517
1445: 1530,105,1544,1505
1447: 1417,1457,1484,1428,1400,1492,1515,1489,1398,1339,1465,1444,1539
1448: 1345,1317,1346,1431,1464,1393,1426,1316,1425,1461,1509,1357,1408,1395,1436,1428,1472,1410,1452
1450: 1388,1578,1519,1571,487,1583,1531,1564,1557,1572,1527,1476,1430,1478,1419,1479,1554
1570: 1385,1434,1542,1526,1561,1512,105,1586
1456: 1473,1401,1480,1387,1396,1503,822,1487,1404
1457: 1484,1408,1428,1472,1410,1400,1492,1447,1417,1515,1489,1398
1458: 1397,1341,1477,1507
1459: 1525,1521,1496,1337,1424,1537,1558,952,1401,1365,1379
1460: 1429,1452,1399,1436,1428,1472,1410,1400,1515,1489,1398,1409,61
1461: 1425,323,1467,1376,1501,1464,1393,1426,1316,1448,1395,1436
1495: 1533,1520,1347,1516,1483,1521,1496,1337,1424,1401
1594: 1574,1443,1546,1587,1595,1590,1571,487,1583
1467: 1506,323,1373,1365,1379,1476,1430,1478,1394,1376,1501,1345,1317,1415,1346,1431,1464,1393,1426,1316,1425,1461
1468: 700,1009
1470: 1515,1398,1409,61,1433,1444,1539,1517,1551,1414
1471: 986,1589,1370,994,1576,1556
1472: 1428,1410,1400,1408,1448,1395,1436,1457,1460,1429,1452,1399,1489,1398,61
1473: 1440,1520,1347,1516,1488,1480,1435,1456
1474: 1479,1554,1543,1514,1349,1376,1501,1425
1475: 1575,840
1476: 1430,1478,1419,952,1531,1564,1557,1450,1365,1379,1479,1554,1506,1467,1373
1477: 1458,1397,1341,1507
1478: 1476,1430,1419,1531,1557,1450,1479,1554,1506,323,1467,1373,1376,1501
1479: 1554,1531,1564,1557,1450,1388,1578,1572,1527,1476,1430,1478,1419,1514,1506,1376,1501,1474
1480: 1435,1383,1473,1488,1359,1456,1367,1396,1503,1404
1536: 1502,1349,1566,1482,1543
1482: 1566,1572,1527,1543,1514,1536,1502,1349
1483: 1253,1495,1533,1520,1516
1484: 1457,1408,1428,1400,1492,1447,1417,1515
1485: 1339,1544,1505,1492,1417,1378,1391
1588: 157
1580: 1547,902,1587,1590,1579,1513,1548