1183: 1257,1203,1249,1208,1230,1224,1240,1206,1275,1265,110,1264,1271,1229,1244,1237,1277
784: 516
1068: 1028,117,1038,1069,1088,237,1063,1065,1083,1067,1091,1105
1141: 1100,1174,1150,1062,1113,1075,1216,1211
796: 
5: 
949: 
7: 21
1246: 1259,411,1027
1126: 1011,1020,1162,1232,1171,153,1128,1136,1037,1190,598,1160,1007,1236
977: 
11: 244,253
1223: 1053,1151,1266,1091,1105,278,1225,1210,1148,1217,1213
13: 983
1113: 1150,1062,1073,1146,1097,1148,1174,1238,1141,1100
15: 199,29
754: 69
17: 37
711: 
19: 334
1269: 965,1202,1243,492,1261,1248
21: 825,7
22: 
699: 918
1124: 1186,1224,1200,1204,1265,1239,1241,1270,1181
25: 387
1259: 1246,411,1027
27: 
842: 834,667
29: 15,953
30: 
740: 134
1188: 1129,1158,1216,1211,1149,1184,1186,1249,1208,1230,1224
33: 485
947: 
35: 513
985: 
37: 17
1272: 1166,1256,598,411,1027,1236,454
868: 338
995: 948
875: 
42: 822,638,56
957: 
44: 
45: 
961: 
766: 
814: 63,898,125
968: 
859: 911
929: 
939: 345
905: 
1160: 1190,1126,1020,1162,965,1007,1262
727: 662
56: 42
1257: 1183,1203,1249,1208,1230,1240,1206,1275,1265,110,1271,1229
1277: 1244,1237,1183,1203,1265,1241,1264,1271,1229,1254,1221,577
1216: 1075,1211,1141,1100,1149,1184,1129,1188,1158,1186
792: 
61: 627,634,105
839: 
63: 814,898
1252: 1233,1132,1278,1261,1248,1263,1247,95,1274,1268,1200,1260,1228,1253
65: 
698: 864
922: 
869: 
69: 754,659
837: 173
1245: 1242,1258,1200,1260,1228,1253,1276,1270,1255
1109: 410,1149,1184,461,1249,1240,1206,1275
1128: 153,1136,1037,1114,1232,1171,1190,1126,1011,1020,1162,598
799: 921
75: 973
864: 698
77: 781,208
996: 531
854: 659
1007: 1190,1126,1011,1020,1162,598,1160,1236
916: 505
1172: 1225,1210,278,1232,1171
1215: 1107,1120,410
1200: 1204,1233,1132,1252,1278,1124,1260,1228,1253,1276,1239,1270,1181,1255,1242,1258,1245
1181: 1270,1255,1124,1200,1204,1239,1241,1242,1258,1254,1221,1267
1235: 1064,1069,1088,237,1063,1065,1083,1067,1066,1209,1273
1265: 1208,1224,1124,1183,1257,1203,1239,1241,1264,1271,1229,1244,1237,1277,1254,1221
1260: 1228,1253,1276,1233,1132,1252,1278,1268,1200,1270,1242,1258,1245
944: 
1254: 1221,1265,1239,1241,1181,1255,1244,1237,1277,1267,911
1211: 1075,1216,1141,1100,1149,1184,1129,1188,1158,1186
948: 995
1158: 1129,1188,1075,1216,1211,1149,1184,1186,1249,1208,1230
1064: 1015,166,117,1038,1069,1088,1235
95: 1274,1262,1263,1247,1233,1132,1252,1278,1268
1253: 1260,1228,1276,1233,1132,1252,1278,1268,1200,1270,1242,1245
994: 
98: 345,643
1238: 1097,1148,1217,1150,1113
1266: 1151,1091,1105,1098,1223
1228: 1260,1253,1276,1233,1132,1252,1278,1268,1200,1204,1270,1242,1258,1245
102: 
872: 
908: 
105: 61,634
955: 
1225: 1210,1172,1091,1105,278,1114,275,1223,1232,1171,1217,1213,1190
906: 
659: 69,854
110: 1240,1206,1275,1183,1257,1203,1264,1271,1229,577
845: 
932: 
1247: 1263,1262,1261,1248,95,1274,1233,1132,1252,1278,1268
1249: 1149,1184,1188,1158,1109,1208,1230,1240,1206,1275,1183,1257
115: 764
851: 137
117: 1038,1015,166,1064,1028,1030,1069,1088,1068,237,1063,1065,1067
1030: 1028,1015,166,311,1005,117,1038
119: 
1278: 1233,1132,1252,1263,1247,95,1274,1268,1200,1260,1228,1253,1276
121: 236
1271: 1264,1229,1240,1275,1183,1257,1203,1265,110,1244,1237,1277,577
123: 
1209: 1066,1273,1235,237,1065,1083,1091,1105,278,1118,275
125: 898,814
975: 
911: 1254,1221,1267,859
898: 125,814,63
1224: 1188,1208,1230,1124,1183,1203,1265,1239,1241
979: 543
1075: 1216,1211,1141,1100,1149,1184,1129,1158,1186
963: 
1186: 1075,1216,1211,492,1129,1188,1158,1124
134: 740
951: 
1120: 1215,410,1149,1184
137: 735,851,650
1270: 1181,1255,1124,1200,1204,1260,1228,1253,1276,1239,1242,1258,1245,1221,1267
1063: 237,1065,1083,1067,117,1038,1069,1088,1235,1068,1066,1273,1091,1105,278
140: 
141: 
986: 456
143: 
1078: 700,1009
903: 
1097: 1146,1096,1098,1073,1148,1174,1150,1062,1113,1238
1237: 1244,1277,1183,1203,1265,1239,1241,1264,1271,1229,1254,1221
1267: 1239,1241,1270,1181,1255,1242,1258,1254,1221,911
149: 
790: 
151: 
978: 
153: 1128,1136,1037,1114,1118,1232,1171,1190,1126,1011,1020,1162,598
980: 625
1151: 1266,1091,1105,1098,1223
156: 984
157: 
965: 1217,1213,1190,1160,1197,1269,1202,1243,1161,1262
1230: 1208,1149,1184,1129,1188,1158,1249,1224,1240,1206,1275,1183,1257,1203
902: 475
161: 
162: 
1027: 1246,1259,411,1166,1256,1272,173
1114: 1118,275,278,1225,1232,1171,153,1128,1136,1037
1204: 1200,1124,1228,1239,1241,1270,1181,1255,1242,1258
166: 1015,442,1064,1028,1030,117,1038,1069,1088
820: 
168: 238,682
700: 1009,1078
883: 
171: 
746: 213
173: 1027,837
1104: 311,1005
940: 
1065: 237,1063,1083,1067,117,1038,1069,1088,1235,1068,1066,1209,1273,1091,1105,278
177: 
923: 
1062: 1150,1113,1073,1146,1097,1096,1148,1174,1141,1100
1053: 1223,1091,1105,278
901: 
182: 
183: 
992: 
185: 938,998
870: 484
967: 522,495
1233: 1132,1252,1278,1263,1247,95,1274,1268,1200,1260,1228,1253,1276
834: 842,667
976: 
919: 972
803: 
1208: 1230,1129,1188,1158,1249,1224,1240,1206,1275,1183,1257,1203,1265
809: 
1256: 1166,1272,598,411,1027,1236,454
1203: 1183,1257,1208,1230,1224,1240,1275,1265,110,1264,1271,1229,1244,1237,1277
962: 360
1236: 1126,598,411,1007,1166,1256,1272,454
199: 211,384,15
200: 
934: 
1073: 535,1098,1146,1097,1096,1174,1150,1062,1113
953: 29
1197: 965,492
205: 
206: 
982: 
208: 77,781
924: 
210: 
211: 199
990: 942
213: 746
1264: 1271,1229,1240,1183,1203,1265,110,1244,1237,1277,577
1149: 1184,1120,1075,1216,1211,1129,1188,1158,1109,1249,1230
1239: 1241,1224,1124,1200,1204,1265,1270,1181,1255,1237,1254,1221,1267
1098: 1151,1266,1073,1146,1097,1096
914: 467
219: 
1261: 1248,1269,1202,1243,1262,492,1263,1247,1252
866: 294,312
925: 
223: 
1100: 1141,1174,1150,1062,1113,1075,1216,1211
1118: 1114,275,1209,278,1232,153,1136
941: 
227: 605,338
912: 418
950: 
943: 402
706: 
232: 
233: 
234: 
703: 
236: 121
237: 1063,1065,1083,1067,117,1038,1069,1088,1235,1068,1066,1209,1273,1091,1105,278
238: 168,682
920: 592
829: 
241: 
849: 432
243: 
244: 11,253
971: 
246: 
247: 
1105: 1091,1068,237,1063,1065,1083,1067,1066,1209,1151,1266,278,1053,1223,1225,1210
877: 
1129: 1188,1158,1075,1216,1211,1149,1184,1186,1208,1230
251: 
1148: 1223,1146,1097,1096,1217,1150,1062,1113,1238
253: 11,244
1091: 1105,1068,237,1063,1065,1083,1067,1066,1209,1273,1151,1266,278,1053,1223,1225,1210
255: 326
942: 990
1190: 1225,1210,1232,1171,153,1128,1136,1037,1213,1126,1011,1020,1162,965,1160,1007
844: 604
259: 
260: 
928: 
690: 
1263: 1247,1262,1261,1248,95,1274,1233,1132,1252,1278,1268
264: 
909: 
1096: 1146,1097,1098,1073,1148,1174,1150,1062
267: 688
998: 938,185
853: 
270: 464
887: 
1248: 1261,1269,1202,1243,1262,492,1263,1247,1132,1252
915: 
823: 
275: 1114,1118,1066,1209,1273,278,1225,1232
959: 904,552
913: 
278: 237,1063,1065,1083,1067,1066,1209,1273,1091,1105,1114,1118,275,1053,1223,1225,1210,1172,1232,1171
892: 756
1088: 1069,1015,166,1064,117,1038,1235,1068,237,1063,1065,1083,1067,1066,1273
281: 
958: 
764: 115
1038: 117,1015,166,1064,1028,1030,1069,1088,1068,237,1063,1065,1083,1067
285: 345
286: 
1244: 1237,1277,1183,1203,1265,1264,1271,1229,1254,577
720: 384
960: 981
984: 156
952: 
292: 
1107: 759,1215
294: 866
672: 
999: 
1162: 1126,1011,1020,1171,153,1128,1136,1037,1190,598,1160,1007
298: 
299: 
300: 
956: 
1232: 1171,278,1114,1118,275,1225,1210,1172,153,1128,1136,1037,1213,1190,1126,1011
933: 
904: 552,959
1015: 166,442,1064,1028,1030,117,1038,1069,1088
1066: 1209,1273,1069,1088,1235,237,1063,1065,1083,1067,1091,1105,278,275
307: 840
991: 586
1268: 1263,1247,95,1274,1233,1132,1252,1278,1260,1228,1253,1276
1028: 1030,1015,166,311,1005,117,1038,1068
311: 1005,1028,1030,1104
312: 866
313: 
1276: 1260,1228,1253,1233,1132,1278,1268,1200,1270,1242,1258,1245
315: 644
712: 358
989: 
1069: 1088,1015,166,1064,117,1038,1235,1068,237,1063,1065,1083,1067,1066,1273
856: 
320: 
825: 697,21
945: 
323: 631
981: 960
1242: 1258,1245,1200,1204,1260,1228,1253,1276,1270,1181,1255,1267
326: 255
327: 331
1161: 1262,965
1132: 1233,1252,1278,1248,1263,1247,95,1274,1268,1200,1260,1228,1253,1276
1037: 153,1128,1136,1114,1232,1171,1190,1126,1011,1020,1162,598
331: 327
918: 699
1184: 1149,1120,1075,1216,1211,1129,1188,1158,1109,1249,1230
334: 19
697: 825
1020: 1126,1011,1162,1171,153,1128,1136,1037,1190,598,1160,1007
1166: 1256,1272,598,411,1027,1236,454
338: 868,227,605
339: 
840: 307
938: 185,998
966: 
1221: 1254,1265,1239,1241,1270,1181,1255,1237,1277,1267,911
937: 
345: 285,98,939
921: 799
347: 
348: 514
349: 
997: 
806: 
917: 497,907
836: 
354: 
355: 
356: 453
970: 
358: 712
359: 
360: 460,962
1258: 1242,1245,1200,1204,1260,1228,1276,1270,1181,1255,1267
1273: 1066,1209,1069,1088,1235,237,1063,1065,1083,1067,1091,278,275
931: 
759: 1107
365: 646
1005: 311,1028,1030,1104
1262: 1161,965,1160,1202,1261,1248,1263,1247,95,1274
1146: 1097,1096,1098,1073,1148,1174,1150,1062,1113
964: 
815: 
371: 
954: 
662: 727
1240: 1206,1275,1109,1249,1208,1230,1183,1257,1203,110,1264,1271,1229
710: 
667: 834,842
377: 
673: 
817: 
688: 267
969: 
382: 
1136: 153,1128,1037,1114,1118,1232,1171,1190,1126,1011,1020,1162,598
384: 720,199
1255: 1270,1181,1200,1204,1239,1241,1242,1258,1245,1254,1221,1267
935: 
387: 25
1083: 237,1063,1065,1067,1038,1069,1088,1235,1068,1066,1209,1273,1091,1105,278
974: 570
907: 917
391: 
930: 
1210: 1225,1172,1091,1105,278,1223,1232,1171,1217,1213,1190
983: 13
1213: 1223,1225,1210,1232,1171,1217,1190,965
396: 
773: 
910: 
936: 
400: 471,594
401: 
402: 943
403: 
404: 
405: 
406: 
407: 
408: 
409: 
410: 1215,1120,461,1109
411: 1246,1259,598,1027,1236,1166,1256,1272
412: 
413: 
414: 
415: 
416: 
417: 
418: 912
419: 
420: 
421: 
422: 560
423: 463,450
424: 
425: 
426: 
427: 
428: 
429: 
430: 
431: 
432: 849
433: 
434: 512
435: 
436: 
437: 594
438: 
439: 
440: 
441: 
442: 1015,166
443: 
444: 576
445: 
446: 
447: 
448: 
449: 
450: 463,511,423
451: 
452: 
453: 356
454: 1236,1166,1256,1272
455: 
456: 986
457: 
458: 
459: 
460: 360
461: 410,1109
462: 
463: 511,450,423
464: 270
465: 
466: 
467: 914
468: 
469: 
470: 
471: 400,594
472: 
473: 
474: 
475: 902
476: 
477: 
478: 
479: 
480: 
481: 622
482: 
483: 
484: 870
485: 33
486: 
487: 
488: 
489: 
490: 
491: 
492: 1197,1269,1202,1243,1261,1248,1186
493: 
494: 
495: 967
496: 
497: 917
498: 537
499: 629
500: 
501: 
502: 
503: 
504: 
505: 916
506: 586
507: 
508: 
509: 
510: 
511: 463,450
512: 434
513: 35
514: 348
515: 
516: 784
517: 
518: 
519: 
520: 
521: 
522: 967
523: 563
524: 
525: 
526: 
527: 
528: 743
529: 
530: 
531: 996
532: 
533: 
534: 
535: 557,1073
536: 
537: 498
538: 
539: 
540: 
541: 
542: 
543: 979
544: 
545: 
546: 
547: 
548: 
549: 
550: 
551: 
552: 904,959
553: 572
554: 
555: 
556: 
557: 535
558: 
559: 
560: 422,564
561: 
562: 
563: 523
564: 560
565: 
566: 
567: 
568: 
569: 
570: 974
571: 
572: 553
573: 
574: 597
575: 
576: 444
577: 110,1264,1271,1229,1244,1277
578: 
579: 
580: 
581: 
582: 
583: 
584: 
585: 
586: 991,506
587: 
588: 
589: 
590: 
591: 
592: 920
593: 
594: 400,471,437
595: 
596: 
597: 574
598: 153,1128,1136,1037,1126,1011,1020,1162,411,1007,1236,1166,1256,1272
599: 
927: 
743: 528
1174: 1073,1146,1097,1096,1150,1062,1113,1141,1100
988: 
604: 607,844
605: 227,338
832: 
607: 604
1206: 1240,1275,1109,1249,1208,1230,1183,1257,110,1229
900: 
665: 
1009: 700,1078
1241: 1239,1224,1124,1204,1265,1181,1255,1237,1277,1254,1221,1267
1067: 237,1063,1065,1083,117,1038,1069,1088,1235,1068,1066,1273,1091,1105,278
972: 919
946: 
973: 75
617: 
618: 
619: 
1150: 1062,1113,1073,1146,1097,1096,1148,1174,1238,1141,1100
1202: 965,1269,1262,492,1261,1248
622: 481
623: 
1171: 1232,278,1114,1225,1210,1172,153,1128,1136,1037,1213,1190,1126,1011,1020,1162
625: 980
1274: 95,1262,1263,1247,1233,1132,1252,1278,1268
627: 61,634
926: 
629: 499
756: 892
631: 323
865: 
822: 42
634: 627,61,105
709: 
987: 
781: 77,208
638: 42
639: 
1229: 1264,1271,1240,1206,1275,1183,1257,1203,1265,110,1244,1237,1277,577
1243: 965,1269,492,1261,1248
894: 
643: 98
644: 315
735: 137,650
646: 365
647: 
885: 
1011: 1126,1020,1162,1232,1171,153,1128,1136,1037,1190,598,1007
650: 735,137
732: 
993: 
1217: 1223,1225,1210,1148,1213,1238,965
654: 
682: 238,168
1275: 1240,1206,1109,1249,1208,1230,1183,1257,1203,110,1271,1229