0: 63,16,51,1231,10,37,1232,1230,49,92,99,22,38,85,1205,25,21,1209,89,1214,45,88,1234,1211,72,1236
1: 1235,25,21,1209,89,1210,1229,1227,1228,35,1202,62,1234,1211,72,1236,1208,30,5,1207,1239,1237,1233,48,1203,1238,140,29,199
2: 3,86,74,6,413,103,1206,1221,68,83,79,94,41,91,7
3: 86,135,168,1204,64,82,61,26,74,6,413,103,2,1206,1221,68,83
4: 96,487,338,79,94,41,91,386,55,358,244,365,75,11,40,28
5: 1208,30,1207,1229,1227,1228,35,1202,62,134,1,1235,71,480,381,48,1203,1238,140,29,199
6: 74,168,1204,64,82,61,26,56,3,86,8,2,1206,68,83,1224
7: 2,1206,1221,68,83,31,1219,1225,1223,1222,1224,1220,41,91,51,1231,10,37,55,1218,47,1216,85,1205
8: 1204,64,82,61,26,56,98,46,33,9,74,6,66,1206,1221,68,83,31,1219,1225,1223,1222,1224,1220,23,78,42
9: 98,46,33,384,44,93,12,173,65,56,67,8,66,13,95
10: 51,1231,37,1206,1221,68,83,31,1219,1225,1223,1222,1224,1220,23,78,42,7,1232,1230,49,92,99,22,1218,47,1216,85,1205,0,63,16
11: 75,40,28,32,96,4,487,55,1218,47,1216,365,1217,1212,1226,1213,73,1215,264,361,419,54,97
12: 93,173,463,80,216,384,44,65,56,98,46,33,9,67
13: 95,98,46,33,9,67,39,66,43,23,78,42,76,57,90,20,19
14: 76,57,90,20,19,379,53,38,69,17,25,21,1209,89,1210,1229,1227,1228,35,1202,62
15: 70,1239,1237,1233,48,1238,140,50,81,416,106,225,290,220
16: 0,63,51,1231,10,37,1232,1230,49,92,99,22,38,85,1205,25,21,1209,89,1214,45,88,1234,1211,72,1236
17: 69,20,19,379,53,130,182,14,1210,1229,1227,1228,35,1202,62,134
18: 54,97,58,32,1226,1213,73,1215,1214,45,361,419,27,59,84,129,24,164
19: 20,13,95,43,52,34,36,76,57,90,379,53,38,14,69,17
20: 19,13,95,43,52,34,36,76,57,90,379,53,38,14,69,17
21: 25,1209,89,1232,1230,49,92,99,22,38,14,0,63,16,1210,1229,1227,1228,35,88,1234,1211,1236,1
22: 1232,1230,49,92,99,31,1225,1223,1222,1220,23,78,42,76,57,90,51,1231,10,37,38,85,0,63,16,25,21,89
23: 78,42,8,66,13,95,31,1219,1225,1223,1222,1224,1220,76,57,90,51,1231,10,37,1232,1230,49,92,99,22,38
24: 164,18,58,27,59,84,60,70,129,50,81,416,355,290
25: 21,1209,89,49,99,22,38,14,0,63,16,1210,1229,1227,1228,35,88,1234,1211,72,1236,1,1235
26: 1204,64,82,61,77,465,185,384,44,168,56,3,86,74,6,8
27: 59,84,1226,1213,73,1215,1214,45,88,18,54,97,58,60,70,129,24,164,50
28: 75,11,40,32,96,4,487,55,1218,47,1216,365,1217,1212,1226,1213,73,1215,361,419,97
29: 199,1,1235,1208,30,5,1207,71,480,381,48,1203,1238,140,106,232
30: 1208,5,1207,1229,35,1202,62,134,1,71,480,381,48,1203,29,199
31: 1219,1225,1223,1222,1224,1220,74,8,66,1206,1221,68,83,23,78,42,7,51,1231,10,37,1232,1230,92,22
32: 75,11,40,28,96,487,55,1218,47,1216,365,1217,1212,1226,1213,73,1215,264,361,419,18,54,97,58
33: 98,46,9,384,44,93,12,173,65,56,67,8,66,13,95
34: 52,36,39,43,284,20,19,379,53,130
35: 1210,1229,1227,1228,38,14,69,17,25,21,1209,89,1202,62,1211,1,1235,1208,30,5,1207
36: 52,34,39,43,284,20,19,379,53,130,182
37: 51,1231,10,1206,1221,68,83,31,1219,1225,1223,1222,1224,1220,23,78,42,7,1232,1230,49,92,99,22,1218,47,1216,85,1205,0,63,16
38: 23,78,42,76,57,90,20,19,1232,1230,49,92,99,22,14,0,63,16,25,21,1209,89,1210,1229,1227,1228,35
39: 65,301,87,67,13,95,43,52,34,36
40: 75,11,28,32,96,4,487,55,1218,47,1216,365,1217,1212,1226,1213,73,1215,361,419,54,97,58
41: 91,413,2,1206,1221,68,83,79,94,7,4,55
42: 23,78,8,66,13,95,31,1219,1225,1223,1222,1224,1220,76,57,51,1231,10,37,1232,1230,49,92,99,22,38
43: 67,39,13,95,52,34,36,76,57,90,20,19,379,53
44: 384,179,463,80,216,185,93,12,173,1204,64,82,61,26,56,98,46,33,9
45: 1214,1218,47,1216,85,1205,0,63,16,1217,1212,1226,1213,73,1215,88,18,54,97,58,27,59,84,60,70
46: 98,33,9,384,44,93,12,173,65,56,67,8,66,13,95
47: 1218,1216,91,7,51,10,37,55,85,1205,75,11,40,28,32,1217,1212,1226,1213,73,1215,1214,45
48: 1203,1238,140,1234,72,1236,1,1235,1208,30,5,1239,1237,1233,29,199,15,106,232
49: 1232,1230,92,99,22,1222,1220,23,78,42,76,57,51,1231,10,37,38,85,1205,0,63,16,25,21,89
50: 81,416,27,59,84,60,70,24,164,15,355,225,290
51: 1231,10,37,1206,1221,68,83,31,1219,1225,1223,1222,1224,1220,23,78,42,7,1232,1230,49,92,99,22,1218,47,1216,85,1205,0,63,16
52: 34,36,39,43,284,20,19,379,53,130
53: 379,43,52,34,36,284,20,19,130,182,14,69,17
54: 18,97,58,75,11,40,32,1217,1212,1226,1213,73,1215,1214,45,361,419,27,59,84,129,164
55: 79,94,41,91,7,96,4,487,1218,47,1216,365,75,11,40,28,32,1217,1212,1226,1213,73,1215
56: 185,384,44,93,12,173,1204,64,82,61,26,98,46,33,9,74,6,8,66
57: 76,90,66,13,95,43,23,78,42,20,19,1232,1230,49,92,99,22,38,14
58: 18,54,97,75,40,32,1217,1212,1226,1213,73,1215,1214,45,361,419,27,59,84,129,24,164
59: 27,84,1217,1212,1226,1213,73,1215,1214,45,88,18,54,97,58,60,70,129,24,164,50
60: 70,1214,45,88,1234,72,1236,27,59,84,1239,1237,1233,24,164,50,416
61: 1204,64,82,26,77,465,185,44,168,56,3,86,74,6,8
62: 1202,14,69,17,1210,1229,1227,1228,35,134,1,1235,1208,30,5,1207,71,480,381
63: 0,16,51,1231,10,37,1232,1230,49,92,99,22,38,85,1205,25,21,1209,89,1214,45,88,1236
64: 1204,82,61,26,77,465,185,384,44,168,56,3,74,6,8
65: 216,183,93,12,173,301,87,98,46,33,9,67,39
66: 56,98,46,33,9,67,8,13,95,31,1219,1225,1223,1222,1224,1220,23,78,42,76,57,90
67: 93,12,173,65,301,87,98,46,33,9,39,66,13,95,43
68: 1206,1221,83,3,86,74,6,8,2,31,1219,1225,1223,1222,1224,1220,41,91,7,51,1231,10,37
69: 17,20,19,379,53,130,182,14,1210,1229,1227,1228,35,1202,62,134
70: 60,1214,45,88,1234,1211,72,1236,27,59,84,1239,1237,1233,24,164,50,81,416,15
71: 480,381,1202,62,134,1208,30,5,1207,29,199
72: 1234,1211,1236,0,16,25,1209,89,1229,1228,88,1,1235,60,70,1239,1237,1233,48,1203,1238,140
73: 1217,1212,1226,1213,1215,55,1218,47,1216,85,1205,75,11,40,28,32,1214,45,361,419,18,54,97,58,27,59,84
74: 6,168,1204,64,82,61,26,56,3,86,8,2,1206,1221,68,83,31,1219,1225,1223,1222,1224,1220
75: 11,40,28,32,96,4,487,55,1218,47,1216,365,1217,1212,1226,1213,73,1215,264,361,419,54,97,58
76: 57,90,66,13,95,43,23,78,42,20,19,1232,1230,49,92,99,22,38,14
77: 465,317,179,185,135,168,64,61,26
78: 23,42,8,66,13,95,31,1219,1225,1223,1222,1224,1220,76,57,51,1231,10,37,1232,1230,49,92,99,22,38
79: 94,267,413,103,2,338,41,91,386,4,487,55
80: 463,116,179,216,185,384,44,93,12,173
81: 50,416,84,70,24,164,15,355,225,290
82: 1204,64,61,26,185,384,44,168,56,3,86,74,6,8
83: 1206,1221,68,3,86,74,6,8,2,31,1219,1225,1223,1222,1224,1220,41,91,7,51,10,37
84: 27,59,1217,1212,1226,1213,73,1215,1214,45,88,18,54,97,58,60,70,129,24,164,50,81,416
85: 1205,7,51,1231,10,37,1232,1230,49,92,99,22,1218,47,1216,0,63,16,1217,1212,1226,1213,73,1215,1214,45,88
86: 3,135,168,1204,82,61,26,74,6,413,103,2,1206,1221,68,83
87: 301,183,65,67,39
88: 85,1205,0,63,16,25,21,1209,89,1214,45,1234,1211,72,1236,27,59,84,60,70,1239,1237,1233
89: 25,21,1209,1232,1230,49,99,22,38,14,0,63,16,1210,1229,1227,1228,35,88,1234,1211,72,1236,1,1235
90: 76,57,66,13,95,43,23,20,19,22,38,14
91: 41,413,103,2,1206,1221,68,83,79,94,7,96,4,487,55,1218,47,1216
92: 1232,1230,49,99,22,31,1219,1225,1223,1222,1224,1220,23,78,42,76,57,51,1231,10,37,38,85,1205,0,63,16,21
93: 12,173,463,80,216,384,44,65,56,98,46,33,9,67
94: 79,413,103,2,338,41,91,4,487,55
95: 13,98,46,33,9,67,39,66,43,23,78,42,76,57,90,20,19
96: 4,487,91,386,55,358,244,365,75,11,40,28,32
97: 18,54,58,75,11,40,28,32,1217,1212,1226,1213,73,1215,1214,45,361,419,27,59,84,129,164
98: 46,33,9,384,44,93,12,173,65,56,67,8,66,13,95
99: 1232,1230,49,92,22,23,78,42,76,57,51,1231,10,37,38,85,0,63,16,25,21,89
100: 112,367,187,459
101: 466,263,420,105,306,443,294,281,246,395
102: 302,485,305,477,236
103: 413,3,86,267,2,338,79,94,91
104: 318,124,321,108,387,362
105: 263,420,306,119,142,166,143,189,294,101
106: 1233,48,1203,1238,140,29,199,15,232,220,476
107: 489,400,155,111,127,436,471,280,207,238,496
108: 387,104,321,362,227,349,202
109: 210,421,457,133,372,137,211
110: 460,439,391,123,432,380
111: 127,155,436,489,107
112: 367,100,187
113: 258,147,166,189,443,294,454,276
114: 248,157,151,296
115: 123,461,233,432,374
116: 179,463,80,216
117: 298,482,241,412,437,292,195
118: 
119: 142,403,166,263,420,105,189,294
120: 438,431,354,396,269,484
121: 458,280,238,360,261,201,385,275,331
122: 324,477,236,293,175,316
123: 184,439,391,461,110,460,115
124: 104,387,362
125: 298,444,482,141,253,319,412
126: 251
127: 111,432,155,436,471,489,400,107
128: 415,208,248,335,428,451,157
129: 361,419,18,54,97,58,27,59,84,24,164,311,355
130: 182,52,34,36,284,339,379,53,69,17,251
131: 236,393,305,302,285
132: 367,441,192,389,221,161,314,224,459
133: 421,457,213,309,187,372,210,109
134: 69,17,251,1202,62,30,5,1207,71,480,381
135: 77,465,427,168,3,86
136: 429,303,442,200,170,139
137: 211,109,252,495
138: 322,345,310,282,397,499,394,366
139: 200,445,170,136,494,188,442,277,488,186
140: 48,1203,1238,1234,1211,72,1236,1,1235,1208,5,1239,1237,1233,29,199,15,106,232
141: 313,440,125,444,253,319
142: 119,403,166,143,263,420,105,306,189
143: 142,263,420,105,306,392
144: 332,328,235,473,382,270,406
145: 308
146: 394,154,366,376
147: 258,242,299,351,350,113
148: 461,233
149: 312,277,323,398,186,464,172,347
150: 418,256,326,448
151: 375,114,296
152: 452,209,377,158
153: 388,344,438,396,353
154: 366,499,394,376,146
155: 460,432,455,111,127,239,471,107
156: 468,158,440,313
157: 415,128,248,335,451,114,327
158: 152,452,209,240,440,156
159: 370,469,279,426,373,217
160: 404,372,252,340
161: 314,389,132,346,224,378,333,223
162: 190,396,178,411,450,269,484,260
163: 
164: 24,18,54,97,58,27,59,84,60,70,129,50,81,416,311,355,225,290
165: 363,205,410,303,197,171
166: 403,119,142,113,263,420,105,189,443,294,276
167: 490,348,474,329
168: 77,465,185,135,1204,64,82,61,26,3,86,74,6
169: 210
170: 200,445,139,136,494,188,442,277,186
171: 165,363,410,303,197,429,203,423
172: 342,347,312,149,464,196,328,435,235,332
173: 93,12,463,80,216,384,44,65,56,98,46,33,9,67
174: 270,435,406,273,481
175: 293,236,122,324,375,316
176: 146
177: 291,409,377,483
178: 411,450,467,356,353,162,190
179: 116,317,463,80,77,465,185,384,44
180: 424,250,490,226,371,348
181: 196,328,254,475,332,382
182: 130,36,284,339,379,53,69,17,251
183: 308,65,301,87
184: 230,247,246,439,123,461
185: 317,179,463,80,77,465,384,44,168,1204,64,82,61,26,56
186: 200,445,170,139,277,323,488,312,149,462,464
187: 112,213,100,421,133,459,210
188: 442,200,445,170,139
189: 443,294,119,142,166,113,263,105,454,276
190: 162,396,353,178,411,450,269,484,260
191: 
192: 389,221,297,441,132,367,346,314
193: 472,205,363,197,492,336
194: 422,331,325,357,198,318
195: 214,117,412,497,437,292
196: 181,328,312,342,172,332
197: 205,165,363,410,193,171,336,203,423
198: 318,194,422,331,357,256
199: 29,1,1235,1208,30,5,1207,71,480,381,48,1203,1238,140,106,232
200: 445,170,139,136,188,442,488,186
201: 385,360,121,275,243
202: 108,227,349,334,287,279
203: 423,197,171,336,278
204: 
205: 472,165,363,193,197
206: 402,273,417,304,222,330
207: 280,471,489,400,107,364,238,496,458
208: 415,128,428
209: 152,452,359,158
210: 109,187,421,457,133,169
211: 137,109,252,495
212: 240,486,482
213: 309,187,421,457,133
214: 195,497,300
215: 313,493,253,319,401
216: 116,308,463,80,384,44,93,12,173,65
217: 426,159,370,373,430,346
218: 325,385,275,331,243,357
219: 267,338,386
220: 476,15,106,232
221: 192,389,297,441,132,346
222: 283,417,405,206,402,345
223: 161,314,224,333
224: 389,132,367,161,314,459,223
225: 290,164,50,81,416,15,355
226: 250,180,371,348,491
227: 349,108,326,202,320,287
228: 373,430
229: 
230: 466,399,247,246,184
231: 467,356
232: 48,1203,1238,140,29,199,106,220,476
233: 461,148,115,374
234: 296
235: 342,172,347,328,307,435,144,332,270,406
236: 131,393,305,102,302,477,285,122,324,175
237: 433,407
238: 496,471,489,400,107,280,207,360,458,121,261,268
239: 380,455,155,453,471
240: 486,158,440,212
241: 117,292
242: 299,249,271,351,350,258,147
243: 201,385,275,325,218
244: 358,386,96,4,487,365,264
245: 330
246: 247,392,101,466,230,395,184
247: 246,466,230,184
248: 335,285,415,128,451,157,114
249: 242,299,271,351,350
250: 424,255,289,180,226,371,348
251: 130,182,126,134
252: 160,137,211,495
253: 319,141,313,493,125,444,215,497,401
254: 475,181,328,473,382
255: 424,289,250
256: 325,357,198,318,321,150,418
257: 286,266,437,292,407,383,414
258: 147,242,299,351,113
259: 340,337,383
260: 162,190,269,484
261: 268,238,496,458,121,422,331
262: 369
263: 420,105,306,119,142,166,143,189,443,294,101,466,281
264: 358,244,365,75,11,32,361,419
265: 468,274,493,215
266: 437,292,407,257,286
267: 413,103,219,338,79
268: 261,238,496,458,422,331
269: 484,396,120,162,190,260
270: 174,307,435,235,144,406,481
271: 242,299,249
272: 315,478
273: 481,174,304,206
274: 483,468,156
275: 121,201,385,422,331,243,325,218,357
276: 454,166,113,189,443,294
277: 494,445,170,139,323,398,488,186,312,149
278: 203,423
279: 426,202,334,159,370,469,373
280: 207,471,400,107,364,238,496,360,458,121
281: 263,306,443,294,454,101,466,395
282: 322,345,310,138,397,499
283: 222,390,402,322,345,310
284: 52,34,36,339,379,53,130,182
285: 393,305,131,236,248,335
286: 257,266,437,407,337,383,414
287: 326,227,349,202,320,498
288: 
289: 394,424,255,376,250
290: 225,24,164,50,81,416,15,355
291: 177,409,474,377,470,483
292: 437,241,117,412,266,195,257
293: 175,122,324,316
294: 189,443,119,166,113,263,420,105,306,454,276,101,281
295: 341
296: 114,151,234,478
297: 441,343,192,389,221
298: 125,444,482,319,117,412,497
299: 242,249,271,351,350,403,258,147
300: 497,401,214
301: 87,183,65,67,39
302: 102,393,305,477,131,236,324
303: 410,165,171,429,136
304: 273,481,206,402,330
305: 393,102,302,285,131,236
306: 263,420,105,142,143,294,392,101,466,281
307: 435,464,342,347,235,270
308: 145,216,183
309: 213,421,457,133,372
310: 322,345,283,282,138
311: 129,164,355
312: 149,277,398,186,464,342,172,347,196,328
313: 141,440,468,156,493,444,253,319,215
314: 161,192,389,132,367,346,224,333,223
315: 327,428,451,272
316: 122,324,293,175
317: 179,77,465,185
318: 198,194,104,256,321,387
319: 253,141,313,125,298,444,482,215,412,497,401
320: 418,326,227,349,287
321: 318,104,256,108,387,418,326,349
322: 345,310,283,282,138,397,499
323: 398,494,277,186,149
324: 122,302,477,236,375,293,175,316
325: 218,275,194,422,331,243,357,256
326: 321,150,418,227,349,320,287
327: 315,428,451,157
328: 181,196,312,342,172,347,254,235,144,332,382
329: 167,474
330: 304,206,245,341
331: 194,422,458,121,261,268,275,325,218,357,198
332: 144,342,172,347,181,196,328,235,382,406
333: 161,314,378,223
334: 362,202,279,426,469
335: 248,285,415,128,451,157
336: 193,197,492,203,423
337: 407,286,340,383,414,259
338: 267,413,103,219,79,94,386,4,487
339: 284,130,182
340: 160,407,337,259
341: 330,295
342: 172,347,312,464,196,328,307,435,235,332
343: 297,441
344: 368,153,438,431,354
345: 322,310,222,283,282,138
346: 217,192,389,221,161,314,378
347: 342,172,312,149,464,328,307,435,235,332
348: 371,250,180,490,226,167,491
349: 227,321,108,387,326,202,320,287
350: 351,242,299,249,147
351: 350,242,299,249,258,147
352: 
353: 396,153,356,178,411,450,190
354: 431,344,368,438,120
355: 129,24,164,50,81,416,311,225,290
356: 231,467,396,353,178,411,450
357: 275,194,422,331,325,218,198,256
358: 244,386,96,4,487,365,264
359: 452,209
360: 364,280,238,458,121,201,385
361: 419,365,75,11,40,28,32,1217,1212,1226,1213,73,1215,264,18,54,97,58,129
362: 104,124,108,387,334
363: 165,205,410,193,197,171
364: 280,207,360
365: 386,96,4,487,55,358,244,75,11,40,28,32,264,361,419
366: 154,138,397,499,394,376,146
367: 132,112,192,389,100,314,224,459
368: 344,431,354
369: 478,262
370: 159,469,279,426,373,430,217
371: 348,250,180,490,226,491
372: 309,421,457,133,160,109
373: 430,279,426,159,370,469,228,217
374: 233,115
375: 324,175,151
376: 394,154,366,289,146
377: 491,152,291,177,409,483
378: 346,161,333
379: 53,43,52,34,36,284,20,19,130,182,14,69,17
380: 110,460,455,239
381: 71,480,1202,62,134,1208,30,5,1207,29,199
382: 473,181,328,254,475,144,332
383: 414,407,257,286,337,259
384: 44,179,463,80,216,185,93,12,173,1204,64,82,26,56,98,46,33,9
385: 201,360,121,275,243,218
386: 219,338,79,96,4,487,358,244,365
387: 108,318,104,124,321,362,349
388: 153
389: 192,221,297,441,132,367,346,161,314,224
390: 405,283
391: 439,123,110,460
392: 143,420,306,466,399,246
393: 305,302,285,131,236
394: 138,499,154,366,289,376,146
395: 101,466,281,246
396: 353,153,438,356,120,411,450,162,190,269,484
397: 499,322,282,138,366
398: 323,277,312,149
399: 392,230
400: 489,107,127,471,280,207,238,496
401: 253,319,215,497,300
402: 206,417,304,222,283
403: 299,425,119,142,166
404: 433,160
405: 390,222
406: 235,144,332,473,174,270,481,417
407: 237,266,257,286,340,337,383,414
408: 
409: 291,177,491,474,377,483
410: 303,165,363,197,171,429
411: 178,450,467,356,396,353,162,190
412: 125,298,482,319,117,497,292,195
413: 103,3,86,267,2,338,79,94,41,91
414: 383,407,257,286,337
415: 128,208,248,335,451,157
416: 50,81,84,60,70,1239,1237,1233,24,164,15,355,225,290
417: 406,481,304,206,402,222
418: 150,256,321,326,448,320
419: 361,365,75,11,40,28,32,1217,1212,1213,73,1215,264,18,54,97,58,129
420: 263,105,306,119,142,166,143,294,392,101,466
421: 457,133,213,309,187,372,210,109
422: 194,331,261,268,275,325,357,198
423: 203,197,171,336,278
424: 255,289,250,180
425: 403
426: 279,334,159,370,469,373,217
427: 135
428: 208,128,451,315,327
429: 136,410,303,171,442
430: 373,370,228,217
431: 354,344,368,438,120
432: 110,460,115,455,155,127
433: 449,479,404,237
434: 
435: 307,464,342,172,347,235,174,270
436: 111,127,489,107
437: 292,117,266,195,257,286
438: 344,153,431,354,396,120
439: 391,184,123,110
440: 158,240,468,156,141,313
441: 297,343,192,389,221,132
442: 188,429,136,200,445,170,139
443: 189,294,166,113,263,454,276,101,281
444: 125,298,482,141,313,253,319
445: 200,170,139,188,442,277,488,186
446: 
447: 
448: 150,418,882
449: 433,479
450: 178,411,356,396,353,162,190
451: 415,128,248,335,428,157,315,327
452: 152,209,359,158
453: 239
454: 276,113,189,443,294,281
455: 460,432,380,155,239,471
456: 
457: 421,133,213,309,372,210,109
458: 121,280,207,238,496,360,261,268,331
459: 132,367,100,187,224
460: 110,391,123,432,380,455,155
461: 233,184,148,123,115
462: 488,186,464
463: 80,116,179,216,185,384,44,93,12,173
464: 488,186,312,149,462,342,172,347,307,435
465: 77,317,179,185,135,168,64,61,26
466: 101,263,420,306,392,281,230,247,246,395
467: 231,356,178,411
468: 156,483,440,274,313,493,265
469: 159,370,334,279,426,373
470: 474,291
471: 455,155,127,239,489,400,107,280,207,238
472: 205,193
473: 382,254,475,144,406
474: 167,491,329,291,409,470
475: 254,181,473,382
476: 220,106,232
477: 485,102,302,236,122,324
478: 296,272,369
479: 449,433
480: 71,381,1202,62,134,1208,30,5,1207,29,199
481: 273,174,270,406,417,304
482: 125,298,444,212,319,117,412
483: 377,291,177,409,468,274
484: 269,396,120,162,190,260
485: 102,477
486: 240,212
487: 96,4,338,79,94,91,386,55,358,244,365,75,11,40,28,32
488: 200,445,139,277,186,462,464
489: 400,107,111,127,436,471,207,238,496
490: 180,371,348,167
491: 226,371,348,474,377,409
492: 193,336
493: 468,313,265,253,215
494: 170,139,277,323
495: 252,137,211
496: 238,489,400,107,280,207,458,261,268
497: 298,253,319,412,401,214,195,300
498: 287
499: 397,322,282,138,394,154,366
500: 955,1158,1044,1125,513,622
501: 
502: 506,1112,669,810,840,853,510,1030,833
503: 851,1191,1069,1183
504: 1188,971,1023,827,703,755,1163
505: 973,820,1070,793
506: 502,669,810,840,853,510,1030,845,833
507: 712,525,615,577
508: 1159,551
509: 806,964,828,962,537,1176,1016
510: 738,840,502,506,591,978,1030,845,1025
511: 535,966,935,733
512: 863
513: 1178,1158,1044,500,874,1052
514: 923,541,590,572,916,566
515: 1046,626,1094,846,810,842
516: 583,777,630,540
517: 980,958,768,886,1006,1085
518: 656,779,764,1098,1009
519: 1032,1011,963,566,749
520: 686,909
521: 1029,942,687
522: 792,892,858,770,888,989
523: 859,702,1053,815,571,867,593,954,695
524: 904,1010,1052,879,1050
525: 1123,507,676,577
526: 612
527: 905,1113,928,615,602
528: 678,1117,529,762,545,1101,584
529: 762,653,547,528,678,1117
530: 546,606,802,585,800
531: 1148,938
532: 989,880,600,782,743
533: 951,1121,674
534: 1030,845,833,1118,915,817
535: 1125,578,597,573,734,588,622,511
536: 761,1077
537: 1176,1016,509,828,636,962
538: 726,603,1021,1067,1073
539: 706,737,766,643,555,1024,832,1054,591,978
540: 939,630,516,583,763
541: 923,514,572,566
542: 1173,632,896,594,563,725
543: 995
544: 843,654,838,919,799
545: 1101,584,528,678,1117
546: 606,530,1192,802,585
547: 653,614,977,1127,529,548,1117
548: 768,854,1127,653,547
549: 684,771,1004,917
550: 672,1193,624,941,872,929,1013,590
551: 574,508,1159,825,767
552: 824,1186
553: 1092,776,1047,895
554: 988,1005,891,619,722,719,690,914
555: 766,643,1024,539,706,737
556: 581,696,1072,679,994
557: 570,1061,831,860
558: 1137,1140,1114,870,698
559: 1140,790,942
560: 983,651
561: 761
562: 1181,747,579
563: 542,1173,896,594,725
564: 1056,1169
565: 662
566: 1011,963,590,572,519,1032,923,541,514
567: 1100,1145,631
568: 723,1063,733,781
569: 805,865,785,1048,968
570: 557,1061,831
571: 867,859,702,815,523,954,695
572: 1164,590,1011,566,923,541,514
573: 597,734,819,774,1125,578,970,588,535
574: 551,628,998,789,825,932
575: 808,971,922,1001,1023,652,1188
576: 767,932,1077,761
577: 525,507,676
578: 1125,955,1035,819,597,573,734,622,535
579: 747,796,1181,562
580: 682,1015,952
581: 663,696,679,556
582: 613,647,1013
583: 516,777,630,540,763
584: 545,1101,528,678
585: 991,1161,546,530,870
586: 821,907,605,1019,1034
587: 1136,966,935
588: 970,984,774,597,573,734,535
589: 850,729,862,847,1116,746
590: 929,877,1164,572,1032,1011,566,514
591: 978,539,840,1054,510,738,1099,1025
592: 949,884
593: 523,704
594: 542,1173,563,1130
595: 1103,1170,890
596: 852,759,1115,965
597: 573,734,819,774,1125,578,588,535
598: 924,990,1033
599: 906,1098,1009,1053,815
600: 532,782,743
601: 794,714,866,823
602: 527,1031,928,976,943,724,1060
603: 538,726,930,1021,1067,1073
604: 1104,1196
605: 586,1019,1034,757
606: 546,530,1192,802
607: 1160
608: 864,847,1116
609: 925,866,773
610: 1179,897,1168
611: 
612: 526
613: 582,647
614: 977,829,618,1012,1120,854,1127,653,547
615: 527,1113,507,712
616: 755,1163,1133,828
617: 1122,1195,814
618: 1002,1012,1120,614,977,829
619: 891,554,988,1005,722,719,690,914,1064
620: 866,788
621: 848,903,940
622: 500,1125,578,535
623: 1020
624: 1193,672,941
625: 1144
626: 1094,1038,665,927,515,1112,669
627: 694,948,913,1000,1014,1066
628: 655,574,789
629: 
630: 939,777,540,516,583
631: 567,1128,1198
632: 710,542,1173,896
633: 849,869,987
634: 952
635: 646,1018
636: 731,828,537,1176,1016,1078
637: 964
638: 764
639: 1068,826,997
640: 1001,808,971,708,742,652,750
641: 711,876,987,769,673,748
642: 1041,985,1015
643: 766,555,1024,539,706,737
644: 949,760
645: 818
646: 635,1018
647: 872,934,672,582,613,1013
648: 842,795,1028,816,811
649: 1174,1145
650: 881,1055,957,1174
651: 983,1039,560,1151
652: 1001,808,971,575,1023,640,1188,1089
653: 547,614,1127,529,548,1117
654: 843,544,799,732
655: 628,998,789
656: 518,764
657: 953,917,664,721,995
658: 1168
659: 1131,830
660: 1180,934
661: 758,980,837
662: 565,837
663: 1162,903,967,581,696,1072
664: 657,953
665: 670,1124,1046,626,1094
666: 849,922,1001
667: 875,704,834,899,1057
668: 831,860,1185,916
669: 626,1112,810,840,502,506,853
670: 665
671: 1194,1106
672: 934,1193,624,872,647,550
673: 876,641,748,1179,897
674: 1121,1020,533,951
675: 974
676: 525,577,891
677: 1143,689
678: 528,1117,529,545,1101,584
679: 581,556,994
680: 728,692,1090
681: 730,911,904
682: 721,995,1015,580
683: 1071,739,699,1109,946,1152
684: 771,902,549
685: 735
686: 520,688
687: 521,942,979
688: 878,686,1065
689: 677,1143,1076
690: 719,914,554,988,891,619,722,1064
691: 820,709,793
692: 728,680,1090,902
693: 
694: 627,948,913,1014,1066
695: 571,523,954,760
696: 663,1162,967,581,1072,556
697: 1091,763,758
698: 870,715,558,1137,1140,1029
699: 739,741,1110,1109,683,1071,946
700: 
701: 1007,791,843
702: 859,938,1053,815,571,867,523
703: 1023,827,1188,504,1163
704: 593,844,834,667,899
705: 1152,754
706: 539,737,766,643,555,832,1054,978
707: 1026
708: 742,1147,987,1001,640,750
709: 691,822,889
710: 756,801,632
711: 641,987,769,748
712: 507,615
713: 1160,969
714: 967,1072,601,866,823
715: 800,933,698,1029
716: 1149,803,982
717: 981,945
718: 
719: 690,914,554,988,891,619,722,1064
720: 1066
721: 657,953,917,995,682
722: 554,988,1005,891,619,719,690,914
723: 1063,568,781
724: 602,943,1060
725: 542,1173,896,563,1027
726: 538,603,930,1021
727: 939,1049,735
728: 692,680,1090,1097
729: 589,847,1116,746
730: 911,904,1196,681
731: 636,828,1176,1078
732: 654,919,799,1068,826
733: 781,511,1063,568
734: 597,573,774,578,970,588,984,535
735: 685,1049,727
736: 1079,912
737: 539,706,766,643,555,1024,832,1054,978
738: 510,840,591,978,1030,845,1099,1025
739: 699,741,1110,1109,683,1071
740: 1059
741: 992,772,1110,839,739,699
742: 708,1147,987,640,750
743: 782,600,532
744: 762
745: 887,1047,850,862
746: 729,589,862,847,1116,955,1035,1178,1158,1044
747: 579,796,1181,562
748: 711,641,673,1179,897
749: 519,963,1095,1080
750: 708,742,1147,640
751: 553,1092
752: 1175,1086
753: 757,783,1194
754: 705,1022
755: 1163,1188,504,1089,1133,616
756: 930,1021,1067,801,710
757: 605
758: 1091,697,661
759: 596,1002
760: 954,695,644
761: 536,576,767,561,1077
762: 529,744,528,1117
763: 540,583,697
764: 779,638,656,518,1098
765: 895,996,1083,813
766: 643,555,1024,539,706,737
767: 576,551,825,932,761
768: 548,854,1127,958,517,980,886
769: 987,711,641
770: 888,1108,522,792
771: 684,902,549
772: 1166,1177,741,992,1110,839
773: 609,925
774: 813,597,573,734,970,588,984
775: 807,1108,888
776: 1047,553,887
777: 939,1026,630,516,583
778: 838,919,807,1062
779: 764,518,1098,1009
780: 981,975
781: 733,723,1063,568
782: 743,600,532
783: 753
784: 1144,944,856,1017
785: 1048,865,569,805,1022,968
786: 
787: 977
788: 994,1146,620
789: 998,655,628,574,825,932,1135,900,1189
790: 559
791: 701,1135
792: 522,892,858,770,989
793: 820,691,505
794: 601,823
795: 810,842,853,648,811
796: 1096,747,579
797: 798,1185
798: 1185,1106,797
799: 919,544,654,838,732
800: 530,715,933
801: 756,710,890
802: 546,606,530
803: 1149,716
804: 993,1102,1199
805: 569,865,785,1048,968
806: 964,1133,509,962
807: 1062,778,1138,775,858
808: 971,575,922,1001,1023,640,652,1188
809: 
810: 515,846,669,842,502,506,853,795
811: 816,795,648,1028,869
812: 1105,1092,895,996
813: 1083,765,819,774
814: 1195,617
815: 1053,859,702,906,599,571,867,523
816: 811,648,1028,869
817: 534,1118,915,1150,885
818: 898,645
819: 1083,813,1035,578,597,573
820: 691,505,793
821: 1076,586
822: 709,889,1131,910
823: 866,714,601,794,925
824: 552
825: 932,574,551,998,789,767,1135,900
826: 1068,732,639
827: 1023,504,703
828: 616,509,636,731,962,537,1176,1016,1078
829: 614,977,618,1012,1120
830: 659,1156,986
831: 570,557,1164,860,916,668
832: 1054,539,706,737,978,937,1099
833: 502,506,853,1030,845,534
834: 704,1088,667,899,1190
835: 990,1033,1038,927
836: 1016
837: 661,662
838: 778,544,919,799,1062
839: 1110,1166,772,741
840: 669,502,506,591,978,510,738,1030,845
841: 
842: 515,846,810,795,648
843: 701,544,654
844: 704
845: 1030,840,506,510,738,833,534
846: 515,810,842
847: 1116,729,589,746,608
848: 621,1128,903,940
849: 633,869,666,987,1001
850: 745,589,862
851: 503,1069
852: 1003,1154,596,965
853: 669,810,502,506,795,1030,833
854: 894,1120,614,1127,958,548,768
855: 1102,1165,991,1161,1039,1114
856: 1134,944,784
857: 1191,1107
858: 892,807,1062,1138,888,522,792
859: 702,938,1084,815,1051,571,867
860: 557,831,1185,916,668
861: 1057
862: 850,745,589,746,955,1035
863: 512,999,1160
864: 608
865: 785,1048,569,805
866: 823,1072,714,601,620,609,925
867: 571,1084,859,702,815,1051,954
868: 924
869: 816,811,849,633
870: 991,1161,585,1114,558,1137,1140,698
871: 1087,1119,1123,975,1132
872: 647,934,672,1193,550,1013
873: 1111,1104,1196,1192,1042
874: 1178,513,1010,1052,879
875: 667,899
876: 885,641,673
877: 1164,941,929,590
878: 688,986,1065,950
879: 1010,1052,874,904,524
880: 1045,997,989,532
881: 1008,650
882: 448
883: 1091
884: 949,1051,592
885: 1150,817,876
886: 958,768,517,980,1006,1036,1085
887: 745,776,1047,1083
888: 770,775,858,1108,522
889: 709,822,910
890: 801,595
891: 619,676,554,988,1005,722,719,690,914,1064
892: 858,1062,1138,522,792,989
893: 1157,908
894: 854,1120,1127
895: 996,1047,553,1092,1105,812,1083,765
896: 632,542,1095,563,725,1027
897: 1179,673,748,610
898: 818
899: 704,834,1088,875,667,1190,1057
900: 1189,998,789,825,932,1135
901: 
902: 1090,692,684,771
903: 621,848,940,663,1162
904: 911,730,1010,1052,879,681,524
905: 527,1113,1075,1031,928
906: 599,1098,1009,1053,815
907: 999,586,969,1034
908: 893,1157,973
909: 520,941
910: 1131,822,889
911: 904,730,1010,681
912: 1079,736,1058,924
913: 627,694,948,1000,1014,1066
914: 719,690,554,988,891,619,722,1064
915: 1118,534,817
916: 1164,831,860,668,514
917: 657,953,549,1004,721
918: 1064
919: 799,544,838,778,732,1062,1138
920: 1153
921: 1197,1186,992
922: 666,1001,808,971,575
923: 541,514,572,1011,963,566
924: 912,598,868
925: 609,866,823,773
926: 1090
927: 835,1038,626,1024,1112
928: 1031,1075,527,905,1113,976,602,943
929: 941,550,877,1164,590
930: 726,603,1021,756
931: 1167,1075
932: 825,574,998,789,576,767,1135,900,1189
933: 800,715
934: 672,1180,660,1193,872,647
935: 966,1136,511,587
936: 
937: 832,1054,1099,1025
938: 956,531,1084,859,702
939: 727,1049,777,630,540
940: 621,848,1128,903,1162
941: 909,1193,624,550,929,877,1164
942: 559,521,687,979
943: 1031,928,976,602,982,724,1182,1060
944: 1074,1144,856,784
945: 717,1167
946: 699,1122,683,1071,1152
947: 
948: 627,694,913,1000,1066
949: 884,592,644
950: 1065,878,986
951: 533,1121,674
952: 1015,580,634
953: 657,917,664,1004,721
954: 571,867,523,695,760
955: 1035,862,746,1158,1044,500,1125,578
956: 938
957: 1055,650,1100,1174,1145
958: 854,1127,768,517,980,886
959: 1082,1074
960: 1124,1046
961: 1088,1191,1069
962: 806,964,509,828,537,1176,1016
963: 1011,566,519,1032,923,749
964: 806,509,637,962
965: 1115,852,596
966: 935,1136,511,587
967: 663,1162,696,1072,714
968: 785,1048,569,805,1022,974
969: 999,1160,907,713
970: 588,984,774,573,734
971: 808,575,922,1001,1023,640,652,1188,504
972: 1198
973: 908,505,1070
974: 968,675
975: 780,871,1132
976: 1075,1031,928,602,943,982
977: 614,829,618,1012,787,547
978: 591,539,706,737,840,832,1054,510,738,1099,1025
979: 942,687
980: 517,958,768,661,886
981: 780,717
982: 976,943,716,1182
983: 651,560,1151
984: 970,588,774,734,1136
985: 1041,642,1015
986: 830,878,950
987: 769,849,633,711,641,708,742,1147
988: 554,1005,891,619,722,719,690,914
989: 892,522,792,880,532
990: 598,1033,835
991: 1161,585,1165,855,1114,870
992: 741,1197,772,921,1110
993: 804,1102
994: 1146,679,556,788
995: 657,721,543,682
996: 895,1092,1105,812,1083,765
997: 639,880,1045
998: 789,655,574,825,932,1135,900,1189
999: 863,1160,907,969
1000: 627,948,913,1014,1066
1001: 849,666,922,808,971,575,708,640,652
1002: 759,618
1003: 852
1004: 549,953,917
1005: 554,988,891,619,722
1006: 1036,1085,517,886,1197
1007: 701
1008: 881
1009: 779,518,1098,906,599
1010: 1052,879,874,911,904,524
1011: 963,566,590,572,519,1032,923
1012: 618,614,977,829
1013: 872,647,550,582
1014: 1000,627,694,913,1066
1015: 1041,985,682,642,580,952
1016: 537,1176,509,828,636,962,836
1017: 784
1018: 646,635
1019: 1034,586,605
1020: 674,623
1021: 1067,538,726,603,930,1073,756
1022: 754,785,1048,968
1023: 808,971,575,827,652,1188,504,703
1024: 927,766,643,555,539,737
1025: 1099,1054,591,978,510,738,937
1026: 707,777
1027: 896,1095,725,1080
1028: 648,816,811
1029: 715,698,521
1030: 845,840,502,506,853,510,738,833,534
1031: 928,1075,905,1113,976,602,943
1032: 519,590,1011,963,566
1033: 598,990,835
1034: 1019,586,907,605
1035: 955,862,746,819,578
1036: 1006,1085,886,1197
1037: 1129,1148,1155
1038: 835,927,626,1094
1039: 855,1114,651,1151
1040: 1060,1086
1041: 985,642,1015
1042: 1165,873,1111,1192,1102
1043: 
1044: 1158,746,955,1178,500,513
1045: 880,997
1046: 1124,960,665,1094,515
1047: 776,553,745,887,895
1048: 785,865,569,805,1022,968
1049: 735,939,727
1050: 524
1051: 1084,859,867,884
1052: 1010,879,874,513,904,524
1053: 815,702,906,599
1054: 832,539,706,737,591,978,937,1099,1025
1055: 957,650,1100,1174,1145
1056: 564,1169
1057: 667,899,1190,861
1058: 1079,912
1059: 740
1060: 1182,602,943,724,1040
1061: 570,557
1062: 807,838,778,919,1138,892,858
1063: 723,568,733,781
1064: 891,619,719,690,914,918
1065: 950,688,878
1066: 1000,627,694,948,913,1014,720
1067: 1021,538,603,1073,756
1068: 826,732,639
1069: 1191,503,851,1088,961
1070: 973,505
1071: 683,739,699,1109,946,1152
1072: 663,1162,967,696,714,556,866
1073: 538,603,1021,1067
1074: 1082,959,944,1134
1075: 1167,931,905,1031,928,976
1076: 689,1156,821
1077: 576,536,761
1078: 828,636,731,1176
1079: 736,1058,912
1080: 1095,749,1027
1081: 
1082: 959,1171,1074
1083: 813,887,895,996,765,819
1084: 938,859,1051,867
1085: 1006,1036,517,886,1197
1086: 752,1040
1087: 1119,1123,871,1184,1132
1088: 961,834,1191,1069,899,1190
1089: 652,1188,755,1163,1133
1090: 926,902,728,692,680
1091: 883,697,758
1092: 553,751,895,996,1105,812
1093: 
1094: 626,1038,665,1046,515,1112
1095: 896,749,1027,1080
1096: 560,796
1097: 728,1195
1098: 779,764,518,1009,906,599
1099: 1025,832,1054,591,978,738,937
1100: 1055,957,1174,1145,567
1101: 545,584,528,678
1102: 804,1042,1165,855
1103: 1170,595
1104: 604,1196,873,1111,1192
1105: 812,1092,895,996
1106: 671,1194,798,1185
1107: 857
1108: 775,770,888
1109: 739,699,683,1071
1110: 839,1166,772,741,992,739,699
1111: 873,1104,1192,1042
1112: 927,626,1094,669,502
1113: 527,905,1031,928,615
1114: 855,991,1161,1039,870,558,1137
1115: 965,596
1116: 847,729,589,746,608,1178,1158
1117: 528,678,653,547,529,762,545
1118: 915,534,817
1119: 1087,1123,871,1184,1132
1120: 618,614,829,854,894,1127
1121: 674,533,951
1122: 617,1195,946
1123: 1087,1119,871,1132,525
1124: 960,665,1046
1125: 578,955,500,597,573,622,535
1126: 1142
1127: 1120,614,854,894,653,547,958,548,768
1128: 1198,631,848,940
1129: 1037,1148,1155
1130: 594
1131: 910,822,659
1132: 975,1087,1119,1123,871
1133: 1089,755,1163,616,806
1134: 856,1074
1135: 998,789,825,932,791,900,1189
1136: 984,966,935,587
1137: 558,1140,1114,870,698
1138: 919,807,1062,892,858
1139: 
1140: 558,1137,870,698,559
1141: 1153
1142: 1126
1143: 677,689
1144: 944,625,784
1145: 1055,957,1100,567,649
1146: 994,788
1147: 708,742,987,750
1148: 531,1037,1129
1149: 716,803
1150: 817,885
1151: 1039,983,651
1152: 946,705
1153: 1141,920
1154: 852
1155: 1037,1129
1156: 1076,830
1157: 893,908
1158: 1044,1116,746,955,1178,500,513
1159: 508,551
1160: 863,607,999,969,713
1161: 991,585,1165,855,1114,870
1162: 663,903,940,967,696,1072
1163: 755,1188,504,703,1089,1133,616
1164: 877,941,929,831,590,572,916
1165: 1042,1102,855,991,1161
1166: 772,1177,1110,839
1167: 1075,945,931
1168: 610,658
1169: 564,1056
1170: 1103,595
1171: 1082,959
1172: 1174
1173: 542,632,594,563,725
1174: 650,1055,957,1100,1172,649
1175: 752
1176: 537,1016,509,828,636,731,962,1078
1177: 1166,772
1178: 1116,746,1158,1044,874,513
1179: 897,673,748,610
1180: 660,934
1181: 562,747,579
1182: 1060,943,982
1183: 503,1191
1184: 1087,1119,1123,871
1185: 798,1106,860,668,797
1186: 552,1197,921
1187: 
1188: 504,808,971,575,1023,652,703,1089,755,1163
1189: 900,998,789,932,1135
1190: 834,1088,899,1057
1191: 1069,503,1088,961,1183,857
1192: 1104,1196,873,1111,1042,546,606
1193: 624,934,672,941,872,550
1194: 671,753,1106
1195: 1097,617,1122,814
1196: 604,730,1104,873,1192
1197: 1006,1036,1085,1186,921,992
1198: 1128,631,972
1199: 804
1202: 62,14,69,17,1210,1229,1227,1228,35,134,1,1208,30,5,1207,71,480,381
1203: 48,1238,140,1234,1211,72,1236,1,1235,1208,30,5,1207,1239,1237,1233,29,199,106,232
1204: 64,82,61,26,185,384,44,168,56,3,86,74,6,8
1205: 85,7,51,1231,10,37,1232,1230,49,92,1218,47,1216,0,63,16,1217,1212,1226,73,45,88
1206: 1221,68,83,3,86,74,6,8,2,31,1219,1225,1223,1222,1224,1220,41,91,7,51,10,37
1207: 1208,30,5,1229,1227,35,1202,62,134,1,71,480,381,1203,29,199
1208: 30,5,1207,1229,35,1202,62,1,1235,71,480,381,48,1203,1238,140,29,199
1209: 25,21,89,38,14,0,63,16,1210,1229,1227,1228,35,88,1234,1211,72,1236,1,1235
1210: 1229,1227,1228,35,38,14,69,17,25,21,1209,89,1202,62,1211,1236,1
1211: 1234,72,1236,0,16,25,21,1209,89,1210,1229,1227,1228,35,88,1,1235,70,1239,1237,1233,1203,1238,140
1212: 1217,1226,1213,73,1215,55,1218,47,1216,85,1205,75,11,40,28,32,1214,45,361,419,54,97,58,59,84
1213: 1217,1212,1226,73,1215,55,1218,47,1216,85,75,11,40,28,32,1214,45,361,419,18,54,97,58,27,59,84
1214: 45,1218,47,1216,85,0,63,16,1217,1212,1226,1213,73,1215,88,18,54,97,58,27,59,84,60,70
1215: 1217,1212,1226,1213,73,55,1218,47,1216,85,75,11,40,28,32,1214,45,361,419,18,54,97,58,27,59,84
1216: 1218,47,91,7,51,10,37,55,85,1205,75,11,40,28,32,1217,1212,1226,1213,73,1215,1214,45
1217: 1212,1226,1213,73,1215,55,1218,47,1216,85,1205,75,11,40,28,32,1214,45,361,419,54,97,58,59,84
1218: 47,1216,91,7,51,1231,10,37,55,85,1205,75,11,40,28,32,1217,1212,1226,1213,73,1215,1214,45
1219: 31,1225,1223,1222,1224,1220,74,8,66,1206,1221,68,83,23,78,42,7,51,10,37,1230,92
1220: 31,1219,1225,1223,1222,1224,74,8,66,1206,1221,68,83,23,78,42,7,51,1231,10,37,1232,1230,49,92,22
1221: 1206,68,83,3,86,74,8,2,31,1219,1225,1223,1222,1224,1220,41,91,7,51,1231,10,37
1222: 31,1219,1225,1223,1224,1220,74,8,66,1206,1221,68,83,23,78,42,7,51,1231,10,37,1232,1230,49,92,22
1223: 31,1219,1225,1222,1224,1220,74,8,66,1206,1221,68,83,23,78,42,7,51,10,37,1230,92,22
1224: 31,1219,1225,1223,1222,1220,74,6,8,66,1206,1221,68,83,23,78,42,7,51,10,37,92
1225: 31,1219,1223,1222,1224,1220,74,8,66,1206,1221,68,83,23,78,42,7,51,1231,10,37,1232,1230,92,22
1226: 1217,1212,1213,73,1215,55,1218,47,1216,85,1205,75,11,40,28,32,1214,45,361,18,54,97,58,27,59,84
1227: 1210,1229,1228,35,38,14,69,17,25,21,1209,89,1202,62,1211,1,5,1207
1228: 1210,1229,1227,35,38,14,69,17,25,21,1209,89,1202,62,1234,1211,72,1236,1,1235,5
1229: 1210,1227,1228,35,38,14,69,17,25,21,1209,89,1202,62,1234,1211,72,1236,1,1235,1208,30,5,1207
1230: 1232,49,92,99,22,31,1219,1225,1223,1222,1220,23,78,42,76,57,51,1231,10,37,38,85,1205,0,63,16,21,89
1231: 51,10,37,1221,68,31,1225,1222,1220,23,78,42,7,1232,1230,49,92,99,22,1218,85,1205,0,63,16
1232: 1230,49,92,99,22,31,1225,1222,1220,23,78,42,76,57,51,1231,10,37,38,85,1205,0,63,16,21,89
1233: 1239,1237,88,1234,1211,72,1236,1,1235,60,70,48,1203,1238,140,416,15,106
1234: 1211,72,1236,0,16,25,21,1209,89,1229,1228,88,1,1235,60,70,1239,1237,1233,48,1203,1238,140
1235: 1,25,1209,89,1229,1228,35,62,1234,1211,72,1236,1208,5,1239,1237,1233,48,1203,1238,140,29,199
1236: 1234,1211,72,0,63,16,25,21,1209,89,1210,1229,1228,88,1,1235,60,70,1239,1237,1233,48,1203,1238,140
1237: 1239,1233,88,1234,1211,72,1236,1,1235,60,70,48,1203,1238,140,416,15
1238: 48,1203,140,1234,1211,72,1236,1,1235,1208,5,1239,1237,1233,29,199,15,106,232
1239: 1237,1233,88,1234,1211,72,1236,1,1235,60,70,48,1203,1238,140,416,15