1574: 480,1605,1337
543: 
1068: 1069,1067,237,1063,1065
1141: 1100,577
1543: 1349,1388,1578,1554,1479,1482,1501,1376
566: 
949: 
1581: 1562
1445: 1530,1391
1126: 1011,1020,1162,153,1128,1136,1037
977: 
1519: 1564,1531,1557,1419,1558,1537,487,952,1450,1476,1430
1373: 1506,1478,1365,1476,1430,1554,1479,1379,1394,1415,1467,1345,1317,1431,1346,1426,1316,323
1572: 1527
1394: 1379,1415,1467,1365,1525,1459,1373,985,1345,1317,1431,1346,1448,1393,1426,323
535: 
754: 69
1459: 1525,1520,1387,1365,1456,1379,1394,1415,1467,985,1345,1317,1448
1509: 1357,985,1345,1317,1431,1346,1448,1393,1426,1561,1526,1472,1454,1323,1428,1410
583: 
1566: 1502,1536
1376: 1554,1479,1482,1349,1543,1501,1425,1474,1514
900: 
1520: 1495,1387,1456,1459
1337: 1574,1605,1521,959
1383: 
643: 
1393: 1464,1426,1316,323,1394,1415,1467,1506,1478,1345,1317,1431,1346,1448,1425,1461,1509,1357,1472,1395
1602: 1532
29: 
562: 
740: 
1174: 1062
822: 1487,1404,1503,985,1561,1526,482
947: 
563: 435
985: 1456,1525,1459,1394,1415,1345,1317,1431,1346,1448,822,1487,1561,1526,1509,1357
1450: 1388,487,1583,1603,1519,1564,1531,1557,1419,1578,1476,1430,1554,1479,1482
1434: 1512
1556: 1576,457,1477,1341
995: 
551: 
1532: 1602
957: 
1540: 1558,1537,1499,1571
1367: 233
961: 
766: 
1456: 1520,1495,1387,1525,1459,985
968: 
1587: 917,1606
929: 
939: 
905: 
1461: 1425,1501,1464,1393,1426,1316,323,1474,1514,1472,1395,1436
552: 1268,1326,959,1499,1571,1537
572: 
1506: 1478,1373,1476,1430,1554,1479,1482,1467,1501,1431,1346,1464,1393,1426,1316,323,1425
560: 
1410: 1428,1489,1509,1472,1395,1460,1399,1452,1398
1479: 1554,1482,1531,1557,1419,1450,1388,1578,1476,1430,1349,1543,1506,1478,1373,1501,1376
61: 1398,1539,1489,1460,1399,1452,1429,1409
539: 955
558: 
1527: 1572
1495: 1520,1387,1456
1582: 1569,517
922: 
589: 
69: 754
1600: 1589,157,1588
598: 275,153,1128,1136,1037
1202: 492
1128: 153,1136,1037,598,1126,1011,1020,1162
587: 
607: 
1571: 1499,1424,1496,1521,959,552,1540,1558,1537,952
569: 571
996: 586
854: 
605: 227
916: 580
1172: 
1605: 480,1574,1337
591: 
926: 
1487: 822,1404,1503,985,1561,1526,482,1454
1513: 1548,573
1429: 1436,1460,1399,1452,994,61
944: 
582: 
1295: 
948: 
1349: 1543,1388,1578,1554,1479,1482,1501,1376
1064: 1088,415,166,1015
588: 940
1253: 1278
994: 1429
1518: 
1496: 1499,1571,1424,1521,959
1266: 1151
593: 
1426: 1464,1393,1316,323,1394,1415,1467,1506,1478,1373,1345,1317,1431,1346,1448,1425,1461,1509,1472,1395
544: 
908: 
1606: 917,1587
955: 539
1346: 1345,1317,1431,1448,1525,1394,1415,1467,1506,1478,1373,985,1464,1393,1426,1316,323,1509,1357,1472
906: 
659: 
581: 
1539: 61,1398,1460,1444,1409
932: 402
575: 
993: 
1475: 1575,935
851: 476,1608
1395: 1464,1393,1426,1316,323,1425,1461,1472,1436,1410,1399,1452
1428: 1489,1410,1509,1357,1472,1460,1399,1398
119: 
1278: 1253
1387: 1520,1495,1456,1525,1459
1316: 1464,1393,1426,323,1415,1467,1506,1478,1373,1501,1345,1317,1431,1346,1425,1461,1472,1395
1604: 853
1458: 1397,903
1483: 
975: 
911: 
555: 
597: 453
979: 
988: 
963: 
1535: 
538: 
951: 511
1348: 1402,420
536: 
592: 
1063: 237,1065,1069,1067,1068,1066,1083
1562: 1581
1569: 1582,517
986: 
559: 
586: 996
903: 1458,1397,157,1588
1589: 1600,157,1588
596: 
1359: 
557: 
580: 413,916,489
537: 479
978: 
153: 1128,1136,1037,598,1126,1011,1020,1162
980: 
1151: 1266
568: 
157: 1588,903,1600,1589
965: 311,1005
1413: 1453
902: 475
556: 
1503: 1404,1488,822,1487
1430: 1476,952,1519,1564,1531,1557,1419,1450,1365,1554,1479,1379,1467,1506,1478,1373
541: 
594: 
166: 1015,1088,1064
820: 
168: 238,682
700: 1009
1528: 1592
171: 
550: 
1547: 1580,913
574: 
940: 588
1065: 237,1063,1069,1067,1068,1066,1083
1399: 1460,1452,1472,1395,1436,1428,1489,1410,1429,61,1398
923: 543
1062: 1174
1053: 
901: 
1436: 1425,1461,1474,1514,1395,1399,1452,1429
1588: 157,903,1600,1589
992: 
1290: 
1336: 445
967: 
573: 1513,1548
547: 
976: 
919: 
1415: 1379,1394,1467,1365,1525,1459,1478,1373,985,1345,1317,1431,1346,1448,1393,1426,1316,323
1565: 1585
590: 946
1464: 1393,1426,1316,323,1506,1478,1501,1345,1317,1431,1346,1425,1461,1472,1395
1514: 1474,1501,1376,1425,1461,1436
962: 
927: 
1578: 1583,1603,1450,1388,1554,1479,1482,1349,1543
584: 
934: 
1531: 1519,1564,1557,1419,1558,1537,487,1583,1603,952,1450,1388,1476,1430,1554,1479,1482
953: 
1197: 
973: 
206: 
982: 
1357: 1509,985,1345,1317,1431,1346,1448,1393,1561,1526,1454,1323,1428
924: 
1453: 1413
1424: 1499,1571,1496,1521,959,1558,1537,952
990: 
578: 
1341: 1477,457,1556,1576
1149: 1184
1388: 1450,1583,1603,1531,1578,1554,1479,1482,1349,1543
1502: 1566,1536
914: 
1419: 1519,1564,1531,1557,1558,1537,487,952,1450,1365,1476,1430,1554,1479
1011: 1126,1020,1162,153,1128,1136,1037
1607: 232
925: 
1521: 1337,959,1571,1424,1496
1100: 1141,577
1489: 1428,1410,1460,1399,1515,61,1398
941: 
227: 605
912: 
950: 
943: 
1443: 456,1598
232: 1607
233: 1367,1488
1551: 1470,1414,1409
1404: 1503,1488,822,1487
579: 
237: 1063,1065,1069,1067,1068,1066,1083
238: 168,682
920: 
1379: 1394,1415,1467,1365,1476,1430,1525,1459,1373,1345,1317,1431
599: 
1580: 1547,913
243: 
1476: 1430,952,1519,1564,1531,1557,1419,1450,1365,1554,1479,1379,1467,1506,1478,1373
971: 
972: 554
1557: 1519,1564,1531,1419,1558,1537,487,952,1450,1476,1430,1554,1479
1583: 1603,448,487,1531,1450,1388,1578
1585: 1565
1402: 1348,420
1576: 1556,457,1477,1341
1345: 1317,1431,1346,1448,1525,1459,1379,1394,1415,1467,1373,985,1464,1393,1426,1316,323,1561,1509,1357
1526: 1561,985,1448,822,1487,1509,1357,482,1454,1323
1512: 1434
255: 326
942: 
571: 569
1478: 1506,1373,1365,1476,1430,1554,1479,1482,1415,1467,1501,1431,1346,1464,1393,1426,1316,323,1425
1501: 1554,1479,1482,1349,1543,1506,1478,1376,1464,1316,323,1425,1461,1474,1514
1563: 
928: 
1499: 1571,1424,1496,959,552,1540,1558,1537,952
567: 
264: 
909: 
1467: 1379,1394,1415,1365,1476,1430,1525,1459,1506,1478,1373,1345,1317,1431,1346,1393,1426,1316,323
267: 
998: 
853: 1604
585: 407
887: 
1525: 1459,1387,1365,1456,1379,1394,1415,1467,985,1345,1317,1431,1346,1448
915: 
1009: 700
275: 1066,598
959: 1337,1521,552,1499,1571,1424,1496,1537
913: 1547,1580
1608: 851,476
892: 
1088: 1064,415,166,1015
281: 
958: 
553: 
1474: 1514,1501,1376,1425,1461,1436
1365: 952,1419,1476,1430,1525,1459,1379,1394,1415,1467,1478,1373
1530: 1445,1391
682: 238,168
542: 
960: 454
984: 
952: 1499,1571,1424,1558,1537,487,1519,1564,1531,1557,1419,1365,1476,1430
595: 474
1561: 1526,985,1345,1448,822,1487,1509,1357,482,1454,1323
1435: 
672: 
999: 411
1162: 1126,1011,1020,153,1128,1136,1037
298: 
1470: 1551,1414,1409
300: 
956: 
1414: 1551,1470,1409
933: 
904: 
1015: 166,1088,1064
1066: 1083,1069,1067,237,1063,1065,275
549: 
991: 
1268: 1326,552
1454: 1323,1487,1561,1526,1509,1357,482
311: 1005,965
554: 972
313: 338
1536: 1566,1502
548: 
1448: 1345,1317,1431,1346,1525,1459,1394,1415,985,1393,1426,1561,1526,1509,1357
989: 
1069: 1067,1068,237,1063,1065,1066,1083
1601: 1590
545: 
576: 493
945: 
323: 1464,1393,1426,1316,1394,1415,1467,1506,1478,1373,1501,1345,1317,1431,1346,1425,1461,1472,1395
981: 
946: 590
326: 255
327: 
1161: 492
570: 
1037: 153,1128,1136,598,1126,1011,1020,1162
1592: 1528
918: 
1184: 1149
1425: 1461,1506,1478,1501,1376,1464,1393,1426,1316,323,1474,1514,1472,1395,1436
1323: 1454,1561,1526,1509,1357,482
1020: 1126,1011,1162,153,1128,1136,1037
1243: 492
338: 313
1460: 1399,1452,1428,1489,1410,1429,61,1398,1539
840: 
938: 
966: 
1391: 1445,1530,1586
937: 
1477: 1341,457,1556,1576
921: 
347: 1504
1326: 1268,552
540: 
997: 
1482: 1554,1479,1531,1450,1388,1578,1349,1543,1506,1478,1501,1376
917: 1587,1606
1515: 1489,1444
1537: 1540,1558,959,552,1499,1571,1424,487,952,1519,1564,1531,1557,1419
546: 
1067: 1069,1068,237,1063,1065,1066,1083
970: 
1603: 1583,448,487,1531,1450,1388,1578
1488: 1404,1503,233
1452: 1460,1399,1472,1395,1436,1410,1429,61,1398
627: 1586
1431: 1345,1317,1346,1448,1525,1379,1394,1415,1467,1506,1478,1373,985,1464,1393,1426,1316,323,1509,1357,1472
931: 
565: 
1504: 347
1005: 311,965
561: 
1472: 1431,1346,1464,1393,1426,1316,323,1425,1461,1509,1395,1428,1410,1399,1452
964: 
1398: 61,1539,1428,1489,1410,1460,1399,1452,1444,1409
1317: 1345,1431,1346,1448,1525,1459,1379,1394,1415,1467,1373,985,1464,1393,1426,1316,323,1509,1357
954: 
1575: 1475,935
1590: 1601
1444: 1515,1398,1539
1558: 1540,1537,1499,1571,1424,487,952,1519,1564,1531,1557,1419
1548: 1513,573
564: 
817: 
1586: 627,1391
969: 
382: 
1136: 153,1128,1037,598,1126,1011,1020,1162
1554: 1479,1482,1531,1557,1419,1450,1388,1578,1476,1430,1349,1543,1506,1478,1373,1501,1376
987: 
935: 1575,1475
1397: 1458,903
1083: 1066,1069,1067,237,1063,1065
974: 419
907: 
1598: 456,1443
930: 
577: 1141,1100
983: 
865: 
1409: 61,1398,1539,1551,1470,1414
1564: 1519,1531,1557,1419,1558,1537,487,952,1450,1476,1430
910: 
936: 
400: 
401: 518
402: 932
403: 484
404: 
405: 
406: 458
407: 585
408: 
409: 
410: 
411: 999
412: 
413: 580
414: 
415: 1088,1064
416: 510
417: 
418: 
419: 974
420: 1348,1402
421: 
422: 
423: 
424: 
425: 
426: 
427: 
428: 
429: 
430: 
431: 
432: 
433: 440
434: 
435: 563
436: 
437: 
438: 
439: 
440: 433
441: 
442: 
443: 
444: 
445: 1336
446: 
447: 
448: 1583,1603
449: 
450: 
451: 
452: 
453: 597
454: 960
455: 
456: 1443,1598
457: 1477,1341,1556,1576
458: 406
459: 
460: 
461: 
462: 
463: 
464: 
465: 
466: 
467: 
468: 
469: 
470: 
471: 
472: 
473: 
474: 595
475: 902
476: 851,1608
477: 496
478: 
479: 537
480: 1574,1605
481: 
482: 822,1487,1561,1526,1454,1323
483: 
484: 403
485: 
486: 
487: 1558,1537,1583,1603,952,1519,1564,1531,1557,1419,1450
488: 
489: 580
490: 
491: 
492: 1202,1243,1161
493: 576
494: 
495: 
496: 477
497: 
498: 
499: 
500: 
501: 
502: 
503: 
504: 
505: 
506: 
507: 
508: 
509: 
510: 416
511: 951
512: 
513: 
514: 
515: 
516: 
517: 1582,1569
518: 401
519: 
520: 
521: 
522: 
523: 532
524: 
525: 
526: 
527: 
528: 
529: 
530: 
531: 
532: 523
533: 
534: 