0: 63,51,1232,1230,49,38,99,10,1231,25,21,1209,1214,45,85,16,1234,1211,89,1236,88
1: 25,21,1209,35,1229,1227,1228,1210,1202,17,1234,1211,89,1236,88,1208,30,5,1207,1239,1237,1233,48,1203,1235,1238,72,29
2: 86,3,83,74,6,413,1206,1221,68,79,94,91,41,37,7
3: 83,135,168,26,64,82,61,1204,86,74,6,413,2,1206,1221,68
4: 96,487,338,79,94,91,41,55,28,358,365,75,11
5: 1208,30,1207,35,1229,1227,1228,1210,1202,17,62,1,71,480,381,48,1203,1235,72,29,199
6: 74,168,26,64,82,61,1204,56,3,83,8,2,1206,68,1224
7: 37,2,1206,1221,68,31,42,1225,1223,1222,1224,1220,1219,41,51,55,28,1218,47,1216,1205,10,1231
8: 26,64,82,61,1204,56,9,98,46,74,6,66,78,1206,1221,68,31,42,1225,1223,1222,1224,1220,1219,23,92
9: 56,44,93,12,26,64,82,61,1204,98,46,74,8,66,78
10: 1231,37,7,51,1232,1230,49,1218,47,1216,1205,0,63,1217,32,1226,1213,73,1215,1212,1214,45,85,16
11: 75,40,96,4,487,55,28,1218,47,1216,365,1217,32,1226,1213,73,1215,1212,419,361,54,97
12: 93,173,463,80,384,216,65,56,9,98,46,67,33
13: 95,98,46,67,33,39,66,78,43,23,92,76,22,20,90,57
14: 76,22,20,90,57,19,53,38,99,69,25,21,1209,35,1229,1227,1228,1210,1202,17
15: 416,70,1239,1237,1233,48,1235,1238,72,50,81,140,106,225
16: 10,1231,0,63,25,21,1209,1214,45,85,1234,1211,89,1236,88,27,59,84,70,60,1239,1237,1233
17: 1202,14,69,134,35,1229,1227,1228,1210,62,1,1208,30,5,1207,71,480,381
18: 54,97,58,32,1226,1213,73,1215,1214,45,85,361,27,59,84,129,24
19: 53,43,52,34,20,90,57,130,182,379,14,69,134
20: 90,57,95,13,43,52,34,76,22,19,53,38,14,69
21: 25,1209,1232,1230,49,38,99,14,0,63,35,1229,1227,1228,1210,16,1211,89,88,1
22: 76,66,78,95,13,43,23,92,20,90,57,1232,1230,49,38,99,14
23: 92,8,66,78,95,13,31,42,1225,1223,1222,1224,1220,1219,76,22,51,1232,1230,49,38,99
24: 18,58,27,59,84,70,60,129,50,81,290,355,164,225
25: 21,1209,1232,49,38,99,14,0,63,1229,1227,1228,1210,16,1234,1211,89,1236,88,1
26: 64,82,61,1204,77,465,185,44,168,56,9,3,83,74,6,8
27: 59,84,32,1226,1213,73,1215,1214,45,85,16,18,54,97,58,70,60,129,24,50
28: 55,91,7,96,4,487,1218,47,1216,1205,365,75,11,40,1217,32,1226,1213,73,1215,1212
29: 1,1208,30,5,1207,71,480,381,48,1203,1235,1238,72,199,140,106,232
30: 1208,5,1207,35,1229,1202,17,62,1,71,480,381,48,1203,1235,29,199
31: 42,1225,1223,1222,1224,1220,1219,74,8,66,78,1206,1221,68,23,92,37,7,51
32: 1217,1226,1213,73,1215,1212,55,28,1218,47,1216,10,75,11,40,1214,45,85,361,18,54,97,58,27,59,84
33: 67,93,12,173,65,301,87,98,46,39,66,78,95,13,43
34: 52,39,36,43,20,19,53,130,379
35: 1229,1227,1228,1210,38,14,69,21,1209,1202,17,1211,89,1,1208,30,5,1207
36: 301,87,39,43,52,34
37: 7,2,1206,1221,68,31,42,1225,1223,1222,1224,1220,1219,41,51,55,1218,47,1216,1205,10,1231
38: 99,23,92,76,22,20,90,57,1232,1230,49,14,0,63,25,21,1209,35,1229,1227,1228,1210
39: 65,301,87,67,33,36,95,13,43,52,34
40: 75,11,96,487,55,28,1218,47,1216,365,1217,32,1226,1213,73,1215,1212,419,361,54,97,58
41: 413,2,1206,1221,68,79,94,91,37,7,4,55
42: 31,1225,1223,1222,1224,1220,1219,74,8,66,78,1206,1221,68,23,92,37,7,51,1232,1230,49
43: 67,33,39,36,95,13,52,34,76,22,20,90,57,19,53
44: 185,317,179,463,80,384,77,465,168,26,64,82,61,1204,56,9
45: 1214,85,1218,47,1216,1205,10,1231,0,63,1217,32,1226,1213,73,1215,1212,16,18,54,97,58,27,59,84,70,60
46: 98,93,12,173,65,56,9,67,33,8,66,78,95,13
47: 1218,1216,1205,37,7,51,55,28,10,75,11,40,1217,32,1226,1213,73,1215,1212,1214,45,85
48: 1203,1235,1238,72,1234,1211,1236,88,1,1208,30,5,1239,1237,1233,29,15,140,106,232
49: 1232,1230,42,23,92,76,22,51,38,99,10,1231,0,63,25,21
50: 81,27,59,84,70,60,24,15,416,290,355,164,225
51: 1206,1221,68,31,42,1225,1223,1222,1224,1220,1219,23,92,37,7,1232,1230,49,1218,47,1216,1205,10,1231,0,63
52: 34,39,36,43,20,90,57,19,53,130,379
53: 19,43,52,34,20,90,57,130,182,379,14,69,134
54: 18,97,58,75,11,40,1217,32,1226,1213,73,1215,1212,1214,45,85,361,27,59,84,129
55: 28,79,94,91,41,37,7,96,4,487,1218,47,1216,1205,365,75,11,40,1217,32,1226,1213,73,1215,1212
56: 9,185,44,93,12,173,26,64,82,61,1204,98,46,74,6,8,66,78
57: 20,90,95,13,43,52,76,22,19,53,38,99,14,69
58: 18,54,97,75,40,1217,32,1226,1213,73,1215,1212,1214,45,85,361,27,59,84,129,24
59: 27,84,1217,32,1226,1213,73,1215,1212,1214,45,85,16,18,54,97,58,70,60,129,24,50
60: 70,1214,45,85,16,1234,89,1236,88,27,59,84,1239,1237,24,50
61: 26,64,82,1204,77,465,185,44,168,56,9,3,83,74,6,8
62: 69,134,251,1202,17,1208,30,5,1207,71,480,381
63: 0,51,1232,1230,49,38,99,10,1231,25,21,1209,1214,45,85,16,89,88
64: 26,82,61,1204,77,465,185,44,168,56,9,3,83,74,6,8
65: 216,183,93,12,173,301,87,98,46,67,33,39
66: 78,56,9,98,46,67,33,8,95,13,31,42,1225,1223,1222,1224,1220,1219,23,92,76,22
67: 33,93,12,173,65,301,87,98,46,39,66,78,95,13,43
68: 1206,1221,3,83,74,6,8,2,31,42,1225,1223,1222,1224,1220,1219,41,37,7,51
69: 20,90,57,19,53,130,182,379,14,134,35,1229,1227,1228,1210,1202,17,62
70: 60,1214,45,85,16,1234,1211,89,1236,88,27,59,84,1239,1237,1233,24,50,81,15,416
71: 480,381,1202,17,62,1208,30,5,1207,29,199
72: 48,1203,1235,1238,1234,1211,89,1236,88,1,1208,5,1239,1237,1233,29,15,416,140,106,232
73: 1217,32,1226,1213,1215,1212,55,28,1218,47,1216,1205,10,75,11,40,1214,45,85,361,18,54,97,58,27,59,84
74: 6,168,26,64,82,61,1204,56,9,3,83,8,2,1206,1221,68,31,42,1225,1223,1222,1224,1220,1219
75: 11,40,96,4,487,55,28,1218,47,1216,365,1217,32,1226,1213,73,1215,1212,419,361,54,97,58
76: 22,66,95,13,43,23,92,20,90,57,1232,49,38,99,14
77: 465,317,179,185,44,135,168,26,64,82,61
78: 66,56,9,46,67,33,8,95,13,31,42,1225,1223,1222,1224,1220,1219,23,92,22
79: 94,91,267,413,2,338,41,4,487,55
80: 463,384,116,179,216,185,44,93,12,173
81: 50,84,70,24,15,416,290,355,164,225
82: 26,64,61,1204,77,185,44,168,56,9,3,83,74,6,8
83: 3,135,168,26,64,82,61,1204,86,74,6,413,2,1206,1221,68
84: 27,59,1217,32,1226,1213,73,1215,1212,1214,45,85,16,18,54,97,58,70,60,129,24,50,81
85: 1214,45,1218,47,1216,1205,10,1231,0,63,1217,32,1226,1213,73,1215,1212,16,18,54,97,58,27,59,84,70,60
86: 427,135,168,103,3,83,267,413,2
87: 301,183,65,67,33,39,36
88: 1234,1211,89,1236,0,63,25,21,1209,1229,1228,1210,16,1,70,60,1239,1237,1233,48,1203,1235,1238,72
89: 1234,1211,1236,88,0,63,25,21,1209,35,1229,1227,1228,1210,16,1,70,60,1239,1237,1233,1203,1235,1238,72
90: 20,57,95,13,43,52,76,22,19,53,38,14,69
91: 79,94,267,413,2,338,41,96,4,487,55,28
92: 23,8,66,78,13,31,42,1225,1223,1222,1224,1220,1219,76,22,51,1232,1230,49,38,99
93: 12,173,463,80,384,216,65,56,9,98,46,67,33
94: 79,91,267,413,2,338,41,4,55
95: 13,98,46,67,33,39,66,78,43,23,76,22,20,90,57
96: 4,487,91,55,28,358,365,75,11,40
97: 18,54,58,75,11,40,1217,32,1226,1213,73,1215,1212,1214,45,85,361,27,59,84,129
98: 46,93,12,173,65,56,9,67,33,8,66,95,13
99: 38,23,92,76,22,57,1232,1230,49,14,0,63,25,21,1228,1210
100: 112,132,367,187,459
101: 306,466,263,420,105,294,392,281,246,395
102: 485,393,305,477,131,236,302
103: 427,135,86,267,413
104: 198,318,124,321,108,387
105: 263,420,119,142,166,143,189,294,101,306
106: 140,1237,1233,48,1203,1235,1238,72,29,15,416,232,476
107: 471,155,111,127,489,400,280,207,238,496
108: 387,104,124,321,362,320,227,349,202
109: 210,421,457,133,372,137,211
110: 460,391,123,432,455,380,155
111: 127,432,115,155,436,107,489,400
112: 367,100,187
113: 258,189,443,294,454,276
114: 151,248,157,296
115: 461,233,432,374,155,111
116: 179,463,80,384,216
117: 241,412,266,292,437
118: 398,181,196
119: 142,166,403,263,420,105,189,443,294
120: 153,438,431,354,396,269,484
121: 360,280,238,458,201,385,275,331
122: 324,477,236,302,293,175,316
123: 184,439,391,461,110,460,432
124: 104,108,387,362
125: 482,141,253,319,444,412,298,497
126: 
127: 111,155,436,107,471,489,400
128: 451,208,415,248,335,428,157,327
129: 361,18,54,97,58,27,59,84,24,311,290,355,164
130: 182,379,52,34,339,284,19,53,69,134,251
131: 236,302,393,305,102,285
132: 367,441,192,389,221,100,224,314,459
133: 421,457,213,309,187,210,109
134: 19,53,130,182,379,69,251,1202,17,62
135: 77,465,427,168,103,86,3,83
136: 429,494,188,442,200,445,170,139
137: 211,109,252,495
138: 322,345,282,397,499,394,366
139: 200,445,170,136,494,442,277,186
140: 106,1239,1237,1233,48,1203,1235,1238,72,29,15,416,232,476
141: 313,440,493,125,253,319,444,215
142: 119,166,403,143,263,420,105,189,294
143: 142,166,263,420,105,392,306
144: 332,328,235,473,382,270,406
145: 308
146: 394,154,366,376
147: 258,249,299,242,351,350
148: 461,233
149: 312,277,323,398,186,488,464
150: 418,256,321,326,448
151: 114,248,375,296
152: 452,209,158
153: 344,438,353,396,120
154: 366,499,394,376,146
155: 110,460,432,115,455,111,127,239,107
156: 468,158,440,313
157: 415,248,335,451,128,114,315,327
158: 152,452,209,240,440,156
159: 370,469,279,426,373,217
160: 404,372,340
161: 346,389,224,314,378,333,223
162: 190,396,178,411,450,269,260
163: 
164: 290,355,129,24,50,81,311,225
165: 363,205,410,303,197,171
166: 119,142,403,143,263,420,105,189,443,294
167: 490,348,474,329
168: 77,465,185,44,135,26,64,82,61,1204,86,3,83,74,6
169: 210
170: 200,445,139,136,494,188,442,277,186
171: 165,363,410,303,197,429,203,423
172: 342,488,312,347,464,196,328,307,435,235,332
173: 93,12,463,80,384,216,65,56,98,46,67,33
174: 270,435,406,273,481
175: 293,236,122,324,375,316
176: 146,490
177: 291,409,377,483
178: 411,450,467,356,353,162,190
179: 116,317,463,80,384,77,465,185,44
180: 424,250,490,226,371,348
181: 196,328,118,475,332,254,382
182: 130,379,339,284,19,53,69,134,251
183: 308,65,301,87
184: 247,246,230,439,123,461
185: 44,317,179,463,80,384,77,465,168,26,64,82,61,56
186: 488,200,445,170,139,277,323,312,149,464
187: 112,213,100,421,457,133,459,210
188: 442,136,200,445,170,288
189: 443,294,119,142,166,113,263,420,105,454,276
190: 162,356,353,396,178,411,450,269,484,260
191: 
192: 389,221,297,441,346,132,367,314
193: 472,205,363,197,492,336
194: 422,331,325,218,357,198
195: 214,292,437
196: 181,328,312,118,342,172,332
197: 205,165,363,410,193,171,336,203,423
198: 318,194,422,357,104,256
199: 1208,30,5,1207,71,480,381,29,232
200: 445,170,139,136,188,442,186
201: 385,360,121,275,243
202: 108,227,349,334,287,279
203: 423,197,171,336,278
204: 
205: 472,165,363,193,197
206: 402,273,417,304,222,283,330
207: 280,107,471,489,400,364,238,496,360,458
208: 415,428,451,128
209: 152,452,359,158
210: 109,187,421,457,133,169
211: 137,109,252,495
212: 240,486
213: 309,187,421,457,133
214: 195,300
215: 141,313,493,253,319,444,497,401
216: 116,308,463,80,384,93,12,173,65
217: 426,159,370,469,430,373,346
218: 325,385,275,331,194,422,243,357,256
219: 267,338,386
220: 476
221: 192,389,297,441,346,132
222: 283,417,206,402,345
223: 161,224,314
224: 314,389,132,367,161,459,223
225: 24,50,81,15,416,290,355,164
226: 250,255,180,371,348,491
227: 349,321,108,326,320,202,287
228: 430,373
229: 
230: 399,247,246,184,439
231: 467,356
232: 48,1203,1235,1238,72,29,199,140,106,476
233: 461,148,115,374
234: 
235: 347,464,342,172,328,307,435,144,332,270
236: 131,302,393,305,102,477,285,122,324,375,175
237: 407,414,340,337
238: 496,107,489,400,280,207,360,121,458,261,268
239: 455,380,155,453,471
240: 486,158,440,212
241: 117,292
242: 249,299,271,351,350,258,147
243: 201,385,275,325,218
244: 358,365,419,264
245: 330
246: 247,392,101,306,466,281,399,395,230,184
247: 246,466,399,230,184
248: 335,285,415,451,128,157,114,151
249: 299,242,271,351,350,147
250: 255,424,289,180,226,371,348
251: 130,182,379,134,62
252: 137,211,495
253: 319,444,141,313,493,125,215,497,401
254: 473,382,181,475
255: 250,424,289,226
256: 325,218,357,198,318,321,150,418
257: 414,286,266,437,407,383
258: 147,299,242,351,113
259: 340,337,383
260: 162,190,269,484
261: 268,238,496,458,331,422
262: 369
263: 420,105,119,142,166,143,189,443,294,101,306,281
264: 419,358,365,244,361
265: 468,274,493,215
266: 117,292,437,407,257,414,286
267: 103,86,413,219,338,79,94,91
268: 261,238,496,458,422
269: 484,396,120,162,190,260
270: 174,307,435,235,144,406,481
271: 428,249,242,350
272: 315,478,369
273: 481,174,304,206
274: 483,468,156
275: 331,121,201,385,422,243,325,218,357
276: 454,113,189,443,294
277: 494,445,170,139,323,398,186,488,312,149
278: 203,423
279: 426,202,334,159,370,469,373
280: 207,107,471,400,364,238,496,360,121,458
281: 263,420,443,294,454,101,306,466,246,395
282: 322,345,310,138,397,499
283: 222,206,402,345,310
284: 339,130,182,379
285: 393,305,131,236,248,335,375
286: 257,414,266,437,407,337,383
287: 326,320,227,349,202
288: 188,462
289: 424,250,255
290: 355,164,129,24,50,81,311,225
291: 177,409,377,491,474,470,483
292: 437,241,117,412,266,195
293: 175,122,324,316
294: 189,443,119,142,166,113,263,420,105,454,276,101,306,281
295: 341
296: 375,114,151
297: 441,343,346,192,389,221
298: 412,125,482,319,444,497
299: 249,242,351,350,403,258,147
300: 497,401,214
301: 87,183,65,67,33,39,36
302: 131,236,393,305,102,477,122,324
303: 410,165,171,429
304: 273,481,206,402,330
305: 393,102,285,131,236,302
306: 101,466,143,263,420,105,294,392,281,246
307: 435,347,464,342,172,235,270
308: 145,216,183
309: 213,421,457,133,372
310: 322,345,283,390,282
311: 129,290,355,164
312: 149,277,398,186,488,347,464,342,172,196,328
313: 141,440,468,156,493,253,319,444,215
314: 224,192,389,132,367,161,459,223
315: 327,428,451,157,272
316: 122,324,293,175
317: 179,77,465,185,44
318: 198,104,256,321,387
319: 253,444,141,313,493,125,482,215,298,497,401
320: 326,321,108,418,227,349,287
321: 318,104,256,108,387,150,418,326,320,227,349
322: 345,310,282,138,397,499
323: 398,494,277,186,149
324: 122,477,236,302,375,293,175,316
325: 218,275,331,194,422,243,357,256
326: 320,321,150,418,227,349,287
327: 315,428,451,128,157
328: 181,196,312,342,172,235,144,332,382
329: 167,474
330: 304,206,245,341
331: 275,121,458,261,385,194,422,325,218,357
332: 144,342,172,181,196,328,235,382,406
333: 378,161
334: 362,202,279,426,469
335: 248,285,415,128,157
336: 193,197,492,203,423
337: 407,237,414,286,340,383,259
338: 267,413,219,79,94,91,386,4,487
339: 284,130,182,379
340: 160,237,337,259
341: 330,295
342: 172,312,347,464,196,328,307,435,235,332
343: 297,441
344: 368,153,438,431
345: 322,310,222,283,282,138
346: 297,217,192,389,221,161
347: 464,488,312,342,172,307,435,235
348: 371,250,180,490,226,167,491
349: 227,321,108,387,326,320,202,287
350: 351,271,249,299,242,147
351: 350,249,299,242,258,147
352: 359
353: 356,153,467,396,178,411,450,190
354: 431,368,438,120
355: 290,164,129,24,50,81,311,225
356: 353,231,467,396,178,411,450,190
357: 275,331,194,422,325,218,198,256
358: 386,96,4,487,365,244,419,264
359: 352,452,209
360: 121,364,280,207,238,458,201,385
361: 365,75,11,40,1217,32,1213,73,1215,1212,419,264,18,54,97,58,129
362: 124,108,387,334
363: 165,205,410,193,197,171
364: 471,280,207,360
365: 96,4,487,55,28,358,75,11,40,244,419,264,361
366: 154,138,397,499,394,376,146
367: 132,441,112,192,389,100,224,314,459
368: 344,438,431,354
369: 272,478,262
370: 159,469,279,426,373,217
371: 348,250,180,226,491
372: 309,421,457,160,109
373: 430,279,426,159,370,469,228,217
374: 233,115
375: 285,236,324,175,151,296
376: 394,154,366,146
377: 291,177,409,491,474
378: 333,161
379: 130,182,52,34,339,284,19,53,69,134,251
380: 455,110,460,239
381: 71,480,1202,17,62,1208,30,5,1207,29,199
382: 473,254,181,328,475,144,332
383: 407,257,414,286,337,259
384: 463,80,116,179,216,185,44,93,12,173
385: 201,360,121,275,331,243,218
386: 219,338,358
387: 108,318,104,124,321,362,349
388: 
389: 192,221,297,441,346,132,367,161,224,314
390: 405,310
391: 439,123,110,460
392: 143,420,101,306,466,399,246
393: 305,102,285,131,236,302
394: 138,499,154,366,376,146
395: 101,466,281,246
396: 153,438,356,353,120,411,450,162,190,269
397: 499,322,282,138,366
398: 323,277,312,149,118
399: 392,466,247,246,230
400: 489,111,127,436,107,471,280,207,238,496
401: 253,319,215,497,300
402: 206,417,304,222,283
403: 299,119,142,166
404: 433,160
405: 390
406: 144,332,473,174,270,481,417
407: 237,266,257,414,286,337,383
408: 
409: 291,177,377,491,474,470
410: 303,165,363,197,171,429
411: 178,450,467,356,353,396,162,190
412: 298,125,482,117,497,292
413: 103,86,3,83,267,2,338,79,94,91,41
414: 257,286,266,407,237,337,383
415: 208,248,335,428,451,128,157
416: 15,70,1239,1237,1233,1238,72,50,81,140,106,225,476
417: 406,481,304,206,402,222,283
418: 150,256,321,326,320
419: 264,358,365,75,11,40,244,361
420: 263,105,119,142,166,143,189,294,392,101,306,466,281
421: 457,133,213,309,187,372,210,109
422: 194,261,268,275,331,325,218,357,198
423: 203,197,171,336,278
424: 289,250,255,180
425: 
426: 279,334,159,370,469,373,217
427: 135,103,86
428: 208,415,451,128,271,315,327
429: 410,303,171,136,442
430: 373,228,217
431: 354,344,368,438,120
432: 123,461,110,460,115,455,155,111
433: 449,479,404
434: 
435: 307,347,464,342,172,235,174,270
436: 111,127,489,400
437: 292,117,266,195,257,286
438: 344,368,153,431,354,396,120
439: 391,230,184,123
440: 158,240,468,156,141,313
441: 297,343,192,389,221,132,367
442: 188,429,136,200,445,170,139
443: 189,294,119,166,113,263,454,276,281
444: 253,319,141,313,493,125,482,215,298,497
445: 200,170,139,136,188,442,277,186,488
446: 
447: 
448: 150,882
449: 433,479
450: 178,411,356,353,396,162,190
451: 128,208,415,248,428,157,315,327
452: 152,209,359,158
453: 239
454: 276,113,189,443,294,281
455: 380,110,460,432,155,239,471
456: 
457: 421,133,213,309,187,372,210,109
458: 280,207,238,496,360,121,261,268,331
459: 132,367,100,187,224,314
460: 110,391,123,432,455,380,155
461: 233,184,148,123,432,115
462: 288,186,488
463: 80,384,116,179,216,185,44,93,12,173
464: 347,186,488,312,149,342,172,307,435,235
465: 77,317,179,185,44,135,168,26,64,61
466: 101,306,420,392,281,399,247,246,395
467: 231,356,353,178,411
468: 156,483,440,274,313,493,265
469: 159,370,334,279,426,373,217
470: 474,291,409
471: 107,455,127,239,400,364,280,207
472: 205,193
473: 254,382,475,144,406
474: 167,329,291,409,377,470
475: 181,473,254,382
476: 416,140,106,232,220
477: 485,102,236,302,122,324
478: 272,369
479: 449,433
480: 71,381,1202,17,62,1208,30,5,1207,29,199
481: 273,174,270,406,417,304
482: 125,319,444,412,298
483: 291,177,468,274
484: 269,120,190,260
485: 102,477
486: 240,212
487: 96,4,338,79,91,55,28,358,365,75,11,40
488: 186,445,277,312,149,462,347,464,172
489: 400,111,127,436,107,207,238,496
490: 180,176,348,167
491: 226,371,348,291,409,377
492: 193,336
493: 468,141,313,253,319,444,215
494: 136,170,139,277,323
495: 252,137,211
496: 238,107,489,400,280,207,458,261,268
497: 125,253,319,444,215,412,298,401,300
498: 
499: 397,322,282,138,394,154,366
500: 1044,955,1158,1125,578,513,622
501: 
502: 853,1112,669,810,840,1030,506,833
503: 851,1191,1069,1183
504: 1188,971,1023,827,703,755,1163
505: 973,820,1070,793
506: 1030,845,840,502,853,510,738,833,534
507: 712,577,525,615
508: 1159,551
509: 964,616,828,962,537,1176,1016
510: 738,840,591,1030,845,506,1025
511: 535,966,935,733
512: 863
513: 1178,1158,500,1044,874,622,1052
514: 916,923,541,572
515: 665,1046,626,1094,846
516: 583,777,630,540
517: 958,768,980,886,1006,1085
518: 656,779,1098,1009
519: 1032,1011,963,566,749
520: 686
521: 1029,559,942,687
522: 792,888,892,858,770,989
523: 859,702,1053,815,599,571,867,593,954,695
524: 879,1050
525: 577,1123,1132,507,676
526: 612,1172
527: 905,1113,928,615
528: 678,1117,529,762,744,545,1101,584
529: 762,547,653,744,528,678,1117
530: 802,546,606,585,800
531: 1148,938
532: 989,880,1045,600,782,743
533: 951,1121,674
534: 1030,845,506,833,915,1118,817
535: 1125,578,588,573,734,1136,511
536: 761,1077
537: 1176,1016,509,964,828,636,962
538: 726,603,930,1021,1067,1073
539: 706,737,766,643,1024,555,832,1054,591,978
540: 939,727,630,583,516,763
541: 923,572,566,514,1043
542: 1173,632,710,896,725,594,563
543: 
544: 843,654,838,919,799
545: 1101,584,528,678,1117
546: 606,802,530,585,800
547: 977,1012,614,1127,653,529,762
548: 854,1127,653,768
549: 1004,684,771,917
550: 672,1193,624,941,872,929,1013,590
551: 508,1159,574,932,767
552: 824,1186
553: 1092,776,1047,996,895
554: 988,1005,891,619,722,914,690
555: 1024,927,766,643,539,706,737
556: 581,1072,679,994,788
557: 570,1061
558: 1137,1140,1114,870,698
559: 1140,698,521,942,687
560: 651,983,796
561: 761
562: 1181,747,579
563: 542,1173,725,594,1130
564: 1056,1169
565: 763,697
566: 1011,963,1032,590,923,541,572
567: 1100,1145
568: 723,1063
569: 865,785,968,1048,805
570: 557,1061,831
571: 867,859,702,815,1051,523,954,695
572: 923,541,590,1011,566,514
573: 588,819,597,774,1125,578,970,734,535
574: 628,551,998,789,825,932
575: 808,971,666,922,1001,1023,640,652,1188
576: 767,932,1077,761
577: 525,1123,507,676
578: 1125,955,1035,819,597,500,588,573,622,535
579: 747,796,1181,562
580: 682,1015,898,952
581: 663,696,679,556
582: 613,1013
583: 516,777,630,540
584: 545,1101,528,678
585: 546,606,530,991,1161,870
586: 821,907,605,1019,1034
587: 1136,966,935
588: 573,819,597,774,578,970,734,535
589: 850,729,862,847,1116,746
590: 929,877,1164,1032,1011,566,572
591: 978,539,840,1054,510,738,1099,1025
592: 949,884
593: 523,704
594: 1130,542,1173,563
595: 1103,1170,890
596: 1154,852,759,965,1115
597: 819,1035,774,1125,578,588,573,734
598: 924,868,1033
599: 906,1053,815,523
600: 532,782
601: 714,823,866,925,794
602: 1031,928,976,943,724,1182
603: 538,726,930,1021,1067,1073
604: 1104
605: 586,1019,1034,757
606: 546,1192,802,530,585
607: 1160
608: 847,1116,864,1178
609: 866,925,773
610: 897,1179,750,1168
611: 
612: 526,1172
613: 582
614: 618,1012,829,1120,977,547,854,1127
615: 527,712,507
616: 755,1133,509,828
617: 1122,1195,814
618: 1002,1012,829,1120,614
619: 891,554,988,1005,1064,722,914,690
620: 788,1146
621: 848,903,940
622: 500,1044,1125,578,513
623: 1020
624: 1193,909,672,941,550
625: 1144
626: 1094,1038,665,927,515,1112,669
627: 694,948,913,1000,1014,1066
628: 655,574,789
629: 
630: 939,727,777,540,583,516
631: 848,1128
632: 710,542,1173
633: 849,869,987
634: 952
635: 1018,646
636: 731,828,537,1176,1078
637: 806
638: 764
639: 1068,826,997
640: 1001,808,971,575,708,742,652
641: 711,769,876,987,673,748
642: 1041,985,1015
643: 766,1024,555,539,706,737
644: 949,760
645: 818
646: 1018,635
647: 872,934,672,1193,1013
648: 811,842,795,1028,816
649: 1174,1055,650,1100,957,1145,1172
650: 1055,881,957,1174,649
651: 1039,560,983,1151
652: 1001,808,971,575,1023,640,1188
653: 547,1127,529,762,548,1117
654: 843,544,799,732,826
655: 628,675,998,789
656: 518,764
657: 953,917,664,721,995
658: 1168
659: 1131,830
660: 1180,934
661: 980,758,837
662: 837
663: 1162,696,903,940,967,581,1072
664: 917,657,953
665: 670,1124,1046,626,1094,515
666: 849,922,1001,808,575
667: 899,1190,834,875,1057
668: 831,860,1185,798,916
669: 626,1094,1112,810,840,502,853
670: 665
671: 1194
672: 934,1193,624,872,647,550
673: 876,641,748
674: 1020,533,951
675: 974,655,791
676: 577,525,891
677: 1143,689
678: 528,1117,529,744,545,1101,584
679: 581,556,994,788
680: 728,692,1090
681: 730,911,904,1196
682: 721,995,985,1015,580
683: 1071,739,699,1109,946,1152
684: 771,902,1004,549
685: 693
686: 520,688
687: 559,521,942,979
688: 878,686,1065
689: 677,1143,1076
690: 914,554,891,619,1064,722,719
691: 820,709,889,793
692: 728,680,1090,902,1097
693: 685
694: 627,948,913,1000,1014,1066
695: 571,523,954,760
696: 663,1162,967,581,1072
697: 1091,883,763,758,565
698: 870,558,1137,1140,1029,715,559
699: 1110,1195,739,1122,683,946
700: 
701: 1007,791,843
702: 859,938,1053,815,571,867,523
703: 827,504,1163,1000
704: 593,844,834,899
705: 1152,754
706: 539,737,766,643,555,832,1054,978
707: 1026
708: 742,1147,987,1001,640
709: 691,889,822
710: 632,542,1173
711: 641,769,987,748
712: 507,615
713: 969,1160
714: 823,967,1072,601,866,925
715: 1029,933,698
716: 1149,803,982
717: 981,945
718: 
719: 722,914,690
720: 1066
721: 657,953,995,985,682
722: 554,988,619,914,690,719
723: 1063,781,568
724: 602,943,1060
725: 896,542,1173,563
726: 538,603,930
727: 939,1049,735,630,540
728: 692,680,1090,1097
729: 589,847,1116
730: 911,904,1196,681
731: 636,1078
732: 654,919,799,1068,826
733: 781,511,1063
734: 970,597,774,588,573,984,535,1136
735: 1049,727
736: 1079,912
737: 539,706,766,643,1024,555,832,1054,978
738: 510,840,591,1030,845,506,1025
739: 741,1110,699,1109,683
740: 1059
741: 992,1197,772,1110,839,739
742: 708,1147,987,640,750
743: 782,532
744: 529,762,528,678,1117
745: 887,850
746: 589,862,1116,955,1158,1044
747: 579,796,1181,562
748: 711,641,673,1179,897
749: 963,1095,1027,1080
750: 742,1147,610,897,1168
751: 553,1092
752: 1175,1086
753: 757,1194,783
754: 705
755: 1163,1188,504,1089,1133,616
756: 930,1021,1067,801
757: 605
758: 1091,697,661,980
759: 596,1002
760: 954,695,644
761: 536,576,767,561,1077
762: 529,547,653,744,528,1117
763: 540,697,565
764: 638,779,656
765: 813,996,895,1105,1083
766: 643,1024,555,539,706,737
767: 576,551,932,761
768: 854,1127,548,980,517,958,886
769: 711,641,817,987
770: 888,1108,522,792
771: 684,902,549
772: 1166,1177,741,992,1110,839
773: 925,609
774: 813,819,597,588,573,970,734,984
775: 807,1062,888,1108,770
776: 553,887,1047,895
777: 939,1026,630,583,516
778: 838,919,807,1062
779: 764,518,1098,1009
780: 981,975
781: 733,723,1063
782: 743,600,532,947
783: 753
784: 944,856,1017
785: 865,569,1022,968,1048,805
786: 
787: 1012,977
788: 620,679,556,994,1146
789: 998,655,628,574,825,932,1135,900
790: 
791: 675,701
792: 522,892,858,770,989
793: 820,691,505,889
794: 823,601,925
795: 810,842,648,811,816
796: 1096,560,983,1181,747,579
797: 798
798: 1106,860,1185,668,797
799: 919,544,654,838,732
800: 546,530,933
801: 756,890
802: 530,546,606
803: 1149,716
804: 993,1199,1102
805: 785,569,968,1048
806: 1168,964,637
807: 1062,778,1138,775,888,858
808: 971,575,666,922,1001,1023,640,652,1188
809: 
810: 846,669,842,502,853,795
811: 648,795,1028,816
812: 1105,1092,996,895
813: 765,996,1083,819,774
814: 1195,617,1041
815: 1053,956,938,859,702,906,599,571,523
816: 795,648,811,1028,869
817: 534,915,1118,769
818: 898,645
819: 597,813,1035,774,578,588,573
820: 691,505,889,793
821: 1156,830,586
822: 709,889,1131,910
823: 714,967,601,866,925,794
824: 552
825: 932,574,998,789,1135,900
826: 1068,654,732,639
827: 1023,504,703
828: 616,509,964,636,962,537,1176
829: 1120,618,1012,614,894
830: 659,1156,821,986
831: 570,1164,860,1185,916,668
832: 1054,539,706,737,978,937,1099
833: 502,853,1030,845,506,534
834: 844,704,1088,875,899,667,1190
835: 990,1033,1038,927
836: 1016
837: 661,662
838: 778,544,919,799
839: 1110,1166,772,741,992
840: 1112,669,502,853,591,510,738,1030,845,506
841: 951
842: 846,810,795,648
843: 701,544,654
844: 704,834
845: 1030,506,840,853,510,738,833,534
846: 515,810,842
847: 1116,729,589,608,1178,1158
848: 631,621,1128,903,940
849: 633,869,666,1001
850: 745,589,862
851: 503,1069
852: 1003,1154,596,965
853: 502,669,810,840,1030,845,506,833
854: 894,1120,614,1127,768,548
855: 1102,1165,991,1161,1114
856: 1134,944,784
857: 1191,1107
858: 892,807,1062,1138,888,522,792
859: 702,938,1084,1053,815,1051,571,867,523
860: 1185,831,798,916,668
861: 1057
862: 850,589,746,955,1035
863: 512,999
864: 608
865: 785,569
866: 925,1072,714,823,601,609
867: 571,1084,859,702,1051,954
868: 924,598
869: 816,849,633
870: 991,1161,585,1114,558,1137,1140,698
871: 975,1087,1119,1123,1132
872: 647,934,672,1193,550,1013
873: 1111,1104,1196,1192,1042
874: 1178,513,1010,1052,879
875: 834,899,667
876: 885,641,673
877: 1164,941,929,590
878: 688,986,1065,950
879: 1010,1052,874,904,524
880: 1045,997,989,532
881: 650
882: 448
883: 1091,697
884: 949,1051,592
885: 1150,876
886: 768,517,958,1006,1036,1085
887: 745,776,1047,1083
888: 807,1062,1138,775,892,858,770,522
889: 820,691,709,793,822
890: 801,1170,595
891: 619,676,554,988,1005,1064,914,690
892: 858,1062,1138,888,522,792,989
893: 1157,908
894: 854,829,1120,1127
895: 996,776,553,1092,1047,812,1083,765
896: 725,542,1095,1027
897: 610,748,1147,1179,750
898: 580,818
899: 667,1190,704,834,875,1057
900: 998,789,825,932,1135,1189
901: 
902: 1090,692,684,771
903: 621,848,940,663,1162
904: 911,730,1010,1052,879,681
905: 527,1113,1031,928,1075
906: 599,1098,1009,1053,815
907: 999,969,586,1034
908: 893,1157,973
909: 624,941
910: 822,1143,1131
911: 904,730,1010,681
912: 736,1079,924
913: 1000,627,694,948,1014,1066
914: 690,554,988,891,619,1064,722,918,719
915: 1118,534,817
916: 1164,831,860,1185,668,514
917: 1004,549,664,657,953
918: 1064,914
919: 799,544,838,778,732,1138
920: 1153
921: 1197,1186,992
922: 666,1001,808,971,575,1023
923: 541,572,1011,963,566,514
924: 598,912,868
925: 866,714,823,601,794,609,773
926: 1090
927: 835,1038,626,1024,555,1112
928: 1031,1075,527,905,1113,976,602,943
929: 941,550,877,1164,1032,590
930: 1121,538,726,603,1021,756
931: 1167
932: 825,574,551,998,789,576,767,900
933: 800,715
934: 672,1180,660,1193,872,647
935: 966,1136,511,587
936: 
937: 832,1054,978,1099,1025
938: 956,531,1084,859,702,815
939: 727,1049,777,630,540
940: 621,848,1128,903,663,1162
941: 909,1193,624,550,929,877,1164
942: 559,521,687,979
943: 1031,928,976,602,982,724,1182
944: 1144,856,784
945: 717,1167
946: 699,1122,683,1071,1152
947: 782
948: 627,694,913,1000,1066
949: 884,592,644
950: 878,986,1065
951: 533,1121,674,841
952: 1015,580,634
953: 657,1004,917,664,721
954: 571,867,523,695,760
955: 862,746,1035,500,1044,1125,578
956: 938,815
957: 1100,1055,650,1174,649,1145
958: 517,768,980,886
959: 1082,1171,1074
960: 1124,1046
961: 1088,1069
962: 509,964,828,537,1176,1016
963: 1011,566,1032,519,923,749
964: 509,806,828,962,537,1176,1016
965: 852,596,1115
966: 935,1136,511,587
967: 663,1162,696,1072,714,823
968: 1048,785,569,1022,805,974
969: 999,1160,907,713
970: 734,774,588,573,984
971: 808,575,922,1001,1023,640,652,1188,504
972: 1198,1128
973: 908,505,1070
974: 968,675
975: 780,871,1132
976: 1031,928,1075,602,943,982
977: 547,1012,787,614
978: 591,539,706,737,832,1054,937,1099,1025
979: 942,687
980: 661,758,768,517,958
981: 780,717
982: 976,943,716,1182
983: 651,560,1151,796,1181
984: 774,970,734,1136
985: 721,1041,682,642,1015
986: 830,878,950
987: 633,711,641,769,708,742,1147
988: 554,1005,891,619,722,914
989: 892,522,792,880,1045,532
990: 1033,835
991: 1161,1165,855,585,1114,870
992: 741,1197,772,921,1110,839
993: 1199,804,1102
994: 679,556,788,1146
995: 657,721,682
996: 895,553,1092,1047,1105,812,1083,765,813
997: 639,880,1045
998: 789,655,574,825,932,1135,1189,900
999: 863,969,907
1000: 913,703,627,694,948,1014,1066
1001: 849,666,922,808,971,575,708,640,652
1002: 759,618
1003: 852
1004: 549,684,917,953
1005: 554,988,891,619
1006: 1036,1085,517,886,1197
1007: 701
1008: 
1009: 779,518,1098,906
1010: 1052,879,874,911,904
1011: 963,566,1032,590,519,923,572
1012: 618,787,829,1120,614,977,547
1013: 872,647,550,582,1032
1014: 913,1000,627,694,1066
1015: 985,682,642,580,952
1016: 537,1176,509,964,962,836
1017: 784
1018: 635,646
1019: 1034,586,605
1020: 674,623
1021: 1067,538,603,930,1073,756
1022: 785,968,1048
1023: 922,808,971,575,827,652,1188,504
1024: 555,927,766,643,1112,539,737
1025: 1099,1054,591,978,510,738,937
1026: 707,777
1027: 896,1095,749,1080
1028: 648,811,816
1029: 715,698,521
1030: 845,506,840,502,853,510,738,833,534
1031: 928,1075,905,1113,976,602,943
1032: 929,1013,590,519,1011,963,566
1033: 598,990,835
1034: 1019,586,907,605
1035: 862,955,819,597,1125,578
1036: 1006,1085,886,1197
1037: 1148,1129,1155
1038: 835,927,626,1094
1039: 651,1151
1040: 1060,1086
1041: 814,985,642
1042: 1165,873,1111,1192,1102
1043: 541
1044: 500,746,955,1158,1125,513,622
1045: 880,997,989,532,1171
1046: 1124,960,665,1094,515
1047: 776,553,887,996,895,1083
1048: 968,785,569,1022,805
1049: 735,939,727
1050: 524
1051: 1084,859,571,867,884
1052: 1010,879,874,513,904
1053: 815,859,702,906,599
1054: 832,539,706,737,591,978,937,1099,1025
1055: 650,1100,957,1174,649,1145
1056: 564,1169
1057: 899,667,1190,861
1058: 1079
1059: 740
1060: 724,1182,1040
1061: 570,557
1062: 807,778,1138,888,892,858
1063: 723,733,781,568
1064: 891,619,914,690,918
1065: 688,878,950
1066: 913,1000,627,694,948,1014,720
1067: 1021,538,603,1073,756
1068: 826,732,639
1069: 1191,961,503,851,1088
1070: 973,505
1071: 683,1109,946,1152
1072: 663,1162,696,967,714,556,866
1073: 538,603,1021,1067
1074: 1082,959,1134
1075: 1031,928,1167,905,976
1076: 689,1156
1077: 576,536,761
1078: 636,731,1176,1129
1079: 736,912,1058
1080: 1095,749,1027
1081: 
1082: 959,1171,1074
1083: 887,1047,996,895,765,813
1084: 1148,938,859,1051,867
1085: 1006,1036,517,886
1086: 752,1040
1087: 1119,1123,1184,871,1132
1088: 961,834,1069,1190
1089: 755,1133
1090: 926,902,728,692,680
1091: 883,697,758
1092: 553,751,996,895,812
1093: 
1094: 626,1038,665,1046,515,669
1095: 896,749,1027,1080
1096: 560,796
1097: 728,692,1195
1098: 779,518,1009,906
1099: 1025,832,1054,591,978,937
1100: 957,1055,1174,649,1145,567
1101: 545,584,528,678,1177
1102: 804,1042,1165,855
1103: 1170,595
1104: 604,1196,873,1111,1192
1105: 812,996,765
1106: 1194,1185,798
1107: 857
1108: 770
1109: 739,683,1071
1110: 839,1166,772,741,992,739,699
1111: 873,1104,1192,1042
1112: 927,626,1024,669,840,502
1113: 527,905,1031,928
1114: 855,991,1161,870,558,1137
1115: 596,965
1116: 847,729,589,608,746,1178,1158
1117: 528,678,653,529,762,744,545
1118: 915,534,817
1119: 1087,1123,1184,871,1132
1120: 829,618,1012,614,854,894,1127
1121: 533,951,930
1122: 617,1195,699,946
1123: 1087,1119,871,1132,577,525
1124: 960,665,1046
1125: 578,955,1035,597,500,1044,573,622,535
1126: 1142
1127: 1120,614,547,854,894,653,768,548
1128: 631,848,972,1198,940
1129: 1078,1037
1130: 594,1173,563
1131: 822,910,659
1132: 871,975,1087,1119,1123,525
1133: 1089,755,1163,616
1134: 856,1074
1135: 1189,998,789,825,900
1136: 734,984,535,966,935,587
1137: 558,1140,1114,870,698
1138: 919,807,1062,888,892,858
1139: 
1140: 558,1137,870,698,559
1141: 
1142: 1126
1143: 677,910,689
1144: 944,625
1145: 1055,1100,957,649,567
1146: 994,620,788
1147: 708,742,987,897,750
1148: 531,1037,1084
1149: 716,803
1150: 885
1151: 651,1039,983
1152: 683,1071,946,705
1153: 920
1154: 852,596
1155: 1037
1156: 1076,830,821
1157: 893,908
1158: 847,1116,746,1178,500,1044,513
1159: 508,551
1160: 607,969,713
1161: 991,1165,855,585,1114,870
1162: 663,696,903,940,967,1072
1163: 755,1188,504,703,1133
1164: 877,941,929,831,590,916
1165: 1042,1102,855,991,1161
1166: 772,1177,1110,839
1167: 945,931,1075
1168: 610,750,658,806
1169: 564,1056
1170: 1103,890,595
1171: 1045,1082,959
1172: 1174,649,526,612
1173: 542,632,710,725,594,1130,563
1174: 649,1055,650,1100,957,1172
1175: 752
1176: 537,1016,509,964,828,636,962,1078
1177: 1101,1166,772
1178: 608,847,1116,1158,874,513
1179: 748,610,897
1180: 660,934
1181: 983,796,747,579,562
1182: 602,943,982,1060
1183: 503,1191
1184: 871,1087,1119,1123
1185: 860,1106,831,798,916,668
1186: 552,921
1187: 
1188: 504,808,971,575,1023,652,755,1163
1189: 1135,998,900
1190: 899,667,834,1088,1057
1191: 1069,503,1183,857
1192: 1104,1196,873,1111,1042,606
1193: 624,934,672,941,872,647,550
1194: 753,1106,671
1195: 1097,699,617,1122,814
1196: 730,1104,681,873,1192
1197: 1006,1036,921,741,992
1198: 972,1128
1199: 804
1202: 17,14,69,134,35,1229,1227,1228,1210,62,1,1208,30,5,1207,71,480,381
1203: 48,1235,1238,72,1234,1211,89,1236,88,1,1208,30,5,1207,1239,1237,1233,29,140,106,232
1204: 26,64,82,61,44,168,56,9,3,83,74,6,8
1205: 1218,47,1216,37,7,51,55,28,10,1231,1217,1226,73,1215,1212,1214,45,85
1206: 1221,68,3,83,74,6,8,2,31,42,1225,1223,1222,1224,1220,1219,41,37,7,51
1207: 1208,30,5,35,1229,1227,1202,17,62,1,71,480,381,1203,29,199
1208: 30,5,1207,35,1229,1202,17,62,1,71,480,381,48,1203,1235,1238,72,29,199
1209: 25,21,38,14,0,63,35,1229,1227,1228,1210,16,1234,1211,89,1236,88,1
1210: 35,1229,1227,1228,38,99,14,69,25,21,1209,1202,17,1211,89,88,1,5
1211: 1234,89,1236,88,0,25,21,1209,35,1229,1227,1228,1210,16,1,70,1239,1237,1233,48,1203,1235,1238,72
1212: 1217,32,1226,1213,73,1215,55,28,1218,47,1216,1205,10,1231,75,11,40,1214,45,85,361,54,97,58,59,84
1213: 1217,32,1226,73,1215,1212,55,28,1218,47,1216,10,75,11,40,1214,45,85,361,18,54,97,58,27,59,84
1214: 45,85,1218,47,1216,1205,10,0,63,1217,32,1226,1213,73,1215,1212,16,18,54,97,58,27,59,84,70,60
1215: 1217,32,1226,1213,73,1212,55,28,1218,47,1216,1205,10,75,11,40,1214,45,85,361,18,54,97,58,27,59,84
1216: 1218,47,1205,37,7,51,55,28,10,1231,75,11,40,1217,32,1226,1213,73,1215,1212,1214,45,85
1217: 32,1226,1213,73,1215,1212,55,28,1218,47,1216,1205,10,75,11,40,1214,45,85,361,54,97,58,59,84
1218: 47,1216,1205,37,7,51,55,28,10,1231,75,11,40,1217,32,1226,1213,73,1215,1212,1214,45,85
1219: 31,42,1225,1223,1222,1224,1220,74,8,66,78,1206,1221,68,23,92,37,7,51
1220: 31,42,1225,1223,1222,1224,1219,74,8,66,78,1206,1221,68,23,92,37,7,51,1230
1221: 1206,68,3,83,74,8,2,31,42,1225,1223,1222,1224,1220,1219,41,37,7,51
1222: 31,42,1225,1223,1224,1220,1219,74,8,66,78,1206,1221,68,23,92,37,7,51,1232,1230
1223: 31,42,1225,1222,1224,1220,1219,74,8,66,78,1206,1221,68,23,92,37,7,51
1224: 31,42,1225,1223,1222,1220,1219,74,6,8,66,78,1206,1221,68,23,92,37,7,51
1225: 31,42,1223,1222,1224,1220,1219,74,8,66,78,1206,1221,68,23,92,37,7,51
1226: 1217,32,1213,73,1215,1212,55,28,1218,47,1216,1205,10,1231,75,11,40,1214,45,85,18,54,97,58,27,59,84
1227: 35,1229,1228,1210,38,14,69,25,21,1209,1202,17,1211,89,1,5,1207
1228: 35,1229,1227,1210,38,99,14,69,25,21,1209,1202,17,1234,1211,89,1236,88,1,5
1229: 35,1227,1228,1210,38,14,69,25,21,1209,1202,17,1234,1211,89,1236,88,1,1208,30,5,1207
1230: 1232,49,42,1222,1220,23,92,22,51,38,99,10,1231,0,63,21
1231: 10,37,7,51,1232,1230,49,1218,1216,1205,0,63,1226,1212,45,85,16
1232: 1230,49,42,1222,23,92,76,22,51,38,99,10,1231,0,63,25,21
1233: 1239,1237,16,1234,1211,89,1236,88,1,70,48,1203,1235,1238,72,15,416,140,106
1234: 1211,89,1236,88,0,25,1209,1229,1228,16,1,70,60,1239,1237,1233,48,1203,1235,1238,72
1235: 48,1203,1238,72,1234,1211,89,1236,88,1,1208,30,5,1239,1237,1233,29,15,140,106,232
1236: 1234,1211,89,88,0,25,1209,1229,1228,16,1,70,60,1239,1237,1233,48,1203,1235,1238,72
1237: 1239,1233,16,1234,1211,89,1236,88,1,70,60,48,1203,1235,1238,72,15,416,140,106
1238: 48,1203,1235,72,1234,1211,89,1236,88,1,1208,1239,1237,1233,29,15,416,140,106,232
1239: 1237,1233,16,1234,1211,89,1236,88,1,70,60,48,1203,1235,1238,72,15,416,140