1574: 1615,1605,1616,1053,1062,1626,1174,1172,153,1663,1675,1622,1128,1136,1617,1635
543: 
1068: 1632,1656,1630,1655,1659,1653,1654,1657,1658,1640,1638
1141: 1100,1656,1634,1631
1543: 1349
566: 
949: 1624,1644,1639,1646,1651,1662,1648,1680,1670,1678
1581: 1562,488
1445: 1530
1667: 853,1677,915,1671
977: 
1519: 1564,1531,1373,1467,1450,1479,1554,1476,1430,1506,1478
1373: 1467,1499,1571,487,1519,1564,1531,985,1476,1430
1572: 1527,1598
1394: 1379,1415,1365,1459,1345,1317,1346,1426,1316,323,1431
535: 1015,166
754: 69
1459: 1525,1557,1419,985,1526,1561,1379,1394,1415,1365
1509: 1357,1345,1428,1489
583: 
1619: 1627,1645,1636,1640,1638,1624,1644,1639,1646
1376: 1501,1514,1474,994
900: 
1520: 1495,1424,1672,552
1337: 1661,1665,1670,1678,1673,1202,1243,1161
500: 
520: 
1393: 1346,1426,1316,323,1431,1415,1345,1317,1425,1461,1395
1602: 1532,476
1623: 1066,1618,1063,1065,1609,1083,1615,1616,1053,1062,1664,1174
562: 
509: 
1174: 1066,1623,1616,1053,1062,1574,1664,1172,153,1663,1675,1681,1521,1650,1676,492
822: 1487,1526,1561
947: 
563: 435
985: 1373,1467,1459,1525,1476,1430,1379,1365
1450: 1479,1554,1519,1564,1531,1476,1430,1478
1434: 445,1512
1556: 1576
995: 
551: 560
1532: 1602,476
957: 983
1540: 1499,1571,1467
1674: 1621,153,1128,1136,1617,1635,1011,1037,1613,492,1610,478
961: 
495: 
1456: 1387,1503,1404,1557,1419
968: 
1587: 1606
929: 
939: 
905: 
1461: 1425,1346,1393,1426,1316,323,1431,1395
552: 1495,1520
572: 
1506: 1476,1430,1478,1519,1564
560: 551
504: 954
1479: 1450,1554,1519,1564,1531
61: 1398,1460,1399
539: 
558: 
1527: 1572
1495: 1520,1424,1672,552
1582: 1569
922: 
589: 460
69: 754
1600: 546,1589,549
598: 
1202: 1665,1337,1679,1668
1128: 1622,1136,1617,1635,1011,1574,1626,153,1663,1675,1037,1613,492,1621,1674,1610
587: 
515: 
1571: 1499,487,952,1540,1557,1373,1467
569: 
996: 
854: 
1675: 1172,153,1663,1062,1574,1174,1128,1136,1617,1635,1011,1650,1676,492,1621
916: 
1172: 1663,1675,1062,1574,1174,1136
1605: 1615,1616,1053,1062,1574,1626
591: 
926: 
1487: 822,1526,1561
1513: 1548
532: 
944: 
582: 
1295: 1610
948: 989
1349: 1543
1064: 1088
588: 
1253: 700,1009,1278
994: 1501,1514,1376,1474
1518: 
1496: 1660,1326,1268,1637
1266: 1151,991
593: 
1426: 1346,1393,1316,323,1431,1394,1415,1345,1317,1425,1461,1395
544: 
908: 
1606: 1587
955: 
1346: 1393,1426,1316,323,1431,1379,1394,1415,1345,1317,1425,1461,1395
906: 
1635: 1622,1128,1136,1617,1011,1574,1626,153,1663,1675,1037,1613,492,1621,1674,1610
581: 
498: 
932: 
575: 
993: 
1646: 1624,1644,1639,1640,1638,1619,1627,1645,1636,949,1651,1662
531: 
1395: 1346,1393,1426,1316,323,1431,1425,1461
1428: 1489,1509,1357
513: 
1278: 700,1009,1253
1387: 1456,1503,1404,1557,1419
1316: 1346,1393,1426,323,1431,1394,1415,1345,1317,1425,1461,1395
1671: 853,1677,915,1667
1458: 448,1397
506: 
975: 
911: 596
555: 
597: 453
979: 
988: 
963: 921
1535: 
538: 
951: 
1348: 1402,935
536: 
592: 
1063: 1618,1065,1609,1083,1612,1067,1069,1620,1615,1623,1616
1562: 1581
1569: 1582
986: 
559: 
586: 
903: 
1589: 1600,546,549
596: 911,962
1670: 1678,1673,949,1651,1662,1648,1680,1661,1665,1337
557: 311,1005,1633,1629
580: 
537: 
978: 
153: 1663,1675,1062,1574,1174,1622,1128,1136,1617,1635,1011,1650,1676,492,1621,1674
980: 451
1151: 1266
568: 
157: 1588
965: 1629,311,1005,1633,1612
1413: 412,1453
902: 1502,1536
556: 
1503: 1404,1456,1387
1430: 1476,1506,1478,1373,1467,1519,1564,1531,1450,985,1379,1365
541: 
594: 
166: 1015,535
820: 
507: 981
700: 1009,1253,1278
1528: 1592,517,484
519: 
550: 
1547: 475,1580,959
574: 
940: 444,502
1065: 1618,1063,1609,1083,1612,1067,1069,1620,1615,1066,1623,1616,1062
1399: 1460,61
923: 
1062: 1616,1053,1618,1065,1609,1083,1615,1605,1066,1623,1574,1664,1174,1172,153,1663,1675
1053: 1616,1062,1605,1066,1623,1574,1174
901: 
501: 
1588: 157
992: 
1290: 
534: 
967: 
573: 
547: 
976: 
919: 
1415: 1379,1394,1365,1459,1345,1317,1346,1393,1426,1316,323,1431
1565: 1585
590: 
1625: 237,1629,1612,1067,1069,1620
1514: 1501,1376,1474,994
962: 596
927: 
1578: 1388,1537,1558
584: 
934: 
1531: 1519,1564,1373,1467,1450,1479,1554,1476,1430,1478
953: 
1197: 1651,1662
973: 
517: 1592,1528
982: 
1357: 1509,1345,1317,1428,1489
924: 
1453: 412,595,1413
1424: 1672,1637,1495,1520
990: 
578: 
1341: 1477
1149: 1184
1388: 1578,1537,1558
1502: 902,1536
914: 
1419: 1557,1456,1387,1459,1525
1011: 1622,1128,1136,1617,1635,1626,153,1663,1675,1037,1613,492,1621,1674,1610
1607: 232
925: 440
1521: 1681,1645,1636,1664,1174,1651,1662
1100: 1141,1656,1634,1631
1489: 1428,1509,1357,1398
941: 
1659: 1630,1655,1653,1654,1657,1658,1632,1068,1656,1640,1638,1624,1639
912: 
950: 438
943: 459
1443: 1598,456,448
232: 1607
233: 1454,1323
1551: 840,1414
1404: 1503,1456,1387
579: 
237: 1625,1612,1067,1069,1620
508: 
920: 
1379: 1394,1415,1365,1459,1525,985,1476,1430,1345,1317,1346,323,1431
599: 
1580: 475,1547,959
514: 
1476: 1430,1506,1478,1373,1467,1519,1564,1531,1450,985,1379,1365
971: 
972: 
1557: 1419,1571,1456,1387,1459,1525
1583: 480,1603,904
1585: 1565
1402: 1348,935
1576: 1556
1345: 1317,1379,1394,1415,1365,1346,1393,1426,1316,323,1431,1509,1357
1526: 1561,1459,1525,822,1487
1512: 445,1434
512: 540
942: 
571: 
1478: 1476,1430,1506,1519,1564,1531,1450
1501: 1514,1376,1474,994
1563: 
928: 
1499: 1571,487,952,1540,1373,1467
567: 
528: 
909: 417
1467: 1373,1499,1571,487,1540,1519,1564,1531,985,1476,1430
524: 
998: 
853: 1677,915,1671,1667
585: 
523: 
1525: 1459,1557,1419,985,1526,1561,1379,1365
915: 853,1677,1671,1667
1009: 700,1253,1278
533: 
959: 1547,1580
913: 488
530: 
496: 
1088: 1064
522: 
958: 481
553: 
1474: 1501,1514,1376,994
1365: 1379,1394,1415,1459,1525,985,1476,1430,1345,1317,1431
1530: 1445,1586
510: 
542: 565
960: 
984: 
952: 1499,1571,487
595: 1453
1561: 1526,1459,1525,822,1487
505: 
521: 
999: 516
1678: 1670,1673,949,1651,1662,1648,1680,1661,1665,1337
518: 
1680: 1651,1662,1648,949,1670,1678,1673,1661,1665
502: 940,444
956: 
1414: 840,1551
933: 
904: 1603,1583
1015: 166,535
1066: 1623,1618,1065,1083,1615,1616,1053,1062,1664,1174
549: 1600,546,1589
991: 1266
1268: 1326,478,1679,1647,1496,1660,1668,1637
1454: 233,1323
311: 1005,557,1633,965,1629
554: 430,491
497: 
1536: 1502,902
548: 
526: 
989: 948
1069: 1620,1625,237,1612,1067,1618,1063,1065,1609,1083,1615
1601: 1590
545: 
576: 
945: 
323: 1346,1393,1426,1316,1431,1379,1394,1415,1345,1317,1425,1461,1395
981: 507
946: 
516: 999
1637: 1326,1268,1496,1660,1424,1672
1161: 1665,1337,1679,1668
570: 
1037: 1613,1626,1622,1128,1136,1617,1635,1011,1674,1610
1592: 1528,517
918: 
1184: 1149
1425: 1461,1346,1393,1426,1316,323,1431,1395
1323: 233,1454
1621: 1674,153,1663,1675,1622,1128,1136,1617,1635,1011,1613,492,1610,478
1243: 1665,1337,1679,1668
499: 
1460: 1399,61,1398
840: 1414,1551
938: 
966: 
1391: 
937: 
1477: 1341
921: 963
347: 1586
1326: 1268,478,1679,1647,1496,1660,1668,1637
540: 512
997: 
503: 
917: 
1626: 1605,1574,1622,1128,1136,1617,1635,1011,1037,1613
1537: 1388,1578,1558
546: 1600,1589,549
1067: 1612,1625,237,1629,1069,1620,1618,1063,1065,1609,1083
970: 
1603: 480,1583,904
1681: 1521,1645,1636,1664,1174,1651,1662
1668: 1202,1243,1161,1679,1647,1326,1268
627: 
1431: 1346,1393,1426,1316,323,1379,1394,1415,1365,1345,1317,1425,1461,1395
931: 
565: 542
529: 
1005: 311,557,1633,965,1629
561: 
1624: 1644,1639,1646,1630,1655,1659,1653,1657,1640,1638,1619,1627,1645,1636,949
964: 
1398: 61,1489,1460
1317: 1345,1379,1394,1415,1365,1346,1393,1426,1316,323,1431,1357
954: 504
1575: 1642,1641,1643
1590: 1601
1622: 1128,1136,1617,1635,1011,1574,1626,153,1037,1613,1621,1610
1558: 1537,1388,1578
1548: 1513
564: 
511: 
1586: 1530,347
969: 
527: 459
1136: 1622,1128,1617,1635,1011,1574,1626,1172,153,1663,1675,1037,1613,492,1621,1674,1610
1554: 1450,1479,1519,1564,1531
987: 
935: 1348,1402
1397: 448,1458
1083: 1618,1063,1065,1609,1612,1067,1069,1620,1615,1066,1623,1616,1062
974: 
907: 
1598: 1443,1572,456,448
930: 
577: 
983: 957
525: 
1409: 
1564: 1519,1531,1373,1467,1450,1479,1554,1476,1430,1506,1478
910: 
936: 426
400: 
401: 
402: 
403: 
404: 
405: 
406: 
407: 
408: 
409: 
410: 
411: 
412: 1453,1413
413: 
414: 
415: 
416: 
417: 909
418: 
419: 
420: 
421: 
422: 
423: 
424: 
425: 
426: 936
427: 
428: 
429: 479
430: 554
431: 
432: 
433: 
434: 
435: 563
436: 
437: 
438: 950
439: 
440: 925
441: 
442: 
443: 
444: 940,502
445: 1512,1434
446: 
447: 
448: 1443,1598,1458,1397
449: 
450: 
451: 980
452: 
453: 597
454: 
455: 
456: 1443,1598
457: 
458: 
459: 943,527
460: 589
461: 
462: 
463: 
464: 
465: 
466: 
467: 
468: 
469: 
470: 
471: 
472: 
473: 
474: 
475: 1547,1580
476: 1602,1532
477: 
478: 492,1621,1674,1610,1647,1326,1268,1660
479: 429
480: 1603,1583
481: 958
482: 
483: 
484: 1528
485: 
486: 
487: 1499,1571,952,1373,1467
488: 913,1581
489: 
490: 
491: 554
492: 1174,153,1663,1675,1128,1136,1617,1635,1011,1650,1676,1621,1674,478
493: 
494: 
1609: 1618,1063,1065,1083,1612,1067,1069,1620,1615,1623,1616,1062
1610: 1295,1622,1128,1136,1617,1635,1011,1037,1613,1621,1674,478
1676: 1650,1664,1174,153,1663,1675,492
1612: 1067,1625,237,965,1629,1069,1620,1618,1063,1065,1609,1083
1613: 1037,1626,1622,1128,1136,1617,1635,1011,1621,1674,1610
1672: 1424,1637,1495,1520
1615: 1069,1620,1618,1063,1065,1609,1083,1605,1066,1623,1616,1062,1574
1616: 1053,1062,1618,1063,1065,1609,1083,1615,1605,1066,1623,1574,1174
1617: 1622,1128,1136,1635,1011,1574,1626,153,1663,1675,1037,1613,492,1621,1674,1610
1618: 1063,1065,1609,1083,1612,1067,1069,1620,1615,1066,1623,1616,1062
1620: 1069,1625,237,1612,1067,1618,1063,1065,1609,1083,1615
1627: 1619,1645,1636,1640,1638,1624,1644,1639,1646
1636: 1619,1627,1645,1640,1638,1624,1644,1639,1646,1681,1521
1629: 965,311,1005,557,1625,1633,1612,1067
1630: 1655,1659,1653,1654,1657,1658,1632,1068,1656,1640,1638,1624,1639
1631: 1634,1100,1141
1632: 1068,1656,1630,1655,1659,1653,1654,1657,1658,1640,1638
1633: 311,1005,557,965,1629
1634: 1631,1100,1141
1638: 1640,1632,1068,1630,1655,1659,1653,1657,1619,1627,1645,1636,1624,1644,1639,1646
1639: 1624,1644,1646,1630,1655,1659,1653,1654,1657,1640,1638,1619,1627,1645,1636,949
1640: 1638,1632,1068,1630,1655,1659,1653,1657,1619,1627,1645,1636,1624,1644,1639,1646
1641: 1643,1575,1642
1642: 1575,1641,1643
1643: 1641,1575,1642
1644: 1624,1639,1646,1640,1638,1619,1627,1645,1636,949,1651,1662
1645: 1619,1627,1636,1640,1638,1624,1644,1639,1646,1681,1521
1647: 1679,478,1326,1268,1668
1648: 1651,1662,1680,949,1670,1678,1673,1661
1673: 1670,1678,1651,1662,1648,1680,1661,1665,1337
1650: 1676,1664,1174,153,1663,1675,492
1651: 1662,1648,1680,1644,1646,1681,1521,949,1197,1670,1678,1673,1661,1665
1677: 853,915,1671,1667
1653: 1630,1655,1659,1654,1657,1658,1632,1068,1656,1640,1638,1624,1639
1654: 1630,1655,1659,1653,1657,1658,1632,1068,1656,1639
1655: 1630,1659,1653,1654,1657,1658,1632,1068,1656,1640,1638,1624,1639
1656: 1632,1068,1630,1655,1659,1653,1654,1657,1658,1100,1141
1657: 1630,1655,1659,1653,1654,1658,1632,1068,1656,1640,1638,1624,1639
1658: 1630,1655,1659,1653,1654,1657,1632,1068,1656
1660: 1496,478,1326,1268,1637
1661: 1665,1337,1651,1662,1648,1680,1670,1678,1673
1662: 1651,1648,1680,1644,1646,1681,1521,949,1197,1670,1678,1673,1661
1663: 1172,153,1675,1062,1574,1174,1128,1136,1617,1635,1011,1650,1676,492,1621
1664: 1066,1623,1062,1174,1681,1521,1650,1676
1665: 1661,1337,1651,1680,1670,1678,1673,1202,1243,1161
1679: 1647,1202,1243,1161,1326,1268,1668