1574: 1605,1612,1067,1069,1620
543: 470
1068: 1632,1656,1746,1708,1630,1655,1659,1653,1654,1657,1658,1640,1638,1627,1619,1624
1141: 1100,1656,1746,1708
1543: 1349
566: 
949: 1754,1707,1693,1725,1698,1680,1648
1581: 1562,997
1445: 1530,2070,2146,911,1773,2148
1701: 1671,1700
977: 
1519: 1564,1430,1531,1499,1571,1554,1479,1450,1476,157,1588
1373: 1467,1520,1495
1572: 1527,573
1394: 1379,1415,1365,1419,1557,1345,1317,1346,323,1431
535: 508
1939: 2021,502
1459: 1525,1404,1503
1509: 1357,1345,1393,1501,1376,1428
583: 
1619: 1640,1638,1627,1644,1624,1646,1632,1068,1731,1521,1655,1659,1653,1657,1636,1645,1639
1376: 1501,1345,1317,1346,1393,1426,1316,323,1431,1461,1509,1357,1395,1428
900: 
1520: 1495,1467,1373,1499,1571,1554,1479
1337: 596,1690
500: 
520: 
1393: 1346,1426,1316,323,1431,1345,1317,1461,1509,1501,1376,1395
1602: 1532
1623: 1066,1618,1063,1065,1609,1083,2084,1615,1731,1521,1053,492
562: 
509: 
1174: 1062,1785,700,1009
822: 1487,410
947: 
563: 541
985: 1404
1450: 1519,1564,1430,1531,1476,157,1588
1434: 1512
1556: 1576
995: 
551: 948
1532: 1602
957: 538
1540: 1499,1571,1554,1479
1687: 1668,1496,1660,1637
961: 
495: 
1456: 1387,1419,1557,1379,1365
968: 
1718: 1765,1713,1694,1714
929: 
939: 
905: 
1461: 1346,1393,1426,1316,323,1431,1501,1376,1395
552: 577,1424,1672
572: 513
1506: 1478,994
560: 1895,2014
504: 
1479: 1540,1499,1571,1554,1520,1495,487,1519,1564,1430,1531
61: 1460
539: 
558: 
1527: 573,1572,1397
1495: 1520,1467,1373,1499,1571,1554,1479
2145: 2002,2066,1902,2089,2045,2043,2139,2140,2132,2086,2074,2141,2042,2098,2125,2097,2151,2161
922: 
589: 
1874: 1893,1770,1918,1872,1839,1830,1882,1884
1600: 1789
598: 1834,1860,1804
1202: 1676,1650,1682,1684,1663
1781: 1752,1767,1827,1779,534,1766
587: 
515: 
1571: 1540,1499,1554,1479,1520,1495,487,1519,1564,1430
569: 2095,2080,2019,946
996: 525
1823: 1920,1940,1848,1986,1955,1904,1948,1864,1887,1912,1906,1922,1919
1690: 596,1337
916: 2088,2117,568,2106,580,434,2126
1172: 1136,1635,1617
1605: 1574,1612,1067,1069,1620
591: 
926: 1773,2148
1487: 822,410
1513: 1548
532: 555
944: 
582: 
1295: 
948: 551
1349: 1543
1064: 1088
588: 
1253: 1278,700,1009
994: 1478,1506,903
1518: 952
1496: 1660,1326,1268,1668,1687
1869: 1615,2026,2119,2007,1618,1065,1083,2084,1066
593: 567
1426: 1346,1393,1316,323,1431,1415,1345,1317,1461,1501,1376,1395
544: 
908: 1629,1633
1606: 1853,1835,1839,1851,1900,1877,1871,1838,1810
955: 
1346: 1393,1426,1316,323,1431,1379,1394,1415,1365,1345,1317,1461,1501,1376,1395
906: 925
1635: 153,1617,1172,1136
581: 
498: 471
932: 
575: 1921,1974,1986,1955,1948,1864,2057,2059,2033
993: 1740,1798,1988,1791
1646: 1640,1638,1627,1619,1644,1624,1655,1636,1645,1639
531: 1788,1970,1863,1807
1395: 1346,1393,1426,1316,323,1431,1461,1501,1376
1428: 1509,1357,1501,1376
513: 572,1689
1278: 1253,700,1009
1387: 1456,1419,1557,1379,1415,1365
1316: 1346,1393,1426,323,1431,1345,1317,1461,1501,1376,1395
1671: 1700,853,1677,1701,915
1458: 1397,1514,1474
506: 1947,2034,2101,2058,2006,2068,2053,1973
975: 
911: 2070,2146,1445,1530,1773,2148
555: 532
597: 465
979: 
988: 
963: 
1684: 1663,1686,1664,1202,1243,1161,1676,1650,1682
538: 957
951: 
1348: 1402
536: 
592: 
1063: 1618,1065,1609,1083,2084,1612,1067,1069,1620,2026,2119,1615,1731,1623
1562: 1581,997
1569: 
986: 
559: 970
586: 1756,1819,1776,1960,1795
903: 994
1589: 1732
596: 1337,1690
1670: 1743,1745,1722,1713
557: 
580: 434,2126,916,568,2106,2051
537: 
978: 
153: 1635,1617,1136
980: 
1974: 1921,1986,1955,575
568: 2106,2083,2116,1985,2088,2117,916,580,434,2126,2051
157: 1476,1588,1519,1564,1430,1531,1450,1379
965: 
1860: 1834,1804,598,1841,1870,1730
902: 
556: 
1503: 1404,1525,1459
1430: 1519,1564,1531,1571,1554,1479,1450,1476,157,1588
541: 563
594: 
166: 1015
1708: 1656,1746,1632,1068,1630,1655,1659,1653,1654,1657,1658,1100,1141
507: 1863,1807
700: 1009,1062,1174,1253,1278
1528: 1592
519: 
550: 
1547: 1580,1536,1502
574: 
940: 
1065: 1618,1063,1609,1083,2084,1612,1067,1069,1620,2026,2119,1615,1869,1731,1521,1066,1623
1837: 1783,1699,1763,1719
923: 
1062: 1174,1785,700,1009
1053: 1066,1623
901: 
501: 
1588: 1476,157,1519,1564,1430,1531,1450,1379
992: 
1290: 
534: 1766,1752,1767,1781,1836
967: 
573: 1527,1572,1397
547: 417
976: 
919: 
1415: 1379,1394,1365,1387,1419,1557,1345,1317,1346,1426,323,1431
1565: 1585,962,1721,1695
590: 1998,2015,1972,2003,1987,2061,2020,1999,2027
1625: 237,945,1990,1933,1914,1633,927
1514: 1474,1458,1397,488
962: 1721,1695,1565,1585
927: 1625,237,1879,1938,1915,1934,514
1578: 1388,969
584: 
934: 408
1531: 1519,1564,1430,1554,1479,1450,1476,157,1588
953: 
1197: 1686,1664
973: 
517: 
982: 
1357: 1509,1345,1317,1501,1376,1428
924: 1184,1149
1891: 1793
1424: 1672,577,552
990: 
578: 
1341: 1477
1149: 1184,924
1388: 1578,969
1502: 1536,1547,1580,448
914: 
1419: 1557,1456,1387,1379,1394,1415,1365,1345,1317
1693: 1707,1725,1698,1723,1720,1754,1703,949
1607: 232
925: 906
1521: 1731,1618,1065,1066,1623,1627,1619,1644,1636,1645
1100: 1141,1656,1746,1708
2107: 2129,2131,1961,2158,2055,2016,2152,2153,2156,2154,2157,2155,2122,2144,2024,2040,2110,2150,2134,2112,2137,2093,2160,2113,1982,2142,2114,2162,2130,2064,2062,2133,2138,2163,2159,2149,2012,1994
941: 958
1659: 1630,1655,1653,1654,1657,1658,1632,1068,1656,1746,1708,1640,1638,1627,1619,1624,1639
912: 549
950: 
943: 
1443: 1598,959
232: 1607
1742: 984
1551: 1414
1404: 1503,985,1525,1459
579: 
237: 1625,945,1990,1933,1914,1633,927
508: 535
920: 
1379: 1394,1415,1365,1456,1387,1476,157,1588,1419,1557,1345,1317,1346,323,1431
599: 1015
1580: 1547,1536,1502
514: 927,1915,1934,1858,1820
1476: 157,1588,1519,1564,1430,1531,1450,1379,1365
971: 
972: 554,430
1557: 1419,1456,1387,1379,1394,1415,1365,1345,1317
1583: 1603,516,411
1585: 1565,962,1721,1695
1402: 1348
1576: 1556
1345: 1317,1419,1557,1379,1394,1415,1365,1346,1393,1426,1316,323,1431,1509,1357,1501,1376
1526: 482,1561
1512: 918,1434
512: 
942: 
571: 
1478: 1506,994
1501: 1376,1345,1317,1346,1393,1426,1316,323,1431,1461,1509,1357,1395,1428
1563: 
928: 
1499: 1540,1571,1554,1479,1520,1495,487,1519,1564
567: 593
528: 
909: 446
1467: 1373,1520,1495
524: 2004,2057,2033,409,1818
998: 426
853: 1677,1671,1700
585: 
523: 
1525: 1459,1404,1503
915: 1671,1700
1009: 700,1062,1174,1253,1278
533: 503
959: 1598,1443
913: 
530: 
496: 474
1088: 1064
522: 
958: 941
553: 
1474: 1514,1458,1397,488
1365: 1379,1394,1415,1456,1387,1476,1419,1557,1345,1317,1346,1431
1530: 1445,2070,2146,911,1773,2148
510: 
542: 
960: 
984: 1742
952: 1518
595: 
1561: 482,1526
505: 472
521: 
999: 
1795: 1776,1960,1756,1819,586
518: 
1680: 1648,1686,1664,949
502: 1939,2021
956: 
1414: 1551
933: 930
904: 449
1015: 166,599
1066: 1623,1618,1065,1609,1083,2084,1615,1869,1731,1521,1053,492,1662,1651
549: 912
991: 1847,1778
1268: 1326,454,1496,1660
1454: 1323
311: 1005
554: 972
497: 
1536: 1502,1547,1580,448
548: 
526: 
989: 
1069: 1620,1574,1605,1612,1067,2026,2119,1618,1063,1065,1609,1083,2084,1615
1601: 1590
545: 442
576: 
945: 1625,237,1990,1633
323: 1346,1393,1426,1316,1431,1379,1394,1415,1345,1317,1461,1501,1376,1395
981: 1760,1797,1863,1807,1788,1970
946: 2095,569,2019,1992,2073
516: 411,1603,1583,917
1637: 1668,1687
1161: 1676,1650,1682,1684,1663
570: 
1985: 2116,2086,2074,2141,2042,2098,2125,2097,2151,2161,2088,2117,1950,2067,568,2106,2083
1592: 1528
918: 1512
1184: 1149,924
1714: 1694,1718,1765
1323: 1454
1686: 1197,1664,1684,1663,1680,1648,1676,1650,1682
1243: 1676,1650,1682,1684,1663
499: 
1460: 61
1732: 1589
938: 
966: 2096,2035,2128,2072,2087,2050
1700: 1671,853,1677,1701,915
937: 
1477: 1341
921: 
1698: 1707,1693,1725,1723,1720,1754,1703,949,1745,1722
1326: 1268,454,1496,1660
540: 
997: 1581,1562
503: 533
917: 516,411
1766: 534,1752,1781,1836
1537: 1558,1685
546: 
1067: 1612,1574,1605,1069,1620,1618,1063,1065,1609,1083,2084
970: 559
1603: 1583,516,411
1733: 
1668: 1687,1496,1660,1637
1719: 1763,1783,1837
1431: 1346,1393,1426,1316,323,1379,1394,1415,1365,1345,1317,1461,1501,1376,1395
931: 
565: 
529: 491
1005: 311
561: 
1624: 1640,1638,1627,1619,1644,1646,1632,1068,1630,1655,1659,1653,1654,1657,1658,1636,1645,1639
964: 
2033: 2057,2059,575,2039,1977,524,2004
1317: 1345,1419,1557,1379,1394,1415,1365,1346,1393,1426,1316,323,1431,1357,1501,1376
954: 
1575: 1642,1641,1643
1590: 1601
2104: 2105,2103,2038,1989,1997,2143,2077,2120,2099,2147,2121,2135,2031,1976
1558: 1685,1537
1548: 1513
564: 
511: 
1788: 1970,531,1863,1807,981
969: 1578,1388
527: 
1136: 1172,1662,1651,153,1635,1617
1554: 1540,1499,1571,1479,1520,1495,487,1519,1564,1430,1531
987: 
935: 
1397: 1458,1527,573,1514,1474
1083: 1618,1063,1065,1609,2084,1612,1067,1069,1620,2026,2119,1615,1869,1731,1066,1623
974: 
907: 
1598: 1443,959
930: 933
577: 552,1424,1672
983: 
525: 996
1984: 1855,2006,2068
1564: 1519,1430,1531,1499,1571,1554,1479,1450,1476,157,1588
910: 
936: 
400: 
401: 
402: 
403: 
404: 
405: 
406: 
407: 
408: 934
409: 2057,2039,1977,524,2004,1978,1818
410: 822,1487
411: 516,1603,1583,917
412: 
413: 
414: 
415: 
416: 
417: 547
418: 
419: 
420: 
421: 
422: 
423: 
424: 
425: 
426: 998
427: 
428: 
429: 
430: 972
431: 
432: 
433: 
434: 580,2126,916,568
435: 
436: 
437: 
438: 
439: 
440: 
441: 
442: 1772,1802,545
443: 472
444: 
445: 
446: 909
447: 
448: 1536,1502
449: 904
450: 
451: 1689,1817
452: 
453: 
454: 1326,1268
455: 
456: 
457: 
458: 
459: 
460: 
461: 
462: 
463: 
464: 
465: 597
466: 
467: 
468: 
469: 
470: 543
471: 498
472: 443,505
473: 
474: 496
475: 
476: 
477: 
478: 
479: 
480: 
481: 
482: 1526,1561
483: 
484: 
485: 
486: 
487: 1499,1571,1554,1479
488: 1514,1474
489: 
490: 2044,2046,2094,2118,2109,2060,2136,1902,2089
491: 529
492: 1662,1651,1066,1623
493: 
494: 
1609: 1618,1063,1065,1083,2084,1612,1067,1069,1620,2026,2119,1615,1066,1623
1699: 1783,1837
1676: 1202,1243,1161,1650,1682,1686,1664,1684,1663
1612: 1067,1574,1605,1069,1620,1618,1063,1065,1609,1083,2084
1721: 962,1695,1565,1585
1672: 1424,577,552
1615: 1869,1069,1620,2026,2119,1618,1063,1065,1609,1083,2084,1066,1623
1729: 1846,1760,1797,1772,1802,1970
1617: 153,1635,1172,1136
1618: 1063,1065,1609,1083,2084,1612,1067,1069,1620,2026,2119,1615,1869,1731,1521,1066,1623
1620: 1069,1574,1605,1612,1067,2026,2119,1618,1063,1065,1609,1083,2084,1615
1627: 1640,1638,1619,1644,1624,1646,1632,1068,1731,1521,1655,1659,1653,1657,1636,1645,1639
1636: 1645,1731,1521,1640,1638,1627,1619,1644,1624,1646,1639
1629: 908,1633
1630: 1655,1659,1653,1654,1657,1658,1632,1068,1656,1746,1708,1640,1638,1624,1639
1631: 1634
1632: 1068,1656,1746,1708,1630,1655,1659,1653,1654,1657,1658,1640,1638,1627,1619,1624
1633: 1990,1629,908,1625,237,945
1634: 1631
1638: 1640,1627,1619,1644,1624,1646,1632,1068,1630,1655,1659,1653,1654,1657,1658,1636,1645,1639
1639: 1630,1655,1659,1653,1654,1657,1658,1640,1638,1627,1619,1644,1624,1646,1636,1645
1640: 1638,1627,1619,1644,1624,1646,1632,1068,1630,1655,1659,1653,1654,1657,1658,1636,1645,1639
1641: 1643,1575,1642
1642: 1575,1641,1643
1643: 1641,1575,1642
1644: 1640,1638,1627,1619,1624,1646,1521,1655,1636,1645,1639
1645: 1636,1731,1521,1640,1638,1627,1619,1644,1624,1646,1639
1685: 1558,1537,1692
1648: 1680,1686,949
1696: 1679
1650: 1202,1243,1161,1676,1682,1686,1664,1684,1663
1651: 492,1662,1066,1136
1677: 853,1671,1700
1653: 1630,1655,1659,1654,1657,1658,1632,1068,1656,1746,1708,1640,1638,1627,1619,1624,1639
1654: 1630,1655,1659,1653,1657,1658,1632,1068,1656,1746,1708,1640,1638,1624,1639
1655: 1630,1659,1653,1654,1657,1658,1632,1068,1656,1746,1708,1640,1638,1627,1619,1644,1624,1646,1639
1656: 1746,1708,1632,1068,1630,1655,1659,1653,1654,1657,1658,1100,1141
1657: 1630,1655,1659,1653,1654,1658,1632,1068,1656,1746,1708,1640,1638,1627,1619,1624,1639
1658: 1630,1655,1659,1653,1654,1657,1632,1068,1656,1746,1708,1640,1638,1624,1639
1660: 1496,1326,1268,1668,1687
1720: 1707,1693,1725,1698,1723,1754,1703
1662: 492,1651,1066,1136
1663: 1684,1686,1664,1202,1243,1161,1676,1650,1682
1664: 1197,1686,1684,1663,1680,1676,1650,1682
1665: 1702
1679: 1696
1682: 1202,1243,1161,1676,1650,1686,1664,1684,1663
1689: 1817,513,451
1688: 
1797: 1760,981,1729,1846
1692: 1685
1694: 1714,1718,1765
1695: 962,1721,1565,1585
1697: 1787
1702: 1665
1703: 1707,1693,1725,1698,1723,1720
1982: 2134,2112,2137,2093,2160,2113,2142,2114,1989,2122,2144,2129,2131,1961,2107,2143,2077,2120,2099,2147,2121,2135,2162,2130,2062,2133,2163,2080,2054,2092,2037
1767: 1752,1781,1779,534,1736,1751
1842: 1871,1838,1835,1903
1707: 1693,1725,1698,1723,1720,1754,1703,949
1731: 1521,1618,1063,1065,1083,1066,1623,1627,1619,1636,1645
1730: 1841,1870,1834,1860,1804
1926: 1951,1893,1946,1899
1713: 1745,1743,1670,1718,1765
1717: 1796,1769,1771,1810,1736,1751,1776,1960
1722: 1745,1698,1723,1743,1670
1723: 1707,1693,1725,1698,1720,1754,1703,1745,1722
1725: 1707,1693,1698,1723,1720,1754,1703,949
1841: 1870,1730,1834,1860,1804,1863,1807
1728: 1792
1807: 1863,1841,1870,981,507,1788,1970,531
1772: 1802,442,1729,1846
1736: 1751,1769,1771,1779,1767,1717,1796
1737: 1888
1830: 1907,1882,1884,1874,1839,1871,1838,1903
1765: 1718,1713,1694,1714
1740: 993,1798,1988,1791
1743: 1670,1745,1722,1713
1778: 1847,991
1745: 1722,1698,1723,1743,1670,1713
1746: 1656,1708,1632,1068,1630,1655,1659,1653,1654,1657,1658,1100,1141
1796: 1717,1769,1771,1810,1736,1751,1776,1960
1858: 1820,1915,1934,514
1918: 1770,1872,1893,1874
1750: 1875
1751: 1736,1769,1771,1779,1767,1717,1796
1752: 1767,1781,1827,1779,534,1766,1836
2132: 2045,2043,2139,2140,2094,2118,2136,1902,2089,2075,2091,2076,2115,2090,2002,2066,2145,2086,2074,2141,2042,2098
1754: 1707,1693,1725,1698,1723,1720,949
2128: 2072,2031,1976,2096,2035,2087,2050,966
1756: 1819,586,1776,1960,1795
1835: 1853,1606,1839,1851,1871,1838,1842,1810
1760: 1797,981,1729
1917: 1843,1906,1904,1920,1940,1848,1887,1912,1922,1919,1890,1910,1905,1880
1763: 1719,1783,1837
1825: 1953
1768: 1832
1769: 1771,1810,1779,1717,1796,1736,1751
1770: 1918,1872,1867,1874,1839
1771: 1769,1810,1779,1717,1796,1736,1751
1773: 2148,2070,2146,911,1445,1530,2071,2069,2123,926
1775: 1898
1776: 1960,1717,1796,1756,1819,586,1795
1779: 1769,1771,1752,1767,1781,1736,1751
2163: 2162,2130,2064,2062,2133,2138,2122,2144,2129,2131,1961,2107,2024,2040,2110,2150,2134,2112,2137,2093,2160,2113,1982,2142,2114,2159,2149,2012,1994,2080,2054,2063,2092,2108,2037,2102,2127,2049
1783: 1837,1699,1763,1719
1785: 1928,1062,1174
2046: 2044,2024,2040,2110,2150,490,2159,2149,2012,1994,2094,2118,2109,2060,2136,1902,2089
1787: 1697
1789: 1600
1790: 2071,2069,2123
1791: 1988,1740,993,1798
1792: 1728
1793: 1891
1798: 1740,993,1988,1791
2076: 2075,2091,2111,2115,2090,2159,2149,2012,1994,2094,2118,2109,2060,2136,1902,2089,2102,2127,2049,2045,2043,2139,2140,2132,2032,2047
1802: 1772,442,1729,1846
1803: 1876,1844,1900,1877,1827
1804: 1834,1860,598,1841,1870,1730
1890: 1922,1919,1910,1920,1848,1948,1864,1843,1917,1906,1880
2080: 2054,2143,2077,2120,2099,2147,2121,2135,2134,2112,2137,2093,2160,2113,1982,2142,2114,2062,2133,2163,2092,2108,2037,2095,569,2019,2065,2011
1867: 1913,1904,1887,1912,1770
1810: 1769,1771,1853,1606,1835,1717,1796
1811: 
1844: 1876,1803,1880,1900,1877,1827
1973: 2006,2068,2053,2034,2101,2058,506
1817: 1689,451
1818: 1978,524,409
1819: 1756,586,1776,1960,1795
1820: 1858,1915,1934,514
1938: 1879,1933,1914,1907,1903,927,1915,1934
1919: 1922,1890,1910,1920,1940,1823,1848,1948,1864,1843,1917,1906
2143: 2077,2120,2099,2147,2121,2135,1989,2122,2144,2105,2103,2038,2104,2134,2112,2137,2093,2160,2113,1982,2142,2114,2080,2054
1827: 1876,1803,1844,1752,1781
1988: 1791,1740,993,1798
2042: 2074,2141,2098,2043,2132,2002,2066,2145,2086,2125,2097,2151,2161,2116,1985,2088,2117
1832: 1768
1880: 1887,1912,1843,1917,1906,1890,1910,1905,1851,1900,1877,1844
1834: 1860,1804,598,1841,1870,1730
1836: 1752,534,1766
1838: 1871,1839,1907,1830,1882,1884,1853,1606,1835,1903,1842
1839: 1770,1872,1905,1874,1851,1907,1830,1882,1884,1871,1838,1853,1606,1835
1851: 1905,1880,1839,1900,1877,1853,1606,1835
1843: 1917,1906,1904,1920,1940,1848,1887,1912,1922,1919,1890,1910,1905,1880
1936: 1967,2096,2035
1846: 1729,1797,1772,1802
1847: 991,1778
1848: 1920,1940,1823,1986,1955,1904,1948,1864,1887,1912,1843,1917,1906,1922,1919,1890,1910
1990: 1951,1933,1914,1633,1625,237,945
1853: 1606,1835,1839,1851,1900,1877,1871,1838,1810
1855: 1984,2006,2068
2133: 2162,2130,2064,2062,2138,2163,2122,2144,2129,2131,1961,2107,2024,2040,2150,2134,2112,2137,2093,2160,2113,1982,2142,2114,2149,2012,1994,2080,2054,2063,2092,2108,2037,2102,2127,2049
1920: 1940,1823,1848,1986,1955,1904,1948,1864,1887,1912,1843,1917,1906,1922,1919,1890,1910
1863: 1807,1841,1870,981,507,1788,1970,531
1864: 1948,1986,1955,575,1920,1940,1823,1848,1906,1922,1919,1890,1910
1899: 1946,1951,1926
1987: 2003,2052,2029,2036,1995,2015,1972,590
2127: 2102,2049,2162,2064,2062,2133,2138,2163,2159,2149,2012,1994,2094,2118,2109,2060,2136,2063,2092,2108,2037,2075,2091,2111,2076,2115,2090,2065,2032,2047
1870: 1841,1730,1834,1860,1804,1863,1807
1871: 1838,1839,1907,1830,1882,1884,1853,1606,1835,1903,1842
1872: 1770,1918,1874,1839
2002: 2066,2145,1902,2089,2045,2043,2139,2140,2132,2086,2074,2141,2042,2098,2125,2097,2151,2161
1875: 1750
1876: 1803,1844,1900,1877,1827
1877: 1900,1880,1851,1876,1803,1844,1853,1606
1879: 1938,1933,1914,1907,1884,1903,927,1915,1934
1882: 1907,1830,1884,1874,1839,1871,1838,1903
1883: 1979,1991,1886
1884: 1907,1830,1882,1874,1839,1871,1838,1879,1903
1886: 1991,1992,2073,1979,1883,1941
1887: 1912,1913,1904,1920,1940,1823,1848,1867,1843,1917,1906,1905,1880
1888: 1737
1951: 1926,1946,1899,1990,1933,1914
1893: 1918,1926,1874
1894: 
1895: 2014,560
1948: 1864,1986,1955,575,1920,1940,1823,1848,1906,1922,1919,1890,1910
1970: 1788,531,1863,1807,981,1729
1898: 1775
1900: 1877,1905,1880,1851,1876,1803,1844,1853,1606
1902: 2089,2044,2046,490,2094,2118,2109,2060,2136,2075,2091,2111,2076,2115,2090,2045,2043,2139,2140,2132,2002,2066,2145
1903: 1907,1830,1882,1884,1871,1838,1879,1938,1842,1915,1934
1904: 1913,1920,1940,1823,1848,1867,1887,1912,1843,1917,1906
1905: 1887,1912,1843,1917,1906,1880,1839,1851,1900
1906: 1843,1917,1904,1920,1940,1823,1848,1948,1864,1887,1912,1922,1919,1890,1910,1905,1880
1907: 1830,1882,1884,1839,1871,1838,1879,1938,1903
2032: 2047,2063,2092,2108,2037,2102,2127,2049,2076,2115,2065,2011,2052,2029,2036,1995,1966
1910: 1922,1919,1890,1920,1848,1948,1864,1843,1917,1906,1880
2064: 2162,2130,2062,2133,2138,2163,2122,2144,2129,2131,1961,2107,2024,2040,2110,2150,2134,2137,2093,2160,2113,2114,2159,2149,2012,1994,2063,2092,2108,2037,2102,2127,2049
1912: 1887,1913,1904,1920,1940,1823,1848,1867,1843,1917,1906,1905,1880
1913: 1904,1867,1887,1912
1914: 1933,1951,1990,1625,237,1879,1938
1915: 1934,1879,1938,1903,927,514,1858,1820
2086: 2075,2091,2090,2045,2043,2139,2140,2132,2002,2066,2145,2074,2141,2042,2098,1966,2116,1985
1921: 1974,1963,1942,1986,1955,575
1922: 1919,1890,1910,1920,1940,1823,1848,1948,1864,1843,1917,1906
2034: 2101,2058,506,2006,2068,2053,1973
1989: 2158,2055,2122,2144,2105,2103,2038,2104,2143,2077,2120,2099,2147,2121,2135,2134,2112,2137,2093,2160,2113,1982,2142,2114
1950: 2067,2018,2030,1966,2116,1985,2061,2020,1999
2061: 2030,1966,1950,2067,2018,590,2020,1999
1928: 1785
1972: 2015,2052,2029,2036,1995,2003,1987,590
2058: 2034,2101,506,2006,2068,2053,1973
1931: 2051
2031: 1976,1997,2105,2103,2038,2104,2128,2072,2087,2050
1933: 1914,1951,1990,1625,237,1879,1938
1934: 1915,1879,1938,1903,927,514,1858,1820
2090: 2075,2091,2111,2076,2115,2094,2118,2109,2136,1902,2089,2102,2127,2045,2043,2139,2140,2132,2047,2086
1940: 1920,1823,1848,1986,1955,1904,1948,1864,1887,1912,1843,1917,1906,1922,1919
1941: 1965,1991,1886,1963,1942
1942: 1963,1941,1965,1921
1995: 2036,2065,2032,2047,2052,2029,2030,1966,2015,1972,2003,1987
2125: 2097,2151,2161,2002,2066,2145,2074,2141,2042,2098,2116,1985,2088,2117
1946: 1899,1951,1926
1947: 506
1953: 1825
2113: 2134,2112,2137,2093,2160,1982,2142,2114,1989,2122,2144,2129,2131,1961,2107,2143,2120,2099,2121,2135,2162,2130,2064,2062,2133,2138,2163,2080,2054,2063,2092,2108,2037
1955: 1986,1921,1974,575,1920,1940,1823,1848,1948,1864
2012: 2159,2149,1994,2129,2131,1961,2107,2024,2040,2110,2150,2044,2046,2162,2130,2064,2062,2133,2138,2163,2094,2118,2109,2060,2136,2063,2092,2108,2037,2102,2127,2049,2075,2091,2111,2076,2115
2147: 2143,2077,2120,2099,2121,2135,1989,2122,2144,2105,2103,2038,2104,2134,2112,2137,2093,2160,1982,2142,2114,2080,2054
1960: 1776,1717,1796,1756,1819,586,1795
1961: 2129,2131,2107,2158,2055,2016,2152,2153,2156,2154,2157,2155,2122,2144,2024,2040,2110,2150,2134,2112,2137,2093,2160,2113,1982,2142,2114,2162,2130,2064,2062,2133,2138,2163,2012,1994
1997: 2105,2103,2038,2104,2031,1976
1963: 1942,1941,1965,1921
1986: 1955,1921,1974,575,1920,1940,1823,1848,1948,1864
1965: 1941,1963,1942
1966: 2030,2032,2047,2086,2036,1995,2061,1950,2067,2018
1967: 1936,2096,2035
1976: 2031,1997,2105,2103,2038,2104,2128,2072,2087,2050
1977: 2039,2057,2059,2033,2004,409
1978: 1818,409
1979: 1991,1886,1883
1991: 1886,1992,2073,1979,1883,1941
1992: 2073,946,1991,1886
2020: 1999,2061,1950,2067,2018,1998,590,2027
1994: 2159,2149,2012,2129,2131,1961,2107,2024,2040,2110,2150,2044,2046,2162,2130,2064,2062,2133,2138,2163,2094,2118,2109,2060,2136,2063,2092,2108,2037,2102,2127,2049,2075,2091,2111,2076,2115
1998: 590,2003,2020,1999,2027
1999: 2020,2061,1950,2018,1998,590,2027
2055: 2158,2016,2152,2153,2156,2154,2157,2155,1989,2122,2144,2129,2131,1961,2107
2030: 1966,2036,1995,2003,2061,1950,2067,2018
2003: 1987,2052,2029,2036,1995,2030,2015,1972,1998,590
2004: 524,2057,2059,2033,2039,1977,409
2108: 2063,2092,2037,2134,2137,2093,2160,2113,2114,2162,2130,2064,2062,2133,2138,2163,2159,2149,2012,1994,2080,2054,2102,2127,2049,2065,2011,2032,2047
2006: 2068,2053,1973,2034,2058,506,1984,1855
2007: 2026,2119,1869
2162: 2130,2064,2062,2133,2138,2163,2122,2144,2129,2131,1961,2107,2024,2040,2110,2150,2134,2112,2137,2093,2160,2113,1982,2142,2114,2159,2149,2012,1994,2092,2108,2037,2127,2049
2105: 2103,2038,2104,1989,1997,2143,2077,2120,2099,2147,2121,2135,2031,1976
2026: 2119,1069,1620,2007,1618,1063,1065,1609,1083,2084,1615,1869
2011: 2065,2080,2054,2063,2092,2108,2037,2102,2049,2019,2032,2047,2052,2029
2083: 568,2106,2116,1985,2088,2117,2126,2051
2014: 1895,560
2015: 1972,2052,2029,2036,1995,2003,1987,590
2016: 2152,2153,2156,2154,2157,2155,2158,2055,2122,2144,2129,2131,1961,2107,2024,2040
2018: 1950,2067,2030,1966,2061,2020,1999
2019: 2080,2054,2092,2037,2095,569,2065,2011,946
2021: 1939,502
2057: 2059,2033,575,2039,1977,524,2004,409
2084: 1618,1063,1065,1609,1083,1612,1067,1069,1620,2026,2119,1615,1869,1066,1623
2024: 2040,2110,2150,2016,2152,2153,2156,2154,2157,2155,2129,2131,1961,2107,2044,2046,2162,2130,2064,2062,2133,2138,2163,2159,2149,2012,1994,2094,2118,2109,2060,2136
2027: 1998,590,2020,1999
2146: 2070,911,1445,1530,2071,2069,2123,1773,2148
2029: 2052,2065,2011,2032,2036,1995,2015,1972,2003,1987
2035: 2096,1936,1967,2128,2072,966
2036: 1995,2032,2047,2052,2029,2030,1966,2015,1972,2003,1987
2037: 2063,2092,2108,2134,2112,2137,2093,2160,2113,1982,2114,2162,2130,2064,2062,2133,2138,2163,2012,1994,2080,2054,2102,2127,2049,2019,2065,2011,2032
2038: 2105,2103,2104,1989,1997,2143,2077,2120,2099,2147,2121,2135,2031,1976
2039: 1977,2057,2059,2033,2004,409
2040: 2024,2110,2150,2016,2152,2153,2156,2154,2157,2155,2129,2131,1961,2107,2044,2046,2162,2130,2064,2062,2133,2138,2163,2159,2149,2012,1994,2094,2118,2109,2060
2106: 568,2083,2116,1985,2088,2117,916,580,2126,2051
2043: 2045,2139,2140,2132,2094,2118,2136,1902,2089,2075,2091,2076,2115,2090,2002,2066,2145,2086,2074,2141,2042,2098
2044: 2046,2024,2040,2110,2150,490,2159,2149,2012,1994,2094,2118,2109,2060,2136,1902,2089
2045: 2043,2139,2140,2132,2094,2118,2109,2136,1902,2089,2075,2091,2111,2076,2115,2090,2002,2066,2145,2086,2074,2141
2047: 2032,2063,2108,2102,2127,2049,2075,2091,2111,2076,2115,2090,2065,2011,2036,1995,1966
2118: 2094,2109,2060,2136,2024,2040,2110,2150,2044,2046,490,2159,2149,2012,1994,1902,2089,2102,2127,2049,2075,2091,2111,2076,2115,2090,2045,2043,2139,2140,2132
2049: 2102,2127,2162,2130,2064,2062,2133,2138,2163,2159,2149,2012,1994,2094,2118,2109,2060,2136,2063,2092,2108,2037,2111,2076,2115,2065,2011,2032,2047
2050: 2087,2031,1976,2128,2072,966
2051: 568,2106,2083,580,2126,1931
2052: 2029,2065,2011,2032,2036,1995,2015,1972,2003,1987
2053: 2006,2068,1973,2034,2101,2058,506
2054: 2080,2143,2077,2120,2099,2147,2121,2135,2134,2112,2137,2093,2160,2113,1982,2142,2114,2130,2062,2133,2163,2092,2108,2037,2095,2019,2065,2011
2059: 2057,2033,575,2039,1977,2004
2060: 2094,2118,2109,2136,2024,2040,2110,2150,2044,2046,490,2159,2149,2012,1994,1902,2089,2102,2127,2049,2091,2111,2076,2115,2139
2062: 2162,2130,2064,2133,2138,2163,2122,2144,2129,2131,1961,2107,2024,2040,2150,2134,2112,2137,2093,2160,2113,1982,2142,2114,2149,2012,1994,2080,2054,2063,2092,2108,2037,2102,2127,2049
2063: 2092,2108,2037,2134,2113,2064,2062,2133,2138,2163,2149,2012,1994,2102,2127,2049,2065,2011,2032,2047
2065: 2011,2080,2054,2063,2092,2108,2037,2102,2127,2049,2019,2032,2047,2052,2029,1995
2066: 2002,2145,1902,2089,2045,2043,2139,2140,2132,2086,2074,2141,2042,2098,2125,2097,2151,2161
2067: 1950,2018,2030,1966,2116,1985,2061,2020
2068: 2006,2053,1973,2034,2058,506,1984,1855
2069: 2071,2123,1790,2070,2146,1773,2148
2070: 2146,911,1445,1530,2071,2069,2123,1773,2148
2071: 2069,2123,1790,2070,2146,1773,2148
2072: 2128,2031,1976,2096,2035,2087,2050,966
2073: 1992,946,1991,1886
2074: 2141,2042,2098,2045,2043,2139,2140,2132,2002,2066,2145,2086,2125,2097,2151,2161,2116,1985
2075: 2091,2111,2076,2115,2090,2012,1994,2094,2118,2109,2136,1902,2089,2102,2127,2045,2043,2139,2140,2132,2047,2086
2077: 2143,2120,2099,2147,2121,2135,1989,2122,2144,2105,2103,2038,2104,2112,2137,2093,1982,2142,2114,2080,2054
2144: 2122,2158,2055,2016,2153,2156,2154,2155,1989,2129,2131,1961,2107,2143,2077,2120,2099,2147,2121,2135,2134,2112,2137,2093,2160,2113,1982,2142,2114,2162,2130,2064,2062,2133,2138,2163
2103: 2105,2038,2104,1989,1997,2143,2077,2120,2099,2147,2121,2135,2031,1976
2087: 2050,2031,1976,2128,2072,966
2088: 2117,2042,2098,2125,2097,2151,2161,2116,1985,916,568,2106,2083,2126
2089: 1902,2044,2046,490,2094,2118,2109,2060,2136,2075,2091,2111,2076,2115,2090,2045,2043,2139,2140,2132,2002,2066,2145
2091: 2075,2111,2076,2115,2090,2159,2149,2012,1994,2094,2118,2109,2060,2136,1902,2089,2102,2127,2045,2043,2139,2140,2132,2047,2086
2092: 2063,2108,2037,2134,2137,2093,2160,2113,1982,2114,2162,2130,2064,2062,2133,2138,2163,2012,1994,2080,2054,2102,2127,2049,2019,2065,2011,2032
2093: 2134,2112,2137,2160,2113,1982,2142,2114,1989,2122,2144,2129,2131,1961,2107,2143,2077,2120,2099,2147,2121,2135,2162,2130,2064,2062,2133,2138,2163,2080,2054,2092,2108,2037
2094: 2118,2109,2060,2136,2024,2040,2110,2150,2044,2046,490,2159,2149,2012,1994,1902,2089,2102,2127,2049,2075,2091,2111,2076,2115,2090,2045,2043,2139,2140,2132
2095: 569,2080,2054,2019,946
2096: 2035,1936,1967,2128,2072,966
2097: 2125,2151,2161,2002,2066,2145,2074,2141,2042,2098,2116,1985,2088,2117
2098: 2074,2141,2042,2043,2132,2002,2066,2145,2086,2125,2097,2151,2161,2116,1985,2088,2117
2099: 2143,2077,2120,2147,2121,2135,1989,2122,2144,2105,2103,2038,2104,2134,2112,2137,2093,2160,2113,1982,2142,2114,2080,2054
2101: 2034,2058,506,2053,1973
2102: 2127,2049,2064,2062,2133,2138,2163,2159,2149,2012,1994,2094,2118,2109,2060,2136,2063,2092,2108,2037,2075,2091,2111,2076,2115,2090,2065,2011,2032,2047
2109: 2094,2118,2060,2136,2024,2040,2110,2150,2044,2046,490,2159,2149,2012,1994,1902,2089,2102,2127,2049,2075,2091,2111,2076,2115,2090,2045,2139,2140
2110: 2024,2040,2150,2129,2131,1961,2107,2044,2046,2162,2064,2138,2163,2159,2149,2012,1994,2094,2118,2109,2060,2136
2111: 2075,2091,2076,2115,2090,2159,2149,2012,1994,2094,2118,2109,2060,2136,1902,2089,2102,2127,2049,2045,2139,2140,2047
2112: 2134,2137,2093,2160,2113,1982,2142,2114,1989,2122,2144,2129,2131,1961,2107,2143,2077,2120,2099,2147,2121,2135,2162,2130,2062,2133,2138,2163,2080,2054,2037
2114: 2134,2112,2137,2093,2160,2113,1982,2142,1989,2122,2144,2129,1961,2107,2143,2077,2120,2099,2147,2121,2135,2162,2130,2064,2062,2133,2138,2163,2080,2054,2092,2108,2037
2115: 2075,2091,2111,2076,2090,2159,2149,2012,1994,2094,2118,2109,2060,2136,1902,2089,2102,2127,2049,2045,2043,2139,2140,2132,2032,2047
2116: 1985,2086,2074,2141,2042,2098,2125,2097,2161,2088,2117,1950,2067,568,2106,2083
2117: 2088,2042,2098,2125,2097,2151,2161,2116,1985,916,568,2106,2083,2126
2119: 2026,1069,1620,2007,1618,1063,1065,1609,1083,2084,1615,1869
2120: 2143,2077,2099,2147,2121,2135,1989,2122,2144,2105,2103,2038,2104,2134,2112,2137,2093,2160,2113,1982,2142,2114,2080,2054
2121: 2143,2077,2120,2099,2147,2135,1989,2122,2144,2105,2103,2038,2104,2134,2112,2137,2093,2160,2113,1982,2142,2114,2080,2054
2122: 2144,2158,2055,2016,2152,2153,2156,2154,2155,1989,2129,2131,1961,2107,2143,2077,2120,2099,2147,2121,2135,2134,2112,2137,2093,2160,2113,1982,2142,2114,2162,2130,2064,2062,2133,2138,2163
2123: 2071,2069,1790,2070,2146,1773,2148
2126: 580,434,2088,2117,916,568,2106,2083,2051
2129: 2131,1961,2107,2158,2055,2016,2152,2153,2156,2154,2157,2155,2122,2144,2024,2040,2110,2150,2134,2112,2137,2093,2160,2113,1982,2142,2114,2162,2130,2064,2062,2133,2138,2163,2159,2012,1994
2130: 2162,2064,2062,2133,2138,2163,2122,2144,2129,2131,1961,2107,2024,2040,2150,2134,2112,2137,2093,2160,2113,1982,2142,2114,2012,1994,2054,2092,2108,2037,2049
2131: 2129,1961,2107,2158,2055,2016,2152,2153,2156,2154,2157,2155,2122,2144,2024,2040,2110,2150,2134,2112,2093,2160,2113,1982,2142,2162,2130,2064,2062,2133,2138,2163,2159,2012,1994
2134: 2112,2137,2093,2160,2113,1982,2142,2114,1989,2122,2144,2129,2131,1961,2107,2143,2120,2099,2147,2121,2135,2162,2130,2064,2062,2133,2138,2163,2080,2054,2063,2092,2108,2037
2135: 2143,2077,2120,2099,2147,2121,1989,2122,2144,2105,2103,2038,2104,2134,2112,2137,2093,2160,2113,1982,2142,2114,2080,2054
2136: 2094,2118,2109,2060,2024,2110,2150,2044,2046,490,2159,2149,2012,1994,1902,2089,2102,2127,2049,2075,2091,2111,2076,2115,2090,2045,2043,2139,2140,2132
2137: 2134,2112,2093,2160,2113,1982,2142,2114,1989,2122,2144,2129,1961,2107,2143,2077,2120,2099,2147,2121,2135,2162,2130,2064,2062,2133,2138,2163,2080,2054,2092,2108,2037
2138: 2162,2130,2064,2062,2133,2163,2122,2144,2129,2131,1961,2107,2024,2040,2110,2150,2134,2112,2137,2093,2160,2113,2114,2159,2149,2012,1994,2063,2092,2108,2037,2102,2127,2049
2139: 2045,2043,2140,2132,2094,2118,2109,2060,2136,1902,2089,2075,2091,2111,2076,2115,2090,2002,2066,2145,2086,2074,2141
2140: 2045,2043,2139,2132,2094,2118,2109,2136,1902,2089,2075,2091,2111,2076,2115,2090,2002,2066,2145,2086,2074,2141
2141: 2074,2042,2098,2045,2043,2139,2140,2132,2002,2066,2145,2086,2125,2097,2151,2161,2116,1985
2142: 2134,2112,2137,2093,2160,2113,1982,2114,1989,2122,2144,2129,2131,1961,2107,2143,2077,2120,2099,2147,2121,2135,2162,2130,2062,2133,2163,2080,2054
2148: 1773,2070,2146,911,1445,1530,2071,2069,2123,926
2149: 2159,2012,1994,2107,2024,2040,2110,2150,2044,2046,2162,2064,2062,2133,2138,2163,2094,2118,2109,2060,2136,2063,2108,2102,2127,2049,2091,2111,2076,2115
2150: 2024,2040,2110,2154,2129,2131,1961,2107,2044,2046,2162,2130,2064,2062,2133,2138,2163,2159,2149,2012,1994,2094,2118,2109,2060,2136
2151: 2125,2097,2161,2002,2066,2145,2074,2141,2042,2098,1985,2088,2117
2152: 2016,2153,2156,2154,2157,2155,2158,2055,2122,2129,2131,1961,2107,2024,2040
2153: 2016,2152,2156,2154,2157,2155,2158,2055,2122,2144,2129,2131,1961,2107,2024,2040
2154: 2016,2152,2153,2156,2157,2155,2158,2055,2122,2144,2129,2131,1961,2107,2024,2040,2150
2155: 2016,2152,2153,2156,2154,2157,2158,2055,2122,2144,2129,2131,1961,2107,2024,2040
2156: 2016,2152,2153,2154,2157,2155,2158,2055,2122,2144,2129,2131,1961,2107,2024,2040
2157: 2016,2152,2153,2156,2154,2155,2158,2055,2129,2131,1961,2107,2024,2040
2158: 2055,2016,2152,2153,2156,2154,2157,2155,1989,2122,2144,2129,2131,1961,2107
2159: 2149,2012,1994,2129,2131,2107,2024,2040,2110,2150,2044,2046,2162,2064,2138,2163,2094,2118,2109,2060,2136,2108,2102,2127,2049,2091,2111,2076,2115
2160: 2134,2112,2137,2093,2113,1982,2142,2114,1989,2122,2144,2129,2131,1961,2107,2143,2120,2099,2147,2121,2135,2162,2130,2064,2062,2133,2138,2163,2080,2054,2092,2108,2037
2161: 2125,2097,2151,2002,2066,2145,2074,2141,2042,2098,2116,1985,2088,2117