1574: 1612,1067,1605,1069,1620,2084,1618,1063,1065,1609
543: 
1068: 1632,1656,1708,1630,1655,1659,1653,1654,1657,1658,1640,1638,1627,1619,1624
1141: 1100,1656,1746,1708
1543: 1349,475
566: 438
949: 
1581: 1562,488,1514,1474
1445: 2326,1530,1773,2350,2148,2224,410,926,2230,2071,2390
1701: 1671,1700,2264,2040,2268,2334,2392,2394
977: 502,995,1979,1883
1519: 1564,1430,1531,1499,1571,1479,1554,1450,1476,1588,157
1373: 1467
1572: 1601,907,1527
1394: 1379,1415,1365,1456,1387,1419,1557,1345,1317,1376,1346,323,1431
535: 
1939: 2021
1459: 1525
1509: 1357,1501,1345,1376,1393,1428
583: 2290,2035,2096,1936,1967,2349,2165,2031,1976,2393,2203,2087,2050,2072,2223
1619: 1640,1638,1627,1644,1624,1646,1632,1068,1521,1731,1655,1659,1653,1657,1636,1645,1639
1376: 1345,1317,1394,1415,1346,1393,1426,1316,323,1431,1509,1357,1501
900: 
1520: 1495,487,1499,1571,1479
1337: 2146,2070,2336,2274,1690,911,2369
500: 
520: 
1393: 1346,1426,1316,323,1431,1345,1317,1376,1461,1509,1501,1395
1602: 1532,1477,1341,460
1623: 1066,492,1618,1063,1065,1609,1615,1083,1521,1731,1053
562: 
509: 
1174: 1062
822: 1487,410
947: 
563: 541
985: 
1450: 1519,1564,1430,1531,1476,1588,157
2261: 2342,2094,2337,2282,2276,2339,2246,2300,2253,2216,2244,2312,2347,2245,2044,2240,2344,2381,2241,2382,2242,2340,2234,2110,2283,2275,2338,2277,2089,2345,2258,2181,2149,2323,2272,2201,2280,2091,2140,2045,2204,2281,2279,2139
1556: 1576
995: 502,977
551: 
1532: 1602,1477,1341,460
957: 
1540: 1499,1571,1479,1554
1687: 1668,1496,1660,1637
961: 
495: 
1456: 1387,1554,1419,1557,1379,1394,1415,1365
968: 
1718: 1765,1713,1694,1714
929: 
939: 
905: 
1461: 1346,1393,1426,1316,323,1431,1395
552: 577,1672,1424
572: 
1506: 1478,903
560: 2014,1895
504: 
1479: 1540,1499,1571,1520,1495,1554,1519,1564,1430,1531
61: 1460
539: 
558: 
1527: 1572,1397
1495: 1520,487,1499,1571,1479
2145: 2260,2199,2198,2281,2132,2237,2279,2329,2197,2335,2271,2151,2354,2043,2236,2239,2254,2141,2074,2098,2042,2097,2161
922: 579
589: 1551,1414,1477,1341
1874: 1872,1770,1951,1926,1907,1830,1882,1884
1600: 1789
598: 1756,1819,586
1202: 1676,1650,1684,1663,1682
1781: 1752,534,1779,1767,1766,1836
587: 
515: 
1571: 1540,1499,1479,1520,1495,1554,1519,1564,1430
569: 2073,1992,946
996: 525
1823: 1920,1940,1906,1986,1955,1904,1848,1948,1864,1887,1912,1919
1690: 2146,2070,1337,2336,2274,911
916: 1947,2171
1172: 1136,1635,1617
1605: 1612,1067,1574,1069,1620,2084
591: 
926: 2230,1773,2350,1445,2071
1487: 822,2148,2224,410
1513: 1548
532: 
944: 
582: 
1295: 
948: 
1349: 1543,475
1064: 1088,415,557
588: 
1253: 1278,700,1009
994: 
1518: 
1496: 1660,1668,1687
1869: 2007
593: 
1426: 1346,1393,1316,323,1431,1415,1345,1317,1376,1461,1501,1395
544: 
908: 1629,1633
1606: 1853,1839,1900,1851,1871,1838,1835,1810
955: 
1346: 1393,1426,1316,323,1431,1379,1394,1415,1365,1345,1317,1376,1461,1501,1395
906: 
1635: 153,1617,1172,1136,1268,1326
581: 
498: 928
932: 
575: 1948,1864,2057,2059,2033,1922,1919,1890,1910,524,2004
993: 
1646: 1640,1638,1627,1619,1644,1624,1655,1636,1645,1639
531: 
1395: 1346,1393,1426,1316,323,1431,1461
1428: 1509,1357,1501
513: 
1278: 1253,700,1009
1387: 1456,1419,1557,1379,1394,1415,1365
1316: 1346,1393,1426,323,1431,1345,1317,1376,1461,1395
1671: 1700,2264,853,1677,2377,2375,1701,2265,2040,2364,2263,2333,915,2268,2266,2334,2392,2262,2394
1458: 1397,913
506: 1947,2171
975: 
911: 2146,2070,1337,2336,2274,1690
555: 
597: 
979: 971
988: 
963: 
1684: 1202,1243,1161,1676,1650,1686,1664,1663,1682
538: 
951: 
1348: 1402
536: 
592: 565
1063: 1618,1065,1609,1612,1067,1574,1069,1620,2084,2026,2119,1615,1083,1521,1731,1623,492
1562: 1581,488,1514,1474
1569: 
986: 1443,1598
559: 554
586: 598,1756,1819,1804,1860,1730,1834
903: 1478,1506
1589: 1732
596: 
1670: 1743,1745,1722,1698,1713
557: 1064,1088
580: 2206,1985,2116,2097,2161,434,2117
537: 414,429
978: 
153: 1635,1617,1136,1268,1326
980: 
1974: 1921,1963,1942,1941,1965,1986,1955
568: 2086,2141,2098,2042,1985,2116,1950,2067
157: 1476,1588,1519,1564,1430,1531,1450,1379,1365
965: 
1860: 1804,586,1841,1870,1730,1834
902: 
556: 
1503: 1404
1430: 1519,1564,1531,1571,1479,1554,1450,1476,1588,157
541: 563
594: 
166: 1015,1688
1708: 1656,1746,1632,1068,1630,1655,1659,1653,1654,1657,1658,1141,1100
507: 1863,1807,1841,1870,1760,1797,981,1970,1788
700: 1009,1278,1253
1528: 1592
519: 
550: 
1547: 1580,1536,1502,448
574: 
940: 
1065: 1618,1063,1609,1612,1067,1574,1069,1620,2084,2026,2119,1615,1083,1521,1731,1066,1623,492
1837: 1783
923: 
1062: 1174
1053: 1066,1623
901: 
501: 
1588: 1476,157,1519,1430,1450,1379,1365
992: 
1290: 
534: 525,1781,1752
967: 
573: 
547: 
976: 
919: 997
1415: 1379,1394,1365,1456,1387,1419,1557,1345,1317,1376,1346,1426,323,1431
1565: 1585,1721,1695,1665,1702
590: 2061,2018,2036,1995,2030,1966,2003,1987,1950,1999,2020
1625: 945,1933,1914,237
1514: 1474,488,1562,1581
962: 
927: 1934,1879,1938,1915,1820,1858
1578: 1388
584: 
934: 
1531: 1519,1564,1430,1479,1554,1450,1476,157
953: 
1197: 1686,1664
973: 
517: 
982: 
1357: 1509,1501,1345,1376,1428
924: 1184
1891: 1793
1424: 1672,552,577,952
990: 
578: 
1341: 1477,589,1602,1532
1149: 1184
1388: 1578
1502: 1536,448,1547
914: 
1419: 1557,1456,1387,1379,1394,1415,1365,1345,1317
1693: 1707,1725,1754,1720,1703,1698,1723
1607: 232
925: 
1521: 1731,1618,1063,1065,1609,1066,1623,492,1627,1619,1636,1645
1100: 1141,1656,1746,1708
2107: 2150,2159,2184,1994,2238,2251,2131,2225,2154,2248,2219,2288,2289,2250,2252,2246,2300,2253,2216,2244,2312,2259,2138,2249,2256,2162,2247,2129,2234,2110,2283,2163,2175,2176,2093,2062,2182,2064,2188,2186,2187,2183,2185,2012,2258,2181,2149,2127,2323
941: 
1659: 1630,1655,1653,1654,1657,1658,1632,1068,1656,1708,1640,1638,1627,1619,1624,1639
912: 
950: 
943: 
1443: 1598,986
232: 1607
1742: 1699
1551: 1414,589
1404: 1503
579: 922,564
237: 1625
508: 
920: 
1379: 1394,1415,1365,1456,1387,1476,1588,157,1419,1557,1345,1317,1346,323,1431
599: 
1580: 1547
514: 
1476: 1588,157,1554,1519,1564,1430,1531,1450,1379,1365
971: 979
972: 
1557: 1419,1456,1387,1379,1394,1415,1365,1345,1317
1583: 1603
1585: 1565,1721,1695,1665,1702
1402: 1348
1576: 1556
1345: 1317,1376,1419,1557,1379,1394,1415,1365,1346,1393,1426,1316,323,1431,1509,1357,1501
1526: 1561
2281: 2132,2237,2279,2139,2094,2337,2282,2276,2261,2339,2275,2002,2338,2277,2191,2089,2345,2196,2195,2328,2193,2272,2201,2280,2091,2140,2045,2204,2329,2197,2043,2236,2260,2199,2145,2198
512: 
942: 
571: 
1478: 1506,903
1501: 1509,1357,1345,1317,1376,1346,1393,1426,323,1431,1428
1563: 
928: 498
1499: 1540,1571,1479,1520,1495,1554,1519,1564
567: 
528: 413
909: 417
1467: 1373
524: 1922,1919,1890,1910,1920,1906,1948,1864,1843,1917,575
998: 
853: 1677,2377,2375,1671,1700,2264
585: 
523: 
1525: 1459
915: 2265,2365,2040,2364,2263,2333,2377,2375,2152,2376,1671,1700,2264,2368,2157,2310,2378,2380,2379,2266,2392,2262,2394,2309,2308,2016,2330,2214,2218,2267,2331
1009: 700,1278,1253
533: 503
959: 
913: 1458,1397
530: 958
496: 
1088: 1064,415,557
522: 
958: 530
553: 
1474: 1514,488,1562,1581
1365: 1379,1394,1415,1456,1387,1476,1588,157,1419,1557,1345,1317,1346,1431
1530: 2326,1445,1773,2350,2148,2224,410,2230,2071,2390
510: 402
542: 
960: 
984: 
952: 1424
595: 
1561: 1526
505: 
521: 
999: 
1795: 1776,1960
518: 
1680: 1648,1686,1664
502: 995,977
956: 
1414: 1551,589
933: 
904: 
1015: 166,1688
1066: 1623,492,1618,1065,1615,1083,1521,1731,1053,1662
549: 
991: 1778,1847
1268: 1326,1136,153,1635,1617,454
1454: 1323
311: 1005
554: 559
497: 
1536: 1502,448,1547
548: 
526: 
989: 
1069: 1620,2084,1605,1612,1067,1574,2026,2119,1618,1063,1065,1609,1615,1083
1601: 907,1590,1572
545: 1772,1802
576: 485
945: 1625
323: 1346,1393,1426,1316,1431,1379,1394,1415,1345,1317,1376,1461,1501,1395
981: 1760,1797,1863,1807,507,1846,1970,1788
946: 569,2073,2052,2029,1972,2015,1963,1942
516: 411
1637: 1668,1687
1161: 1676,1650,1684,1663,1682
570: 
1985: 2206,2116,580,2141,2074,2098,2042,2097,2161,568,2117
1592: 1528
918: 2071
1184: 924,1149
1714: 1694,1718,1765
1323: 1454
1686: 1197,1664,1680,1648,1676,1650,1684
1243: 1676,1650,1684,1663,1682
499: 
1460: 61
1732: 1589
938: 
966: 444
1700: 1671,2264,853,1677,2377,2375,1701,2040,2364,2263,2333,915,2268,2266,2334,2392,2262,2394
937: 
1477: 1341,589,1602,1532,460
921: 
1698: 1745,1722,1720,1703,1707,1693,1725,1723,1743,1670
1326: 1268,1136,153,1635,1617,454
540: 2192,2327,2328
997: 919
503: 533
917: 
1766: 525,1781,1752,1836
1537: 1558
546: 
1067: 1612,1574,1605,1069,1620,2084,1618,1063,1065,1609
970: 
1603: 1583
2233: 2231,2348,2166,2359,2208,2346,2385,2383,2298,2168,2303,1989,2301,2302,2389,2360,2209,2366,1997,2367,2167,2105,2384,2304,2207,2213,2211,2210,2232,2103
1668: 1687,1496,1660,1637
1719: 1763
1431: 1346,1393,1426,1316,323,1379,1394,1415,1365,1345,1317,1376,1461,1501,1395
931: 
565: 592
529: 
1005: 311
561: 418
1624: 1640,1638,1627,1619,1644,1646,1632,1068,1630,1655,1659,1653,1654,1657,1658,1636,1645,1639
964: 
2033: 2057,2059,2039,1977,575,2004
1317: 1345,1376,1419,1557,1379,1394,1415,1365,1346,1393,1426,1316,323,1431,1501
954: 
1575: 1642,1641,1643
1590: 1601,907
2104: 2164,2207,2213,2211,2210,2232,2103,2031,1976,2229,2227,2038,2087,2050
1558: 1537
1548: 1513
564: 579
511: 
1788: 1970,1863,1807,507,981
969: 
527: 
1136: 1172,1662,153,1635,1617,1651,1268,1326
1554: 1540,1499,1571,1479,1519,1564,1430,1531,1456,1476
987: 
935: 
1397: 1458,913,1527
1083: 1615,1069,1620,2084,2026,2119,1618,1063,1065,1609,1066,1623,492
974: 
907: 1601,1590,1572
1598: 1443,986
930: 
577: 552,1672,1424
983: 
525: 534,1766,996
1984: 1855
1564: 1519,1430,1531,1499,1571,1479,1554,1450,1476,157
910: 
936: 
400: 
401: 
402: 510
403: 484
404: 
405: 
406: 
407: 
408: 
409: 1978,1818
410: 1487,822,2148,2224,1530,1445
411: 516
412: 
413: 528
414: 537,429
415: 1064,1088
416: 
417: 909
418: 561
419: 
420: 
421: 
422: 
423: 
424: 
425: 
426: 
427: 
428: 
429: 414,537
430: 
431: 446
432: 
433: 
434: 2117,2206,580
435: 
436: 
437: 
438: 566
439: 
440: 
441: 
442: 1729,1802,1846
443: 
444: 966
445: 
446: 431
447: 
448: 1536,1502,1547
449: 
450: 
451: 1689,1817
452: 
453: 
454: 1268,1326,1660
455: 
456: 
457: 
458: 
459: 
460: 1477,1602,1532
461: 1631,1634
462: 
463: 
464: 
465: 
466: 
467: 
468: 
469: 
470: 
471: 
472: 
473: 
474: 
475: 1349,1543
476: 
477: 
478: 
479: 
480: 
481: 
482: 
483: 
484: 403
485: 576
486: 
487: 1520,1495
488: 1514,1474,1562,1581
489: 
490: 2291,2297,2295,2388,2294,2373,2292,2372,2296,2386,2293,2324,2387,2046,2347,2245,2044,2240,2344,2381,2241,2382,2242,2340,2192,2327
491: 
492: 1066,1623,1618,1063,1065,1609,1615,1083,1521,1731
493: 
494: 
1609: 1618,1063,1065,1612,1067,1574,1069,1620,2084,2026,2119,1615,1083,1521,1731,1623,492
1699: 1742
1676: 1202,1243,1161,1650,1684,1686,1664,1663,1682
1612: 1067,1574,1605,1069,1620,2084,1618,1063,1065,1609
1721: 1695,1565,1585
1672: 1424,552,577
1615: 1083,1069,1620,2084,2026,2119,1618,1063,1065,1609,1066,1623,492
1729: 442,1772,1802,1846
1617: 153,1635,1172,1136,1268,1326
1618: 1063,1065,1609,1612,1067,1574,1069,1620,2084,2026,2119,1615,1083,1521,1731,1066,1623,492
1620: 1069,2084,1605,1612,1067,1574,2026,2119,1618,1063,1065,1609,1615,1083
1627: 1640,1638,1619,1644,1624,1646,1632,1068,1521,1731,1655,1659,1653,1657,1636,1645,1639
1636: 1645,1521,1731,1640,1638,1627,1619,1644,1624,1646,1639
1629: 1633,908
1630: 1655,1659,1653,1654,1657,1658,1632,1068,1656,1746,1708,1640,1638,1624,1639
1631: 1634,461
1632: 1068,1656,1708,1630,1655,1659,1653,1654,1657,1658,1640,1638,1627,1619,1624
1633: 1629,908
1634: 1631,461
1638: 1640,1627,1619,1644,1624,1646,1632,1068,1630,1655,1659,1653,1654,1657,1658,1636,1645,1639
1639: 1630,1655,1659,1653,1654,1657,1658,1640,1638,1627,1619,1644,1624,1646,1636,1645
1640: 1638,1627,1619,1644,1624,1646,1632,1068,1630,1655,1659,1653,1654,1657,1658,1636,1645,1639
1641: 1643,1575,1642
1642: 1575,1641,1643
1643: 1641,1575,1642
1644: 1640,1638,1627,1619,1624,1646,1655,1636,1645,1639
1645: 1636,1521,1731,1640,1638,1627,1619,1644,1624,1646,1639
1685: 1692
1648: 1680,1686,1664
1696: 1679
1650: 1202,1243,1161,1676,1684,1686,1664,1663,1682
1651: 1662,1136
1677: 853,2377,1671,1700,2264
1653: 1630,1655,1659,1654,1657,1658,1632,1068,1656,1746,1708,1640,1638,1627,1619,1624,1639
1654: 1630,1655,1659,1653,1657,1658,1632,1068,1656,1746,1708,1640,1638,1624,1639
1655: 1630,1659,1653,1654,1657,1658,1632,1068,1656,1746,1708,1640,1638,1627,1619,1644,1624,1646,1639
1656: 1746,1708,1632,1068,1630,1655,1659,1653,1654,1657,1658,1141,1100
1657: 1630,1655,1659,1653,1654,1658,1632,1068,1656,1746,1708,1640,1638,1627,1619,1624,1639
1658: 1630,1655,1659,1653,1654,1657,1632,1068,1656,1746,1708,1640,1638,1624,1639
1660: 1496,454,1668,1687
1720: 1703,1707,1693,1725,1722,1698,1723
1662: 1066,1136,1651
1663: 1202,1243,1161,1676,1650,1684,1682
1664: 1197,1686,1680,1648,1676,1650,1684
1665: 1702,1565,1585
1679: 1696
1682: 1202,1243,1161,1676,1650,1684,1663,1692
1689: 1817,451,2257,2371,1790,2174,2123,2285
1688: 166,1015
1797: 1760,507,981,1846
1692: 1682,1685
1694: 1714,1718,1765
1695: 1721,1565,1585
1697: 1787
1702: 1665,1565,1585
1703: 1720,1707,1693,1725,1722,1698,1723
1982: 2135,2077,2147,2120,2228,2202,2143,2278,2142,2122,2169,2112,2130,2177,2205,2229,2227,2038,2114,2144,2137,2160,2113,2121,2099,2080,2134
1767: 1779,1769,1771,1781,1752,1736,1751
1842: 1871,1838,1835,1810,1717,1796
1707: 1693,1725,1754,1720,1703,1698,1723
1731: 1521,1618,1063,1065,1609,1066,1623,492,1627,1619,1636,1645
1730: 1841,1870,1834,586,1804,1860
1926: 1951,1893,1946,1899,1874
1713: 1743,1670,1718,1765
1717: 1796,1842,1769,1771,1810,1736,1751,1776
1722: 1745,1698,1720,1703,1723,1743,1670
1723: 1720,1703,1707,1693,1725,1745,1722,1698,1743
1725: 1707,1693,1754,1720,1703,1698,1723
1841: 1870,1730,1834,1804,1860,1863,1807,507
1728: 1792
1807: 1863,507,1841,1870,981,1970,1788
1772: 1802,545,1846,1729
1736: 1751,1769,1771,1779,1767,1717,1796
1737: 1888,1953,1825
1830: 1907,1882,1884,1874,1839,1871,1838,1835
1765: 1718,1713,1694,1714
1740: 1798,1988,1791
1743: 1670,1745,1722,1698,1723,1713
1778: 1847,991
1745: 1722,1698,1723,1743,1670
1746: 1656,1708,1630,1655,1653,1654,1657,1658,1141,1100
1796: 1717,1842,1769,1771,1810,1736,1751
1858: 1820,927,1934,1915
2312: 2246,2300,2253,2216,2244,2311,2214,2331,2024,2215,2243,2325,2351,2219,2288,2289,2250,2252,2347,2240,2241,2107,2150,2159,2184,1994,2234,2110,2283,2337,2282,2261
1750: 1875
1751: 1736,1769,1771,1779,1767,1717,1796,1776
1752: 1781,534,1779,1767,1766,1836
2132: 2281,2237,2279,2139,2276,2275,2002,2277,2191,2089,2345,2196,2193,2272,2201,2280,2091,2140,2045,2204,2329,2197,2090,2075,2043,2236,2260,2199,2145,2198
1754: 1707,1693,1725
2321: 2341,2221,2156,2319,2322,2314,2357,2179,2222,2158,2352,2356,2355,2368,2157,2310,2378,2380,2379,2307,2320,2315,2055,2178,2313,2308,2016,2190,2180,2317,2316,1961,2155,2226,2235,2318,2353,2238,2225
1756: 1819,1776,1960,598,586
1835: 1871,1838,1839,1907,1830,1882,1884,1853,1606,1842
1760: 1797,507,981,1846
1917: 1843,1848,1920,1906,1887,1912,1922,1919,1890,1910,524,1905,1880
1763: 1719
1825: 1737,1888,1953
1768: 1832
1769: 1771,1810,1779,1767,1717,1796,1736,1751
1770: 1872,1874,1839
1771: 1769,1810,1779,1767,1717,1796,1736,1751
1773: 2350,2148,2224,926,2230,2326,1530,1445
1775: 1898
1776: 1960,1717,1751,1756,1819,1795
1779: 1767,1844,1769,1771,1781,1752,1736,1751
2163: 2175,2176,2093,2062,2122,2169,2112,2130,2177,2205,2259,2138,2249,2256,2162,2247,2129,2107,2150,2184,1994,2114,2144,2137,2160,2113,2182,2064,2188,2186,2187,2183,2185,2012,2080,2054,2134,2037,2092,2063,2049,2133,2102,2108
1783: 1837
1785: 1928
2046: 2386,2293,2324,2387,2268,2266,2334,2361,2217,2294,2373,2292,2372,2363,2296,2215,2374,2299,2243,2325,2351,2362,2291,2297,2295,2388,490,2246,2244,2347,2245,2044,2240,2344,2381,2241,2242,2340
1787: 1697
1789: 1600
1790: 1689,1817,2174,2286,2123,2285
1791: 1988,1740,1798
1792: 1728
1793: 1891
1798: 1740,1988,1791
2076: 2115,2170,2182,2064,2188,2186,2187,2012,2258,2181,2149,2127,2323,2272,2091,2140,2045,2204,2102,2108,2090,2075,2047,2086
1802: 1772,545,1846,1729,442
1803: 1876,1900,1851,1844,1877
1804: 1860,586,1841,1870,1730,1834
1890: 1922,1919,1910,524,1920,1906,1948,1864,1843,1917,575
2080: 2054,2134,2135,2077,2147,1982,2114,2144,2137,2160,2113,2163,2093,2121,2099,2037,2092,2063,2049,2133,2019,2095,2065,2011
1867: 1913,1904,1848,1887,1912,1905
1810: 1769,1771,1606,1842,1717,1796
1811: 
1844: 1877,1900,1851,1876,1803,1779
1973: 2058,2101,2034,2006,2068,2053
1817: 1689,451,2257,2371,1790,2174,2286,2123,2285
1818: 1978,409
1819: 1756,1776,1960,598,586
1820: 1858,927,1934,1915
1938: 1879,1933,1914,1907,927,1934,1915
1919: 1922,1890,1910,524,1920,1940,1823,1906,1948,1864,1843,1917,575
2143: 2202,2278,2142,2367,2167,2105,2190,2270,2180,2317,2316,1961,2318,2120,2232,2103,2228,2122,2169,2112,2130,2177,2205,2229,2227,2038,2135,2077,2147,1982,2114,2144,2137,2160
2255: 2072,2189,2223,2087,2050
1988: 1791,1740,1798
2042: 2141,2074,2098,2043,2236,2260,2199,2145,2198,2086,2097,568,2206,1985,2116
1832: 1768
1880: 1905,1887,1912,1843,1917,1839,1900,1851
1834: 1841,1870,1730,586,1804,1860
1836: 1781,1752,1766
1838: 1871,1835,1839,1907,1830,1882,1884,1606,1842
1839: 1770,1880,1830,1882,1884,1871,1838,1835,1853,1606
1851: 1900,1905,1880,1876,1803,1853,1606,1844,1877
1843: 1917,1848,1920,1906,1887,1912,1922,1919,1890,1910,524,1905,1880
1936: 1967,2343,2212,2349,2165,2393,2203,2290,583,2035,2096
1846: 1760,1797,1772,1802,981,1729,442
1847: 1778,991
1848: 1904,1913,1920,1940,1823,1906,1867,1887,1912,1843,1917
2234: 2110,2283,2288,2252,2246,2300,2253,2216,2244,2312,2347,2245,2240,2381,2107,2150,2159,2184,1994,2342,2094,2337,2282,2276,2261,2339,2182,2188,2186,2187,2183,2185,2012,2258,2181,2149,2127,2323,2272,2280,2091,2045,2204
1853: 1606,1839,1900,1851,1871,1835
1855: 1984
2133: 2037,2092,2063,2049,2114,2144,2137,2160,2113,2163,2175,2176,2093,2062,2182,2064,2188,2186,2183,2185,2012,2080,2054,2134,2102,2108,2019,2065,2011
1920: 1940,1823,1906,1986,1955,1904,1848,1948,1864,1887,1912,1843,1917,1922,1919,1890,1910,524
1863: 1807,507,1841,1870,981,1970,1788
1864: 1948,1986,1955,1920,1940,1823,1906,1922,1919,1890,1910,524,575
1899: 1946,1951,1926
1987: 2003,2036,1995,2030,1972,2015,2061,590,2018
2127: 2258,2181,2149,2323,2107,2150,2159,2184,1994,2234,2182,2064,2188,2186,2187,2183,2185,2012,2272,2091,2045,2204,2102,2108,2115,2076,2170,2090,2075
1870: 1841,1730,1834,1804,1860,1863,1807,507
1871: 1838,1835,1839,1907,1830,1882,1884,1853,1606,1842
1872: 1770,1874
2002: 2275,2338,2277,2191,2089,2345,2196,2245,2344,2381,2382,2242,2340,2192,2327,2094,2282,2276,2339,2195,2328,2193,2280,2091,2281,2132,2237,2279,2139,2329,2197
1875: 1750
1876: 1803,1900,1851,1844,1877
1877: 1844,1900,1851,1876,1803
1879: 1938,1933,1914,1907,1884,927,1934,1915
1882: 1907,1830,1884,1874,1839,1871,1838,1835
1883: 1979,1991,1886,977
1884: 1907,1830,1882,1874,1839,1871,1838,1835,1879
1886: 1991,1979,1883,1941,1965
1887: 1912,1913,1904,1848,1920,1940,1823,1906,1867,1843,1917,1905,1880
1888: 1737,1953,1825
1951: 1926,1946,1899,1874,1933,1914
1893: 1926
1894: 
1895: 2014,560
1948: 1864,1986,1955,1920,1940,1823,1906,1922,1919,1890,1910,524,575
1970: 1788,1863,1807,507,981
1898: 1775
1900: 1851,1880,1876,1803,1853,1606,1844,1877
2222: 2158,2352,2356,2355,2377,2375,2152,2376,2179,2368,2157,2310,2378,2380,2379,2307,2320,2315,2055,2178,2313,2321,2341,2221,2156,2319,2322,2314,2357,2309,2308,2016
2311: 2330,2214,2218,2267,2331,2024,2265,2365,2040,2364,2263,2333,2266,2334,2361,2262,2217,2394,2309,2308,2016,2215,2374,2299,2243,2325,2351,2362,2238,2251,2131,2225,2154,2219,2288,2289,2250,2252,2246,2300,2253,2216,2244,2312
1904: 1848,1913,1920,1940,1823,1906,1867,1887,1912
1905: 1880,1867,1887,1912,1843,1917,1851
1906: 1920,1940,1823,1986,1955,1904,1848,1948,1864,1887,1912,1843,1917,1922,1919,1890,1910,524
1907: 1830,1882,1884,1874,1871,1838,1835,1879,1938
2032: 2065,2011,2037,2092,2063,2049,2102,2052,2029,2036,1995
1910: 1922,1919,1890,524,1920,1906,1948,1864,1843,1917,575
2064: 2182,2188,2186,2187,2183,2185,2012,2259,2138,2249,2256,2162,2247,2107,2150,2159,2184,1994,2163,2175,2176,2093,2062,2149,2127,2323,2037,2092,2063,2049,2133,2102,2108,2076,2170
1912: 1887,1913,1904,1848,1920,1940,1823,1906,1867,1843,1917,1905,1880
1913: 1904,1848,1867,1887,1912
1914: 1933,1951,1625,1879,1938
1915: 1879,1938,927,1934,1820,1858
2086: 2115,2076,2090,2075,2043,2236,2047,2141,2074,2098,2042,2030,1966,568
1921: 1974,1963,1942,1941,1965,1986,1955
1922: 1919,1890,1910,524,1920,1940,1906,1948,1864,1843,1917,575
2034: 2101,1931,2058,1973
1989: 2303,2305,2301,2302,2389,2306,2179,2298,2168,2307,2320,2315,2055,2178,2313,2233,2231,2348,2166,2359,2346,2385,2383,2367,2167,2105,2384,2304,2190,2270,2180,2317,2316
1950: 2067,2030,1966,568,2061,590,2018,1999,2020
2061: 590,2018,2036,1995,2030,1966,2003,1987,1950,2067,1999,2020
1928: 1785
1972: 2015,2052,2029,2036,1995,946,2003,1987
2058: 1973,1931,2101,2034,2006,2068,2053
1931: 2101,2034,2058
2031: 1976,2343,2212,2287,2207,2213,2211,2210,2349,2165,2164,2104,2290,583,2035,2096,2087,2050
1933: 1914,1951,1625,1879,1938
1934: 927,1879,1938,1915,1820,1858
2090: 2075,2258,2181,2149,2127,2272,2201,2280,2091,2140,2045,2204,2132,2237,2139,2115,2076,2170,2043,2236,2047,2086,2141,2074
1940: 1920,1823,1906,1986,1955,1904,1848,1948,1864,1887,1912,1922,1919
1941: 1965,1991,1886,1963,1942,1921,1974
1942: 1963,946,1941,1965,1921,1974
1995: 2036,2032,2047,2052,2029,2030,1966,1972,2015,2003,1987,2061,590,2018
2125: 2239,2254,2335,2271,2151,2354,2199,2097,2088,2161,2370,2173,2358
1946: 1899,1951,1926
1947: 2171,916,506
1953: 1737,1888,1825
2113: 2114,2144,2137,2160,2142,2122,2169,2130,2177,2256,2162,2135,2147,1982,2163,2175,2176,2093,2062,2121,2099,2080,2054,2134,2037,2092,2063,2049,2133
1955: 1986,1921,1974,1920,1940,1823,1906,1948,1864
2012: 2182,2064,2188,2186,2187,2183,2185,2259,2138,2107,2150,2159,2184,1994,2234,2163,2175,2176,2093,2062,2258,2181,2149,2127,2323,2037,2092,2063,2049,2133,2102,2108,2115,2076,2170
2147: 2135,2077,1982,2120,2232,2103,2228,2202,2143,2278,2142,2122,2169,2229,2227,2038,2114,2144,2137,2160,2113,2121,2099,2080,2054
1960: 1776,1756,1819,1795
1961: 2155,2226,2235,2318,2353,2315,2055,2178,2313,2321,2341,2221,2156,2319,2322,2314,2308,2190,2270,2180,2317,2316,2238,2251,2131,2225,2154,2248,2202,2143,2278,2142,2122,2169,2112,2130,2177,2205,2249,2256,2162,2247,2129
1997: 2360,2209,2366,2298,2168,2233,2231,2348,2166,2359,2208,2346,2385,2383,2343,2212,2287,2207,2213,2211,2210
1963: 1942,946,1941,1965,1921,1974
1986: 1955,1921,1974,1920,1940,1823,1906,1948,1864
1965: 1941,1991,1886,1963,1942,1921,1974
1966: 2030,2047,2086,2036,1995,2061,590,2018,1950,2067
1967: 1936,2343,2212,2349,2165,2393,2203,2290,583,2035,2096
1976: 2031,2343,2212,2287,2207,2213,2211,2210,2349,2165,2164,2104,2290,583,2035,2096,2087,2050
1977: 2039,2057,2033,2004
1978: 1818,409
1979: 1883,1991,1886,977
1991: 1886,1979,1883,1941,1965
1992: 569,2073
2020: 1999,2061,590,2018,1950,2067,1998,2027
1994: 2107,2150,2159,2184,2251,2131,2248,2219,2288,2250,2252,2253,2312,2259,2138,2249,2256,2162,2247,2129,2234,2110,2283,2163,2175,2176,2093,2062,2182,2064,2188,2186,2187,2183,2185,2012,2258,2181,2149,2127,2323
1998: 2027,1999,2020
1999: 2020,2061,590,2018,1950,2067,1998,2027
2055: 2307,2320,2315,2178,2313,2306,2179,2222,2158,2352,2356,2355,2303,1989,2305,2301,2302,2389,2321,2341,2221,2156,2319,2322,2314,2357,2167,2304,2190,2180,2317,2316,1961,2155,2226,2318,2353
2030: 1966,2047,2086,2036,1995,2003,1987,2061,590,2018,1950,2067
2003: 1987,2052,2029,2036,1995,2030,1972,2015,2061,590
2004: 2057,2059,2033,2039,1977,575
2108: 2102,2163,2175,2176,2093,2062,2182,2064,2188,2186,2187,2183,2185,2012,2149,2127,2037,2092,2063,2049,2133,2115,2076,2170,2065,2047
2006: 2068,2053,2058,1973
2007: 1869
2162: 2259,2138,2249,2256,2247,2129,1961,2155,2226,2235,2318,2353,2238,2251,2131,2225,2154,2248,2289,2250,2252,2122,2169,2112,2130,2177,2205,2107,2150,2159,2184,1994,2144,2160,2113,2163,2175,2176,2093,2062,2182,2064,2188,2186,2183,2185
2105: 2367,2167,2384,2304,2298,2168,2303,1989,2305,2301,2302,2389,2307,2315,2233,2231,2348,2166,2359,2208,2346,2385,2383,2190,2270,2180,2317,2316,2210,2120,2232,2103,2228,2202,2143,2278
2026: 2119,1069,1620,2084,1618,1063,1065,1609,1615,1083
2011: 2065,2032,2080,2054,2037,2092,2063,2049,2133,2102,2019,2095,2052,2029
2347: 2245,2044,2240,2344,2381,2241,2215,2243,2325,2351,2386,2293,2324,2046,2297,490,2246,2300,2253,2216,2244,2312,2382,2242,2340,2234,2110,2283,2094,2337,2282,2276,2261,2339,2275,2338,2277,2089,2345
2014: 1895,560
2015: 1972,2052,2029,2036,1995,946,2003,1987
2016: 2309,2308,2222,2352,2355,2368,2157,2310,2378,2380,2379,2265,2365,2364,2263,2333,915,2321,2341,2221,2156,2322,2357,2311,2330,2214,2218,2267,2331,2024,2155,2226,2235,2238,2251,2131,2225,2154,2219,2288,2289,2250,2252
2018: 2061,590,2036,1995,2030,1966,1987,1950,2067,1999,2020
2019: 2095,2121,2099,2080,2054,2134,2037,2092,2133,2065,2011
2021: 1939
2057: 2059,2033,2039,1977,575,2004
2084: 1069,1620,1605,1612,1067,1574,2026,2119,1618,1063,1065,1609,1615,1083
2024: 2311,2330,2214,2218,2267,2331,2265,2365,2364,2263,2333,2266,2262,2217,2394,2309,2308,2016,2215,2374,2299,2243,2325,2351,2362,2238,2251,2131,2225,2154,2219,2288,2289,2250,2252,2246,2300,2253,2216,2244,2312
2027: 1998,1999,2020
2146: 2070,1337,2336,2274,1690,911
2029: 2052,2065,2011,2032,2036,1995,946,1972,2015,2003
2035: 2290,583,2096,1936,1967,2349,2165,2031,1976,2393,2203,2087,2050,2072,2223
2036: 1995,2032,2047,2052,2029,2030,1966,1972,2015,2003,1987,2061,590,2018
2037: 2092,2063,2049,2133,2114,2144,2137,2160,2113,2163,2175,2176,2093,2062,2064,2012,2080,2054,2134,2102,2108,2019,2095,2065,2011,2032
2038: 2229,2227,2210,2120,2232,2103,2228,2202,2143,2278,2142,2164,2104,2135,2077,2147,1982,2121,2099
2039: 1977,2057,2059,2033,2004
2040: 2265,2365,2364,2263,2333,915,2377,2375,2152,1671,1700,2264,1701,2378,2380,2268,2266,2334,2392,2361,2262,2217,2394,2309,2311,2330,2218,2267,2331,2374,2299,2243,2362
2289: 2219,2288,2250,2252,2309,2308,2016,2311,2330,2214,2218,2331,2024,2215,2351,2238,2251,2131,2225,2154,2248,2300,2253,2216,2312,2259,2249,2256,2162,2247,2129,2107,2150,2159,2184,2283
2043: 2236,2272,2201,2280,2091,2140,2045,2204,2281,2132,2237,2279,2139,2090,2075,2260,2199,2145,2198,2086,2141,2074,2098,2042
2044: 2347,2245,2240,2344,2381,2241,2215,2243,2325,2351,2362,2386,2293,2324,2387,2046,2291,2297,2295,2388,490,2246,2300,2253,2216,2244,2382,2242,2340,2110,2094,2337,2282,2276,2261,2339,2275,2338,2277,2089,2345
2045: 2272,2201,2280,2091,2140,2204,2234,2337,2276,2261,2345,2258,2181,2149,2127,2323,2281,2132,2237,2279,2139,2115,2076,2170,2090,2075,2043,2236
2047: 2102,2108,2115,2076,2170,2090,2075,2086,2036,1995,2030,1966
2346: 2233,2231,2348,2166,2359,2208,2385,2383,2298,2168,2303,1989,2302,2389,2360,2209,2366,1997,2367,2167,2105,2384,2304,2207,2213,2211,2210,2120,2232,2103,2228
2049: 2037,2092,2063,2133,2144,2160,2113,2163,2175,2176,2093,2062,2182,2064,2188,2186,2187,2183,2185,2012,2080,2054,2134,2102,2108,2065,2011,2032
2050: 2087,2349,2165,2031,1976,2164,2104,2290,583,2035,2096,2255,2072,2189,2223
2232: 2120,2103,2228,2233,2231,2348,2166,2359,2208,2346,2383,2367,2167,2105,2384,2190,2270,2210,2202,2143,2164,2104,2229,2227,2038,2147
2052: 2029,2065,2011,2032,2036,1995,946,1972,2015,2003
2053: 2006,2068,2058,1973
2054: 2080,2134,2135,2077,2147,2114,2144,2137,2160,2113,2163,2093,2121,2099,2037,2092,2063,2049,2133,2019,2095,2065,2011
2059: 2057,2033,2039,575,2004
2190: 2270,2180,2317,2316,2303,1989,2305,2301,2302,2389,2307,2320,2315,2055,2178,2313,2321,2156,2319,2314,2367,2167,2105,2384,2304,1961,2155,2235,2318,2353,2120,2232,2103,2228,2202,2143,2278,2142,2122,2169,2112,2177,2205
2062: 2163,2175,2176,2093,2122,2169,2112,2130,2177,2205,2259,2138,2249,2256,2162,2247,2129,2107,2184,1994,2114,2144,2137,2160,2113,2182,2064,2188,2186,2183,2185,2012,2134,2037,2092,2063,2049,2133,2108
2063: 2037,2092,2049,2133,2160,2113,2163,2175,2176,2093,2062,2064,2188,2186,2183,2185,2012,2080,2054,2134,2102,2108,2065,2011,2032
2065: 2011,2032,2080,2054,2134,2037,2092,2063,2049,2133,2102,2108,2019,2095,2052,2029
2066: 2332,2395,2391,2192,2327,2195,2328,2193,2329,2197,2335,2271,2151,2354
2067: 1950,2030,1966,568,2061,2018,1999,2020
2068: 2006,2053,2058,1973
2069: 2369,2070,2336,2257,2371
2070: 2146,1337,2336,2274,1690,911,2069,2369
2071: 918,926,2230,2326,1530,1445,2390
2072: 2255,2189,2223,2290,583,2035,2096,2087,2050
2073: 569,1992,946
2074: 2141,2098,2042,2090,2075,2043,2236,2260,2199,2145,2198,2086,2097,1985,2116
2075: 2090,2258,2181,2149,2127,2272,2201,2280,2091,2140,2045,2204,2132,2237,2139,2115,2076,2170,2043,2236,2047,2086,2141,2074
2077: 2135,2147,1982,2120,2228,2143,2142,2169,2229,2227,2038,2114,2144,2137,2121,2099,2080,2054
2144: 2114,2137,2160,2113,2202,2143,2278,2142,2122,2169,2112,2130,2177,2205,2259,2138,2256,2162,2135,2077,2147,1982,2163,2175,2176,2093,2062,2121,2099,2080,2054,2134,2037,2092,2049,2133
2103: 2120,2232,2228,2233,2231,2348,2166,2359,2208,2346,2385,2383,2367,2167,2105,2384,2304,2190,2270,2210,2202,2143,2278,2164,2104,2229,2227,2038,2147
2087: 2050,2349,2165,2031,1976,2164,2104,2290,583,2035,2096,2255,2072,2189,2223
2088: 2161,2370,2125,2239,2097,2173,2358,2206,2117
2089: 2275,2002,2338,2277,2191,2345,2196,2347,2245,2044,2240,2344,2381,2382,2242,2340,2192,2327,2342,2094,2337,2282,2276,2261,2339,2195,2193,2272,2201,2280,2091,2140,2281,2132,2237,2279,2139,2197
2091: 2272,2201,2280,2140,2045,2204,2234,2110,2342,2094,2337,2282,2276,2261,2339,2275,2002,2338,2277,2191,2089,2345,2196,2258,2181,2149,2127,2323,2281,2132,2237,2279,2139,2115,2076,2170,2090,2075,2043,2236
2092: 2037,2063,2049,2133,2114,2144,2137,2160,2113,2163,2175,2176,2093,2062,2064,2012,2080,2054,2134,2102,2108,2019,2095,2065,2011,2032
2093: 2163,2175,2176,2062,2122,2169,2112,2130,2177,2205,2259,2138,2249,2256,2162,2247,2129,2107,1994,2114,2144,2137,2160,2113,2064,2183,2185,2012,2080,2054,2134,2037,2092,2063,2049,2133,2102,2108
2094: 2342,2337,2282,2276,2261,2339,2246,2253,2244,2347,2245,2044,2240,2344,2381,2241,2382,2242,2340,2234,2110,2283,2275,2002,2338,2277,2191,2089,2345,2196,2258,2181,2272,2201,2280,2091,2140,2281,2237,2279,2139
2095: 2019,2121,2099,2080,2054,2134,2037,2092,2065,2011
2096: 2290,583,2035,1936,1967,2349,2165,2031,1976,2393,2203,2087,2050,2072,2223
2097: 2260,2199,2145,2198,2125,2239,2254,2141,2074,2098,2042,2088,2161,2370,2206,1985,2116,580,2117
2098: 2141,2074,2042,2043,2236,2145,2198,2086,2097,568,2206,1985,2116
2099: 2121,2229,2227,2038,2135,2077,2147,1982,2114,2144,2137,2160,2113,2080,2054,2134,2019,2095
2101: 2034,1931,2058,1973
2102: 2108,2163,2175,2176,2093,2182,2064,2188,2186,2187,2183,2185,2012,2149,2127,2037,2092,2063,2049,2133,2115,2076,2170,2065,2011,2032,2047
2202: 2143,2278,2142,2367,2167,2105,2304,2190,2270,2180,2317,2316,1961,2155,2226,2235,2318,2353,2120,2232,2103,2228,2122,2169,2112,2130,2177,2205,2227,2038,2135,2147,1982,2144
2110: 2234,2283,2219,2288,2246,2300,2253,2216,2244,2312,2347,2245,2044,2240,2344,2381,2241,2107,2150,2159,2184,1994,2342,2094,2337,2282,2276,2261,2339,2182,2187,2258,2181,2149,2323,2272,2091
2201: 2272,2280,2091,2140,2045,2204,2094,2337,2276,2261,2339,2275,2191,2089,2345,2196,2258,2181,2281,2132,2237,2279,2139,2115,2090,2075,2043,2236
2112: 2122,2169,2130,2177,2205,2190,2270,2180,2317,2316,1961,2155,2226,2235,2318,2353,2251,2225,2248,2202,2143,2278,2142,2259,2249,2256,2162,2247,2129,2135,1982,2144,2160,2163,2093,2062
2114: 2144,2137,2160,2113,2143,2142,2122,2169,2130,2177,2256,2135,2077,2147,1982,2163,2093,2062,2121,2099,2080,2054,2134,2037,2092,2133
2115: 2076,2170,2188,2186,2012,2258,2181,2149,2127,2323,2272,2201,2091,2140,2045,2204,2102,2108,2090,2075,2047,2086
2116: 2206,1985,580,2141,2074,2098,2042,2097,2161,568,2117
2117: 434,2097,2088,2161,2370,2173,2358,2206,1985,2116,580
2119: 2026,1069,1620,2084,1618,1063,1065,1609,1615,1083
2120: 2232,2103,2228,2231,2166,2359,2208,2346,2367,2167,2105,2384,2304,2190,2270,2180,2317,2316,2210,2202,2143,2278,2142,2229,2227,2038,2135,2077,2147,1982
2121: 2099,2229,2227,2038,2135,2077,2147,1982,2114,2144,2137,2160,2113,2080,2054,2134,2019,2095
2122: 2169,2112,2130,2177,2205,2190,2270,2180,2317,2316,1961,2155,2226,2235,2318,2353,2251,2225,2248,2202,2143,2278,2142,2259,2138,2249,2256,2162,2247,2129,2135,2147,1982,2114,2144,2137,2160,2113,2163,2175,2093,2062
2123: 2174,2286,2285,1689,1817,1790
2238: 2251,2131,2225,2154,2248,2321,2341,2221,2156,2322,2314,2357,2309,2308,2016,2311,2330,2214,2218,2331,2024,1961,2155,2226,2235,2318,2353,2219,2288,2289,2250,2252,2177,2205,2249,2256,2162,2247,2129,2107,2150
2129: 2259,2138,2249,2256,2162,2247,1961,2155,2226,2235,2318,2353,2238,2251,2131,2225,2154,2248,2219,2288,2289,2250,2252,2122,2169,2112,2130,2177,2205,2107,2150,2184,1994,2160,2163,2175,2093,2062,2183,2185
2130: 2122,2169,2112,2177,2205,1961,2155,2235,2318,2353,2251,2131,2225,2248,2202,2143,2278,2142,2259,2138,2249,2256,2162,2247,2129,2135,1982,2114,2144,2137,2160,2113,2163,2175,2176,2093,2062
2131: 2238,2251,2225,2154,2248,2309,2308,2016,2311,2330,2214,2331,2024,1961,2155,2226,2235,2353,2219,2288,2289,2250,2252,2130,2177,2205,2259,2138,2249,2256,2162,2247,2129,2107,2150,2159,2184,1994
2134: 2080,2054,2135,1982,2114,2144,2137,2160,2113,2163,2175,2176,2093,2062,2121,2099,2037,2092,2063,2049,2133,2019,2095,2065
2135: 2077,2147,1982,2120,2228,2202,2143,2278,2142,2122,2169,2112,2130,2177,2205,2229,2227,2038,2114,2144,2137,2160,2113,2121,2099,2080,2054,2134
2258: 2181,2149,2127,2323,2107,2150,2159,2184,1994,2234,2110,2283,2342,2094,2337,2282,2276,2261,2339,2182,2188,2186,2187,2183,2012,2272,2201,2280,2091,2140,2045,2204,2115,2076,2170,2090,2075
2137: 2114,2144,2160,2113,2143,2142,2122,2169,2130,2177,2135,2077,2147,1982,2163,2093,2062,2121,2099,2080,2054,2134,2037,2092,2133
2138: 2259,2249,2256,2162,2247,2129,2235,2251,2131,2225,2248,2250,2252,2122,2169,2130,2177,2205,2107,2150,2159,2184,1994,2144,2160,2163,2175,2176,2093,2062,2182,2064,2188,2186,2187,2183,2185,2012
2139: 2281,2132,2237,2279,2094,2337,2282,2276,2261,2339,2275,2002,2338,2277,2191,2089,2345,2196,2193,2272,2201,2280,2091,2140,2045,2204,2329,2197,2090,2075,2043,2236,2260,2199,2198
2140: 2272,2201,2280,2091,2045,2204,2094,2337,2276,2261,2339,2089,2345,2196,2258,2181,2149,2281,2132,2237,2279,2139,2115,2076,2090,2075,2043,2236
2141: 2074,2098,2042,2090,2075,2043,2236,2260,2199,2145,2198,2086,2097,568,1985,2116
2142: 2202,2143,2278,2167,2190,2270,2180,2317,2316,1961,2155,2235,2318,2353,2120,2228,2122,2169,2112,2130,2177,2205,2227,2038,2135,2077,2147,1982,2114,2144,2137,2160,2113
2148: 2224,1487,1773,2350,410,2230,1530,1445
2149: 2258,2181,2127,2323,2107,2150,2159,2184,1994,2234,2110,2283,2337,2276,2261,2182,2064,2188,2186,2187,2183,2185,2012,2272,2091,2140,2045,2204,2102,2108,2115,2076,2170,2090,2075
2150: 2107,2159,2184,1994,2238,2251,2131,2225,2154,2248,2219,2288,2289,2250,2252,2246,2300,2253,2216,2244,2312,2259,2138,2249,2256,2162,2247,2129,2234,2110,2283,2163,2175,2182,2064,2188,2186,2187,2183,2185,2012,2258,2181,2149,2127,2323
2151: 2335,2271,2354,2328,2332,2395,2391,2066,2329,2197,2260,2199,2145,2125,2239,2254
2152: 2377,2375,2376,2264,2222,2158,2352,2356,2355,2368,2157,2310,2378,2380,2379,2265,2365,2040,2364,2263,915
2377: 2375,2152,2376,853,1677,1671,1700,2264,2222,2352,2368,2157,2310,2378,2380,2379,2265,2365,2040,2364,2263,915
2154: 2238,2251,2131,2225,2248,2341,2221,2156,2322,2314,2309,2308,2016,2311,2330,2214,2218,2331,2024,1961,2155,2226,2235,2318,2353,2219,2288,2289,2250,2252,2177,2205,2259,2249,2256,2162,2247,2129,2107,2150
2155: 1961,2226,2235,2318,2353,2320,2315,2055,2178,2313,2321,2341,2221,2156,2319,2322,2314,2357,2309,2308,2016,2190,2180,2317,2316,2238,2251,2131,2225,2154,2248,2202,2278,2142,2122,2169,2112,2130,2177,2205,2259,2249,2256,2162,2247,2129
2156: 2321,2341,2221,2319,2322,2314,2357,2179,2222,2158,2352,2356,2355,2368,2157,2310,2379,2307,2320,2315,2055,2178,2313,2309,2308,2016,2190,2180,2317,2316,1961,2155,2226,2235,2318,2353,2238,2251,2225,2154,2248
2157: 2368,2310,2378,2380,2379,2377,2375,2152,2376,2264,2222,2158,2352,2356,2355,2265,2365,2364,2263,915,2321,2341,2221,2156,2319,2322,2357,2309,2308,2016,2330,2218
2158: 2222,2352,2356,2355,2375,2152,2376,2179,2368,2157,2310,2378,2380,2379,2307,2320,2315,2055,2178,2313,2321,2341,2221,2156,2319,2322,2314,2357,2308
2159: 2107,2150,2184,1994,2251,2131,2219,2288,2289,2250,2252,2246,2300,2253,2216,2244,2312,2259,2138,2249,2162,2247,2234,2110,2283,2175,2182,2064,2188,2186,2187,2183,2185,2012,2258,2181,2149,2127,2323
2160: 2114,2144,2137,2113,2143,2142,2122,2169,2112,2130,2177,2205,2259,2138,2249,2256,2162,2247,2129,2135,2147,1982,2163,2175,2176,2093,2062,2121,2099,2080,2054,2134,2037,2092,2063,2049,2133
2161: 2088,2370,2260,2199,2145,2198,2125,2239,2254,2097,2173,2358,2206,1985,2116,580,2117
2164: 2104,2207,2213,2211,2210,2232,2103,2031,1976,2229,2227,2038,2087,2050
2165: 2349,2343,2212,2287,1936,1967,2031,1976,2393,2203,2290,583,2035,2096,2087,2050
2166: 2233,2231,2348,2359,2208,2346,2385,2383,2298,2168,2303,1989,2305,2301,2302,2389,2360,2209,2366,1997,2367,2167,2105,2384,2304,2207,2210,2120,2232,2103
2167: 2367,2105,2384,2304,2298,2168,2303,1989,2305,2301,2302,2389,2307,2320,2315,2055,2178,2313,2233,2231,2348,2166,2359,2208,2346,2385,2383,2190,2270,2180,2317,2316,2210,2120,2232,2103,2228,2202,2143,2278,2142
2168: 2298,2306,2303,1989,2305,2301,2302,2389,2360,2209,2366,1997,2233,2231,2348,2166,2359,2208,2346,2385,2383,2367,2167,2105,2384,2304
2169: 2122,2112,2130,2177,2205,2190,2270,2180,2316,1961,2155,2235,2318,2353,2225,2248,2202,2143,2278,2142,2259,2138,2249,2256,2162,2247,2129,2135,2077,2147,1982,2114,2144,2137,2160,2113,2163,2175,2093,2062
2170: 2115,2076,2182,2064,2188,2186,2187,2183,2185,2012,2258,2181,2149,2127,2323,2272,2091,2045,2204,2102,2108,2090,2075,2047
2171: 1947,916,506
2221: 2321,2341,2156,2319,2322,2314,2357,2179,2222,2158,2352,2356,2355,2368,2157,2310,2378,2380,2379,2307,2320,2315,2055,2178,2313,2309,2308,2016,2316,1961,2155,2226,2235,2318,2353,2238,2251,2225,2154
2173: 2358,2125,2239,2088,2161,2370,2117
2174: 2286,2123,2285,1689,1817,1790
2175: 2163,2176,2093,2062,2122,2169,2130,2177,2259,2138,2249,2256,2162,2247,2129,2107,2150,2159,2184,1994,2144,2160,2113,2182,2064,2188,2186,2187,2183,2185,2012,2134,2037,2092,2063,2049,2133,2102,2108
2176: 2163,2175,2093,2062,2130,2177,2259,2138,2256,2162,2107,2184,1994,2144,2160,2113,2182,2064,2188,2186,2187,2183,2185,2012,2134,2037,2092,2063,2049,2133,2102,2108
2177: 2122,2169,2112,2130,2205,2190,2270,2180,2317,2316,1961,2155,2226,2235,2318,2353,2238,2251,2131,2225,2154,2248,2202,2143,2278,2142,2259,2138,2249,2256,2162,2247,2129,2135,1982,2114,2144,2137,2160,2113,2163,2175,2176,2093,2062
2178: 2307,2320,2315,2055,2313,2306,2179,2222,2158,2352,2356,2355,2303,1989,2305,2301,2302,2389,2321,2341,2221,2156,2319,2322,2314,2357,2167,2304,2190,2270,2180,2317,2316,1961,2155,2226,2235,2318,2353
2179: 2306,2222,2158,2352,2356,2355,2303,1989,2305,2301,2302,2389,2307,2320,2315,2055,2178,2313,2321,2341,2221,2156,2319,2322,2314,2357
2180: 2190,2270,2317,2316,1989,2305,2301,2302,2389,2307,2320,2315,2055,2178,2313,2321,2341,2156,2319,2314,2367,2167,2105,2304,1961,2155,2226,2235,2318,2353,2120,2202,2143,2278,2142,2122,2169,2112,2177,2205
2181: 2258,2149,2127,2323,2107,2150,2159,2184,1994,2234,2110,2283,2342,2094,2337,2282,2276,2261,2339,2182,2188,2186,2187,2183,2012,2272,2201,2280,2091,2140,2045,2204,2115,2076,2170,2090,2075
2182: 2064,2188,2186,2187,2183,2185,2012,2259,2138,2249,2256,2162,2247,2107,2150,2159,2184,1994,2234,2110,2283,2163,2175,2176,2062,2258,2181,2149,2127,2323,2049,2133,2102,2108,2076,2170
2183: 2182,2064,2188,2186,2187,2185,2012,2259,2138,2249,2256,2162,2247,2129,2107,2150,2159,2184,1994,2234,2283,2163,2175,2176,2093,2062,2258,2181,2149,2127,2323,2063,2049,2133,2102,2108,2170
2184: 2107,2150,2159,1994,2251,2131,2225,2248,2219,2288,2289,2250,2252,2253,2216,2312,2259,2138,2249,2256,2162,2247,2129,2234,2110,2283,2163,2175,2176,2062,2182,2064,2188,2186,2187,2183,2185,2012,2258,2181,2149,2127,2323
2185: 2182,2064,2188,2186,2187,2183,2012,2259,2138,2249,2256,2162,2247,2129,2107,2150,2159,2184,1994,2234,2283,2163,2175,2176,2093,2062,2149,2127,2323,2063,2049,2133,2102,2108,2170
2186: 2182,2064,2188,2187,2183,2185,2012,2259,2138,2249,2162,2107,2150,2159,2184,1994,2234,2283,2163,2175,2176,2062,2258,2181,2149,2127,2323,2063,2049,2133,2102,2108,2115,2076,2170
2187: 2182,2064,2188,2186,2183,2185,2012,2259,2138,2249,2107,2150,2159,2184,1994,2234,2110,2283,2163,2175,2176,2258,2181,2149,2127,2323,2049,2102,2108,2076,2170
2188: 2182,2064,2186,2187,2183,2185,2012,2259,2138,2162,2107,2150,2159,2184,1994,2234,2283,2163,2175,2176,2062,2258,2181,2149,2127,2323,2063,2049,2133,2102,2108,2115,2076,2170
2189: 2255,2072,2223,2087,2050
2191: 2275,2002,2338,2277,2089,2345,2196,2245,2381,2382,2242,2340,2192,2327,2094,2276,2339,2195,2328,2193,2201,2280,2091,2281,2132,2237,2279,2139,2329,2197
2192: 2327,2297,2295,2388,490,2382,2242,2340,540,2275,2002,2338,2277,2191,2089,2345,2196,2195,2328,2193,2332,2395,2391,2066
2193: 2195,2328,2382,2242,2340,2192,2327,2275,2002,2338,2277,2191,2089,2345,2196,2332,2395,2391,2066,2281,2132,2237,2279,2139,2329,2197,2335,2271
2344: 2347,2245,2044,2240,2381,2241,2215,2243,2325,2351,2362,2386,2293,2324,2387,2046,2291,2297,2295,2388,490,2246,2300,2253,2216,2244,2382,2242,2340,2110,2094,2337,2282,2276,2261,2339,2275,2002,2338,2277,2089,2345
2195: 2328,2193,2382,2242,2340,2192,2327,2275,2002,2338,2277,2191,2089,2196,2332,2395,2391,2066,2281,2279,2329,2197,2335,2271
2196: 2275,2002,2338,2277,2191,2089,2345,2245,2381,2382,2242,2340,2192,2327,2094,2276,2339,2195,2328,2193,2201,2280,2091,2140,2281,2132,2237,2279,2139,2329,2197
2197: 2329,2275,2002,2277,2191,2089,2345,2196,2195,2328,2193,2332,2395,2391,2066,2281,2132,2237,2279,2139,2335,2271,2151,2354,2260,2199,2145,2198,2254
2198: 2260,2199,2145,2281,2132,2237,2279,2139,2329,2197,2271,2043,2236,2254,2141,2074,2098,2042,2097,2161
2199: 2260,2145,2198,2281,2132,2237,2279,2139,2329,2197,2335,2271,2151,2354,2043,2236,2125,2239,2254,2141,2074,2042,2097,2161
2343: 2212,2287,2366,1997,2207,2213,2211,1936,1967,2349,2165,2031,1976
2203: 2393,1936,1967,2349,2165,2290,583,2035,2096
2204: 2272,2201,2280,2091,2140,2045,2234,2337,2276,2261,2345,2258,2181,2149,2127,2323,2281,2132,2237,2279,2139,2115,2076,2170,2090,2075,2043,2236
2205: 2122,2169,2112,2130,2177,2190,2270,2180,2317,2316,1961,2155,2226,2235,2318,2353,2238,2251,2131,2225,2154,2248,2202,2143,2278,2142,2259,2138,2249,2256,2162,2247,2129,2135,1982,2144,2160,2163,2093,2062
2206: 1985,2116,580,2098,2042,2097,2088,2161,2370,434,2117
2207: 2213,2211,2360,2209,2366,1997,2233,2231,2348,2166,2359,2208,2346,2385,2383,2343,2212,2287,2210,2349,2031,1976,2164,2104
2208: 2233,2231,2348,2166,2359,2346,2385,2383,2298,2168,2360,2209,2366,1997,2367,2167,2105,2384,2207,2213,2211,2210,2120,2232,2103
2209: 2360,2366,1997,2298,2168,2233,2231,2348,2166,2359,2208,2346,2385,2383,2287,2207,2213,2211,2210
2210: 2360,2209,2366,1997,2233,2231,2348,2166,2359,2208,2346,2385,2383,2367,2167,2105,2384,2207,2213,2211,2120,2232,2103,2228,2031,1976,2164,2104,2229,2227,2038
2211: 2207,2213,2360,2209,2366,1997,2233,2231,2348,2359,2208,2346,2343,2212,2287,2210,2349,2031,1976,2164,2104
2212: 2343,2287,2360,2366,1997,2207,2213,2211,1936,1967,2349,2165,2031,1976
2213: 2207,2211,2360,2209,2366,1997,2233,2231,2348,2359,2208,2346,2343,2212,2287,2210,2349,2031,1976,2164,2104
2214: 2311,2330,2218,2267,2331,2024,2368,2310,2380,2265,2365,2364,2263,2333,915,2266,2262,2394,2309,2308,2016,2215,2374,2299,2243,2325,2351,2238,2251,2131,2225,2154,2219,2288,2289,2250,2252,2246,2300,2253,2216,2244,2312
2215: 2374,2299,2243,2325,2351,2362,2333,2266,2334,2361,2262,2217,2394,2292,2372,2363,2311,2330,2214,2218,2267,2331,2024,2386,2293,2324,2046,2219,2288,2289,2246,2300,2253,2216,2244,2312,2347,2245,2044,2240,2344,2241
2216: 2246,2300,2253,2244,2312,2311,2330,2214,2218,2267,2331,2024,2215,2374,2299,2243,2325,2351,2293,2324,2219,2288,2289,2250,2252,2347,2245,2044,2240,2344,2241,2107,2150,2159,2184,2234,2110,2283,2282,2261
2217: 2268,2266,2334,2392,2361,2262,2394,2264,2040,2364,2263,2333,2294,2373,2292,2372,2363,2311,2330,2218,2267,2024,2215,2374,2299,2243,2325,2351,2362,2386,2293,2324,2387,2046
2218: 2311,2330,2214,2267,2331,2024,2368,2157,2310,2378,2380,2379,2265,2365,2040,2364,2263,2333,915,2268,2266,2334,2392,2361,2262,2217,2394,2309,2308,2016,2215,2374,2299,2243,2325,2351,2362,2238,2154,2219,2288,2289,2300,2216,2244
2219: 2288,2289,2250,2252,2309,2308,2016,2311,2330,2214,2218,2331,2024,2215,2243,2325,2351,2238,2251,2131,2225,2154,2248,2246,2300,2253,2216,2244,2312,2259,2249,2247,2129,2107,2150,2159,2184,1994,2110,2283
2353: 1961,2155,2226,2235,2318,2307,2320,2315,2055,2178,2313,2321,2341,2221,2156,2319,2322,2314,2357,2308,2190,2270,2180,2317,2316,2238,2251,2131,2225,2154,2248,2202,2278,2142,2122,2169,2112,2130,2177,2205,2249,2256,2162,2247,2129
2223: 2255,2072,2189,2290,583,2035,2096,2087,2050
2224: 2148,1487,1773,2350,410,2230,1530,1445
2225: 2238,2251,2131,2154,2248,2321,2341,2221,2156,2322,2314,2309,2308,2016,2311,2330,2214,2331,2024,1961,2155,2226,2235,2318,2353,2219,2288,2289,2250,2252,2122,2169,2112,2130,2177,2205,2259,2138,2249,2256,2162,2247,2129,2107,2150,2184
2226: 1961,2155,2235,2318,2353,2320,2315,2055,2178,2313,2321,2341,2221,2156,2319,2322,2314,2357,2309,2308,2016,2180,2317,2316,2238,2251,2131,2225,2154,2248,2202,2278,2122,2112,2177,2205,2249,2256,2162,2247,2129
2227: 2229,2038,2210,2120,2232,2103,2228,2202,2143,2142,2164,2104,2135,2077,2147,1982,2121,2099
2228: 2120,2232,2103,2346,2167,2105,2190,2270,2210,2202,2143,2278,2142,2229,2227,2038,2135,2077,2147,1982
2229: 2227,2038,2210,2120,2232,2103,2228,2143,2164,2104,2135,2077,2147,1982,2121,2099
2230: 926,1773,2350,2148,2224,2326,1530,1445,2071,2390
2231: 2233,2348,2166,2359,2208,2346,2385,2383,2298,2168,2303,1989,2301,2302,2389,2360,2209,2366,1997,2367,2167,2105,2384,2304,2207,2213,2211,2210,2120,2232,2103
2235: 1961,2155,2226,2318,2353,2178,2313,2321,2341,2221,2156,2322,2314,2308,2016,2190,2270,2180,2317,2316,2238,2251,2131,2225,2154,2248,2202,2278,2142,2122,2169,2112,2130,2177,2205,2259,2138,2249,2256,2162,2247,2129
2236: 2043,2272,2201,2280,2091,2140,2045,2204,2281,2132,2237,2279,2139,2090,2075,2260,2199,2145,2198,2086,2141,2074,2098,2042
2237: 2281,2132,2279,2139,2094,2276,2339,2275,2002,2338,2277,2191,2089,2345,2196,2193,2272,2201,2280,2091,2140,2045,2204,2329,2197,2090,2075,2043,2236,2260,2199,2145,2198
2239: 2125,2254,2335,2271,2151,2354,2199,2145,2097,2088,2161,2370,2173,2358
2240: 2347,2245,2044,2344,2381,2241,2215,2243,2325,2351,2386,2293,2324,2046,2297,2295,2388,490,2246,2300,2253,2216,2244,2312,2382,2242,2340,2234,2110,2283,2094,2337,2282,2276,2261,2339,2275,2338,2277,2089,2345
2241: 2347,2245,2044,2240,2344,2381,2215,2374,2299,2243,2325,2351,2362,2386,2293,2324,2387,2046,2291,2297,2295,2388,490,2246,2300,2253,2216,2244,2312,2382,2242,2340,2110,2094,2282,2261,2339,2275,2338,2277
2242: 2382,2340,2386,2293,2324,2387,2046,2291,2297,2295,2388,490,2347,2245,2044,2240,2344,2381,2241,2192,2327,2094,2337,2282,2276,2261,2339,2275,2002,2338,2277,2191,2089,2345,2196,2195,2328,2193
2243: 2215,2374,2299,2325,2351,2362,2040,2263,2333,2268,2266,2334,2392,2361,2262,2217,2394,2294,2373,2292,2372,2363,2311,2330,2214,2218,2267,2331,2024,2386,2293,2324,2387,2046,2219,2288,2246,2300,2253,2216,2244,2312,2347,2245,2044,2240,2344,2381,2241
2244: 2246,2300,2253,2216,2312,2311,2214,2218,2267,2331,2024,2215,2374,2299,2243,2325,2351,2362,2386,2293,2324,2387,2046,2219,2288,2347,2245,2044,2240,2344,2381,2241,2107,2150,2159,2234,2110,2283,2094,2337,2282,2276,2261,2339
2245: 2347,2044,2240,2344,2381,2241,2215,2243,2325,2386,2293,2324,2387,2046,2291,2297,2295,2388,490,2246,2300,2253,2216,2244,2382,2242,2340,2234,2110,2283,2094,2337,2282,2276,2261,2339,2275,2002,2338,2277,2191,2089,2345,2196
2246: 2300,2253,2216,2244,2312,2311,2214,2331,2024,2215,2374,2299,2243,2325,2351,2362,2386,2293,2324,2046,2219,2288,2252,2347,2245,2044,2240,2344,2381,2241,2107,2150,2159,2234,2110,2283,2094,2337,2282,2276,2261,2339
2247: 2259,2138,2249,2256,2162,2129,1961,2155,2226,2235,2318,2353,2238,2251,2131,2225,2154,2248,2219,2288,2289,2250,2252,2122,2169,2112,2130,2177,2205,2107,2150,2159,2184,1994,2160,2163,2175,2093,2062,2182,2064,2183,2185
2248: 2238,2251,2131,2225,2154,2341,2156,2314,2308,1961,2155,2226,2235,2318,2353,2219,2288,2289,2250,2252,2122,2169,2112,2130,2177,2205,2259,2138,2249,2256,2162,2247,2129,2107,2150,2184,1994
2249: 2259,2138,2256,2162,2247,2129,1961,2155,2226,2235,2353,2238,2251,2131,2225,2154,2248,2219,2288,2289,2250,2252,2122,2169,2112,2130,2177,2205,2107,2150,2159,2184,1994,2160,2163,2175,2093,2062,2182,2064,2186,2187,2183,2185
2250: 2219,2288,2289,2252,2309,2308,2016,2311,2214,2331,2024,2238,2251,2131,2225,2154,2248,2300,2253,2216,2312,2259,2138,2249,2256,2162,2247,2129,2107,2150,2159,2184,1994,2283
2251: 2238,2131,2225,2154,2248,2341,2221,2156,2309,2308,2016,2311,2330,2214,2331,2024,1961,2155,2226,2235,2353,2219,2288,2289,2250,2252,2122,2112,2130,2177,2205,2259,2138,2249,2256,2162,2247,2129,2107,2150,2159,2184,1994
2252: 2219,2288,2289,2250,2308,2016,2311,2214,2331,2024,2351,2238,2251,2131,2225,2154,2248,2246,2300,2253,2216,2312,2259,2138,2249,2256,2162,2247,2129,2107,2150,2159,2184,1994,2234,2283
2253: 2246,2300,2216,2244,2312,2311,2214,2331,2024,2215,2243,2325,2351,2293,2324,2219,2288,2289,2250,2252,2347,2245,2044,2240,2344,2381,2241,2107,2150,2159,2184,1994,2234,2110,2283,2094,2337,2282,2276,2261,2339
2254: 2125,2239,2329,2197,2335,2271,2151,2354,2260,2199,2145,2198,2097,2161,2370
2256: 2259,2138,2249,2162,2247,2129,1961,2155,2226,2235,2318,2353,2238,2251,2131,2225,2154,2248,2289,2250,2252,2122,2169,2112,2130,2177,2205,2107,2150,2184,1994,2114,2144,2160,2113,2163,2175,2176,2093,2062,2182,2064,2183,2185
2257: 2371,2069,2369,1689,1817
2259: 2138,2249,2256,2162,2247,2129,2155,2235,2251,2131,2225,2154,2248,2219,2288,2289,2250,2252,2122,2169,2112,2130,2177,2205,2107,2150,2159,2184,1994,2144,2160,2163,2175,2176,2093,2062,2182,2064,2188,2186,2187,2183,2185,2012
2260: 2199,2145,2198,2281,2132,2237,2279,2139,2329,2197,2335,2271,2151,2354,2043,2236,2254,2141,2074,2042,2097,2161
2262: 2268,2266,2334,2392,2361,2217,2394,1671,1700,2264,2265,2365,2040,2364,2263,2333,915,2294,2373,2292,2372,2363,2311,2330,2214,2218,2267,2331,2024,2215,2374,2299,2243,2325,2351,2362,2386,2293
2263: 2265,2365,2040,2364,2333,915,2377,2375,2152,2376,1671,1700,2264,2368,2157,2310,2378,2380,2379,2268,2266,2334,2392,2361,2262,2217,2394,2309,2308,2016,2311,2330,2214,2218,2267,2331,2024,2374,2299,2243,2351,2362
2264: 1671,1700,853,1677,2377,2375,2152,2376,1701,2368,2157,2310,2378,2380,2379,2265,2365,2040,2364,2263,2333,915,2268,2266,2334,2392,2361,2262,2217,2394
2265: 2365,2040,2364,2263,2333,915,2377,2375,2152,2376,1671,2264,2368,2157,2310,2378,2380,2379,2268,2266,2334,2392,2262,2394,2309,2308,2016,2311,2330,2214,2218,2267,2331,2024,2374,2299,2351
2266: 2268,2334,2392,2361,2262,2217,2394,1671,1700,2264,2265,2365,2040,2364,2263,2333,915,2294,2373,2292,2372,2363,2311,2330,2214,2218,2267,2331,2024,2215,2374,2299,2243,2325,2351,2362,2386,2293,2324,2387,2046
2267: 2311,2330,2214,2218,2331,2024,2378,2380,2265,2365,2040,2364,2263,2333,915,2268,2266,2334,2392,2361,2262,2217,2394,2309,2308,2016,2215,2374,2299,2243,2325,2351,2362,2300,2216,2244
2268: 2266,2334,2392,2361,2262,2217,2394,1671,1700,2264,1701,2265,2040,2364,2263,2333,2294,2373,2292,2372,2363,2330,2218,2267,2374,2299,2243,2325,2362,2386,2293,2387,2046
2307: 2320,2315,2055,2178,2313,2306,2179,2222,2158,2352,2356,2355,2303,1989,2305,2301,2302,2389,2321,2341,2221,2156,2319,2322,2314,2357,2367,2167,2105,2384,2304,2190,2270,2180,2317,2316,2318,2353
2270: 2190,2180,2317,2316,2303,1989,2305,2301,2302,2389,2307,2315,2178,2313,2314,2367,2167,2105,2384,2304,1961,2235,2318,2353,2120,2232,2103,2228,2202,2143,2278,2142,2122,2169,2112,2177,2205
2271: 2335,2151,2354,2195,2328,2193,2332,2395,2391,2066,2329,2197,2260,2199,2145,2198,2125,2239,2254
2272: 2201,2280,2091,2140,2045,2204,2234,2110,2283,2342,2094,2337,2282,2276,2261,2339,2275,2338,2089,2345,2258,2181,2149,2127,2323,2281,2132,2237,2279,2139,2115,2076,2170,2090,2075,2043,2236
2368: 2157,2310,2378,2380,2379,2377,2375,2152,2376,2264,2222,2158,2352,2356,2355,2265,2365,2364,2263,2333,915,2321,2341,2221,2156,2319,2322,2314,2357,2309,2308,2016,2330,2214,2218,2331
2274: 2146,2070,1337,2336,1690,911
2275: 2002,2338,2277,2191,2089,2345,2196,2347,2245,2044,2240,2344,2381,2241,2382,2242,2340,2192,2327,2094,2337,2282,2276,2261,2339,2195,2328,2193,2272,2201,2280,2091,2281,2132,2237,2279,2139,2329,2197
2276: 2342,2094,2337,2282,2261,2339,2246,2253,2244,2347,2245,2044,2240,2344,2381,2382,2242,2340,2234,2110,2283,2275,2002,2338,2277,2191,2089,2345,2196,2258,2181,2149,2323,2272,2201,2280,2091,2140,2045,2204,2281,2132,2237,2279,2139
2277: 2275,2002,2338,2191,2089,2345,2196,2347,2245,2044,2240,2344,2381,2241,2382,2242,2340,2192,2327,2094,2337,2282,2276,2261,2339,2195,2328,2193,2280,2091,2281,2132,2237,2279,2139,2329,2197
2278: 2202,2143,2142,2367,2167,2105,2304,2190,2270,2180,2317,2316,1961,2155,2226,2235,2318,2353,2120,2103,2228,2122,2169,2112,2130,2177,2205,2038,2135,2147,1982,2144
2279: 2281,2132,2237,2139,2094,2337,2282,2276,2261,2339,2275,2002,2338,2277,2191,2089,2345,2196,2195,2193,2272,2201,2280,2091,2140,2045,2204,2329,2197,2043,2236,2260,2199,2145,2198
2280: 2272,2201,2091,2140,2045,2204,2234,2094,2337,2282,2276,2261,2339,2275,2002,2338,2277,2191,2089,2345,2196,2258,2181,2281,2132,2237,2279,2139,2090,2075,2043,2236
2282: 2342,2094,2337,2276,2261,2339,2246,2300,2253,2216,2244,2312,2347,2245,2044,2240,2344,2381,2241,2382,2242,2340,2234,2110,2283,2275,2002,2338,2277,2089,2345,2258,2181,2323,2272,2280,2091,2281,2279,2139
2283: 2234,2110,2219,2288,2289,2250,2252,2246,2300,2253,2216,2244,2312,2347,2245,2240,2107,2150,2159,2184,1994,2094,2337,2282,2276,2261,2339,2182,2188,2186,2187,2183,2185,2258,2181,2149,2323,2272
2345: 2275,2002,2338,2277,2191,2089,2196,2347,2245,2044,2240,2344,2381,2382,2242,2340,2192,2327,2342,2094,2337,2282,2276,2261,2339,2193,2272,2201,2280,2091,2140,2045,2204,2281,2132,2237,2279,2139,2197
2285: 2174,2286,2123,1689,1817,1790
2286: 2174,2123,2285,1817,1790
2287: 2343,2212,2360,2209,2366,1997,2207,2213,2211,2349,2165,2031,1976
2288: 2219,2289,2250,2252,2309,2308,2016,2311,2330,2214,2218,2331,2024,2215,2243,2325,2351,2238,2251,2131,2225,2154,2248,2246,2300,2253,2216,2244,2312,2259,2249,2247,2129,2107,2150,2159,2184,1994,2234,2110,2283
2290: 583,2035,2096,1936,1967,2349,2165,2031,1976,2393,2203,2087,2050,2072,2223
2291: 2297,2295,2388,490,2294,2373,2292,2372,2363,2296,2386,2293,2324,2387,2046,2245,2044,2344,2381,2241,2242,2340
2292: 2294,2373,2372,2363,2268,2266,2334,2392,2361,2262,2217,2394,2296,2215,2374,2299,2243,2325,2362,2386,2293,2324,2387,2046,2291,2297,2295,2388,490
2293: 2386,2324,2387,2046,2268,2266,2334,2361,2262,2217,2394,2294,2373,2292,2372,2363,2296,2215,2374,2299,2243,2325,2351,2362,2291,2297,2295,2388,490,2246,2300,2253,2216,2244,2347,2245,2044,2240,2344,2381,2241,2242,2340
2294: 2373,2292,2372,2363,2268,2266,2334,2392,2361,2262,2217,2394,2296,2374,2299,2243,2325,2362,2386,2293,2324,2387,2046,2291,2297,2295,2388,490
2295: 2291,2297,2388,490,2294,2373,2292,2372,2363,2296,2386,2293,2324,2387,2046,2245,2044,2240,2344,2381,2241,2382,2242,2340,2192,2327
2296: 2294,2373,2292,2372,2363,2386,2293,2324,2387,2046,2291,2297,2295,2388,490
2297: 2291,2295,2388,490,2294,2373,2292,2372,2363,2296,2386,2293,2324,2387,2046,2347,2245,2044,2240,2344,2381,2241,2382,2242,2340,2192,2327
2298: 2168,2306,2303,1989,2305,2301,2302,2389,2360,2209,2366,1997,2233,2231,2348,2166,2359,2208,2346,2385,2383,2367,2167,2105,2384,2304
2299: 2215,2374,2243,2325,2351,2362,2265,2365,2040,2364,2263,2333,2268,2266,2334,2392,2361,2262,2217,2394,2294,2373,2292,2372,2363,2311,2330,2214,2218,2267,2331,2024,2386,2293,2324,2387,2046,2246,2300,2216,2244,2241
2300: 2246,2253,2216,2244,2312,2311,2330,2214,2218,2267,2331,2024,2215,2374,2299,2243,2325,2351,2362,2293,2324,2219,2288,2289,2250,2252,2347,2245,2044,2240,2344,2381,2241,2107,2150,2159,2234,2110,2283,2282,2261
2301: 2303,1989,2305,2302,2389,2306,2179,2298,2168,2307,2320,2315,2055,2178,2313,2233,2231,2166,2385,2383,2367,2167,2105,2384,2304,2190,2270,2180,2317,2316
2302: 2303,1989,2305,2301,2389,2306,2179,2298,2168,2307,2320,2315,2055,2178,2313,2233,2231,2348,2166,2359,2346,2385,2383,2367,2167,2105,2384,2304,2190,2270,2180,2317,2316
2303: 1989,2305,2301,2302,2389,2306,2179,2298,2168,2307,2320,2315,2055,2178,2313,2233,2231,2348,2166,2359,2346,2385,2383,2367,2167,2105,2384,2304,2190,2270,2317
2304: 2367,2167,2105,2384,2298,2168,2303,1989,2305,2301,2302,2389,2307,2320,2315,2055,2178,2313,2233,2231,2348,2166,2359,2346,2385,2383,2190,2270,2180,2317,2316,2120,2103,2202,2278
2305: 2303,1989,2301,2302,2389,2306,2179,2298,2168,2307,2320,2315,2055,2178,2313,2166,2385,2383,2367,2167,2105,2384,2304,2190,2270,2180,2317,2316
2306: 2179,2298,2168,2303,1989,2305,2301,2302,2389,2307,2320,2315,2055,2178,2313
2308: 2309,2016,2222,2158,2352,2356,2355,2368,2157,2310,2378,2380,2379,2265,2365,2364,2263,2333,915,2321,2341,2221,2156,2319,2322,2314,2357,2311,2330,2214,2218,2267,2331,2024,1961,2155,2226,2235,2353,2238,2251,2131,2225,2154,2248,2219,2288,2289,2250,2252
2309: 2308,2016,2222,2352,2368,2157,2310,2378,2380,2379,2265,2365,2040,2364,2263,2333,915,2341,2221,2156,2322,2311,2330,2214,2218,2267,2331,2024,2155,2226,2238,2251,2131,2225,2154,2219,2288,2289,2250
2310: 2368,2157,2378,2380,2379,2377,2375,2152,2376,2264,2222,2158,2352,2356,2355,2265,2365,2364,2263,915,2321,2341,2221,2156,2319,2322,2314,2357,2309,2308,2016,2330,2214,2218,2331
2313: 2307,2320,2315,2055,2178,2306,2179,2222,2158,2352,2356,2355,2303,1989,2305,2301,2302,2389,2321,2341,2221,2156,2319,2322,2314,2357,2367,2167,2304,2190,2270,2180,2317,2316,1961,2155,2226,2235,2318,2353
2314: 2321,2341,2221,2156,2319,2322,2357,2179,2222,2158,2352,2356,2355,2368,2310,2379,2307,2320,2315,2055,2178,2313,2308,2190,2270,2180,2317,2316,1961,2155,2226,2235,2318,2353,2238,2225,2154,2248
2315: 2307,2320,2055,2178,2313,2306,2179,2222,2158,2352,2356,2355,2303,1989,2305,2301,2302,2389,2321,2341,2221,2156,2319,2322,2314,2357,2367,2167,2105,2304,2190,2270,2180,2317,2316,1961,2155,2226,2318,2353
2316: 2190,2270,2180,2317,1989,2305,2301,2302,2389,2307,2320,2315,2055,2178,2313,2321,2341,2221,2156,2319,2322,2314,2357,2367,2167,2105,2304,1961,2155,2226,2235,2318,2353,2120,2202,2143,2278,2142,2122,2169,2112,2177,2205
2317: 2190,2270,2180,2316,2303,1989,2305,2301,2302,2389,2307,2320,2315,2055,2178,2313,2321,2341,2156,2319,2314,2367,2167,2105,2304,1961,2155,2226,2235,2318,2353,2120,2202,2143,2278,2142,2122,2112,2177,2205
2318: 1961,2155,2226,2235,2353,2307,2320,2315,2055,2178,2313,2321,2341,2221,2156,2319,2322,2314,2357,2190,2270,2180,2317,2316,2238,2225,2154,2248,2202,2143,2278,2142,2122,2169,2112,2130,2177,2205,2256,2162,2247,2129
2319: 2321,2341,2221,2156,2322,2314,2357,2179,2222,2158,2352,2356,2355,2368,2157,2310,2378,2379,2307,2320,2315,2055,2178,2313,2308,2190,2180,2317,2316,1961,2155,2226,2318,2353
2320: 2307,2315,2055,2178,2313,2306,2179,2222,2158,2352,2356,2355,2303,1989,2305,2301,2302,2389,2321,2341,2221,2156,2319,2322,2314,2357,2367,2167,2304,2190,2180,2317,2316,2155,2226,2318,2353
2322: 2321,2341,2221,2156,2319,2314,2357,2179,2222,2158,2352,2356,2355,2368,2157,2310,2378,2380,2379,2307,2320,2315,2055,2178,2313,2309,2308,2016,2316,1961,2155,2226,2235,2318,2353,2238,2225,2154
2323: 2258,2181,2149,2127,2107,2150,2159,2184,1994,2234,2110,2283,2337,2282,2276,2261,2339,2182,2064,2188,2186,2187,2183,2185,2012,2272,2091,2045,2204,2115,2076,2170
2324: 2386,2293,2387,2046,2266,2334,2361,2217,2294,2373,2292,2372,2363,2296,2215,2374,2299,2243,2325,2351,2362,2291,2297,2295,2388,490,2246,2300,2253,2216,2244,2347,2245,2044,2240,2344,2381,2241,2382,2242,2340
2325: 2215,2374,2299,2243,2351,2362,2333,2268,2266,2334,2361,2262,2217,2394,2294,2373,2292,2372,2363,2311,2330,2214,2218,2267,2331,2024,2386,2293,2324,2387,2046,2219,2288,2246,2300,2253,2216,2244,2312,2347,2245,2044,2240,2344,2381,2241
2326: 1530,1445,1773,2350,2230,2071,2390
2327: 2192,2297,2295,2388,490,2382,2242,2340,540,2275,2002,2338,2277,2191,2089,2345,2196,2195,2328,2193,2332,2395,2391,2066
2328: 2195,2193,2382,2242,2340,2192,2327,540,2275,2002,2338,2277,2191,2196,2332,2395,2391,2066,2281,2329,2197,2335,2271,2151
2329: 2197,2275,2002,2277,2191,2196,2195,2328,2193,2332,2395,2391,2066,2281,2132,2237,2279,2139,2335,2271,2151,2354,2260,2199,2145,2198,2254
2330: 2311,2214,2218,2267,2331,2024,2368,2157,2310,2378,2380,2379,2265,2365,2040,2364,2263,2333,915,2268,2266,2334,2392,2262,2217,2394,2309,2308,2016,2215,2374,2299,2243,2325,2351,2362,2238,2251,2131,2225,2154,2219,2288,2289,2300,2216
2331: 2311,2330,2214,2218,2267,2024,2368,2310,2378,2380,2265,2365,2040,2364,2263,2333,915,2266,2262,2394,2309,2308,2016,2215,2374,2299,2243,2325,2351,2238,2251,2131,2225,2154,2219,2288,2289,2250,2252,2246,2300,2253,2216,2244,2312
2332: 2395,2391,2066,2192,2327,2195,2328,2193,2329,2197,2335,2271,2151,2354
2333: 2265,2365,2040,2364,2263,915,1671,1700,2264,2368,2378,2380,2268,2266,2334,2392,2361,2262,2217,2394,2309,2308,2016,2311,2330,2214,2218,2267,2331,2024,2215,2374,2299,2243,2325,2351,2362
2334: 2268,2266,2392,2361,2262,2217,2394,1671,1700,2264,1701,2265,2040,2364,2263,2333,2294,2373,2292,2372,2363,2311,2330,2218,2267,2215,2374,2299,2243,2325,2351,2362,2386,2293,2324,2387,2046
2335: 2271,2151,2354,2195,2328,2193,2332,2395,2391,2066,2329,2197,2260,2199,2145,2125,2239,2254
2336: 2146,2070,1337,2274,1690,911,2069,2369
2337: 2342,2094,2282,2276,2261,2339,2246,2253,2244,2312,2347,2245,2044,2240,2344,2381,2382,2242,2234,2110,2283,2275,2338,2277,2089,2345,2258,2181,2149,2323,2272,2201,2280,2091,2140,2045,2204,2281,2279,2139
2338: 2275,2002,2277,2191,2089,2345,2196,2347,2245,2044,2240,2344,2381,2241,2382,2242,2340,2192,2327,2342,2094,2337,2282,2276,2261,2339,2195,2328,2193,2272,2280,2091,2281,2237,2279,2139
2339: 2342,2094,2337,2282,2276,2261,2246,2253,2244,2347,2245,2044,2240,2344,2381,2241,2382,2242,2340,2234,2110,2283,2275,2002,2338,2277,2191,2089,2345,2196,2258,2181,2323,2272,2201,2280,2091,2140,2281,2237,2279,2139
2340: 2382,2242,2293,2324,2046,2291,2297,2295,2388,490,2347,2245,2044,2240,2344,2381,2241,2192,2327,2094,2282,2276,2261,2339,2275,2002,2338,2277,2191,2089,2345,2196,2195,2328,2193
2341: 2321,2221,2156,2319,2322,2314,2357,2179,2222,2158,2352,2356,2355,2368,2157,2310,2378,2380,2379,2307,2320,2315,2055,2178,2313,2309,2308,2016,2180,2317,2316,1961,2155,2226,2235,2318,2353,2238,2251,2225,2154,2248
2342: 2094,2337,2282,2276,2261,2339,2234,2110,2338,2089,2345,2258,2181,2272,2091
2348: 2233,2231,2166,2359,2208,2346,2385,2383,2298,2168,2303,1989,2302,2360,2209,2366,1997,2367,2167,2105,2384,2304,2207,2213,2211,2210,2232,2103
2349: 2165,2343,2212,2287,2207,2213,2211,1936,1967,2031,1976,2393,2203,2290,583,2035,2096,2087,2050
2350: 1773,2148,2224,926,2230,2326,1530,1445
2351: 2215,2374,2299,2243,2325,2362,2265,2365,2263,2333,2266,2334,2361,2262,2217,2394,2372,2363,2311,2330,2214,2218,2267,2331,2024,2386,2293,2324,2046,2219,2288,2289,2252,2246,2300,2253,2216,2244,2312,2347,2044,2240,2344,2241
2352: 2222,2158,2356,2355,2377,2375,2152,2376,2179,2368,2157,2310,2378,2380,2379,2307,2320,2315,2055,2178,2313,2321,2341,2221,2156,2319,2322,2314,2357,2309,2308,2016
2354: 2335,2271,2151,2332,2395,2391,2066,2329,2197,2260,2199,2145,2125,2239,2254
2355: 2222,2158,2352,2356,2375,2152,2376,2179,2368,2157,2310,2378,2380,2379,2307,2320,2315,2055,2178,2313,2321,2341,2221,2156,2319,2322,2314,2357,2308,2016
2356: 2222,2158,2352,2355,2375,2152,2376,2179,2368,2157,2310,2378,2380,2379,2307,2320,2315,2055,2178,2313,2321,2341,2221,2156,2319,2322,2314,2357,2308
2357: 2321,2341,2221,2156,2319,2322,2314,2179,2222,2158,2352,2356,2355,2368,2157,2310,2378,2380,2379,2307,2320,2315,2055,2178,2313,2308,2016,2316,2155,2226,2318,2353,2238
2358: 2173,2125,2239,2088,2161,2370,2117
2359: 2233,2231,2348,2166,2208,2346,2385,2383,2298,2168,2303,1989,2302,2360,2209,2366,1997,2367,2167,2105,2384,2304,2207,2213,2211,2210,2120,2232,2103
2360: 2209,2366,1997,2298,2168,2233,2231,2348,2166,2359,2208,2346,2385,2383,2212,2287,2207,2213,2211,2210
2361: 2268,2266,2334,2392,2262,2217,2394,2264,2040,2364,2263,2333,2294,2373,2292,2372,2363,2311,2218,2267,2215,2374,2299,2243,2325,2351,2362,2386,2293,2324,2387,2046
2362: 2215,2374,2299,2243,2325,2351,2040,2364,2263,2333,2268,2266,2334,2392,2361,2262,2217,2394,2294,2373,2292,2372,2363,2311,2330,2218,2267,2024,2386,2293,2324,2387,2046,2246,2300,2244,2044,2344,2241
2363: 2294,2373,2292,2372,2268,2266,2334,2392,2361,2262,2217,2394,2296,2215,2374,2299,2243,2325,2351,2362,2386,2293,2324,2387,2046,2291,2297,2295
2364: 2265,2365,2040,2263,2333,915,2377,2375,2152,2376,1671,1700,2264,2368,2157,2310,2378,2380,2379,2268,2266,2334,2392,2361,2262,2217,2394,2309,2308,2016,2311,2330,2214,2218,2267,2331,2024,2374,2299,2362
2365: 2265,2040,2364,2263,2333,915,2377,2375,2152,2376,2264,2368,2157,2310,2378,2380,2379,2266,2392,2262,2394,2309,2308,2016,2311,2330,2214,2218,2267,2331,2024,2374,2299,2351
2366: 2360,2209,1997,2298,2168,2233,2231,2348,2166,2359,2208,2346,2385,2383,2343,2212,2287,2207,2213,2211,2210
2367: 2167,2105,2384,2304,2298,2168,2303,1989,2305,2301,2302,2389,2307,2320,2315,2313,2233,2231,2348,2166,2359,2208,2346,2385,2383,2190,2270,2180,2317,2316,2210,2120,2232,2103,2202,2143,2278
2369: 2069,2070,1337,2336,2257,2371
2370: 2088,2161,2125,2239,2254,2097,2173,2358,2206,2117
2371: 2257,2069,2369,1689,1817
2372: 2294,2373,2292,2363,2268,2266,2334,2392,2361,2262,2217,2394,2296,2215,2374,2299,2243,2325,2351,2362,2386,2293,2324,2387,2046,2291,2297,2295,2388,490
2373: 2294,2292,2372,2363,2268,2266,2334,2392,2361,2262,2217,2394,2296,2374,2299,2243,2325,2362,2386,2293,2324,2387,2046,2291,2297,2295,490
2374: 2215,2299,2243,2325,2351,2362,2265,2365,2040,2364,2263,2333,2268,2266,2334,2392,2361,2262,2217,2394,2294,2373,2292,2372,2363,2311,2330,2214,2218,2267,2331,2024,2386,2293,2324,2387,2046,2246,2300,2216,2244,2241
2375: 2377,2152,2376,853,1671,1700,2264,2222,2158,2352,2356,2355,2368,2157,2310,2378,2380,2379,2265,2365,2040,2364,2263,915
2376: 2377,2375,2152,2264,2222,2158,2352,2356,2355,2368,2157,2310,2378,2380,2379,2265,2365,2364,2263,915
2378: 2368,2157,2310,2380,2379,2377,2375,2152,2376,2264,2222,2158,2352,2356,2355,2265,2365,2040,2364,2263,2333,915,2321,2341,2221,2319,2322,2357,2309,2308,2016,2330,2218,2267,2331
2379: 2368,2157,2310,2378,2380,2377,2375,2152,2376,2264,2222,2158,2352,2356,2355,2265,2365,2364,2263,915,2321,2341,2221,2156,2319,2322,2314,2357,2309,2308,2016,2330,2218
2380: 2368,2157,2310,2378,2379,2377,2375,2152,2376,2264,2222,2158,2352,2356,2355,2265,2365,2040,2364,2263,2333,915,2321,2341,2221,2322,2357,2309,2308,2016,2330,2214,2218,2267,2331
2381: 2347,2245,2044,2240,2344,2241,2243,2325,2386,2293,2324,2387,2046,2291,2297,2295,2388,490,2246,2300,2253,2244,2382,2242,2340,2234,2110,2094,2337,2282,2276,2261,2339,2275,2002,2338,2277,2191,2089,2345,2196
2382: 2242,2340,2324,2297,2295,2388,490,2347,2245,2044,2240,2344,2381,2241,2192,2327,2094,2337,2282,2276,2261,2339,2275,2002,2338,2277,2191,2089,2345,2196,2195,2328,2193
2383: 2233,2231,2348,2166,2359,2208,2346,2385,2298,2168,2303,1989,2305,2301,2302,2389,2360,2209,2366,1997,2367,2167,2105,2384,2304,2207,2210,2232,2103
2384: 2367,2167,2105,2304,2298,2168,2303,1989,2305,2301,2302,2389,2307,2233,2231,2348,2166,2359,2208,2346,2385,2383,2190,2270,2210,2120,2232,2103
2385: 2233,2231,2348,2166,2359,2208,2346,2383,2298,2168,2303,1989,2305,2301,2302,2389,2360,2209,2366,1997,2367,2167,2105,2384,2304,2207,2210,2103
2386: 2293,2324,2387,2046,2268,2266,2334,2361,2262,2217,2394,2294,2373,2292,2372,2363,2296,2215,2374,2299,2243,2325,2351,2362,2291,2297,2295,2388,490,2246,2244,2347,2245,2044,2240,2344,2381,2241,2242
2387: 2386,2293,2324,2046,2268,2266,2334,2361,2217,2294,2373,2292,2372,2363,2296,2374,2299,2243,2325,2362,2291,2297,2295,2388,490,2244,2245,2044,2344,2381,2241,2242
2388: 2291,2297,2295,490,2294,2292,2372,2296,2386,2293,2324,2387,2046,2245,2044,2240,2344,2381,2241,2382,2242,2340,2192,2327
2389: 2303,1989,2305,2301,2302,2306,2179,2298,2168,2307,2320,2315,2055,2178,2313,2233,2231,2166,2346,2385,2383,2367,2167,2105,2384,2304,2190,2270,2180,2317,2316
2390: 2230,2326,1530,1445,2071
2391: 2332,2395,2066,2192,2327,2195,2328,2193,2329,2197,2335,2271,2151,2354
2392: 2268,2266,2334,2361,2262,2217,2394,1671,1700,2264,1701,2265,2365,2040,2364,2263,2333,915,2294,2373,2292,2372,2363,2330,2218,2267,2374,2299,2243,2362
2393: 2203,1936,1967,2349,2165,2290,583,2035,2096
2394: 2268,2266,2334,2392,2361,2262,2217,1671,1700,2264,1701,2265,2365,2040,2364,2263,2333,915,2294,2373,2292,2372,2363,2311,2330,2214,2218,2267,2331,2024,2215,2374,2299,2243,2325,2351,2362,2386,2293
2395: 2332,2391,2066,2192,2327,2195,2328,2193,2329,2197,2335,2271,2151,2354