1574: 1629,1633,514,1605,1875,1750
543: 
1068: 1632,1656,1630,1655,1659,1653,1654,1657,1658,1640,1638,1627,1619,1624
1141: 1100,1699,1722,1745
1543: 1349,475,904
566: 
949: 1695,1721
1581: 554,1458,1397,1562
1445: 1530,1561,1526
1701: 2410,2392,1700,2454,2334,2266,1671,2040
977: 2578,2189,2255,1913,1867,1899,2619,1926
1519: 1564,1430,1531,1499,1450,1588,157,1476
1373: 1467,969,1388,1578
1572: 1527,973,1590,1601,970
1394: 1379,1415,1365,1588,1345,1317,1346,1431
535: 
1939: 2021,2594,2580,2563
1459: 1525,1387,1456
1509: 1357,1345,1317,1346,1393
583: 2050,2087
1619: 1640,1638,1627,1644,1624,1646,1632,1068,1655,1659,1653,1657,1636,1645,1639
1376: 1501
900: 2491,2444
1520: 1495
1337: 1690
500: 
520: 
1393: 1431,1426,1345,1317,1346,1461,1509,1395
1602: 1532,2671
1623: 1066,1618,1063,1065,1609,1083,1615,1053,1731,1521,492
562: 
509: 
1174: 981,1062
822: 1487
947: 
563: 
985: 952
1450: 1519,1564,1430,1531,1476
2261: 2272,2091,2140,2201,2234,2159,2283,2323,2342,2094,2339,2282,2337,2110,2089,2345,2338,2275,2181,2149,2258,2204,2184,2281,2280,2139,2279,2045
1556: 1576
995: 1913,1886,502,1979,1867,1883
551: 
1532: 1602,2671
957: 
1540: 1499,1571
1687: 1668,454
961: 
495: 935
1456: 1387,1459,1525
968: 
1718: 1765
929: 
939: 555
905: 
1461: 1431,1393,1426,1395
552: 1419,1557
572: 2123,2586
1506: 1478
560: 2659,2615,2618
504: 
1479: 1554,1499,1571,1588,157
61: 1460
539: 
558: 
1527: 1572,973,1590,1601,970
1495: 1520
2145: 2198,2199,2098,2042,2161,2097,2141,2074
922: 
589: 2442,2350,1773,2551,2407
1874: 2540,1872,2510,2489,1830,1882,1907
1600: 1789,1732
598: 
1202: 
1781: 1752,1818,1847
587: 
515: 
1571: 1540,1499,577,1554,1479,1564
569: 1979,1941,1965,1883
996: 525
1823: 1940,444,1974,1941,1965,1921,1920,1948,1864
1690: 1337
916: 2370,2521,434,2206,2117
1172: 1326,1268,1635,1617,1136
1605: 1629,1633,514,1574,965
591: 
926: 2274,2148,2498
1487: 822
1513: 960,1548
532: 
944: 
582: 
1295: 1685,1424
948: 
1349: 1543,475,904
1064: 1088,237
588: 2555,2483,2446,2448,2209,2447,2556,2481
1253: 1278,700,1009
994: 
1518: 
1496: 1660,1684,1663,1672,1424,1679,1696
2681: 2516,2650,2559,2528,2648,1933,2560,2539,2501,2649,2668,2508,2688,2691
593: 
1426: 1431,1393,1345,1317,1346,1461,1395
544: 
908: 1858,1820
1606: 1853,1871,1810,2583,1736
955: 
1346: 1345,1317,1379,1394,1415,1365,1431,1393,1426,1509,1357
906: 
1635: 153,1617,1136,1268,1172,1326
581: 
498: 
932: 
575: 1848,1920,1887,1912,1872
993: 
1646: 1640,1638,1627,1619,1644,1624,1655,1636,1645,1639,1680
531: 1772,1802,1791,1846,452,1729
1395: 1431,1393,1426,1461
2602: 2579,2021,2594,2563,2623,2189,2255,1913
513: 
1278: 1253,700,1009
1387: 1456,1459,1525
2541: 1951,2559,2528,2516,2650,1933,2560,2539,2501,2486,2504,1914,1884
1671: 2465,2364,2476,853,1677,2488,2464,2427,1701,2410,2392,1700,2454,2334,2266,2263,2409,915,2394,2262,2040
1458: 1397,970,554,1562,1581
506: 1984,991,1855
975: 
911: 2473,2369
555: 939
597: 
979: 
988: 
963: 
1684: 1663,1672,1424,1496,1660
538: 
951: 
1348: 1402
536: 
592: 
1063: 1618,1065,1609,1083,1615,1612,1067,1069,1620,1066,1623
1562: 1514,1474,554,1458,1397,1581
2578: 977,1913,1867,1899,2619,1926
986: 
559: 
586: 2007
903: 1476,1430,1588,157,1379
1589: 1732
596: 1665
1670: 1743
557: 1708,1746
580: 2358
537: 
978: 
153: 1635,1617,1136,1268,1326
980: 
1974: 444,1998,2027,1823,1940,1921
568: 2043,2236,2272,2091,2140,2201,2281,2280,2139,2279,2237,2132,2191,2196,2260,2199,2329,2197,2098,2042
157: 1588,1554,1479,1519,1564,1430,1476,903,1379,1415,1365
965: 1605
2637: 2613,2616,2567,2632,2603,2647,2609,2610,2564,2493
902: 
556: 529
1503: 1404,952
1430: 1519,1564,1531,1450,1588,157,1476,903
541: 567
594: 579
166: 1015,924
1708: 557,1746
507: 1776,1960,1736,1751
700: 1009,1253,1278
1528: 1592
519: 
550: 
1547: 1580
574: 
940: 2223,2072
1065: 1618,1063,1609,1083,1615,1612,1067,1069,1620,1066,1623
1837: 1783,1719,1763
923: 
1062: 981,1174
1053: 1066,1623,1268,1326
901: 526
501: 
1588: 157,1554,1479,1519,1564,1430,1476,903,1379,1394,1415,1365
992: 
1290: 
534: 2004,1977,2039,2057,1803,1876
967: 546
573: 
547: 
976: 
919: 
1415: 1379,1394,1365,1588,157,1345,1317,1346,1431
1565: 1585
590: 2018,1986,2020,1999,524
2687: 2657,2642,2683,2675,2674,2614,2658,2612,2682,2630,945,2673,2611,2638,2679,2678,2680
1514: 1474,554,1562
962: 1695,1721
927: 2554,2486,2504,1914,1884,2489,1830,1882,1907,1871,1915,2496
1578: 1388,969,1467,1373
584: 
934: 
1531: 1519,1564,1430,1450,1476
953: 
1197: 
973: 1590,1601,1572,1527
517: 
982: 
1357: 1509,1345,1317,1346
924: 166,1015
1891: 1793
1424: 1672,1685,1684,1663,1295,1496,1660
990: 
578: 2561,2450
1341: 1477,2551,2407,2596,2655
1149: 1184,599
1388: 1578,969,1467,1373
1502: 987,1536
914: 
1419: 552,1557
1693: 1707,1725,1720,1754,1723,1698,1692
1607: 232
925: 1888
1521: 1731,1664,1686,1066,1623,1636,1645,492
1100: 1141,1699,1722,1745
2107: 2150,2185,2225,2251,2131,2250,2249,2219,2288,2252,2312,2300,2253,2216,2244,2247,2259,2248,2256,2162,2129,2138,2234,2159,2283,2323,2163,2062,2175,2182,1994,2188,2186,2183,2187,2181,2149,2258,2184
941: 
1659: 1630,1655,1653,1654,1657,1658,1632,1068,1656,1640,1638,1627,1619,1624,1639
912: 
950: 
943: 
1443: 1598,456
232: 1607
2540: 1874,1872,2510,2489,1830,1882,1907
1551: 1414,445
1404: 1503
579: 594
237: 1088,1064
508: 
920: 
1379: 1394,1415,1365,1588,157,1476,903,1345,1317,1346,1431
599: 1184,1149
1580: 1547
514: 1629,1633,1574,1605
1476: 903,1519,1564,1430,1531,1450,1588,157,1379,1365
971: 
972: 
1557: 1419,552
1583: 1603,446
1585: 1565
1402: 1348
1576: 1556
1345: 1317,1346,1379,1394,1415,1365,1431,1393,1426,1509,1357
1526: 1561,1530,1445
2281: 2280,2139,2279,2237,2094,2339,2282,2337,2089,2345,2338,2275,2277,2193,2002,2405,2272,2091,2140,2201,2261,2132,2191,2196,568,2260,2199,2329,2197
512: 2173
942: 
571: 
1478: 1506
1501: 1376
1563: 
928: 
1499: 1540,1571,577,1554,1479,1519,1564
567: 541
528: 
909: 
1467: 1373,969,1388,1578
524: 2020,1999,590,1986,1955,2059,2033
998: 
853: 1677,2377,2476,2475,2523,2488,2464,2512,2427,2465,1671,2364,1700,2334
585: 2290,2096
523: 
1525: 1459,1387,1456
915: 2263,2409,2433,2152,2465,1671,2364,2410,2392,2419,2416,2365,2378,2265,2394,2262,2040,2309,2308,2016,2154,2238,2330,2331,2267,2214,2311,2218,2289,2374,2215,2299,2024,2333
1009: 700,1253,1278
533: 
959: 487
913: 
530: 
496: 
1088: 1064,237
522: 
958: 
553: 
1474: 1514,554,1562
1365: 1379,1394,1415,1588,157,1476,1345,1317,1346,1431
1530: 1445,1561,1526
510: 
542: 
960: 1513,1548
984: 
952: 1503,985
595: 
1561: 1526,1530,1445
505: 
521: 1592
999: 
2589: 2625,931,2670
518: 
1680: 1639,1640,1638,1644,1624,1646,1636,1645,1703,1720,1754,1648
502: 1886,1991,2189,2255,1913,1979,1867,995,1883
956: 
1414: 1551,445
933: 1766,1836
904: 475,1349,1543
1015: 166,924
1066: 1623,1618,1063,1065,1609,1083,1615,1053,1731,1521,1664,492
549: 
991: 1855,506,409,1984
1268: 1651,1662,1053,492,1172,1326,153,1635,1617,1136
1454: 2596,2655,1323,2575
311: 1005
554: 1514,1474,1458,1397,1562,1581
497: 
1536: 1502,987
548: 
526: 901
989: 
1069: 1620,1612,1067,1063,1065,1609,1083,1615
1601: 1590,973,1572,1527
545: 1970,1788,1928,1785
576: 2203
945: 2673,2662,2674,2614,2663,2658,2657,2642,2683,2687,2675,2638,2679,2678,2680
2668: 2649,2516,2650,2681,1933,2560,2539,2501,2508,2688,2691
981: 1174,1062
946: 2052,2029,2065,2011,1963,1942,1972,2015
516: 
1637: 1685
1161: 
570: 499
1985: 2116,1947
1592: 521,1528
918: 2449,2595,2545,2584,2350,1773
1184: 1149,599
1714: 1694
1323: 2627,2590,1454,2672,2575
1686: 1731,1521,1664,1636,1645,492
1243: 
499: 570
1460: 61
1732: 1589,1789,1600
938: 450
966: 1991
1700: 1701,2410,2392,2454,2334,2266,853,1677,2488,2464,2268,2462,2465,1671,2364,2263,2409,2262,2040
937: 
1477: 1341,2551,2407,2596,2655
921: 
1698: 1723,1754,1707,1693,1725,1692
1326: 1172,1053,1268,492,153,1635,1617,1136,1676,1650
540: 2451,2534,2568,2450,2435,2195,2529,2428
997: 
503: 2490,2672,2575,2670,2604,2652
917: 449
1766: 933,1836
1537: 1558,1713
546: 967
1067: 1612,1069,1620,1618,1063,1065,1609,1083,1615
970: 1572,1527,1458,1397
1603: 1583,446
2233: 2348,2445,2443,2383,2166,2385,2302,2426,2418,2208,2359,1997,2384,2105,2366,2213,2207,2211,2210
1668: 1687,454
1719: 1763,1783,1837
1431: 1393,1426,1379,1394,1415,1365,1345,1317,1346,1461,1395
931: 2625,2589,2670
565: 
529: 556
1005: 311
561: 
1624: 1640,1638,1627,1619,1644,1646,1632,1068,1630,1655,1659,1653,1654,1657,1658,1636,1645,1703,1639,1680
964: 
2033: 2059,1986,2020,1999,524,1955
1317: 1345,1346,1379,1394,1415,1365,1431,1393,1426,1509,1357
954: 
1575: 1642,1641,1643
1590: 1601,973,1572,1527
2104: 2164,2232,2103,2213,2207,2211,2210,2167,2120,2228,2038,2227,2229
1558: 1537,1713
1548: 960,1513
564: 
511: 
1788: 930,1760,1797,1772,1970,545,1928,1785
969: 1467,1373,1388,1578
527: 
1136: 153,1635,1617,1268,1172,1326
1554: 1479,1499,1571,1588,157
987: 1502,1536
935: 495
1397: 1458,970,554,1562,1581
1083: 1618,1063,1065,1609,1615,1612,1067,1069,1620,1066,1623
974: 1888,1737
907: 
1598: 456,1443
930: 1788,1760,1797,1772,1802,1970
577: 1499,1571
983: 
525: 996,1778,1847
1984: 409,506,991,1855
1564: 1519,1430,1531,1499,1571,1450,1588,157,1476
910: 
936: 
400: 
401: 
402: 
403: 
404: 
405: 
406: 
407: 
408: 
409: 1984,991,1855,1778,1847
410: 
411: 
412: 
413: 
414: 429
415: 
416: 
417: 
418: 
419: 
420: 
421: 
422: 2664,2515,493
423: 
424: 435
425: 
426: 467
427: 
428: 
429: 414
430: 
431: 
432: 2597,2511,2629,2557
433: 
434: 2370,2521,916,2206,2117
435: 424
436: 
437: 
438: 
439: 
440: 
441: 
442: 1791,1988,1846,452,1729
443: 
444: 1963,1942,1972,1974,1823,1940,1921
445: 1551,1414
446: 1603,1583
447: 
448: 
449: 917
450: 938
451: 
452: 1729,531,1791,1988,442,1846
453: 
454: 1668,1687
455: 2446,2448,2209,2447
456: 1598,1443
457: 
458: 
459: 
460: 
461: 
462: 484
463: 
464: 
465: 
466: 
467: 426
468: 
469: 
470: 
471: 
472: 2151,2653
473: 
474: 
475: 904,1349,1543
476: 
477: 
478: 1928,1785,1846,1729
479: 
480: 
481: 
482: 
483: 
484: 462
485: 
486: 
487: 959
488: 
489: 
490: 2452,2497,2544,2451,2534,2568
491: 
492: 1066,1623,1268,1731,1521,1664,1686,1326
493: 422,2664,2515,2660,2690,2656
494: 
1609: 1618,1063,1065,1083,1615,1612,1067,1069,1620,1066,1623
1699: 1100,1141,1722,1745
1676: 1650,1326
1612: 1067,1069,1620,1618,1063,1065,1609,1083,1615
1721: 1695,962,949
1672: 1424,1685,1684,1663,1496,1660
1615: 1618,1063,1065,1609,1083,1612,1067,1069,1620,1066,1623
1729: 452,1772,1802,531,1791,1988,442,1846,1928,1785,478
1617: 153,1635,1136,1268,1172,1326
1618: 1063,1065,1609,1083,1615,1612,1067,1620,1066,1623
1620: 1069,1612,1067,1618,1063,1065,1609,1083,1615
1627: 1640,1638,1619,1644,1624,1646,1632,1068,1655,1659,1653,1657,1636,1645,1639
1636: 1645,1640,1638,1627,1619,1644,1624,1646,1731,1521,1664,1686,1639,1680
1629: 1633,514,1574,1605
1630: 1655,1659,1653,1654,1657,1658,1632,1068,1656,1640,1638,1624,1703,1639
1631: 1634
1632: 1068,1656,1630,1655,1659,1653,1654,1657,1658,1640,1638,1627,1619,1624
1633: 1629,514,1574,1605
1634: 1631
1638: 1640,1627,1619,1644,1624,1646,1632,1068,1630,1655,1659,1653,1654,1657,1658,1636,1645,1703,1639,1680
1639: 1680,1630,1655,1659,1653,1654,1657,1658,1640,1638,1627,1619,1644,1624,1646,1636,1645,1703,1720,1648
1640: 1638,1627,1619,1644,1624,1646,1632,1068,1630,1655,1659,1653,1654,1657,1658,1636,1645,1639,1680
1641: 1643,1575,1642
1642: 1575,1641,1643
1643: 1641,1575,1642
1644: 1640,1638,1627,1619,1624,1646,1655,1636,1645,1639,1680
1645: 1636,1640,1638,1627,1619,1644,1624,1646,1731,1521,1664,1686,1639,1680
1685: 1637,1672,1424,1295
1648: 1639,1680,1754
1696: 1679,1496,1660
1650: 1676,1664,1326
1651: 1662,1268
1677: 853,2377,2476,2475,2523,2488,2464,2512,2427,2465,1671,2364,2392,1700,2454,2334
1653: 1630,1655,1659,1654,1657,1658,1632,1068,1656,1640,1638,1627,1619,1624,1639
1654: 1630,1655,1659,1653,1657,1658,1632,1068,1656,1640,1638,1624,1703,1639
1655: 1630,1659,1653,1654,1657,1658,1632,1068,1656,1640,1638,1627,1619,1644,1624,1646,1703,1639
1656: 1632,1068,1630,1655,1659,1653,1654,1657,1658,1703
1657: 1630,1655,1659,1653,1654,1658,1632,1068,1656,1640,1638,1627,1619,1624,1639
1658: 1630,1655,1659,1653,1654,1657,1632,1068,1656,1640,1638,1624,1639
1660: 1496,1684,1663,1672,1424,1679,1696
1720: 1703,1639,1680,1754,1693,1725
1662: 1651,1268
1663: 1684,1672,1424,1496,1660
1664: 1731,1521,1686,1066,1636,1645,492,1650
1665: 1702,1713,596
1679: 1696,1496,1660
1682: 
1689: 1817
1688: 
1797: 1760,1970,1788,930
1692: 1707,1693,1723,1698
1694: 1714
1695: 1721,962,949
1697: 1787
1702: 1665,1713
1703: 1656,1630,1655,1654,1638,1624,1639,1680,1720,1754
1982: 2093,2144,2160,2142,2122,2169,2177,2130,2162,2135,2077,2147,2143,2163,2062,2137,2113,2134,2133,2037
1767: 1779,1769,1771
2612: 2682,2630,2639,2658,2610,2657,2642,2683,2687,2675,2611
1707: 1693,1725,1754,1723,1698,1692
1731: 1521,1664,1686,1066,1623,1636,1645,492
1730: 1834,2007,1870,1841
1926: 2619,2578,977,1867,1899,2600,2598
1713: 1558,1537,1665,1702
1717: 2631,2572,2624,2593,2641,1796,2607,2677
1722: 1745,1100,1141,1699
1723: 1698,1754,1707,1693,1725,1692
1725: 1707,1693,1720,1754,1723,1698
1841: 1870,1730,1834,2007,1863,1807
1728: 1804,1792,1796,1756,1819,2607,2677
1807: 1863,1870,1841,1970
1772: 1802,531,1791,1788,930,1846,1729
1736: 1751,1853,1606,1810,2583,1776,1960,507
1737: 1888,974
1830: 2489,1882,1907,1874,2540,2486,2504,1884,2554,927,1871
1765: 1718
1740: 1798,1978
1743: 1670
1778: 1847,409,1818,1978,525
1745: 1722,1100,1141,1699
1746: 557,1708
1796: 1717,1756,1819,2607,2677,1728,1804,1792
1858: 1820,2611,2646,2689,2644,908
2312: 2219,2288,2252,2300,2331,2214,2311,2289,2215,2351,2024,2225,2251,2131,2250,2249,2253,2216,2244,2247,2129,2138,2107,2150,2185,2234,2159,2283,2323
1750: 1875,1574
1751: 1736,1810,2583,1776,1960,507
1752: 1781,1818
2132: 2191,2196,2089,2345,2338,2277,2193,2002,2405,2395,2066,2281,2280,2139,2279,2237,2335,2271,2043,2236,568,2260,2199,2329,2197
1754: 1703,1680,1720,1648,1707,1693,1725,1723,1698
2321: 2319,2341,2420,2156,2322,2314,2432,2320,2415,2356,2403,2406,2357,2158,2352,2414,2355,2310,2379,2419,2365,2378,2265,2178,2055,2315,2313,2400,2309,2308,2016,2154,2238,2318,2316,2180,2317,2205,2226,2155,2353,1961,2235,2112,2225
1756: 1819,1776,1960,1796,2607,1728,1804,1792
2603: 2599,2632,2562,2582,2616,2567,2600,2598,2637,2613,2647
1760: 1797,1970,1788,930
1917: 1843,1922,1919,1910,1844
1763: 1719,1783,1837
1825: 1953
1768: 1832
1769: 1771,1877,1844,1779,1767
2649: 2668,2648,2516,2650,2681,1933,2560,2539,2501,2508,2688,2691
1771: 1769,1877,1844,1810,1779,1767
1773: 2350,2545,2584,589,2449,2595,918,2551
1775: 1898
1776: 1960,507,2583,1736,1751,1756,1819
1779: 1767,1769,1771
2163: 2062,2175,2122,2169,2177,2130,2247,2259,2248,2256,2162,2129,2138,2107,2185,2093,2144,2160,1982,2182,1994,2188,2186,2183,2113,2134,2133,2092,2037,2064,2176
1783: 1837,1719,1763
1785: 1928,478,1788,1846,1729,545
2046: 2386,2324,2293,2292,2439,2438,2388,2243,2325,2044,2241,2242,2425,2423,2424,2381,2245,2404,2344,2408,2382
1787: 1697
1789: 1600,1732
1790: 2525,2371
1791: 1988,442,1772,1802,531,1846,452,1729
1792: 1728,1804,1796,1756,1819,2607,2677
1793: 1891
1798: 1740,1978
2076: 2045,2115,2187,2181,2149,2258,2204,2272,2091,2201,2012,2127,2170,2049,2108,2090,2075
1802: 1772,531,1791,1988,930,1846,1729
1803: 1876,2057,2004,534,1877,1844
1804: 1728,1792,1796,1756,1819,2607,2677
1890: 1910,1843,2057,1844
2080: 2054,2137,2113,2134,2133,2092,2037,2064,2121,2099,2114,2063,2052,2029,2065,2011
1867: 2189,2255,1913,1886,502,2578,977,995,2619,1926
1810: 1771,1853,1606,2583,1736,1751
1811: 
1844: 1877,1843,1917,1910,1890,1803,1876,1769,1771
1973: 2053
1817: 1689
1818: 1781,1752,1778,1847,1978
1819: 1756,1776,1960,1796,1728,1804,1792
1820: 1858,2611,2646,2689,2644,908
2678: 2638,2679,2680,945,2673,2657,2642,2683,2687,2675,2611
1919: 1922,1920,1948,1864,1843,1917
2143: 2135,2077,2147,2167,2202,2142,2278,2122,2169,2177,2130,2120,2093,2144,2160,1982,2113,2134
2255: 2189,1913,2579,2602,1991,1886,502,977,1867
1988: 1791,442,1802,1846,452,1729
2042: 2098,2043,2236,568,2260,2199,2145,2198,2141,2074
1832: 1768
2544: 490,2242,2425,2423,2424,2451,2340,2437,2435,2195
1834: 1730,2007,1870,1841
1836: 1766,933
2619: 1926,2578,977,1867,1899
2580: 2072,2021,2594,1939
2604: 2652,2490,503,2671
1843: 1917,1922,1919,1910,1890,1877,1844
1936: 1967
1846: 1772,1802,531,1791,1988,442,452,1729,1928,1785,478
1847: 1778,1781,409,1818,1978,525
1848: 575,1920,1887,1912
2234: 2159,2283,2323,2312,2253,2244,2240,2381,2347,2246,2107,2150,2185,2342,2094,2339,2282,2337,2110,2182,1994,2186,2183,2187,2181,2149,2258,2204,2184,2272,2091,2140,2201,2261
1853: 1606,1871,1810,2583,1736
1855: 991,506,409,1984
2133: 2092,2037,2064,2093,2144,2160,1982,2163,2062,2175,2182,1994,2188,2186,2183,2187,2113,2134,2012,2176,2127,2170,2054,2080,2063,2108
1920: 1823,1940,1921,1948,1864,575,1848,1922,1919
1863: 1807,1870,1841,1970
1864: 1948,1823,1940,1921,1920,1922,1919
1899: 2578,977,2582,2619,1926,2599,2632,2562,2600,2598
1987: 2003,1966,2030,2036,1995
2127: 2012,2176,2170,2175,2182,1994,2188,2186,2183,2187,2181,2149,2258,2204,2184,2133,2064,2076,2045,2115,2049,2108,2090,2075
1870: 1841,1730,1834,2007,1863,1807
1871: 2489,1830,1882,1907,2554,927,1853,1606
1872: 1887,1912,575,1874,2540
2002: 2277,2193,2405,2404,2382,2089,2345,2338,2275,2332,2395,2391,2066,2281,2280,2139,2279,2237,2132,2191,2196,2335,2271
1875: 1750,1574
1876: 1803,2057,2004,534,1877,1844
1877: 1844,1843,1910,1803,1876,1769,1771
2615: 2659,2664,560
1882: 2489,1830,1907,1874,2540,2486,2504,1914,1884,2554,927,1871
1883: 1886,502,1979,569,995
1884: 2486,2504,1914,1951,2541,1933,2501,2489,1830,1882,1907,2554,927
1886: 502,1991,2189,2255,1913,1979,1867,995,1883
1887: 1912,575,1848,1872
1888: 1737,925,974
1951: 2541,2559,2528,2516,2650,1933,2560,2539,2501,2486,2504,1914,1884
2533: 2569,2511,2597
2585: 2573,2543,2398,2285,2592,2495,2514,2601,2574,2627,2590
2684: 2662,2633,2661,2674,2614,2663
1948: 1864,1823,1921,1920,1922,1919
1970: 1760,1797,1863,1807,1788,930,545
1898: 1775
2653: 2151,2450,472
2222: 2524,2484,2530,2548,2434,2487,2429,2480,2477,2456,2485,2466,2431,2402,2461,2376,2417
2311: 2331,2267,2214,2218,2289,2365,2265,2263,2409,915,2262,2309,2308,2016,2238,2330,2374,2215,2351,2299,2024,2333,2251,2131,2250,2219,2288,2252,2312,2300,2253,2216,2244
2582: 2618,1899,2567,2599,2632,2603,2562,2600,2598
2666: 2651,2660,2690,2686,2685,2576,2667,2606,2633,2639
2522: 2471,2555,2483,2484,2530,2548,2430,2547,2556,2481,2482,2460,2458,1989,2303,2179
1907: 2489,1830,1882,1874,2540,2486,2504,1914,1884,2554,927,1871
2686: 2685,2576,2651,2666
1910: 1890,1843,1917,2057,1877,1844
2064: 2133,2092,2037,2093,2160,2163,2062,2175,2182,1994,2188,2186,2183,2187,2113,2134,2012,2176,2127,2170,2080,2063,2049,2108
1912: 1887,575,1848,1872
1913: 2189,2255,2579,2602,1991,1886,502,2578,977,1867,995
1914: 2486,2504,1884,1951,2541,1933,2560,2539,2501,2489,1882,1907,2508,2688,2691,927
1915: 2496,927,2631
2400: 2178,2055,2315,2313,2306,2301,2305,2307,2432,2320,2415,2356,2403,2406,2357,2158,2414,2355,2389,2304,2367,2319,2341,2420,2156,2321,2314,2190,2346,2231,2270,2318,2316,2180,2317,2205,2353,1961,2112
1921: 444,1974,1998,2027,1823,1940,1986,1920,1948,1864
1922: 1919,1920,1948,1864,1843,1917
2034: 2101
1989: 2460,2458,2303,2471,2522,2430,2547,2556,2481,2482,2179,2168,2459,2399,2479,2306,2301,2305,2307
1950: 2067
2061: 2018,2036,1995
1928: 1785,478,1788,1846,1729,545
1972: 1963,1942,2015,946,444
2559: 2528,1951,2541,2516,2650,2681,1933,2560,2539,2501
2583: 1853,1606,1810,1736,1751,1776
2031: 1976,2212,2366,2213,2207,2211,2165,2349
1933: 2560,2539,2501,2559,2528,1951,2541,2516,2650,2681,2486,2504,1914,1884,2649,2668,2508,2688,2691
2588: 2601,2469,2587,2635
2090: 2075,2012,2127,2170,2076,2045,2115,2049,2108,1966,2030
1940: 1823,444,1974,1941,1965,1921,1920,1864
1941: 1965,569,1823,1940
1942: 1963,1972,2015,946,444
1995: 2036,1987,2003,2061,2018
2125: 2542
2670: 2669,2635,2490,503,2625,931,2589
1947: 2116,1985
1953: 1825
2113: 2134,2135,2077,2147,2143,2093,2144,2160,1982,2163,2062,2137,2133,2092,2037,2064,2114,2054,2080,2063
1955: 1986,2020,1999,524,2059,2033
2012: 2176,2127,2170,2175,2182,1994,2188,2186,2183,2187,2149,2258,2204,2184,2133,2092,2037,2064,2076,2045,2115,2063,2049,2108,2090,2075
2147: 2135,2077,2143,2167,2202,2142,2278,2122,2169,2120,2093,2144,2160,1982,2228,2038,2227,2229,2137,2113,2134
1960: 1776,507,1736,1751,1756,1819
1961: 2226,2155,2353,2235,2112,2178,2055,2315,2313,2400,2319,2341,2420,2156,2322,2321,2314,2308,2016,2154,2238,2318,2316,2180,2317,2205,2225,2202,2142,2278,2177,2248
1997: 2208,2359,2384,2105,2445,2383,2166,2385,2302,2367,2348,2233,2190,2346,2231,2270,2213,2207,2211,2210,2167
1963: 1942,1972,2015,946,444
1986: 1998,2027,590,1921,2020,1999,524,1955,2059,2033
1965: 1941,569,1823,1940
1966: 2030,2049,2108,2090,2075,1987,2003
1967: 1936
1976: 2031,2212,2366,2213,2207,2211,2165,2349
1977: 2039,2057,2004,534
1978: 1818,1778,1847,1798,1740
1979: 1991,1886,502,569,995,1883
1991: 966,2189,2255,1913,1886,502,1979
1992: 2073
2020: 1999,524,1998,590,1986,1955,2059,2033
1994: 2182,2188,2186,2183,2187,2247,2259,2256,2162,2138,2107,2150,2185,2234,2159,2283,2323,2163,2062,2175,2181,2149,2258,2204,2184,2133,2064,2012,2127,2170,2045
1998: 2027,1974,1921,1986,2020,1999
1999: 2020,524,1998,590,1986,1955,2059,2033
2055: 2178,2315,2313,2400,2306,2301,2305,2307,2432,2320,2415,2356,2403,2406,2357,2158,2355,2389,2304,2367,2319,2156,2321,2314,2190,2346,2231,2270,2318,2316,2180,2317,2205,2353,1961
2030: 1966,2049,2108,2090,2075,1987,2003
2003: 1987,1966,2030,2036,1995
2004: 534,1977,2039,2057,1803,1876
2108: 2049,2133,2092,2037,2064,2012,2176,2127,2170,2076,2115,2063,2090,2075,2065,1966,2030
2006: 2068
2007: 1730,1834,586,1870,1841
2162: 2247,2259,2248,2256,2129,2138,2235,2225,2131,2250,2249,2252,2122,2169,2177,2130,2107,2150,2185,2093,2144,2160,1982,2163,2062,2175,2182,1994,2188,2186,2183,2187
2105: 2208,2359,1997,2384,2445,2443,2383,2166,2385,2302,2389,2304,2367,2348,2233,2190,2346,2231,2270,2210,2167
2026: 2119
2011: 2065,2054,2080,2063,2052,2029,946
2347: 2240,2381,2245,2246,2215,2351,2243,2044,2241,2253,2244,2404,2344,2408,2234,2159,2283,2323,2094,2339,2282,2337,2110,2089,2345,2338,2275
2591: 
2015: 1963,1942,1972,946
2016: 2309,2308,2154,2238,2330,2357,2158,2414,2355,2310,2379,2419,2416,2365,2378,2265,915,2319,2341,2420,2156,2322,2321,2314,2331,2267,2214,2311,2218,2289,2226,2155,1961,2225,2251,2131,2250,2249,2219,2288,2252
2018: 2061,2036,1995,590
2611: 2658,2612,2682,2630,2610,2657,2642,2683,2687,2675,2646,2689,2638,2679,2678,2680,1858,1820
2021: 2594,1939,2580,2563,2623,2579,2602
2057: 1977,2039,1910,1890,2004,534,1803,1876
2639: 2666,2667,2606,2661,2663,2658,2612,2682,2630
2024: 2374,2215,2351,2299,2333,2263,2409,915,2262,2331,2267,2214,2311,2218,2289,2243,2325,2044,2219,2288,2252,2312,2300,2253,2216,2244,2246
2027: 1998,1974,1921,1986
2146: 2274
2029: 2052,2121,2099,2114,2054,2080,2063,2065,2011,946
2442: 2565,589,2551,2407
2036: 1995,1987,2003,2061,2018
2037: 2133,2092,2064,2093,2144,2160,1982,2163,2062,2175,2188,2113,2134,2012,2176,2054,2080,2063,2049,2108
2038: 2228,2227,2229,2164,2104,2103,2120,2077,2147,2137,2121,2099,2114
2039: 1977,2057,2004,534
2040: 2394,2262,2465,1671,2364,1701,2410,2392,1700,2454,2334,2266,2263,2409,915,2293,2362,2217,2361,2267,2374,2215,2299,2333,2243,2325
2289: 2331,2267,2214,2311,2218,2365,2265,915,2309,2308,2016,2154,2238,2330,2024,2333,2225,2251,2131,2250,2249,2219,2288,2252,2312,2300,2216
2043: 2236,568,2272,2091,2140,2201,2280,2139,2237,2132,2260,2199,2098,2042
2044: 2243,2325,2241,2394,2262,2293,2292,2439,2374,2215,2351,2299,2024,2046,2386,2324,2253,2216,2244,2240,2381,2245,2347,2246,2344,2408
2045: 2076,2115,2182,1994,2188,2186,2183,2187,2181,2149,2258,2204,2184,2272,2091,2140,2201,2261,2012,2127,2170,2090,2075
2651: 2686,2685,2576,2666
2346: 2190,2231,2270,2383,2166,2385,2302,2389,2304,2367,2055,2400,2208,2359,1997,2384,2105,2318,2316,2180,2317,2210,2167,2202,2278
2049: 2108,2092,2037,2064,2012,2176,2127,2170,2076,2115,2063,2090,2075,2065,1966,2030
2050: 2087,583
2232: 2164,2104,2103,2213,2207,2211,2210,2167,2120,2227,2229
2052: 2029,2121,2099,2114,2054,2080,2063,2065,2011,946
2053: 1973
2054: 2080,2137,2113,2134,2133,2092,2037,2121,2099,2114,2063,2052,2029,2065,2011
2059: 2033,1986,2020,1999,524,1955
2190: 2346,2231,2270,2302,2389,2304,2367,2178,2055,2315,2313,2400,2208,2359,1997,2105,2318,2316,2180,2317,2205,2210,2167,2202,2142,2278
2062: 2163,2175,2122,2169,2177,2130,2247,2259,2248,2256,2162,2129,2138,2107,2185,2093,2144,2160,1982,2182,1994,2188,2186,2183,2113,2134,2133,2092,2037,2064,2176
2063: 2113,2134,2133,2092,2037,2064,2012,2176,2054,2080,2049,2108,2052,2029,2065,2011
2065: 2011,2054,2080,2063,2049,2108,2052,2029,946
2066: 2332,2395,2391,2277,2193,2002,2405,2422,2474,2132,2191,2196,2335,2271
2067: 1950
2068: 2006
2680: 2638,2679,2678,945,2657,2642,2683,2687,2611
2070: 2336
2575: 2627,2590,1323,1454,2672,503
2072: 2223,940,2580
2073: 1992
2074: 2141,2098,2042,2145,2198
2075: 2090,2012,2127,2170,2076,2045,2115,2049,2108,1966,2030
2077: 2135,2147,2143,2142,2122,2169,2120,2144,2160,1982,2228,2038,2227,2229,2137,2113,2134
2144: 2093,2160,1982,2202,2142,2278,2122,2169,2177,2130,2259,2248,2256,2162,2129,2138,2135,2077,2147,2143,2163,2062,2175,2113,2134,2133,2037
2103: 2164,2232,2104,2213,2207,2211,2210,2167,2120,2228,2038,2227,2229
2087: 2050,583
2521: 2370,916,434
2089: 2345,2338,2275,2240,2381,2245,2347,2404,2094,2339,2282,2337,2110,2277,2193,2002,2405,2272,2091,2140,2201,2261,2281,2280,2139,2279,2237,2132,2191,2196
2091: 2272,2140,2201,2261,2234,2159,2323,2094,2339,2282,2337,2110,2089,2345,2338,2181,2149,2258,2204,2184,2281,2280,2139,2279,2237,2076,2045,2115,2043,568
2092: 2133,2037,2064,2093,2160,2163,2062,2175,2188,2113,2134,2012,2176,2170,2054,2080,2063,2049,2108
2093: 2144,2160,1982,2122,2169,2177,2130,2259,2256,2162,2138,2135,2147,2143,2163,2062,2175,2113,2134,2133,2092,2037,2064
2094: 2342,2339,2282,2337,2110,2253,2244,2240,2381,2245,2347,2246,2404,2344,2408,2234,2159,2323,2089,2345,2338,2275,2181,2258,2272,2091,2140,2201,2261,2281,2280,2139,2279,2237
2095: 2570,2121,2099
2096: 2290,585
2097: 2161,2260,2199,2329,2197,2254,2145,2198
2098: 2042,2043,2236,568,2260,2199,2145,2198,2141,2074
2099: 2121,2114,2228,2038,2227,2229,2137,2054,2080,2095,2570,2052,2029
2101: 2034
2641: 2572,2624,2593,2631,1717
2202: 2142,2278,2190,2346,2231,2270,2318,2316,2180,2317,2205,2353,1961,2235,2112,2167,2122,2169,2177,2130,2120,2147,2143,2144
2110: 2342,2094,2339,2282,2337,2253,2216,2244,2240,2381,2245,2347,2246,2234,2159,2283,2323,2089,2345,2338,2275,2181,2258,2184,2272,2091,2261
2201: 2272,2091,2140,2261,2234,2094,2339,2282,2337,2089,2345,2338,2181,2149,2258,2204,2281,2280,2139,2279,2237,2076,2045,2115,2043,2236,568
2112: 2226,2155,2353,1961,2235,2178,2315,2313,2400,2319,2341,2156,2321,2314,2154,2238,2318,2316,2180,2317,2205,2225,2202,2142,2278,2122,2169,2177,2130,2248,2129
2114: 2121,2099,2228,2038,2227,2229,2137,2113,2134,2054,2080,2052,2029
2115: 2076,2045,2187,2181,2149,2258,2204,2272,2091,2140,2201,2012,2127,2170,2049,2108,2090,2075
2116: 1985,1947
2117: 2206,916,434
2119: 2026
2120: 2210,2167,2202,2142,2278,2164,2232,2104,2103,2135,2077,2147,2143,2228,2038,2227
2121: 2099,2114,2228,2038,2227,2137,2134,2054,2080,2095,2570,2052,2029
2122: 2169,2177,2130,2318,2316,2180,2317,2205,2353,2235,2112,2225,2202,2142,2278,2248,2256,2162,2129,2135,2077,2147,2143,2093,2144,2160,1982,2163,2062
2123: 2586,572
2238: 2309,2308,2016,2154,2330,2357,2355,2310,2419,2365,2265,915,2319,2341,2420,2156,2322,2321,2314,2331,2214,2311,2218,2289,2226,2155,2353,1961,2235,2112,2225,2251,2131,2250,2249,2219,2288,2252
2129: 2247,2259,2248,2256,2162,2138,2226,2155,2353,2235,2112,2225,2251,2131,2250,2249,2219,2288,2252,2312,2122,2169,2177,2130,2107,2150,2185,2144,2163,2062,2175,2183
2130: 2122,2169,2177,2205,2235,2112,2225,2249,2202,2142,2278,2247,2259,2248,2256,2162,2129,2138,2135,2143,2093,2144,2160,1982,2163,2062,2175
2131: 2225,2251,2250,2249,2341,2420,2156,2322,2309,2308,2016,2154,2238,2330,2331,2214,2311,2218,2289,2226,2155,2235,2219,2288,2252,2312,2300,2177,2247,2248,2256,2162,2129,2138,2107,2150
2134: 2113,2135,2077,2147,2143,2093,2144,2160,1982,2163,2062,2137,2133,2092,2037,2064,2121,2114,2054,2080,2063
2135: 2077,2147,2143,2142,2122,2169,2177,2130,2120,2093,2144,2160,1982,2137,2113,2134
2258: 2181,2149,2204,2184,2107,2150,2185,2234,2159,2283,2323,2094,2339,2282,2337,2110,2182,1994,2188,2186,2183,2187,2272,2091,2140,2201,2261,2012,2127,2170,2076,2045,2115
2137: 2135,2077,2147,1982,2228,2038,2227,2229,2113,2134,2121,2099,2114,2054,2080
2138: 2247,2259,2248,2256,2162,2129,2225,2131,2250,2249,2252,2312,2169,2177,2130,2107,2150,2185,2093,2144,2160,2163,2062,2175,2182,1994,2188,2186,2183,2187
2139: 2281,2280,2279,2237,2094,2339,2282,2337,2089,2345,2338,2275,2193,2002,2272,2091,2140,2201,2261,2132,2191,2196,2043,2236,568,2260,2199,2197
2140: 2272,2091,2201,2261,2234,2094,2339,2282,2337,2089,2345,2338,2181,2258,2204,2281,2280,2139,2279,2237,2045,2115,2043,2236,568
2141: 2074,2098,2042,2145,2198
2142: 2202,2278,2190,2270,2318,2316,2180,2317,2205,2155,2353,1961,2235,2112,2167,2122,2169,2177,2130,2120,2135,2077,2147,2143,2144,2160,1982
2148: 2224,2498,2499,926
2149: 2181,2258,2204,2184,2107,2150,2185,2234,2159,2283,2323,2282,2337,2182,1994,2188,2186,2183,2187,2272,2091,2201,2261,2012,2127,2170,2076,2045,2115
2150: 2107,2185,2251,2131,2250,2249,2219,2288,2252,2312,2300,2253,2216,2244,2247,2259,2248,2256,2162,2129,2138,2234,2159,2283,2323,2175,2182,1994,2188,2186,2183,2187,2181,2149,2258,2184
2151: 2653,2450,472
2152: 2433,2512,2427,2487,2429,2480,2477,2456,2485,2377,2476,2475,2523,2461,2376,2417,2157,2465,2364,2357,2352,2414,2355,2310,2379,2419,2416,2365,2378,2265,915
2377: 2476,2475,2523,2487,2429,2480,2477,2456,2485,853,1677,2461,2376,2417,2157,2433,2512,2152,2427,2465,2364
2154: 2309,2308,2016,2238,2330,2357,2158,2355,2310,2419,2365,2265,915,2319,2341,2420,2156,2322,2321,2314,2331,2214,2218,2289,2226,2155,2353,1961,2235,2112,2225,2251,2131,2250,2249,2219,2288,2252
2155: 2226,2353,1961,2235,2112,2178,2315,2313,2319,2341,2420,2156,2322,2321,2314,2309,2308,2016,2154,2238,2330,2318,2316,2180,2317,2205,2225,2251,2131,2250,2249,2142,2278,2177,2247,2248,2129
2156: 2319,2341,2420,2322,2321,2314,2320,2356,2406,2357,2158,2352,2414,2355,2310,2419,2365,2265,2178,2055,2315,2313,2400,2309,2308,2016,2154,2238,2330,2318,2316,2180,2205,2226,2155,2353,1961,2235,2112,2225,2251,2131
2157: 2461,2376,2417,2487,2429,2480,2477,2456,2485,2377,2475,2466,2431,2402,2433,2512,2152,2427,2415,2356,2357,2158,2352,2414,2355,2310,2379,2419,2416,2365,2378,2265
2158: 2357,2352,2414,2355,2310,2379,2466,2431,2402,2461,2376,2417,2157,2432,2320,2415,2356,2403,2406,2419,2416,2365,2378,2265,2178,2055,2315,2313,2400,2319,2341,2420,2156,2322,2321,2314,2308,2016,2154
2159: 2234,2283,2323,2312,2300,2253,2216,2244,2240,2347,2246,2107,2150,2185,2094,2339,2282,2337,2110,2182,1994,2186,2183,2187,2181,2149,2258,2184,2272,2091,2261
2160: 2093,2144,1982,2142,2122,2169,2177,2130,2259,2248,2256,2162,2138,2135,2077,2147,2143,2163,2062,2175,2113,2134,2133,2092,2037,2064
2161: 2097,2260,2199,2329,2197,2254,2145,2198
2164: 2232,2104,2103,2213,2207,2211,2210,2120,2228,2038,2227,2229
2165: 2349,2212,2031,1976
2166: 2383,2385,2302,2168,2399,2479,2306,2301,2305,2307,2445,2443,2389,2304,2367,2348,2233,2208,2359,1997,2384,2105,2346,2231
2167: 2208,2359,1997,2384,2105,2190,2346,2231,2270,2318,2316,2180,2317,2205,2210,2202,2142,2278,2232,2104,2103,2120,2147,2143
2168: 2556,2481,2482,2460,2458,1989,2459,2399,2479,2445,2443,2383,2166,2385,2302
2169: 2122,2177,2130,2318,2316,2180,2317,2205,2353,2235,2112,2225,2202,2142,2278,2247,2259,2248,2256,2162,2129,2138,2135,2077,2147,2143,2093,2144,2160,1982,2163,2062
2170: 2012,2176,2127,2175,2182,1994,2188,2186,2183,2187,2181,2149,2258,2204,2184,2133,2092,2064,2076,2045,2115,2049,2108,2090,2075
2406: 2432,2320,2415,2356,2403,2466,2431,2402,2461,2417,2306,2301,2305,2307,2357,2158,2352,2414,2355,2310,2389,2304,2367,2178,2055,2315,2313,2400,2319,2341,2420,2156,2322,2321,2314
2658: 2639,2674,2614,2612,2682,2630,945,2673,2657,2642,2683,2687,2675,2611
2173: 512,2358
2174: 2455,2396
2175: 2163,2062,2130,2259,2248,2256,2162,2129,2138,2107,2150,2185,2093,2144,2160,2182,1994,2188,2186,2183,2187,2133,2092,2037,2064,2012,2176,2127,2170
2176: 2012,2127,2170,2163,2062,2175,2182,2188,2186,2187,2133,2092,2037,2064,2063,2049,2108
2177: 2122,2169,2130,2318,2316,2180,2317,2205,2226,2155,2353,1961,2235,2112,2225,2131,2250,2249,2202,2142,2278,2247,2259,2248,2256,2162,2129,2138,2135,2143,2093,2144,2160,1982,2163,2062
2178: 2055,2315,2313,2400,2305,2307,2320,2356,2406,2357,2158,2414,2355,2389,2304,2319,2341,2420,2156,2322,2321,2314,2190,2270,2318,2316,2180,2317,2205,2226,2155,2353,1961,2235,2112
2179: 2471,2522,2484,2530,2548,2434,2430,2547,2524,2460,2458,1989,2303,2466,2431,2402,2459,2479,2306,2301,2305,2307,2432,2403
2180: 2318,2316,2317,2205,2389,2304,2367,2178,2055,2315,2313,2400,2319,2156,2321,2314,2190,2346,2231,2270,2226,2155,2353,1961,2235,2112,2167,2202,2142,2278,2122,2169,2177
2181: 2149,2258,2204,2184,2107,2150,2185,2234,2159,2283,2323,2094,2339,2282,2337,2110,2182,1994,2188,2186,2183,2187,2272,2091,2140,2201,2261,2127,2170,2076,2045,2115
2182: 1994,2188,2186,2183,2187,2259,2256,2162,2138,2107,2150,2185,2234,2159,2283,2323,2163,2062,2175,2181,2149,2258,2204,2184,2133,2064,2012,2176,2127,2170,2045
2183: 2182,1994,2188,2186,2187,2247,2259,2248,2256,2162,2129,2138,2107,2150,2185,2234,2159,2283,2323,2163,2062,2175,2181,2149,2258,2204,2184,2133,2064,2012,2127,2170,2045
2184: 2181,2149,2258,2204,2107,2150,2185,2234,2159,2283,2323,2282,2337,2110,2182,1994,2188,2186,2183,2187,2272,2091,2261,2012,2127,2170,2045
2185: 2107,2150,2250,2249,2252,2312,2247,2259,2248,2256,2162,2129,2138,2234,2159,2283,2323,2163,2062,2175,2182,1994,2188,2186,2183,2187,2181,2149,2258,2184
2186: 2182,1994,2188,2183,2187,2259,2256,2162,2138,2107,2150,2185,2234,2159,2283,2323,2163,2062,2175,2181,2149,2258,2204,2184,2133,2064,2012,2176,2127,2170,2045
2187: 2182,1994,2188,2186,2183,2259,2162,2138,2107,2150,2185,2234,2159,2283,2323,2175,2181,2149,2258,2204,2184,2133,2064,2012,2176,2127,2170,2076,2045,2115
2188: 2182,1994,2186,2183,2187,2259,2256,2162,2138,2107,2150,2185,2323,2163,2062,2175,2181,2149,2258,2204,2184,2133,2092,2037,2064,2012,2176,2127,2170,2045
2189: 2255,1913,2579,2602,1991,1886,502,977,1867
2191: 2132,2196,2089,2345,2338,2275,2277,2193,2002,2405,2332,2395,2391,2066,2281,2280,2139,2279,2237,2335,2271,568,2260,2199,2329,2197
2683: 2657,2642,2687,2675,2674,2614,2658,2612,2682,2630,945,2673,2611,2638,2679,2678,2680
2193: 2277,2002,2405,2404,2382,2089,2345,2338,2275,2332,2395,2391,2066,2281,2280,2139,2279,2237,2132,2191,2196,2335,2271
2344: 2404,2408,2243,2325,2044,2241,2046,2386,2324,2242,2425,2423,2424,2240,2381,2245,2347,2246,2382,2094,2339,2345,2338,2275,2405
2195: 2435,2544,2451,2340,2437,540,2332,2391,2422,2474
2196: 2132,2191,2089,2345,2338,2275,2277,2193,2002,2405,2332,2395,2391,2066,2281,2280,2139,2279,2237,2335,2271,568,2260,2199,2329,2197
2197: 2260,2199,2329,2281,2139,2279,2237,2132,2191,2196,2335,2271,2236,568,2161,2097
2198: 2145,2260,2199,2329,2098,2042,2161,2097,2141,2074
2199: 2260,2329,2197,2281,2139,2279,2237,2132,2191,2196,2335,2271,2043,2236,568,2098,2042,2145,2198,2161,2097
2343: 2436,2519,2287
2203: 2393,576
2204: 2181,2149,2258,2184,2234,2323,2337,2182,1994,2188,2186,2183,2187,2272,2091,2140,2201,2261,2012,2127,2170,2076,2045,2115
2205: 2318,2316,2180,2317,2178,2055,2315,2313,2400,2319,2341,2156,2321,2314,2190,2231,2270,2226,2155,2353,1961,2235,2112,2167,2202,2142,2278,2122,2169,2177,2130
2206: 2117,916,434
2207: 2213,2211,2426,2348,2233,2208,2359,1997,2366,2210,2031,1976,2164,2232,2104,2103
2208: 2359,1997,2384,2105,2445,2383,2166,2385,2302,2389,2304,2367,2348,2233,2190,2346,2231,2270,2213,2207,2211,2210,2167
2209: 2446,2448,2447,588,455
2210: 2348,2233,2208,2359,1997,2105,2190,2346,2231,2213,2207,2211,2167,2164,2232,2104,2103,2120
2211: 2213,2207,2426,2348,2233,2208,2359,1997,2366,2210,2031,1976,2164,2232,2104,2103
2212: 2426,2418,2366,2165,2349,2031,1976
2213: 2207,2211,2426,2348,2233,2208,2359,1997,2384,2366,2210,2031,1976,2164,2232,2104,2103
2214: 2331,2267,2311,2218,2289,2365,2265,2263,2409,915,2309,2308,2016,2154,2238,2330,2374,2215,2351,2299,2024,2333,2225,2251,2131,2250,2249,2219,2288,2252,2312,2300,2253,2216,2244
2215: 2374,2351,2299,2024,2333,2409,915,2394,2262,2040,2293,2331,2267,2214,2311,2243,2325,2044,2241,2219,2288,2312,2300,2253,2216,2244,2240,2381,2245,2347,2246
2216: 2253,2244,2331,2267,2214,2311,2218,2289,2374,2215,2351,2299,2024,2333,2243,2325,2044,2219,2288,2252,2312,2300,2240,2246,2107,2150,2159,2283,2110
2217: 2293,2362,2361,2410,2392,2454,2334,2266,2373,2505,2363,2411,2394,2262,2040,2292,2439,2374,2243,2325,2241,2324
2218: 2331,2267,2214,2311,2289,2419,2416,2365,2378,2265,2263,2409,915,2309,2308,2016,2154,2238,2330,2374,2299,2024,2333,2225,2251,2131,2250,2219,2288,2252,2300,2216
2219: 2288,2252,2312,2300,2309,2308,2016,2154,2238,2330,2331,2267,2214,2311,2218,2289,2215,2351,2024,2333,2225,2251,2131,2250,2249,2253,2216,2244,2247,2248,2129,2107,2150,2283
2353: 2226,2155,1961,2235,2112,2178,2055,2315,2313,2400,2319,2341,2420,2156,2322,2321,2314,2308,2154,2238,2318,2316,2180,2317,2205,2225,2202,2142,2278,2122,2169,2177,2248,2129
2223: 2072,940
2224: 2148,2498,2499
2225: 2251,2131,2250,2249,2319,2341,2420,2156,2322,2321,2314,2309,2308,2016,2154,2238,2330,2331,2214,2218,2289,2226,2155,2353,1961,2235,2112,2219,2288,2252,2312,2122,2169,2177,2130,2247,2259,2248,2256,2162,2129,2138,2107
2226: 2155,2353,1961,2235,2112,2178,2315,2313,2319,2341,2420,2156,2322,2321,2314,2309,2308,2016,2154,2238,2330,2318,2316,2180,2205,2225,2251,2131,2250,2249,2177,2247,2248,2129
2227: 2228,2038,2229,2164,2232,2104,2103,2120,2077,2147,2137,2121,2099,2114
2228: 2038,2227,2229,2164,2104,2103,2120,2077,2147,2137,2121,2099,2114
2229: 2228,2038,2227,2164,2232,2104,2103,2077,2147,2137,2099,2114
2437: 2340,2242,2425,2423,2544,2451,2382,2435,2195,2277,2405,2332,2391,2422
2231: 2190,2346,2270,2383,2166,2385,2302,2389,2304,2367,2055,2400,2208,2359,1997,2384,2105,2318,2316,2180,2317,2205,2210,2167,2202,2278
2235: 2226,2155,2353,1961,2112,2178,2313,2319,2341,2156,2321,2314,2154,2238,2318,2316,2180,2317,2205,2225,2251,2131,2250,2249,2202,2142,2278,2122,2169,2177,2130,2247,2248,2256,2162,2129
2236: 2043,568,2140,2201,2280,2139,2237,2132,2260,2199,2329,2197,2098,2042
2237: 2281,2280,2139,2279,2094,2339,2089,2345,2338,2275,2277,2193,2002,2405,2091,2140,2201,2132,2191,2196,2043,2236,568,2260,2199,2329,2197
2599: 2632,2603,2562,2582,1899,2616,2567,2600,2598,2647
2240: 2381,2245,2347,2246,2215,2351,2243,2325,2044,2241,2324,2253,2216,2244,2404,2344,2408,2234,2159,2283,2323,2094,2339,2282,2337,2110,2089,2345,2338,2275
2241: 2243,2325,2044,2394,2262,2293,2362,2217,2361,2292,2439,2374,2215,2351,2299,2046,2386,2324,2244,2240,2381,2245,2347,2246,2344,2408
2242: 2425,2423,2424,2292,2438,2291,2388,2452,2497,2046,2386,2324,2544,2344,2408,2382,2340,2437
2243: 2325,2044,2241,2394,2262,2040,2293,2362,2217,2361,2292,2439,2374,2215,2351,2299,2024,2333,2046,2386,2324,2253,2216,2244,2240,2381,2245,2347,2246,2344,2408
2244: 2253,2216,2331,2214,2311,2374,2215,2351,2299,2024,2243,2325,2044,2241,2219,2288,2312,2300,2240,2381,2245,2347,2246,2107,2150,2234,2159,2283,2323,2094,2339,2282,2337,2110
2245: 2240,2381,2347,2246,2215,2351,2243,2325,2044,2241,2046,2386,2324,2253,2244,2404,2344,2408,2094,2339,2282,2110,2089,2345,2338,2275
2246: 2240,2381,2245,2347,2374,2215,2351,2299,2024,2243,2325,2044,2241,2324,2253,2216,2244,2344,2408,2234,2159,2283,2323,2094,2339,2282,2337,2110,2338,2275
2247: 2259,2248,2256,2162,2129,2138,2226,2155,2235,2225,2251,2131,2250,2249,2219,2288,2252,2312,2300,2169,2177,2130,2107,2150,2185,2163,2062,1994,2183
2248: 2247,2259,2256,2162,2129,2138,2226,2155,2353,1961,2235,2112,2225,2251,2131,2250,2249,2219,2252,2122,2169,2177,2130,2107,2150,2185,2144,2160,2163,2062,2175,2183
2249: 2225,2251,2131,2250,2309,2016,2154,2238,2331,2214,2289,2226,2155,2235,2219,2288,2252,2312,2300,2177,2130,2247,2259,2248,2256,2162,2129,2138,2107,2150,2185
2250: 2225,2251,2131,2249,2341,2309,2308,2016,2154,2238,2330,2331,2214,2311,2218,2289,2226,2155,2235,2219,2288,2252,2312,2300,2177,2247,2259,2248,2256,2162,2129,2138,2107,2150,2185
2251: 2225,2131,2250,2249,2341,2420,2156,2322,2309,2308,2016,2154,2238,2330,2331,2214,2311,2218,2289,2226,2155,2235,2219,2288,2252,2312,2300,2247,2248,2256,2129,2107,2150
2252: 2219,2288,2312,2300,2309,2308,2016,2154,2238,2330,2331,2214,2311,2218,2289,2024,2225,2251,2131,2250,2249,2253,2216,2247,2259,2248,2256,2162,2129,2138,2107,2150,2185,2283
2253: 2216,2244,2331,2214,2311,2215,2351,2024,2243,2325,2044,2219,2288,2252,2312,2300,2240,2381,2245,2347,2246,2107,2150,2234,2159,2283,2323,2094,2339,2282,2337,2110
2254: 2335,2271,2161,2097
2256: 2247,2259,2248,2162,2129,2138,2235,2225,2251,2131,2250,2249,2252,2122,2169,2177,2130,2107,2150,2185,2093,2144,2160,2163,2062,2175,2182,1994,2188,2186,2183
2650: 2516,2681,2559,2528,1951,2541,2648,1933,2560,2539,2501,2649,2668,2508,2688,2691
2259: 2247,2248,2256,2162,2129,2138,2225,2250,2249,2252,2169,2177,2130,2107,2150,2185,2093,2144,2160,2163,2062,2175,2182,1994,2188,2186,2183,2187
2260: 2199,2329,2197,2281,2280,2139,2279,2237,2132,2191,2196,2335,2271,2043,2236,568,2098,2042,2198,2161,2097
2262: 2394,2040,1671,2410,2392,1700,2454,2334,2266,2263,2409,915,2293,2362,2217,2361,2267,2311,2374,2215,2351,2299,2024,2333,2243,2325,2044,2241
2263: 2409,915,2465,1671,2364,2410,2392,1700,2454,2266,2416,2365,2378,2265,2394,2262,2040,2330,2331,2267,2214,2311,2218,2374,2299,2024,2333
2600: 2598,2582,1899,1926,2599,2632,2603,2562,2647,2528
2265: 2419,2416,2365,2378,2376,2157,2433,2152,2465,2364,2357,2158,2352,2414,2355,2310,2379,2263,2409,915,2319,2341,2420,2156,2322,2321,2309,2308,2016,2154,2238,2330,2331,2267,2214,2311,2218,2289
2266: 1701,2410,2392,1700,2454,2334,2488,2464,2268,2463,2462,2465,1671,2263,2409,2394,2262,2040,2293,2362,2217,2361
2267: 2331,2214,2311,2218,2289,2365,2265,2263,2409,915,2394,2262,2040,2309,2308,2016,2330,2374,2215,2351,2299,2024,2333,2219,2288,2300,2216
2268: 2463,2462,2488,2464,2410,2392,1700,2454,2334,2266,2373,2505,2363
2307: 2306,2301,2305,2460,2458,1989,2179,2431,2459,2399,2479,2432,2320,2415,2356,2403,2406,2383,2166,2385,2302,2389,2304,2367,2178,2055,2315,2313,2400
2270: 2190,2346,2231,2302,2389,2304,2367,2178,2055,2315,2313,2400,2208,2359,1997,2105,2318,2316,2180,2317,2205,2167,2202,2142,2278
2271: 2335,2277,2193,2002,2405,2332,2395,2391,2066,2422,2474,2132,2191,2196,2260,2199,2329,2197,2254
2272: 2091,2140,2201,2261,2234,2159,2323,2094,2339,2282,2337,2110,2089,2338,2181,2149,2258,2204,2184,2281,2280,2139,2279,2076,2045,2115,2043,568
2469: 2587,2588,2635
2274: 2146,926
2275: 2089,2345,2338,2240,2381,2245,2347,2246,2404,2344,2408,2382,2094,2339,2282,2337,2110,2277,2193,2002,2405,2261,2281,2280,2139,2279,2237,2191,2196
2669: 2670,2490
2277: 2193,2002,2405,2404,2382,2340,2437,2089,2345,2338,2275,2332,2395,2391,2066,2281,2279,2237,2132,2191,2196,2335,2271
2278: 2202,2142,2190,2346,2231,2270,2318,2316,2180,2317,2205,2155,2353,1961,2235,2112,2167,2122,2169,2177,2130,2120,2147,2143,2144
2279: 2281,2280,2139,2237,2094,2339,2282,2337,2089,2345,2338,2275,2277,2193,2002,2405,2272,2091,2140,2201,2261,2132,2191,2196,568,2260,2199,2329,2197
2280: 2281,2139,2279,2237,2094,2339,2282,2337,2089,2345,2338,2275,2193,2002,2272,2091,2140,2201,2261,2132,2191,2196,2043,2236,568,2260
2282: 2342,2094,2339,2337,2110,2253,2244,2240,2381,2245,2347,2246,2234,2159,2283,2323,2089,2345,2338,2275,2181,2149,2258,2184,2272,2091,2140,2201,2261,2281,2280,2139,2279
2283: 2234,2159,2323,2219,2288,2252,2312,2300,2253,2216,2244,2240,2347,2246,2107,2150,2185,2282,2337,2110,2182,1994,2186,2183,2187,2181,2149,2258,2184,2261
2345: 2089,2338,2275,2240,2381,2245,2347,2404,2344,2382,2094,2339,2282,2337,2110,2277,2193,2002,2405,2091,2140,2201,2261,2281,2280,2139,2279,2237,2132,2191,2196
2285: 2592,2495,2550,2514,2601,2467,2585,2543,2398
2286: 2545,2584
2287: 2519,2343,2436
2288: 2219,2252,2312,2300,2309,2308,2016,2154,2238,2330,2331,2267,2214,2311,2218,2289,2215,2351,2024,2333,2225,2251,2131,2250,2249,2253,2216,2244,2247,2129,2107,2150,2283
2290: 2096,585
2291: 2438,2388,2411,2294,2292,2452,2497,2242,2425,2423,2424
2292: 2439,2373,2505,2363,2411,2293,2362,2217,2361,2438,2291,2388,2243,2325,2044,2241,2046,2386,2324,2242,2424
2293: 2362,2217,2361,2410,2392,2454,2266,2373,2505,2363,2394,2262,2040,2292,2439,2374,2215,2351,2299,2333,2243,2325,2044,2241,2046,2386,2324
2294: 2507,2441,2373,2505,2411,2438,2291,2388,2452,2497
2601: 2514,2467,2550,2285,2585,2573,2543,2398,2588,2574
2543: 2585,2573,2398,2550,2285,2592,2495,2514,2601,2467,2574,2627,2590
2439: 2292,2373,2505,2363,2411,2293,2362,2217,2361,2438,2243,2325,2044,2241,2046,2386,2324,2424
2525: 2371,2396,1790
2299: 2374,2215,2351,2024,2333,2263,2409,915,2394,2262,2040,2293,2331,2267,2214,2311,2218,2243,2325,2044,2241,2300,2216,2244,2246
2300: 2219,2288,2252,2312,2309,2330,2331,2267,2214,2311,2218,2289,2374,2215,2351,2299,2024,2333,2251,2131,2250,2249,2253,2216,2244,2247,2107,2150,2159,2283
2301: 2306,2305,2307,2460,2458,1989,2303,2179,2466,2431,2402,2459,2399,2479,2432,2320,2415,2356,2403,2406,2383,2166,2385,2302,2389,2304,2367,2055,2315,2313,2400
2302: 2383,2166,2385,2168,2459,2399,2479,2306,2301,2305,2307,2445,2443,2389,2304,2367,2348,2233,2208,2359,1997,2384,2105,2190,2346,2231,2270
2303: 2460,2458,1989,2555,2483,2471,2522,2484,2548,2430,2547,2556,2481,2482,2179,2459,2399,2479,2306,2301
2304: 2389,2367,2306,2301,2305,2307,2320,2403,2406,2383,2166,2385,2302,2178,2055,2315,2313,2400,2208,2359,2384,2105,2190,2346,2231,2270,2318,2316,2180,2317
2305: 2306,2301,2307,2460,2458,1989,2179,2431,2459,2399,2479,2432,2320,2415,2356,2403,2406,2383,2166,2385,2302,2389,2304,2367,2178,2055,2315,2313,2400
2306: 2301,2305,2307,2460,2458,1989,2303,2179,2466,2431,2402,2459,2399,2479,2432,2320,2415,2356,2403,2406,2383,2166,2385,2302,2389,2304,2367,2055,2315,2400
2308: 2309,2016,2154,2238,2330,2357,2158,2352,2414,2355,2310,2379,2419,2416,2365,2378,2265,915,2319,2341,2420,2156,2322,2321,2314,2331,2267,2214,2311,2218,2289,2226,2155,2353,1961,2225,2251,2131,2250,2219,2288,2252
2309: 2308,2016,2154,2238,2330,2357,2310,2419,2365,2378,2265,915,2319,2341,2420,2156,2322,2321,2331,2267,2214,2311,2218,2289,2226,2155,2225,2251,2131,2250,2249,2219,2288,2252,2300
2310: 2357,2158,2352,2414,2355,2379,2461,2376,2417,2157,2433,2152,2320,2415,2356,2406,2419,2416,2365,2378,2265,2319,2341,2420,2156,2322,2321,2314,2309,2308,2016,2154,2238,2330
2313: 2178,2055,2315,2400,2301,2305,2307,2320,2356,2403,2406,2357,2158,2355,2389,2304,2367,2319,2341,2420,2156,2322,2321,2314,2190,2270,2318,2316,2180,2317,2205,2226,2155,2353,1961,2235,2112
2314: 2319,2341,2420,2156,2322,2321,2320,2356,2406,2357,2158,2355,2310,2178,2055,2315,2313,2400,2308,2016,2154,2238,2318,2316,2180,2317,2205,2226,2155,2353,1961,2235,2112,2225
2315: 2178,2055,2313,2400,2306,2301,2305,2307,2432,2320,2415,2356,2403,2406,2357,2158,2355,2389,2304,2367,2319,2341,2420,2156,2322,2321,2314,2190,2270,2318,2316,2180,2317,2205,2226,2155,2353,1961,2112
2316: 2318,2180,2317,2205,2389,2304,2178,2055,2315,2313,2400,2319,2341,2156,2321,2314,2190,2346,2231,2270,2226,2155,2353,1961,2235,2112,2167,2202,2142,2278,2122,2169,2177
2317: 2318,2316,2180,2205,2389,2304,2367,2178,2055,2315,2313,2400,2319,2321,2314,2190,2346,2231,2270,2155,2353,1961,2235,2112,2167,2202,2142,2278,2122,2169,2177
2318: 2316,2180,2317,2205,2389,2304,2367,2178,2055,2315,2313,2400,2319,2341,2420,2156,2321,2314,2190,2346,2231,2270,2226,2155,2353,1961,2235,2112,2167,2202,2142,2278,2122,2169,2177
2319: 2341,2420,2156,2322,2321,2314,2432,2320,2415,2356,2403,2406,2357,2158,2352,2414,2355,2310,2379,2419,2365,2265,2178,2055,2315,2313,2400,2309,2308,2016,2154,2238,2318,2316,2180,2317,2205,2226,2155,2353,1961,2235,2112,2225
2320: 2432,2415,2356,2403,2406,2431,2461,2417,2306,2301,2305,2307,2357,2158,2352,2414,2355,2310,2389,2304,2367,2178,2055,2315,2313,2400,2319,2341,2420,2156,2322,2321,2314
2322: 2319,2341,2420,2156,2321,2314,2320,2415,2356,2406,2357,2158,2352,2414,2355,2310,2379,2419,2416,2365,2378,2265,2178,2315,2313,2309,2308,2016,2154,2238,2330,2226,2155,2353,1961,2225,2251,2131
2323: 2234,2159,2283,2312,2253,2244,2240,2347,2246,2107,2150,2185,2094,2339,2282,2337,2110,2182,1994,2188,2186,2183,2187,2181,2149,2258,2204,2184,2272,2091,2261
2324: 2046,2386,2293,2362,2217,2361,2292,2439,2243,2325,2044,2241,2242,2425,2423,2424,2240,2381,2245,2246,2344,2408,2382
2325: 2243,2044,2241,2394,2262,2040,2293,2362,2217,2361,2292,2439,2374,2215,2351,2299,2024,2333,2046,2386,2324,2253,2216,2244,2240,2381,2245,2246,2344,2408
2523: 2377,2476,2475,2487,2429,2480,2477,2456,2485,853,1677,2376,2433,2512,2152,2427,2465,2364
2407: 589,2442,2551,2596,2655,1341,1477
2567: 2616,2656,2582,2599,2632,2603,2562,2637,2613
2329: 2260,2199,2197,2281,2279,2237,2132,2191,2196,2335,2271,2236,568,2198,2161,2097
2330: 2309,2308,2016,2154,2238,2357,2310,2379,2419,2416,2365,2378,2265,2263,2409,915,2341,2420,2156,2322,2331,2267,2214,2311,2218,2289,2226,2155,2225,2251,2131,2250,2219,2288,2252,2300
2331: 2267,2214,2311,2218,2289,2365,2265,2263,2409,915,2309,2308,2016,2154,2238,2330,2374,2215,2351,2299,2024,2333,2225,2251,2131,2250,2249,2219,2288,2252,2312,2300,2253,2216,2244
2332: 2395,2391,2066,2340,2437,2435,2195,2277,2193,2002,2405,2422,2474,2191,2196,2335,2271
2333: 2374,2215,2351,2299,2024,2263,2409,915,2394,2262,2040,2293,2331,2267,2214,2311,2218,2289,2243,2325,2219,2288,2300,2216
2334: 1701,2410,2392,1700,2454,2266,853,1677,2488,2464,2268,2463,2462,2465,1671,2394,2262,2040,2362,2217,2361
2335: 2271,2277,2193,2002,2405,2332,2395,2391,2066,2422,2474,2132,2191,2196,2260,2199,2329,2197,2254
2336: 2070
2337: 2342,2094,2339,2282,2110,2253,2244,2240,2381,2347,2246,2234,2159,2283,2323,2089,2345,2338,2275,2181,2149,2258,2204,2184,2272,2091,2140,2201,2261,2281,2280,2139,2279
2338: 2089,2345,2275,2240,2381,2245,2347,2246,2404,2344,2408,2382,2342,2094,2339,2282,2337,2110,2277,2193,2002,2405,2272,2091,2140,2201,2261,2281,2280,2139,2279,2237,2132,2191,2196
2339: 2342,2094,2282,2337,2110,2253,2244,2240,2381,2245,2347,2246,2404,2344,2408,2234,2159,2323,2089,2345,2338,2275,2181,2258,2272,2091,2140,2201,2261,2281,2280,2139,2279,2237
2340: 2437,2242,2425,2423,2544,2451,2382,2435,2195,2277,2405,2332,2391
2341: 2319,2420,2156,2322,2321,2314,2320,2356,2406,2357,2158,2352,2414,2355,2310,2379,2419,2365,2265,2178,2315,2313,2400,2309,2308,2016,2154,2238,2330,2318,2316,2205,2226,2155,2353,1961,2235,2112,2225,2251,2131,2250
2342: 2094,2339,2282,2337,2110,2234,2338,2261
2348: 2233,2445,2443,2383,2166,2385,2302,2426,2418,2208,2359,1997,2384,2105,2366,2213,2207,2211,2210
2349: 2165,2212,2031,1976
2350: 1773,2545,2584,589,2449,2595,918,2551,2596,2655
2351: 2374,2215,2299,2024,2333,2394,2262,2293,2331,2267,2214,2311,2243,2325,2044,2241,2219,2288,2312,2300,2253,2216,2244,2240,2381,2245,2347,2246
2352: 2357,2158,2414,2355,2310,2379,2466,2431,2402,2461,2376,2417,2157,2433,2512,2152,2427,2432,2320,2415,2356,2403,2406,2419,2416,2365,2378,2265,2319,2341,2420,2156,2322,2321,2308
2590: 2627,2585,2573,2543,2574,1323,2672,2575
2355: 2357,2158,2352,2414,2310,2379,2431,2461,2376,2417,2157,2152,2432,2320,2415,2356,2403,2406,2419,2416,2365,2378,2265,2178,2055,2315,2313,2400,2319,2341,2420,2156,2322,2321,2314,2308,2016,2154,2238
2356: 2432,2320,2415,2403,2406,2466,2431,2402,2461,2376,2417,2157,2306,2301,2305,2307,2357,2158,2352,2414,2355,2310,2379,2178,2055,2315,2313,2400,2319,2341,2420,2156,2322,2321,2314
2357: 2158,2352,2414,2355,2310,2379,2431,2461,2376,2417,2157,2152,2320,2415,2356,2406,2419,2416,2365,2378,2265,2178,2055,2315,2313,2400,2319,2341,2420,2156,2322,2321,2314,2309,2308,2016,2154,2238,2330
2358: 2173,580
2359: 2208,1997,2384,2105,2383,2166,2385,2302,2389,2304,2367,2348,2233,2190,2346,2231,2270,2213,2207,2211,2210,2167
2360: 2503
2361: 2293,2362,2217,2410,2392,2454,2334,2266,2373,2505,2363,2411,2394,2262,2040,2292,2439,2243,2325,2241,2324
2362: 2293,2217,2361,2410,2392,2454,2334,2266,2373,2505,2363,2411,2394,2262,2040,2292,2439,2374,2243,2325,2241,2324
2363: 2373,2505,2411,2268,2463,2462,2293,2362,2217,2361,2292,2439,2438
2364: 2465,1671,2377,2476,2475,2523,853,1677,2464,2433,2512,2152,2427,2392,1700,2416,2378,2265,2263,2409,915,2040
2365: 2419,2416,2378,2265,2157,2433,2152,2357,2158,2352,2414,2355,2310,2379,2263,2409,915,2319,2341,2420,2156,2322,2321,2309,2308,2016,2154,2238,2330,2331,2267,2214,2311,2218,2289
2366: 2426,2418,2348,2233,2212,2213,2207,2211,2031,1976
2367: 2389,2304,2399,2479,2306,2301,2305,2307,2320,2406,2383,2166,2385,2302,2055,2315,2313,2400,2208,2359,1997,2384,2105,2190,2346,2231,2270,2318,2180,2317
2369: 2473,911
2370: 2521,916,434
2371: 2525,2396,1790
2485: 2487,2429,2480,2477,2456,2524,2222,2377,2475,2523,2466,2431,2402,2461,2376,2417,2157,2433,2512,2152,2427
2373: 2505,2363,2411,2268,2463,2462,2441,2294,2293,2362,2217,2361,2292,2439,2438
2374: 2215,2351,2299,2024,2333,2263,2409,915,2394,2262,2040,2293,2362,2217,2331,2267,2214,2311,2218,2243,2325,2044,2241,2300,2216,2244,2246
2555: 2483,2471,2522,588,2556,2481,2482,2303
2376: 2461,2417,2157,2524,2222,2487,2429,2480,2477,2456,2485,2377,2476,2475,2523,2466,2431,2402,2433,2512,2152,2427,2415,2356,2357,2158,2352,2414,2355,2310,2379,2419,2416,2378,2265
2378: 2419,2416,2365,2265,2461,2376,2417,2157,2433,2512,2152,2427,2465,2364,2357,2158,2352,2414,2355,2310,2379,2263,2409,915,2420,2322,2321,2309,2308,2016,2330,2218
2379: 2357,2158,2352,2414,2355,2310,2466,2431,2402,2461,2376,2417,2157,2433,2512,2152,2427,2415,2356,2419,2416,2365,2378,2265,2319,2341,2420,2322,2321,2308,2016,2330
2477: 2487,2429,2480,2456,2485,2524,2222,2377,2476,2475,2523,2466,2461,2376,2157,2433,2512,2152,2427
2381: 2240,2245,2347,2246,2215,2351,2243,2325,2044,2241,2046,2386,2324,2253,2244,2404,2344,2408,2234,2094,2339,2282,2337,2110,2089,2345,2338,2275
2382: 2046,2386,2324,2242,2425,2423,2424,2404,2344,2408,2340,2437,2345,2338,2275,2277,2193,2002,2405
2383: 2166,2385,2302,2168,2399,2479,2306,2301,2305,2307,2445,2443,2389,2304,2367,2348,2233,2208,2359,1997,2384,2105,2346,2231
2384: 2208,2359,1997,2105,2445,2443,2383,2166,2385,2302,2389,2304,2367,2348,2233,2346,2231,2213,2167
2385: 2383,2166,2302,2168,2459,2399,2479,2306,2301,2305,2307,2445,2443,2389,2304,2367,2348,2233,2208,2359,1997,2384,2105,2346,2231
2386: 2046,2324,2293,2292,2439,2388,2243,2325,2044,2241,2242,2425,2423,2424,2381,2245,2404,2344,2408,2382
2466: 2431,2402,2530,2434,2524,2222,2487,2429,2480,2477,2456,2485,2179,2461,2376,2417,2157,2306,2301,2432,2415,2356,2403,2406,2158,2352,2414,2379
2388: 2438,2291,2411,2294,2292,2452,2497,2046,2386,2242,2425,2423,2424
2389: 2304,2367,2306,2301,2305,2307,2432,2320,2403,2406,2383,2166,2385,2302,2178,2055,2315,2313,2400,2208,2359,2384,2105,2190,2346,2231,2270,2318,2316,2180,2317
2524: 2222,2484,2530,2548,2434,2487,2429,2480,2477,2456,2485,2179,2466,2431,2402,2461,2376,2417
2391: 2332,2395,2066,2340,2437,2435,2195,2277,2193,2002,2405,2422,2474,2191,2196,2335,2271
2392: 1701,2410,1700,2454,2334,2266,1677,2464,2268,2462,2465,1671,2364,2263,2409,915,2394,2262,2040,2293,2362,2217,2361
2393: 2203
2394: 2262,2040,1671,2410,2392,2454,2334,2266,2263,2409,915,2293,2362,2217,2361,2267,2374,2215,2351,2299,2333,2243,2325,2044,2241
2395: 2332,2391,2066,2277,2193,2002,2405,2422,2474,2132,2191,2196,2335,2271
2396: 2525,2371,2174,2455
2488: 2464,853,1677,2268,2463,2462,2465,1671,2410,1700,2454,2334,2266
2398: 2585,2573,2543,2550,2285,2592,2495,2514,2601,2467,2574,2627
2399: 2459,2479,2556,2481,2482,2460,2458,1989,2303,2168,2306,2301,2305,2307,2445,2443,2383,2166,2385,2302,2367
2570: 2095,2121,2099
2402: 2466,2431,2530,2548,2434,2524,2222,2487,2429,2480,2456,2485,2179,2461,2376,2417,2157,2306,2301,2432,2415,2356,2403,2406,2158,2352,2414,2379
2403: 2432,2320,2415,2356,2406,2179,2466,2431,2402,2461,2417,2306,2301,2305,2307,2158,2352,2414,2355,2389,2304,2055,2315,2313,2400,2319,2321
2404: 2344,2408,2046,2386,2425,2423,2240,2381,2245,2347,2382,2094,2339,2089,2345,2338,2275,2277,2193,2002,2405
2405: 2277,2193,2002,2404,2344,2382,2340,2437,2089,2345,2338,2275,2332,2395,2391,2066,2281,2279,2237,2132,2191,2196,2335,2271
2408: 2404,2344,2243,2325,2044,2241,2046,2386,2324,2242,2425,2423,2424,2240,2381,2245,2347,2246,2382,2094,2339,2338,2275
2409: 2263,915,2465,1671,2364,2410,2392,1700,2266,2416,2365,2378,2265,2394,2262,2040,2330,2331,2267,2214,2311,2218,2374,2215,2299,2024,2333
2410: 1701,2392,1700,2454,2334,2266,2488,2464,2268,2463,2462,2465,1671,2263,2409,915,2394,2262,2040,2293,2362,2217,2361
2411: 2373,2505,2363,2507,2441,2294,2362,2217,2361,2292,2439,2438,2291,2388
2593: 2572,2624,2641,2631,1717
2560: 1933,2539,2501,2559,2528,1951,2541,2516,2650,2681,2504,1914,2649,2668,2508,2688,2691
2414: 2357,2158,2352,2355,2310,2379,2466,2431,2402,2461,2376,2417,2157,2433,2152,2432,2320,2415,2356,2403,2406,2419,2416,2365,2378,2265,2178,2400,2319,2341,2420,2156,2322,2321,2308,2016
2415: 2432,2320,2356,2403,2406,2466,2431,2402,2461,2376,2417,2157,2306,2301,2305,2307,2357,2158,2352,2414,2355,2310,2379,2055,2315,2400,2319,2420,2322,2321
2416: 2419,2365,2378,2265,2461,2376,2417,2157,2433,2512,2152,2427,2465,2364,2357,2158,2352,2414,2355,2310,2379,2263,2409,915,2420,2322,2308,2016,2330,2218
2417: 2461,2376,2157,2524,2222,2487,2429,2480,2456,2485,2377,2466,2431,2402,2433,2152,2432,2320,2415,2356,2403,2406,2357,2158,2352,2414,2355,2310,2379,2419,2416,2378
2418: 2426,2348,2233,2212,2366
2419: 2416,2365,2378,2265,2461,2376,2417,2157,2433,2152,2357,2158,2352,2414,2355,2310,2379,915,2319,2341,2420,2156,2322,2321,2309,2308,2016,2154,2238,2330,2218
2420: 2319,2341,2156,2322,2321,2314,2320,2415,2356,2406,2357,2158,2352,2414,2355,2310,2379,2419,2416,2365,2378,2265,2178,2315,2313,2400,2309,2308,2016,2154,2238,2330,2318,2226,2155,2353,1961,2225,2251,2131
2422: 2474,2437,2435,2195,2332,2395,2391,2066,2335,2271
2423: 2242,2425,2424,2438,2291,2388,2452,2497,2046,2386,2324,2544,2404,2344,2408,2382,2340,2437
2424: 2242,2425,2423,2292,2439,2438,2291,2388,2452,2497,2046,2386,2324,2544,2344,2408,2382
2425: 2242,2423,2424,2438,2291,2388,2452,2046,2386,2324,2544,2404,2344,2408,2382,2340,2437
2426: 2418,2348,2233,2212,2366,2213,2207,2211
2427: 2433,2512,2152,2487,2429,2480,2477,2456,2485,2377,2476,2475,2523,853,1677,2376,2157,2465,1671,2364,2352,2379,2416,2378
2428: 2529,540
2429: 2487,2480,2477,2456,2485,2524,2222,2377,2476,2475,2523,2466,2402,2461,2376,2417,2157,2433,2512,2152,2427
2430: 2484,2530,2548,2434,2547,2471,2522,2460,2458,1989,2303,2179,2431
2431: 2466,2402,2530,2548,2434,2430,2524,2222,2456,2485,2179,2461,2376,2417,2157,2306,2301,2305,2307,2432,2320,2415,2356,2403,2406,2357,2158,2352,2414,2355,2379
2432: 2320,2415,2356,2403,2406,2179,2466,2431,2402,2461,2417,2306,2301,2305,2307,2158,2352,2414,2355,2389,2055,2315,2400,2319,2321
2433: 2512,2152,2427,2487,2429,2480,2477,2456,2485,2377,2476,2475,2523,2461,2376,2417,2157,2465,2364,2352,2414,2310,2379,2419,2416,2365,2378,2265,915
2434: 2484,2530,2548,2430,2547,2524,2222,2460,2179,2466,2431,2402
2435: 2195,2544,2451,2340,2437,540,2332,2391,2422,2474
2436: 2343,2519,2287
2438: 2291,2388,2373,2505,2363,2411,2294,2292,2439,2452,2497,2046,2242,2425,2423,2424
2471: 2522,2555,2483,2484,2548,2430,2547,2556,2481,2482,2460,2458,1989,2303,2179
2441: 2507,2373,2505,2411,2294
2443: 2445,2168,2459,2399,2479,2383,2166,2385,2302,2348,2233,2384,2105
2444: 2491,900
2445: 2443,2168,2459,2399,2479,2383,2166,2385,2302,2348,2233,2208,1997,2384,2105
2446: 2448,2209,2447,588,455
2447: 2446,2448,2209,588,455
2448: 2446,2209,2447,588,455
2449: 2595,918,2545,2584,2350,1773
2450: 2561,578,2534,2568,540,2151,2653
2451: 490,2544,2340,2437,2435,2195,540
2452: 2497,2294,2438,2291,2388,490,2242,2425,2423,2424
2454: 1701,2410,2392,1700,2334,2266,1677,2488,2464,2268,2463,2462,2465,1671,2263,2394,2262,2040,2293,2362,2217,2361
2455: 2174,2396
2456: 2487,2429,2480,2477,2485,2524,2222,2377,2475,2523,2466,2431,2402,2461,2376,2417,2157,2433,2512,2152,2427
2652: 2604,2490,503,2671
2458: 2460,1989,2303,2471,2522,2430,2547,2556,2481,2482,2179,2168,2459,2399,2479,2306,2301,2305,2307
2459: 2399,2479,2556,2481,2482,2460,2458,1989,2303,2179,2168,2306,2301,2305,2307,2445,2443,2385,2302
2460: 2458,1989,2303,2483,2471,2522,2484,2530,2548,2434,2430,2547,2556,2481,2482,2179,2168,2459,2399,2479,2306,2301,2305,2307
2461: 2376,2417,2157,2524,2222,2487,2429,2480,2477,2456,2485,2377,2475,2466,2431,2402,2433,2512,2152,2432,2320,2415,2356,2403,2406,2357,2158,2352,2414,2355,2310,2379,2419,2416,2378
2462: 2268,2463,2488,2464,2410,2392,1700,2454,2334,2266,2373,2505,2363
2463: 2268,2462,2488,2464,2410,2454,2334,2266,2373,2505,2363
2464: 2488,853,1677,2268,2463,2462,2465,1671,2364,2410,2392,1700,2454,2334,2266
2465: 1671,2364,2377,2476,2475,2523,853,1677,2488,2464,2433,2512,2152,2427,2410,2392,1700,2454,2334,2266,2416,2378,2265,2263,2409,915,2040
2467: 2514,2601,2550,2285,2592,2495,2543,2398
2468: 2566
2542: 2125
2473: 2369,911
2474: 2422,2435,2195,2332,2395,2391,2066,2335,2271
2475: 2377,2476,2523,2487,2429,2480,2477,2456,2485,853,1677,2461,2376,2157,2433,2512,2152,2427,2465,2364
2476: 2377,2475,2523,2487,2429,2480,2477,853,1677,2376,2433,2512,2152,2427,2465,1671,2364
2479: 2459,2399,2556,2481,2482,2460,2458,1989,2303,2179,2168,2306,2301,2305,2307,2445,2443,2383,2166,2385,2302,2367
2480: 2487,2429,2477,2456,2485,2524,2222,2377,2476,2475,2523,2466,2402,2461,2376,2417,2157,2433,2512,2152,2427
2481: 2556,2482,2555,2483,2471,2522,588,2460,2458,1989,2303,2168,2459,2399,2479
2482: 2556,2481,2555,2483,2471,2522,2460,2458,1989,2303,2168,2459,2399,2479
2483: 2555,2471,2522,588,2556,2481,2482,2460,2303
2484: 2530,2548,2434,2430,2547,2471,2522,2524,2222,2460,2303,2179
2486: 2504,1914,1884,1951,2541,1933,2501,2489,1830,1882,1907,2554,927
2487: 2429,2480,2477,2456,2485,2524,2222,2377,2476,2475,2523,2466,2402,2461,2376,2417,2157,2433,2512,2152,2427
2489: 1830,1882,1907,1874,2540,2486,2504,1914,1884,2554,927,1871
2490: 503,2672,2670,2669,2604,2652
2491: 2444,900
2566: 2468
2493: 2645,2637,2613,2647,2609,2610,2564,2648,2646,2689,2644
2685: 2686,2576,2651,2666,2633,2661
2495: 2285,2592,2550,2514,2467,2585,2573,2543,2398
2496: 1915,927,2631
2497: 2452,2294,2438,2291,2388,490,2242,2423,2424
2498: 2148,2224,2499,926
2499: 2148,2224,2498
2579: 2602,2021,2594,2563,2623,2189,2255,1913
2501: 1933,2560,2539,2559,2528,1951,2541,2516,2650,2681,2486,2504,1914,1884,2649,2668,2508,2688,2691
2595: 2449,918,2545,2584,2350,1773
2503: 2360
2504: 2486,1914,1884,1951,2541,1933,2560,2539,2501,2489,1830,1882,1907,2508,2688,2691,927
2505: 2373,2363,2411,2268,2463,2462,2441,2294,2293,2362,2217,2361,2292,2439,2438
2563: 2623,2021,2594,1939,2579,2602
2507: 2441,2411,2294
2508: 2688,2691,2650,2681,1933,2560,2539,2501,2504,1914,2649,2668
2509: 2571
2510: 1874,2540
2511: 2533,2569,2597,432
2512: 2433,2152,2427,2487,2429,2480,2477,2456,2485,2377,2476,2475,2523,853,1677,2461,2376,2157,2465,2364,2352,2379,2416,2378
2564: 2609,2610,2637,2613,2647,2630,2493,2645,2646,2689,2644
2514: 2601,2467,2550,2285,2592,2495,2585,2573,2543,2398
2515: 2664,422,493
2516: 2650,2681,2559,2528,1951,2541,2648,1933,2560,2539,2501,2649,2668,2688
2613: 2637,2616,2567,2632,2603,2647,2630,2609,2610,2564,2493
2614: 2674,2663,2633,2661,2662,2684,2658,945,2673,2657,2642,2683,2687,2675
2519: 2287,2343,2436
2528: 2559,2600,2598,1951,2541,2648,2516,2650,2681,1933,2560,2539,2501
2529: 2428,540
2530: 2484,2548,2434,2430,2547,2522,2524,2222,2460,2179,2466,2431,2402
2539: 1933,2560,2501,2559,2528,1951,2541,2516,2650,2681,2504,1914,2649,2668,2508,2688,2691
2534: 2568,490,2561,2450,540
2679: 2638,2678,2680,945,2673,2657,2642,2683,2687,2675,2611
2664: 2515,2615,422,493
2677: 2607,1717,1796,1728,1804,1792
2586: 2123,572
2545: 2584,2286,2449,2595,918,2350,1773
2571: 2509
2547: 2484,2530,2548,2434,2430,2471,2522,2460,2458,1989,2303,2179
2548: 2484,2530,2434,2430,2547,2471,2522,2524,2222,2460,2303,2179,2431,2402
2549: 
2550: 2285,2592,2495,2514,2601,2467,2543,2398
2551: 589,2442,2350,1773,2407,2596,1341,1477
2554: 927,2486,1884,2489,1830,1882,1907,1871
2556: 2481,2482,2555,2483,2471,2522,588,2460,2458,1989,2303,2168,2459,2399,2479
2557: 2629,2597,432
2561: 578,2534,2568,2450
2562: 2599,2632,2603,2582,1899,2616,2567,2600,2598,2647
2565: 2442
2568: 2534,490,2561,2450,540
2569: 2533,2511,2597
2572: 2624,2593,2641,2631,1717
2573: 2585,2543,2398,2592,2495,2514,2601,2574,2627,2590
2574: 2601,2585,2573,2543,2398,2627,2590,2635,2672
2576: 2686,2685,2651,2666,2633,2661
2584: 2545,2286,2449,2595,918,2350,1773
2587: 2469,2588,2635
2592: 2285,2495,2550,2514,2467,2585,2573,2543,2398
2594: 2021,1939,2580,2563,2623,2579,2602
2596: 2655,2350,2551,2407,1341,1477,1454
2597: 432,2533,2569,2511,2629,2557
2598: 2600,2582,1899,1926,2599,2632,2603,2562,2647,2528
2606: 2667,2666,2661,2639
2607: 2677,1717,1796,1756,1728,1804,1792
2638: 2679,2678,2680,945,2673,2657,2642,2683,2687,2675,2611
2609: 2610,2564,2637,2613,2647,2493,2645,2646,2689,2644
2610: 2609,2564,2637,2613,2647,2612,2630,2493,2645,2611,2646,2689,2644
2616: 2567,2599,2632,2603,2562,2637,2613,2647
2618: 560,2582
2623: 2563,2021,2594,2579,2602
2624: 2572,2593,2641,2631,1717
2625: 931,2589,2670
2671: 1532,1602,2604,2652
2627: 2590,2585,2573,2543,2398,2574,1323,2672,2575
2682: 2612,2630,2639,2658,2657,2642,2683,2687,2675,2611
2629: 2557,2597,432
2630: 2612,2682,2639,2613,2658,2610,2564,2657,2683,2687,2675,2611
2631: 1915,2496,2572,2624,2593,2641,1717
2632: 2599,2603,2562,2582,1899,2616,2567,2600,2598,2637,2613,2647
2633: 2685,2576,2666,2661,2662,2684,2674,2614,2663
2635: 2588,2574,2469,2587,2670
2642: 2657,2683,2687,2675,2674,2614,2658,2612,2682,945,2673,2611,2638,2679,2678,2680
2644: 2609,2610,2564,2493,2645,2648,2646,2689,1858,1820
2645: 2493,2647,2609,2610,2564,2648,2646,2689,2644
2646: 2689,2609,2610,2564,2493,2645,2611,2644,1858,1820
2647: 2616,2599,2632,2603,2562,2600,2598,2637,2613,2609,2610,2564,2493,2645,2648
2648: 2647,2528,2493,2645,2516,2650,2681,2644,2649
2675: 2657,2642,2683,2687,2674,2614,2663,2658,2612,2682,2630,945,2673,2611,2638,2679,2678
2655: 2596,2350,2407,1341,1477,1454
2656: 493,2660,2690,2667,2567
2657: 2642,2683,2687,2675,2674,2614,2658,2612,2682,2630,945,2673,2611,2638,2679,2678,2680
2659: 2615,560
2660: 2690,493,2656,2666,2667
2661: 2685,2576,2606,2633,2639,2662,2684,2674,2614,2663
2662: 2684,2633,2661,2674,2614,2663,945,2673
2663: 2674,2614,2633,2661,2639,2662,2684,945,2673,2675
2667: 2606,2660,2690,2656,2666,2639
2672: 2574,2627,2590,1323,2575,2490,503
2673: 945,2662,2674,2614,2663,2658,2657,2642,2683,2687,2675,2638,2679,2678
2674: 2614,2663,2633,2661,2662,2684,2658,945,2673,2657,2642,2683,2687,2675
2688: 2508,2691,2516,2650,2681,1933,2560,2539,2501,2504,1914,2649,2668
2689: 2646,2609,2610,2564,2493,2645,2611,2644,1858,1820
2690: 2660,493,2656,2666,2667
2691: 2508,2688,2650,2681,1933,2560,2539,2501,2504,1914,2649,2668