0: 63,49,92,99,25,31,74,42,1206,9,23,78,8,13,66,43,90,76,57,34,20,7,41,51,37,68,1209,14,1210,38,17,22,85,10,47,1205,73,45,88,60,16,89,1,21,35,1211
1: 21,35,1211,63,49,92,0,99,25,1209,14,1210,38,17,22,19,1202,69,88,60,16,89,1203,62,30,5,1207,84,70,15,48,72,29,1208
2: 83,86,3,6,44,26,82,56,1204,31,74,42,61,1206,79,94,91,4,55,28,7,41,51,37,68
3: 6,77,64,44,26,82,56,1204,83,2,86,31,74,42,61,1206
4: 91,55,28,83,2,86,31,74,42,61,1206,79,94,7,41,51,37,68,96,40,75,11,85,10,47,1205,73,45
5: 1203,62,30,1207,1209,14,1210,38,17,22,19,1202,69,1,21,35,1211,71,15,48,72,29,1208
6: 3,77,64,44,26,82,56,1204,83,2,86,31,74,42,61,1206
7: 41,51,37,68,83,2,86,31,74,42,61,1206,9,23,78,8,13,66,91,4,55,28,63,49,92,0,99,25,40,75,11,85,10,47,1205,73,45,88,60,16,89
8: 9,23,78,13,66,44,26,82,56,1204,98,46,33,65,95,39,67,31,74,42,61,1206,43,90,76,57,34,20,7,41,51,37,68,63,49,92,0,99,25,1209,14,1210,38,17,22
9: 23,78,8,13,66,44,26,82,56,1204,98,46,33,65,95,39,67,31,74,42,61,1206,43,90,76,57,20,7,51,37,68,63,49,92,0,14,22
10: 85,47,1205,73,45,91,4,55,28,7,41,51,37,68,63,49,92,0,99,25,40,75,11,88,60,16,89,32,24,54,58,59,84,70
11: 40,75,94,91,4,55,28,7,41,51,37,68,96,85,10,47,1205,73,45,32,54
12: 93,64,80,44,26,82,56,1204,98,46,33,65,95,67
13: 9,23,78,8,66,44,26,82,56,1204,98,46,33,65,95,39,67,31,74,42,61,1206,43,90,76,57,34,20,7,41,51,37,68,63,49,92,0,99,25,1209,14,1210,38,17,22
14: 1209,1210,38,17,22,9,23,78,8,13,66,43,90,76,57,34,20,53,52,63,49,92,0,99,25,19,1202,69,88,60,16,89,1,21,35,1211,1203,62,30,5,1207
15: 48,72,88,60,16,89,1,21,1211,1203,30,5,84,70,29,1208,81
16: 88,60,89,7,41,51,37,68,63,49,92,0,99,25,1209,14,1210,38,17,22,85,10,47,1205,73,45,1,21,35,1211,24,54,58,59,84,70,15,48,72
17: 1209,14,1210,38,22,23,78,8,13,66,43,90,76,57,34,20,53,52,63,49,92,0,99,25,19,1202,69,88,16,89,1,21,35,1211,1203,62,30,5,1207
18: 24,54,58,59,85,73,45,97,32,84,70,27,50
19: 1202,69,43,90,76,57,34,20,53,52,1209,14,1210,38,17,22,1,21,35,1211,1203,62,30,5,1207,71
20: 43,90,76,57,34,33,65,95,39,67,36,9,23,78,8,13,66,53,52,63,49,92,0,99,25,1209,14,1210,38,17,22,19,1202,69
21: 1,35,1211,63,49,92,0,99,25,1209,14,1210,38,17,22,19,1202,69,88,60,16,89,1203,62,30,5,1207,84,70,15,48,72,1208
22: 1209,14,1210,38,17,9,23,78,8,13,66,43,90,76,57,34,20,53,52,63,49,92,0,99,25,19,1202,69,88,60,16,89,1,21,35,1211,62,5,1207
23: 9,78,8,13,66,44,26,82,56,1204,98,46,33,65,95,39,67,31,74,42,61,1206,43,90,76,57,34,20,7,41,51,37,68,63,49,92,0,99,25,1209,14,1210,38,17,22
24: 18,54,58,59,85,10,73,45,88,60,16,97,32,84,70,27,81,50
25: 63,49,92,0,99,42,23,78,8,13,66,43,90,76,57,20,7,51,37,68,1209,14,1210,38,17,22,85,10,1205,45,88,60,16,89,1,21,35,1211
26: 44,82,56,1204,77,64,80,93,12,3,6,98,46,33,65,95,83,2,86,31,74,42,61,1206,9,23,78,8,13,66
27: 97,32,18,24,54,58,59,84,70,81,50
28: 91,4,55,83,2,86,31,42,1206,7,41,51,37,68,40,75,11,85,10,47,1205,73,45
29: 1208,1,1203,62,30,5,1207,71,15,48,72
30: 1203,62,5,1207,1209,14,1210,38,17,19,1202,69,1,21,35,1211,71,15,48,72,29,1208
31: 74,42,61,1206,3,6,44,26,82,56,1204,46,33,65,95,83,2,86,9,23,78,8,13,66,91,4,55,28,7,41,51,37,68,63,49,92,0,99
32: 97,40,75,11,85,10,47,73,45,18,24,54,58,59,27
33: 98,46,65,95,64,80,93,12,87,44,26,82,56,1204,39,67,31,74,42,61,1206,9,23,78,8,13,66,43,90,76,57,34,20
34: 43,90,76,57,20,33,65,95,39,67,36,23,78,8,13,66,53,52,92,0,14,38,17,22,19,69
35: 1,21,1211,63,49,92,0,99,25,1209,14,1210,38,17,22,19,1202,69,88,16,89,1203,62,30,5,1207,70,48,72,1208
36: 87,39,67,43,90,76,57,34,20,53,52
37: 7,41,51,68,83,2,86,31,74,42,61,1206,9,23,78,8,13,66,91,4,55,28,63,49,92,0,99,25,40,75,11,85,10,47,1205,73,45,88,60,16,89
38: 1209,14,1210,17,22,23,78,8,13,66,43,90,76,57,34,20,53,52,63,49,92,0,99,25,19,1202,69,88,60,16,89,1,21,35,1211,1203,62,30,5,1207
39: 67,87,98,46,33,65,95,36,9,23,78,8,13,66,43,90,76,57,34,20,53,52
40: 75,11,91,4,55,28,7,41,51,37,68,85,10,47,1205,73,45,32,54,58,59
41: 7,51,37,68,83,2,86,31,74,42,61,1206,23,78,8,13,66,91,4,55,28,63,49,92,0,40,75,11,85,10,47,1205,73,45,16
42: 31,74,61,1206,3,6,44,26,82,56,1204,46,33,65,95,83,2,86,9,23,78,8,13,66,91,4,55,28,7,41,51,37,68,63,49,92,0,99,25
43: 90,76,57,34,20,98,46,33,65,95,39,67,36,9,23,78,8,13,66,53,52,63,49,92,0,99,25,1209,14,1210,38,17,22,19,1202,69
44: 26,82,56,1204,77,64,80,93,12,3,6,98,46,33,65,95,83,2,86,31,74,42,61,1206,9,23,78,8,13,66
45: 85,10,47,1205,73,91,4,55,28,7,41,51,37,68,63,49,92,0,99,25,40,75,11,88,60,16,89,32,18,24,54,58,59,84,70
46: 98,33,65,95,64,80,93,12,44,26,82,56,1204,39,67,31,74,42,61,1206,9,23,78,8,13,66,43,76
47: 85,10,1205,73,45,91,4,55,28,7,41,51,37,68,63,49,0,40,75,11,88,60,16,32,54,58,59,84,70
48: 15,72,88,16,89,1,21,35,1211,1203,62,30,5,1207,84,70,29,1208
49: 63,92,0,99,25,31,74,42,61,1206,9,23,78,8,13,66,43,90,76,57,20,7,41,51,37,68,1209,14,1210,38,17,22,85,10,47,1205,73,45,88,60,16,89,1,21,35,1211
50: 81,18,24,54,58,84,70,72,27
51: 7,41,37,68,83,2,86,31,74,42,61,1206,9,23,78,8,13,66,91,4,55,28,63,49,92,0,99,25,40,75,11,85,10,47,1205,73,45,88,60,16,89
52: 53,39,67,36,43,90,76,57,34,20,14,38,17,22,19,69
53: 52,39,67,36,43,90,76,57,34,20,1209,14,1210,38,17,22,19,1202,69
54: 18,24,58,59,40,75,11,85,10,47,73,45,16,97,32,84,70,27,50
55: 91,4,28,83,2,86,31,74,42,61,1206,79,94,7,41,51,37,68,96,40,75,11,85,10,47,1205,73,45
56: 44,26,82,1204,64,80,93,12,3,6,98,46,33,65,95,83,2,86,31,74,42,61,1206,9,23,78,8,13,66
57: 43,90,76,34,20,33,65,95,39,67,36,9,23,78,8,13,66,53,52,63,49,92,0,99,25,1209,14,1210,38,17,22,19,1202,69
58: 18,24,54,59,40,85,10,47,1205,73,45,88,60,16,89,97,32,84,70,27,50
59: 18,24,54,58,40,85,10,47,1205,73,45,88,60,16,89,32,84,70,27
60: 88,16,89,7,51,37,68,63,49,92,0,99,25,1209,14,38,22,85,10,47,1205,73,45,1,21,1211,24,58,59,84,70,15,72
61: 31,74,42,1206,3,6,44,26,82,56,1204,98,46,33,65,83,2,86,9,23,78,8,13,66,91,4,55,7,41,51,37,68,49
62: 1203,30,5,1207,1209,14,1210,38,17,22,19,1202,69,1,21,35,1211,71,48,72,29,1208
63: 49,92,0,99,25,31,74,42,1206,9,23,78,8,13,66,43,90,76,57,20,7,41,51,37,68,1209,14,1210,38,17,22,85,10,47,1205,73,45,88,60,16,89,1,21,35,1211
64: 80,77,93,12,3,6,44,26,82,56,1204,98,46,33,65
65: 98,46,33,95,64,80,93,12,87,44,26,82,56,1204,39,67,31,74,42,61,9,23,78,8,13,66,43,90,76,57,34,20
66: 9,23,78,8,13,44,26,82,56,1204,98,46,33,65,95,39,67,31,74,42,61,1206,43,90,76,57,34,20,7,41,51,37,68,63,49,92,0,99,25,1209,14,1210,38,17,22
67: 39,93,12,87,98,46,33,65,95,36,9,23,78,8,13,66,43,90,76,57,34,20,53,52
68: 7,41,51,37,83,2,86,31,74,42,61,1206,9,23,78,8,13,66,91,4,55,28,63,49,92,0,99,25,40,75,11,85,10,47,1205,73,45,88,60,16,89
69: 19,1202,43,90,76,57,34,20,53,52,1209,14,1210,38,17,22,1,21,35,1211,1203,62,30,5,1207,71
70: 84,85,10,47,1205,73,45,88,60,16,89,1,21,35,1211,18,24,54,58,59,15,48,72,27,81,50
71: 19,1202,69,1203,62,30,5,1207,29,1208
72: 15,48,88,60,16,89,1,21,35,1211,1203,62,30,5,1207,84,70,29,1208,81,50
73: 85,10,47,1205,45,91,4,55,28,7,41,51,37,68,63,49,0,40,75,11,88,60,16,89,97,32,18,24,54,58,59,84,70
74: 31,42,61,1206,3,6,44,26,82,56,1204,98,46,33,65,95,83,2,86,9,23,78,8,13,66,91,4,55,7,41,51,37,68,63,49,92,0,99
75: 40,11,91,4,55,28,7,41,51,37,68,96,85,10,47,73,45,32,54
76: 43,90,57,34,20,98,46,33,65,95,39,67,36,9,23,78,8,13,66,53,52,63,49,92,0,99,25,1209,14,1210,38,17,22,19,69
77: 64,3,6,44,26
78: 9,23,8,13,66,44,26,82,56,1204,98,46,33,65,95,39,67,31,74,42,61,1206,43,90,76,57,34,20,7,41,51,37,68,63,49,92,0,99,25,1209,14,1210,38,17,22
79: 94,2,86,91,4,55,96
80: 64,93,12,44,26,82,56,98,46,33,65
81: 50,24,84,70,15,72,27
82: 44,26,56,1204,64,80,93,12,3,6,98,46,33,65,95,83,2,86,31,74,42,61,1206,9,23,78,8,13,66
83: 2,86,3,6,44,26,82,56,1204,31,74,42,61,1206,94,91,4,55,28,7,41,51,37,68
84: 70,85,10,47,1205,73,45,88,60,16,89,1,21,1211,18,24,54,58,59,15,48,72,27,81,50
85: 10,47,1205,73,45,91,4,55,28,7,41,51,37,68,63,49,92,0,99,25,40,75,11,88,60,16,89,97,32,18,24,54,58,59,84,70
86: 83,2,3,6,44,26,82,56,1204,31,74,42,61,1206,79,94,91,4,55,28,7,41,51,37,68
87: 33,65,95,39,67,36
88: 60,16,89,7,51,37,68,63,49,92,0,99,25,1209,14,1210,38,17,22,85,10,47,1205,73,45,1,21,35,1211,24,58,59,84,70,15,48,72
89: 88,60,16,7,51,37,68,63,49,92,0,99,25,1209,14,1210,38,17,22,85,10,1205,73,45,1,21,35,1211,58,59,84,70,15,48,72
90: 43,76,57,34,20,33,65,95,39,67,36,9,23,78,8,13,66,53,52,63,49,92,0,99,25,1209,14,1210,38,17,22,19,69
91: 4,55,28,83,2,86,31,74,42,61,1206,79,94,7,41,51,37,68,96,40,75,11,85,10,47,1205,73,45
92: 63,49,0,99,25,31,74,42,1206,9,23,78,8,13,66,43,90,76,57,34,20,7,41,51,37,68,1209,14,1210,38,17,22,85,10,1205,45,88,60,16,89,1,21,35,1211
93: 12,64,80,44,26,82,56,98,46,33,65,95,67
94: 79,83,2,86,91,4,55,96,11
95: 98,46,33,65,93,12,87,44,26,82,56,1204,39,67,31,74,42,9,23,78,8,13,66,43,90,76,57,34,20
96: 79,94,91,4,55,75,11
97: 32,85,73,18,24,54,58,27
98: 46,33,65,95,64,80,93,12,44,26,82,56,1204,39,67,74,61,9,23,78,8,13,66,43,76
99: 63,49,92,0,25,31,74,42,23,78,8,13,66,43,90,76,57,20,7,51,37,68,1209,14,1210,38,17,22,85,10,1205,45,88,60,16,89,1,21,35,1211
100: 367,459,169
101: 105,420,166,143,189,263,294,443,399,392,306,163,466
102: 393,305,477,302,485,131
103: 427,413,267
104: 318,320,357,198,124,321,418,256,387,150,448
105: 420,101,142,119,166,143,189,263,294,443,392,306
106: 
107: 455,380,460,155,239,453,489,496,127,471,280,400
108: 387,124,320,362,227,349
109: 210,421,372,457,211,137
110: 111,123,391,461,115,432,455,460,155
111: 110,123,461,115,432,233,155
112: 132,187,133
113: 403,258,166,189,443,454,276
114: 157,248,451,296,315
115: 461,111,110,233,374
116: 317
117: 241,292,412,456,195
118: 323,398,149,172,196
119: 403,299,142,166,105,189,263,443
120: 438,344,431,354,368,396,484,269
121: 201,360,207,458,275,385,331,218
122: 477,485,375,293,316,324
123: 391,439,184,432,111,110
124: 198,418,318,104,320,108,387
125: 482,141,298,444,412,401,497,319,300
126: 341,295,255
127: 489,496,460,155,436,107,400
128: 428,208,415,327
129: 361,355
130: 284,339
131: 393,305,102,285,151,375,236
132: 441,112,192,389,221,367,224,223
133: 112,213,187,421,459,210
134: 381,480
135: 168,427
136: 410,429,303,171,170,442
137: 109,211,252,495
138: 499,295,255,394,366
139: 170,494,200,323,445,462,288,277,186,312,398
140: 199,232
141: 204,440,468,313,493,125,482,444,215,253
142: 119,143,105
143: 142,105,420,101,399,392,306
144: 332,254,475,235,473,406,382
145: 336,492
146: 176,434,394,154,366,376
147: 350,351,249,242,271,369,258,191
148: 461
149: 398,172,277,118,464,328,181,196
150: 321,418,256,318,104,320,448,498
151: 285,131,375,236,296,234,175
152: 452,359,352,209,177,158,377
153: 388,438,356,190,396,353
154: 366,397,394,376,146,176,434
155: 460,432,111,110,455,380,239,107,127
156: 468,158,377,483,440,274,313,265,493
157: 114,248,415,451,327,296,315
158: 377,152,452,240,440,156
159: 370,469,279,426,202,430,217
160: 404,372,457,237,252,340
161: 314,389,221,333,346,367,224,223,378
162: 450,356,190,396,353,178,411,269
163: 466,101,294,443,454,276,395
164: 355,290,225
165: 363,193,205,408,410,197,429,303,171
166: 403,299,258,119,113,105,420,101,189,263,294,443,276
167: 490,348,474,329
168: 427,465,135
169: 459,210,100
170: 442,136,494,200,139
171: 429,303,165,363,410,197,136,203,423
172: 398,149,277,312,118,464,488,342,328,181,196
173: 216,183
174: 270,435,406,273,481
175: 234,151,375,236,293,316,324,296
176: 146,434,154,376
177: 209,352,409,152,291,377,483
178: 411,467,356,190,162,450
179: 
180: 250,424,289,226,371,490
181: 196,149,172,328,475,332,254
182: 251,339,379
183: 173,216,301
184: 230,246,281,247,123,439
185: 465
186: 277,312,200,139,323,445,462,288,398,464,488
187: 112,133,459
188: 200,445,462,288
189: 263,294,443,119,166,113,105,420,101,454,276
190: 396,353,153,438,356,178,411,162,450
191: 147,351,249,369,258
192: 389,221,297,217,132,441,346,314,224
193: 205,472,165,363,197
194: 422,275,331,446,357,198
195: 437,292,117,412,456,214
196: 181,149,172,118,342,328,332,254
197: 193,205,165,363,410,171,336,203,423
198: 124,194,422,446,357,321,256,318,104
199: 140,232
200: 170,188,139,445,462,288,186
201: 121,360,207,458,385
202: 373,279,426,159,370,469,228,430
203: 423,197,429,171,336,278
204: 240,486,212,440,141
205: 193,472,165,363,197
206: 402,273,417,304,283,330,245
207: 360,364,471,280,400,238,458,201,121
208: 415,128,428,451,327
209: 177,359,352,491,409,152,452
210: 109,133,421,457,211,169
211: 457,210,109,252,137,495
212: 240,486,204
213: 309,133,421
214: 497,300,195,437
215: 253,141,313,265,493,444,401
216: 173,183
217: 159,297,430,192,389,221,333,346,314
218: 325,243,121,275,385,331,422,357,256
219: 
220: 309
221: 192,389,297,217,132,441,333,346,161,314,224
222: 345,390,245,322,499
223: 367,224,389,132,441,161,314
224: 367,223,192,389,221,132,441,161,314
225: 355,164,290
226: 180,371,491
227: 349,320,108,448,498,326,287
228: 202,373
229: 374,233,436
230: 246,399,281,247,184
231: 467
232: 140,199
233: 461,115,111,374,229
234: 175,285,151,375,236,296
235: 347,464,342,328,307,435,144,332,254,270
236: 375,131,285,151,293,324,296,234,175
237: 404,433,449,160,337,407,340
238: 107,489,496,127,280,400,360,207,261
239: 453,455,380,460,155,107,471,400
240: 486,204,158,212,440
241: 292,117,479,447
242: 428,451,327,315,271,147,350,351,249
243: 325,218,275,385,357,256
244: 487,264,365
245: 304,206,402,345,283,330,222,341
246: 230,399,392,306,281,247,184
247: 281,399,466,230,246,184
248: 114,157,415,451,327,296,315
249: 147,350,351,242,271,403,258,191
250: 424,289,255,376,180
251: 182,339,379
252: 457,160,211,137,495
253: 215,141,313,265,444,401,497,319
254: 144,332,328,181,196,475,235,473,382
255: 295,138,126,394,250,424,289,376
256: 321,418,325,243,218,357,198,318,104,150
257: 414,286,266,433,449,456,337,407,383
258: 147,350,249,403,299,191,166,113
259: 340,495
260: 269
261: 268,238,458,331,422
262: 272,315,369,478
263: 189,294,443,119,166,105,420,101,454,276,306
264: 244,365
265: 313,493,156,468,215,253
266: 257,414,286,433,449,456,337,407,383
267: 413,103
268: 261,458,422
269: 396,120,484,162,260
270: 174,307,435,235,406,481
271: 242,425,147,350,351,249,403
272: 262,369,478
273: 481,174,304,206
274: 483,156,468,493
275: 385,331,458,121,194,422,325,243,218,357
276: 454,166,113,189,263,294,443,163
277: 186,312,139,323,445,462,288,398,149,172,464,488
278: 203,423
279: 426,334,159,370,469,202
280: 400,453,107,496,364,471,238,360,207
281: 247,399,392,306,466,230,246,395,184
282: 310,322,499,397
283: 345,417,206,402,390,245
284: 130,339
285: 151,131,375,236,296,234
286: 257,414,266,433,456,337,383
287: 227,349,498,326
288: 445,462,188,200,139,277,186,312,488
289: 250,424,255,376,180
290: 355,164,311,225
291: 352,491,348,409,474,177,470,483
292: 241,117,298,412,195
293: 316,324,122,375,236,175
294: 189,263,443,166,105,420,101,454,276,306,163,466
295: 341,138,126,255
296: 285,151,236,114,157,248,234,175
297: 343,217,192,389,221,441
298: 125,482,292,412
299: 403,425,258,119,166
300: 401,497,319,125,214
301: 183
302: 477,485,102
303: 429,171,165,408,410,136,423
304: 273,481,206,402,330,245
305: 393,102,131
306: 143,105,420,101,263,294,399,392,466,246,281
307: 435,347,464,488,342,235,270
308: 492
309: 213,220,421,372,457
310: 322,499,282
311: 355,290
312: 277,186,139,445,462,288,398,172,347,464,488,342,328
313: 265,493,440,156,468,141,444,215,253
314: 161,217,192,389,221,333,346,224,223,378
315: 428,451,327,114,157,248,242,369,262
316: 293,324,122,375,175
317: 116,463
318: 104,320,198,124,321,418,256,150,448,349
319: 401,497,300,125,482,444,253
320: 318,104,124,418,108,387,150,448,227,349
321: 418,256,325,357,198,318,104,150,448
322: 499,390,310,222,282,397
323: 494,139,277,186,398,118
324: 293,316,122,375,236,175
325: 243,218,275,385,422,357,321,256
326: 498,448,227,349,287
327: 451,208,415,128,428,157,248,242,315
328: 342,312,149,172,347,464,488,181,196,435,235,332,254
329: 167,490,474,470
330: 304,206,245,341
331: 275,385,458,261,121,194,422,218,357
332: 144,254,342,328,181,196,475,235,473
333: 346,430,217,389,221,161,314,378
334: 362,279,469
335: 
336: 145,197,492,203,423
337: 407,433,449,456,237,257,414,286,266,340,383
338: 358,386
339: 130,284,379,182,251
340: 259,160,237,337,407
341: 330,245,295,126
342: 328,312,172,347,464,488,196,307,435,235,332
343: 297
344: 438,431,354,368,120
345: 283,405,402,390,245,222
346: 333,430,217,192,389,221,161,314
347: 464,488,462,312,342,328,307,435,235
348: 491,409,371,167,490,474,291
349: 227,318,320,108,387,448,326,287
350: 147,351,249,242,271,258
351: 147,350,249,242,271,369,191
352: 359,491,409,152,209,177,291
353: 190,396,388,153,438,356,411,162,450
354: 431,368,344,120,484
355: 129,164,311,290,225
356: 388,153,467,190,396,353,178,411,162,450
357: 275,385,331,194,422,325,243,218,198,321,256,104
358: 338,386
359: 352,152,452,209
360: 207,364,471,280,400,458,201,121
361: 129
362: 108,387,334
363: 165,193,205,410,197,171
364: 471,453,280,400,360,207
365: 244,264,419
366: 154,138,397,394,376,146,434
367: 224,223,389,132,441,161,459,100
368: 431,354,344,120,484
369: 315,147,351,262,272,191
370: 159,469,279,426,202,373,430
371: 180,226,490,491,348
372: 457,309,421,160,109
373: 202,426,370,228,430
374: 229,461,115,233
375: 236,131,122,285,151,293,316,324,234,175
376: 255,394,154,366,250,289,146,176,434
377: 158,152,177,440,156,468
378: 333,346,161,314
379: 339,182,251
380: 455,432,460,155,239,453,107
381: 480,134
382: 144,254,473,406
383: 337,407,257,414,286,266
384: 463
385: 275,331,458,201,121,325,243,218,357
386: 358,338
387: 108,124,104,320,362,349
388: 153,356,353
389: 192,221,297,217,132,441,333,346,161,314,367,224,223
390: 405,345,283,222,322
391: 123,439,432,110
392: 399,143,105,420,101,306,246,281
393: 305,102,131
394: 138,255,154,366,376,146
395: 306,163,466,281,247
396: 190,353,153,438,356,120,411,162,450,269
397: 322,499,282,154,366
398: 149,172,139,323,277,186,312,118,464,488
399: 392,143,420,101,306,230,246,281,247
400: 280,239,453,107,489,496,127,364,471,238,360,207
401: 497,319,300,125,444,215,253
402: 206,417,304,345,283,245
403: 299,425,271,249,258,119,166,113
404: 160,237
405: 345,390
406: 144,473,174,270,382,481,417
407: 337,433,449,237,257,414,266,340,383
408: 410,165,303
409: 491,348,352,474,209,177,291,470
410: 408,165,363,197,429,303,171,136
411: 178,467,356,190,396,353,162,450
412: 298,125,292,117,195
413: 267,103
414: 257,286,266,433,456,337,407,383
415: 208,128,428,451,327,157,248
416: 
417: 406,481,304,206,402,345,283
418: 321,256,124,318,104,320,150,448
419: 365
420: 105,101,166,143,189,263,294,443,399,392,306,466
421: 213,309,133,372,457,210,109
422: 194,458,261,268,275,331,446,325,218,357,198
423: 203,197,429,303,171,336,278
424: 250,289,255,180
425: 271,403,299
426: 279,159,370,469,202,373
427: 168,135,103
428: 128,208,415,451,327,242,315
429: 303,171,165,410,136,203,423
430: 159,370,202,373,217,333,346
431: 354,368,344,120,484
432: 123,391,439,111,110,455,380,155
433: 449,456,237,337,407,257,414,286,266
434: 146,176,154,366,376
435: 307,347,464,488,342,328,235,174,270
436: 229,489,496,127
437: 195,456,214
438: 153,344,190,396,353,120
439: 123,391,184,432
440: 158,377,240,204,156,468,141,313,493
441: 132,297,192,389,221,367,224,223
442: 170,136,494
443: 189,263,294,119,166,113,105,420,101,454,276,163
444: 141,313,125,482,215,253,401,319
445: 462,288,188,200,139,277,186,312
446: 194,422,198
447: 476,479,241
448: 321,418,318,104,320,150,227,349,498,326
449: 433,237,337,407,257,266
450: 162,356,190,396,353,178,411
451: 327,208,415,428,114,157,248,242,315
452: 152,359,158
453: 239,455,380,460,107,364,471,280,400
454: 276,113,189,263,294,443,163
455: 380,432,110,460,155,239,453,107
456: 117,433,195,437,337,257,414,286,266
457: 372,309,421,160,210,109,211,252
458: 360,207,261,268,201,121,275,385,331,422
459: 187,133,367,100,169
460: 155,110,455,380,239,453,107,489,127
461: 115,148,111,110,233,374
462: 445,288,188,200,139,277,186,312,347,488
463: 384,317
464: 347,488,277,186,312,398,149,172,342,328,307,435,235
465: 185,168,427
466: 163,420,101,294,306,281,247,395
467: 231,356,178,411
468: 156,377,440,141,313,265,493
469: 159,370,334,279,426,202
470: 409,474,291
471: 364,239,453,107,280,400,360,207
472: 193,205
473: 475,144,332,254,406,382
474: 167,490,348,409,329,291,470
475: 181,144,332,254,473
476: 479,447
477: 302,485,102,122
478: 262,272
479: 476,447,241
480: 381,134
481: 273,174,270,406,417,304
482: 125,141,298,444,319
483: 291,156,274
484: 431,354,368,120,269
485: 477,302,102,122
486: 240,204,212
487: 244
488: 347,464,462,288,277,186,312,398,172,342,328,307,435
489: 496,127,460,436,107,400,238
490: 167,180,371,491,348,474
491: 348,409,226,371,490,352,209,291
492: 336,145,308
493: 313,265,440,156,468,274,141,215
494: 170,442,139,323
495: 211,252,259,137
496: 489,127,436,107,280,400,238
497: 401,319,300,125,253,214
498: 326,150,448,227,287
499: 322,310,222,282,138,397
500: 1044,746,1116,955,1125,1158
501: 583,763
502: 669,853,626,1094,810,840,506
503: 851,1183,1069,961,1191
504: 703,827,1023,1188,1000,755,1163
505: 973,793
506: 669,502,840,510,738,1030,534,833
507: 
508: 1159,574
509: 1133,962,537,1176
510: 738,1024,840,506,591,1030,534
511: 966,733,781,568,935
512: 611,863
513: 874,1158,1010,1052,622,879
514: 541,923,572,1011,1164,566,1043
515: 665,1046,626,1094,846,853,842
516: 777,1026,630,583
517: 958,768,1127,661,980,886,1006,1085
518: 656,764,779,1098
519: 963,590,1032,1011,572
520: 686
521: 1029,687
522: 792,775,807,892,888,770
523: 599,859,1053,702,571,695
524: 911,904,879,681
525: 1132,615,712
526: 612,1172
527: 905,1113,1031,928,615,602
528: 678,1117,653,529,744,548,545,1101,584
529: 744,762,977,653,548,528,678,1117
530: 1161,800,870,991,933
531: 1148,938
532: 989,600,782
533: 951,1121,674
534: 1030,840,506,510,738,833,1150
535: 1125,597,734,774,1136,966
536: 1077,561,635
537: 1176,509,636,962,1016
538: 726,603,930,1021,1073,647
539: 706,737,766,555,1024,832,1054,978,1099
540: 939,727,630,583,763
541: 514,923,572,566,1043
542: 632,710,563,896,725,1027
543: 682,580,721,995,985,1015
544: 843,654,838,799
545: 1101,584,548,528,678,1117,680
546: 606,1192,585,802
547: 614,1120,1012,854,653,1127
548: 653,529,528,678,1117,545,1101
549: 684,902
550: 1193,941,872,929,1013,590,1032,1011
551: 825,932,576,767
552: 661,980,824
553: 765,776,1047,1092,895,751,996,887,1083
554: 988,970,891,619,1064,722,690
555: 766,539,706,737,1024
556: 788,679,696,581,994,1146
557: 1061,570,831,860,1185
558: 1137,698,559,870,715,1140
559: 558,1137,698,715,1140
560: 
561: 536,635
562: 747,1181
563: 542,594,1130,896,725,1126,1142
564: 1056,1169
565: 837,662
566: 1164,929,877,590,1032,1011,916,514,541,923,572
567: 1100,1145,649,631
568: 935,511,733
569: 785,1048,968,865,805
570: 1061,557,831
571: 884,954,702,523,695,760
572: 514,541,923,590,1032,1011,1164,566,519,963
573: 819,588,578,813,1125,597,734,774
574: 634,508,1159,825
575: 808,971,666,922,882,1001,640,1188
576: 767,551,932,1077,761
577: 1123,1087,1119,1005,812,676
578: 1035,862,955,573,819,588,1044,597
579: 747,1181,1055
580: 682,543,995,985,1015
581: 696,663,1141,1162,679,1072,556
582: 613,1013
583: 630,540,516,777,763,501
584: 545,1101,528,678,680
585: 1192,546,606,1161
586: 821,969,907,605,1019,1034
587: 1136,966,984
588: 573,819,578,813,597,734,774
589: 850,729,608
590: 1032,1011,550,929,877,1164,566,519,963,572
591: 1099,1054,978,510,738,937,1150
592: 
593: 704
594: 1130,563,1142
595: 1103,629
596: 759,852,1002
597: 578,573,819,588,813,1125,734,774,535
598: 1058,912,1079,924,868
599: 859,867,956,1053,954,702,523
600: 532
601: 714,823,700,794,866
602: 527,1113,928,615,1175,724
603: 538,726,930,1021
604: 1104
605: 586,1019,1034,757
606: 546,1196,1192,585
607: 1160
608: 847,729,589,746,1116,1178
609: 866,925,620,773,670,1124
610: 1147,1179,897,750,1168
611: 1070,512,863
612: 526
613: 582,647
614: 1120,1012,618,787,547,653
615: 527,1113,525,602,712
616: 1014,1066,828,731
617: 1122,699,1195,739,814
618: 829,614,1120,1012
619: 891,1064,554,988,722,690,918
620: 925,1146,609
621: 903,940
622: 513,733,781
623: 1020
624: 941,909,877
625: 1144,1070
626: 1094,1038,665,927,515,669,853,502
627: 694,948,1000,913,1014
628: 655
629: 595
630: 939,540,516,777,583
631: 1145,649,567
632: 710,1067,1173,542
633: 915,849,987
634: 952,818,574
635: 1077,536,561,1018
636: 828,1078,731,537,1176,1129
637: 962
638: 764
639: 1068,997
640: 652,1089,1001,808,971,575,708
641: 817,769,915,876,987,711,748
642: 985,1041
643: 868,766
644: 949
645: 818,898
646: 1018
647: 1073,538,1021,1067,613
648: 811,795,1028
649: 1145,957,1055,1100,1174,567,631
650: 881,957,1055,1174
651: 855,1039
652: 640,1089,1001,808,971,708
653: 614,762,977,547,529,744,548,528,1117
654: 791,843,1189,544
655: 628,675,789
656: 518,764,779,1098
657: 953,917,664,721,995
658: 750,1168
659: 1131,1156
660: 1180,934
661: 980,517,958,552
662: 837,565
663: 696,581,1162,967,1072
664: 1004,917,657,953
665: 1046,960,626,1094,515
666: 849,922,882,1001,808,575
667: 899,834,875,857,1190,861,1057
668: 831,860,1185,916,797
669: 853,502,626,1094,1112,810,840,506
670: 609,773,1124
671: 798,1106
672: 934,1193,909,872,550
673: 1179
674: 1121,1020,533,951
675: 974,655,701,789
676: 577,1123,812
677: 1143,793,709,689,1076
678: 528,1117,529,744,548,545,1101,584,680
679: 920,581,556,788
680: 678,545,1101,584,692,926
681: 879,911,904,1010,1052,524
682: 580,543,721,995,985
683: 1109,946,1071,1152
684: 902,771,1004,549
685: 693,936
686: 520
687: 521,942,979
688: 
689: 677,1143,1076
690: 722,554,891,619,1064,918,719,914
691: 889,820,709,1143
692: 926,680,1090,771,728
693: 936,685
694: 627,948,913,1014,1066
695: 702,523,571,760
696: 581,663,1162,967,1072,556
697: 1091,763,758,837
698: 558,1137,559,870,715
699: 617,1122,1195,739
700: 601,823
701: 974,675,1007
702: 599,859,867,884,954,523,571,695
703: 504,827,1023,1188,1000,1163
704: 593,1088,834,844,875
705: 1152,754
706: 539,737,766,555,832,1054,978
707: 1026
708: 742,1147,1001,640,652,1089,897
709: 691,889,677,1143
710: 632,801,1067,1173
711: 987,817,769,1118,915,641,748
712: 525,615
713: 
714: 601,823,967,1072,794,866,925
715: 870,991,558,1137,698,559,1029
716: 1149,982,1075
717: 981,780,945
718: 933
719: 722,690,918,914
720: 1066,1129
721: 657,953,995,985,682,580,543
722: 690,554,988,891,619,1064,918,719
723: 1063,781
724: 602,976,1175,1182,1060
725: 896,542,563,1027,1126,1142
726: 538,603,930
727: 939,1049,965,540
728: 1097,692,926,771
729: 589,847,608,1116
730: 911,904,1196
731: 636,828,1078,616,1014,1066,1129
732: 919,826,799,1068,1062,1138,892
733: 781,622,511,568,935,1063
734: 774,573,588,813,597,535,1136
735: 1049
736: 
737: 539,706,766,555,1024,832,1054,978
738: 510,840,506,1099,591,1030,534,1150
739: 1110,1195,617,1122,699
740: 1059
741: 992,772,1197,1166,839,1110
742: 708,1147,987,748,897
743: 1171,1082
744: 529,762,653,528,678,1117
745: 850,887,1035,862
746: 1116,847,608,955,1178,500,1044
747: 1181,796,562,579
748: 641,987,711,742,1147
749: 963,1095,1080
750: 610,1168,658
751: 996,1092,895,553
752: 1175,1086
753: 757,1194,783
754: 705,865
755: 1163,1188,504
756: 930,1021,801,1067
757: 605,753,783
758: 1091,883,697
759: 596,1002
760: 571,695
761: 1077,932,576,767,900,1189
762: 977,787,653,529,744
763: 540,583,697,501,837
764: 638,779,656,518
765: 553,1047,895,996,1105,1083
766: 555,643,539,706,737,1024
767: 576,825,551,932,761
768: 1127,854,894,517,958,886
769: 817,1118,845,915,641,987,711
770: 888,775,522,792,1108
771: 1090,692,926,684,902,728
772: 1197,1036,1166,1177,741,992,839
773: 609,670,1124
774: 734,573,819,588,813,597,535
775: 807,858,892,888,770,522
776: 1047,1092,887,553
777: 516,630,583
778: 858,838,919,1062,1138,807,892
779: 764,656,518,815,1098
780: 981,717,975
781: 733,622,511,723,1063
782: 532
783: 757,753
784: 944,1074,1144,856,1134
785: 569,1048,968,865,1022,805
786: 684,902,1004
787: 614,1012,762,977
788: 556,679,994,1146
789: 655,675,998,791,1135
790: 942,979
791: 789,1135,843,654
792: 522,892,770,989
793: 505,677
794: 866,925,601,714,823
795: 648,811,816
796: 983,1096,747
797: 1185,668
798: 1106,671
799: 826,544,919,1068,1062,732
800: 802,530,933
801: 1067,1021,756,1173,710
802: 546,606,585,800
803: 936
804: 1199,993,1102,855
805: 569,785,1048,968
806: 1133,964
807: 775,858,778,1062,1138,892,888,522
808: 971,575,666,922,1001,640,652,1188
809: 1017
810: 846,669,853,502,842
811: 648,795,1028,816
812: 1005,577,1123,988
813: 573,819,588,597,734,774
814: 1195,617
815: 779,1098,1053,906,1009
816: 795,811,833
817: 769,1118,845,915,876,641,987,711
818: 645,898,634
819: 573,588,1035,862,1083,578,813,597,774
820: 691,889
821: 586
822: 1131,910
823: 601,714,967,700,1072,794,866
824: 552,1186
825: 574,1159,551,932,767
826: 799,919,1068,732
827: 504,703,1023,1000,1163
828: 636,1078,731,616,1176,1129
829: 1002,618,1120,1012
830: 878,950,1156,986
831: 570,557,860,1185,1164,916,668
832: 1054,978,539,706,737,1099,937
833: 506,1030,534,816
834: 844,1088,704,875,899,667,1190
835: 990,1033,1038,927
836: 1016
837: 763,697,565,662
838: 544,919,858,778,1062,1138
839: 1110,772,1197,1166,1177,741,992
840: 1112,669,502,1024,506,510,738,1030,534
841: 
842: 515,846,810
843: 791,654,544
844: 834,1088,704,875,899,1190
845: 817,769,1118,915
846: 1046,515,810,842
847: 608,729,746,1116,1178
848: 1128,903,940
849: 666,633,922,1001
850: 745,589,1035,862
851: 503,1183,1069,961
852: 1154,596
853: 669,502,626,1094,515,810
854: 894,1120,547,768,1127
855: 804,1199,1102,651,1039
856: 1134,944,784,1074
857: 1190,1191,899,667,1057,1107
858: 778,838,1062,1138,775,807,892
859: 599,867,956,1053,702
860: 1185,557,831,916,668
861: 875,899,667,1057
862: 1035,850,745,955,578,819
863: 611,512,1160
864: 
865: 754,569,785,1048,968,1022
866: 794,925,601,714,823,609
867: 599,859,956,1084,702
868: 1079,598,643
869: 1028,1139
870: 1161,530,1114,991,558,1137,698,715
871: 1184,975,1087,1119
872: 934,672,1193,550,1013
873: 1111,1104,1196,1192,1042
874: 1158,1010,1052,513
875: 704,834,844,899,667,861
876: 817,885,641
877: 624,941,929,590,1011,1164,566
878: 830,950,1065,986
879: 681,911,904,1010,1052,513,524,1050
880: 997,989,1045
881: 1008,650
882: 922,666,575
883: 1091,894,758
884: 1051,954,702,949,571
885: 876
886: 768,1127,517,958,1006,1036,1085
887: 776,1047,745,553,1083
888: 770,775,807,892,522,1108
889: 691,820,709,1143
890: 1173,1170,1130
891: 619,1064,554,988,722,690
892: 858,778,1062,1138,732,775,807,888,522,792
893: 1157,908
894: 854,1120,883,768,1127
895: 1092,1047,751,996,765,553,1105
896: 725,542,1095,563,1027,1142
897: 708,742,1147,1089,610
898: 645,818
899: 667,834,844,875,857,1190,861
900: 998,932,1135,761,1189
901: 
902: 684,786,771,1004,549
903: 940,621,848,1141,1162
904: 911,730,1010,1052,524,879,681
905: 527,1113,1031,928
906: 815,1098,1053,1009
907: 969,999,586,1034
908: 893,1157
909: 1193,624,941
910: 1131,822
911: 904,730,1010,524,879,681
912: 1058,1079,598
913: 1000,627,694,948,1014
914: 690,918,719
915: 845,817,769,1118,633,641,987,711
916: 831,860,1185,1164,566,668
917: 1004,664,657,953
918: 619,1064,722,690,719,914
919: 838,826,799,778,1062,1138,732
920: 679
921: 1197,1186,992
922: 882,666,849,1001,808,971,575
923: 514,541,572,566,963,1043
924: 598,990,1033
925: 794,866,714,620,609
926: 692,680,1090,771,728
927: 835,1038,626,1112
928: 1031,527,905,1113,602,976
929: 941,550,877,590,1032,1011,1164,566
930: 603,538,726,1021,756
931: 945
932: 825,551,998,576,767,900,761
933: 530,800,718
934: 672,1180,660,1193,872
935: 568,511,733,1063
936: 693,803,685
937: 832,1054,1099,591
938: 1148,531,1037,1084
939: 1049,727,630,540
940: 903,621,848,1141,1162
941: 624,1193,909,550,929,877
942: 979,790,687
943: 1182,1060,1040
944: 784,1074,1144,856
945: 931,717,1167
946: 1122,683,1071,1152
947: 1070
948: 627,694,913
949: 1051,884,644
950: 830,878,1065,986
951: 533,1121,674
952: 1015,634
953: 657,917,664,721
954: 1051,884,599,702,571
955: 1035,862,746,1116,578,500,1044
956: 599,859,867
957: 1055,650,1100,1174,1145,649
958: 517,768,1127,661,980,886
959: 1171,1082
960: 665,1046
961: 1069,503,851
962: 509,637,537,1176,1016
963: 519,590,1032,923,572,749
964: 806,1133
965: 1115,727
966: 1136,535,511,587
967: 696,663,1072,714,823
968: 569,785,1048,865,1022,805
969: 907,999,586,1034
970: 554,988
971: 808,575,922,1001,640,652,1188
972: 1128,1198
973: 505
974: 701,675
975: 780,871,1132
976: 1031,928,982,1075,724,1182,1060
977: 762,787,653,529
978: 832,1054,539,706,737,1099,591
979: 942,790,687
980: 661,517,958,552
981: 780,717
982: 1075,976,716,1182,1060
983: 1096,796
984: 1136,587
985: 682,580,543,642,1015
986: 830,878,950,1194
987: 711,817,769,1118,915,633,641,748,742
988: 554,812,970,891,619,1064,722
989: 792,880,532
990: 924,1033,835
991: 1161,530,870,1137,715
992: 741,772,1197,921,839,1110
993: 804,1199,1102
994: 556,788,1146
995: 657,721,682,580,543
996: 751,1092,895,765,553,1105
997: 639,880,1045
998: 789,932,1135,900
999: 969,907
1000: 504,703,827,913,627
1001: 666,849,922,808,971,575,708,640,652
1002: 759,596,829
1003: 1154
1004: 684,902,917,664
1005: 1087,1105,577,1123,812
1006: 1036,1085,517,886
1007: 701
1008: 881
1009: 815,1098,906
1010: 1052,874,911,904,513,879,681
1011: 590,1032,929,877,1164,566,519,514,572
1012: 614,1120,829,618,787,547
1013: 872,550,582
1014: 1066,913,627,694,616,731
1015: 985,580,543,952
1016: 836,962,537,1176
1017: 809
1018: 635,646
1019: 1034,586,605
1020: 674,623
1021: 603,538,930,1073,647,756,801,1067
1022: 865,785,968
1023: 1188,504,703,827
1024: 766,555,1112,539,737,840,510
1025: 1150
1026: 707,516
1027: 542,1095,896,725,1080
1028: 648,811,869
1029: 715,521
1030: 534,840,506,510,738,833
1031: 928,527,905,1113,976
1032: 590,1011,929,566,519,963,572
1033: 924,990,835
1034: 1019,586,969,907,605
1035: 862,850,745,955,578,819
1036: 1006,1085,886,772,1197
1037: 1148,938,1155
1038: 835,927,626,1094
1039: 855,651,1114,1151
1040: 943,1086
1041: 642
1042: 1165,873,1111,1192
1043: 514,541,923
1044: 500,746,955,578,1125
1045: 997,880
1046: 665,960,1094,515,846
1047: 776,1092,895,887,765,553
1048: 569,785,968,865,805
1049: 939,735,727
1050: 879
1051: 884,954,1084,949
1052: 1010,874,1158,904,513,879,681
1053: 815,599,859,906,523
1054: 832,978,539,706,737,1099,591,937
1055: 957,579,650,1100,1174,1145,649
1056: 564,1169
1057: 667,857,861
1058: 912,1079,598
1059: 740
1060: 1182,976,982,1075,724,943
1061: 570,557
1062: 1138,838,919,799,858,778,732,807,892
1063: 723,733,781,935
1064: 891,619,554,988,722,690,918
1065: 878,950
1066: 1014,694,616,1078,731,720
1067: 801,1021,647,756,1173,632,710
1068: 826,799,732,639
1069: 961,503,851,1183,1191
1070: 947,625,611
1071: 1109,683,946,1152
1072: 967,696,581,663,714,823
1073: 647,538,1021
1074: 944,784,856,1134
1075: 982,976,716,1182,1060
1076: 677,689
1077: 761,576,536,1189,635
1078: 636,828,731,1066,1176,1129
1079: 1058,912,598,868
1080: 1095,749,1027
1081: 
1082: 743,1171,959
1083: 887,765,553,819
1084: 1148,938,867,1051
1085: 1006,1036,517,886
1086: 752,1040
1087: 1119,871,1184,1005,577,1123
1088: 704,834,844
1089: 640,652,708,1147,897
1090: 692,926,771
1091: 883,697,758
1092: 895,776,1047,751,996,553
1093: 
1094: 626,1038,665,1046,515,669,853,502
1095: 749,896,1027,1080
1096: 983,796
1097: 728,1195
1098: 779,656,518,815,906,1009
1099: 591,539,832,1054,978,738,937
1100: 957,1055,1174,1145,649,567
1101: 545,584,548,528,678,1117,680
1102: 804,1199,1165,855
1103: 1170,595
1104: 604,1196,873,1111,1192
1105: 895,996,765,1005
1106: 798,671
1107: 857
1108: 888,770
1109: 683,1071
1110: 839,1166,741,992,739
1111: 873,1104,1192,1042
1112: 927,669,1024,840
1113: 527,905,1031,928,615,602
1114: 1161,1039,870
1115: 965
1116: 746,729,847,608,955,1178,500
1117: 528,678,653,529,744,548,545,1101
1118: 817,769,845,915,987,711
1119: 1087,871,1184,577,1123
1120: 614,1012,829,618,854,894,547
1121: 674,533,951
1122: 617,699,1195,739,946
1123: 577,1087,1119,1005,812
1124: 609,773,670
1125: 573,500,1044,597,535
1126: 1142,563,725
1127: 768,854,894,547,517,958,886
1128: 972,1198,848
1129: 636,828,1078,731,720
1130: 594,890,563
1131: 910,822,659
1132: 975,525
1133: 806,964,509
1134: 856,784,1074
1135: 789,998,791,900,1189
1136: 966,734,535,984,587
1137: 558,698,559,870,991,715
1138: 1062,838,919,858,778,732,807,892
1139: 869
1140: 558,559
1141: 903,940,1162,581
1142: 1126,594,563,896,725
1143: 677,691,889,709,689
1144: 944,784,625
1145: 649,957,1055,1100,1174,567,631
1146: 556,788,994,620
1147: 708,742,748,1089,610,897
1148: 938,531,1037,1084
1149: 716
1150: 591,738,534,1025
1151: 1039
1152: 946,1071,705
1153: 
1154: 1003,852
1155: 1037
1156: 659,830
1157: 893,908
1158: 1178,500,874,1052,513
1159: 508,574,825
1160: 607,863
1161: 1165,585,530,1114,870,991
1162: 903,940,1141,696,581,663
1163: 755,1188,504,703,827
1164: 566,929,877,831,590,1011,916,514,572
1165: 1042,1102,1161
1166: 1177,772,741,839,1110
1167: 945
1168: 610,750,658
1169: 564,1056
1170: 1103,890
1171: 743,1082,959
1172: 526
1173: 801,1067,632,710,890
1174: 650,957,1055,1100,1145,649
1175: 602,724,752
1176: 537,509,636,828,1078,962,1016
1177: 1166,772,1197,839
1178: 847,608,746,1116,1158
1179: 673,610
1180: 660
1181: 747,562,579
1182: 1060,976,982,1075,943
1183: 503,851,1069
1184: 871,1087,1119
1185: 860,557,831,916,668,797
1186: 824,921
1187: 
1188: 808,971,575,1023,504,703,755,1163
1189: 1135,900,1077,761,654
1190: 857,834,844,899,667
1191: 1069,503,857
1192: 1104,1196,873,1111,546,606,1042,585
1193: 909,934,672,941,872,550
1194: 986,753
1195: 1097,739,617,1122,699,814
1196: 730,1104,873,1192,606
1197: 772,1036,1177,921,741,992,839
1198: 1128,972
1199: 804,1102,855
1202: 19,69,43,57,20,53,1209,14,1210,38,17,22,1,21,35,1211,1203,62,30,5,1207,71
1203: 62,30,5,1207,1209,14,1210,38,17,19,1202,69,1,21,35,1211,71,15,48,72,29,1208
1204: 44,26,82,56,64,12,3,6,98,46,33,65,95,83,2,86,31,74,42,61,1206,9,23,78,8,13,66
1205: 85,10,47,73,45,91,4,55,28,7,41,51,37,68,63,49,92,0,99,25,40,11,88,60,16,89,58,59,84,70
1206: 31,74,42,61,3,6,44,26,82,56,1204,46,33,83,2,86,9,23,78,8,13,66,91,4,55,28,7,41,51,37,68,63,49,92,0
1207: 1203,62,30,5,1209,14,1210,38,17,22,19,1202,69,1,21,35,1211,71,48,72,29,1208
1208: 29,1,21,35,1203,62,30,5,1207,71,15,48,72
1209: 14,1210,38,17,22,23,78,8,13,66,43,90,76,57,20,53,63,49,92,0,99,25,19,1202,69,88,60,16,89,1,21,35,1211,1203,62,30,5,1207
1210: 1209,14,38,17,22,23,78,8,13,66,43,90,76,57,20,53,63,49,92,0,99,25,19,1202,69,88,16,89,1,21,35,1211,1203,62,30,5,1207
1211: 1,21,35,63,49,92,0,99,25,1209,14,1210,38,17,22,19,1202,69,88,60,16,89,1203,62,30,5,1207,84,70,15,48,72