0: 1236,63,89,51,37,1205,10,1232,1230,49,22,99,1231,92,38,14,57,85,16,25,21,72,1211,1234,1209,1235,1214,45,84,1226,88,60,1239,70,1237,1238,140,1233
1: 1208,1203,25,21,72,1211,1234,1209,1235,1210,1229,1227,1228,1202,62,381,35,1237,1238,140,1233,199,30,5,1207,106,15,48,232,29
2: 68,41,103,86,1206,1242,1241,1243,31,1219,1225,1223,1222,1224,1220,1221,1240,91,4,413,51,37,1205,10,487,96,1218,47,55,28,7,85,16
3: 135,168,465,26,185,427,61,6,83,338,267,103,86,1206,1242,1241,1243
4: 91,413,338,267,103,86,1206,1242,1241,1243,79,94,219,68,41,2,358,386,487,96,1218,47,55,28,7
5: 199,30,1207,1210,1229,1227,1228,1202,62,381,35,71,1,1208,1203,480,48,232,29
6: 61,83,465,26,185,82,44,64,3,135,168,8,1204,74,56,103,86,1206,1241,1243,31,1219,1223,1224
7: 1218,47,55,28,91,4,413,68,41,2,51,37,1205,10,487,96,85,16,75,11,365,264,1217,1212,1216,1213,73,1215,40,32,58,1214,45,84,1226
8: 1204,74,56,26,185,82,44,64,98,46,173,12,61,6,83,66,9,95,33,1206,1242,1241,1243,31,1219,1225,1223,1222,1224,1220,1221,1240,23,78,42,76
9: 66,95,33,82,44,64,98,46,173,12,65,8,1204,74,56,67,43,31,1225,23,78,42,20,13
10: 51,37,1205,1206,1242,1241,1243,31,1219,1225,1223,1222,1224,1220,1221,1240,23,78,42,76,68,41,2,1232,1230,49,22,99,1231,92,1218,47,55,28,7,85,16,1236,63,89,0
11: 75,365,264,358,386,487,96,1218,47,55,28,7,244,1217,1212,1216,1213,73,1215,40,32,58,419,54,97,361,129
12: 98,46,173,384,80,179,116,93,216,463,183,308,82,44,64,65,8,74,56,66,9,95,33,67,43
13: 20,90,66,9,95,33,67,43,39,52,23,78,42,76,379,53,1232,1230,49,22,99,1231,92,38,14,57,17,19,69
14: 38,57,23,78,42,76,20,13,90,379,53,1232,1230,49,22,99,1231,92,17,19,69,1236,63,89,0,25,21,72,1211,1234,1209,1235,1210,1229,1227,1228
15: 106,88,60,70,1238,140,1,1203,416,24,48,232,50,81,225,220,476
16: 85,68,41,2,51,37,1205,10,1232,1230,49,22,99,1231,92,1218,47,55,28,7,1236,63,89,0,1217,1212,1216,1213,73,1215,40,32,58,1214,45,84,1226,88,60,1239,70
17: 19,69,20,13,90,379,53,130,339,38,14,57,134,182,25,21,72,1211,1234,1209,1235,1210,1229,1227,1228,1202,62,381,35
18: 54,97,361,129,365,1217,1212,1216,1213,73,1215,40,32,58,1214,45,84,1226,419,27,59,164,311,290,355
19: 17,69,20,13,90,379,53,130,339,38,14,57,134,182,25,21,72,1211,1234,1209,1235,1210,1229,1227,1228,1202,62,381,35
20: 13,90,66,9,95,33,67,43,39,52,23,78,42,76,379,53,1232,1230,49,22,99,1231,92,38,14,57,17,19,69
21: 25,72,1211,1234,1209,1235,49,22,99,1231,92,38,14,57,17,19,69,1236,63,89,0,1210,1229,1227,1228,88,1239,70,1237,1238,140,1233,1
22: 1232,1230,49,99,1231,92,31,1219,1225,1223,1222,1224,1220,1221,1240,23,78,42,76,20,13,90,51,37,1205,10,38,14,57,85,16,1236,63,89,0,25,21,72,1211,1234,1209,1235
23: 78,42,76,8,1204,74,56,66,9,95,33,67,43,31,1219,1225,1223,1222,1224,1220,1221,1240,20,13,90,51,37,1205,10,1232,1230,49,22,99,1231,92,38,14,57
24: 416,1214,45,84,88,60,1239,70,140,27,59,164,106,15,290,355,50,81,225,220
25: 21,72,1211,1234,1209,1235,1232,49,22,99,1231,92,38,14,57,17,19,69,1236,63,89,0,1210,1229,1227,1228,88,1239,70,1237,1238,140,1233,1
26: 185,77,317,384,80,179,116,465,82,44,64,3,135,168,61,6,83,8,1204,74,56
27: 59,164,1213,73,1215,58,1214,45,84,1226,88,60,70,18,54,97,361,129,416,24,311,290,355,50,225
28: 1218,47,55,7,91,4,413,68,41,2,37,10,487,96,85,16,75,11,365,264,1217,1212,1216,1213,73,1215,40,32,58,1214,45,84,1226
29: 48,232,140,1,1208,1203,199,30,5,106,220,476
30: 199,5,1207,1229,1227,1228,1202,62,381,35,71,1,1208,1203,480,232,29
31: 1219,1225,1223,1222,1224,1220,1221,1240,61,6,83,8,1204,74,56,66,9,95,33,1206,1242,1241,1243,23,78,42,76,68,41,2,51,37,1205,10,1232,1230,49,22,99,1231,92
32: 1217,1212,1216,1213,73,1215,40,58,487,96,1218,47,55,28,7,85,16,75,11,365,264,1214,45,84,1226,419,18,54,97,361,129,59,164
33: 66,9,95,82,44,64,98,46,173,12,65,8,1204,74,56,67,43,31,1219,1225,1223,1222,1224,1220,1221,1240,23,78,42,76,20,13,90
34: 301,87,39,52,36,284
35: 1202,62,381,17,19,69,134,182,251,1210,1229,1227,1228,71,1,1208,1203,199,30,5,1207,480
36: 284,87,34,39,52,379,53,130,339
37: 51,1205,10,1206,1242,1241,1243,31,1219,1225,1223,1222,1224,1220,1221,1240,23,78,42,76,68,41,2,1232,1230,49,22,99,1231,92,1218,47,55,28,7,85,16,1236,63,89,0
38: 14,57,23,78,42,76,20,13,90,379,53,1232,1230,49,22,99,1231,92,17,19,69,1236,63,89,0,25,21,72,1211,1234,1209,1235,1210,1229,1227,1228
39: 52,65,87,34,67,43,36,284,20,13,90,379,53,130,339
40: 1217,1212,1216,1213,73,1215,32,58,487,96,1218,47,55,28,7,85,16,75,11,365,264,1214,45,84,1226,419,18,54,97,361,129,59,164
41: 68,2,103,86,1206,1242,1241,1243,31,1219,1220,1221,1240,91,4,413,51,37,1205,10,487,96,1218,47,55,28,7,85,16
42: 23,78,76,8,1204,74,56,66,9,95,33,67,43,31,1219,1225,1223,1222,1224,1220,1221,1240,20,13,90,51,37,1205,10,1232,1230,49,22,99,1231,92,38,14,57
43: 67,98,46,173,12,65,87,66,9,95,33,39,52,23,78,42,76,20,13,90,379,53
44: 82,64,317,384,80,179,116,93,216,463,26,185,98,46,173,12,61,6,83,8,1204,74,56,66,9,95,33
45: 1214,84,1226,1218,47,55,28,7,85,16,1236,63,89,0,1217,1212,1216,1213,73,1215,40,32,58,88,60,1239,70,18,54,97,361,129,27,59,164,416,24
46: 98,173,12,384,179,116,93,216,463,183,308,82,44,64,65,8,1204,74,56,66,9,95,33,67,43
47: 1218,55,28,7,91,4,413,68,41,2,51,37,1205,10,487,96,85,16,75,11,365,264,1217,1212,1216,1213,73,1215,40,32,58,1214,45,84,1226
48: 232,29,1237,1238,140,1233,1,1208,1203,199,5,106,15,220,476
49: 1232,1230,22,99,1231,92,31,1219,1225,1223,1222,1220,1221,1240,23,78,42,76,20,13,90,51,37,1205,10,38,14,57,85,16,1236,63,89,0,25,21,72,1211,1234,1209,1235
50: 81,225,27,164,416,24,106,15,290,355,220
51: 37,1205,10,1206,1242,1241,1243,31,1219,1225,1223,1222,1224,1220,1221,1240,23,78,42,76,68,41,2,1232,1230,49,22,99,1231,92,1218,47,55,7,85,16,1236,63,89,0
52: 39,65,87,34,67,43,36,284,20,13,379,53,130,339
53: 379,67,43,39,52,36,284,20,13,90,130,339,38,14,57,17,19,69,134,182
54: 18,97,361,129,75,11,365,264,1217,1212,1216,1213,73,1215,40,32,58,1214,45,84,1226,419,27,59,164,311,290,355
55: 1218,47,28,7,91,4,413,68,41,2,51,37,1205,10,487,96,85,16,75,11,365,264,1217,1212,1216,1213,73,1215,40,32,58,1214,45,84,1226
56: 8,1204,74,26,185,82,44,64,98,46,173,12,61,6,83,66,9,95,33,1206,1242,1241,1243,31,1219,1225,1223,1222,1224,1220,1221,1240,23,78,42,76
57: 38,14,23,78,42,76,20,13,90,379,53,1232,1230,49,22,99,1231,92,17,19,69,1236,63,89,0,25,21,72,1211,1234,1209,1235,1210,1229,1227,1228
58: 1217,1212,1216,1213,73,1215,40,32,1218,47,55,28,7,85,16,75,11,365,264,1214,45,84,1226,419,18,54,97,361,129,27,59,164
59: 27,164,1217,1212,1216,1213,73,1215,40,32,58,1214,45,84,1226,88,60,70,18,54,97,361,129,416,24,311,290,355,225
60: 88,1239,70,85,16,1236,63,89,0,72,1234,1235,1214,45,84,1237,1238,140,1233,27,59,164,416,24,106,15
61: 6,83,465,26,185,82,44,64,3,135,168,8,1204,74,56,103,86,1206,1242,1241,1243,31,1219,1225,1223,1224,1220,1221
62: 1202,381,35,17,19,69,134,182,251,126,1210,1229,1227,1228,71,1,1208,1203,199,30,5,1207,480
63: 1236,89,0,51,37,1205,10,1232,1230,49,22,99,1231,92,38,14,57,85,16,25,21,72,1211,1234,1209,1235,1214,45,84,1226,88,60,1239,70,1237,1238,140,1233
64: 82,44,317,384,80,179,116,93,216,463,26,185,46,173,12,61,6,83,8,1204,74,56,66,9,33
65: 93,216,463,183,308,301,98,46,173,12,87,66,9,95,33,67,43,39,52
66: 9,95,33,82,44,64,98,46,173,12,65,8,1204,74,56,67,43,31,1219,1225,1223,1222,1224,1220,1221,1240,23,78,42,76,20,13,90
67: 43,98,46,173,12,65,87,66,9,95,33,39,52,23,78,42,76,20,13,90,379,53
68: 41,2,103,86,1206,1242,1241,1243,31,1219,1225,1223,1222,1224,1220,1221,1240,91,4,413,51,37,1205,10,487,96,1218,47,55,28,7,85,16
69: 17,19,20,13,90,379,53,130,339,38,14,57,134,182,25,21,72,1211,1234,1209,1235,1210,1229,1227,1228,1202,62,381,35
70: 88,60,1239,85,16,1236,63,89,0,25,21,72,1211,1234,1209,1235,1214,45,84,1226,1237,1238,140,1233,27,59,164,416,24,106,15
71: 134,251,126,1202,62,381,35,199,30,5,1207,480
72: 25,21,1211,1234,1209,1235,1232,1230,49,22,99,1231,92,38,14,57,17,19,69,1236,63,89,0,1210,1229,1227,1228,88,60,1239,70,1237,1238,140,1233,1,1208,1203
73: 1217,1212,1216,1213,1215,40,32,58,487,96,1218,47,55,28,7,85,16,75,11,365,264,1214,45,84,1226,419,18,54,97,361,129,27,59,164
74: 8,1204,56,26,185,82,44,64,98,46,173,12,61,6,83,66,9,95,33,1206,1242,1241,1243,31,1219,1225,1223,1222,1224,1220,1221,1240,23,78,42,76
75: 11,365,264,358,386,487,96,1218,47,55,28,7,244,1217,1212,1216,1213,73,1215,40,32,58,419,54,97,361,129
76: 23,78,42,8,74,56,66,95,33,67,43,31,1219,1225,1223,1222,1220,1221,1240,20,13,90,51,37,1205,10,1232,1230,49,22,99,1231,92,38,14,57
77: 262,317,465,26,185
78: 23,42,76,8,1204,74,56,66,9,95,33,67,43,31,1219,1225,1223,1222,1224,1220,1221,1240,20,13,90,51,37,1205,10,1232,1230,49,22,99,1231,92,38,14,57
79: 94,219,338,267,103,86,229,91,4,413,358,386,487
80: 384,179,116,317,93,216,463,26,185,44,64,98,173,12
81: 50,225,164,416,24,106,15,290,355,220
82: 44,64,317,384,179,116,216,463,26,185,98,46,173,12,61,6,83,8,1204,74,56,66,9,33
83: 61,6,465,26,185,82,44,64,3,135,168,8,1204,74,56,103,86,1206,1242,1241,1243,31,1219,1225,1223,1222,1224,1220,1221,1240
84: 1214,45,1226,1218,47,55,28,7,85,16,1236,63,89,0,1217,1212,1216,1213,73,1215,40,32,58,88,60,1239,70,18,54,97,361,129,27,59,164,416,24
85: 16,68,41,2,51,37,1205,10,1232,1230,49,22,99,1231,92,1218,47,55,28,7,1236,63,89,0,1217,1212,1216,1213,73,1215,40,32,58,1214,45,84,1226,88,60,1239,70
86: 103,427,3,135,168,61,6,83,338,267,1206,1242,1241,1243,79,94,219,91,4,413,68,41,2
87: 183,308,301,65,34,67,43,39,52,36,284
88: 60,1239,70,85,16,1236,63,89,0,25,21,72,1211,1234,1209,1235,1214,45,84,1226,1237,1238,140,1233,27,59,164,416,24,106,15
89: 1236,63,0,51,37,1205,10,1232,1230,49,22,99,1231,92,38,14,57,85,16,25,21,72,1211,1234,1209,1235,1214,45,84,1226,88,60,1239,70,1237,1238,140,1233
90: 20,13,66,95,33,67,43,39,23,78,42,76,379,53,1232,1230,49,22,99,1231,92,38,14,57,17,19,69
91: 4,413,338,267,103,86,1206,1242,1241,1243,79,94,219,68,41,2,358,386,487,96,1218,47,55,28,7
92: 1232,1230,49,22,99,1231,31,1219,1225,1223,1222,1224,1220,1221,1240,23,78,42,76,20,13,90,51,37,1205,10,38,14,57,85,16,1236,63,89,0,25,21,72,1234,1235
93: 216,463,384,80,179,116,183,308,44,64,98,46,173,12,65
94: 79,219,338,267,103,86,91,4,413,358,386,487
95: 66,9,33,44,98,46,173,12,65,8,74,56,67,43,31,1219,1225,1223,1222,1220,1240,23,78,42,76,20,13,90
96: 487,91,4,413,68,41,2,358,386,1218,47,55,28,7,244,75,11,365,264,1217,1212,1216,1213,73,1215,40,32
97: 18,54,361,129,75,11,365,264,1217,1212,1216,1213,73,1215,40,32,58,1214,45,84,1226,419,27,59,164,311,355
98: 46,173,12,384,80,179,116,93,216,463,183,308,82,44,65,8,74,56,66,9,95,33,67,43
99: 1232,1230,49,22,1231,92,31,1222,1220,1221,1240,23,78,42,76,20,13,90,51,37,1205,10,38,14,57,85,16,1236,63,89,0,25,21,72,1234,1235
100: 112,132,367,187,224,459
101: 306,466,263,420,105,294,392,246,395,281
102: 477,302,485,236
103: 86,427,3,135,168,61,6,83,338,267,1206,1242,1241,1243,79,94,219,91,4,413,68,41,2
104: 387,362
105: 263,420,142,119,166,143,189,294,392,101,306
106: 15,88,60,1239,70,1237,1238,140,1233,1,1208,1203,416,24,48,232,29,50,81,225,220,476
107: 489,400,155,127,436,471,238,496,207
108: 387,321,362,227,349
109: 210,187,421,133,372,457,137,211
110: 460,380,439,391,432
111: 
112: 367,100
113: 258,147,166,189,443,454,276
114: 157,248,451,151
115: 461,233,432,374
116: 384,80,179,317,93,216,463,26,185,82,44,64,98,46,173,12
117: 482,241,412,497,298,266,292,437,195
118: 
119: 403,142,166,263,420,105,189
120: 438,431,354,368,396,269
121: 458,280,238,360,261,201,385,243,275,331
122: 324,477,302,175,293,316
123: 184,247,439,461
124: 
125: 482,212,141,319,444,298
126: 251,130,339,134,182,62,381,71
127: 432,155,436,471,489,400,107
128: 415,208,428,248,451
129: 18,54,97,361,75,11,365,264,1217,1212,1216,1213,73,1215,40,32,58,1214,45,84,1226,419,27,59,164,311,290,355
130: 339,39,52,36,284,379,53,17,19,69,134,182,251,126
131: 285,393,305,236,175
132: 367,192,389,221,100,314,224,459
133: 421,213,309,187,372,457,210,109
134: 182,379,53,130,339,17,19,69,251,126,1210,1229,1227,1228,1202,62,381,35,71
135: 3,168,465,26,185,427,61,6,83,338,267,103,86,1206,1241,1243
136: 429,303,171,442,188,200,170
137: 211,109,252,495
138: 397,499,322,282,366
139: 277,442,494,200,445,170,323,398,186,149
140: 1237,1238,1233,1236,63,89,0,25,21,72,1211,1234,1209,1235,1210,1229,1227,1228,88,60,1239,70,1,1208,1203,416,24,106,15,48,232,29
141: 313,440,156,125,253,319,444,215
142: 403,119,143,263,420,105
143: 142,263,420,105,392,306,466
144: 332,254,235,473,270,406
145: 216,463,183,308,301
146: 394,154,366,376,176
147: 258,299,242,351,350,113
148: 461,233
149: 277,139,323,398,186,464,347,172,328,312
150: 418,256,326,448
151: 375,175,114
152: 452,377,158
153: 344,438,396,353
154: 366,499,394,376,146
155: 460,380,432,455,127,239,471,107
156: 440,158,240,468,141,313
157: 248,451,415,335,114,315
158: 152,240,440,156
159: 370,469,279,426,217
160: 404,237,372,252,340
161: 314,389,221,378,333,223
162: 190,396,178,411,450,269,260
163: 229
164: 27,59,1217,1212,1216,1213,73,1215,40,32,58,1214,45,84,1226,88,60,1239,70,18,54,97,361,129,416,24,311,290,355,50,81,225
165: 363,205,410,303,197,171
166: 403,119,113,263,420,105,189,443,294
167: 490,348,329
168: 3,135,465,26,185,427,61,6,83,338,267,103,86,1206,1242,1241,1243
169: 459,210
170: 200,445,136,442,494,188,277,139,186
171: 165,363,410,303,197,429,136,203,423
172: 342,328,312,149,464,347,181,196,307,435,235,332
173: 98,46,12,384,80,179,116,93,216,463,183,308,82,44,64,65,8,1204,74,56,66,9,95,33,67,43
174: 270,435,406,273,481
175: 375,285,131,122,324,293,151
176: 146,490
177: 291,409,377,474,483
178: 411,450,467,356,162,190
179: 384,80,116,317,93,216,463,26,185,82,44,64,98,46,173,12
180: 424,226,490,371,348
181: 196,172,328,312,475,254,332
182: 134,379,53,130,339,17,19,69,251,126,1210,1229,1227,1228,1202,62,381,35
183: 308,145,93,216,463,301,98,46,173,12,65,87
184: 123,230,247,246,439,461
185: 26,77,317,384,80,179,116,465,82,44,64,3,135,168,61,6,83,8,1204,74,56
186: 200,445,170,277,139,323,149,462,488,464,347
187: 213,100,421,133,459,210,109
188: 136,442,200,445,170
189: 443,294,119,166,113,263,105,454,276
190: 162,356,396,353,178,411,450,269
191: 
192: 389,221,297,346,132,367,314
193: 472,205,197,492,336
194: 422,331,218,357,198,318
195: 214,117,412,497,298,292,437
196: 181,342,172,328,312,475,254,332
197: 205,165,363,410,193,171,336,203,423
198: 318,194,422,357,256
199: 30,5,1207,1210,1229,1227,1228,1202,62,381,35,71,1,1208,1203,480,48,232,29,204
200: 445,170,136,442,188,139,186
201: 385,243,364,360,121,275
202: 227,334,287,279,426
203: 423,197,171,336,278
204: 199,480,352,447
205: 472,165,363,193,197
206: 402,273,417,304,222,330,283
207: 238,496,471,489,400,107,280,458
208: 415,128,428
209: 452
210: 109,187,421,133,457,169
211: 137,109,252,495
212: 240,486,125
213: 309,187,421,133,457
214: 195,412,497,292,300
215: 141,313,265,493,253,319,444,401
216: 93,463,145,384,80,179,116,183,308,82,44,64,98,46,173,12,65
217: 426,159,370,373,430,346
218: 325,385,275,194,422,331,357
219: 79,94,338,267,103,86,229,91,4,413,358,386,487
220: 416,24,106,15,48,232,29,50,81,225,476
221: 192,389,297,346,132,161,314
222: 417,405,206,402,310,283,345
223: 161,314,224,333
224: 389,132,367,100,314,459,223
225: 50,81,27,59,164,416,24,106,15,290,355,220
226: 424,180,371,348
227: 349,321,108,320,287,202
228: 373,430
229: 163,338,267,79,219,358,386
230: 399,247,246,184
231: 467,356
232: 48,29,1237,1238,140,1233,1,1208,1203,199,30,5,1207,106,15,220,476,447
233: 461,148,115,374
234: 296,369
235: 347,342,172,328,312,307,435,144,332,270,406
236: 393,305,477,102,302,285,131
237: 404,160
238: 496,207,489,400,107,280,360,458,121,261,268
239: 455,155,453,471
240: 486,158,440,156,212
241: 117,292
242: 299,271,249,351,350,147
243: 201,385,121,275
244: 358,386,487,96,75,11,365,264,419
245: 
246: 247,101,466,230,281,184
247: 246,466,230,281,184,123
248: 157,451,415,128,335,114
249: 271,299,242,425
250: 255
251: 126,130,339,134,182,1202,62,381,35,71
252: 160,137,211,495
253: 319,444,141,313,215,497,401
254: 475,181,196,144,332,473,382
255: 250
256: 325,357,198,321,150,418
257: 286,266,437,407,383,414,456
258: 147,299,351,113
259: 337
260: 162,269,484
261: 268,238,496,458,121,422,331
262: 369,77,465
263: 420,105,142,119,166,143,189,443,294,101,306,466
264: 75,11,365,358,386,487,96,1218,47,55,28,7,244,1217,1212,1216,1213,73,1215,40,32,58,419,54,97,361,129
265: 493,468,274,215
266: 117,292,437,257,286
267: 338,427,3,135,168,103,86,229,79,94,219,91,4,413
268: 261,238,496,458,422,331
269: 396,120,162,190,260
270: 174,307,435,235,144,406,481
271: 249,242
272: 315,478
273: 481,174,304,206
274: 483,468,265
275: 458,121,201,385,243,422,331,325,218,357
276: 454,113,189,443,294
277: 139,494,445,170,323,398,186,149
278: 203,423
279: 426,334,202,159,370,469,373
280: 400,238,496,207,364,360,458,121
281: 395,101,306,247,246
282: 310,322,345,397,499,138
283: 206,402,222,310,322,345
284: 36,87,34,39,52,379,53,130,339
285: 131,393,305,236,335,175
286: 257,266,437,407,383,414,456
287: 326,227,349,320,202
288: 
289: 295,394,424,376
290: 355,18,54,361,129,27,59,164,416,24,311,50,81,225
291: 177,409,377,470,474,483
292: 437,241,117,412,497,298,266,214,195
293: 122,324,175,316
294: 189,443,166,263,105,454,276,101,306
295: 341,289
296: 234
297: 343,346,192,389,221
298: 412,497,125,482,444,117,292,195
299: 242,249,351,403,258,147
300: 497,401,214
301: 145,183,308,65,87,34
302: 477,102,485,236,122,324
303: 410,165,171,429,136
304: 273,481,206,402,330
305: 393,236,285,131
306: 101,466,143,263,420,105,294,392,281
307: 435,488,464,347,342,172,235,270
308: 183,145,93,216,463,301,98,46,173,12,65,87
309: 213,421,133,372,457
310: 405,390,222,283,322,345,282
311: 419,18,54,97,361,129,27,59,164,290,355
312: 342,172,328,149,464,347,181,196,235,332
313: 141,440,156,468,253,319,444,215
314: 161,192,389,221,132,367,224,378,333,223
315: 327,428,157,272
316: 122,324,293
317: 77,384,80,179,116,465,26,185,82,44,64
318: 198,194,387
319: 253,444,141,313,125,215,497,401
320: 418,326,227,287
321: 256,108,387,418,326,227,349
322: 345,310,283,282,397,499,138
323: 398,494,277,139,186,149
324: 122,477,302,375,175,293,316
325: 218,275,357,256
326: 321,150,418,349,320,287
327: 315,428,451,350
328: 342,172,312,149,464,347,181,196,435,235,332
329: 167
330: 304,206,341
331: 194,422,458,121,261,268,275,218,357
332: 144,342,172,328,312,181,196,475,254,235,406
333: 161,314,378,223
334: 362,202,279,426,469
335: 285,415,157,248,451
336: 193,197,492,203,423
337: 407,340,383,414,259
338: 267,427,3,135,168,103,86,229,79,94,219,91,4,413
339: 130,39,52,36,284,379,53,17,19,69,134,182,251,126
340: 160,337,407
341: 330,295
342: 172,328,312,464,347,196,307,435,235,332
343: 297
344: 153,438
345: 322,222,310,283,282
346: 297,217,192,389,221
347: 464,186,149,488,342,172,328,312,307,435,235
348: 226,180,490,371,167,491
349: 227,321,108,387,326,287
350: 351,327,242,147
351: 350,299,242,258,147
352: 480,204
353: 396,153,438,356,411,190
354: 431,368,438,120
355: 290,18,54,97,361,129,27,59,164,416,24,311,50,81,225
356: 231,467,396,353,178,411,450,190
357: 275,194,422,331,325,218,198,256
358: 386,229,79,94,219,91,4,413,487,96,244,75,11,365,264
359: 452
360: 280,238,364,458,121,201,385
361: 18,54,97,129,75,11,365,264,1217,1212,1216,1213,73,1215,40,32,58,1214,45,84,1226,419,27,59,164,311,290,355
362: 104,108,387,334
363: 165,205,410,197,171
364: 280,360,201
365: 75,11,264,358,386,487,96,1218,47,55,28,7,244,1217,1212,1216,1213,73,1215,40,32,58,419,18,54,97,361,129
366: 154,397,499,138,394,376,146
367: 132,112,192,389,100,314,224,459
368: 431,354,438,120
369: 234,262
370: 159,469,279,426,373,430,217
371: 226,180,348,491
372: 457,309,421,133,160,109
373: 430,279,426,370,469,228,217
374: 233,115
375: 175,324,151
376: 289,394,154,366,146
377: 491,152,291,177,409
378: 161,314,333
379: 53,67,43,39,52,36,284,20,13,90,130,339,38,14,57,17,19,69,134,182
380: 110,460,391,432,455,155
381: 1202,62,35,17,19,69,134,182,251,126,1210,1229,1227,1228,71,1,1208,1203,199,30,5,1207,480
382: 473,475,254
383: 414,257,286,337,407,456
384: 80,179,116,317,93,216,463,26,185,82,44,64,98,46,173,12
385: 201,243,360,121,275,218
386: 358,229,79,94,219,91,4,413,487,96,244,75,11,365,264
387: 108,318,104,321,362,349
388: 
389: 192,221,297,346,132,367,161,314,224
390: 405,310
391: 439,110,460,380
392: 143,420,105,399,101,306,466
393: 305,236,285,131
394: 499,289,154,366,376,146
395: 281,101
396: 353,153,438,356,120,411,450,162,190,269
397: 499,138,322,282,366
398: 323,277,139,149
399: 392,230
400: 489,107,127,471,280,238,496,207
401: 253,319,215,300
402: 206,481,417,304,222,283
403: 299,425,142,119,166
404: 237,160
405: 390,222,310
406: 235,144,332,473,174,270,481,417
407: 337,257,286,340,383,414
408: 
409: 291,177,377,491,470,474,483
410: 303,165,363,197,171,429
411: 178,450,467,356,396,353,162,190
412: 497,298,482,117,292,437,214,195
413: 91,4,338,267,103,86,1206,1242,1241,1243,79,94,219,68,41,2,358,386,487,96,47,55,28,7
414: 383,257,286,337,407,456
415: 128,208,335,157,248,451
416: 24,1214,45,84,88,60,1239,70,1237,1238,140,1233,27,59,164,106,15,290,355,50,81,225,220
417: 406,481,304,206,402,222
418: 150,256,321,326,320
419: 244,75,11,365,264,1217,1212,1216,1213,73,1215,40,32,58,18,54,97,361,129,311
420: 263,105,142,119,166,143,392,101,306,466
421: 133,213,309,187,372,457,210,109
422: 194,331,261,268,275,218,357,198
423: 203,197,171,336,278
424: 289,226,180
425: 249,403
426: 279,334,202,159,370,469,373,430,217
427: 465,3,135,168,338,267,103,86
428: 208,128,315,327
429: 136,410,303,171,442
430: 373,426,370,228,217
431: 354,368,438,120
432: 110,460,380,115,455,155,127
433: 449
434: 775
435: 307,347,342,172,328,235,174,270
436: 127,489,107
437: 292,117,412,266,195,257,286
438: 344,153,431,354,368,396,353,120
439: 391,184,123,110
440: 156,158,240,486,468,141,313
441: 
442: 429,136,494,188,200,445,170,139
443: 189,294,166,113,263,454,276
444: 253,319,141,313,125,482,215,497,298
445: 200,170,442,188,277,139,186
446: 
447: 232,204,476
448: 150
449: 433
450: 178,411,356,396,162,190
451: 157,248,415,128,335,114,327
452: 209,359,152
453: 239
454: 276,113,189,443,294
455: 460,380,432,155,239,471
456: 257,286,383,414
457: 372,213,309,421,133,210,109
458: 121,280,238,496,207,360,261,268,275,331
459: 132,367,100,187,224,169
460: 110,380,391,432,455,155
461: 233,184,123,148,115
462: 488,186
463: 93,216,145,384,80,179,116,183,308,82,44,64,98,46,173,12,65
464: 347,186,149,488,342,172,328,312,307
465: 262,77,317,26,185,427,3,135,168,61,6,83
466: 101,306,143,263,420,392,247,246
467: 231,356,178,411
468: 483,440,156,274,313,265
469: 159,370,334,279,426,373
470: 474,291,409
471: 455,155,127,239,489,400,107,207
472: 205,193
473: 382,475,254,144,406
474: 470,491,291,177,409
475: 254,181,196,332,473,382
476: 106,15,48,232,29,220,447
477: 102,302,485,236,122,324
478: 272
479: 
480: 1202,62,381,35,71,199,30,5,1207,352,204
481: 273,174,270,406,417,304,402
482: 125,444,117,412,497,298
483: 291,177,409,468,274
484: 260
485: 477,102,302
486: 240,440,212
487: 96,79,94,219,91,4,413,68,41,2,358,386,1218,47,55,28,7,244,75,11,365,264,1217,1212,1216,1213,73,1215,40,32
488: 462,186,464,347,307
489: 400,107,127,436,471,238,496,207
490: 180,176,348,167
491: 371,348,377,409,474
492: 193,336
493: 265,215
494: 442,170,277,139,323
495: 252,137,211
496: 238,207,489,400,107,280,458,261,268
497: 412,298,482,253,319,444,117,292,214,195,300
498: 
499: 397,138,322,282,394,154,366
500: 955,1044,1158,1125,622
501: 
502: 506,669,1112,810,853,840,1030,845,833
503: 851,1191,1069,961,1183
504: 1188,971,1023,827,703,755,1163
505: 973,820,1070,793
506: 502,669,810,853,510,840,1030,845,833,534
507: 525,577,712,615
508: 1159,551
509: 964,616,806,828,962,537,1176,1016
510: 738,840,506,591,1030,845,1025
511: 935,966,733
512: 863
513: 874,1178,1044,1158,1010,1052
514: 572,1164,590,916,1011,566,923,541
515: 1046,1124,1094,810,846,842
516: 777,630,540,583
517: 980,958,768,886,1006,1085
518: 779,764,656,1098,1009
519: 1011,963,1032,566,1095,749
520: 686,688
521: 1029,942,687
522: 792,770,888,858,892,989
523: 815,859,702,1053,571,867,593,954,695
524: 904,1010,1052,879,1050
525: 577,1087,1123,1132,712,676,507
526: 612
527: 905,1113,928,615,602
528: 678,1117,547,529,545,1101,584
529: 762,653,547,548,528,678,1117
530: 546,1192,606,585,802
531: 1148
532: 989,880,600,743
533: 951,674
534: 833,506,1030,845,1118,915
535: 1125,578,573,588,984,734
536: 761,1077
537: 1176,1016,509,964,828,636,962
538: 726,603,1021,1067,1073
539: 706,737,978,766,643,555,1024,832,1054
540: 939,630,516,763,583
541: 923,572,514,1011,566
542: 1173,632,896,594,563,725
543: 
544: 843,701,838,919,799
545: 1101,584,528,678,1117
546: 530,1192,606,585,802,1161
547: 653,614,762,529,548,528,1117
548: 1127,653,547,529,768,1117
549: 684,771,1004
550: 672,1193,941,624,872,929,1013,590
551: 508,1159,825,767
552: 662,837,824
553: 751,776,1092
554: 988,1005,891,619,914,722,719,690
555: 766,643,1024,539,706,737,978
556: 1072,679,581,994
557: 1061,570,831,860
558: 1137,1140,1114,870,698
559: 1140,698,942
560: 1039,983,651
561: 576,767,761
562: 747,579,1181
563: 542,1173,594,725
564: 1056,1169
565: 
566: 1011,963,1032,590,572,514,519,923,541
567: 1100,1145,649
568: 733,781,723,1063
569: 865,785,805
570: 1061,557,831
571: 867,859,702,523,815,954,695
572: 514,1164,590,1011,1032,566,923,541
573: 597,819,774,1125,578,970,588,984,734,535
574: 628,655,998,789,932,825
575: 808,971,922,1001,1023,640,652,1188
576: 767,932,561,1077,761
577: 525,1123,1132,676,507
578: 1125,597,819,573,622,535
579: 747,562,796
580: 995,682,1015,952
581: 679,556,994
582: 613,647,1013
583: 763,630,540,516
584: 545,1101,528,678
585: 1192,606,1165,546,530,991,1161
586: 907,821,605,1019,1034
587: 1136
588: 970,984,734,819,774,573,535
589: 850,729,862,847,746,1116
590: 929,877,1164,572,514,1011,1032,566
591: 978,1054,510,738,840,1099,1025
592: 949,884
593: 523
594: 542,1173,563
595: 1170,890,1103
596: 1154,852,965,759
597: 813,955,1035,819,1125,578,573
598: 924,868,1033
599: 1098,779,1009,1053,906
600: 792,770,532,743
601: 794,714,866,823
602: 527,1113,1031,928,976,943,724
603: 538,726,930,1021,1067,1073
604: 1104,1196,873,1111
605: 586,1019,1034,757
606: 1192,585,546,530,802
607: 1160
608: 847,864
609: 925,866,823,620,773
610: 1179,897,750,1168
611: 863
612: 526
613: 582,647,710
614: 977,1012,787,653,547
615: 527,1113,712,507
616: 1133,755,509,828,731
617: 1122,1195,814
618: 1002,1012,1120,829
619: 891,914,554,988,1005,1064,722,719,690
620: 866,609,925,788
621: 848,903,940
622: 500,1125,578
623: 1020
624: 941,909,1193,550
625: 1144
626: 1094,1038,665,927,669,1112
627: 694,948,1000,913,1014,1066
628: 574,655,789,825
629: 
630: 939,777,540,516,583
631: 1198,848,1128
632: 710,542,1173,896
633: 849,869,666,987
634: 952,818
635: 646,1018
636: 731,828,537,1176,1016,1078
637: 806,964,962
638: 764
639: 1068,826,997
640: 1001,808,971,575,708,742,652,1089
641: 748,876,711,769,673,897
642: 985,1041,1015,865
643: 766,555,1024,539,706,737
644: 949,760
645: 818
646: 635,1018
647: 872,934,672,1193,582,613,1013
648: 795,1028,811
649: 1145,1055,957,1100,1174,567
650: 1055,957,881,1100,1174
651: 983,560,1039,1151
652: 1001,808,971,575,640,1188,1089
653: 547,614,1127,529,548,1117
654: 732,843,826
655: 628,574,998,789
656: 518,1009
657: 953,917,664,721
658: 1168
659: 1131,830
660: 1180,934
661: 980,837
662: 837,552
663: 696,1162,903,1072
664: 657,953,917
665: 1046,1124,626,1094
666: 869,849,633,922,1001
667: 899,704,834,875,1190
668: 831,860,1185,916
669: 1112,626,810,502,506,853
670: 
671: 1194,1106
672: 934,1193,872,647,550
673: 748,641,1179,897
674: 1020,533,951
675: 974,791
676: 525,577,891
677: 689,1143
678: 528,1117,529,545,1101,584
679: 581,556,994
680: 728,692,1090
681: 730,911,904
682: 721,995,1015,580
683: 1071,699,739,1109,946,1152
684: 771,549
685: 735
686: 520,688
687: 521,942,979
688: 520,686,1065
689: 1143,677
690: 719,554,988,1005,891,619,914,1064,722
691: 820,709
692: 728,680,1090,902
693: 
694: 627,948,913,1014,1066
695: 571,523,954,760
696: 663,1162,967,1072
697: 1091,883,763,758
698: 870,558,1137,1140,1029,559
699: 739,1110,1109,683,1071,946
700: 972
701: 843,791,544
702: 859,938,956,1053,571,867,523,815
703: 1023,827,1188,504,1163,1000
704: 834,875,899,667
705: 1152,754
706: 539,737,978,766,643,555,832,1054
707: 1049,1026
708: 742,1147,987,1001,640,750
709: 820,691,822,889
710: 1067,613,632
711: 769,987,748,641
712: 525,615,507
713: 969
714: 967,1072,601,866,823
715: 800,933,1029
716: 1149,803
717: 981,780,945
718: 
719: 690,554,988,619,914,722
720: 1066,1129
721: 657,953,995,682
722: 554,988,1005,891,619,914,719,690
723: 1063,781,568
724: 602,943,1060
725: 542,1173,896,1095,563,1027,1126
726: 538,603,930,1021
727: 735,939
728: 692,680,1090,1097
729: 589,847,746,1116
730: 911,904,1196,681
731: 636,616,828,1176
732: 654,919,799,1068,826
733: 781,511,568,1063
734: 970,588,984,774,573,535
735: 685,1049,727
736: 1079,912
737: 539,706,978,766,643,555,1024,832,1054
738: 510,840,591,1030,845,1099,1025
739: 699,741,992,1110,1109,683
740: 1059
741: 992,1197,772,1110,839,739
742: 708,1147,987,640,750
743: 600,532,782
744: 762
745: 887,850,862
746: 1116,729,589,862,847,955,1035,1178,1158
747: 579,562,796,1181
748: 641,711,769,673,1179,897
749: 519,963,1095,1080
750: 708,742,1147,610
751: 553,1092,812
752: 1175,1086
753: 757,783,1194
754: 705,1048
755: 1163,1188,504,1089,1133,616
756: 930,1021,1067,801
757: 605
758: 1091,883,697
759: 596,1002
760: 954,695,644
761: 536,576,767,561,1077
762: 744,547,529
763: 583,540,697
764: 779,638,518,1098,1009
765: 996,895,1105
766: 643,555,539,706,737,978
767: 576,551,932,825,561,761
768: 854,1127,958,548,517,980,886
769: 711,817,876,987,748,641
770: 522,792,888,892,600
771: 684,902,549
772: 1166,1177,1197,741,992,1110,839
773: 609
774: 813,573,970,588,984,734
775: 434,1062,807,888,1108
776: 1047,553,887
777: 939,1026,630,516
778: 838,919,1062,807
779: 764,518,1098,599,1009
780: 981,717,975
781: 733,568,723,1063
782: 743,947
783: 753,1194
784: 1144,944,856,1017
785: 865,1048,569,968,805
786: 
787: 1012,977,614
788: 994,620,1146
789: 998,655,628,574,791,1135,900
790: 
791: 675,789,1135,843,701
792: 522,770,888,858,892,989,600
793: 820,505,1070
794: 601
795: 810,846,842,853,648,811
796: 1096,983,1181,747,579
797: 798,1185
798: 1185,1106,797
799: 919,544,732,838
800: 715,933
801: 756,890
802: 606,546,530
803: 1149,716
804: 1199,993,1102
805: 785,569,968
806: 509,964,637,962
807: 1062,778,775,888,858
808: 971,575,922,1001,1023,640,652,1188
809: 
810: 515,669,846,842,502,506,853,795
811: 816,795,648,1028
812: 1092,996,895,1105
813: 1083,597,819,774
814: 1195,1004,617
815: 523,859,702,1053,571,867
816: 811,1028,869
817: 1118,1150,885,876,769
818: 898,634
819: 1083,813,597,578,573,588
820: 691,505,709,793
821: 1076,586
822: 889,709,1131,910
823: 866,714,601,609,925
824: 552
825: 932,628,574,551,998,767,900
826: 1068,654,732,639
827: 1023,504,703
828: 616,509,636,731,962,537,1176,1016,1078
829: 1120,618,1012
830: 659,1156,986
831: 860,570,557,1164,668,916
832: 1054,539,706,737,978,937,1099
833: 534,502,506,853,1030,845,915
834: 704,1088,899,667,1190
835: 990,1033,1038,927
836: 1016
837: 662,661,552
838: 778,544,919,799
839: 1110,1166,772,741
840: 510,738,502,506,591,1030,845
841: 
842: 846,515,810,853,795
843: 701,791,544,654
844: 
845: 1030,502,506,510,738,840,833,534,1118,915
846: 842,515,810,795
847: 729,589,608,746,1116,1178
848: 631,621,1128,903,940
849: 633,869,666,987,1001
850: 745,589,862
851: 503,1069
852: 965,1003,1154,596
853: 669,810,842,502,506,795,833
854: 894,1120,1127,958,768
855: 991,1102,1165,1161,1114,870
856: 1134,944,784
857: 1107,1190
858: 892,1062,807,1138,888,522,792
859: 702,938,1084,1051,571,867
860: 831,557,668,916
861: 1057
862: 850,745,589,746,955,1035
863: 512,611,1160
864: 608
865: 642,785,569
866: 823,1072,714,601,620,609,925
867: 571,1084,859,702,938,1051,954
868: 598
869: 816,849,633,666
870: 855,991,1114,558,1137,1140,698
871: 1087,1119,1123,975,1132
872: 647,934,672,1193,550,1013
873: 1111,1104,604,1196,1192,1042
874: 513,1178,1044,1010,1052,879
875: 704,667
876: 1150,817,885,769,641
877: 1164,941,929,590
878: 986,1065,950
879: 1010,1052,874,904,524
880: 1045,997,989,532
881: 957,650
882: 
883: 1091,697,758
884: 949,1051,592
885: 1150,817,876
886: 958,768,517,980,1006,1036,1085
887: 745,776,1047,1083
888: 1062,807,1138,775,858,892,1108,522,792,770
889: 822,709,910
890: 801,595
891: 619,914,676,554,988,1005,722,690
892: 858,1062,1138,888,522,792,770,989
893: 1157,908
894: 854,1120,1127
895: 996,1092,812,1105,765
896: 632,542,1173,1095,725,1027
897: 1179,748,641,673,610
898: 818
899: 667,704,834,1088,1190
900: 1189,998,789,932,825,1135
901: 
902: 926,1090,692,771
903: 940,621,848,663,1162
904: 911,730,1010,1052,879,681,524
905: 527,1113,1075,1031,928
906: 1098,599,1009,1053
907: 1076,999,586
908: 893,1157,947,973
909: 941,624
910: 1131,822,889
911: 904,730,1010,681
912: 736,924
913: 1000,627,694,948,1014,1066
914: 891,619,554,988,1064,722,719,690
915: 1118,845,833,534
916: 1164,831,860,668,514
917: 657,953,664,1004
918: 1064
919: 799,544,732,838,778,1062,1138
920: 1153
921: 1197,1186,992
922: 666,1001,808,971,575
923: 541,572,514,1011,963,1032,566
924: 912,598
925: 609,866,823,620
926: 1090,902
927: 835,1038,626,1024,1112
928: 1031,1075,527,905,1113,976,602,943
929: 941,550,877,1164,590
930: 726,603,1021,756
931: 1167,945,1075
932: 825,574,998,576,767,1135,900,1189
933: 800,715
934: 672,1180,660,1193,872,647
935: 511,966
936: 
937: 832,1054,1099
938: 859,702,956,1084,867
939: 1049,727,777,630,540
940: 903,621,848,1162
941: 624,909,1193,550,929,877,1164
942: 559,521,687,979
943: 1031,928,976,602,982,724,1182,1060
944: 1074,1144,856,784
945: 717,1167,931
946: 699,1122,683,1071,1152
947: 908,782
948: 627,694,913,1066
949: 884,592,644
950: 1065,878,1061
951: 533,674
952: 580,634
953: 657,917,664,1004,721
954: 571,867,523,695,760
955: 1035,862,746,597,1158,500,1125
956: 702,938
957: 1055,650,881,1100,1174,649
958: 854,1127,768,517,980,886
959: 1082,1171,1074
960: 1046,1124
961: 1191,1069,503,1088,1190
962: 806,509,964,828,637,537,1176,1016
963: 1011,1032,566,519,923,749
964: 509,806,637,962,537,1016
965: 852,1003,596,1115
966: 511,935
967: 696,1162,1072,714
968: 1048,785,1022,805,974
969: 1160,999,713
970: 588,984,734,774,573
971: 808,575,922,1001,1023,640,652,1188,504
972: 700
973: 908,505,1070
974: 968,675
975: 780,871,1132
976: 1031,928,602,943,982
977: 614,1012,787
978: 539,706,737,766,555,832,1054,591
979: 942,687
980: 517,958,768,661,886,1006,1085
981: 780,717
982: 976,943,1182
983: 651,560,1151,796,1181
984: 970,588,734,774,573,535,1136
985: 642,1041,1015
986: 878,830
987: 849,633,711,769,708,742,1147
988: 554,1005,891,619,914,722,719,690
989: 892,522,792,880,1045,532
990: 835,1033,1038
991: 855,1042,1165,585,1161,1114,870
992: 741,1197,772,921,1110,739
993: 804,1199,1102
994: 679,581,556,1146,788
995: 721,682,580
996: 895,812,1105,1083,765
997: 639,880,1045
998: 789,655,574,932,825,1135,900,1189
999: 1160,907,969
1000: 913,703,627,1014,1066
1001: 849,666,922,808,971,575,708,640,652
1002: 759,618
1003: 852,965
1004: 549,953,917,814
1005: 554,988,891,619,722,690
1006: 1036,1085,517,980,886,1197
1007: 
1008: 
1009: 779,764,518,656,1098,599,906
1010: 1052,879,874,513,911,904,524
1011: 963,1032,566,590,572,514,519,923,541
1012: 618,787,829,977,614
1013: 872,647,550,582
1014: 1000,913,627,694,1066
1015: 682,642,985,1041,580
1016: 537,1176,509,964,828,636,962,836
1017: 784
1018: 646,635
1019: 1034,586,605
1020: 674,623
1021: 1067,538,726,603,930,1073,756
1022: 1048,968
1023: 808,971,575,827,1188,504,703
1024: 927,643,555,539,737
1025: 591,510,738,1099
1026: 707,1049,777
1027: 896,1095,725,1080
1028: 648,811,816
1029: 715,698,521
1030: 845,502,506,510,738,840,833,534
1031: 928,1075,905,1113,976,602,943
1032: 1011,963,566,590,572,519,923
1033: 598,835,990
1034: 1019,586,605
1035: 955,862,746,597,1125
1036: 1006,1085,886,1177,1197
1037: 1129,1148,1155
1038: 835,990,927,626,1094
1039: 560,651,1151
1040: 1060,1086
1041: 642,985,1015
1042: 1165,873,1111,1192,1102,991,1161
1043: 
1044: 1178,1158,500,874,513
1045: 880,997,989
1046: 1124,960,665,1094,515
1047: 776,887
1048: 754,785,1022,968
1049: 735,707,939
1050: 524
1051: 1084,859,867,884
1052: 1010,879,874,513,904,524
1053: 599,702,906
1054: 832,539,706,737,978,591,937,1099
1055: 957,650,1100,1174,1145,649
1056: 564,1169
1057: 861
1058: 
1059: 740
1060: 1182,943,724,1040
1061: 950,570,557
1062: 807,778,919,1138,775,888,858,892
1063: 723,733,781,568
1064: 619,914,690,918
1065: 950,688,878
1066: 1000,913,627,694,948,1014,720
1067: 1021,538,603,1073,756,710
1068: 826,732,639
1069: 1191,961,503,851,1088
1070: 973,505,793
1071: 683,699,1109,946,1152
1072: 663,696,967,714,556,866
1073: 538,603,1021,1067
1074: 959,1082,944
1075: 1167,931,905,1113,1031,928
1076: 1143,1156,907,821
1077: 576,536,761
1078: 828,636,731,1176
1079: 736
1080: 1095,749,1027
1081: 
1082: 959,1171,1074
1083: 813,887,996,819
1084: 859,938,1051,867
1085: 1006,1036,517,980,886,1177
1086: 752,1040
1087: 1119,1123,871,1184,1132,525
1088: 834,1191,1069,961,899,1190
1089: 1133,640,652,1188,755,1163
1090: 926,902,728,692,680
1091: 883,697,758
1092: 553,751,812,895
1093: 
1094: 626,1038,665,1046,1124,515,1112
1095: 519,896,749,725,1027,1080
1096: 796
1097: 728,1195
1098: 599,779,764,518,1009,906
1099: 832,1054,591,738,937,1025
1100: 1055,957,650,1174,1145,649,567
1101: 545,584,528,678,1177
1102: 804,1199,1042,1165,855
1103: 1170,1183,595
1104: 604,1196,873,1111,1192
1105: 812,996,895,765
1106: 671,1194,798,1185
1107: 857,1190
1108: 775,888
1109: 699,739,683,1071
1110: 839,1166,772,741,992,699,739
1111: 873,1104,604,1192,1042
1112: 669,927,626,1094,502
1113: 527,905,1075,1031,928,615,602
1114: 855,991,1161,870,558,1137
1115: 965
1116: 746,729,589,847,1178,1158
1117: 528,678,653,547,529,548,545
1118: 915,845,534,817
1119: 1087,1123,871,1184,1132
1120: 829,618,854,894,1127
1121: 
1122: 617,1195,946
1123: 1087,1119,871,1132,525,577
1124: 1046,960,665,1094,515
1125: 578,955,1035,597,500,573,622,535
1126: 725,1142
1127: 1120,854,894,653,958,768,548
1128: 631,1198,848
1129: 720,1148,1037
1130: 
1131: 910,822,659
1132: 975,1087,1119,1123,871,525,577
1133: 1089,755,1163,616
1134: 856
1135: 998,789,932,791,900,1189
1136: 984,587
1137: 558,1140,1114,870,698
1138: 919,1062,888,858,892
1139: 
1140: 558,1137,870,698,559
1141: 1153
1142: 1126
1143: 689,677,1156,1076
1144: 944,625,784
1145: 649,1055,1100,567
1146: 994,788
1147: 708,742,987,750
1148: 531,1129,1037
1149: 716,803
1150: 817,885,876
1151: 1039,983,651
1152: 683,1071,946,705
1153: 1141,920
1154: 852,596
1155: 1037
1156: 1143,1076,830
1157: 893,908
1158: 1178,1044,746,1116,955,500,513
1159: 508,551
1160: 863,607,999,969
1161: 1042,1165,585,546,855,991,1114
1162: 663,696,903,940,967
1163: 755,1188,504,703,1089,1133
1164: 877,941,929,831,590,572,514,916
1165: 1042,1102,585,855,991,1161
1166: 772,1177,1110,839
1167: 931,945,1075
1168: 610,658
1169: 564,1056
1170: 1183,1103,595
1171: 959,1082
1172: 1174
1173: 542,632,896,594,563,725
1174: 1055,957,650,1100,649,1172
1175: 752
1176: 537,1016,509,828,636,731,962,1078
1177: 1101,1036,1085,1197,1166,772
1178: 1044,1158,847,746,1116,874,513
1179: 897,748,673,610
1180: 660,934
1181: 983,796,747,562
1182: 1060,943,982
1183: 503,1170,1103
1184: 1087,1119,1123,871
1185: 798,1106,668,797
1186: 921
1187: 
1188: 504,808,971,575,1023,652,703,1089,755,1163
1189: 900,998,932,1135
1190: 834,1088,1191,961,899,667,1107,857
1191: 1069,961,503,1088,1190
1192: 1104,1196,873,1111,606,1042,585,546,530
1193: 934,672,941,624,872,647,550
1194: 671,753,783,1106
1195: 1097,617,1122,814
1196: 730,1104,604,873,1192
1197: 1006,1036,1177,772,921,741,992
1198: 631,1128
1199: 804,1102
1202: 62,381,35,17,19,69,134,182,251,1210,1229,1227,1228,71,1,1208,1203,199,30,5,1207,480
1203: 1,1208,72,1211,1209,1235,1229,1227,1228,1202,62,381,35,1238,140,1233,199,30,5,1207,106,15,48,232,29
1204: 8,74,56,26,185,82,44,64,46,173,61,6,83,66,9,33,1206,1241,1243,31,1219,1225,1223,1224,23,78,42
1205: 51,37,10,1206,1242,1241,31,1219,1225,1223,1222,1224,1220,1221,1240,23,78,42,76,68,41,2,1232,1230,49,22,99,1231,92,1218,47,55,7,85,16,1236,63,89,0
1206: 1242,1241,1243,3,135,168,61,6,83,8,1204,74,56,103,86,31,1219,1225,1223,1222,1224,1220,1221,1240,91,4,413,68,41,2,51,37,1205,10
1207: 199,30,5,1229,1227,1202,62,381,35,71,1,1208,1203,480,232
1208: 1,1203,72,1211,1209,1235,1210,1229,1227,1228,1202,62,381,35,1238,140,1233,199,30,5,1207,106,48,232,29
1209: 25,21,72,1211,1234,1235,49,22,38,14,57,17,19,69,1236,63,89,0,1210,1229,1227,1228,88,1239,70,1237,1238,140,1233,1,1208,1203
1210: 1229,1227,1228,38,14,57,17,19,69,134,182,25,21,72,1211,1234,1209,1235,1202,62,381,35,1237,1238,140,1233,1,1208,199,5
1211: 25,21,72,1234,1209,1235,49,22,38,14,57,17,19,69,1236,63,89,0,1210,1229,1227,1228,88,1239,70,1237,1238,140,1233,1,1208,1203
1212: 1217,1216,1213,73,1215,40,32,58,487,96,1218,47,55,28,7,85,16,75,11,365,264,1214,45,84,1226,419,18,54,97,361,129,59,164
1213: 1217,1212,1216,73,1215,40,32,58,487,96,1218,47,55,28,7,85,16,75,11,365,264,1214,45,84,1226,419,18,54,97,361,129,27,59,164
1214: 45,84,1226,1218,47,55,28,7,85,16,63,89,0,1217,1212,1216,1213,73,1215,40,32,58,88,60,70,18,54,97,361,129,27,59,164,416,24
1215: 1217,1212,1216,1213,73,40,32,58,487,96,1218,47,55,28,7,85,16,75,11,365,264,1214,45,84,1226,419,18,54,97,361,129,27,59,164
1216: 1217,1212,1213,73,1215,40,32,58,487,96,1218,47,55,28,7,85,16,75,11,365,264,1214,45,84,1226,419,18,54,97,361,129,59,164
1217: 1212,1216,1213,73,1215,40,32,58,487,96,1218,47,55,28,7,85,16,75,11,365,264,1214,45,84,1226,419,18,54,97,361,129,59,164
1218: 47,55,28,7,91,4,68,41,2,51,37,1205,10,487,96,85,16,75,11,365,264,1217,1212,1216,1213,73,1215,40,32,58,1214,45,84,1226
1219: 31,1225,1223,1222,1224,1220,1221,1240,61,6,83,8,1204,74,56,66,95,33,1206,1242,1241,1243,23,78,42,76,68,41,2,51,37,1205,10,1232,1230,49,22,1231,92
1220: 31,1219,1225,1223,1222,1224,1221,1240,61,83,8,74,56,66,95,33,1206,1242,1241,1243,23,78,42,76,68,41,2,51,37,1205,10,1232,1230,49,22,99,1231,92
1221: 31,1219,1225,1223,1222,1224,1220,1240,61,83,8,74,56,66,33,1206,1242,1241,1243,23,78,42,76,68,41,2,51,37,1205,10,1232,1230,49,22,99,1231,92
1222: 31,1219,1225,1223,1224,1220,1221,1240,83,8,74,56,66,95,33,1206,1242,1241,1243,23,78,42,76,68,2,51,37,1205,10,1232,1230,49,22,99,1231,92
1223: 31,1219,1225,1222,1224,1220,1221,1240,61,6,83,8,1204,74,56,66,95,33,1206,1242,1241,1243,23,78,42,76,68,2,51,37,1205,10,1232,1230,49,22,1231,92
1224: 31,1219,1225,1223,1222,1220,1221,1240,61,6,83,8,1204,74,56,66,33,1206,1242,1241,1243,23,78,42,68,2,51,37,1205,10,1232,1230,22,1231,92
1225: 31,1219,1223,1222,1224,1220,1221,1240,61,83,8,1204,74,56,66,9,95,33,1206,1242,1241,1243,23,78,42,76,68,2,51,37,1205,10,1232,1230,49,22,1231,92
1226: 1214,45,84,1218,47,55,28,7,85,16,63,89,0,1217,1212,1216,1213,73,1215,40,32,58,88,70,18,54,97,361,129,27,59,164
1227: 1210,1229,1228,38,14,57,17,19,69,134,182,25,21,72,1211,1234,1209,1235,1202,62,381,35,1237,1238,140,1233,1,1208,1203,199,30,5,1207
1228: 1210,1229,1227,38,14,57,17,19,69,134,182,25,21,72,1211,1234,1209,1235,1202,62,381,35,1237,1238,140,1233,1,1208,1203,199,30,5
1229: 1210,1227,1228,38,14,57,17,19,69,134,182,25,21,72,1211,1234,1209,1235,1202,62,381,35,1237,1238,140,1233,1,1208,1203,199,30,5,1207
1230: 1232,49,22,99,1231,92,31,1219,1225,1223,1222,1224,1220,1221,1240,23,78,42,76,20,13,90,51,37,1205,10,38,14,57,85,16,1236,63,89,0,72,1234
1231: 1232,1230,49,22,99,92,31,1219,1225,1223,1222,1224,1220,1221,1240,23,78,42,76,20,13,90,51,37,1205,10,38,14,57,85,16,1236,63,89,0,25,21,72,1234,1235
1232: 1230,49,22,99,1231,92,31,1219,1225,1223,1222,1224,1220,1221,1240,23,78,42,76,20,13,90,51,37,1205,10,38,14,57,85,16,1236,63,89,0,25,72,1234,1235
1233: 1237,1238,140,1236,63,89,0,25,21,72,1211,1234,1209,1235,1210,1229,1227,1228,88,60,1239,70,1,1208,1203,416,106,48,232
1234: 25,21,72,1211,1209,1235,1232,1230,49,22,99,1231,92,38,14,57,17,19,69,1236,63,89,0,1210,1229,1227,1228,88,60,1239,70,1237,1238,140,1233,1
1235: 25,21,72,1211,1234,1209,1232,49,22,99,1231,92,38,14,57,17,19,69,1236,63,89,0,1210,1229,1227,1228,88,60,1239,70,1237,1238,140,1233,1,1208,1203
1236: 63,89,0,51,37,1205,10,1232,1230,49,22,99,1231,92,38,14,57,85,16,25,21,72,1211,1234,1209,1235,45,84,88,60,1239,70,1237,1238,140,1233
1237: 1238,140,1233,1236,63,89,0,25,21,72,1211,1234,1209,1235,1210,1229,1227,1228,88,60,1239,70,1,416,106,48,232
1238: 1237,140,1233,1236,63,89,0,25,21,72,1211,1234,1209,1235,1210,1229,1227,1228,88,60,1239,70,1,1208,1203,416,106,15,48,232
1239: 88,60,70,85,16,1236,63,89,0,25,21,72,1211,1234,1209,1235,45,84,1237,1238,140,1233,164,416,24,106
1240: 31,1219,1225,1223,1222,1224,1220,1221,83,8,74,56,66,95,33,1206,1242,1241,1243,23,78,42,76,68,41,2,51,37,1205,10,1232,1230,49,22,99,1231,92
1241: 1206,1242,1243,3,135,168,61,6,83,8,1204,74,56,103,86,31,1219,1225,1223,1222,1224,1220,1221,1240,91,4,413,68,41,2,51,37,1205,10
1242: 1206,1241,1243,3,168,61,83,8,74,56,103,86,31,1219,1225,1223,1222,1224,1220,1221,1240,91,4,413,68,41,2,51,37,1205,10
1243: 1206,1242,1241,3,135,168,61,6,83,8,1204,74,56,103,86,31,1219,1225,1223,1222,1224,1220,1221,1240,91,4,413,68,41,2,51,37,10