1574: 1605
543: 
1068: 1632,461,1656,1630,1655,1659,1653,1654,1657,1658,1640,1638,1627,1619,1624
1141: 1100,1688,461,1656,1708,1746
1543: 1349,904
566: 
949: 1651,1662,1640,1638,1627,1619,1644,1624,1646,1636,1645,1639,1686,1664
1581: 1562,1474,1514,903
1445: 1530,1565
1701: 1671,1700
977: 
1519: 1564,1430,1419,1557,1450,1531,1476
1373: 1637,1537,1558,1467
1572: 1527
1394: 1379,1415,1365,994,1345,1317,1346,1426,323,1431
535: 
1878: 996,1896,452
1459: 1525
1509: 1357,1345,1428,1489
583: 
1619: 1640,1638,1627,1644,1624,1646,1632,1068,1731,1521,1655,1659,1653,1657,1636,1645,1639,1651,949,1662
1376: 1395,1461,1501,1460
900: 
1520: 1558,1495,1456,1387
1337: 1690,596
500: 467
520: 
1393: 1346,1426,1316,323,1431,994,1345,1317,1461,1395
1602: 1532
1623: 1066,1618,1063,1065,1609,1083,1615,1731,1521,1053
562: 
509: 
1174: 1062,531,1615
822: 1487,1398
947: 
563: 435
985: 952,487
1450: 1531,1519,1564,1430,1479,1554,1476
1434: 1512
1556: 1576
995: 946
551: 
1532: 1602
957: 
1540: 1499,1571
1687: 1668,1663,1326,1268
961: 1590,1601
495: 
1456: 1495,1520,1696,1387
968: 
1718: 1765,1713,1733,1697,1694,1714
929: 
939: 
905: 
1461: 1346,1393,1426,1316,323,1431,1395,1376,1501
552: 1424
572: 
1506: 1478,1479
560: 
504: 
1479: 1554,1443,1598,1450,1531,1506,1478
61: 1460
539: 
558: 
1527: 1572,902
1495: 1558,1520,1456,1387
1582: 1569
922: 
589: 
1874: 1872,1893,1770,1873,1897,1899,1839,1868,1907,1830,1882,1884,1871,1838
1600: 1789,477
598: 1804,1788,1901
1202: 1676,1650,1684,1663,1682
1781: 1767,1779,1752,1827,1836
587: 
515: 
1571: 1540,1499,952,1419,1557
569: 
996: 1836,1766,1724,1878
1823: 1886,1904,1925,1923,1911,1902,1864,1921,1920,1867,1913,1887,1848,1912,1843,1917,1906
1690: 1337,596
916: 
1172: 1617,1136,1635
1605: 1574
591: 
926: 
1487: 822,1398
1513: 1548,969,475
532: 
944: 
582: 
1295: 1253,1388
948: 
1349: 1543,904
1064: 1088,965
588: 
1253: 1278,1617,1136,478,1635,153,1295
994: 1379,1394,1415,1365,1345,1317,1346,1393,1426,1316,323,1431
1518: 
1496: 1660,1268,1578,1388,1326
1869: 1785
593: 570
1426: 1346,1393,1316,323,1431,1394,1415,994,1345,1317,1461,1395
544: 
908: 
1606: 1844,1877,1900,1853,1835,1769,1771,1810
955: 
1346: 1393,1426,1316,323,1431,1379,1394,1415,1365,994,1345,1317,1461,1395
906: 
1635: 478,153,1172,1617,1136,1253,1278
581: 
498: 
932: 406
575: 590,1919,1922,525,1910,1892,1890,1782
993: 
1646: 1640,1638,1627,1619,1644,1624,1655,1659,1636,1645,1639,1651,949,1662
531: 1174,1062
1395: 1376,1346,1393,1426,1316,323,1431,1461,1501
1428: 1489,1509,1357
513: 
1278: 1253,1617,1136,478,1635,153
1387: 1495,1520,1456
1316: 1346,1393,1426,323,1431,994,1345,1317,1461,1395
1671: 1700,853,1677,1701
1458: 1397,959,1443,1598
506: 991
975: 
911: 1585,1565
555: 
597: 
979: 
988: 
963: 
1684: 1663,492,1202,1243,1161,1676,1650,1326,1682
538: 
951: 
1348: 1402
536: 
592: 
1063: 1618,1065,1609,1083,1612,1067,1069,1620,1615,1731,1521,1623
1562: 1581,1474,1514,903
1569: 1582
986: 987
559: 
586: 1841,1870,1760,1797,1863,1807
903: 1514,1562,1581
1589: 1732
596: 1337,1690
1670: 1743,1723,1698,1745,1722,1733,1713
557: 415
580: 
537: 
978: 
153: 478,1635,1617,1136,1253,1278
980: 
1901: 1788,1860,1804,598
568: 
157: 1588,1501
965: 1064,1088,311,1005
1860: 1804,1821,1730,1834,1788,1901
902: 1527
556: 
1503: 1404
1430: 1519,1564,1419,1557,1450,1531,1476
541: 
594: 
166: 1015,984,1149
1708: 1746,1141,1100,1656,1630,1655,1653,1654,1658
507: 1730,1756,1819,1776,1795,1821,1841,1870,1834
700: 1009
1528: 1592,521
519: 
550: 
1547: 1580,480,1536,1502
574: 
940: 
1065: 1618,1063,1609,1083,1612,1067,1069,1620,1615,1731,1521,1066,1623
1837: 1801,1699,1783
923: 
1062: 1174,531,1615
1053: 1066,1623
901: 
501: 503
1588: 1501,157
992: 
1290: 
534: 1828,1818,1766
967: 546
573: 
547: 
976: 
919: 
1415: 1379,1394,1365,994,1345,1317,1346,1426,323,1431
1565: 1530,911,1585,1445
590: 575,525
1625: 237,927,1915,1857
1514: 1474,903,1562,1581
962: 1809,1773
927: 1879,1915,1857,1625,237
1578: 1388,1496,1660,1268
584: 
934: 418
1531: 1450,1519,1564,1430,1479,1554,1476
953: 
1197: 1686,1664
973: 
517: 1341
982: 429
1357: 1509,1345,1317,1428,1489
924: 
1891: 1793
1424: 552,1672,1696,1679
990: 
578: 
1341: 1477,517
1149: 1015,166,1184
1388: 1578,1295,1496,1660,1268
1502: 1536,480,1580,1547
914: 
1419: 1557,1571,1499,487,1519,1564,1430,1476
1693: 1707,1725,1754,1703,1723,1698,1745,1722
1607: 232
925: 
1521: 1731,1618,1063,1065,1083,1066,1623,1627,1619,1644,1636,1645
1100: 1141,1688,461,1656,1708,1746
1489: 1428,1509,1357
941: 
1659: 1630,1655,1653,1654,1657,1658,461,1632,1068,1656,1640,1638,1627,1619,1624,1646,1639
912: 
950: 
943: 
1443: 1598,959,448,1458,1397,1479,1554
232: 1607
1742: 
1551: 1414
1404: 1503
579: 
237: 1625,927,1915,1857
508: 459
920: 
1379: 1394,1415,1365,1476,994,1345,1317,1346,323,1431
599: 
1580: 1547,480,1536,1502,456
514: 
1476: 1419,1557,1519,1564,1430,1450,1531,1379,1365
971: 
972: 
1557: 1419,1571,1499,487,1519,1564,1430,1476
1583: 1603,442,999
1585: 911,1565
1402: 1348
1576: 1556
1345: 1317,1379,1394,1415,1365,994,1346,1393,1426,1316,323,1431,1509,1357
1526: 1561,445
1512: 1434
512: 
942: 
571: 
1478: 1506,1479,1554
1501: 1461,1588,1395,1376,157,1460
1563: 
928: 
1499: 1540,1467,1571,1419,1557
567: 
528: 
909: 
1467: 1373,1499
524: 
998: 
853: 1677,1671,1700
585: 485
523: 
1525: 1459
915: 
1009: 700
533: 
959: 448,1443,1598,1458,1397
913: 
530: 
496: 
1088: 1064,965
522: 
958: 
553: 
1474: 1514,1562,1581
1365: 1379,1394,1415,1476,994,1345,1317,1346,1431
1530: 1565,1445
510: 
542: 
960: 449
984: 1015,166
952: 985,1571,487
595: 408
1561: 1526,445
505: 443
521: 1592,1528
999: 1583,1603
1795: 1776,1756,1819,981,507
518: 
1680: 1648,1686,1664,1692
502: 
956: 
1414: 1551
933: 545,1845,930
904: 1543,1349
1015: 166,984,1149
1066: 1623,1618,1065,1609,1083,1615,1731,1521,1053
549: 
991: 506,409
1268: 1496,1660,1578,1388,1326,1668,1687
1454: 1323
311: 1005,965
554: 
497: 421
1536: 1502,480,1580,1547
548: 
526: 
989: 
1069: 1620,1612,1067,1618,1063,1065,1609,1083,1615
1601: 1590,961
545: 1845,933,930
576: 
945: 
323: 1346,1393,1426,1316,1431,1379,1394,1415,994,1345,1317,1461,1395
981: 1736,1776,1795
946: 995,1923,1883
516: 
1637: 1537,1373
1161: 1676,1684,1663,1682
570: 593
1716: 1916,525
1592: 521,1528
918: 
1184: 1149,1811
1714: 1694,1718,1765,1713,1695,1721
1323: 1454
1686: 1664,1651,949,1662,1754,1197,1680,1648
1243: 1676,1650,1684,1663,1682
499: 
1460: 1376,1501,61
1732: 1589
938: 
966: 
1700: 1671,853,1677,1701
937: 
1477: 1341
921: 
1698: 1723,1745,1722,1703,1720,1707,1693,1725,1743,1670
1326: 1684,1663,1496,1660,1268,1668,1687
540: 
997: 
503: 501
917: 
1766: 534,1836,996,1724
1537: 1637,1373,1558
546: 967
1067: 1612,1069,1620,1618,1063,1065,1609,1083
970: 
1603: 1583,442,999
1733: 1743,1670,1718,1765,1713
1668: 1687,1663,1326,1268
1719: 1763,1703,1720,1699
1431: 1346,1393,1426,1316,323,1379,1394,1415,1365,994,1345,1317,1461,1395
931: 
565: 
529: 
1005: 311,965
561: 
1624: 1640,1638,1627,1619,1644,1646,1632,1068,1630,1655,1659,1653,1654,1657,1658,1636,1645,1639,1651,949
964: 
1398: 822,1487,445
1317: 1345,1379,1394,1415,1365,994,1346,1393,1426,1316,323,1431,1357
954: 
1575: 1642,1641,1643
1590: 1601,961
1741: 1811
1558: 1537,1373,1495,1520
1548: 1513,969,475
564: 
511: 
1788: 1901,1860,1804,1841,1870,598
969: 1513,1548
527: 439
1136: 1172,1617,478,1635,153,1253,1278
1554: 1479,1443,1598,1450,1531,1478
987: 986
935: 
1397: 1458,959,1443,1598
1083: 1618,1063,1065,1609,1612,1067,1069,1620,1615,1521,1066,1623
974: 431
907: 
1598: 1443,959,448,1458,1397,1479,1554
930: 933,545
577: 1672
983: 421
525: 590,575,1916,1716
1409: 
1564: 1519,1430,1419,1557,1450,1531,1476
910: 
936: 
400: 
401: 
402: 
403: 
404: 
405: 
406: 932
407: 
408: 595
409: 991
410: 
411: 
412: 474
413: 
414: 
415: 557
416: 
417: 
418: 934
419: 440
420: 
421: 983,497
422: 
423: 463
424: 
425: 
426: 
427: 
428: 
429: 982
430: 
431: 974
432: 
433: 
434: 
435: 469,563
436: 
437: 
438: 
439: 527
440: 419
441: 
442: 1825,1791,1583,1603
443: 505
444: 
445: 1526,1561,1398
446: 
447: 
448: 959,1443,1598
449: 960
450: 
451: 
452: 1878,1896,1845
453: 476
454: 
455: 
456: 1580
457: 
458: 
459: 508
460: 
461: 1750,1875,1632,1068,1141,1100,1659,1653,1657,1658
462: 
463: 423
464: 
465: 
466: 
467: 500
468: 
469: 435
470: 
471: 
472: 
473: 
474: 412
475: 1513,1548
476: 453
477: 1789,1600
478: 1635,153,1617,1136,1253,1278
479: 
480: 1580,1547,1536,1502
481: 
482: 
483: 
484: 
485: 585
486: 
487: 985,952,1419,1557
488: 
489: 
490: 
491: 
492: 1676,1650,1684
493: 
494: 
1609: 1618,1063,1065,1083,1612,1067,1069,1620,1615,1066,1623
1699: 1719,1763,1783,1837,1801
1676: 1202,1243,1161,1650,492,1684,1663,1692,1682
1612: 1067,1069,1620,1618,1063,1065,1609,1083
1721: 1695,1685,1694,1714
1672: 577,1424,1696,1679
1615: 1069,1620,1174,1062,1618,1063,1065,1609,1083,1066,1623
1729: 1846
1617: 1172,1136,478,1635,153,1253,1278
1618: 1063,1065,1609,1083,1612,1067,1069,1620,1615,1731,1521,1066,1623
1620: 1069,1612,1067,1618,1063,1065,1609,1083,1615
1627: 1640,1638,1619,1644,1624,1646,1632,1068,1731,1521,1655,1659,1657,1636,1645,1639,1651,949,1662
1636: 1645,1731,1521,1640,1638,1627,1619,1644,1624,1646,1639,1651,949,1662
1629: 1633
1630: 1655,1659,1653,1654,1657,1658,1632,1068,1656,1640,1638,1624,1708,1746,1639
1631: 1634,1688
1632: 1068,461,1656,1630,1655,1659,1653,1654,1657,1658,1640,1638,1627,1619,1624
1633: 1629
1634: 1750,1875,1631,1688
1638: 1640,1627,1619,1644,1624,1646,1632,1068,1630,1655,1659,1653,1654,1657,1658,1636,1645,1639,1651,949,1662
1639: 1630,1655,1659,1653,1654,1657,1658,1640,1638,1627,1619,1644,1624,1646,1636,1645,1651,949
1640: 1638,1627,1619,1644,1624,1646,1632,1068,1630,1655,1659,1653,1654,1657,1658,1636,1645,1639,1651,949,1662
1641: 1643,1575,1642
1642: 1575,1641,1643
1643: 1641,1575,1642
1644: 1640,1638,1627,1619,1624,1646,1521,1655,1636,1645,1639,1651,949,1662
1645: 1636,1731,1521,1640,1638,1627,1619,1644,1624,1646,1639,1651,949,1662
1685: 1695,1721
1648: 1680,1686,1664,1692
1696: 1679,1672,1424,1456
1650: 1202,1243,1676,492,1684,1663,1692,1682
1651: 949,1662,1640,1638,1627,1619,1644,1624,1646,1636,1645,1639,1686,1664
1677: 853,1671,1700
1653: 1630,1655,1659,1654,1657,1658,461,1632,1068,1656,1640,1638,1619,1624,1708,1746,1639
1654: 1630,1655,1659,1653,1657,1658,1632,1068,1656,1640,1638,1624,1708,1746,1639
1655: 1630,1659,1653,1654,1657,1658,1632,1068,1656,1640,1638,1627,1619,1644,1624,1646,1708,1746,1639
1656: 1632,1068,1141,1100,1630,1655,1659,1653,1654,1657,1658,1708,1746
1657: 1630,1655,1659,1653,1654,1658,461,1632,1068,1656,1640,1638,1627,1619,1624,1639
1658: 1630,1655,1659,1653,1654,1657,461,1632,1068,1656,1640,1638,1624,1708,1746,1639
1660: 1496,1268,1578,1388,1326
1720: 1703,1719,1763,1698
1662: 1651,949,1640,1638,1627,1619,1644,1646,1636,1645,1686,1664
1663: 1684,1202,1243,1161,1676,1650,1326,1682,1668,1687
1664: 1686,1651,949,1662,1197,1680,1648
1665: 1702
1679: 1696,1672,1424
1682: 1202,1243,1161,1676,1650,1684,1663,1692
1689: 1817,1768,1790
1688: 1634,1750,1875,1631,1141,1100
1797: 1760,586,1863,1807
1692: 1680,1648,1676,1650,1682
1694: 1714,1718,1765,1713,1695,1721
1695: 1721,1685,1694,1714
1697: 1718,1765,1787
1702: 1665
1703: 1720,1719,1763,1693,1723,1698
1908: 1806,1881,1879,1924,1842,1903,1915,1857,1859,1820,1858
1767: 1779,1781,1752,1827,1751
1842: 1903,1871,1838,1924,1835,1881,1908,1859
1707: 1693,1725,1754,1723,1698,1745,1722
1731: 1521,1618,1063,1065,1066,1623,1627,1619,1636,1645
1730: 507,1756,1819,1821,1860,1804,1841,1870,1834
1724: 1836,1766,996
1713: 1718,1765,1743,1670,1733,1694,1714
1717: 1796,1835,1769,1771,1810
1722: 1723,1698,1745,1707,1693,1743,1670
1723: 1698,1745,1722,1703,1707,1693,1725,1743,1670
1725: 1707,1693,1754,1723,1698
1841: 1870,1834,1730,507,586,1788
1728: 1792,1896
1807: 586,1760,1797,1863
1772: 1802
1736: 1751,981
1737: 1888
1830: 1907,1882,1884,1897,1899,1874,1872,1839,1868,1871,1838,1903
1765: 1718,1713,1733,1697,1694,1714
1740: 1778,1847,1798
1743: 1670,1723,1698,1745,1722,1733,1713
1778: 1847,1740
1745: 1723,1698,1722,1707,1693,1743,1670
1746: 1708,1141,1100,1656,1630,1655,1653,1654,1658
1796: 1717,1835,1769,1771,1810
1858: 1820,1915,1857,1806,1881,1908,1859,1856
1918: 1909,1849,1883,1893,1895,1770,1873
1750: 1875,1634,1688,461
1751: 1767,1779,1736
1752: 1767,1779,1781,1827,1836
1801: 1837,1699,1783
1754: 1686,1707,1693,1725
1857: 1915,1879,1924,927,1806,1881,1908,1625,237,1820,1858
1756: 1819,1776,1795,1821,1730,507
1835: 1871,1838,1853,1606,1842,1769,1771,1810,1717,1796
1760: 1797,586,1863,1807
1917: 1843,1906,1904,1823,1902,1864,1921,1920,1919,1922,1887,1848,1912,1910,1892,1890,1782,1905,1880
1763: 1719,1703,1720,1699
1825: 1791,442
1768: 1832,1689,1817
1769: 1771,1810,1606,1835,1717,1796
1770: 1893,1895,1909,1849,1918,1873,1897,1899,1874,1872
1771: 1769,1810,1853,1606,1835,1717,1796
1773: 1809,1790,962
1775: 1898,1831
1776: 1795,1756,1819,981,507
1779: 1767,1781,1752,1827,1751
1782: 1910,1892,1890,1864,1920,1919,1922,575,1843,1917,1906,1866,1885
1783: 1699,1837,1801
1785: 1869
1881: 1806,1908,1879,1924,1842,1903,1915,1857,1859,1820,1858
1787: 1697
1789: 1600,477
1790: 1689,1817,1809,1773
1791: 1825,442
1792: 1728,1896
1793: 1891
1798: 1740
1809: 1773,1790,962
1802: 1772
1803: 1876,1866,1885,1844,1877,1900
1804: 1860,1821,1730,1834,1788,1901,598
1890: 1910,1892,1782,1864,1921,1920,1919,1922,575,1843,1917,1906,1880,1866,1885
1806: 1881,1908,1879,1924,1903,1915,1857,1859,1820,1858
1867: 1913,1923,1883,1911,1886,1904,1823,1925,1909,1849,1887,1848,1912,1905
1810: 1769,1771,1853,1606,1835,1717,1796
1811: 1184,1741
1844: 1877,1900,1851,1880,1876,1803,1853,1606
1885: 1866,1910,1892,1890,1782,1876,1803
1817: 1689,1768,1832,1790
1818: 1828,1866,1827,534
1819: 1756,1776,1795,1821,1730,507
1820: 1858,1915,1857,1806,1881,1908,1859,1856
1821: 1856,1756,1819,1730,507,1860,1804,1834
1919: 1922,1902,1864,1921,1920,575,1843,1917,1906,1910,1892,1890,1782
1859: 1842,1903,1806,1881,1908,1820,1858
1827: 1876,1828,1818,1767,1779,1781,1752
1828: 1818,1827,534
1831: 1898,1775
1832: 1768,1817
1880: 1887,1848,1912,1843,1917,1906,1910,1890,1905,1851,1844,1877,1900
1834: 1841,1870,1821,1730,507,1860,1804
1836: 1781,1752,1766,996,1724
1838: 1871,1874,1872,1839,1907,1830,1882,1884,1842,1903,1835
1839: 1851,1874,1872,1907,1830,1882,1884,1871,1838,1853
1851: 1905,1848,1912,1843,1880,1839,1844,1877,1900
1843: 1917,1906,1904,1823,1902,1864,1921,1920,1919,1922,1887,1848,1912,1910,1892,1890,1782,1905,1851,1880
1845: 545,1896,452,933
1846: 1729
1847: 1778,1740
1848: 1887,1912,1911,1886,1904,1823,1925,1902,1921,1920,1867,1913,1843,1917,1906,1905,1851,1880
1849: 1909,1918,1923,1883,1911,1867,1913,1895,1770,1873
1853: 1839,1844,1877,1900,1871,1606,1835,1771,1810
1855: 1894
1856: 1820,1858,1821
1920: 1902,1864,1921,1886,1904,1823,1925,1919,1922,1887,1848,1912,1843,1917,1906,1910,1892,1890,1782
1863: 586,1760,1797,1807
1864: 1902,1921,1920,1886,1904,1823,1919,1922,1843,1917,1906,1910,1892,1890,1782
1899: 1897,1893,1895,1770,1873,1874,1872,1868,1914,1907,1830,1884
1866: 1885,1910,1892,1890,1782,1876,1803,1818
1868: 1914,1897,1899,1874,1907,1830,1884,1879
1870: 1841,1834,1730,507,586,1788
1871: 1838,1874,1872,1839,1907,1830,1882,1884,1853,1842,1903,1835
1872: 1874,1770,1873,1897,1899,1839,1830,1882,1884,1871,1838
1873: 1909,1849,1918,1893,1895,1770,1899,1874,1872
1875: 1750,1634,1688,461
1876: 1803,1866,1885,1844,1877,1900,1827
1877: 1844,1900,1905,1851,1880,1876,1803,1853,1606
1879: 1868,1914,1907,1884,1924,927,1915,1857,1806,1881,1908
1882: 1907,1830,1884,1897,1874,1872,1839,1871,1838,1903
1883: 1923,1911,946,1886,1904,1925,1909,1849,1918,1867,1913,1887,1912
1884: 1907,1830,1882,1897,1899,1874,1872,1839,1868,1914,1871,1838,1879
1886: 1904,1823,1925,1923,1883,1911,1902,1864,1921,1920,1867,1913,1887,1848,1912,1906
1887: 1848,1912,1923,1883,1911,1886,1904,1823,1925,1902,1921,1920,1867,1913,1843,1917,1906,1905,1880
1888: 1737
1892: 1910,1890,1782,1902,1864,1920,1919,1922,575,1843,1917,1906,1866,1885
1893: 1895,1770,1909,1918,1873,1897,1899,1874
1894: 1855
1895: 1893,1770,1909,1849,1918,1873,1897,1899
1896: 1878,1728,1792,452,1845
1897: 1899,1893,1895,1770,1874,1872,1868,1914,1907,1830,1882,1884
1898: 1775,1831
1900: 1844,1877,1905,1851,1880,1876,1803,1853,1606
1902: 1864,1921,1920,1886,1904,1823,1925,1919,1922,1887,1848,1912,1843,1917,1906,1910,1892
1903: 1842,1907,1830,1882,1871,1838,1924,1806,1881,1908,1859
1904: 1886,1823,1925,1923,1883,1911,1902,1864,1921,1920,1867,1913,1887,1848,1912,1843,1917,1906
1905: 1851,1867,1913,1887,1848,1912,1843,1917,1906,1880,1877,1900
1906: 1843,1917,1886,1904,1823,1925,1902,1864,1921,1920,1919,1922,1887,1848,1912,1910,1892,1890,1782,1905,1880
1907: 1830,1882,1884,1897,1899,1874,1839,1868,1914,1871,1838,1879,1924,1903
1909: 1849,1918,1923,1883,1911,1867,1913,1893,1895,1770,1873
1910: 1892,1890,1782,1902,1864,1921,1920,1919,1922,575,1843,1917,1906,1880,1866,1885
1911: 1923,1883,1886,1904,1823,1925,1909,1849,1867,1913,1887,1848,1912
1912: 1887,1848,1923,1883,1911,1886,1904,1823,1925,1902,1921,1920,1867,1913,1843,1917,1906,1905,1851,1880
1913: 1867,1923,1883,1911,1886,1904,1823,1925,1909,1849,1887,1848,1912,1905
1914: 1868,1897,1899,1907,1884,1879,1924
1915: 1857,1879,1924,927,1806,1881,1908,1625,237,1820,1858
1916: 1716,525
1921: 1902,1864,1920,1886,1904,1823,1925,1919,1922,1887,1848,1912,1843,1917,1906,1910,1890
1922: 1919,1902,1864,1921,1920,575,1843,1917,1906,1910,1892,1890,1782
1923: 1883,1911,946,1886,1904,1823,1925,1909,1849,1867,1913,1887,1912
1924: 1914,1907,1879,1842,1903,1915,1857,1806,1881,1908
1925: 1886,1904,1823,1923,1883,1911,1902,1921,1920,1867,1913,1887,1848,1912,1906