1574: 1290,1605,1037,1613,1610,1337,1521
543: 
1068: 557,1619,237,1624,1625,1062,1174
1141: 1100
1543: 1349,475,1578
566: 
949: 
1581: 1562,573
1445: 1530
1126: 1128,1136,1617,1622,1614,153,1037,1613,1162,1611,1621,1011,1610,1337,1521
977: 
1519: 1564,1450,1531,1479,1554,1467,1373,1476,1430,1506,1478
1373: 1365,1467,952,1519,1564,1459,1525,1419,1557,1476,1430,1506,1478,1379,1394,1415
1572: 1527,902,475
1394: 1379,1415,1459,1365,1373,985,1345,1317,1346,1426,323,1431
535: 461
754: 69
1459: 1525,1419,1557,952,1365,1467,1373,1379,1394,1415
1509: 1357,1472,1345,482,1515,1428,1489
583: 588,490
1619: 237,1624,1625,1618,1065,1068,1066,1623,1062,1174
1376: 1501
900: 
1520: 1495,1387,1404,1503,1456
1337: 1610,1295,1521,1126,1128,1037,1613,1605,1574,1162,1611,1621,1011
500: 467
520: 
1393: 1346,1426,1316,323,1431,1415,487,1345,1317,1425,1461,1464,1472,1395
1602: 1532,453
29: 540
562: 
509: 
1174: 1062,1068,1619,237,1624,1625,1066,1623,1100
822: 1487,1585,1561
947: 
563: 
985: 1394,1561,1526,1345,1317,1323
1450: 1531,1479,1554,1519,1564,1430
1434: 1512
1556: 1576
995: 
551: 
1532: 1602,453
957: 
1540: 1499,1571
1367: 
961: 917
495: 
1456: 1404,1503,1495,1520,1387
968: 
1587: 1606,449
929: 
939: 
905: 
1461: 1425,1464,487,1346,1393,1426,1316,323,1431,1452,1395,1399
552: 1424
572: 
1506: 1476,1430,1478,1519,1564,1365,1467,1373,1379,487
560: 
504: 
1479: 1450,1531,1554,1536,1519,1564,1502,1501
61: 1460,1414,1398,1551
539: 
558: 
1527: 1572,902,475
1495: 1520,1387,1404,1503,1456
1582: 1569,591
922: 579
589: 
69: 754
1600: 1589
598: 454
1202: 492
1128: 1126,1136,1617,1622,1614,153,1037,1613,1162,1611,1621,1011,1610,1337,1521
587: 
515: 
1571: 1499,1537,1540,952
569: 946
996: 
854: 
605: 227
916: 489,413
1172: 
1605: 1290,1574,1037,1613,1610,1337,1521
591: 1582,1569
926: 
1487: 822,1585
1513: 1548,907
532: 
944: 
582: 
1295: 1610,1337,1521
948: 
1349: 1543,475,1578,1388
1064: 1088
588: 490,583
1253: 1278
994: 1514,1474,903
1518: 
1496: 1424
1266: 1151,525
593: 
1426: 1346,1393,1316,323,1431,1394,1415,487,1345,1317,1425,1461,1464,1472,1395
544: 
908: 
1606: 1587,449
955: 
1346: 1393,1426,1316,323,1431,1379,1394,1415,487,1345,1317,1425,1461,1464,1472,1395
906: 
659: 
581: 
498: 
932: 
575: 927
993: 
1475: 1575,967
531: 
1395: 1346,1393,1426,1316,323,1431,1425,1461,1464,1452,1399
1428: 1489,1509,1357,1472,1444,1398
513: 
1278: 1253
1387: 1495,1520,1404,1503,1456
1316: 1346,1393,1426,323,1431,1415,487,1345,1317,1425,1461,1464,1395
1604: 853,915
1458: 1397
506: 409
975: 
911: 
555: 
597: 
979: 
988: 
963: 
1535: 
538: 
951: 
1348: 1402
536: 
592: 
1063: 1618,1065,1609,1083,1612,1067,1069,1620,1615,237,1625,1623,1616
1562: 1581
1569: 1582,591
986: 1588,157
559: 
586: 507
903: 994
1589: 1600
596: 
1359: 
557: 965,1068
580: 
537: 
978: 
153: 1614,1126,1128,1136,1617,1622,1162,1611,1621,1011
980: 
1151: 1266,525
568: 
157: 1563,1588,986
965: 311,1005,1015,166,557
1413: 1453
902: 1572,1527,475
556: 
1503: 1404,1456,1495,1520,1387
1430: 1476,1506,1478,1519,1564,1450,1531,1365,1467,1373,1379
541: 
594: 
166: 1015,311,1005,965
820: 
507: 586
700: 1009
1528: 1592,453
519: 
550: 
1547: 1580,1590,1601,456
574: 
940: 966
1065: 1618,1063,1609,1083,1612,1067,1069,1620,1615,1619,237,1624,1625,1066,1623,1616
1399: 1461,1452,1395,1460,1414
923: 
1062: 1174,1068,1619,237,1624,1625,1066,1623,1100
1053: 
901: 
501: 
1588: 1563,157,986
992: 
1290: 1605,1574
534: 
967: 1475,1575
573: 1581
547: 
976: 
919: 
1415: 1379,1394,1459,1365,1467,1373,1345,1317,1346,1393,1426,1316,323,1431
1565: 1585,233
590: 946
1464: 1425,1461,487,1346,1393,1426,1316,323,1431,1395
1514: 1474,1452,994
962: 410
927: 575
1578: 1388,1543,1349,959
584: 
934: 
1531: 1450,1479,1554,1519,1564,1430
953: 
1197: 
973: 
517: 
982: 
1357: 1509,1472,1345,482,1515,1428,1489
924: 
1453: 1413
1424: 1496,552
990: 
578: 
1341: 840,1477
1149: 1184
1388: 1578,1349,959
1502: 1536,1479,1554
914: 
1419: 1459,1525,1557,952,1365,1467,1373,1379
1011: 1162,1611,1621,1614,153,1126,1128,1136,1617,1622,1037,1613,1610,1337
1607: 232
925: 419
1521: 1610,1295,1337,1126,1128,1037,1613,1605,1574,1162,1611
1100: 1062,1174,1141
1489: 1428,1509,1357,1472,1460,1444,1398
941: 
227: 605
912: 
950: 
943: 
1443: 1598
232: 1607
233: 1565
1551: 1460,1414,61
1404: 1503,1456,1495,1520,1387
579: 922
237: 1619,1624,1625,1618,1063,1065,1609,1083,1068,1066,1623,1062,1174
508: 
920: 
1379: 1394,1415,1459,1525,1419,1557,1365,1467,1373,1476,1430,1506,1478,1345,1317,1346,1431
599: 
1580: 1547,1590,1601,456
514: 
1476: 1430,1506,1478,1519,1564,1365,1467,1373,1379
971: 
972: 
1557: 1459,1525,1419,952,1365,1467,1373,1379
1583: 1603
1585: 822,1487,1565
1402: 1348
1576: 1556
1345: 1317,1379,1394,1415,985,1346,1393,1426,1316,323,1431,1509,1357,1472
1526: 1561,985
1512: 1434
512: 
942: 
571: 
1478: 1476,1430,1506,1519,1564,1365,1467,1373,1379,487
1501: 1376,1479
1563: 1588,157
928: 
1499: 1571,1537,1558,1540,952
567: 
528: 
909: 
1467: 1365,1373,952,1519,1564,1459,1525,1419,1557,1476,1430,1506,1478,1379,1415
524: 
998: 
853: 1604,915
585: 
523: 
1525: 1459,1419,1557,952,1365,1467,1373,1379
915: 853,1604
1009: 700,960
533: 
959: 1578,1388,1537,1558
913: 
530: 
496: 
1088: 1064,311,1005
522: 
958: 
553: 
1474: 1514,1452,994
1365: 1467,1373,952,1459,1525,1419,1557,1476,1430,1506,1478,1379,1394,1415
1530: 1445
510: 
542: 
960: 1009
984: 
952: 1499,1571,1459,1525,1419,1557,1365,1467,1373
595: 412,438
1561: 1526,822,985
505: 
521: 
999: 
1162: 1611,1621,1011,1614,153,1126,1128,1136,1617,1613,1610,1337,1521
518: 
1470: 1409,627
502: 
956: 
1414: 1399,1460,61,1551
933: 452
904: 
1015: 166,311,1005,965
1066: 1623,1618,1065,1083,1615,1619,237,1624,1625,1616,1062,1174
549: 
991: 
1268: 1326
1454: 1323,482
311: 1005,1088,1015,166,965
554: 
497: 
1536: 1479,1554,1502
548: 
526: 421
989: 
1069: 1620,1612,1067,1618,1063,1065,1609,1083,1615
1601: 1590,1580,1547
545: 452
576: 
945: 
323: 1346,1393,1426,1316,1431,1394,1415,487,1345,1317,1425,1461,1464,1395
981: 
946: 569,590
516: 
327: 
1161: 492
570: 
1037: 1613,1126,1128,1136,1617,1622,1605,1574,1611,1011,1610,1337,1521
1592: 1528,453
918: 
1184: 1149
1425: 1461,1464,487,1346,1393,1426,1316,323,1431,1452,1395
1323: 1454,985,482
1621: 1162,1611,1011,1614,153,1126,1128,1136,1617,1622,1613,1610,1337
1243: 492
499: 
1460: 1399,1489,1414,1398,61,1551
840: 1341
938: 
966: 940,444
1391: 
937: 
1477: 1341
921: 
347: 
1326: 1268
540: 29
997: 
503: 
917: 961
1515: 482,1509,1357,1444
1537: 1558,959,1499,1571
546: 
1067: 1612,1069,1620,1618,1063,1065,1609,1083
970: 
1603: 1583
1488: 
1452: 1425,1461,1514,1474,1395,1399
627: 1470
1431: 1346,1393,1426,1316,323,1379,1394,1415,487,1345,1317,1425,1461,1464,1472,1395
931: 
565: 
529: 
1005: 311,1088,1015,166,965
561: 441
1472: 1509,1357,1345,1317,1346,1393,1426,1431,482,1428,1489
964: 
1398: 1428,1489,1460,1444,61
1317: 1345,1379,1394,1415,985,1346,1393,1426,1316,323,1431,1472
954: 
1575: 1475,967
1590: 1601,1580,1547
1444: 1515,1428,1489,1398
1558: 1537,959,1499
1548: 1513,907
564: 
511: 
1586: 
969: 
527: 
1136: 1126,1128,1617,1622,1614,153,1037,1613,1162,1611,1621,1011,1610
1554: 1450,1531,1479,1536,1519,1564,1502
987: 
935: 
1397: 1458
1083: 1618,1063,1065,1609,1612,1067,1069,1620,1615,237,1625,1066,1623,1616
974: 
907: 1513,1548
1598: 1443
930: 
577: 
983: 
525: 1266,1151
1409: 1470
1564: 1519,1450,1531,1479,1554,1467,1373,1476,1430,1506,1478
910: 
936: 
400: 
401: 
402: 
403: 
404: 
405: 
406: 
407: 
408: 
409: 506
410: 962
411: 
412: 595
413: 916
414: 
415: 
416: 
417: 
418: 
419: 925
420: 
421: 526
422: 
423: 
424: 
425: 431
426: 
427: 
428: 
429: 
430: 
431: 425
432: 
433: 
434: 
435: 
436: 
437: 
438: 595
439: 
440: 
441: 561,477
442: 
443: 
444: 966
445: 
446: 
447: 450
448: 
449: 1606,1587
450: 447
451: 
452: 933,545
453: 1532,1602,1528,1592
454: 598
455: 
456: 1580,1547
457: 
458: 
459: 
460: 
461: 535
462: 
463: 
464: 
465: 
466: 
467: 500
468: 
469: 
470: 
471: 
472: 
473: 
474: 
475: 1543,1349,1572,1527,902
476: 
477: 441
478: 
479: 
480: 
481: 
482: 1515,1323,1454,1509,1357,1472
483: 
484: 
485: 
486: 
487: 1506,1478,1346,1393,1426,1316,323,1431,1425,1461,1464
488: 
489: 916
490: 588,583
491: 
492: 1202,1243,1161
493: 
494: 
1609: 1618,1063,1065,1083,1612,1067,1069,1620,1615,237,1625,1623,1616
1610: 1295,1337,1521,1126,1128,1136,1617,1622,1037,1613,1605,1574,1162,1611,1621,1011
1611: 1162,1621,1011,1614,153,1126,1128,1136,1617,1622,1037,1613,1610,1337,1521
1612: 1067,1069,1620,1618,1063,1065,1609,1083
1613: 1037,1126,1128,1136,1617,1622,1605,1574,1162,1611,1621,1011,1610,1337,1521
1614: 153,1126,1128,1136,1617,1622,1162,1611,1621,1011
1615: 1069,1620,1618,1063,1065,1609,1083,1066,1623,1616
1616: 1618,1063,1065,1609,1083,1615,1066,1623
1617: 1126,1128,1136,1622,1614,153,1037,1613,1162,1611,1621,1011,1610
1618: 1063,1065,1609,1083,1612,1067,1069,1620,1615,1619,237,1624,1625,1066,1623,1616
1620: 1069,1612,1067,1618,1063,1065,1609,1083,1615
1622: 1126,1128,1136,1617,1614,153,1037,1613,1611,1621,1011,1610
1623: 1066,1618,1063,1065,1609,1083,1615,1619,237,1624,1625,1616,1062,1174
1624: 1619,237,1625,1618,1065,1068,1066,1623,1062,1174
1625: 1619,237,1624,1618,1063,1065,1609,1083,1068,1066,1623,1062,1174