1574: 552,1598,1599,1597,1326,1268,1546,1583,1443,1594
639: 
1068: 1069,1067,237,1063,1065,1083,949
1141: 1100,911,410
1543: 1514,1536,1502,1349,1482,1474
566: 405
949: 1068,237,1063,1065,1083,1053,965
1581: 456,1562,1418
1347: 1440,1495,1520,1516,1521,1496,1337,1424,1473,1401,1525,1480,1435,1456
1126: 1011,1020,1162,153,1128,1136,1037
977: 571
1519: 1571,487,1326,1268,1499,1531,1564,1419,1557,1450,1388,1578
1373: 1506,323,1467,1478,1365,1379,1476,1430,1479,1554,1394,1376,1501,1345,1317,1415,1346,1431,1464,1393,1426,1316,1425
1572: 1527,1450,1388,1578,1566,1479,1554,1482
1394: 1365,1379,323,1467,1373,1454,1323,1345,1317,1415,1346,1431,1393,1426,1316
15: 29
754: 69,740
17: 
1509: 1357,1408,1454,1323,1345,1317,1415,1346,1431,1393,1426,985,1448,1428
583: 
1566: 1572,1527,1536,1482
1376: 1501,1430,1479,1554,1514,1506,323,1467,1373,1478,1474,1464,1393,1426,1316,1425,1461
900: 588
1520: 1495,1516,1483,1533,959,1440,1521,1496,1337,1424,1473,1347,1401,1525
1337: 1521,1496,1424,1533,959,1495,1520,1516,1558,952,1347,1401,1525,1459
1383: 1504,1488,1359,1367,1435
643: 
1393: 1464,1426,1316,1394,323,1467,1373,1478,1376,1501,1345,1317,1415,1346,1431,1425,1461,1509,1357,1408,1448,1395
1593: 1532,482,1582,1569
29: 15
562: 408
740: 69,754
1174: 1062
822: 1487,1503,1456,1387,1404,1396,1560
947: 
563: 
985: 1454,1323,1345,1317,1415,1346,1431,1469,1509,1357,1408,1530,1445
1505: 1544,1530,1445,105,1492,1485,1339
646: 513
1556: 1576,994,986
995: 
1491: 1390,1405,1280,1504
1532: 1593,482,1582,1569
957: 
1540: 1499,1268,1571,952
1367: 1488,1359,1383,1504,1480,1435,1396
961: 
766: 
814: 125,953,898
968: 974
1587: 1579,1590,902,1598,1599,1597,1547,1580,1546,1583,1443,1594
929: 
939: 
905: 
1492: 1530,1445,1544,1505,1447,1484,1417,1485,1339,1465
727: 662
572: 
1506: 323,1467,1373,1478,1365,1379,1476,1430,1479,1554,1376,1501,1346,1431,1426,1316
832: 
1533: 1483,959,1440,1495,1520,1516,1521,1496,1337,1424
792: 1363
61: 1409,1472,1410,1400,1460,1429,1452,1399,1515,1489,1398,1539,1470,1433
839: 
1550: 1298,1582,1569
1527: 1572,1450,1388,1578,1566,1479,1482
65: 
1582: 1569,482,1550,1532,1593
922: 
589: 
69: 754,740
1469: 1487,1454,985,1530,1445
598: 
1202: 492
1128: 153,1136,1037,278,1114,1126,1011,1020,1162
587: 
607: 
1571: 1519,487,1326,1268,1546,1583,1594,1540,1499,1531,1564,1450
569: 
996: 
854: 
605: 227,820
916: 472,580
1172: 278
1559: 1591,574
591: 
926: 980
1487: 822,1503,1456,1387,1404,1396,1560,1469
1513: 1547,1580,1548,456
1429: 1460,1452,1399,1436,1406,1472,1410,1400,1489,1398,1409,61
944: 
582: 
1295: 
948: 
1349: 1536,1502,1482,1514,1543,1474
1064: 1088,945
588: 940,900
1253: 478,1278,1483
994: 1589,1370,986,1576,1556
1518: 959
1496: 1521,1337,1424,1533,959,1495,1520,1537,1558,952,1347,1401,1525,1459
1266: 311,1151
593: 532
102: 
872: 
908: 
105: 1542,1530,1445,1570,1385,1544,1505,1586
955: 
1346: 1345,1317,1415,1431,1394,1506,323,1467,1373,1454,1323,1464,1393,1426,1316,985,1509,1357,1448
906: 
659: 
581: 954
1539: 1515,1489,1398,1400,1460,1447,1409,61,1465,1444,1470
932: 
575: 507
993: 431
1544: 1505,1530,1445,105,1492,1485
851: 137
1395: 1436,1464,1393,1426,1316,1425,1461,1448,1472,1410,1452,1399
1599: 1598,1597,1574,1587,1326,1268,1546,1583,1443,1594
119: 
1278: 478,1253
1387: 1456,1401,1480,1404,1396,822,1487,1503
1316: 1464,1393,1426,1394,1506,323,1467,1373,1478,1376,1501,1415,1346,1431,1425,1461,1448,1395
123: 
1209: 1069,1067,1342
125: 953,814,898
975: 
911: 1100,1141
898: 125,953,814
597: 1416,574
979: 
988: 515
963: 
1507: 1341,1477,1458,1397,1348,1402
1465: 1492,1447,1484,1417,1515,1398,1539,1339,1444,1378,1391,1517
951: 937
1348: 1402,1507,1341,1477,1589,1370
137: 851
592: 
1063: 237,1065,1083,1069,1067,1068,1066,949
1562: 456,1581
1569: 1582,482,1550,1532,1593
986: 1589,1370,935,994,1576,1556
143: 
586: 991
903: 
1589: 1370,1348,935,994,986
596: 
1359: 1488,1367,1383,1504,1480,1435,1396
1451: 233,1404,1396,1560,1561,1336,1434,1526
580: 916,472
894: 
978: 
153: 1128,1136,1037,278,1114,1126,1011,1020,1162
980: 926
1151: 311,1266
568: 
157: 1588
965: 1053,949
1413: 1453
902: 1587,1579,1590,1547,1580
1517: 1391,1339,1465,1444,1378,627
1503: 822,1487,1480,1435,1456,1387,1404,1396,1560
1430: 1476,1531,1564,1419,1557,1450,1578,1365,1379,1479,1554,1506,1467,1373,1478,1376
1114: 275,278,153,1128,1136,1037
594: 
166: 1015,311,1005
820: 227,605
168: 238,682
700: 1009,1468,454
1528: 840,1591,1592
171: 
746: 
1547: 1580,902,1587,1579,1590,1548,1513
574: 1559,597
940: 588
1065: 237,1063,1083,1069,1067,1068,1066,949
1382: 1298
923: 
1062: 1174
1053: 965,949
901: 526
1343: 347
183: 
992: 
1290: 
1336: 233,1451,1434,1512,347
967: 546
573: 
1406: 1436,1429,1452,1399
976: 
919: 
1415: 1345,1317,1346,1431,1394,323,1467,1373,1454,1323,1393,1426,1316,985,1509,1357
1208: 1129,1306
590: 
1464: 1393,1426,1316,323,1467,1373,1376,1501,1346,1431,1425,1461,1448,1395,1436
1514: 1543,1578,1479,1554,1349,1482,1376,1501,1474
962: 
927: 
1578: 1450,1388,1519,487,1531,1564,1419,1557,1572,1527,1430,1479,1554,1514
584: 
934: 
1531: 1564,1419,1557,1499,1519,1571,487,1450,1388,1578,1476,1430,1479,1554
953: 125,814,898
1197: 492
973: 
206: 
982: 
1357: 1509,1408,1454,1323,1345,1317,1415,1346,1431,1393,1426,985,1448
924: 
1453: 1413,935
1424: 1521,1496,1337,1533,959,1495,1520,1537,1558,952,1347,1401,1525,1459
990: 
578: 
1341: 1507,1477,1458,1397,1348,1402
1149: 1184
1388: 1450,1578,1519,487,1531,1564,1419,1557,1572,1527,1479,1554
1502: 1536,1349,1482,1543
914: 463
1298: 1585,1565,1382,1550
1011: 1126,1020,1162,153,1128,1136,1037
866: 294,312
925: 419
1521: 1496,1337,1424,1533,959,1495,1520,1558,952,1347,1401,1525,1459
1100: 1141,911,410
1489: 1515,1398,1539,1428,1472,1410,1400,1460,1429,1452,1399,1447,1409,61,1444
941: 
227: 605,820
912: 
950: 
943: 402
1591: 1528,1559,1592
232: 
233: 1451,1560,1561,1336,1434,1512,1542,1526
1551: 1414,1470,1433,307,1573
703: 424
579: 
237: 1063,1065,1083,1069,1067,1068,1066,949
238: 168,682
920: 
1379: 1365,1537,1558,952,1459,1476,1430,1394,1506,1467,1373
599: 508
604: 554,491
243: 
1370: 1589,1348,935,994,986
971: 
972: 538
1557: 1531,1564,1419,1519,487,1450,1388,1578,1476,1430,1479,1554
1583: 1546,1443,1594,1574,1598,1599,1597,1587,1579,1590,1326,1268,1571,487
877: 
1129: 1208
1576: 1556,994,986
1345: 1317,1415,1346,1431,1394,323,1467,1373,1454,1323,1393,1426,985,1509,1357,1408,1448
1526: 1542,233,1451,1560,1561,1434,1512,1570
1512: 1434,233,1560,1561,1336,1542,1526,1570,1385
255: 326
942: 
571: 977
844: 
1501: 1376,1479,1554,1514,1506,323,1467,1373,1478,1474,1464,1393,1426,1316,1425,1461
1563: 457
928: 
1499: 1540,1326,1268,1519,1571,487,952,1531,1564
567: 
264: 461
909: 440
1546: 1583,1443,1594,1574,1598,1599,1597,1587,1579,1590,1326,1268,1571,487
267: 
998: 
853: 
585: 
887: 
1525: 1401,1495,1520,1521,1496,1337,1424,1537,1558,952,1347,1459
915: 
1009: 700,1468,454
275: 1342,1066,278,1114
959: 1518,1533,1495,1520,1521,1496,1337,1424,1537,1558,952
913: 
278: 1066,275,1114,1172,153,1128,1136,1037
892: 
1088: 1064,945
281: 
958: 
1597: 1598,1599,1574,1587,1579,1590,1546,1583,1443,1594
623: 
1365: 1379,1537,1558,952,1459,1476,1430,1394,1506,1467,1373,1478
1530: 1445,1469,985,105,1544,1505,1492
682: 238,168
720: 
960: 
984: 
952: 1537,1558,959,1540,1499,1521,1496,1337,1424,1525,1459,1365,1379
595: 
1561: 1560,233,1451,1434,1512,1542,1526
294: 866
672: 
999: 
1162: 1126,1011,1020,153,1128,1136,1037
298: 
1363: 792
300: 
956: 
1414: 1551,1470,1433,307,1573
933: 545
904: 411
1015: 166,311,1005
1066: 1069,1067,237,1063,1065,1083,275,278
307: 1433,1551,1414,1573,840
991: 586
1268: 1326,552,1574,1598,1599,1546,1583,1443,1594,1540,1499,1519,1571,487
1454: 1323,1394,1345,1317,1415,1346,1431,1469,985,1509,1357
311: 1005,1015,166,1151,1266
312: 382,866
313: 
1385: 1570,1434,1512,1542,105,1585,1565,1586
1280: 1405,1306,1390,1491,1504
712: 358
989: 
1069: 1067,1209,1068,237,1063,1065,1083,1066
856: 
320: 
576: 
945: 1088,1064
323: 1506,1467,1373,1478,1479,1394,1376,1501,1345,1415,1346,1431,1464,1393,1426,1316,1425,1461
981: 
946: 
326: 255
327: 577
1161: 
570: 
1037: 153,1128,1136,278,1114,1126,1011,1020,1162
1592: 1528,1575,1591
918: 
1184: 1149
1425: 1461,323,1467,1373,1478,1376,1501,1474,1464,1393,1426,1316,1448,1395,1436
1323: 1454,1394,1345,1317,1415,1346,1431,985,1509,1357
1020: 1126,1011,1162,153,1128,1136,1037
1243: 492
338: 
1378: 1485,1339,1465,1391,1517
840: 307,1573,1528
938: 
966: 
1306: 1208,1405,1280,1390
937: 951
634: 627,1416
921: 
347: 1336,1343
1326: 1268,552,1574,1598,1599,1546,1583,1443,1594,1499,1519,1571,487
349: 
997: 
806: 
917: 
836: 
1339: 1485,1505,1492,1447,1484,1417,1465,1378,1391,1517
1342: 1209,275
1067: 1069,1209,1068,237,1063,1065,1083,1066
970: 
358: 712
1488: 1359,1367,1383,1504,1480,1435,1404,1396
1452: 1460,1429,1399,1448,1395,1436,1406,1428,1472,1410,1400,1489,1398,1409,61
627: 1517,634
1431: 1345,1317,1415,1346,1394,1506,323,1467,1373,1478,1454,1323,1464,1393,1426,1316,985,1509,1357,1448
931: 
565: 
1504: 1405,1280,1383,1390,1491,1488,1359,1367
1005: 311,1015,166
1405: 1280,1306,1390,1491,1504
1573: 307,1551,1414,840
964: 
815: 
1317: 1345,1415,1346,1431,1394,1467,1373,1454,1323,1393,1426,985,1509,1357
954: 581
662: 727
1590: 1587,1579,902,1598,1597,1547,1580,1546,1583,1443
710: 
1558: 1537,952,959,1521,1496,1337,1424,1525,1459,1365,1379
1548: 1547,1580,1513,456
564: 
817: 
1586: 1570,1385,105,1585,482
969: 
382: 312
1136: 153,1128,1037,278,1114,1126,1011,1020,1162
1554: 1479,1531,1419,1557,1450,1388,1578,1572,1476,1430,1514,1506,1467,1373,1478,1376,1501,1474
987: 907
935: 1453,1589,1370,986
1542: 1526,233,1560,1561,1434,1512,1570,1385,105
1083: 237,1063,1065,1069,1067,1068,1066,949
974: 968
907: 987
391: 
930: 
577: 327
983: 
865: 
396: 
1564: 1531,1419,1557,1499,1519,1571,487,1450,1388,1578,1476,1430
910: 
936: 
400: 
401: 
402: 943
403: 
404: 
405: 566
406: 
407: 422
408: 562
409: 
410: 1100,1141
411: 516,904
412: 
413: 
414: 537
415: 
416: 
417: 
418: 
419: 925
420: 
421: 
422: 407
423: 
424: 703,466
425: 
426: 
427: 
428: 
429: 
430: 
431: 993
432: 
433: 
434: 
435: 
436: 
437: 
438: 
439: 
440: 909
441: 
442: 
443: 
444: 
445: 
446: 
447: 
448: 
449: 
450: 
451: 
452: 
453: 
454: 700,1009
455: 490
456: 1548,1513,1562,1581
457: 1563
458: 
459: 535
460: 
461: 264
462: 
463: 914
464: 
465: 
466: 424
467: 
468: 
469: 
470: 
471: 
472: 916,580
473: 
474: 
475: 
476: 
477: 
478: 1278,1253
479: 
480: 552
481: 
482: 1586,1582,1569,1532,1593
483: 
484: 
485: 
486: 
487: 1519,1571,1326,1268,1546,1583,1443,1594,1499,1531,1564,1419,1557,1450,1388,1578
488: 
489: 
490: 455
491: 554,604
492: 1197,1202,1243
493: 
494: 
495: 
496: 
497: 
498: 
499: 
500: 
501: 
502: 
503: 
504: 
505: 
506: 
507: 575
508: 599
509: 
510: 
511: 
512: 
513: 646
514: 
515: 988
516: 411
517: 
518: 
519: 
520: 
521: 
522: 
523: 
524: 
525: 534
526: 901
527: 
528: 
529: 
530: 
531: 
532: 593
533: 
534: 525
535: 459
536: 
537: 414
538: 972
539: 
540: 
541: 
542: 
543: 
544: 
545: 933
546: 967
547: 
548: 
549: 
550: 
551: 
552: 480,1574,1326,1268
553: 
554: 491,604
555: 
556: 
557: 
558: 
559: 
560: 
561: 
1575: 1475,1592
1390: 1491,1306,1405,1280,1504
1391: 1517,1485,1339,1465,1378
1396: 1404,1488,1359,1367,1480,1435,1456,1387,822,1487,1503,1451,1560
1397: 1458,1507,1341,1477
1398: 1515,1489,1539,1428,1472,1410,1400,1460,1429,1452,1399,1447,1484,1409,61,1465,1444,1470
1399: 1460,1429,1452,1448,1395,1436,1406,1472,1410,1489,1398,1409,61
1400: 1428,1472,1410,1408,1460,1429,1452,1447,1484,1417,1515,1489,1398,1539,61
1401: 1525,1495,1520,1516,1521,1496,1337,1424,1347,1459,1456,1387
1402: 1348,1507,1341,1477
1560: 1561,1404,1396,822,1487,1503,233,1451,1434,1512,1542,1526
1404: 1396,1488,1480,1435,1456,1387,822,1487,1503,1451,1560
1585: 1565,1385,1586,1298
1408: 1509,1357,1345,1393,985,1448,1428,1472,1410,1400
1409: 61,1410,1460,1429,1452,1399,1515,1489,1398,1539,1470,1433
1410: 1428,1472,1400,1408,1448,1395,1436,1460,1429,1452,1399,1515,1489,1398,1409,61
1516: 1495,1520,1483,1533,1440,1337,1473,1347,1401
1416: 634,597
1417: 1447,1484,1400,1492,1515,1485,1339,1465,1444
1418: 1581
1419: 1531,1564,1557,1519,487,1450,1388,1578,1476,1430,1479,1554
1515: 1489,1398,1539,1428,1472,1410,1400,1460,1447,1484,1417,1409,61,1465,1444
1426: 1464,1393,1316,1394,1506,323,1467,1373,1478,1376,1501,1345,1317,1415,1346,1431,1425,1461,1509,1357,1448,1395
1537: 1558,952,959,1496,1424,1525,1459,1365,1379
1428: 1472,1410,1400,1509,1408,1448,1460,1452,1447,1484,1515,1489,1398
1565: 1585,1385,1298
1433: 1409,61,1470,307,1551,1414
1434: 1512,233,1451,1560,1561,1336,1542,1526,1570,1385
1435: 1480,1383,1473,1347,1488,1359,1367,1404,1396,1503
1436: 1395,1464,1425,1461,1448,1406,1472,1410,1460,1429,1452,1399
1579: 1587,1590,902,1598,1597,1547,1580,1546,1583,1443
1535: 
1440: 1483,1533,1520,1516,1473,1347
1443: 1546,1583,1594,1574,1598,1599,1597,1587,1579,1590,1326,1268,487
1444: 1447,1417,1515,1489,1398,1539,1465,1470,1517
1445: 1530,1469,985,105,1544,1505,1492
1447: 1484,1417,1428,1400,1492,1515,1489,1398,1539,1339,1465,1444
1448: 1345,1346,1431,1464,1393,1426,1316,1425,1461,1509,1357,1408,1395,1436,1428,1472,1410,1452,1399
1450: 1388,1578,1519,1571,487,1531,1564,1419,1557,1572,1527,1476,1430,1479,1554
1570: 1385,1434,1512,1542,1526,105,1586
1456: 1387,1347,1401,1480,1404,1396,822,1487,1503
1598: 1599,1597,1574,1587,1579,1590,1326,1268,1546,1583,1443,1594
1458: 1397,1507,1341,1477
1459: 1521,1496,1337,1424,1537,1558,952,1401,1525,1365,1379
1460: 1429,1452,1399,1436,1428,1472,1410,1400,1515,1489,1398,1539,1409,61
1461: 1425,323,1376,1501,1464,1393,1426,1316,1448,1395,1436
1495: 1520,1516,1483,1533,959,1521,1496,1337,1424,1473,1347,1401,1525
1594: 1546,1583,1443,1574,1598,1599,1597,1587,1326,1268,1571,487
1467: 1506,323,1373,1478,1365,1379,1476,1430,1479,1554,1394,1376,1501,1345,1317,1415,1346,1431,1464,1393,1426,1316,1425
1468: 700,1009
1470: 1398,1539,1409,61,1444,1433,1551,1414
1580: 1547,902,1587,1579,1590,1548,1513
1472: 1428,1410,1400,1408,1448,1395,1436,1460,1429,1452,1399,1515,1489,1398,61
1473: 1440,1495,1520,1516,1347,1480,1435
1474: 1479,1554,1514,1543,1536,1349,1482,1376,1501,1425
1475: 1575
1476: 1430,1531,1564,1419,1557,1450,1365,1379,1479,1554,1506,1467,1373,1478
1477: 1507,1341,1458,1397,1348,1402
1478: 1506,323,1467,1373,1365,1476,1430,1479,1554,1376,1501,1431,1393,1426,1316,1425
1479: 1554,1531,1419,1557,1450,1388,1578,1572,1527,1476,1430,1514,1506,323,1467,1373,1478,1376,1501,1474
1480: 1435,1473,1347,1488,1359,1367,1456,1387,1404,1396,1503
1536: 1502,1349,1482,1566,1543,1474
1482: 1536,1502,1349,1572,1527,1566,1514,1543,1474
1483: 1253,1533,1440,1495,1520,1516
1484: 1447,1417,1428,1400,1492,1515,1398,1339,1465
1485: 1339,1544,1505,1492,1417,1378,1391
1588: 157