1574: 1605,1869,2026
543: 
1068: 1632,1656,1630,1655,1659,1653,1654,1657,1658,1640,1638,1627,1619,1624
1141: 1100,461,1656,1746,1708,1720
1543: 1349,904
566: 468,438
949: 1197,1680,1686,1664,1648
1581: 1562,1514,1474,919
1445: 1530,596,1337,1690
1701: 1671,1700
977: 1949,995
1519: 1564,1430,1499,1554,1450,1531,1479,1476
1373: 1467,1520
1572: 1527
1394: 1379,1415,1365,1557,1419,1345,1317,1346,1426,323,1431
535: 
1939: 2021,502,2014
1459: 1525,1526
1509: 1357,1345,1393,1428,1489
583: 
1619: 1640,1638,1627,1644,1624,1646,1632,1068,1731,1521,1655,1659,1653,1657,1636,1645,1639
1376: 1395,1461,1501,1460
900: 
1520: 1495,1467,1373,1499,1571
1337: 1690,1585,1565,1445,1530,596
500: 
520: 
1393: 1346,1426,1316,323,1431,1588,1345,1317,1461,1509,1395
1602: 1532,574
1623: 1066,1618,1063,1065,1609,1083,1615,1731,1521,1053,1651
562: 
509: 
1174: 478,2007,1928,1785,1062
822: 1487,410
947: 
563: 541
985: 1387,1456
1450: 1531,1479,1554,1519,1564,1430,1476
1434: 1512,918
1556: 1576
995: 977
551: 908
1532: 1602,574
957: 538
1540: 1499,1571,1495
1687: 1637,1668
961: 
495: 
1456: 1387,487,1499,1571,985,1557,1419
968: 
1718: 1765,1713,1733
929: 486
939: 
905: 
1461: 157,1588,1346,1393,1426,1316,323,1431,1395,1376,1501
552: 1558,1537
572: 1817,1689
1506: 1478,903
560: 1927
504: 
1479: 1450,1531,1554,1519,1564
61: 1460
539: 
558: 
1527: 1572
1495: 1520,1467,1540,1499,1571
1582: 1569,403
922: 579
589: 
1874: 1893,1918,1770,1926,1872,1830,1884
1600: 1789
598: 507,1863,1807,981,1970,1788
1202: 1676,1650,1682,1684,1663
1781: 1752,1779,1767,1827,1836,1766
587: 
515: 497
1571: 1540,1499,1520,1495,487,1387,1456,1564
569: 1989,2025,2000,946
996: 1798
1823: 1920,1940,1986,1904,1948,1864,1955,1887,1912,1848,1843,1917,1906,1919
1690: 1337,1585,1565,1445,1530,596
916: 568
1172: 492,1136,1651,1635,1617
1605: 1793,1891,1574
591: 
926: 1323,1454
1487: 822,410
1513: 1548
532: 
944: 
582: 
1295: 
948: 
1349: 1543,904
1064: 1088,557
588: 
1253: 1278,1290
994: 157,1588
1518: 
1496: 1660,1326
1869: 2026,1574,2007,1069,1620
593: 
1426: 1346,1393,1316,323,1431,1394,1415,157,1588,1345,1317,1461,1395
544: 
908: 551
1606: 1835,1851,1853,1844,1877,1900,1871,1838,1839
955: 
1346: 1393,1426,1316,323,1431,1379,1394,1415,1365,1588,1345,1317,1461,1395
906: 
1635: 153,1617,1172,492,1136
581: 
498: 928
932: 
575: 2027,1998,590,1921,1974,1986,1980,1948,1864,1955,524
993: 1894
1646: 1640,1638,1627,1619,1644,1624,1655,1636,1645,1639
531: 
1395: 1376,1346,1393,1426,1316,323,1431,1461,1501
1428: 1489,1509,1357,482
513: 
1278: 1253,1290
1387: 1456,487,1499,1571,985,1557,1419
1316: 1346,1393,1426,323,1431,157,1588,1345,1317,1461,1395
1671: 1700,853,1677,1701
1458: 1397,1514,1474
506: 
975: 976
911: 
555: 
597: 
979: 971
988: 
963: 
1684: 1663,1268,1326,1202,1243,1161,1676,1650,1682
538: 957
951: 
1348: 1402
536: 
592: 565
1063: 1618,1065,1609,1083,1612,1067,1069,1620,1615,1731,1521,1623
1562: 1581,1514,1474,919
1569: 1582,403
986: 
559: 
586: 1841,1870,1730,1834
903: 1478,1506
1589: 1732
596: 1445,1530,1337,1690
1670: 1743,1722,1745,1733,1713
557: 1088,1064
580: 
537: 
978: 
153: 1635,1617,492,1136
980: 
1974: 1921,1986,1998,590,575,1864,1955,524
568: 916
157: 1588,994,1426,1316,323,1461
965: 
1860: 1834,1804,1841,1870,1730
902: 
556: 
1503: 1404
1430: 1519,1564,1450,1531,1419,1476
541: 563
594: 
166: 1015,599,924
1708: 1656,1746,1630,1655,1659,1653,1654,1657,1658,1100,1141
507: 598,1863,1807,1970,1788
700: 1062,1009
1528: 1592
519: 
550: 
1547: 1580,1536,1502,448
574: 404,1477,1341,1602,1532
940: 585
1065: 1618,1063,1609,1083,1612,1067,1069,1620,1615,1731,1521,1066,1623
1837: 1783,1801,1699
923: 
1062: 1928,1785,1174,478,1009,700
1053: 1066,1623,1651
901: 
501: 
1588: 157,994,1346,1393,1426,1316,323,1431,1461
992: 
1290: 1253,1278
534: 1978,1766
967: 549
573: 
547: 
976: 975
919: 1581,1562
1415: 1379,1394,1365,1557,1419,1345,1317,1346,1426,323,1431
1565: 1585,1337,1690
590: 2027,1998,1987,1999,2020,1921,1974,1986,575
1625: 514,237,1633,1629,945
1514: 1474,1458,1397,1581,1562
962: 
927: 1633,1629
1578: 1388
584: 
934: 
1531: 1450,1479,1554,1519,1564,1430,1476
953: 
1197: 949,1686,1664
973: 
517: 1477,1341,404
982: 414
1357: 1509,1345,1317,1428,1489
924: 166,1015
1891: 1793,1605
1424: 1672
990: 
578: 
1341: 1477,574,404,517
1149: 984,1184,1811
1388: 1578
1502: 1536,448,1547,1580
914: 
1419: 1387,1456,1430,1557,1476,1379,1394,1415,1365
1693: 1707,1725,1698,1723,1720,1754,1703,1722,1745
1607: 232
925: 
1521: 1731,1618,1063,1065,1609,1083,1066,1623,1627,1619,1636,1645
1100: 1141,461,1656,1746,1708,1720
1489: 1428,1509,1357,482
941: 
1659: 1630,1655,1653,1654,1657,1658,1632,1068,1656,1746,1708,1640,1638,1627,1619,1624,1639
912: 
950: 
943: 
1443: 1598,456
232: 1607
1742: 
1551: 1414
1404: 1503
579: 922
237: 1868,1990,1933,1914,514,1625
508: 
920: 
1379: 1394,1415,1365,1557,1419,1476,1345,1317,1346,323,1431
599: 166,1015
1580: 1547,1536,1502,448
514: 1625,237,1633,1629,945
1476: 1519,1564,1430,1450,1531,1419,1379,1365
971: 979
972: 
1557: 1387,1456,1419,1379,1394,1415,1365
1583: 1603,917
1585: 1565,1337,1690
1402: 1348
1576: 1556
1345: 1317,1379,1394,1415,1365,1346,1393,1426,1316,323,1431,1509,1357
1526: 1561,1525,1459
1512: 1434,918
512: 
942: 
571: 455
1478: 1506,903
1501: 1461,1395,1376,1460
1563: 
928: 498
1499: 1540,1571,1520,1495,487,1387,1456,1519,1564
567: 
528: 
909: 
1467: 1373,1520,1495
524: 1921,1974,1986,575,1948,1864,1955,1922,1919
998: 
853: 1677,1671,1700
585: 940
523: 469
1525: 1459,1526,1561
915: 
1009: 1928,1785,1062,700
533: 503
959: 
913: 
530: 
496: 
1088: 1064,557
522: 
958: 481
553: 
1474: 1514,1458,1397,1581,1562
1365: 1379,1394,1415,1557,1419,1476,1345,1317,1346,1431
1530: 1445,596,1337,1690
510: 402
542: 
960: 1888
984: 1149
952: 
595: 
1561: 1526,1525
505: 
521: 1592
999: 
1795: 1776,1960,1756,1819
518: 
1680: 949,1686,1664,1648,1692
502: 2021,1939
956: 
1414: 1551
933: 1791,1988,452
904: 449,1543,1349
1015: 166,599,924
1066: 1623,1618,1065,1609,1083,1615,1731,1521,1053,1651,1662
549: 967
991: 1984,1855,409,1916
1268: 1326,1676,1650,1682,1684,1663
1454: 1323,926,918
311: 1005
554: 
497: 515
1536: 1502,448,1547,1580
548: 1590,1601
526: 
989: 
1069: 1620,1869,2026,1612,1067,1618,1063,1065,1609,1083,1615
1601: 1590,548
545: 1792,1728,1772,1802
576: 
945: 1633,1629,514,1625
323: 1346,1393,1426,1316,1431,1379,1394,1415,157,1588,1345,1317,1461,1395
981: 1807,1760,1797,1863,598,1970,1788
946: 2009,1992,569,1976,1997,2038,2031,2025,2000,1979,1883,2022,1886,1991
516: 411
1637: 1687,1668
1161: 1676,1650,1682,1684,1663
570: 
1985: 2013,2041,2002,2030,2043,1966,2042,2018,1950,1999,2020,2023,1931
1592: 1528,521
918: 1323,1454,1512,1434
1184: 1149,1811
1714: 1695,1721,1694,1685
1323: 1454,926,918
1686: 1664,1648,949,1197,1680,1676,1650,1682
1243: 1676,1650,1682,1684,1663
499: 
1460: 1376,1501,61
1732: 1589
938: 
966: 2025
1700: 1671,853,1677,1701
937: 
1477: 1341,574,404,517
921: 
1698: 1707,1693,1725,1723,1720,1754,1703,1722,1745
1326: 1268,1684,1663,1496,1660
540: 
997: 
503: 533
917: 1603,1583
1766: 1836,534,1752,1781
1537: 1558,577,552
546: 
1067: 1612,1069,1620,1618,1063,1065,1609,1083
970: 
1603: 1583,917
1733: 1743,1670,1718,1765,1713
1668: 1687,1637
1719: 1763,1720,1703,1699
1431: 1346,1393,1426,1316,323,1379,1394,1415,1365,1588,1345,1317,1461,1395
931: 
565: 592
529: 
1005: 311
561: 
1624: 1640,1638,1627,1619,1644,1646,1632,1068,1630,1655,1659,1653,1654,1657,1658,1636,1645,1639
964: 
2033: 2023,1931,1980,2039,1977,2008
1317: 1345,1379,1394,1415,1365,1346,1393,1426,1316,323,1431,1357
954: 
1575: 1642,1641,1643
1590: 1601,548
1741: 
1558: 1537,577,552
1548: 1513
564: 
511: 
1788: 1970,1863,1807,981,507,598
969: 480,987
527: 
1136: 1172,492,1651,1662,153,1635,1617
1554: 1519,1564,1450,1531,1479
987: 480,969
935: 420
1397: 1458,1514,1474
1083: 1618,1063,1065,1609,1612,1067,1069,1620,1615,1521,1066,1623
974: 
907: 
1598: 1443,456
930: 
577: 1558,1537
983: 
525: 1818,2004,1935,1981,1978
1984: 1855,409,1947,2034,1973,2006,1916,991
1564: 1519,1430,1499,1571,1554,1450,1531,1479,1476
910: 
936: 
400: 
401: 
402: 510
403: 1569,1582
404: 574,1477,1341,517
405: 
406: 
407: 
408: 
409: 1984,1855,1973,2006,1916,991
410: 1487,822
411: 516
412: 
413: 
414: 982
415: 
416: 
417: 
418: 
419: 
420: 935
421: 
422: 
423: 
424: 
425: 
426: 
427: 
428: 
429: 
430: 
431: 
432: 
433: 
434: 
435: 
436: 
437: 
438: 468,566
439: 
440: 
441: 
442: 1772,1802,1729,1846
443: 472
444: 1967,1936,1945,2035
445: 
446: 
447: 
448: 1536,1502,1547,1580
449: 904
450: 
451: 
452: 933,1791,1988
453: 
454: 
455: 571
456: 1443,1598
457: 
458: 
459: 
460: 
461: 1100,1141
462: 
463: 
464: 
465: 
466: 
467: 
468: 438,566
469: 523
470: 
471: 
472: 443
473: 
474: 
475: 
476: 
477: 
478: 1174,2007,1062
479: 
480: 987,969
481: 958
482: 1428,1489
483: 
484: 
485: 
486: 929
487: 1499,1571,1387,1456
488: 
489: 
490: 
491: 
492: 1172,1136,1651,1662,153,1635,1617
493: 
494: 
1609: 1618,1063,1065,1083,1612,1067,1069,1620,1615,1521,1066,1623
1699: 1719,1763,1783,1837
1676: 1202,1243,1161,1650,1682,1268,1686,1664,1648,1684,1663
1612: 1067,1069,1620,1618,1063,1065,1609,1083
1721: 1695,1714,1694
1672: 1424
1615: 1069,1620,1618,1063,1065,1609,1083,1066,1623
1729: 1846,1772,1802,442
1617: 153,1635,1172,492,1136
1618: 1063,1065,1609,1083,1612,1067,1069,1620,1615,1731,1521,1066,1623
1620: 1069,1869,2026,1612,1067,1618,1063,1065,1609,1083,1615
1627: 1640,1638,1619,1644,1624,1646,1632,1068,1731,1521,1655,1659,1657,1636,1645,1639
1636: 1645,1731,1521,1640,1638,1627,1619,1644,1624,1646,1639
1629: 1633,945,514,1625,927
1630: 1655,1659,1653,1654,1657,1658,1632,1068,1656,1746,1708,1640,1638,1624,1639
1631: 1634
1632: 1068,1656,1630,1655,1659,1653,1654,1657,1658,1640,1638,1627,1619,1624
1633: 1629,945,514,1625,927
1634: 1631
1638: 1640,1627,1619,1644,1624,1646,1632,1068,1630,1655,1659,1653,1654,1657,1658,1636,1645,1639
1639: 1630,1655,1659,1653,1654,1657,1658,1640,1638,1627,1619,1644,1624,1646,1636,1645
1640: 1638,1627,1619,1644,1624,1646,1632,1068,1630,1655,1659,1653,1654,1657,1658,1636,1645,1639
1641: 1643,1575,1642
1642: 1575,1641,1643
1643: 1641,1575,1642
1644: 1640,1638,1627,1619,1624,1646,1655,1636,1645,1639
1645: 1636,1731,1521,1640,1638,1627,1619,1644,1624,1646,1639
1685: 1694,1714
1648: 1686,1664,949,1680,1676,1692
1696: 1679
1650: 1202,1243,1161,1676,1682,1268,1686,1664,1684,1663
1651: 1662,1066,1623,1053,1172,492,1136
1677: 853,1671,1700
1653: 1630,1655,1659,1654,1657,1658,1632,1068,1656,1746,1708,1640,1638,1619,1624,1639
1654: 1630,1655,1659,1653,1657,1658,1632,1068,1656,1746,1708,1640,1638,1624,1639
1655: 1630,1659,1653,1654,1657,1658,1632,1068,1656,1746,1708,1640,1638,1627,1619,1644,1624,1646,1639
1656: 1746,1708,1632,1068,1630,1655,1659,1653,1654,1657,1658,1100,1141
1657: 1630,1655,1659,1653,1654,1658,1632,1068,1656,1746,1708,1640,1638,1627,1619,1624,1639
1658: 1630,1655,1659,1653,1654,1657,1632,1068,1656,1746,1708,1640,1638,1624,1639
1660: 1496,1326
1720: 1100,1141,1719,1763,1703,1707,1693,1725,1698,1723
1662: 1651,1066,492,1136
1663: 1684,1268,1326,1202,1243,1161,1676,1650,1682
1664: 1686,1648,949,1197,1680,1676,1650,1682
1665: 1702
1679: 1696
1682: 1202,1243,1161,1676,1650,1268,1686,1664,1684,1663,1692
1689: 1817,572,1790
1688: 
1797: 1760,1863,1807,981
1692: 1680,1648,1682
1694: 1685,1695,1721,1714
1695: 1721,1714,1694
1697: 1787
1702: 1665
1703: 1720,1719,1763,1693,1725,1698,1723
1982: 2016,2040,1976,1997,2038,2031,1961,2019,1944,2037,1983,2024,2029,2012,2011
1767: 1752,1779,1781,1736,1751
1842: 1871,1838,1835,1903
1707: 1693,1725,1698,1723,1720,1754,1722,1745
1731: 1521,1618,1063,1065,1066,1623,1627,1619,1636,1645
1730: 1841,1870,586,1834,1804,1860
1926: 1951,1893,1899,1946,1874
1713: 1718,1765,1743,1670,1733
1717: 1796,1769,1771,1810,1736,1751,1776
1722: 1745,1707,1693,1698,1723,1743,1670
1723: 1707,1693,1725,1698,1720,1754,1703,1722,1745
1725: 1707,1693,1698,1723,1720,1754,1703
1841: 1870,1730,586,1834,1804,1860
1728: 1792,545
1807: 981,1760,1797,1863,507,598,1970,1788
1772: 1802,545,1729,1846,442
1736: 1751,1769,1771,1779,1767,1717,1796
1737: 1888,1953,1825
1830: 1907,1882,1884,1874,1872,1871,1838,1839,1903
1765: 1718,1713,1733
1740: 1798,1847,1778
1743: 1670,1722,1745,1733,1713
1778: 1847,1740,1798
1745: 1722,1707,1693,1698,1723,1743,1670
1746: 1656,1708,1630,1655,1659,1653,1654,1657,1658,1100,1141
1796: 1717,1769,1771,1810,1736,1751
1858: 1820,1915,1934,1859,1856
1918: 1893,1770,1874
1750: 1875
1751: 1736,1769,1771,1779,1767,1717,1796
1752: 1779,1781,1767,1827,1836,1766
1801: 1783,1837
1754: 1707,1693,1725,1698,1723
1937: 2005,2023,1931
1756: 1819,1859,1776,1960,1795
1835: 1606,1853,1844,1877,1900,1871,1838,1839,1842,1769,1771,1810
1760: 1797,1863,1807,981
1917: 1843,1906,1904,1920,1823,1948,1864,1887,1912,1848,1922,1919,1890,1910,1880,1905
1763: 1719,1720,1703,1699
1825: 1953,1888,1737
1768: 1832
1769: 1771,1810,1835,1717,1796,1736,1751
1770: 1918,1874,1872
1771: 1769,1810,1835,1717,1796,1736,1751
1773: 1809
1775: 1898
1776: 1960,1717,1756,1819,1795
1779: 1752,1781,1767,1736,1751
1945: 2035,2025,2000,444,1979,1883,2022
1783: 1837,1801,1699
1785: 1928,1174,1062,1009
1981: 2004,1935,2006,525,1818,1916,1978
1787: 1697
1789: 1600
1790: 1817,1689
1791: 1988,933,452
1792: 1728,545
1793: 1891,1605
1798: 1740,1847,1778,996
1809: 1773
1802: 1772,545,1729,1846,442
1803: 1890,1910,1844,1877,1876
1804: 1834,1860,1841,1870,1730
1890: 1922,1919,1910,1920,1948,1864,1843,1917,1906,1880,1905,1803
2017: 2015,1972,1961,2019,2037,1983,2024,2029,2012,2011,1902,1994,2032,2036,2003,1995,1987
1867: 1913,1904,1887,1912,1848
1810: 1769,1771,1835,1717,1796
1811: 1184,1149
1844: 1877,1900,1905,1803,1851,1853,1876,1835,1606
1973: 2006,2008,1984,1855,409,1916
1817: 1689,572,1790
1818: 525,1981,1978
1819: 1756,1859,1776,1960,1795
1820: 1858,1915,1934,1859,1856
1938: 1879,1933,1914,1907,1903,1915,1934
1919: 1922,1890,1910,1920,1940,1823,1948,1864,1955,524,1843,1917,1906,1880
1859: 1858,1820,1756,1819
1827: 1752,1781
1988: 1791,933,452
2042: 2002,2030,2043,1966,2018,1902,2028,1950,1999,2020,1985,2013,2041
1832: 1768
1880: 1905,1887,1912,1848,1843,1917,1906,1919,1890,1910,1851,1877
1834: 1804,1860,1841,1870,1730,586
1836: 1766,1752,1781
1838: 1871,1839,1853,1907,1830,1882,1884,1835,1606,1903,1842
1839: 1871,1838,1872,1851,1853,1907,1830,1882,1884,1835,1606,1903
1851: 1853,1880,1905,1844,1877,1900,1839,1606
1843: 1917,1906,1904,1920,1823,1948,1864,1887,1912,1848,1922,1919,1890,1910,1880,1905
1936: 1967,444
1846: 1729,1772,1802,442
1847: 1778,1740,1798
1848: 1887,1912,1867,1913,1904,1920,1940,1823,1843,1917,1906,1880,1905
1990: 1868,1951,1933,1914,237
1853: 1851,1905,1844,1877,1900,1871,1838,1839,1835,1606
1855: 1984,409,1973,2006,1916,991
1856: 1858,1820
1920: 1940,1823,1921,1986,1904,1948,1864,1955,1887,1848,1843,1917,1906,1922,1919,1890,1910
1863: 1760,1797,1807,981,507,598,1970,1788
1864: 1948,1955,1921,1974,1986,575,1920,1940,1823,524,1843,1917,1906,1922,1919,1890
1899: 1946,1893,1926,1951
1987: 2015,1972,2017,2036,2003,1995,2002,2030,2043,1966,2018,1999,2020,2027,1998,590
1868: 1990,1951,1933,1914,237
1870: 1841,1730,586,1834,1804,1860
1871: 1838,1839,1853,1907,1830,1882,1884,1835,1606,1903,1842
1872: 1770,1874,1907,1830,1882,1884,1839
2002: 2030,2043,1966,2042,2018,1902,1994,2032,2028,2036,2003,1995,1987,1950,1999,2020,1985,2041
1875: 1750
1876: 1803,1844,1877
1877: 1844,1900,1880,1905,1803,1851,1853,1876,1835,1606
1879: 1938,1933,1914,1907,1884,1903,1915,1934
1882: 1907,1830,1884,1872,1871,1838,1839,1903
1883: 1979,2022,2025,2000,2009,1992,946,1945,2035,1886,1991,1949
1884: 1907,1830,1882,1874,1872,1871,1838,1839,1879,1903
1886: 1991,2000,2009,1992,946,1979,1883,2022,1949,1941,1965
1887: 1912,1848,1867,1913,1904,1920,1940,1823,1843,1917,1906,1880,1905
1888: 1737,960,1953,1825
1951: 1926,1899,1946,1868,1990,1933,1914
1893: 1918,1899,1946,1926,1874
1894: 993
1895: 2014,1927
1948: 1864,1955,1921,1986,575,1920,1940,1823,524,1843,1917,1906,1922,1919,1890,1910
1970: 1788,1863,1807,981,507,598
1898: 1775
1900: 1844,1877,1905,1851,1853,1835,1606
1902: 1994,2032,2040,2024,2029,2012,2011,2028,2015,1972,2017,2036,2003,1995,2002,2030,2043,1966,2042,2018
1903: 1907,1830,1882,1884,1871,1838,1839,1879,1938,1842,1915,1934
1904: 1867,1913,1920,1940,1823,1887,1912,1848,1843,1917,1906
1905: 1880,1887,1912,1848,1843,1917,1906,1890,1910,1851,1853,1844,1877,1900
1906: 1843,1917,1904,1920,1940,1823,1948,1864,1955,1887,1912,1848,1922,1919,1890,1910,1880,1905
1907: 1830,1882,1884,1872,1871,1838,1839,1879,1938,1903
2032: 1902,1994,2040,2024,2029,2012,2011,2028,2015,1972,2017,2036,2003,1995,2002,2030,2043,1966,2018
1910: 1922,1919,1890,1920,1948,1843,1917,1906,1880,1905,1803
1980: 575,2033,2039,1977
1912: 1887,1848,1867,1913,1904,1823,1843,1917,1906,1880,1905
1913: 1867,1904,1887,1912,1848
1914: 1933,1951,1868,1990,237,1879,1938
1915: 1934,1879,1938,1903,1858,1820
1916: 1973,2006,1984,1855,409,1981,991
1921: 1974,1986,2027,1998,590,575,1920,1948,1864,1955,524
1922: 1919,1890,1910,1920,1948,1864,1955,524,1843,1917,1906
2034: 1947,1984
1989: 569,1976,1997,2038,2031
1950: 1999,2020,2002,2030,2043,1966,2042,2018,1985,2013,2041
1927: 1895,2014,560
1928: 1785,1174,1062,1009
1972: 2015,2017,1961,2019,1944,2037,1983,2024,2029,2012,2011,1902,1994,2032,2036,2003,1995,1963,1942,1987
1949: 1979,1883,2022,1886,1991,1941,1965,977
1931: 2023,1985,2013,2041,2033,1937,2005
2031: 1976,1997,2038,1989,2016,1982,1961,2019,1944,2037,1983,2009,1992,946
1933: 1914,1951,1868,1990,237,1879,1938
1934: 1915,1879,1938,1903,1858,1820
1935: 2004,2039,1977,2008,525,1981
1940: 1920,1823,1986,1904,1948,1864,1955,1887,1848,1906,1919
1941: 1965,1886,1991,1963,1942,1949
1942: 1963,2015,1972,1941,1965
1995: 2036,2003,2024,2029,2012,2011,1902,1994,2032,2028,2015,1972,2017,2002,2030,2043,1966,2018,1987
1944: 1961,2019,2037,1983,2016,1982,2040,1976,1997,2038,2031,2024,2029,2012,2011,2015,1972
1946: 1899,1893,1926,1951
1947: 2034,1984
1953: 1825,1888,1737
2025: 2000,966,569,2009,1992,946,1945,2035,1979,1883,2022
1955: 1948,1864,1921,1974,1986,575,1920,1940,1823,524,1906,1922,1919
2012: 2024,2029,2011,2016,1982,2040,1961,2019,1944,2037,1983,1902,1994,2032,2015,1972,2017,2036,2003,1995
1983: 1961,2019,1944,2037,2016,1982,2040,1976,1997,2038,2031,2024,2029,2012,2011,2015,1972,2017
1960: 1776,1756,1819,1795
1961: 2019,1944,2037,1983,2016,1982,2040,1976,1997,2038,2031,2024,2029,2012,2011,2015,1972,2017
1997: 1976,2038,2031,1989,2016,1982,1961,2019,1944,2037,1983,2009,1992,946
1963: 1942,2015,1972,1941,1965
1986: 1921,1974,590,575,1920,1940,1823,1948,1864,1955,524
1965: 1941,1886,1991,1963,1942,1949
1966: 2002,2030,2043,2042,2018,1902,1994,2032,2028,2036,2003,1995,1987,1950,1999,2020,1985,2041
1967: 1936,444
1976: 1997,2038,2031,1989,2016,1982,1961,2019,1944,2037,1983,2009,1992,946
1977: 2039,1980,2033,2008,2004,1935
1978: 525,1818,1981,534
1979: 1883,2022,2025,2000,2009,1992,946,1945,2035,1886,1991,1949
1991: 1886,2000,2009,1992,946,1979,1883,1949,1941,1965
1992: 2009,946,1976,1997,2038,2031,2025,2000,1979,1883,2022,1886,1991
2020: 1950,1999,2003,2002,2030,2043,1966,2042,2018,1987,1985,2013,2041,2027,1998,590,2023
1994: 1902,2032,2040,2024,2029,2012,2011,2028,2015,1972,2017,2036,1995,2002,2043,1966
1998: 2027,590,1987,1999,2020,1921,1974,575
1999: 1950,2020,2003,2002,2030,2043,1966,2042,2018,1987,1985,2013,2041,2027,1998,590
2000: 2025,569,2009,1992,946,1945,2035,1979,1883,2022,1886,1991
2030: 2002,2043,1966,2042,2018,1902,2032,2028,2036,2003,1995,1987,1950,1999,2020,1985,2041
2003: 2036,1995,2029,2012,1902,2032,2028,2015,1972,2017,2002,2030,2043,1966,2018,1987,1999,2020
2004: 1935,2039,1977,2008,525,1981
2005: 1937,2023,1931
2006: 1973,2008,1984,1855,409,1981,1916
2007: 1869,2026,1174,478
2008: 2033,2039,1977,2004,1935,1973,2006
2009: 1992,946,1976,1997,2038,2031,2025,2000,1979,1883,2022,1886,1991
2026: 1869,1574,2007,1069,1620
2011: 2024,2029,2012,2016,1982,2040,1961,2019,1944,2037,1983,1902,1994,2032,2015,1972,2017,2036,1995
2013: 1985,2041,2042,2018,1950,1999,2020,2023,1931
2014: 1895,1939,1927
2015: 1972,2017,1961,2019,1944,2037,1983,2024,2029,2012,2011,1902,1994,2032,2036,2003,1995,1963,1942,1987
2016: 1982,2040,1976,1997,2038,2031,1961,2019,1944,2037,1983,2024,2029,2012,2011
2018: 2002,2030,2043,1966,2042,1902,2032,2028,2036,2003,1995,1987,1950,1999,2020,1985,2013,2041
2019: 1961,1944,2037,1983,2016,1982,2040,1976,1997,2038,2031,2024,2029,2012,2011,2015,1972,2017
2021: 502,1939
2022: 1979,1883,2025,2000,2009,1992,946,1945,2035,1886,1949
2023: 1931,2020,1985,2013,2041,2033,1937,2005
2024: 2029,2012,2011,2016,1982,2040,1961,2019,1944,2037,1983,1902,1994,2032,2015,1972,2017,2036,1995
2027: 1998,590,1987,1999,2020,1921,575
2028: 1902,1994,2032,2036,2003,1995,2002,2030,2043,1966,2042,2018
2029: 2024,2012,2011,2016,1982,2040,1961,2019,1944,2037,1983,1902,1994,2032,2015,1972,2017,2036,2003,1995
2035: 1945,2025,2000,444,1979,1883,2022
2036: 2003,1995,2024,2029,2012,2011,1902,1994,2032,2028,2015,1972,2017,2002,2030,2043,1966,2018,1987
2037: 1961,2019,1944,1983,2016,1982,2040,1976,1997,2038,2031,2024,2029,2012,2011,2015,1972,2017
2038: 1976,1997,2031,1989,2016,1982,1961,2019,1944,2037,1983,2009,1992,946
2039: 1977,1980,2033,2008,2004,1935
2040: 2016,1982,1961,2019,1944,2037,1983,2024,2029,2012,2011,1902,1994,2032
2041: 1985,2013,2002,2030,2043,1966,2042,2018,1950,1999,2020,2023,1931
2043: 2002,2030,1966,2042,2018,1902,1994,2032,2028,2036,2003,1995,1987,1950,1999,2020,1985,2041