1267: 1274,1273,1275,1224,1221,262,1270,1271,1277,1265,1266,1269,1272,1263,1220,1247,1245,1240,386,1251,1222,1219,1241,1243,1231,1235,1238,1253,1250,1249,1252
854: 894,1120,1127,958
1261: 1256,1262,1260,31,1254,1263,1247,1245,1240,1259,1257,488,1251,1222,1219,1258,1238,1253,1250,1249,1252,1232,1255,126,245
785: 569
1135: 998,900
5: 1229,1202,1208,30,452,1227
6: 1225,82,234,1204,64,463,61,296,1248,1244,1223,1279,1268,1224,262,1271,1265
1266: 1270,1271,1277,1265,1269,1272,1225,1248,1244,1223,1279,1268,1246,1278,1276,1224,1221,262,1263,1220,1247,1245,1240,386,1274,1273,1267,1275,1251,1222,1219
1268: 1248,1244,1223,1279,1246,234,463,1225,6,1278,1276,1224,1221,262,1270,1271,1277,1265,1266,1269,1272,1263,1220,1247,1245,1240
9: 46,12,116,98,463,484
1263: 1220,1247,1245,1240,1248,1244,1223,1279,1268,1246,1278,1276,145,1270,1271,1277,1265,1266,1269,1272,1274,1273,1267,1275,1251,1222,1219,1261,1254
11: 75,104,28,96,40,1217,32,1213,1215,419
12: 9,46,116,93,98,463,484
1265: 1270,1271,1277,1266,1269,1272,1225,6,1248,1244,1223,1279,1268,1246,1278,1276,1224,1221,262,1263,1220,1247,1245,1240,386,1274,1273,1267,1275,1251,1222,1219
1264: 250,126,245,255,25,209,480,409,1228
15: 225,457,232,50,60,24,220
1260: 1261,1256,1262,31,1254,1245,1259,1257,488,1251,1222,1219,1258,1238,1253,1250,1249,1252,1232,1255,126,245
1223: 1248,1244,1279,1268,1246,234,1204,64,463,1225,6,1278,1276,1224,1221,262,1270,1271,1277,1265,1266,1269,1272,1263,1220,1245,1240
18: 1218,1212,1216,1214,104,47,1205,318,96,40,1217,41,124,1213,1215,419,54,73,1226,58,97
1259: 1257,145,288,193,1247,1245,488,1251,1222,1219,1261,1256,1262,1260,31,1254,1258
781: 733,723,1063
21: 1210,1211,480,409,1228,204,125,1209,232,482
773: 609
1262: 1261,1256,1260,31,1254,1245,1259,1257,488,1251,1222,1219,1258,1238,1253,1250,1249,1252,1232,1255,126,245
24: 50,60,441,457,225,15,290
25: 209,1232,1255,126,245,255,99,1239,1264,250,449,480
933: 
27: 59,441,41,124,355,311
28: 96,40,1217,32,104,11,75,1218,1212,1216,1213,1215,419
29: 1203,48,482
30: 71,35,1229,1202,1208,1227,5
31: 1261,1256,1262,1260,1254,1245,1259,1257,488,1251,1222,1219,1258,1253,1250,1249,1252,1232,1255,126,245
32: 28,96,40,1217,104,11,75,1218,1212,1216,1213,1215,419,54,1226,97
1269: 1270,1271,1277,1265,1266,1272,1225,1248,1244,1223,1279,1268,1246,1278,1276,1224,1221,262,1263,1220,1247,1245,1240,386,1274,1273,1267,1275,1251,1222,1219
34: 52
35: 71,352,1229,1202,1208,30
729: 589,847
774: 573,588
783: 
763: 697,540
40: 28,96,1217,32,104,11,75,1218,1212,1216,18,1214,1213,1215,419,54,73,1226,58,97
41: 124,47,1205,318,221,1218,1212,1216,18,1214,355,73,1226,27,59,441
948: 627,694
941: 929,1193,550,877,1164,590
1093: 
939: 630,540,516
46: 9,12,116,93,98,463,484
47: 1205,318,244,1206,264,1236,1234,1242,221,1218,1212,1216,18,1214,41,124,355
48: 29,1203,482
955: 500
50: 60,24,441,457,225,15,290
756: 930,1021
52: 87,34,130
1153: 
54: 73,1226,58,97,96,40,1217,32,1218,1212,1216,18,1214,124,1213,1215,419,361,311
1086: 1040
1271: 1270,1277,1265,1266,1269,1272,1225,6,1248,1244,1223,1279,1268,1246,1278,1276,1224,1221,262,1263,1220,1247,1245,1240,386,1274,1273,1267,1275,1251,1222,1219
1030: 510,738
58: 54,73,1226,97,40,1217,1218,1212,1216,18,1214,124,1213,1215,419,361,311
59: 27,441,41,124,355,311
60: 50,24,441,457,225,15,290
61: 296,151,82,234,1204,64,369,1225,6,191,1224,1221,262
1080: 1095,749,963
952: 634
64: 234,1204,317,179,82,463,61,296,6,1223
934: 672,1180,660,1193
1071: 683,1109,946
906: 1053,1098
779: 1053,1098
775: 
1272: 1270,1271,1277,1265,1266,1269,1225,1244,1223,1279,1268,1246,1278,1276,1224,1221,262,1263,1220,1247,1245,1240,386,1274,1273,1267,1275,1251,1222,1219
71: 35,352,1202
736: 912
73: 54,1226,58,97,96,40,1217,1218,1212,1216,18,1214,41,124,1213,1215,419,361,311
755: 504,1163,808,971,652,1188
75: 11,104,28,96,40,32,1215,419
753: 
77: 
847: 729
79: 94
80: 116
81: 290
82: 317,179,151,234,1204,64,369,61,296,6
916: 860,831
911: 904,730,1010
776: 887
767: 576
87: 301,52
759: 1002
988: 554,676,891,619
90: 301,288,193,130,488,347
868: 
730: 911,904
93: 98,116,46,12
94: 79,229,446
919: 838,1138
96: 28,40,1217,32,104,11,75,1218,1212,1216,18,1214,1213,1215,419,54,73,1226
97: 54,73,1226,58,40,1217,32,1218,1212,1216,18,124,1213,1215,419,361,311
98: 93,116,9,46,12
99: 1239,1238,1253,1250,1249,1252,1232,1255,126,245,1233,1230,25,209,447,449
1168: 610
1166: 839
1164: 877,929,941,831,590
1256: 1261,1262,1260,31,1254,1245,1259,1257,488,1251,1222,1219,1258,1253,1250,1249,1252,1232,1255,126,245
104: 446,107,244,11,75,28,96,40,1217,32,1218,1212,1216,18,1214
105: 263,420,189,143
745: 887,850,1083
107: 229,111,219,115,446,244,104
108: 362,387,227,349
109: 252,421,372,210,137
1155: 1037
111: 163,229,219,115,446,107,244
112: 132
113: 258,147,189,443,454,276
114: 315,272,478
115: 219,163,386,111,1241,1243,107,244,1206,264
116: 80,93,98,179,9,46,12
1003: 852
1238: 1253,1250,1249,1252,1274,1273,1267,1275,1251,1222,1219,1261,1262,1260,1254,1231,1235,1232,1255,1236,1234,1242,1233,1230,99,1239
119: 189
120: 396,431,354,269
1127: 1120,854,894,958
122: 324,477,293,316
1209: 125,480,409,1228,1210,21,1211,1229,1208,482
124: 41,47,1205,318,221,1218,1212,1216,18,1214,355,54,73,1226,58,97,27,59,441
125: 1209,480,409,1228,1210,21,1211,1229,1202,1208,482,1227
126: 245,1261,1256,1262,1260,31,1254,1258,339,1232,1255,255,99,1239,25,209,1264,250
1119: 1087,1184,1123
1109: 683,1071
1018: 536
130: 301,52,90,347,345
131: 285,393,305
132: 112,192,389
1090: 
1159: 508
1051: 1084
1084: 1051
137: 109,252,495
975: 
858: 1138,522,792
766: 737,706,539
141: 313,240,440,253
733: 781,1063
143: 263,420,105
144: 406,235,332,270,473
145: 484,1278,1276,288,193,1263,1220,1247,1245,1240,1259,1257,488
1069: 1191,503,851
147: 258,113
148: 461,233,374
850: 745,589
150: 418
151: 317,82,369,61,296
152: 158
1065: 
154: 366,394,376
155: 460,455
1257: 1259,145,288,193,1245,488,1251,1222,1219,1261,1256,1262,1260,31,1254,1258
1278: 1276,463,484,1248,1244,1223,1279,1268,1246,145,1270,1271,1277,1265,1266,1269,1272,1263,1220,1247,1245,1240
158: 152,240,440
159: 370,469,279,426
1061: 570
161: 389,378
162: 178,411,450,269,260
163: 267,191,229,111,219,115
751: 1184
165: 410,303,363,197
804: 993,1102
167: 329
737: 766,706,539,832,1054
169: 210
1120: 618,854,894,1127
944: 1144,856
172: 196,181,435,235,342,332
754: 705
174: 270,307,435,235,406,273,481
1006: 1036,1085,886
176: 376
177: 291,274
178: 411,450,467,356,162
179: 116,317,82,234,1204,64,463
180: 424,226,371
181: 196,172,342,332
1046: 665,1094
747: 
184: 247,246,439
740: 1059
186: 323,462,445,277
1029: 698,521
188: 200,278,462,445
189: 119,258,113,263,105,443,454,276
989: 522,792,600,532,880
191: 369,61,296,267,163
192: 389,297,132
193: 288,484,301,145,90,1259,1257,488,347
194: 198,422,357
1212: 1218,1216,18,1214,104,47,1205,318,28,96,40,1217,32,41,124,1213,1215,419,54,73,1226,58,97
196: 172,181
197: 363,165,336,203,423
198: 194,422,357
724: 
200: 188,462,445
201: 360,385
1014: 627,694
203: 423,197,336,278
204: 449,480,433,1210,21,1211,457,232,482
1007: 
206: 402,273,417,304,330
1008: 
945: 717,981,1167
209: 25,1232,1255,126,245,255,99,1239,1264,250,449,480
210: 109,169
1279: 1248,1244,1223,1268,1246,234,463,1225,6,1278,1276,1224,1221,262,1270,1271,1277,1265,1266,1269,1272,1263,1220,1247,1245,1240
212: 240,486
213: 309,421
214: 412
1274: 1273,1267,1275,1224,1221,262,1270,1271,1277,1265,1266,1269,1272,1263,1220,1247,1245,1240,386,1251,1222,1219,1241,1243,1231,1235,1238,1253,1250,1249,1252
726: 538
1258: 1259,1257,488,347,1261,1256,1262,1260,31,1254,339,1232,1255,126,245,255
1255: 1232,1251,1222,1219,1261,1256,1262,1260,31,1254,1258,1238,1253,1250,1249,1252,126,245,1233,1230,99,1239,25,209
219: 115,163,386,111,1241,1243,107,244,1206,264
220: 457,232,482,225,15
221: 1206,264,1236,1234,1242,1233,1230,47,1205,318,447,41,124,355
1251: 1222,1219,1270,1271,1277,1265,1266,1269,1272,1263,1220,1247,1245,1240,1259,1257,1274,1273,1267,1275,1261,1256,1262,1260,31,1254,1231,1235,1238,1253,1250,1249,1252,1232,1255
1249: 1238,1253,1250,1252,1274,1273,1267,1275,1251,1222,1219,1261,1256,1262,1260,31,1254,1231,1235,1232,1255,1236,1234,1242,1233,1230,99,1239
1248: 1244,1223,1279,1268,1246,234,463,1225,6,1278,1276,262,1270,1271,1277,1265,1266,1269,1263,1220,1247,1245
225: 15,457,232,50,60,24,220
226: 424,180,371
227: 349,108,287
228: 
229: 163,94,111,446,107
1243: 1241,386,1274,1273,1267,1275,219,115,1231,1235,244,1206,264,1236,1234,1242
231: 467,356
232: 433,204,1210,21,1211,457,482,225,15,220
233: 461,148,374
234: 1204,64,317,179,82,463,61,296,1225,6,1248,1244,1223,1279,1268,1246
235: 342,172,307,435,332,174,270,406,144
1234: 1236,1242,1241,1243,1231,1235,1238,1253,1250,1249,1252,1206,264,1233,1230,47,1205,318,221,447
1231: 1235,386,1274,1273,1267,1275,1251,1222,1219,1241,1243,1238,1253,1250,1249,1252,1206,264,1236,1234,1242,1233,1230
238: 496,489,268,261
239: 455
240: 486,158,212,440,141
792: 522,858,989,600,880
1229: 1202,1208,409,1228,35,125,1209,1227,5
1227: 125,1229,1202,1208,30,5
244: 111,219,115,1241,1243,107,1206,264,104,47,1205,318
245: 126,1261,1256,1262,1260,31,1254,1258,339,1232,1255,255,99,1239,25,209,1264,250
246: 247,184
247: 246,184
1222: 1251,1219,1270,1271,1277,1265,1266,1269,1272,1263,1220,1247,1245,1240,1259,1257,1274,1273,1267,1275,1261,1256,1262,1260,31,1254,1231,1235,1238,1253,1250,1249,1252,1232,1255
1221: 1224,262,61,296,1225,1223,1279,1268,1270,1271,1277,1265,1266,1269,1272,386,1274,1273,1267,1275
250: 1264,126,245,255,25,209,480,409,1228
749: 519,1095,963,1080
252: 109,372,137,495
253: 141,313,412,401
1213: 1215,419,11,28,96,40,1217,32,1218,1212,1216,18,1214,54,73,1226,58,97,361
255: 1258,339,284,126,245,25,209,1264,250
1208: 1229,1202,409,1228,35,125,1209,30,1227,5
257: 286,414
258: 147,189,113
1204: 234,64,317,179,82,463,61,296,1225,6,1244,1223
260: 162,269
261: 238,496,268
262: 1224,1221,61,296,1225,6,1248,1244,1223,1279,1268,1246,1270,1271,1277,1265,1266,1269,1272,386,1274,1273,1267,1275
263: 420,105,189,143,443
264: 1206,219,115,1241,1243,1231,1235,244,1236,1234,1242,47,1205,318,221
265: 274
1123: 1087,1119
267: 427,369,191,163
268: 238,496,261
269: 120,396,162,260
270: 174,307,435,235,342,406,144,481
1138: 919,858
272: 315,114,478
273: 481,174,304,206
274: 177,265
275: 385,325,357
276: 454,189,113,443
277: 186,323,398,445
278: 203,423,188
279: 426,334,159,370,469
1114: 870,558,1137
810: 626,1094,669
282: 322,397
1117: 529,528,678
284: 347,345,339,255
285: 131,393,305
286: 257,383,414
287: 227,349
288: 193,484,301,145,90,1259,1257,488,347
1113: 527,905
290: 311,50,60,24,81
291: 470,177
1147: 708,742,987,610
293: 122,324,316
1102: 993,804,1042,1165
295: 341
296: 61,151,82,234,1204,64,369,1225,6,191,1224,1221,262
297: 192,389
1078: 636,1176
1250: 1238,1253,1249,1252,1274,1273,1267,1275,1251,1222,1219,1261,1256,1262,1260,31,1254,1231,1235,1232,1255,1236,1234,1242,1233,1230,99,1239
1073: 538,1021
301: 308,87,288,193,90,130
1240: 1263,1220,1247,1245,1223,1279,1268,1246,1278,1276,145,1270,1271,1277,1265,1266,1269,1272,1274,1273,1267,1275,1251,1222,1219,1261,1254
303: 410,165,429
304: 273,481,206,402,330
305: 393,285,131
1053: 779,956,1098,906
307: 435,235,342,174,270
308: 484,301
309: 213,421,372
891: 619,676,554,988
311: 54,73,1226,58,97,27,59,441,361,290
1036: 1006,1085,886
313: 141,440,253
1034: 1019,586,605
315: 114,272,478
316: 122,324,293
317: 179,151,82,234,1204,64
318: 47,1205,244,1206,264,1236,1234,1242,221,1218,1212,1216,18,1214,41,124,355
1021: 538,930,1073,756
1013: 872,550,582,613
1010: 1052,879,874,911,904
322: 282
323: 398,494,186,277
324: 122,477,293,316
325: 275,357
949: 644
1002: 759,618
1001: 666,808,971,708,742,640,652
329: 167
330: 304,206,341
983: 1096
332: 172,181,235,342,144
979: 687
334: 362,279,469
999: 
336: 197,492,203,423
974: 
981: 717,945
339: 488,347,345,1258,284,126,245,255
340: 
341: 330,295
342: 235,172,181,307,435,332,270
343: 
864: 
345: 130,347,339,284
822: 
347: 288,193,90,130,488,345,1258,339,284
958: 854,894,1127,886,517
349: 227,387,108,287
350: 428
808: 971,1001,640,652,1188,755
352: 1207,409,1228,71,35
1241: 1243,386,1274,1273,1267,1275,219,115,1231,1235,244,1206,264,1236,1234,1242
354: 431,120,396
355: 47,1205,318,221,447,41,124,27,59,441
356: 231,467,178,411,450
357: 275,422,325,198,194
738: 510,591,1030,1099
359: 
360: 201,385
361: 1213,1215,419,54,73,1226,58,97,311
362: 108,387,334
363: 410,165,197
856: 1134,944
1098: 779,1053,906
366: 154,394,376
879: 1010,1052,874,904
900: 1135,998
369: 151,82,61,296,267,191
370: 159,469,279,426
371: 226,180,491
372: 309,404,421,109,252
923: 541,963
374: 148,233
921: 1186,741,992
376: 394,154,366,176
1145: 567,1100
378: 161
1026: 707
1157: 893
741: 992,921,839
905: 527,1113
383: 414,286
742: 708,1147,987,1001,640
385: 360,201,275
386: 1224,1221,262,1270,1271,1277,1265,1266,1269,1272,1274,1273,1267,1275,219,115,1241,1243,1231,1235
387: 362,108,349
893: 1157
389: 192,297,132,161
833: 795
391: 439,460
886: 517,958,1006,1036,1085
393: 305,285,131
394: 154,366,376
395: 148
396: 120,354,269
397: 282
398: 323,277
877: 1164,929,941,831,590
876: 885
401: 253
402: 206,481,417,304
872: 672,1193,550,1013
404: 372
405: 
406: 144,235,174,270,473,481,417
814: 1195,617
1225: 6,234,1204,463,61,296,1248,1244,1223,1279,1268,1246,1224,1221,262,1270,1271,1277,1265,1266,1269,1272
409: 1228,1264,250,1207,352,480,1210,21,1211,125,1209,1229,1202,1208
410: 303,165,363,429
411: 178,450,467,356,162
412: 253,214
971: 808,1001,640,652,1188,755,1163
414: 383,257,286
1230: 1233,1231,1235,1238,1253,1250,1249,1252,1232,1255,1236,1234,1242,99,1239,221,447,449
1028: 648
417: 406,481,304,206,402
418: 150
419: 1213,1215,11,75,28,96,40,1217,32,1218,1212,1216,18,1214,54,73,1226,58,97,361
420: 263,105,143
421: 213,309,372,109
422: 357,198,194
423: 203,197,336,278
424: 226,180
1276: 1278,463,484,1248,1244,1223,1279,1268,1246,145,1270,1271,1277,1265,1266,1269,1272,1263,1220,1247,1245,1240
426: 279,159,370,469
427: 267
428: 350
429: 410,303
1242: 1236,1234,1241,1243,1231,1235,1238,1253,1250,1249,1252,1206,264,1233,1230,47,1205,318,221,447
431: 354,120
1235: 1231,386,1274,1273,1267,1275,1251,1222,1219,1241,1243,1238,1253,1250,1249,1252,1206,264,1236,1234,1242,1233,1230
433: 447,449,204,457,232
1232: 1255,1251,1222,1219,1261,1256,1262,1260,31,1254,1258,1238,1253,1250,1249,1252,126,245,1233,1230,99,1239,25,209
435: 307,172,235,342,174,270
436: 489
880: 532,792,989,600
852: 1003
439: 391,184,460
440: 158,240,486,141,313
441: 27,59,41,124,355,311,50,60,24
1216: 1218,1212,18,1214,104,47,1205,318,28,96,40,1217,32,41,124,1213,1215,419,54,73,1226,58,97
443: 189,113,263,454,276
1210: 21,1211,480,409,1228,204,125,1209,232,482
445: 462,186,188,200,277
446: 94,229,111,107,104
447: 1236,1234,1242,1233,1230,99,1239,221,449,355,433
1206: 264,219,115,1241,1243,1231,1235,244,1236,1234,1242,47,1205,318,221
449: 1233,1230,99,1239,25,209,447,433,204
450: 178,411,356,162
1205: 47,318,244,1206,264,1236,1234,1242,221,1218,1212,1216,18,1214,41,124,355
452: 5
848: 1128
454: 276,189,113,443
455: 155,239
860: 916,831
457: 433,204,232,50,60,24,225,15,220
885: 876
1195: 1097,617,1122,814
460: 439,391,461,155
461: 233,148,460
462: 445,186,188,200
463: 179,9,46,12,234,1204,64,1225,6,1248,1244,1223,1279,1268,1246,1278,1276
1233: 1230,1231,1235,1238,1253,1250,1249,1252,1232,1255,1236,1234,1242,99,1239,221,447,449
1038: 835,927,626,1094
1188: 652,808,971,640,504,755,1163
467: 231,356,178,411
962: 509,537,1176,836
469: 159,370,334,279,426
470: 291
1180: 660,934
472: 
473: 406,144
1017: 
1172: 1174
930: 1021,756
477: 122,324
478: 315,114,272
479: 
480: 25,209,1264,250,409,1228,204,1210,21,1211,125,1209
481: 273,174,270,406,417,304,402
482: 204,1210,21,1211,125,1209,232,220,29,1203,48
898: 
484: 9,46,12,308,1278,1276,145,288,193
1203: 29,48,482
486: 240,212,440
973: 505
488: 145,288,193,90,1259,1257,347,1261,1256,1262,1260,31,1254,1258,339
489: 436,238,496
820: 
491: 371
492: 336
1085: 1006,1036,886,517
494: 323
495: 252,137
496: 238,489,268,261
1137: 558,1114,870,698
1228: 409,1264,250,1207,352,480,1210,21,1211,125,1209,1229,1202,1208
1134: 856
500: 955
1054: 832,737,539,591,937,1099
1063: 723,733,781
503: 851,1191,1069
504: 755,1163,827,1188
505: 973
1122: 617,1195,946
1101: 545,528,678,584
508: 1159
509: 962,537,1176
510: 738,591,1030
1111: 873,1104,1192,1042
512: 
1103: 629
1100: 567,1145
1099: 832,1054,591,738,937
516: 630,939,540
517: 886,958,1085
1096: 983
519: 1095,749,963
520: 686
521: 1029,687
522: 792,858,989
523: 593,695
836: 962
1087: 1119,1184,1123
795: 833,648
527: 1113,905
528: 529,1117,678,545,1101,584
529: 1117,528
1215: 1213,419,11,75,28,96,40,1217,32,1218,1212,1216,18,1214,54,73,1226,58,97,361
531: 
532: 880,989,600
533: 951,674
1068: 639
832: 1054,706,737,539,937,1099
536: 1018
537: 1176,509,962,636
538: 726,1021,1073
539: 737,766,832,1054,591
540: 630,939,516,763
541: 923
542: 563,632,594
1247: 1263,1220,1245,1240,1248,1244,1279,1268,1246,1278,1276,145,1270,1271,1277,1265,1266,1269,1272,1259,1274,1273,1267,1275,1251,1222,1219,1261,1254
544: 843,838
545: 1101,528,678,584
1270: 1271,1277,1265,1266,1269,1272,1225,1248,1244,1223,1279,1268,1246,1278,1276,1224,1221,262,1263,1220,1247,1245,1240,386,1274,1273,1267,1275,1251,1222,1219
838: 544,919
1050: 
1196: 1104,873,1192
550: 672,1193,872,929,941,1013,590
870: 1114,558,1137,698
1042: 1165,873,1111,1192,1102
1040: 1086
554: 988,891,619
1169: 564,1056
556: 
894: 854,1120,1127,958
558: 1137,1114,870,698
1031: 
839: 1166,741
1020: 674,623
831: 570,877,1164,916,860
563: 542,632,594
564: 1056,1169
946: 1122,683,1071
951: 533,674
567: 1145,1100
998: 1135,900
569: 785
570: 1061,831
890: 594
967: 1072,714
573: 588,774
992: 741,921
851: 503,1069
576: 767,1077
987: 711,708,742,1147
982: 1182
963: 519,749,923,1080
1052: 1010,879,874,904
956: 1053
582: 613,1013
953: 657,664,721
584: 528,678,545,1101
1219: 1251,1222,1270,1271,1277,1265,1266,1269,1272,1263,1220,1247,1245,1240,1259,1257,1274,1273,1267,1275,1261,1256,1262,1260,31,1254,1231,1235,1238,1253,1250,1249,1252,1232,1255
586: 821,605,1019,1034
887: 745,776,1083
588: 573,774
589: 850,729
590: 550,929,941,877,1164
591: 539,1054,510,738,1099
592: 
593: 523
594: 890,542,563
937: 832,1054,1099
929: 941,550,877,1164,590
927: 835,1038,626
1253: 1238,1250,1249,1252,1274,1273,1267,1275,1251,1222,1219,1261,1256,1262,1260,31,1254,1231,1235,1232,1255,1236,1234,1242,1233,1230,99,1239
1254: 1261,1256,1262,1260,31,1263,1220,1247,1245,1240,1259,1257,488,1251,1222,1219,1258,1238,1253,1250,1249,1252,1232,1255,126,245
600: 792,989,532,880
601: 714
802: 
903: 
1174: 1172
605: 586,821,1019,1034
1149: 707
821: 586,605
912: 736
609: 773
610: 1147,1168
1037: 1155
904: 911,874,730,1010,1052,879
613: 582,1013
1105: 
899: 834
1019: 1034,586,605
617: 1122,1195,814
618: 1002,1120
619: 891,676,554,988
1184: 751,1087,1119
1202: 1229,1208,409,1228,71,35,125,30,1227,5
843: 544
623: 1020
1207: 352,409,1228
625: 1144
626: 1094,1038,665,927,669,810
627: 694,948,1014
866: 1072,714
629: 1103
630: 939,540,516
874: 904,1010,1052,879
632: 542,563
1277: 1270,1271,1265,1266,1269,1272,1225,1248,1244,1223,1279,1268,1246,1278,1276,1224,1221,262,1263,1220,1247,1245,1240,386,1274,1273,1267,1275,1251,1222,1219
634: 952
1273: 1274,1267,1275,1224,1221,262,1270,1271,1277,1265,1266,1269,1272,1263,1220,1247,1245,1240,386,1251,1222,1219,1241,1243,1231,1235,1238,1253,1250,1249,1252
636: 1078,537,1176
1252: 1238,1253,1250,1249,1274,1273,1267,1275,1251,1222,1219,1261,1256,1262,1260,31,1254,1231,1235,1232,1255,1236,1234,1242,1233,1230,99,1239
638: 
639: 1068
640: 1001,808,971,708,742,652,1188
1246: 1248,1244,1223,1279,1268,234,463,1225,1278,1276,1224,262,1270,1271,1277,1265,1266,1269,1272,1263,1220,1247,1245,1240
642: 
1236: 1234,1242,1241,1243,1231,1235,1238,1253,1250,1249,1252,1206,264,1233,1230,47,1205,318,221,447
644: 949
645: 
1226: 54,73,58,97,96,40,1217,32,1218,1212,1216,18,1214,41,124,1213,1215,419,361,311
1224: 1221,262,61,296,1225,6,1244,1223,1279,1268,1246,1270,1271,1277,1265,1266,1269,1272,386,1274,1273,1267,1275
648: 795,1028
1220: 1263,1247,1245,1240,1248,1244,1223,1279,1268,1246,1278,1276,145,1270,1271,1277,1265,1266,1269,1272,1274,1273,1267,1275,1251,1222,1219,1254
1218: 1212,1216,18,1214,104,47,1205,318,28,96,40,1217,32,41,124,1213,1215,419,54,73,1226,58,97
1217: 28,96,40,32,104,11,1218,1212,1216,18,1214,1213,1215,419,54,73,1226,58,97
652: 1188,1001,808,971,640,755
1214: 1218,1212,1216,18,104,47,1205,318,96,40,1217,41,124,1213,1215,419,54,73,1226,58
835: 1038,927
655: 
656: 
657: 953,664,721
834: 899
659: 
660: 1180,934
661: 
1193: 934,672,872,550,941
1191: 1069,503
664: 657,953
665: 1046,626,1094
666: 1001
1186: 921
993: 804,1102
669: 626,1094,810
1182: 982
671: 
672: 934,1193,872,550
1097: 1195
674: 1020,533,951
1171: 
676: 988,891,619
677: 689
678: 1117,528,545,1101,584
1167: 945
1165: 1042,1102
1163: 504,755,971,1188
682: 721
683: 1071,1109,946
684: 
873: 1111,1104,1196,1192,1042
686: 520
687: 521,979
1275: 1274,1273,1267,1224,1221,262,1270,1271,1277,1265,1266,1269,1272,1263,1220,1247,1245,1240,386,1251,1222,1219,1241,1243,1231,1235,1238,1253,1250,1249,1252
689: 677
1176: 537,509,962,1078,636
1077: 576
1083: 745,887
1144: 944,625
694: 627,948,1014
695: 523
1095: 519,749,1080
697: 763,1091
698: 870,558,1137,1029
1128: 848
1115: 
1104: 1196,873,1111,1192
1094: 626,1038,665,1046,669,810
1091: 697
827: 504
705: 754
706: 737,766,832
707: 1026
708: 742,1147,987,1001,640
1056: 564,1169
1192: 1104,1196,873,1111,1042
711: 987
1211: 1210,21,480,409,1228,204,125,1209,232,482
713: 
714: 967,1072,601,866
1072: 967,714,866
1244: 1248,1223,1279,1268,1246,234,1204,463,1225,6,1278,1276,1224,262,1270,1271,1277,1265,1266,1269,1272,1263,1220,1247,1245
717: 981,945
1239: 99,1238,1253,1250,1249,1252,1232,1255,126,245,1233,1230,25,209,447,449
1245: 1263,1220,1247,1240,1248,1244,1223,1279,1268,1246,1278,1276,145,1270,1271,1277,1265,1266,1269,1272,1259,1257,1274,1273,1267,1275,1251,1222,1219,1261,1256,1262,1260,31,1254
720: 
721: 657,953,682
1059: 740
723: 1063,781