0: 25,21,1236,1211,1234,1232,1230,49,22,99,1231,38,14,57,17,19,16,63,89,1210,1229,1227,1228,35,1209,88,60,1239,1237,1238,72,1235,1233,1,1208
1: 1208,25,21,1236,1211,1234,0,1210,1229,1227,1228,35,1209,1202,62,381,1237,1238,72,1235,1233,199,30,5,1207,140,48,1203,232,106,29
2: 1206,3,135,61,6,83,8,1204,74,56,413,86,31,1219,1225,1223,1222,1224,1220,1221,1240,91,4,68,41,51,37,1205
3: 135,427,168,465,26,64,185,61,6,83,338,103,267,413,86,1206,2
4: 91,338,103,267,413,86,1206,2,79,94,219,68,41,358,386,487,96,1218,47,1216,28,7,55
5: 199,30,1207,1210,1229,1227,1228,35,1209,1202,62,381,1,1208,71,480,48,1203,232,106,29
6: 61,83,168,465,26,64,185,82,44,3,135,8,1204,74,56,413,86,1206,2,31,1219,1224
7: 1218,47,1216,28,55,91,4,68,41,51,37,1205,487,96,85,10,75,11,365,1217,1212,1226,1213,73,1215,40,32,1214,45,84
8: 1204,74,56,26,64,185,82,44,98,46,33,12,173,61,6,83,66,9,95,1206,2,31,1219,1225,1223,1222,1224,1220,1221,1240,23,78,92,42
9: 66,95,82,44,98,46,33,12,173,65,8,1204,74,56,67,31,1225,1223,23,78,42,13
10: 85,68,41,51,37,1205,1232,1230,49,22,99,1231,1218,47,1216,28,7,55,16,63,89,1217,1212,1226,1213,73,1215,40,32,1214,45,84,88,60,1239
11: 75,365,358,386,487,96,1218,47,1216,28,7,55,244,264,1217,1212,1226,1213,73,1215,40,32,419,54,97,58,129,361
12: 98,46,33,173,384,80,179,93,216,463,183,82,44,65,8,1204,74,56,66,9,95,67
13: 76,90,66,9,95,67,43,52,39,23,78,92,42,20,53,379,1232,1230,49,22,99,1231,38,14,57,17,19
14: 38,57,23,78,92,42,76,13,90,20,53,379,1232,1230,49,22,99,1231,17,19,16,63,89,25,21,1236,1211,1234,0,1210,1229,1227,1228,35,1209
15: 220,225,70,24,416,140,48,1203,232,106,50,81,476
16: 63,89,51,37,1205,1232,1230,49,22,99,1231,38,14,57,85,10,25,21,1236,1211,1234,0,1214,45,84,88,60,1239,1237,1238,72,1235,1233
17: 19,76,13,90,20,53,379,130,182,38,14,57,69,134,25,21,1236,1211,1234,0,1210,1229,1227,1228,35,1209,1202,62,381
18: 54,97,58,129,361,1217,1212,1226,1213,73,1215,40,32,1214,45,84,419,27,59,164,311,290,355
19: 17,76,13,90,20,53,379,130,182,38,14,57,69,134,25,21,1236,1211,1234,0,1210,1229,1227,1228,35,1209,1202,62,381
20: 53,379,67,43,52,39,36,76,13,90,130,182,38,14,57,17,19,69,134
21: 25,1236,1211,1234,0,1232,1230,49,22,99,1231,38,14,57,17,19,16,63,89,1210,1229,1227,1228,35,1209,88,1239,1237,1238,72,1235,1233,1
22: 1232,1230,49,99,1231,31,1219,1225,1223,1222,1224,1220,1221,1240,23,78,92,42,76,13,90,51,37,1205,38,14,57,85,10,16,63,89,25,21,1236,1211,1234,0
23: 78,92,42,8,1204,74,56,66,9,95,67,31,1219,1225,1223,1222,1224,1220,1221,1240,76,13,90,51,37,1205,1232,1230,49,22,99,1231,38,14,57
24: 70,416,1214,45,84,88,60,1239,27,59,164,140,290,355,50,81,15,225
25: 21,1236,1211,1234,0,1232,1230,49,22,99,1231,38,14,57,17,19,16,63,89,1210,1229,1227,1228,1209,88,1239,1237,1238,72,1235,1233,1
26: 64,185,77,317,384,80,179,168,465,82,44,3,135,61,6,83,8,1204,74,56
27: 59,164,1226,1213,73,1215,32,1214,45,84,88,60,18,54,97,58,129,361,70,24,416,311,290,355,50
28: 1218,47,1216,7,55,91,4,68,37,487,96,85,10,75,11,365,1217,1212,1226,1213,73,1215,40,32,1214,45,84
29: 1,1208,199,30,5,1207,480,48,1203,232,106,476
30: 199,5,1207,1229,1227,1228,35,1202,62,381,1,1208,71,480,1203,232,29
31: 1219,1225,1223,1222,1224,1220,1221,1240,61,6,83,8,1204,74,56,66,9,95,1206,2,23,78,92,42,68,41,51,37,1205,1232,1230,49,22,99,1231
32: 1217,1212,1226,1213,73,1215,40,487,96,1218,47,1216,28,7,55,85,10,75,11,365,1214,45,84,419,18,54,97,58,129,361,27,59,164
33: 98,46,12,173,384,80,179,93,216,463,183,82,44,65,8,1204,74,56,66,9,95,67
34: 301,87,43,52,39,36,284
35: 1210,1229,1227,1228,1209,38,14,17,19,69,134,21,1211,0,1202,62,381,72,1235,1233,1,1208,199,30,5,1207
36: 87,34,43,52,39,284,20,53,379,130,182,339
37: 51,1205,1206,2,31,1219,1225,1223,1222,1224,1220,1221,1240,23,78,92,42,68,41,1232,1230,49,22,99,1231,1218,47,1216,28,7,55,85,10,16,63,89
38: 14,57,23,78,92,42,76,13,90,20,53,379,1232,1230,49,22,99,1231,17,19,16,63,89,25,21,1236,1211,1234,0,1210,1229,1227,1228,35,1209
39: 43,52,65,87,34,67,36,76,13,90,20,53,379,130,182
40: 1217,1212,1226,1213,73,1215,32,487,96,1218,47,1216,28,7,55,85,10,75,11,365,1214,45,84,419,18,54,97,58,129,361,59
41: 68,413,86,1206,2,31,1219,1224,1220,1221,1240,91,4,51,37,1205,487,47,7,55,85,10
42: 23,78,92,8,1204,74,56,66,9,95,67,31,1219,1225,1223,1222,1224,1220,1221,1240,76,13,90,51,37,1205,1232,1230,49,22,99,1231,38,14,57
43: 52,39,65,87,34,67,36,76,13,90,20,53,379,130,182
44: 82,317,384,80,179,93,216,463,26,64,185,98,46,33,12,173,61,6,83,8,1204,74,56,66,9,95
45: 1214,84,1218,47,1216,28,7,55,85,10,16,63,89,1217,1212,1226,1213,73,1215,40,32,88,60,1239,18,54,97,58,129,361,27,59,164,70,24,416
46: 98,33,12,173,384,179,93,216,463,183,82,44,65,8,1204,74,56,66,9,95,67
47: 1218,1216,28,7,55,91,4,68,41,51,37,1205,487,96,85,10,75,11,365,1217,1212,1226,1213,73,1215,40,32,1214,45,84
48: 1203,232,106,1237,1238,72,1235,1233,1,1208,199,5,140,29,15,220,225,476
49: 1232,1230,22,99,1231,31,1219,1225,1223,1222,1220,1221,1240,23,78,92,42,76,13,90,51,37,1205,38,14,57,85,10,16,63,89,25,21,1236,1211,1234,0
50: 81,27,164,70,24,416,140,290,355,15,220,225
51: 37,1205,1206,2,31,1219,1225,1223,1222,1224,1220,1221,1240,23,78,92,42,68,41,1232,1230,49,22,99,1231,1218,47,1216,7,55,85,10,16,63,89
52: 43,39,65,87,34,67,36,13,20,53,379,130,182
53: 20,379,67,43,52,39,36,76,13,90,130,182,38,14,57,17,19,69,134
54: 18,97,58,129,361,75,11,365,1217,1212,1226,1213,73,1215,40,32,1214,45,84,419,27,59,164,311,290,355
55: 1218,47,1216,28,7,91,4,68,41,51,37,1205,487,96,85,10,75,11,365,1217,1212,1226,1213,73,1215,40,32,1214,45,84
56: 8,1204,74,26,64,185,82,44,98,46,33,12,173,61,6,83,66,9,95,1206,2,31,1219,1225,1223,1222,1224,1220,1221,1240,23,78,92,42
57: 38,14,23,78,92,42,76,13,90,20,53,379,1232,1230,49,22,99,1231,17,19,16,63,89,25,21,1236,1211,1234,0,1210,1229,1227,1228,1209
58: 18,54,97,129,361,75,11,365,1217,1212,1226,1213,73,1215,40,32,1214,45,84,419,27,59,164,311,290,355
59: 27,164,1217,1212,1226,1213,73,1215,40,32,1214,45,84,88,60,18,54,97,58,129,361,70,24,416,311,290,355
60: 88,1239,85,10,16,63,89,1236,1234,0,1214,45,84,1237,1238,72,1235,1233,27,59,164,70,24,416,140
61: 6,83,168,465,26,64,185,82,44,3,135,8,1204,74,56,413,86,1206,2,31,1219,1225,1223,1224,1221
62: 1202,381,17,19,69,134,251,1210,1229,1227,1228,35,1209,1,1208,199,30,5,1207,71,480
63: 16,89,51,37,1205,1232,1230,49,22,99,1231,38,14,57,85,10,25,21,1236,1211,1234,0,1214,45,84,88,60,1239,1237,1238,72,1235,1233
64: 26,185,77,317,384,80,179,168,465,82,44,3,135,61,6,83,8,1204,74,56
65: 93,216,463,183,301,98,46,33,12,173,87,66,9,95,67,43,52,39
66: 9,95,82,44,98,46,33,12,173,65,8,1204,74,56,67,31,1219,1225,1223,1222,1224,1220,1221,1240,23,78,92,42,76,13,90
67: 98,46,33,12,173,65,87,66,9,95,43,52,39,23,78,92,42,76,13,90,20,53,379
68: 41,413,86,1206,2,31,1219,1225,1223,1222,1224,1220,1221,1240,91,4,51,37,1205,487,96,1218,47,1216,28,7,55,85,10
69: 134,20,53,379,130,182,339,17,19,251,1210,1229,1227,1228,35,1209,1202,62,381
70: 24,416,1214,45,84,88,60,1239,1237,1238,72,1235,1233,27,59,164,140,290,355,50,81,15,220,225
71: 480,1202,62,381,199,30,5,1207
72: 1237,1238,1235,1233,16,63,89,25,21,1236,1211,1234,0,1210,1229,1227,1228,35,1209,88,60,1239,1,1208,70,416,140,48,1203,232,106
73: 1217,1212,1226,1213,1215,40,32,487,1218,47,1216,28,7,55,85,10,75,11,365,1214,45,84,419,18,54,97,58,129,361,27,59,164
74: 8,1204,56,26,64,185,82,44,98,46,33,12,173,61,6,83,66,9,95,1206,2,31,1219,1225,1223,1222,1224,1220,1221,1240,23,78,92,42
75: 11,365,358,487,96,1218,47,1216,28,7,55,244,264,1217,1212,1226,1213,73,1215,40,32,419,54,97,58,129,361
76: 13,90,66,95,67,43,39,23,78,92,42,20,53,379,1232,1230,49,22,99,1231,38,14,57,17,19
77: 317,427,168,465,26,64,185
78: 23,92,42,8,1204,74,56,66,9,95,67,31,1219,1225,1223,1222,1224,1220,1221,1240,76,13,90,51,37,1205,1232,1230,49,22,99,1231,38,14,57
79: 94,219,338,103,267,413,86,91,4,358,386,487
80: 384,179,116,317,93,216,463,26,64,185,44,98,33,12,173
81: 50,164,70,24,416,140,290,355,15,220,225
82: 44,317,384,179,463,26,64,185,46,33,12,173,61,6,83,8,1204,74,56,66,9
83: 61,6,168,465,26,64,185,82,44,3,135,8,1204,74,56,413,86,1206,2,31,1219,1225,1223,1222,1224,1220,1221,1240
84: 1214,45,1218,47,1216,28,7,55,85,10,16,63,89,1217,1212,1226,1213,73,1215,40,32,88,60,1239,18,54,97,58,129,361,27,59,164,70,24,416
85: 10,68,41,51,37,1205,1232,1230,49,22,99,1231,1218,47,1216,28,7,55,16,63,89,1217,1212,1226,1213,73,1215,40,32,1214,45,84,88,60,1239
86: 413,3,135,61,6,83,338,103,267,1206,2,79,94,219,91,4,68,41
87: 183,301,65,34,67,43,52,39,36
88: 60,1239,85,10,16,63,89,25,21,1236,1211,1234,0,1214,45,84,1237,1238,72,1235,1233,27,59,164,70,24,416,140
89: 16,63,51,37,1205,1232,1230,49,22,99,1231,38,14,57,85,10,25,21,1236,1211,1234,0,1214,45,84,88,60,1239,1237,1238,72,1235,1233
90: 76,13,66,95,67,43,39,23,78,92,42,20,53,379,1232,1230,49,22,99,38,14,57,17,19
91: 4,338,103,267,413,86,1206,2,79,94,219,68,41,358,386,487,96,1218,47,1216,28,7,55
92: 23,78,42,8,74,56,66,95,67,31,1219,1225,1223,1222,1224,1220,1221,1240,76,13,90,51,37,1205,1232,1230,49,22,99,1231,38,14,57
93: 216,463,116,308,384,80,179,183,44,98,46,33,12,173,65
94: 79,219,338,103,267,413,86,91,4,358,386,487
95: 66,9,44,98,46,33,12,173,65,8,74,56,67,31,1219,1225,1223,1222,1224,1220,23,78,92,42,76,13,90
96: 487,91,4,68,358,386,1218,47,1216,28,7,55,244,264,75,11,365,1217,1212,1213,1215,40,32
97: 18,54,58,129,361,75,11,365,1217,1212,1226,1213,73,1215,40,32,1214,45,84,419,27,59,164,311,355
98: 46,33,12,173,384,80,179,93,216,463,183,44,65,8,74,56,66,9,95,67
99: 1232,1230,49,22,1231,31,1222,1220,1240,23,78,92,42,76,13,90,51,37,1205,38,14,57,85,10,16,63,89,25,21,1236,1211,1234,0
100: 112,132,367,187,459,224
101: 263,420,105,306,294,392,466,281,246,395
102: 477,485,302,236
103: 338,267,3,135,413,86,79,94,219,91,4
104: 318,108,387,362
105: 263,420,306,119,142,166,143,189,294,101
106: 48,1203,232,1237,1238,72,1235,1233,1,1208,199,5,140,29,15,220,225,476
107: 489,400,155,127,436,471,238,496,207
108: 387,104,321,362,227,349
109: 210,421,457,133,372,137,211
110: 460,380,439,391
111: 374,436
112: 367,100,187
113: 258,147,166,189,443,294,454,276
114: 335,157,248,451,151
115: 461,233,432,374
116: 317,384,80,179,93,216,463
117: 482,241,412,497,298,292,195
118: 
119: 142,403,166,263,420,105,189
120: 438,431,354,396,353,269
121: 458,280,238,360,261,201,385,243,275,331
122: 324,302,477,175,293,316
123: 184,439,391,461
124: 
125: 482,212,141,444,319,412,298
126: 339,251
127: 432,155,436,471,489,400,107
128: 208,415,335,428,157,248,451,327
129: 18,54,97,58,361,75,11,365,1217,1212,1226,1213,73,1215,40,32,1214,45,84,419,27,59,164,311,290,355
130: 182,43,52,39,36,284,20,53,379,339,17,19,69,134,251
131: 285,393,305,302,236,175
132: 367,192,389,221,100,161,314,459,224
133: 421,457,213,309,187,372,210,109
134: 69,20,53,379,130,182,339,17,19,251,1210,1229,1227,1228,35,1209,1202,62,381
135: 3,427,168,465,26,64,185,61,6,83,338,103,267,413,86,1206,2
136: 429,303,171,442,188,200,170
137: 211,109,252,495
138: 397,499,322,310,282,366
139: 277,442,494,200,445,170,323,186,149
140: 88,60,1239,1237,1238,72,1235,1233,1,1208,70,24,416,48,1203,232,106,50,81,15,220,225,476
141: 313,444,440,156,125,253,319,215
142: 119,403,166,143,263,420,105,306
143: 142,263,420,105,306,392
144: 332,235,473,270,406
145: 308
146: 394,154,366,376,176
147: 258,242,299,351,350,113
148: 461,233
149: 186,277,139,323,398,312,488,464,347,342,172,328
150: 418,256,326,448
151: 375,114
152: 452,377,158
153: 344,438,353
154: 366,499,394,376,146
155: 460,432,455,127,239,471,107
156: 468,158,483,440,274,141,313
157: 248,451,415,335,128,114,315
158: 152,240,440,156
159: 370,469,279,426
160: 404,372,252,340
161: 314,346,389,221,132,378,333,223
162: 190,396,178,411,450,269,260
163: 
164: 27,59,1217,1212,1226,1213,73,1215,32,1214,45,84,88,60,1239,18,54,97,58,129,361,70,24,416,311,290,355,50,81
165: 363,205,410,303,197
166: 403,119,142,113,263,420,105,306,189,443,294,276
167: 490,474,329
168: 465,77,317,427,26,64,185,3,135,61,6,83
169: 210
170: 200,445,136,442,494,188,277,139,186
171: 410,303,429,136,203,423
172: 342,328,149,312,464,347,181,196,435,235,332
173: 98,46,33,12,384,80,179,93,216,463,183,82,44,65,8,74,56,66,9,95,67
174: 270,435,406,273,481
175: 375,131,236,122,324,293
176: 146
177: 291,409,377,483
178: 411,450,467,356,162,190
179: 384,80,116,317,93,216,463,26,64,185,82,44,98,46,33,12,173
180: 424,226,490,371,348
181: 196,172,328,475,254,332
182: 130,43,52,39,36,284,20,53,379,339,17,19,69,134,251
183: 308,93,216,463,301,98,46,33,12,173,65,87
184: 230,247,246,439,123,461
185: 26,64,77,317,384,80,179,168,465,82,44,3,135,61,6,83,8,1204,74,56
186: 149,200,445,170,277,139,323,312,462,488,464
187: 112,213,100,421,133,459,210
188: 136,442,200,445,170
189: 443,294,119,166,113,263,105,454,276
190: 162,356,396,353,178,411,450,269,260
191: 
192: 389,221,297,346,132,367,314
193: 472,205,363,197,492,336
194: 422,331,218,357,198,318
195: 214,117,412,497,298,292,437
196: 181,312,342,172,328,254,332
197: 205,165,363,410,193,336,203,423
198: 318,194,422,331,357,256
199: 30,5,1207,1229,1227,1228,35,1209,1202,62,381,1,1208,71,480,48,1203,232,106,29
200: 445,170,136,442,188,139,186
201: 385,243,364,360,121,275
202: 227,287,279
203: 423,197,171,336,278
204: 480,352
205: 472,165,363,193,197
206: 402,273,417,304,222,330
207: 238,496,471,489,400,107,280,458
208: 415,428,128
209: 452,359
210: 109,187,421,457,133,169
211: 137,109,252,495
212: 240,486,125
213: 309,187,421,457,133
214: 195,497,292
215: 141,313,493,253,319,401
216: 93,463,116,308,384,80,179,183,44,98,46,33,12,173,65
217: 426,370,373,430
218: 325,385,243,275,194,422,331,357,256
219: 79,94,338,103,267,413,86,91,4,358,386,487
220: 15,225,70,416,140,48,1203,232,106,50,81,476
221: 192,389,297,346,132,161,314
222: 417,206,402,345,283
223: 161,314,224,333
224: 459,132,367,100,223
225: 15,220,70,24,416,140,48,232,106,50,81,476
226: 424,180,371,348
227: 349,321,108,326,320,287,202
228: 373,430
229: 
230: 399,392,466,247,246,184
231: 467,356
232: 48,1203,106,1237,1238,72,1235,1233,1,1208,199,30,5,1207,140,29,15,220,225,476
233: 461,148,115,374
234: 296
235: 347,342,172,328,307,435,144,332,270,406
236: 393,305,302,477,102,285,131,324,175
237: 404
238: 496,207,489,400,107,280,360,458,121,261,268
239: 455,155,453,471
240: 486,158,440,212
241: 117
242: 299,249,271,351,350,147
243: 201,385,121,275,218
244: 264,358,386,487,96,75,11,365,419
245: 
246: 247,392,466,101,281,230,184
247: 246,466,281,230,184
248: 157,451,415,335,128,114
249: 242,299,271,351
250: 255,424
251: 130,182,339,69,134,126,1202,62,381
252: 160,137,211,495
253: 319,141,313,444,215,401
254: 475,181,196,332,473,382
255: 250
256: 325,218,357,198,321,150,418
257: 286,266,437,407,383,414,456
258: 147,299,351,113
259: 337,383
260: 484,162,190,269
261: 268,238,496,458,121,422,331
262: 369
263: 420,105,306,119,142,166,143,189,443,294,101
264: 244,358,386,487,96,75,11,365,419
265: 493,468,274
266: 292,257,286,437
267: 338,103,3,135,413,86,79,94,219,91,4
268: 261,238,496,458,422,331
269: 396,120,162,190,260,484
270: 174,307,435,235,144,406,481
271: 242,299,249
272: 315,478
273: 481,174,304,206
274: 483,468,156,265
275: 121,201,385,243,422,331,325,218,357
276: 454,166,113,189,443,294
277: 139,494,445,170,323,398,186,149,312
278: 203,423
279: 426,334,202,159,370,469,373
280: 400,238,496,207,364,360,458,121
281: 306,294,101,247,246,395
282: 345,322,310,397,499,138
283: 222,390,345,322,310
284: 34,36,130,182,339
285: 131,393,305,236,335
286: 257,266,437,337,407,383,414,456
287: 326,227,349,320,202
288: 
289: 295,394,424,376
290: 355,18,54,58,129,361,27,59,164,70,24,416,311,50,81
291: 177,409,474,377,470,483
292: 117,412,497,298,266,214,195,437
293: 122,324,375,175,316
294: 189,443,166,113,263,105,306,454,276,101,281
295: 341,289
296: 478,234
297: 343,346,192,389,221
298: 412,497,125,482,117,292,195
299: 242,249,271,351,350,258,147
300: 401
301: 308,183,65,87,34
302: 485,305,477,102,131,236,122,324
303: 410,165,171,429,136
304: 273,481,206,402,330
305: 393,302,285,131,236
306: 263,420,105,142,166,143,294,392,466,101,281
307: 435,488,464,347,342,235,270
308: 145,93,216,463,183,301
309: 213,421,457,133,372
310: 322,390,345,283,282,138
311: 419,18,54,97,58,129,361,27,59,164,290,355
312: 277,186,149,464,347,342,172,328,196
313: 141,444,440,468,156,253,319,215
314: 161,346,192,389,221,132,367,333,223
315: 327,428,157,451,272
316: 122,324,293
317: 116,77,384,80,179,168,465,26,64,185,82,44
318: 198,194,104,321,387
319: 253,141,313,444,125,482,215,401
320: 418,326,227,349,287
321: 318,256,108,387,418,326,227,349
322: 310,345,283,282,397,499,138
323: 398,494,277,139,186,149
324: 122,302,477,236,375,175,293,316
325: 218,275,357,256
326: 321,150,418,227,349,448,320,287
327: 315,428,128,451,350
328: 342,172,149,312,464,347,181,196,435,235,332
329: 167,474
330: 304,206,341
331: 194,422,458,121,261,268,275,218,357,198
332: 144,342,172,328,181,196,254,235,406
333: 161,314,378,223
334: 362,279,426,469
335: 285,415,128,157,248,451,114
336: 193,197,492,203,423
337: 407,286,340,383,414,259
338: 103,267,3,135,413,86,79,94,219,91,4
339: 36,284,130,182,69,134,251,126
340: 160,337,407
341: 330,295
342: 172,328,149,312,464,347,196,307,435,235,332
343: 441,297
344: 153,438
345: 390,222,283,322,310,282
346: 297,192,389,221,161,314
347: 464,149,312,488,342,172,328,307,435,235
348: 226,180,490,371,491
349: 227,321,108,387,326,320,287
350: 351,327,242,299,147
351: 350,242,299,249,258,147
352: 204
353: 396,153,438,356,120,411,190
354: 431,368,438,120
355: 290,18,54,97,58,129,361,27,59,164,70,24,416,311,50,81
356: 231,467,396,353,178,411,450,190
357: 275,194,422,331,325,218,198,256
358: 386,79,94,219,91,4,487,96,244,264,75,11,365
359: 452,209
360: 280,238,364,458,121,201,385
361: 18,54,97,58,129,75,11,365,1217,1212,1226,1213,73,1215,40,32,1214,45,84,419,27,59,164,311,290,355
362: 104,108,387,334
363: 165,205,410,193,197
364: 280,360,201
365: 75,11,358,386,487,96,1218,47,1216,28,7,55,244,264,1217,1212,1226,1213,73,1215,40,32,419,54,97,58,129,361
366: 154,397,499,138,394,376,146
367: 132,112,192,389,100,314,459,224
368: 438,431,354
369: 262
370: 159,469,279,426,373,217
371: 226,180,348,491
372: 309,421,457,133,160,109
373: 430,279,426,370,469,228,217
374: 233,115,111
375: 175,324,293,151
376: 289,394,154,366,146
377: 491,152,291,177,409,483
378: 161,333
379: 20,53,67,43,52,39,36,76,13,90,130,182,38,14,57,17,19,69,134
380: 110,460,391,432,455
381: 1202,62,17,19,69,134,251,1210,1229,1227,1228,35,1209,1,1208,199,30,5,1207,71,480
382: 473,475,254
383: 414,257,286,337,407,456,259
384: 80,179,116,317,93,216,463,26,64,185,82,44,98,46,33,12,173
385: 201,243,360,121,275,218
386: 358,79,94,219,91,4,487,96,244,264,11,365
387: 108,318,104,321,362,349
388: 
389: 192,221,297,346,132,367,161,314
390: 345,405,283,310
391: 439,123,110,460,380
392: 466,143,420,306,399,101,230,246
393: 305,285,131,236
394: 499,289,154,366,376,146
395: 101,281
396: 353,438,356,120,411,450,162,190,269
397: 499,138,322,282,366
398: 323,277,149
399: 392,466,230
400: 489,107,127,436,471,280,238,496,207
401: 300,253,319,215
402: 206,481,417,304,222
403: 425,119,142,166
404: 237,160
405: 390
406: 235,144,332,473,174,270,481,417
407: 337,257,286,340,383,414
408: 
409: 291,177,491,474,377,470,483
410: 303,165,363,197,171,429
411: 178,450,467,356,396,353,162,190
412: 497,298,125,482,117,292,195
413: 86,3,135,61,6,83,338,103,267,1206,2,79,94,219,91,4,68,41
414: 383,257,286,437,337,407,456
415: 208,335,128,157,248,451
416: 70,24,1214,45,84,88,60,1239,1237,1238,72,1235,1233,27,59,164,140,290,355,50,81,15,220,225
417: 406,481,304,206,402,222
418: 150,256,321,326,448,320
419: 244,264,75,11,365,1217,1212,1226,1213,73,1215,40,32,18,54,97,58,129,361,311
420: 263,105,306,119,142,166,143,392,466,101
421: 457,133,213,309,187,372,210,109
422: 194,331,261,268,275,218,357,198
423: 203,197,171,336,278
424: 289,250,226,180
425: 403
426: 279,334,159,370,469,373,217
427: 77,168,465,3,135
428: 208,128,315,327
429: 136,410,303,171,442
430: 373,228,217
431: 354,368,438,120
432: 460,380,115,455,155,127
433: 449,479
434: 807,778,775
435: 307,464,347,342,172,328,235,174,270
436: 127,111,489,400,107
437: 266,292,195,257,286,414
438: 344,368,153,431,354,396,353,120
439: 391,184,123,110
440: 158,240,486,468,156,141,313
441: 343
442: 429,136,494,188,200,445,170,139
443: 189,294,166,113,263,454,276
444: 141,313,125,482,253,319
445: 200,170,442,188,277,139,186
446: 
447: 476
448: 150,418,326
449: 433,479
450: 178,411,356,396,162,190
451: 157,248,415,335,128,114,315,327
452: 359,209,152
453: 239
454: 276,113,189,443,294
455: 460,380,432,155,239,471
456: 257,286,383,414
457: 421,133,213,309,372,210,109
458: 121,280,238,496,207,360,261,268,331
459: 224,132,367,100,187
460: 110,380,391,432,455,155
461: 233,184,148,123,115
462: 488,186
463: 93,216,116,308,384,80,179,183,82,44,98,46,33,12,173,65
464: 347,186,149,312,488,342,172,328,307,435
465: 168,77,317,427,26,64,185,3,135,61,6,83
466: 392,420,306,399,101,230,247,246
467: 231,356,178,411
468: 156,483,440,274,313,265,493
469: 159,370,334,279,426,373
470: 474,291,409
471: 455,155,127,239,489,400,107,496,207
472: 205,193
473: 382,475,254,144,406
474: 167,329,291,409,470
475: 254,181,473,382
476: 140,48,1203,232,106,29,15,220,225,447
477: 102,485,302,236,122,324
478: 272,296
479: 449,433
480: 71,1202,62,381,199,30,5,1207,29,204
481: 273,174,270,406,417,304,402
482: 125,444,319,117,412,497,298
483: 377,291,177,409,468,156,274
484: 260,269
485: 302,477,102
486: 240,440,212
487: 96,79,94,219,91,4,68,41,358,386,1218,47,1216,28,7,55,244,264,75,11,365,1217,1212,1226,1213,73,1215,40,32
488: 462,186,149,464,347,307
489: 400,107,127,436,471,238,496,207
490: 180,348,167
491: 371,348,377,409
492: 193,336
493: 265,468,215
494: 442,170,277,139,323
495: 252,137,211
496: 238,207,471,489,400,107,280,458,261,268
497: 412,298,482,117,292,214,195
498: 
499: 397,138,322,282,394,154,366
500: 955,1158,1044,1178,1125,622
501: 
502: 506,669,1112,810,840,853,1030,833
503: 851,1191,1069,1183
504: 1188,971,1023,827,703,1089,755,1163
505: 973,820,1070,793
506: 502,669,810,840,853,510,1030,845,833,534
507: 712,525,615,577
508: 1159,551
509: 616,806,828,962,964,537,1176,1016
510: 738,840,506,591,1030,845,1025
511: 935,966,733
512: 611,863
513: 874,1158,1044,1178,1052
514: 923,541,572,916,566
515: 1046,1094,846,810,842
516: 583,777,630,540
517: 980,958,886,768,1006,1085
518: 656,779,764,1098,1009
519: 1011,963,566,1032,1095,749
520: 686
521: 1029,942,687
522: 792,858,892,888,989,770
523: 859,702,1053,815,571,867,593,954,695
524: 1010,1052,879,1050
525: 1132,712,507,676,577
526: 612,1172
527: 905,1113,928,615,602
528: 678,1117,529,762,545,1101,584
529: 762,653,547,528,678,1117
530: 546,606,1192,802,585
531: 1148
532: 989,880,600,743
533: 951,1121,674
534: 833,506,1030,845,1118,915
535: 734,573,597,1125,578,970,588
536: 761,561,1077,635
537: 1176,1016,509,828,636,962,964
538: 726,1021,1067,603,1073
539: 706,737,766,643,555,1024,978,832,1054
540: 939,630,516,583,763
541: 923,514,572,1011,566
542: 1173,632,896,725,594,563
543: 
544: 843,701,654,838,919,799
545: 1101,584,528,678,1117
546: 530,606,1192,802,585,1161
547: 653,614,977,1127,529,762,548,1117
548: 854,1127,653,547,768
549: 684,771,1004
550: 672,1193,624,941,872,929,1013,590
551: 508,1159,574,825,767
552: 824,1186
553: 1092,895,751,776,1047,812
554: 988,1005,891,619,914,722,719,690
555: 766,643,1024,539,706,737,978
556: 581,696,1072,679,994
557: 1061,570,831,860
558: 1137,1140,1114,870,698
559: 1140,942
560: 651,983
561: 536,761
562: 747,579,1181
563: 542,1173,725,594
564: 1056,1169
565: 662
566: 1011,963,1032,590,572,519,923,541,514
567: 1100,1145
568: 733,781,723,1063
569: 865,785,968,805
570: 1061,557,831
571: 867,859,702,815,523,954,695
572: 1164,590,916,1011,566,923,541,514
573: 734,535,597,819,774,1125,578,970,588,984
574: 628,655,551,998,789,825,932
575: 808,971,922,1001,1023,640,652,1188
576: 767,932,1077,761
577: 525,507,676
578: 1125,597,734,573,535,622
579: 747,562,796,1181
580: 682,995,1015,952
581: 663,696,679,556
582: 613,647,1013
583: 516,777,630,540,763
584: 545,1101,528,678
585: 1161,1165,546,530,606,991,870
586: 907,821,605,1019,1034
587: 1136,966
588: 970,984,597,819,774,734,573,535
589: 850,729,862,847,1116,746
590: 929,877,1164,572,1011,566,1032
591: 978,840,1054,510,738,1099,1025
592: 949,884
593: 523
594: 542,1173,595,563
595: 1170,890,1103,594
596: 759,1154,1002
597: 819,813,774,1125,578,734,573,535,970,588
598: 924,868,1033,990
599: 1098,779,1009,1053,906
600: 792,770,532,743
601: 794,714,866,823
602: 527,1113,1031,928,976,943,724
603: 1021,1067,538,726,930,1073,756
604: 1104,1196
605: 586,1019,1034,757
606: 546,530,1192,802,585
607: 1160
608: 847,864
609: 866,823,925,773
610: 1179,897,750,1168
611: 512
612: 526
613: 582,647
614: 829,977,1120,1127,653,547
615: 527,712,507
616: 1133,755,509,828,636,731
617: 1122,1195,814
618: 1002,1012,1120,829,977
619: 891,914,554,988,1005,722,719,690,1064
620: 866,788
621: 848,903,940
622: 500,1125,578
623: 1020
624: 1193,672,941,909,550
625: 1144
626: 1094,1038,665,927,669,1112
627: 694,948,1000,913,1014,1066
628: 574,655,789,825
629: 
630: 939,777,540,516,583
631: 1198,848,1128
632: 710,542,1173,896
633: 849,869,816,666,987
634: 952
635: 1077,536,646,1018
636: 731,616,828,537,1176,1016,1078
637: 962,964
638: 764
639: 826,1068,997
640: 1001,808,971,575,708,742,652
641: 748,876,711,769,673,897
642: 985,1041,1015
643: 766,555,1024,539,706,737
644: 949,884,760
645: 818
646: 635,1018
647: 872,672,582,613,1013
648: 795,1028,811
649: 1145,957,1100,1174
650: 1055,957,881,1100,1174
651: 560,1039,1151,983
652: 1001,808,971,575,1023,640,1188,1089
653: 547,614,1127,529,548,1117
654: 732,843,544,799
655: 628,574,675,998,789
656: 518,764
657: 953,917,664,721
658: 1168
659: 1131,830
660: 1180,934
661: 758,980,837
662: 565,837
663: 1162,903,967,581,696,1072
664: 657,953,917
665: 670,1046,1124,626,1094
666: 849,633,922,1001
667: 899,704,834,1190,1057
668: 860,831,798,1185,916
669: 1112,626,810,840,502,506,853
670: 665
671: 1194
672: 934,1193,624,872,647,550
673: 748,641,1179,897
674: 1121,1020,533,951
675: 974,655,791
676: 525,577,891
677: 793,689,1143
678: 528,1117,529,545,1101,584
679: 581,556,994
680: 728,692,1090
681: 730,911,904
682: 995,721,1015,580
683: 1071,739,699,1109,946,1152
684: 771,549
685: 735
686: 520,688
687: 521,942,979
688: 686,1065
689: 1143,677
690: 719,554,988,891,619,914,722,1064
691: 820,709
692: 728,680,1090,902
693: 
694: 627,948,913,1014,1066
695: 571,523,954,760
696: 663,1162,967,581,1072,556
697: 1091,883,763,758
698: 870,558,1137,1140,1029
699: 739,1110,1109,683,1071,946
700: 
701: 843,791,544
702: 859,938,1053,815,571,867,523
703: 1023,827,1188,504,1163
704: 834,875,899,667
705: 1152,754
706: 539,737,766,643,555,978,832,1054
707: 1026
708: 742,1147,987,1001,640,750
709: 820,691,822,889
710: 1067,756,632
711: 769,987,748,641
712: 507,525,615
713: 969
714: 967,1072,601,866,823,925
715: 800,933,1029
716: 1149,803,982
717: 981,780,945
718: 
719: 690,554,988,619,914,722
720: 1066,1129
721: 657,953,682,995
722: 554,988,1005,891,619,914,719,690
723: 1063,781,568
724: 602,943,1060
725: 896,542,1095,563,1027
726: 538,930,1021,603
727: 735
728: 692,680,1090,1097
729: 589,847,1116,746
730: 911,904,1196,681
731: 636,616,1014,828
732: 654,919,799,826,1068
733: 781,511,1063,568
734: 573,535,597,774,578,970,588,984
735: 685,1049,727
736: 1079,912
737: 539,706,766,643,555,1024,978,832,1054
738: 510,840,591,1030,845,1099,1025
739: 699,741,1110,1109,683,1071
740: 1059
741: 992,772,1110,839,739
742: 708,1147,987,640,750
743: 600,532,782
744: 762
745: 887,850,862
746: 729,589,862,847,1116,955,1158,1044,1178
747: 579,562,796,1181
748: 641,711,769,673,1179,897
749: 519,963,1095,1080
750: 708,742,1147,610
751: 553,1092,895,812
752: 1175,1086
753: 757,783,1194
754: 705,1048,1022
755: 1163,1188,504,1089,1133,616
756: 930,1021,1067,603,710,801
757: 605
758: 1091,883,697,661
759: 596,1154,1002
760: 954,695,644
761: 536,576,767,561,1077
762: 529,744,547,528,1117
763: 540,583,697
764: 779,638,656,518,1098
765: 996,1105,1083,813
766: 643,555,539,706,737
767: 576,551,825,932,761
768: 886,958,548,517,980,1085
769: 711,817,987,748,641
770: 1108,888,522,792,600
771: 684,902,549
772: 1166,1177,1197,741,992,1110,839
773: 609
774: 813,597,734,573,970,588,984
775: 434,807,1108,888
776: 1047,553,887
777: 939,1026,630,516,583
778: 838,919,434,807,1062
779: 764,518,1098,599,1009
780: 981,717,975
781: 733,723,1063,568
782: 743,947
783: 753,1194
784: 1144,944,856,1017
785: 865,1048,569,1022,968,805
786: 
787: 1012,977
788: 994,620,1146
789: 998,655,628,574,825,932,1135,900
790: 
791: 675,1135,843,701
792: 522,858,892,989,770,600
793: 820,505,1070,677
794: 601
795: 810,842,853,648,811
796: 1096,983,1181,747,579
797: 798,1185
798: 1185,1106,668,797
799: 919,544,654,732,838,826
800: 715,933
801: 756,890
802: 546,530,606
803: 1149,716
804: 993,1102,1199
805: 785,569,968
806: 509,962,964
807: 434,778,1062,775
808: 971,575,922,1001,1023,640,652,1188
809: 
810: 515,846,669,1112,842,502,506,853,795
811: 795,648,1028,869,816
812: 553,1092,895,996,1105
813: 1083,765,597,819,774
814: 1195,617
815: 1053,859,702,571,867,523
816: 869,811,633
817: 1118,1150,885,876,769
818: 898,645
819: 597,1083,813,1035,573,588
820: 691,505,709,793
821: 1076,586
822: 709,889,1131,910
823: 866,925,714,601,609
824: 552
825: 932,628,574,551,998,789,767,900
826: 732,799,1068,639
827: 1023,504,703
828: 616,509,636,731,962,537,1176,1016,1078
829: 614,977,618,1012,1120
830: 659,1156,986
831: 570,557,1164,860,668,916
832: 1054,539,706,737,978,937,1099
833: 534,502,506,853,1030,845
834: 704,1088,899,667,1190
835: 1033,990,1038,927
836: 1016
837: 661,662
838: 778,544,919,799,1062
839: 1110,1166,772,741
840: 669,502,506,591,510,738,1030,845
841: 
842: 515,846,810,853,795
843: 701,791,544,654
844: 
845: 1030,840,506,510,738,833,534,1118
846: 515,810,842
847: 1116,729,589,608,746
848: 631,621,1128,903,940
849: 633,869,666,1001
850: 745,589,862
851: 503,1069
852: 965,1003,1154
853: 669,810,842,502,506,795,833
854: 894,1120,1127,958,548
855: 991,1165,1161,1039,1114,870
856: 1134,944,784
857: 1088,1191,1190,1107
858: 892,1062,1138,888,522,792
859: 702,938,1084,815,1051,571,867
860: 668,557,831,1185,916
861: 1057,1107
862: 850,745,589,746,955,1035
863: 512,1160,999
864: 608
865: 785,569
866: 823,925,1072,714,601,620,609
867: 571,1084,859,702,815,1051,954
868: 924,598
869: 816,811,849,633
870: 855,991,585,1161,1114,558,1137,1140,698
871: 1087,1119,1123,975,1132
872: 647,934,672,1193,550,1013
873: 1111,1104,1196,1192,1042
874: 513,1044,1178,1010,1052,879
875: 704
876: 1150,817,885,641
877: 1164,941,909,929,590
878: 986,1065,950
879: 1010,1052,874,904,524
880: 1045,997,989,532
881: 1008,650
882: 
883: 1091,697,758
884: 949,1051,592,644
885: 1150,817,876
886: 768,958,517,980,1006,1036,1085
887: 745,776,1047,1083
888: 775,858,1108,522,770
889: 709,822,910
890: 801,595
891: 619,914,676,554,988,1005,722,690
892: 858,1138,522,792,989
893: 1157,908
894: 854,1120,1127
895: 553,1092,1047,812,996,1105
896: 725,632,542,1095,1027
897: 1179,748,641,673,610
898: 818
899: 667,704,834,1088,1190
900: 1189,998,789,825,932,1135
901: 
902: 926,1090,692,771
903: 940,621,848,663,1162
904: 911,730,1010,1052,879,681
905: 527,1113,1075,1031,928
906: 1098,599,1009,1053
907: 999,586,969
908: 893,1157,947,973
909: 941,624,877
910: 1131,822,889
911: 904,730,1010,681
912: 1079,736,1058,924
913: 1000,627,694,948,1014,1066
914: 891,619,554,988,722,719,690,1064
915: 1118,534
916: 1164,831,860,668,572,514
917: 657,953,664,1004
918: 1064
919: 799,544,732,838,778,1062,1138
920: 1153
921: 1197,1186,992
922: 666,1001,808,971,575,1023
923: 541,514,572,1011,963,566
924: 598,912,868
925: 866,823,714,609
926: 1090,902
927: 835,1038,626,1024,1112
928: 1031,1075,527,905,1113,976,602,943
929: 941,550,877,1164,590
930: 726,1021,603,756
931: 1167,945,1075
932: 825,574,998,789,576,767,1135,900,1189
933: 800,715
934: 672,1180,660,1193,872
935: 511,966
936: 
937: 832,1054,1099,1025
938: 956,1084,859,702
939: 1049,777,630,540
940: 903,621,848,1162
941: 909,1193,624,550,929,877,1164
942: 559,521,687,979
943: 1031,928,976,602,982,724,1182,1060
944: 1074,1144,856,784
945: 717,1167,931
946: 699,1122,683,1071,1152
947: 908,782
948: 627,694,1000,913,1066
949: 884,592,644
950: 1065,878,1061
951: 533,674
952: 1015,580,634
953: 657,917,664,1004,721
954: 571,867,523,695,760
955: 862,746,1035,1158,1044,500,1125
956: 938
957: 1055,650,1100,1174,649
958: 854,1127,517,980,886,768
959: 1082,1074
960: 1046,1124
961: 1088,1191,1069,1190
962: 964,806,509,828,637,537,1176,1016
963: 1011,566,1032,519,923,749
964: 962,806,509,637,537,1176,1016
965: 852,1115
966: 1136,511,935,587
967: 663,1162,696,1072,714
968: 1048,785,569,1022,805,974
969: 999,907,713
970: 588,984,597,774,734,573,535
971: 808,575,922,1001,1023,640,652,1188,504
972: 1198,1128
973: 908,505,1070
974: 968,675
975: 780,871,1132
976: 1075,1031,928,602,943,982
977: 614,829,618,1012,787,1120,547
978: 555,1024,539,706,737,832,1054,591
979: 942,687
980: 517,958,661,886,768,1006,1085
981: 780,717
982: 976,943,716,1182
983: 560,651,796,1181
984: 970,588,774,734,573,1136
985: 1041,642,1015
986: 830,878
987: 633,711,769,708,742,1147
988: 554,1005,891,619,914,722,719,690
989: 892,522,792,880,1045,532
990: 1033,598,835
991: 855,1042,1165,585,1161,1114,870
992: 741,1197,772,921
993: 804,1102
994: 679,556,1146,788
995: 682,721,580
996: 895,812,1105,1083,765
997: 639,880,1045
998: 789,655,574,825,932,1135,900,1189
999: 907,863,1160,969
1000: 913,627,948,1014,1066
1001: 849,666,922,808,971,575,708,640,652
1002: 759,596,618
1003: 852
1004: 549,953,917
1005: 554,988,891,619,722
1006: 1036,1085,517,980,886,1197
1007: 
1008: 881
1009: 779,518,1098,599,906
1010: 1052,879,874,911,904,524
1011: 963,566,1032,590,572,519,923,541
1012: 618,787,829,977
1013: 872,647,550,582
1014: 1000,913,627,694,1066,731
1015: 985,1041,682,642,580,952
1016: 537,1176,509,828,636,962,964,836
1017: 784
1018: 635,646
1019: 1034,586,605
1020: 674,623
1021: 1067,603,538,726,930,1073,756
1022: 754,1048,785,968
1023: 922,808,971,575,827,652,1188,504,703
1024: 927,643,555,539,737,978
1025: 1099,1054,591,510,738,937
1026: 707,1049,777
1027: 896,725,1095,1080
1028: 648,811
1029: 715,698,521
1030: 845,840,502,506,510,738,833,534
1031: 928,1075,905,1113,976,602,943
1032: 1011,963,566,590,519
1033: 990,598,835
1034: 1019,586,605
1035: 862,955,819
1036: 1006,1085,886,1197
1037: 1129,1148,1155
1038: 835,927,626,1094
1039: 1151,855,651
1040: 1060,1086
1041: 985,642,1015
1042: 1165,873,1111,1192,1102,991,1161
1043: 
1044: 1158,1178,1116,746,955,500,874,513
1045: 880,997,989
1046: 1124,960,665,1094,515
1047: 776,553,895,887
1048: 754,785,1022,968
1049: 735,939
1050: 524
1051: 1084,859,867,884
1052: 1010,879,874,513,904,524
1053: 815,599,702,906
1054: 832,539,706,737,978,591,937,1099,1025
1055: 957,650,1100,1174,1145
1056: 564,1169
1057: 667,1107,861
1058: 912
1059: 740
1060: 1182,943,724,1040
1061: 950,570,557
1062: 838,778,919,807,1138,858
1063: 723,733,781,568
1064: 619,914,690,918
1065: 950,688,878
1066: 1000,913,627,694,948,1014,720
1067: 1021,603,538,1073,756,710
1068: 732,826,639
1069: 1191,503,851,1088,961
1070: 973,505,793
1071: 683,739,699,1109,946,1152
1072: 663,1162,967,696,714,556,866
1073: 538,1021,1067,603
1074: 959,944
1075: 1167,931,905,1031,928,976
1076: 1156,821
1077: 576,536,761,635
1078: 828,636,731,1176
1079: 736,912
1080: 1095,749,1027
1081: 
1082: 959,1171
1083: 813,887,996,765,819
1084: 938,859,1051,867
1085: 1006,1036,517,980,886,768,1197
1086: 752,1040
1087: 1119,1123,871,1184,1132
1088: 961,834,1191,1069,899,1190,857
1089: 1133,652,1188,504,755,1163
1090: 926,902,728,692,680
1091: 883,697,758
1092: 553,895,751,812
1093: 
1094: 626,1038,665,1046,515,1112
1095: 519,896,725,749,1027,1080
1096: 796
1097: 728,1195
1098: 599,779,764,518,1009,906
1099: 1025,832,1054,591,738,937
1100: 1055,957,650,1174,1145,649,567
1101: 545,584,528,678,1177
1102: 804,1042,1165,1199
1103: 1170,1183,595
1104: 604,1196,873,1111,1192
1105: 895,812,996,765
1106: 798,1185
1107: 1190,857,1057,861
1108: 775,888,770
1109: 739,699,683,1071
1110: 839,1166,772,741,739,699
1111: 873,1104,1192,1042
1112: 669,927,626,1094,810,502
1113: 527,905,1031,928,602
1114: 855,991,1161,1151,870,558,1137
1115: 965
1116: 847,729,589,746,1158,1044,1178
1117: 528,678,653,547,529,762,545
1118: 915,845,534,817
1119: 1087,1123,871,1184,1132
1120: 618,614,829,977,854,894,1127
1121: 674,533
1122: 617,1195,946
1123: 1087,1119,871,1132
1124: 1046,960,665
1125: 578,955,597,500,573,535,622
1126: 1142
1127: 1120,614,854,894,653,547,958,548
1128: 631,1198,848,972
1129: 720,1148,1037
1130: 
1131: 910,822,659
1132: 975,1087,1119,1123,871,525
1133: 1089,755,1163,616
1134: 856
1135: 998,789,932,791,900,1189
1136: 984,966,587
1137: 558,1140,1114,870,698
1138: 919,1062,858,892
1139: 
1140: 558,1137,870,698,559
1141: 1153
1142: 1126
1143: 689,677
1144: 944,625,784
1145: 649,1055,1100,567
1146: 994,788
1147: 708,742,987,750
1148: 531,1129,1037
1149: 716,803
1150: 817,885,876
1151: 1039,651,1114
1152: 683,1071,946,705
1153: 1141,920
1154: 852,759,596
1155: 1037
1156: 1076,830
1157: 893,908
1158: 1044,1178,1116,746,955,500,513
1159: 508,551
1160: 863,607,999
1161: 585,1042,1165,546,855,991,1114,870
1162: 663,903,940,967,696,1072
1163: 755,1188,504,703,1089,1133
1164: 877,941,929,831,590,572,916
1165: 1042,1102,855,991,585,1161
1166: 772,1177,1110,839
1167: 931,945,1075
1168: 610,658
1169: 564,1056
1170: 1103,595
1171: 1082,959
1172: 1174,526
1173: 542,632,594,563
1174: 1055,957,650,1100,649,1172
1175: 752
1176: 537,1016,509,828,636,962,964,1078
1177: 1101,1197,1166,772
1178: 1158,1044,1116,746,500,874,513
1179: 897,748,673,610
1180: 660,934
1181: 983,796,747,579,562
1182: 1060,943,982
1183: 503,1103
1184: 1087,1119,1123,871
1185: 798,1106,860,668,797
1186: 552,921
1187: 
1188: 504,808,971,575,1023,652,703,1089,755,1163
1189: 900,998,932,1135
1190: 834,1088,961,1191,899,667,857,1107
1191: 1069,503,1088,961,1190,857
1192: 1104,1196,873,1111,1042,546,530,606
1193: 624,934,672,941,872,550
1194: 671,753,783
1195: 1097,617,1122,814
1196: 604,730,1104,873,1192
1197: 1006,1036,1085,1177,772,921,992
1198: 631,1128,972
1199: 804,1102
1202: 62,381,17,19,69,134,251,1210,1229,1227,1228,35,1209,1,1208,199,30,5,1207,71,480
1203: 48,232,106,1237,1238,72,1235,1233,1,1208,199,30,5,1207,140,29,15,220,476
1204: 8,74,56,26,64,185,82,44,46,33,12,61,6,83,66,9,1206,2,31,1219,1225,1223,1224,23,78,42
1205: 51,37,1206,2,31,1219,1225,1223,1222,1220,1221,1240,23,78,92,42,68,41,1232,1230,49,22,99,1231,1218,47,1216,7,55,85,10,16,63,89
1206: 2,3,135,61,6,83,8,1204,74,56,413,86,31,1219,1225,1223,1222,1224,1220,1221,1240,91,4,68,41,51,37,1205
1207: 199,30,5,1229,1227,35,1202,62,381,1,1208,71,480,1203,232,29
1208: 1,0,1229,1227,1228,35,1209,1202,62,381,1238,72,1235,1233,199,30,5,1207,140,48,1203,232,106,29
1209: 1210,1229,1227,1228,35,38,14,57,17,19,69,134,25,21,1236,1211,1234,0,1202,62,381,1237,1238,72,1235,1233,1,1208,199,5
1210: 1229,1227,1228,35,1209,38,14,57,17,19,69,134,25,21,1236,1211,1234,0,1202,62,381,1237,1238,72,1235,1233,1,5
1211: 25,21,1236,1234,0,49,22,99,38,14,57,17,19,16,63,89,1210,1229,1227,1228,35,1209,88,1239,1237,1238,72,1235,1233,1
1212: 1217,1226,1213,73,1215,40,32,487,96,1218,47,1216,28,7,55,85,10,75,11,365,1214,45,84,419,18,54,97,58,129,361,59,164
1213: 1217,1212,1226,73,1215,40,32,487,96,1218,47,1216,28,7,55,85,10,75,11,365,1214,45,84,419,18,54,97,58,129,361,27,59,164
1214: 45,84,1218,47,1216,28,7,55,85,10,16,63,89,1217,1212,1226,1213,73,1215,40,32,88,60,18,54,97,58,129,361,27,59,164,70,24,416
1215: 1217,1212,1226,1213,73,40,32,487,96,1218,47,1216,28,7,55,85,10,75,11,365,1214,45,84,419,18,54,97,58,129,361,27,59,164
1216: 1218,47,28,7,55,91,4,68,51,37,1205,487,96,85,10,75,11,365,1217,1212,1226,1213,73,1215,40,32,1214,45,84
1217: 1212,1226,1213,73,1215,40,32,487,96,1218,47,1216,28,7,55,85,10,75,11,365,1214,45,84,419,18,54,97,58,129,361,59,164
1218: 47,1216,28,7,55,91,4,68,51,37,1205,487,96,85,10,75,11,365,1217,1212,1226,1213,73,1215,40,32,1214,45,84
1219: 31,1225,1223,1222,1224,1220,1221,1240,61,6,83,8,1204,74,56,66,95,1206,2,23,78,92,42,68,41,51,37,1205,1232,1230,49,22,1231
1220: 31,1219,1225,1223,1222,1224,1221,1240,83,8,74,56,66,95,1206,2,23,78,92,42,68,41,51,37,1205,1232,1230,49,22,99,1231
1221: 31,1219,1225,1223,1222,1224,1220,1240,61,83,8,74,56,66,1206,2,23,78,92,42,68,41,51,37,1205,1232,1230,49,22,1231
1222: 31,1219,1225,1223,1224,1220,1221,1240,83,8,74,56,66,95,1206,2,23,78,92,42,68,51,37,1205,1232,1230,49,22,99,1231
1223: 31,1219,1225,1222,1224,1220,1221,1240,61,83,8,1204,74,56,66,9,95,1206,2,23,78,92,42,68,51,37,1205,1232,1230,49,22,1231
1224: 31,1219,1225,1223,1222,1220,1221,1240,61,6,83,8,1204,74,56,66,95,1206,2,23,78,92,42,68,41,51,37,1232,1230,22,1231
1225: 31,1219,1223,1222,1224,1220,1221,1240,61,83,8,1204,74,56,66,9,95,1206,2,23,78,92,42,68,51,37,1205,1232,1230,49,22,1231
1226: 1217,1212,1213,73,1215,40,32,487,1218,47,1216,28,7,55,85,10,75,11,365,1214,45,84,419,18,54,97,58,129,361,27,59,164
1227: 1210,1229,1228,35,1209,38,14,57,17,19,69,134,25,21,1236,1211,1234,0,1202,62,381,1238,72,1235,1233,1,1208,199,30,5,1207
1228: 1210,1229,1227,35,1209,38,14,57,17,19,69,134,25,21,1236,1211,1234,0,1202,62,381,1237,1238,72,1235,1233,1,1208,199,30,5
1229: 1210,1227,1228,35,1209,38,14,57,17,19,69,134,25,21,1236,1211,1234,0,1202,62,381,1238,72,1235,1233,1,1208,199,30,5,1207
1230: 1232,49,22,99,1231,31,1219,1225,1223,1222,1224,1220,1221,1240,23,78,92,42,76,13,90,51,37,1205,38,14,57,85,10,16,63,89,25,21,1236,1234,0
1231: 1232,1230,49,22,99,31,1219,1225,1223,1222,1224,1220,1221,1240,23,78,92,42,76,13,51,37,1205,38,14,57,85,10,16,63,89,25,21,1236,1234,0
1232: 1230,49,22,99,1231,31,1219,1225,1223,1222,1224,1220,1221,1240,23,78,92,42,76,13,90,51,37,1205,38,14,57,85,10,16,63,89,25,21,1236,1234,0
1233: 1237,1238,72,1235,16,63,89,25,21,1236,1211,1234,0,1210,1229,1227,1228,35,1209,88,60,1239,1,1208,70,416,140,48,1203,232,106
1234: 25,21,1236,1211,0,1232,1230,49,22,99,1231,38,14,57,17,19,16,63,89,1210,1229,1227,1228,1209,88,60,1239,1237,1238,72,1235,1233,1
1235: 1237,1238,72,1233,16,63,89,25,21,1236,1211,1234,0,1210,1229,1227,1228,35,1209,88,60,1239,1,1208,70,416,140,48,1203,232,106
1236: 25,21,1211,1234,0,1232,1230,49,22,99,1231,38,14,57,17,19,16,63,89,1210,1229,1227,1228,1209,88,60,1239,1237,1238,72,1235,1233,1
1237: 1238,72,1235,1233,16,63,89,25,21,1236,1211,1234,0,1210,1228,1209,88,60,1239,1,70,416,140,48,1203,232,106
1238: 1237,72,1235,1233,16,63,89,25,21,1236,1211,1234,0,1210,1229,1227,1228,1209,88,60,1239,1,1208,70,416,140,48,1203,232,106
1239: 88,60,85,10,16,63,89,25,21,1236,1211,1234,0,45,84,1237,1238,72,1235,1233,164,70,24,416,140
1240: 31,1219,1225,1223,1222,1224,1220,1221,83,8,74,56,66,1206,2,23,78,92,42,68,41,51,37,1205,1232,1230,49,22,99,1231