0: 63,25,92,21,35,5,16,60,48,1,30,58,70,89,88,15,72
1: 48,30,63,25,92,21,38,35,5,99,17,69,0,62,71,89,72,29
2: 91,86,83,6,3,26,31,68,42,79,94,11,28,55,41
3: 83,6,26,77,64,8,74,82,44,61,2,91,86,31,68,42,37
4: 40,73,75,85,79,94,11,28,55,41,96,47,10,32
5: 21,38,35,99,17,69,22,34,20,14,19,63,25,92,0,48,1,30,62,71
6: 83,3,26,77,64,8,74,12,82,44,61,2,86,31,68,42,37,7
7: 37,83,6,8,74,61,31,68,42,9,23,11,28,55,41
8: 74,12,82,44,61,64,80,93,83,6,3,26,98,46,56,31,42,37,7,9,23
9: 23,8,74,12,82,61,98,46,56,66,78,90,33,37,7,13
10: 47,49,51,11,28,40,73,75,85,4,16,97,32,18,45,59,54
11: 28,55,41,2,68,42,37,7,94,40,73,75,85,4,47,49,51,10
12: 8,74,82,44,61,64,80,93,6,26,98,46,56,37
13: 98,66,78,90,76,33,67,39,43,36,9,23,22,34,52,20,14,57,63,25,92,21,38,99,17
14: 22,34,52,20,57,66,76,67,39,43,36,53,13,19,63,25,92,21,38,35,5,99,17,69
15: 89,88,72,60,0,48,30,58,70,29,24,84,81
16: 60,63,47,49,51,10,0,45,59,54,58,70,89,88
17: 21,38,35,5,99,69,13,22,34,52,20,14,57,19,63,25,92,1,62,71
18: 45,59,54,85,51,10,97,32,58,27,24,50,84
19: 39,43,36,53,22,34,52,20,14,57,21,38,5,99,17,69
20: 22,34,52,14,57,66,76,67,39,43,36,53,13,19,25,92,21,38,5,99,17,69
21: 38,35,5,99,17,69,13,22,34,20,14,57,19,63,25,92,0,48,1,30,62,71
22: 34,52,20,14,57,66,90,76,67,39,43,36,53,13,19,63,25,92,21,38,35,5,99,17,69
23: 9,8,74,12,82,61,98,46,56,66,78,90,76,33,37,7,13,92
24: 50,84,81,18,45,59,54,58,70,88,15,27
25: 63,92,13,22,34,20,14,57,21,38,35,5,99,17,69,0,1
26: 83,6,3,77,64,80,8,74,12,82,44,61,2,86,31,42,37
27: 97,32,18,45,59,54,58,70,24,50,84,81
28: 11,55,41,2,91,31,68,42,37,7,94,40,73,75,85,4,47,49,10
29: 48,1,30,71,89,15,72
30: 48,1,63,21,38,35,5,69,0,62,71,89,15,72,29
31: 68,42,83,6,3,26,8,74,82,44,61,2,91,86,37,7,94,28,55,41
32: 97,40,73,75,85,4,47,51,10,18,45,59,54,27
33: 66,78,90,76,93,95,65,87,98,46,56,67,39,43,13,52,57
34: 22,52,20,14,57,66,90,76,67,39,43,36,53,13,19,25,92,21,38,5,99,17,69
35: 21,38,5,99,17,69,22,14,63,25,92,0,48,1,30,62,71
36: 67,39,43,87,66,76,53,13,22,34,52,20,14,57,19
37: 7,83,6,3,26,8,74,12,82,44,61,46,56,31,68,42,9,23,11,28,55,41
38: 21,35,5,99,17,69,13,22,34,52,20,14,57,19,63,25,92,1,30,62,71
39: 67,43,36,95,87,66,90,76,33,53,13,22,34,52,20,14,57,19
40: 73,75,85,4,11,28,55,41,47,49,51,10,32,45,59,54
41: 11,28,55,2,91,86,31,68,42,37,7,94,40,75,4
42: 31,68,83,6,3,26,8,74,44,61,2,91,86,37,7,94,11,28,55,41
43: 67,39,36,95,87,66,78,90,76,33,53,13,22,34,52,20,14,57,19
44: 8,74,12,82,61,77,64,80,93,83,6,3,26,46,56,31,42,37
45: 18,59,54,40,73,85,47,49,51,10,16,60,97,32,58,70,27,24,50,84
46: 98,56,64,80,93,65,8,74,12,82,44,61,66,78,90,33,37,9,23
47: 49,51,10,11,28,55,40,73,75,85,4,16,32,45,59,54
48: 1,30,63,21,35,5,69,0,62,71,89,88,15,72,29
49: 47,51,10,11,28,40,73,75,85,16,60,45,59,54
50: 24,84,81,18,45,54,58,70,88,27
51: 47,49,10,11,40,73,75,85,16,60,32,18,45,59,54,58
52: 22,34,20,14,57,66,90,76,33,67,39,43,36,53,13,19,92,38,99,17
53: 67,39,43,36,22,34,52,20,14,57,19
54: 18,45,59,40,73,85,47,49,51,10,16,97,32,58,27,24,50,84
55: 11,28,41,2,91,86,31,68,42,37,7,79,94,96,40,73,75,85,4,47
56: 98,46,64,80,93,95,65,8,74,12,82,44,61,66,78,90,33,37
57: 22,34,52,20,14,66,78,90,76,33,67,39,43,36,53,13,19,25,92,21,38,99,17
58: 70,51,16,60,0,18,45,59,54,89,88,15,27,24,50,84,81
59: 18,45,54,40,85,47,49,51,10,16,60,32,58,70,27,24,84
60: 16,63,49,51,0,45,59,58,70,89,88,15,72
61: 8,74,12,82,44,77,64,80,83,6,3,26,46,56,31,68,42,37,7
62: 71,21,38,35,5,17,69,48,1,30
63: 25,92,13,22,14,21,38,35,5,99,17,69,16,60,0,48,1,30
64: 80,77,93,6,3,26,8,74,12,82,44,61,46,56
65: 95,87,93,98,46,56,66,78,90,76,33,67
66: 78,90,76,33,93,95,65,87,98,46,56,67,39,43,36,9,23,13,22,34,52,20,14,57
67: 39,43,36,95,65,87,66,78,90,76,33,53,13,22,34,52,20,14,57
68: 31,42,83,6,3,74,61,2,91,86,37,7,79,94,11,28,55,41
69: 21,38,35,5,99,17,22,34,20,14,19,63,25,92,48,1,30,62,71
70: 58,16,60,0,45,59,89,88,15,72,27,24,50,84,81
71: 62,21,38,35,5,17,69,48,1,30,29
72: 89,88,15,60,0,48,1,30,70,29
73: 40,75,85,4,11,28,55,96,47,49,51,10,97,32,45,54
74: 8,12,82,44,61,64,80,83,6,3,26,46,56,31,68,42,37,7,9,23
75: 40,73,85,4,94,11,28,55,41,96,47,49,51,10,32
76: 66,78,90,33,95,65,87,98,67,39,43,36,13,22,34,52,20,14,57
77: 64,83,6,3,26,82,44,61
78: 66,90,76,33,93,95,65,87,98,46,56,67,43,9,23,13,57
79: 94,2,91,68,55,96,4
80: 64,93,26,8,74,12,82,44,61,98,46,56
81: 24,50,84,58,70,88,15,27
82: 8,74,12,44,61,77,64,80,93,83,6,3,26,46,56,31,37
83: 6,3,26,77,8,74,82,44,61,2,91,86,31,68,42,37,7
84: 24,50,81,18,45,59,54,58,70,89,88,15,27
85: 40,73,75,4,11,28,55,47,49,51,10,97,32,18,45,59,54
86: 2,91,83,6,3,26,31,68,42,94,55,41
87: 95,65,98,66,78,90,76,33,67,39,43,36
88: 89,15,72,16,60,0,48,58,70,24,50,84,81
89: 88,15,72,16,60,0,48,1,30,58,70,29,84
90: 66,78,76,33,95,65,87,98,46,56,67,39,43,9,23,13,22,34,52,57
91: 2,86,83,3,31,68,42,79,94,28,55,41
92: 63,25,23,13,22,34,52,20,14,57,21,38,35,5,99,17,69,0,1
93: 64,80,95,65,8,12,82,44,98,46,56,66,78,33
94: 79,2,91,86,31,68,42,11,28,55,41,96,75,4
95: 65,87,93,98,56,66,78,90,76,33,67,39,43
96: 79,94,55,73,75,4
97: 32,73,85,10,18,45,54,27
98: 46,56,80,93,95,65,87,8,12,66,78,90,76,33,13
99: 21,38,35,5,17,69,13,22,34,52,20,14,57,19,63,25,92,1
100: 367,169
101: 466,306,143,105,420,189,263,294,443,399,392,163,395
102: 131,305,477,302,122,375,324
103: 413,454,267
104: 198,264,194,365,256,418,318,320,124,387
105: 420,142,119,166,143,189,263,294,443,392,466,306,101,163
106: 237,447,479,404,433,449,337,266
107: 380,455,460,239,453,489,496,238,400,471,280
108: 387,419,320,124,362,326,448,227,349
109: 421,372,457,210,252,211,137
110: 123,461,432,111,115,455,460,155,229,127
111: 233,115,461,110,374,386,460,155,229,127
112: 225,290,187,133
113: 258,119,166,189,443,276,454
114: 157,248,451,296,315
115: 111,233,461,110,374,155,229
116: 231,467,178,411,317,463
117: 241,232,447,476,292,449,195
118: 149,398,323,277,464,172,196
119: 166,299,425,403,258,142,113,105,420,189,263,443
120: 354,344,438,431,396,484,269
121: 360,280,364,207,458,201,275,385
122: 477,302,102,175,375,293,316,324
123: 391,439,184,461,432,110
124: 318,320,104,198,264,418,108,387,448,349
125: 253,141,444,215,482,300,319,401,497
126: 255,289,341,295,138,251,394,250
127: 229,110,111,386,460,155,436,489,496
128: 428,208,327,415,271,242
129: 361
130: 330,284,304,206,245,379,339
131: 102,393,305,151,285,175,236,375
132: 297,290,192,441,389,187,161,221,223,314,346,367,224
133: 213,187,421,459,210
134: 226,381
135: 168,191,465,427
136: 408,410,429,303,171,170,442
137: 109,252,211,495
138: 499,322,295,397,126,255,394,366
139: 200,170,494,188,445,288,277,312,186
140: 199,232
141: 444,204,468,440,215,313,482,125,253
142: 299,119,143,105,420,189,263
143: 142,105,420,399,392,466,306,101
144: 254,332,235,473,475,406,382
145: 336,308,197,492,203,423,183
146: 176,434,154,366,376
147: 350,351,271,242,249,191,369,258
148: 219
149: 118,398,277,464,172,328,342,196
150: 321,418,318,320,326,448
151: 285,131,175,236,375,296,234
152: 452,359,480,209,158,483,177,377
153: 388,356,353,190,396
154: 366,397,394,376,146,176,434
155: 460,432,110,111,115,380,455,229,127,239
156: 158,483,177,377,274,468,440,204,313,493
157: 114,248,208,327,415,451,296,315
158: 152,452,377,240,440
159: 370,469,279,426,430
160: 220,404,372,457,340
161: 221,223,314,346,217,192,389,132,333,378,367,224
162: 450,356,353,190,396,178,411,269
163: 395,105,420,189,263,294,443,276,454,466,306,101
164: 311,355,343,290,225
165: 363,193,205,408,410,197,429,303,171
166: 119,299,403,258,113,105,189,263,294,443,276
167: 329,474,348,490
168: 135,465,427
169: 459,210,100
170: 442,136,494,200,139
171: 429,303,165,363,408,410,197,136,423
172: 328,342,277,312,118,149,398,347,464,488,196,235,332
173: 216,492,336,183
174: 270,435,406,273,481
175: 236,375,131,122,151,285,293,316,324,234
176: 146,434,154,376
177: 483,377,152,291,409,274
178: 411,467,356,190,396,116,162,450,317,463
179: 293,316
180: 250,424,226,371,348,490
181: 196,328,235,254,332,475
182: 379,339,330,341,251
183: 492,336,145,173
184: 230,281,247,246,123,439
185: 234,478
186: 277,312,200,139,323,445,462,288,398,464
187: 290,112,225,132,133
188: 200,139,445,462
189: 263,294,443,276,142,119,166,113,105,420,454,466,101,163
190: 396,388,153,438,356,353,178,411,162,450
191: 369,147,350,351,262,258,135
192: 441,389,297,311,355,217,132,161,221,223,314,346,224
193: 205,472,165,363,308,197
194: 331,422,458,244,275,446,325,218,256,357,104,198,264
195: 476,117,241,292,433,437,266,257,456
196: 181,118,149,172,328,342,235,332
197: 193,205,165,363,308,171,336,145,203,423
198: 104,264,194,331,422,446,256,357,124
199: 212,140,232,298
200: 139,170,188,445,462,288,312,186
201: 364,360,121,207,385
202: 373,279,426,370,469,228,430
203: 423,197,429,336,145,278
204: 141,444,240,486,468,440,156,215,313,493,482
205: 193,368,472,165,363,197
206: 402,273,417,304,283,330,130,284,245,222
207: 458,238,400,471,280,360,121,261,201
208: 327,415,451,128,428,157,248,315
209: 352,359,480,381,491,152,452,291,409
210: 133,421,459,109,169,211
211: 210,109,137
212: 240,486,199
213: 309,416,133,421
214: 300,497,437
215: 265,313,493,468,141,444,204,125,253
216: 260,492,173
217: 297,311,430,192,441,389,333,378,161,221,314,346
218: 325,243,275,385,194,331,422,256,357
219: 281,148
220: 404,372,457,160
221: 161,223,314,346,217,192,441,389,132,333,378,224
222: 206,402,345,283,390,245
223: 161,221,314,346,192,441,389,132,367,224
224: 367,192,441,389,132,161,221,223,314,346
225: 112,164,343,290,132,187
226: 180,134,371,348,491
227: 349,320,108,326,448,498,287
228: 202,373
229: 127,110,111,233,115,386,460,155,436,489
230: 399,281,247,246,184
231: 467,485,116
232: 140,199,298,476,117,241,292
233: 111,115,338,374,386,229
234: 151,175,236,375,293,324,185
235: 347,464,172,328,342,181,196,435,144,254,332,270
236: 175,375,131,151,285,293,324,234
237: 106,447,404,433,449,337,407,266
238: 400,471,280,453,107,489,496,360,207
239: 453,380,455,460,155,107,400,471
240: 486,158,212,468,204
241: 117,232,447,476,479,292,433,449,195
242: 128,428,327,271,249,147,350,351
243: 325,218,275,385,331,422,256,357
244: 487,261,268,194,331,422,446
245: 304,206,402,345,283,330,130,284,222,339,341,295
246: 281,247,399,392,466,395,230,184
247: 281,246,399,230,184
248: 114,157,208,327,415,451,296,315
249: 271,242,147,350,351,403,258
250: 424,126,255,289,376,180
251: 379,182,339,341,295,126
252: 372,457,109,137,495
253: 125,141,444,215,265,313,482,319,401,497
254: 144,332,328,181,235,473,475,406,382
255: 126,289,138,394,250,424,376
256: 357,275,194,422,325,243,218,104,198,264,321,418,318
257: 414,286,456,433,195,337,407,266,383
258: 249,147,191,403,119,166,113
259: 340,495
260: 269,384,216
261: 268,207,458,244,275,331,422
262: 272,315,191,369,478,465
263: 189,294,443,276,142,119,166,105,420,454,466,306,101,163
264: 104,198,194,422,446,365,256,124,387
265: 215,313,493,468,444,253
266: 337,407,106,237,433,449,195,257,414,286,456,383
267: 454,413,103
268: 261,458,244,487,331,422,446
269: 396,120,484,162,260
270: 174,307,435,235,406,481
271: 128,242,249,147,350,351
272: 262,315,369,478,465
273: 481,174,304,206
274: 483,177,377,156
275: 385,121,458,261,194,331,422,325,243,218,256,357
276: 189,263,294,443,166,113,420,454,163
277: 312,186,139,323,445,462,288,118,149,398,464,488,172
278: 203,423,301
279: 426,334,159,370,469,202,373
280: 238,400,471,453,107,364,360,121,207
281: 247,246,399,466,395,230,184,219
282: 310,322,499,397
283: 345,417,405,206,402,390,245,222
284: 330,130,304,206,402,245,379,339
285: 151,131,175,236,375,296
286: 257,414,456,337,407,266,383
287: 326,448,227,349,498
288: 445,462,200,139,277,312,186,347,464,488
289: 126,255,295,394,250,424,376
290: 343,164,297,311,355,112,225,441,132,187
291: 409,209,352,491,474,470,177
292: 412,232,298,117,241,195,437
293: 316,324,122,175,236,375,234,179
294: 189,263,443,276,166,105,420,454,466,306,101,163,395
295: 245,341,138,251,126,289,394
296: 151,285,114,157,248
297: 311,355,343,290,217,192,441,389,132
298: 199,232,482,292,412
299: 425,403,142,119,166
300: 319,401,497,125,214
301: 
302: 477,485,102,122
303: 429,171,165,408,410,136,423
304: 273,481,206,402,330,130,284,245
305: 393,131,102
306: 466,101,143,105,420,263,294,443,399,392,163,395
307: 435,347,464,488,342,270
308: 472,193,197,492,336,145
309: 213,416,421,372
310: 282,390,322,499,397
311: 297,355,164,343,290,217,192,441,389
312: 277,186,200,139,445,462,288,398,464,488,172
313: 215,265,493,468,440,156,141,444,204,253
314: 161,221,223,346,217,192,441,389,132,378,367,224
315: 428,208,327,415,451,114,157,248,369,262,272
316: 293,324,122,175,375,179
317: 116,178,463
318: 320,124,256,104,321,418,387,150,326,448,349
319: 300,401,497,482,125,253
320: 318,124,104,321,418,108,387,150,326,448,227,349
321: 418,325,256,318,320,150,448
322: 345,282,310,138,499,397
323: 494,277,186,118,398
324: 293,316,102,122,175,236,375,234
325: 243,218,275,385,194,422,256,357,321
326: 448,418,318,320,108,150,227,349,498,287
327: 208,415,451,128,428,157,248,242,315
328: 172,342,149,464,181,196,435,235,254,332
329: 167,474,490,470
330: 130,284,304,206,245,379,182,339,341
331: 194,422,458,261,268,244,275,385,446,243,218,357,198
332: 144,254,172,328,342,181,196,235,473,475
333: 378,217,161,221,346
334: 362,361,279,469
335: 
336: 145,308,197,492,203,423,173,183
337: 407,266,106,237,433,449,257,414,286,456,340,383
338: 374,386,233,436,358
339: 379,182,330,130,284,245,341,251
340: 259,160,337,407
341: 330,245,379,182,339,295,251,126
342: 172,328,149,347,464,488,196,307,435,235,332
343: 290,164,297,311,355,441
344: 354,438,431
345: 283,417,402,390,245,222,322
346: 161,221,223,314,217,192,441,389,132,333,378,224
347: 464,488,462,288,172,342,307,435,235
348: 371,180,226,490,352,491,167,474
349: 227,318,320,124,108,387,326,448,498,287
350: 147,351,271,242,249,191
351: 147,350,271,242,249,191,369
352: 209,371,348,359,480,381,491,291,409
353: 356,388,153,190,396,411,162
354: 344,438,431,120,484
355: 297,311,164,343,290,192,441,389
356: 353,388,153,467,190,396,178,411,162,450
357: 256,275,385,194,331,422,325,243,218,198
358: 338,386,436
359: 480,381,209,352,152,452
360: 121,238,400,471,280,364,207,201
361: 334,129
362: 419,108,387,334
363: 165,193,205,410,197,171
364: 400,471,280,360,121,201
365: 446,104,264
366: 154,138,499,397,394,376,146,434
367: 224,389,132,161,223,314,100
368: 431,472,205
369: 191,315,147,351,262,272
370: 159,469,279,426,202,373,430
371: 348,180,226,490,352,491
372: 457,309,220,421,160,109,252
373: 202,279,426,370,228
374: 338,386,111,233,115
375: 175,236,131,102,122,151,285,293,316,324,234
376: 255,289,394,154,366,250,146,176,434
377: 483,177,152,158,274,468,440,156
378: 333,217,161,221,314,346
379: 182,339,330,130,284,341,251
380: 455,432,460,155,239,453,107
381: 359,480,134,209,352,452
382: 144,254,473,475,406
383: 337,407,266,257,414,286
384: 450,463,260
385: 275,121,458,201,331,325,243,218,357
386: 338,374,111,233,229,127,436
387: 108,104,264,419,318,320,124,362,349
388: 153,467,356,353,190
389: 192,441,297,311,355,217,132,161,221,223,314,346,367,224
390: 417,405,345,283,222,310
391: 123,439,432
392: 399,143,105,420,466,306,101,246
393: 305,131
394: 295,138,499,126,255,289,154,366,376,434
395: 163,420,294,443,466,306,101,281,246
396: 190,153,438,356,353,120,178,411,162,450,269
397: 322,282,310,138,499,154,366
398: 118,149,323,277,312,186,464,172
399: 392,143,466,306,101,230,281,247,246
400: 238,471,280,239,453,107,489,496,364,360,207
401: 300,319,497,125,253
402: 206,417,304,345,283,284,245,222
403: 249,299,425,258,119,166
404: 220,106,237,160
405: 283,390
406: 144,254,473,174,270,382,481
407: 337,266,237,433,257,414,286,340,383
408: 410,165,429,303,171,136
409: 291,209,352,491,474,177
410: 408,165,363,429,303,171,136
411: 178,467,356,353,190,396,116,162,450
412: 292,298,482,437
413: 103,454,267
414: 257,286,456,337,407,266,383
415: 208,327,451,128,428,157,248,315
416: 213,309,421
417: 206,402,345,283,390
418: 321,256,104,318,320,124,150,326,448
419: 108,387,362
420: 105,142,119,143,189,263,294,443,276,392,466,306,101,163,395
421: 213,309,416,133,372,210,109
422: 194,331,458,261,268,244,275,446,325,243,218,256,357,198,264
423: 203,197,429,303,171,336,145,278
424: 250,255,289,180
425: 299,403,119
426: 279,159,370,469,202,373,430
427: 168,135
428: 128,208,327,415,451,242,315
429: 303,171,165,408,410,136,203,423
430: 426,159,370,202,217
431: 354,344,438,368,120,484
432: 123,391,439,110,380,455,155
433: 449,447,241,106,237,195,337,407,266,257
434: 146,176,394,154,366,376
435: 307,347,488,328,342,235,174,270
436: 338,386,229,127,489,496
437: 292,412,195,214,456
438: 354,344,431,190,396,120,484
439: 123,391,184,432
440: 468,158,483,377,156,141,204,313,493
441: 192,389,297,311,355,343,290,217,132,221,223,314,346,224
442: 170,136,494
443: 189,263,294,276,119,166,113,105,420,454,466,306,101,163,395
444: 141,204,468,215,265,313,493,482,125,253
445: 462,288,188,200,139,277,312,186
446: 268,244,487,194,331,422,365,198,264
447: 476,479,117,241,106,237,433,449
448: 326,321,418,318,320,124,108,150,227,349,498,287
449: 433,447,476,479,117,241,106,237,337,266
450: 162,356,190,396,178,411,463,384
451: 208,327,415,428,114,157,248,315
452: 152,359,480,381,209,158
453: 239,380,455,107,238,400,471,280
454: 113,189,263,294,443,276,163,267,413,103
455: 380,432,110,460,155,239,453,107
456: 257,414,286,195,437,337,266
457: 372,220,160,109,252
458: 207,121,261,268,275,385,194,331,422
459: 133,210,169
460: 155,110,111,380,455,229,127,239,107,489
461: 219,123,110,111,233,115
462: 445,288,188,200,277,312,186,347,464,488
463: 116,178,450,317,384
464: 347,488,462,288,277,312,186,118,149,398,172,328,342,307,235
465: 478,262,272,168,135
466: 306,101,143,105,420,189,263,294,443,399,392,163,395,281,246
467: 231,388,356,116,178,411
468: 440,377,240,156,141,444,204,215,265,313,493
469: 159,370,334,279,426,202
470: 329,474,291
471: 238,400,280,239,453,107,364,360,207
472: 368,193,205,308
473: 475,144,254,332,406,382
474: 167,329,348,490,491,291,409,470
475: 473,181,144,254,332,382
476: 447,479,232,117,241,449,195
477: 302,485,102,122
478: 465,262,272
479: 447,476,241,106,449
480: 359,381,209,352,152,452
481: 273,174,270,406,304
482: 141,444,204,298,125,253,412,319
483: 177,377,152,274,440,156
484: 354,438,431,120,269
485: 477,302,231
486: 240,212,204
487: 244,268,446
488: 347,464,462,288,277,312,172,342,307,435
489: 496,460,229,127,436,107,238,400
490: 180,371,348,491,167,329,474
491: 226,371,348,490,209,352,474,291,409
492: 308,216,336,145,173,183
493: 215,265,313,468,440,156,444,204
494: 170,442,139,323
495: 252,259,137
496: 489,127,436,107,238,400
497: 300,319,401,125,253,214
498: 326,448,227,349,287
499: 138,322,282,310,397,394,366
500: 746,955,1158,1116,1125,1044
501: 583,540,777,763
502: 810,842,626,1094,515,853,846,669
503: 851,1183,1069,961,1191
504: 703,827,1023,1188,755,1163,1000
505: 973,793
506: 669,810,840,510,1030,534,833
507: 712,1064
508: 1159,574,825
509: 1133,637,962,537,1176
510: 738,555,840,1024,506,591,1030,534
511: 966,622,733,781,568
512: 611,863
513: 874,1010,1052,879
514: 541,923,572,590,1011,1164,566,519,963,1043
515: 853,665,1046,626,1094,846,502,842
516: 777,630,583
517: 958,980,768,1127,661,886,1006,1085
518: 764,779,656
519: 963,590,1032,1011,514,572
520: 686
521: 1029,687
522: 792,775,888,892,770,1108
523: 859,599,1053,702,571,695
524: 879
525: 1132,615
526: 612,1172
527: 905,1113,928,1031,615,602
528: 678,1117,762,529,744,548,545,1101,584
529: 744,977,653,762,528,1117
530: 1161,991,870,1137,715
531: 1148,867
532: 989,600
533: 951,1121,674
534: 1030,840,506,510,738,833
535: 734,597,1136,966,587
536: 1077,561,635
537: 1176,509,636,962,1016
538: 726,603,930,1021,1073
539: 706,737,766,555,832,1054,978,1099
540: 939,727,630,583,501,763
541: 514,923,572,566,1043
542: 632,563,1142,896,725
543: 721,995,580,682,985,1015
544: 799,843,791,654,838,919
545: 1101,584,548,528,678,1117
546: 1192,606,585,802
547: 614,1120,854,894,653,762,1127
548: 744,528,678,1117,545,1101,584
549: 771,684,902,1004
550: 1193,941,872,929,1013,590,1032,1011
551: 932,825,998,576,767,761,900
552: 661,980,662,824
553: 996,1092,776,751,887,1047,895,765
554: 970,988,891,722,619
555: 766,1112,539,706,737,1024,1054,978,510
556: 788,920,679,696,994
557: 831,570,860,916
558: 1137,698,870,559
559: 558,1137,698
560: 983,1096
561: 536,635
562: 1140,1181
563: 1142,710,1130,1173,542,594,896,725,1126
564: 1056,1169
565: 837,662
566: 916,668,831,1164,514,541,923,572
567: 1145,631
568: 511,587,733,935
569: 785,865,1048,968,1022,805
570: 1061,557,831
571: 954,884,702,523,695,760
572: 514,541,923,590,1032,1011,1164,566,519,963,1043
573: 819,588,578,813,774,1125,1044,734,597
574: 634,508,1159
575: 808,971,666,922,1001,1023,640,1188
576: 767,932,551,761,1077
577: 1123,1087,1005,676,812
578: 862,955,573,819,588,1125,1044,597
579: 1181,747,1055
580: 682,995,543,985,1015
581: 663,1162,903,1141,967,696,1072
582: 613,647,1013
583: 501,630,540,516,777,763
584: 545,1101,548,528,678,1117,1177,680,926
585: 1192,606,546
586: 821,907,969,605,1019,1034
587: 535,1136,966,568
588: 573,819,578,813,774,734,597
589: 850,729,847,608
590: 1032,1011,929,877,1164,519,963,514,572
591: 1099,1054,510,738,937,1150
592: 
593: 704
594: 710,1130,1173,563,1142,1126
595: 1103,1170,629
596: 852,1154,759
597: 734,578,573,819,588,774,1125,1044,535
598: 1079,1058,912,868
599: 1053,956,867,815,859,702,523
600: 532
601: 714,823,794,866
602: 527,905,1113,928,1031,615,724,976
603: 538,726,930,1021
604: 1104,1196
605: 586,1019,1034,757
606: 1192,1104,1196,585,546
607: 863,1160
608: 729,589,847,746,1178,1116
609: 925,620,773,1124,670
610: 1147,1179,897,750,1168
611: 1070,793,512
612: 526
613: 582,647
614: 1120,829,618,1012,787,547,653
615: 525,527,1113,602
616: 1000,1014,1066,828,731
617: 699,1122,1195,814
618: 1012,829,614,1120
619: 722,554,970,988,891,1064,918,690
620: 925,866,1146,609
621: 1172
622: 511,733,781
623: 1020
624: 941,909,877
625: 1070,1144
626: 1094,1038,665,927,515,853,669,502,842
627: 694,948,913,1014
628: 655
629: 595
630: 939,1049,540,516,777,583
631: 1145,567,1198
632: 1067,710,1173,542
633: 849,915,666,987
634: 574,952
635: 536,561,1018
636: 828,1078,1066,731,537,1176
637: 509,962
638: 764
639: 1068,997
640: 652,1089,1001,808,971,575,708,742
641: 711,817,1118,769,915,876,987,748
642: 1041,985,1015
643: 868
644: 949
645: 818,898
646: 1081
647: 1021,1073,582,613,1067
648: 795,1028,811
649: 1174,957,1100,1145,1172
650: 1008,579,881,957,1055
651: 1039,855,1114,1151
652: 640,1089,1001,808,971,708
653: 762,614,1120,787,977,547,529,1117
654: 843,791,1189,544,799
655: 628,789
656: 764,518,779,1098
657: 953,917,664,721,995
658: 750,1168
659: 1131,1156
660: 1180,934
661: 517,958,980,552
662: 837,565,552
663: 1162,581,903,940,967,696,1072
664: 1004,917,657,953
665: 1046,960,626,1094,515,853
666: 922,633,849,1001,808,575
667: 875,861,899,1057
668: 566,916,831,860
669: 626,1094,853,502,810,842,840,506
670: 1124,609,773
671: 1106
672: 934,1193,909,872,550
673: 876,1179
674: 1020,533,951,1121
675: 701,974,789,1007
676: 812,1005,577,1123,1064
677: 1143,889,709,689,1076
678: 528,1117,744,548,545,1101,584
679: 920,696,556,788
680: 926,1101,584,1177,692,1090
681: 1010,1052,911,904,879
682: 580,721,995,543,985
683: 1109,946,1071,1152
684: 902,771,786,549,1004
685: 936,693
686: 520
687: 521,942,979
688: 950,1065
689: 1076,677,1143
690: 719,722,619,918,914
691: 709,889,822,1143,910
692: 1090,680,926,771,728
693: 685,936
694: 627,948,913,1014
695: 702,523,571,760
696: 663,581,967,679,1072,556,788
697: 1091,763,758,837
698: 558,1137,870,715,559
699: 617,1122,1195,739
700: 823,972,967
701: 675,974,1007
702: 859,599,954,884,523,571,695
703: 504,827,1163,1000
704: 593,1088,834,844
705: 1152,754
706: 539,737,766,555,832,1054,978
707: 1026
708: 742,1147,1001,640,652,1089,897
709: 691,889,822,677,1143,910
710: 1130,1173,1067,632,890,594,563
711: 641,817,1118,769,915,987,748
712: 507
713: 
714: 601,967,823,1072,794,866
715: 870,530,1137,698,1029
716: 1075,982,1149,1182
717: 981,945,780
718: 1029
719: 690,722,918,914
720: 1066,731,1129
721: 657,995,543,580,682
722: 619,554,970,988,891,1064,918,690,719,914
723: 1063,781
724: 976,602,1182,1060
725: 896,542,1095,563,1142,1027,1126
726: 538,603,930,1073
727: 1049,965,540
728: 1097,926,692,1195
729: 589,847,608
730: 911,904,1196
731: 616,1014,1066,636,828,1078,720,1129
732: 919,1062,826,1068,778,1138,892
733: 781,622,511,568,1063
734: 597,573,819,588,813,774,1125,535,1136
735: 1049
736: 
737: 539,706,766,555,832,1054,978
738: 510,840,1099,591,1030,534,1150
739: 1110,1195,699,1122
740: 1059
741: 992,1197,772,839,1110
742: 708,1147,987,748,640,1089,897
743: 1171,782,1082
744: 529,762,548,528,678,1117
745: 850,887,1035,862
746: 955,608,1158,1178,1116,500,1044
747: 1181,796,579
748: 641,711,987,742,1147
749: 963,1095,1027,1080
750: 610,1168,658
751: 1092,553,996,895
752: 1175,1040,1086
753: 757,1194,783
754: 705,865,968
755: 1163,1188,504,1133
756: 930,1021,801,1067
757: 605,753,783
758: 1091,883,697
759: 596,1002
760: 571,695
761: 900,998,932,551,576,767,1135,1077
762: 653,787,977,547,529,744,528,1117
763: 540,583,501,697,837
764: 638,518,779,656
765: 895,553,996,887,1047,1083
766: 539,706,737,555
767: 576,825,932,551,761
768: 1127,854,517,958,886
769: 1118,915,876,641,711,817,987
770: 775,888,522,792,1108
771: 692,1090,684,902,549
772: 1036,1166,741,992,1197,839
773: 609,1124,670
774: 813,573,819,588,734,597,984
775: 888,807,858,1138,770,522
776: 553,887,1047
777: 516,630,583,501
778: 1138,838,919,1062,826,858,732,888,807,892
779: 764,518,656,815,1098
780: 981,717,975,1132
781: 733,622,511,723,1063
782: 743
783: 757,753
784: 1144,944,1074,856,809,1017
785: 569,968,1022,805
786: 684,902,1004,917
787: 1012,614,1120,977,653,762
788: 556,920,679,696,994
789: 655,675,998
790: 1140,942,979
791: 843,1135,654,544
792: 522,888,892,770,989
793: 505,611
794: 866,601,714,925
795: 648,816,811
796: 983,1096,1181,747
797: 1185
798: 1106,1185
799: 544,843,654,838,919,1062,826
800: 933
801: 1021,756,1067
802: 524,546
803: 936
804: 1199,993,1102,855
805: 1022,968,569,785
806: 964,1133
807: 775,888,858,778,1138,892
808: 971,575,666,922,1001,1023,640,652,1089,1188
809: 1017,784
810: 502,842,853,846,669,506
811: 795,648,1028,816,869
812: 676,1005,577,1123,988,891,1064
813: 774,573,819,588,734,984
814: 1195,617
815: 779,599,1053,906
816: 795,833,811,845
817: 641,711,1118,769,915,876,987
818: 645,898
819: 573,588,862,1083,578,813,774,1044,734,597
820: 889
821: 586
822: 709,691,910,1131
823: 700,967,601,714
824: 552,1186
825: 508,1159,932,551,767
826: 799,919,1062,1068,778,1138,732
827: 504,703,1023,1163,1000
828: 636,1078,616,1066,731,1176
829: 1002,618,1012,614,1120
830: 878,986,1156,950
831: 557,570,860,1164,566,916,668
832: 1054,978,539,706,737,1099,937
833: 506,1030,534,816
834: 844,704,1190,875,861,899
835: 990,1033,1038,927
836: 1016
837: 763,697,565,662
838: 544,799,919,1062,858,778
839: 1110,772,1166,741,992,1197
840: 1024,1112,669,506,510,738,1030,534
841: 851,1183,1170
842: 502,810,626,1094,515,853,846,669
843: 791,654,544,799
844: 834,1088,704,1190,861,899
845: 816,1118,915
846: 1046,515,853,502,810,842
847: 729,589,608,1158,1178,1116
848: 1198,1128,903,940
849: 633,666,922,1001
850: 745,589,1035,862
851: 503,1183,841,1069,961
852: 596,1154
853: 515,665,626,1094,846,669,502,810,842
854: 894,1120,547,768,1127
855: 804,1199,1102,1039,651
856: 1134,944,1074,784
857: 1190,1191,899,1057,1107
858: 838,1062,778,1138,775,888,807,892
859: 956,867,599,1053,702
860: 557,831,566,916,668,1185
861: 899,834,844,1190,875,667,1057
862: 850,745,1035,955,578,819
863: 512,1160,999
864: 
865: 1048,754,968,569
866: 794,601,714,925,620
867: 956,531,1084,859,599
868: 598,1079,643
869: 1028,811
870: 1161,991,1114,530,558,1137,698,715
871: 1184,975,1087,1119,1132
872: 934,672,1193,550,1013
873: 1111,1104,1196,1042
874: 1158,1178,1010,1052,513
875: 834,861,667
876: 769,885,641,817,673
877: 624,941,929,590,1011,1164
878: 830,986,950,1065
879: 911,904,1010,1052,681,513,524
880: 997,989,1045
881: 1008,650
882: 1139,922
883: 1091,894,758
884: 1051,954,702,949,571
885: 1025,876
886: 768,1127,517,958,980,1006,1036,1085
887: 1047,776,553,745,765,1083
888: 775,807,858,778,1138,892,770,522,792
889: 820,709,691,677,1143
890: 710,1130,1173
891: 812,554,970,988,1064,722,619,918
892: 858,778,1138,732,888,807,522,792
893: 1157,908
894: 854,1120,883,547,1127
895: 765,553,996,751,1047,1105,1083
896: 725,542,563,1142,1027,1126
897: 708,742,1147,610,1168
898: 645,818
899: 861,834,844,1190,857,667,1057
900: 761,998,932,551,1135
901: 
902: 684,771,786,549,1004
903: 940,848,663,1162,581
904: 911,730,1010,1052,681,879
905: 527,1113,928,1031,602
906: 815,1098,1053,1009
907: 969,999,586,1019,1034
908: 893,1157,947
909: 1193,624,941
910: 1131,822,709,691
911: 904,730,1010,681,879
912: 1058,924,598,1079
913: 627,694,948
914: 722,918,690,719
915: 845,1118,769,633,641,711,817,987
916: 566,668,557,831,860
917: 1004,786,664,657,953
918: 891,1064,722,619,690,719,914
919: 1062,544,799,838,826,778,732
920: 679,556,788
921: 1186,992,1197
922: 666,1139,882,849,1001,808,575
923: 514,541,572,566,963,1043
924: 912,990,1033
925: 620,794,866,1146,609
926: 680,584,1177,692,1090,728
927: 835,1038,626,1112
928: 527,905,1113,1031,602
929: 941,550,877,590,1032,1011,1164
930: 603,538,726,1021,756
931: 1167,945
932: 551,825,998,576,767,761,900
933: 800
934: 672,1180,660,1193,872
935: 568
936: 803,685,693
937: 832,1054,1099,591
938: 1148,1037,1084,1155
939: 1049,630,540
940: 903,848,663,1162
941: 624,1193,909,550,929,877
942: 979,790,687
943: 1182,1060,1040
944: 1074,1144,856,784
945: 717,931,1167
946: 1122,683,1071,1152
947: 908
948: 627,694,913
949: 1051,954,884,644
950: 688,830,878,986,1065
951: 533,1121,674
952: 1015,634
953: 657,917,664,995
954: 1051,884,1084,702,949,571
955: 746,862,578,1116,500,1125,1044
956: 867,859,599
957: 1055,1100,1174,649,1145
958: 517,980,768,1127,661,886
959: 
960: 1124,665,1046
961: 1069,503,851
962: 509,637,537,1176,1016
963: 519,590,1032,514,923,572,749
964: 806,1168,1133
965: 1115,727
966: 1136,535,511,587
967: 663,581,700,823,696,1072,714
968: 865,1048,754,569,785,1022,805
969: 907,999,586,1019,1034
970: 554,988,891,722,619
971: 808,575,1001,1023,640,652,1188
972: 1128,700
973: 505
974: 675,701
975: 981,871,780,1119,1132
976: 724,1031,602,1182,1060
977: 787,653,762,529
978: 832,1054,539,706,737,555,1099
979: 942,790,687
980: 517,958,661,886,552
981: 717,975,780
982: 716,1075,1182,1060
983: 1096,560,796
984: 813,774,1136
985: 1015,543,580,682,642
986: 830,878,950
987: 1118,769,915,633,641,711,817,748,742
988: 554,970,812,891,722,619
989: 792,880,532
990: 1033,924,835
991: 1161,870,530
992: 741,1197,772,921,839,1110
993: 804,1199,1102
994: 556,788,1146
995: 657,953,721,543,580,682
996: 553,1092,751,1047,895,765,1105
997: 639,880,1045
998: 789,932,551,1135,761,900
999: 863,907,969
1000: 504,703,827,616,1014,1066
1001: 849,666,922,808,971,575,708,640,652,1089
1002: 759,829
1003: 1154
1004: 917,684,902,786,549,664
1005: 1105,577,1123,676,812
1006: 1036,1085,517,886
1007: 675,701
1008: 881,650
1009: 1098,906,1088
1010: 1052,681,874,911,904,513,879
1011: 590,1032,929,877,1164,519,514,572
1012: 618,829,614,1120,787
1013: 872,550,582
1014: 1066,1000,627,694,616,731
1015: 985,543,580,642,952
1016: 836,962,537,1176
1017: 809,784
1018: 635
1019: 1034,586,907,969,605
1020: 674,623
1021: 603,538,930,1073,756,801,647
1022: 805,968,569,785
1023: 808,971,575,1188,504,827
1024: 840,1112,555,510
1025: 1150,885
1026: 707
1027: 1095,749,896,725,1080
1028: 648,811,869
1029: 715,718,521
1030: 534,840,506,510,738,833
1031: 527,905,1113,928,602,976
1032: 590,1011,929,1164,519,963,572
1033: 990,924,835
1034: 1019,586,907,969,605
1035: 850,745,862
1036: 1006,1085,886,772
1037: 1148,938,1155
1038: 835,927,626,1094
1039: 651,855,1114,1151
1040: 752,943,1086
1041: 642
1042: 1165,873,1111,1192
1043: 514,541,923,572
1044: 1125,746,955,578,573,819,500,597
1045: 997,880
1046: 665,960,1094,515,846
1047: 887,776,553,996,895,765,1083
1048: 865,968,569,785
1049: 939,735,727,630
1050: 
1051: 954,884,1084,949
1052: 1010,681,874,904,513,879
1053: 599,815,859,906,523
1054: 832,978,539,706,737,555,1099,591,937
1055: 957,579,650,1100,1174
1056: 564,1169
1057: 861,899,857,667,1107
1058: 912,598,1079
1059: 740
1060: 1182,724,976,1075,982,943
1061: 570
1062: 919,799,838,826,858,778,1138,732
1063: 723,733,781
1064: 676,812,891,507,722,619,918
1065: 950,688,878
1066: 1014,1000,616,636,828,1078,731,720
1067: 756,801,647,632,710,1173
1068: 826,732,639
1069: 961,503,851,1183,1191
1070: 625,611
1071: 1152,1109,683,946
1072: 663,1162,581,967,696,714
1073: 538,726,1021,647
1074: 944,1082,1144,856,1134,784
1075: 716,982,1182,1060
1076: 689,677,1143
1077: 576,761,536
1078: 636,828,1066,731,1129
1079: 598,1058,912,868
1080: 1095,749,1027
1081: 646
1082: 743,1171,1074
1083: 887,1047,895,765,819
1084: 1148,867,938,1051,954
1085: 1006,1036,517,886
1086: 752,1040
1087: 1119,871,1184,577,1123
1088: 1009,704,844
1089: 640,652,1001,808,708,742,1147
1090: 692,680,926,771
1091: 883,697,758
1092: 553,996,751
1093: 
1094: 626,1038,665,1046,515,853,669,502,842
1095: 749,725,1027,1080
1096: 983,560,796
1097: 728,1195
1098: 779,656,906,1009
1099: 591,539,832,1054,978,738,937
1100: 957,1055,1174,649,1145
1101: 545,584,548,528,678,1117,1177,680
1102: 804,1199,1165,855
1103: 1170,595
1104: 604,1196,873,1111,1192,606
1105: 996,895,1005
1106: 798,671
1107: 857,1057
1108: 770,522
1109: 683,1071
1110: 839,1166,741,992,1197,739
1111: 873,1104,1192,1042
1112: 927,555,840,1024
1113: 527,905,928,1031,615,602
1114: 1161,1039,651,870
1115: 965
1116: 1158,1178,847,608,746,955,500
1117: 528,678,653,762,529,744,548,545,1101,584
1118: 769,845,915,641,711,817,987
1119: 1087,871,1184,975,1123
1120: 614,829,618,1012,787,854,894,547,653
1121: 533,951,674
1122: 617,699,1195,739,946
1123: 577,1087,1119,1005,676,812
1124: 670,609,773,960
1125: 1044,955,578,573,500,734,597
1126: 594,563,1142,896,725
1127: 768,854,894,547,517,958,886
1128: 1198,848,972
1129: 1078,731,720
1130: 710,1173,890,594,563,1142
1131: 910,822,659
1132: 871,975,780,525
1133: 755,806,964,509
1134: 856,1074
1135: 998,761,900,791
1136: 966,734,984,535,587
1137: 558,698,870,530,715,559
1138: 778,1062,826,858,732,775,888,807,892
1139: 882,922
1140: 562,790
1141: 1162,581
1142: 563,1130,594,896,725,1126
1143: 677,889,709,691,689,1076
1144: 944,1074,625,784
1145: 957,1100,1174,649,567,631
1146: 994,925,620
1147: 708,742,748,1089,610,897
1148: 531,1037,938,1084
1149: 716
1150: 591,738,1025
1151: 1039,651
1152: 1071,946,705
1153: 
1154: 1003,596,852
1155: 1037,938
1156: 659,830
1157: 893,908
1158: 1178,1116,847,746,500,874
1159: 508,574,825
1160: 607,863
1161: 991,1165,1114,870,530
1162: 663,581,903,940,1141,1072
1163: 755,1188,504,703,827
1164: 929,877,831,590,1032,1011,566,514,572
1165: 1042,1102,1161
1166: 1177,772,1197,839,1110
1167: 931,945
1168: 610,897,750,964,658
1169: 564,1056
1170: 1103,841,595
1171: 743,1082
1172: 649,526,621
1173: 710,1130,1067,632,890,594,563
1174: 649,957,1055,1100,1145
1175: 752
1176: 537,509,636,828,962,1016
1177: 1101,584,680,926,1166
1178: 1158,1116,847,608,746,874
1179: 673,610
1180: 660
1181: 747,796,562,579
1182: 1060,724,976,716,1075,982,943
1183: 503,851,841,1069
1184: 871,1087,1119
1185: 797,860,798
1186: 824,921
1187: 
1188: 808,971,575,1023,504,755,1163
1189: 654
1190: 834,844,861,899,857
1191: 1069,503,857
1192: 606,1104,1196,1111,1042,585,546
1193: 909,934,672,941,872,550
1194: 
1195: 728,1097,739,617,699,1122,814
1196: 604,730,1104,873,1192,606
1197: 741,992,772,1166,921,839,1110
1198: 631,848,1128
1199: 804,1102,855