0: 19,57,22,90,379,20,182,38,72,1235,76,134,251,69,25,1233,1238,14,17,21,62
1: 1210,1211,1228,1209,25,1233,1238,14,17,21,62,106,140,1227,30,5,35,1229,1208,476,416,70,48,1203,29,199
2: 68,1243,37,103,1224,86,1261,1219,1250,1254,1246,1249,1253,1221,1255,1252,1251,91,413,1256,1260,1206,1242,1230,1241,1262,487,55,7,41,1205,10,51
3: 168,262,191,465,26,64,1204,82,427,135,61,6,83,74,219,338,103,1224,86
4: 163,219,338,103,79,94,91,413,111,229,244,386,358,487
5: 1227,30,35,1229,1208,14,17,21,62,1207,381,1,1210,1211,1228,1209,480,1202,48,1203,29,199,204
6: 61,83,74,465,26,64,1204,82,56,168,3,8,1225,1223,103,86,1251
7: 55,41,91,413,68,2,1243,37,1256,1260,1206,1242,1230,1241,1262,487,1205,10,51,75,11,40,28,96,365,1217,1212,1216,1226,85,47,1218,45,16
8: 1244,1225,1248,1223,26,64,1204,82,56,33,46,9,61,6,83,74,66,78,1224,86,1261,1219,1250,1254,1246,1249,1253,1221,1255,1252,1251,1245,1247,92,1240,1222,1220,1259,1263,1257
9: 33,46,44,93,12,98,216,183,173,56,67,8,1244,1248,66,78,23,42,95
10: 1205,51,68,2,1243,37,1256,1260,1206,1242,1230,1241,1262,1232,1258,31,99,1234,1236,1231,55,7,41,1239,63,49,1237,1217,1212,1216,1226,85,47,1218,45,16,88,89
11: 75,40,28,96,365,244,386,358,487,55,7,264,1217,1212,1216,1226,85,47,1218,419,124,97,32,1213,73,54,58,1215
12: 93,98,80,116,384,463,484,145,44,216,183,173,56,33,46,9,67
13: 67,65,34,39,23,42,95,52,43,53,57,22,90,379,20,182
14: 17,21,38,72,1235,76,19,0,134,251,69,25,1233,1238,62,106,140,1,1210,1211,1228,1209,1227,30,5,35,1229,1208
15: 220,60,24,84,476,416,70,48,1203,225,50,449,447,81,290,433
16: 45,55,7,41,1205,10,51,1239,63,49,1237,1217,1212,1216,1226,85,47,1218,88,89,73,54,58,18,1215,1214,27,59,164,60,24,84
17: 14,21,38,72,1235,76,19,0,134,251,69,25,1233,1238,62,106,140,1,1210,1211,1228,1209,1227,30,5,35,1229,1208
18: 73,54,58,1215,1214,1217,1212,1216,1226,85,1218,45,16,124,97,1213,27,59,164,361,129,311,355
19: 0,57,22,90,379,20,182,38,72,1235,76,134,251,69,25,1233,1238,14,17,21,62
20: 379,23,42,95,13,52,43,53,57,22,90,182,38,72,1235,76,19,0,134,251,69
21: 14,17,38,72,1235,76,19,0,134,251,69,25,1233,1238,62,106,140,1,1210,1211,1228,1209,1227,5,35,1229,1208
22: 57,90,66,78,23,42,95,13,1245,1247,92,1240,1222,1220,1259,1263,1257,379,20,1232,1258,31,99,1234,1236,1231,38,72,1235,76,19,0
23: 42,95,33,46,9,67,65,66,78,13,1245,1247,92,1240,1222,1220,1259,1263,1257,57,22,90,379,20
24: 60,84,45,16,88,89,106,140,27,59,164,476,416,70,311,355,225,50,220,15
25: 1233,1238,99,1234,1236,1231,38,72,1235,76,19,0,1239,63,49,1237,14,17,21,88,89,106,140,1,1210,1211,1209
26: 64,1204,82,296,234,77,185,179,44,465,56,168,3,61,6,83,74,8,1244,1225,1248,1223
27: 59,164,1212,1226,85,45,16,88,89,73,54,58,18,1215,1214,60,24,84,129,311,355,225,50
28: 75,11,40,96,365,244,386,358,487,55,7,264,1217,1212,1216,1226,85,47,1218,419,124,97,32,1213,73,54,58,1215,1214
29: 199,1,30,5,1208,480,48,1203,204,449,447,232
30: 1227,5,35,1229,1208,14,17,62,1207,381,1,1210,1211,1228,480,1202,1203,29,199,204
31: 1232,1258,99,1234,1236,1231,1261,1219,1250,1254,1246,1249,1253,1221,1255,1252,1251,1245,1247,92,1240,1222,1220,1259,1263,1257,57,22,1256,1260,1206,1242,1230,1241,1262,38,72,1235,76,1205,10,51,1239,63,49,1237,1233
32: 124,97,1213,264,75,11,40,28,96,365,1217,1212,1216,1226,85,47,1218,419,73,54,58,1215,1214,104,361,129
33: 46,9,44,93,12,98,216,183,173,56,67,8,1244,1225,1248,1223,66,78,23,42,95
34: 39,301,87,288,65,36,13,52,43,53,284,130
35: 1227,30,5,1229,1208,14,17,21,62,1207,381,1,1210,1211,1228,480,1202,1203,199,204
36: 87,288,34,39,52,43,53,284,130
37: 68,2,1243,103,1224,86,1261,1219,1250,1254,1246,1249,1253,1221,1255,1252,1251,91,413,1256,1260,1206,1242,1230,1241,1262,487,55,7,41,1205,10,51
38: 72,1235,76,1245,1247,92,1240,1222,1220,1259,1263,1257,57,22,90,379,20,1232,1258,31,99,1234,1236,1231,19,0,1239,63,49,1237,25,1233,1238,14,17,21
39: 34,301,87,288,65,36,13,52,43,53,284,130
40: 75,11,28,96,365,244,358,487,55,7,264,1217,1212,1216,1226,85,47,1218,419,124,97,32,1213,73,54,58,1215,1214
41: 55,7,91,413,68,2,1243,37,1206,1242,1230,1241,487,1205,10,51,96,365,85,47,1218,45,16
42: 23,95,33,46,9,67,65,66,78,13,1245,1247,92,1240,1222,1220,1259,1263,1257,57,22,90,379,20
43: 52,53,65,34,39,36,13,284,130,379,20,182,245,339
44: 317,80,116,384,463,484,185,179,93,12,98,26,64,1204,82,56,33,46,9
45: 16,55,7,41,1205,10,51,1239,63,49,1237,1217,1212,1216,1226,85,47,1218,88,89,73,54,58,18,1215,1214,27,59,164,60,24,84
46: 33,9,44,93,12,98,216,183,173,56,67,8,66,78,23,42,95
47: 1217,1212,1216,1226,85,1218,487,55,7,41,1205,10,51,75,11,40,28,96,365,45,16,124,97,32,1213,73,54,58,1215,1214,164
48: 1203,106,140,1,1211,1228,5,1229,1208,476,416,70,29,199,220,15,449,447,232
49: 1239,63,1237,1256,1260,1206,1242,1230,1241,1262,1232,1258,31,99,1234,1236,1231,38,72,1235,76,1205,10,51,25,1233,1238,45,16,88,89,106,140
50: 225,27,59,164,60,24,84,476,416,70,311,355,220,15,81,290
51: 1205,10,68,2,1243,37,1256,1260,1206,1242,1230,1241,1262,1232,1258,31,99,1234,1236,1231,55,7,41,1239,63,49,1237,1217,1212,1216,1226,85,47,1218,45,16,88,89
52: 43,53,65,34,39,36,13,284,130,379,20,182,245,339
53: 52,43,65,34,39,36,13,284,130,379,20,182,245,339
54: 73,58,18,1215,1214,75,11,40,28,365,1217,1212,1216,1226,85,47,1218,45,16,124,97,32,1213,27,59,164,361,129,311,355
55: 7,41,91,413,68,2,1243,37,1256,1260,1206,1242,1230,1241,1262,487,1205,10,51,75,11,40,28,96,365,1217,1212,1216,1226,85,47,1218,45,16
56: 185,179,44,93,12,98,26,64,1204,82,33,46,9,61,6,83,74,8,1244,1225,1248,1223,66,78
57: 22,90,66,78,23,42,95,13,1245,1247,92,1240,1222,1220,1259,1263,1257,379,20,1232,1258,31,99,1234,1236,1231,38,72,1235,76,19,0
58: 73,54,18,1215,1214,75,11,40,28,365,1217,1212,1216,1226,85,47,1218,45,16,124,97,32,1213,27,59,164,361,129,311,355
59: 27,164,1217,1212,1216,1226,85,1218,45,16,88,89,73,54,58,18,1215,1214,60,24,84,129,311,355,225,50
60: 24,84,45,16,88,89,106,140,27,59,164,476,416,70,311,355,225,50,220,15
61: 6,83,74,465,26,64,1204,82,56,168,3,8,1244,1225,1248,1223,103,86,1219,1250,1254,1249,1251
62: 19,0,134,251,69,126,255,71,14,17,21,1207,381,1,1210,1211,1228,1209,1227,30,5,35,1229,1208,480,1202
63: 1239,49,1237,1256,1260,1206,1242,1230,1241,1262,1232,1258,31,99,1234,1236,1231,38,72,1235,76,1205,10,51,25,1233,1238,45,16,88,89,106,140
64: 26,1204,82,234,185,179,44,465,56,168,3,61,6,83,74,8
65: 216,183,173,301,87,288,67,34,39,23,42,95,13,52,43,53
66: 78,56,33,46,9,67,8,1244,1225,1248,1223,23,42,95,1261,1219,1250,1254,1246,1249,1253,1221,1255,1252,1251,1245,1247,92,1240,1222,1220,1259,1263,1257,57,22,90
67: 93,12,98,216,183,173,301,33,46,9,65,66,78,23,42,95,13
68: 2,1243,37,103,1224,86,1261,1219,1250,1254,1246,1249,1253,1221,1255,1252,1251,91,413,1256,1260,1206,1242,1230,1241,1262,487,55,7,41,1205,10,51
69: 134,251,379,20,182,245,339,19,0,126,255,71,14,17,21,62,1207,381
70: 476,416,88,89,106,140,1,1210,1211,1228,1209,60,24,84,48,1203,225,50,220,15,449,447
71: 126,255,182,245,339,134,251,69,250,62,1207,381,352
72: 38,1235,76,1245,1247,92,1240,1222,1220,1259,1263,1257,57,22,90,379,20,1232,1258,31,99,1234,1236,1231,19,0,1239,63,49,1237,25,1233,1238,14,17,21
73: 54,58,18,1215,1214,75,11,40,28,96,365,1217,1212,1216,1226,85,47,1218,45,16,124,97,32,1213,27,59,164,361,129,311,355
74: 61,6,83,465,26,64,1204,82,56,168,3,8,1244,1225,1248,1223,103,1224,86,1261,1219,1250,1254,1246,1249,1253,1221,1255,1252,1251
75: 11,40,28,96,365,244,386,358,487,55,7,264,1217,1212,1216,1226,85,47,1218,419,124,97,32,1213,73,54,58,1215
76: 38,72,1235,1245,1247,92,1240,1222,1220,1259,1263,1257,57,22,90,379,20,1232,1258,31,99,1234,1236,1231,19,0,1239,63,49,1237,25,1233,1238,14,17,21
77: 296,234,317,369,185,179,262,191,465,26
78: 66,56,33,46,9,67,8,1244,1225,1248,1223,23,42,95,1261,1219,1250,1254,1246,1249,1253,1221,1255,1252,1251,1245,1247,92,1240,1222,1220,1259,1263,1257,57,22,90
79: 94,163,219,338,4,111,229,244,386,358
80: 116,384,317,463,484,185,179,44,93,12
81: 290,311,355,225,50,220,15
82: 26,64,1204,234,185,179,44,465,56,168,3,61,6,83,74,8,1225,1248,1223
83: 61,6,74,465,26,64,1204,82,56,168,3,8,1244,1225,1248,1223,103,1224,86,1261,1219,1250,1254,1246,1249,1253,1221,1255,1252,1251
84: 60,24,45,16,88,89,106,140,27,59,164,476,416,70,311,355,225,50,220,15
85: 1217,1212,1216,1226,47,1218,487,55,7,41,1205,10,51,75,11,40,28,96,365,45,16,124,97,32,1213,73,54,58,18,1215,1214,27,59,164
86: 1224,168,3,61,6,83,74,8,1244,1225,1248,1223,103,1261,1219,1250,1254,1246,1249,1253,1221,1255,1252,1251,91,413,68,2,1243,37,1256,1260,1206,1242,1230,1241,1262
87: 288,308,301,65,34,39,36
88: 89,1205,10,51,1239,63,49,1237,25,1233,1238,45,16,106,140,27,59,164,60,24,84,476,416,70
89: 88,1205,10,51,1239,63,49,1237,25,1233,1238,45,16,106,140,27,59,164,60,24,84,476,416,70
90: 57,22,66,78,23,42,95,13,1245,1247,92,1240,1222,379,20,99,38,72,1235,76,19,0
91: 413,219,338,103,1224,86,4,68,2,1243,37,244,386,358,487,55,7,41
92: 1245,1247,1240,1222,1220,1259,1263,1257,8,1244,1225,1248,1223,66,78,23,42,95,1261,1219,1250,1254,1246,1249,1253,1221,1255,1252,1251,57,22,90,1256,1260,1206,1242,1230,1241,1262,1232,1258,31,99,1234,1236,1231,38,72,1235,76
93: 12,98,80,116,384,463,484,145,44,216,183,173,56,33,46,9,67
94: 79,163,219,338,4,111,229,244,386,358
95: 23,42,33,46,9,67,65,66,78,13,1245,1247,92,1240,1222,1220,1259,1263,1257,57,22,90,379,20
96: 75,11,40,28,365,244,386,358,487,55,7,41,264,1217,1212,1216,1226,85,47,1218,419,124,32,1213,73,1215
97: 124,32,1213,264,75,11,40,28,365,1217,1212,1216,1226,85,47,1218,419,73,54,58,18,1215,1214,104,361,129
98: 93,12,116,384,463,484,145,44,216,183,173,56,33,46,9,67
99: 1232,1258,31,1234,1236,1231,1261,1246,1253,1221,1255,1245,1247,92,1240,1222,1220,1259,1263,1257,57,22,90,1256,1260,1206,1242,1230,1262,38,72,1235,76,1205,10,51,1239,63,49,1237,25,1233,1238
100: 187,213,421,459,210,133
101: 306,263,420,105,166,294,466,246
102: 393,305,477,302,485,131,236
103: 427,135,168,3,61,6,83,74,219,338,1224,86,4,91,413,68,2,1243,37
104: 419,124,97,32,1213,361
105: 263,420,119,142,143,189,443,166,101,306
106: 140,1239,63,49,1237,25,1233,1238,14,17,21,88,89,1,1210,1211,1228,1209,60,24,84,476,416,70,48,1203
107: 489,155,471,127,436,400,496
108: 387,362,321,227,349
109: 211,372,210,133,252,137
110: 460,439,391,380
111: 229,79,94,4,244,386,358,446,264
112: 367,187
113: 258,147,189,443,166,294,454,276
114: 157,248,451,272,478
115: 
116: 80,384,317,463,484,185,179,44,93,12,98
117: 241,298,412,292,437,195,266
118: 181,196,254
119: 142,403,425,263,105,189,166
120: 438,431,354,396,190,269
121: 360,280,238,207,458,201,385,275
122: 324,477,175,293,375,316
123: 184,230,247,246,281,439,461
124: 97,32,1213,264,75,11,40,28,96,365,1217,1212,1216,1226,85,47,1218,419,73,54,58,18,1215,1214,104,361,129
125: 482,212,486
126: 255,71,182,245,339,134,251,69,250,62,1207,381,352
127: 432,155,471,436,489,107
128: 428,208,415,327
129: 124,97,32,1213,73,54,58,18,1215,1214,27,59,164,361,311,355,441
130: 284,34,39,36,52,43,53,182,245,339
131: 285,393,305,102,236,175
132: 367,221,192,389,161,314
133: 210,100,421,372,109,211
134: 251,69,379,20,182,245,339,19,0,126,255,71,14,17,21,62,1207,381
135: 427,262,191,465,267,168,3,163,219,338,103
136: 429,494,200,170,442
137: 495,109,211,252
138: 397,322,282
139: 277,494,200,170,442,323,398,445,186,149
140: 106,1239,63,49,1237,25,1233,1238,14,17,21,88,89,1,1210,1211,1228,1209,60,24,84,476,416,70,48,1203
141: 313,156,440,253,319,444
142: 119,403,143,263,420,105,166
143: 392,142,263,420,105,306
144: 332,254,235,328,473,270,406
145: 463,484,308,93,12,98,216,183,173,301
146: 154,366,376,176
147: 258,351,249,299,350,113
148: 395,461,233,374
149: 186,464,170,277,139,323,398,445,312,172
150: 418,256,326,321,448
151: 478
152: 452,158,483
153: 353
154: 366,394,499,376,146
155: 471,460,432,455,380,127,107
156: 141,313,440,468,444
157: 248,451,335,114
158: 152,483,240,440
159: 370,469,279,426
160: 404,372,252,340
161: 314,389,132,378,333,223
162: 178,411,450,269,260
163: 267,427,135,219,338,79,94,4
164: 27,59,1217,1212,1216,1226,85,47,1218,45,16,88,89,73,54,58,18,1215,1214,60,24,84,129,311,355,225,50
165: 363,205,410,303,197,171
166: 189,443,294,119,142,113,263,420,105,454,276,101,306
167: 490,348,474,329
168: 3,262,191,465,26,64,1204,82,427,135,61,6,83,74,219,338,103,1224,86
169: 459,210,224
170: 200,442,136,494,277,139,188,445,186,149
171: 165,363,410,303,197,429,203,423,278
172: 149,464,312,196,435,347,235,342,328,332
173: 216,183,463,484,145,308,93,12,98,301,33,46,9,67,65
174: 270,435,235,406,273,481
175: 236,305,285,131,122,324,375
176: 146,490
177: 291,377,409,483
178: 411,450,467,356,162
179: 185,317,80,116,384,296,234,77,44,465,26,64,1204,82,56
180: 424,226,371,348
181: 196,254,312,118,328,332,475
182: 13,52,43,53,284,130,379,20,245,339,19,0,134,251,69,126,255,71
183: 216,173,463,484,145,308,93,12,98,301,33,46,9,67,65
184: 123,230,247,246,439,461
185: 179,317,80,116,384,296,234,77,44,465,26,64,1204,82,56
186: 149,464,200,170,442,277,139,323,462,445
187: 100,112,213,421,459
188: 200,170,462,445
189: 443,166,294,119,113,263,105,454,276
190: 396,353,438,356,120,411,450,269
191: 262,369,296,234,77,465,267,427,135,168,3
192: 389,297,221,132,367,314
193: 
194: 422,331,218,357,198
195: 437,266,117,241,412,292,214
196: 181,254,312,118,172,328,332
197: 205,165,363,410,171,336,203,423
198: 422,331,218,194,357,256
199: 29,1,1210,1211,1228,1209,1227,30,5,35,1229,1208,480,1202,48,1203,204,449,447,232
200: 170,442,136,139,188,462,445,186
201: 385,364,360,121,275,243
202: 227,334,287,279,426
203: 423,197,171,336,278
204: 1227,30,5,35,1229,1208,480,1202,29,199,232
205: 472,165,363,197
206: 402,273,417,304,283,330,345
207: 238,496,400,489,280,360,121,458,261
208: 415,128
209: 
210: 133,100,421,459,109,211,169
211: 109,210,133,252,495,137
212: 240,486,125,482
213: 309,187,100,421
214: 412,292,300,195
215: 401,253,300
216: 183,173,463,484,145,308,93,12,98,301,33,46,9,67,65
217: 370,373,430,346
218: 422,331,261,275,194,325,357,198
219: 338,267,427,135,168,3,163,103,79,94,4,91,413
220: 15,60,24,84,476,416,70,48,1203,225,50,449,447,81,290,433
221: 297,343,192,389,132,367
222: 405,283,310
223: 161,314,378,333
224: 459,169
225: 50,27,59,164,60,24,84,476,416,70,311,355,220,15,81,290
226: 424,180,371,348
227: 349,108,326,321,287,202
228: 373,430
229: 111,79,94,4,244,386,358,446,264
230: 466,399,247,246,184,123
231: 467,388,356
232: 48,1203,29,199,204,449,447,433
233: 461,148,374,432
234: 296,77,317,369,185,179,262,191,465,26,64,1204,82
235: 342,328,172,307,435,144,332,174,270,406
236: 175,393,305,102,477,302,285,131,324,375
237: 404
238: 496,207,400,489,280,121,458,261,268
239: 455,380,471,453,400
240: 486,158,212,440
241: 117,298,412,292,437,195,266
242: 271,351,249,299
243: 201,385,275
244: 386,358,79,94,4,91,413,111,229,487,446,264,75,11,40,28,96,365
245: 339,52,43,53,284,130,182,134,251,69,126,255,71,250
246: 247,466,101,306,230,281,184,123
247: 246,466,230,281,184,123
248: 157,451,415,335,315,114
249: 351,299,271,242,350,403,425,147
250: 245,339,126,255,71,1207,381,352
251: 134,69,379,20,182,245,339,19,0,126,255,71,14,17,21,62,1207,381
252: 372,160,109,211,495,137
253: 319,444,141,313,497,300,401,215
254: 181,196,118,328,144,332,473,475
255: 126,71,182,245,339,134,251,69,250,62,1207,381,352
256: 357,198,150,418,321
257: 286,437,266,407,383,414,456
258: 147,299,113
259: 495
260: 162,269
261: 268,238,496,207,458,422,331,218
262: 191,369,296,234,77,465,267,427,135,168,3
263: 420,105,119,142,143,189,443,166,294,101,306
264: 111,229,244,386,358,487,446,75,11,40,28,96,365,419,124,97,32,1213
265: 493,468,274
266: 437,195,117,241,257,286
267: 262,191,427,135,163,219,338
268: 261,238,496,458,331
269: 396,190,120,162,260
270: 174,307,435,347,235,342,328,144,406,481
271: 242,351,249
272: 315,114,478
273: 481,174,304,206
274: 483,468,265
275: 121,201,385,422,331,218,243,325,357
276: 454,113,189,443,166,294
277: 139,494,170,442,323,398,445,186,149,464
278: 171,203,423
279: 426,334,202,159,370,469
280: 400,238,496,207,360,121,458
281: 395,247,246,123
282: 310,322,397,138
283: 206,402,222,345
284: 130,34,39,36,52,43,53,182,245,339
285: 131,393,305,236,175,335
286: 257,266,337,407,383,414,456
287: 326,321,227,349,320,202
288: 87,308,301,65,34,39,36
289: 295,394,499,376
290: 81,311,355,225,50,220,15
291: 177,377,409,474,470
292: 412,298,117,241,497,437,195,214
293: 375,122,324,316
294: 189,443,166,113,263,454,276,101
295: 345,341,289
296: 234,77,317,369,185,179,262,191,465,26
297: 221,343,192,389
298: 482,117,241,412,292,497
299: 351,249,242,403,425,258,147
300: 497,253,401,215,214
301: 145,308,216,183,173,87,288,67,65,34,39
302: 477,485,102,236,324
303: 410,165,171,429
304: 273,481,206,402,330
305: 393,102,285,131,236,175
306: 101,143,263,420,105,166,466,246
307: 435,347,235,342,270
308: 145,216,183,173,301,87,288
309: 213,457,421,372
310: 405,390,222,322,282
311: 355,73,54,58,18,1215,1214,27,59,164,60,24,84,129,225,50,441,81,290
312: 398,149,464,172,181,196
313: 141,156,440,468,253,319,444
314: 161,192,389,132,333,223
315: 327,248,272
316: 122,324,293,375
317: 80,116,384,296,234,77,185,179,44
318: 
319: 253,444,141,313,412,497,401
320: 326,287
321: 326,256,108,387,150,418,227,349,287
322: 310,282,397,138
323: 398,494,277,139,186,149
324: 122,477,302,236,175,293,375,316
325: 275,218,357
326: 321,150,418,227,349,320,287
327: 315,428,128,350
328: 235,342,172,181,196,254,435,144,332,270
329: 167,474
330: 304,206,341
331: 422,218,261,268,275,194,357,198
332: 144,172,181,196,254,235,342,328,473,475,406
333: 378,161,314,223
334: 362,202,279,426,469
335: 285,415,157,248,451
336: 197,492,203,423
337: 407,286,340,383,414
338: 219,267,427,135,168,3,163,103,79,94,4,91,413
339: 245,52,43,53,284,130,182,134,251,69,126,255,71,250
340: 160,337,407
341: 330,295
342: 235,328,172,307,435,347,332,270
343: 297,221
344: 438,431
345: 206,402,283,295
346: 217,378
347: 307,435,172,342,270
348: 226,180,371,167,490,491,409,474
349: 227,108,387,326,321,287
350: 327,351,249,147
351: 249,299,271,242,350,147
352: 126,255,71,250,1207,381,480,1202
353: 396,190,153,438,356,411
354: 431,368,438,120
355: 311,73,54,58,18,1215,1214,27,59,164,60,24,84,129,225,50,441,81,290
356: 231,467,190,353,178,411,450
357: 275,422,331,218,194,325,198,256
358: 244,386,79,94,4,91,413,111,229,487,446,264,75,11,40,28,96,365
359: 452
360: 121,280,207,364,458,201,385
361: 419,124,97,32,1213,73,54,58,18,1215,1214,104,129,441
362: 108,387,334
363: 165,205,410,197,171
364: 360,201
365: 75,11,40,28,96,244,386,358,487,55,7,41,264,1217,1212,1216,1226,85,47,1218,419,124,97,32,1213,73,54,58,1215,1214
366: 154,394,499,376,146
367: 132,221,112,192,389
368: 431,354
369: 296,234,77,262,191,465
370: 159,469,279,426,373,217
371: 226,180,348,491,409
372: 309,404,160,133,109,252
373: 426,370,228,217,430
374: 148,233
375: 293,236,175,122,324,316
376: 289,394,499,154,366,146
377: 291,177,491,409,474
378: 333,346,161,223
379: 20,23,42,95,13,52,43,53,57,22,90,182,38,72,1235,76,19,0,134,251,69
380: 455,460,110,155,471,239
381: 1207,134,251,69,126,255,71,250,62,352,1227,30,5,35,1229,1208,480,1202
382: 473,475
383: 414,257,286,337,407,456
384: 80,116,317,463,484,185,179,44,93,12,98
385: 201,360,121,275,243
386: 244,358,79,94,4,91,413,111,229,487,446,264,75,11,28,96,365
387: 108,362,321,349
388: 231
389: 192,297,221,132,367,161,314
390: 405,310
391: 439,460,110
392: 143,420,466
393: 305,102,285,131,236
394: 499,289,154,366,376
395: 281,148
396: 190,353,438,120,411,269
397: 138,322,282
398: 323,277,139,149,312
399: 466,230
400: 471,239,489,107,280,238,496,207
401: 215,253,319,444,497,300
402: 206,481,417,304,283,345
403: 425,249,299,119,142
404: 237,372,160
405: 390,222,310
406: 235,144,332,473,174,270,481,417
407: 337,257,286,340,383,414
408: 
409: 491,371,348,474,291,177,377
410: 303,165,363,197,171,429
411: 178,450,467,356,396,190,353,162
412: 292,298,319,117,241,497,195,214
413: 91,219,338,103,1224,86,4,68,2,1243,37,244,386,358,487,55,7,41
414: 383,257,286,337,407,456
415: 208,335,428,128,248,451
416: 476,70,88,89,106,140,1,1210,1211,1228,1209,60,24,84,48,1203,225,50,220,15,449,447
417: 406,481,304,206,402,283
418: 150,256,326,321
419: 446,264,75,11,40,28,96,365,124,97,32,1213,104,361
420: 263,105,142,143,392,166,101,306
421: 213,309,187,100,210,133
422: 331,218,261,275,194,357,198
423: 203,197,171,336,278
424: 226,180
425: 403,249,299,119
426: 279,334,202,159,370,469,373
427: 135,262,191,465,267,168,3,163,219,338,103
428: 128,415,327
429: 410,303,171,136
430: 228,373,217
431: 354,344,368,438,120
432: 233,155,471,127
433: 220,15,449,447,232
434: 778,1062,807,775,1108
435: 307,347,172,235,342,328,174,270
436: 127,489,107
437: 195,266,117,241,292,257
438: 344,431,354,396,190,353,120
439: 391,184,123,110
440: 158,483,240,486,468,141,313,156
441: 361,129,311,355
442: 200,170,136,494,277,139,445,186
443: 189,166,294,113,263,105,454,276
444: 253,319,141,313,156,497,401
445: 462,200,170,442,277,139,188,186,149
446: 111,229,244,386,358,264,419
447: 449,476,416,70,48,1203,29,199,220,15,232,433
448: 150
449: 447,476,416,70,48,1203,29,199,220,15,232,433
450: 178,411,356,190,162
451: 157,248,415,335,114
452: 359,152
453: 455,239
454: 276,113,189,443,166,294
455: 380,460,155,471,453,239
456: 257,286,383,414
457: 309
458: 280,238,496,207,360,121,261,268
459: 187,100,210,224,169
460: 110,391,455,380,155,471
461: 233,184,123,148
462: 445,200,188,186
463: 484,80,116,384,145,44,93,12,98,216,183,173
464: 186,149,277,312,172
465: 369,296,234,77,185,179,262,191,26,64,1204,82,427,135,168,3,61,6,83,74
466: 392,101,306,399,230,247,246
467: 231,356,178,411
468: 483,440,274,313,156,265
469: 159,370,334,279,426
470: 474,291
471: 155,460,432,455,380,127,239,400,107
472: 205
473: 475,382,254,144,332,406
474: 348,167,491,409,329,291,377,470
475: 473,382,181,254,332
476: 416,70,88,89,106,140,1,1210,1211,1228,1209,60,24,84,48,1203,225,50,220,15,449,447
477: 302,485,102,236,122,324
478: 114,272,151
479: 
480: 1202,62,1207,381,352,1227,30,5,35,1229,1208,29,199,204
481: 273,174,270,406,417,304,402
482: 125,212,298
483: 152,177,158,440,468,274
484: 463,80,116,384,145,44,93,12,98,216,183,173
485: 477,302,102
486: 240,212,440,125
487: 4,91,413,68,2,1243,37,244,386,358,55,7,41,264,75,11,40,28,96,365,1217,1212,1216,1226,85,47,1218
488: 
489: 107,127,436,400,238,496,207
490: 167,176,348
491: 409,371,348,474,377
492: 336
493: 265
494: 136,170,442,277,139,323
495: 137,211,252,259
496: 238,207,400,489,107,280,458,261,268
497: 300,298,253,319,444,412,292,401
498: 
499: 394,289,154,366,376
500: 955,1158,1044,1125,622
501: 
502: 810,515,842,669,506,853,833
503: 851,1191,1069
504: 1188,971,1023,827,1089,703,755,1163
505: 793,973,908,820,1070
506: 669,810,502,840,853,833,510,1030,534,845
507: 525,577,712,1064
508: 1159,551
509: 806,1133,828,964,962,537,1176,1016
510: 738,840,506,591,1030,534
511: 622,535,733,781
512: 863
513: 874,1158,1044,1010,1052
514: 916,1164,831,860,572,668,541,566
515: 810,842,502,626,1094,669,846
516: 777,630,939,540
517: 980,958,768,886,1006,1085
518: 779,1098,599,1009
519: 1032,1011,963,1095,749
520: 686,688
521: 942,1029,687
522: 792,1108,858,888,989,892
523: 571,815,702,867,593,954,695
524: 904,1010,1052,879,1050
525: 577,1132,507
526: 612
527: 905,1113,1075,615,928,976,602
528: 678,1117,614,529,548,545,1101,584
529: 762,614,548,528,678,1117
530: 802,546,606,800
531: 1148,938
532: 989,880,1045,600,1082
533: 951,1121,674
534: 1030,506,853,833,510,738,845,915
535: 1125,573,578,588,734,511
536: 761,561,1077
537: 1176,1016,509,806,828,636,731,962
538: 603,1021,1073
539: 978,737,766,555,1024,832,1054
540: 727,630,939,516,763,583
541: 923,566,514,1011
542: 632,1173,594,563,725,896
543: 995
544: 732,701,843,838,799
545: 1101,584,548,528,678,1117,1177
546: 606,1192,802,585,530,1161,800
547: 1127,653,854,614,768,548
548: 547,614,529,768,528,678,1117,545
549: 1004,814
550: 672,1193,941,872,929,1013,590,1032
551: 508,1159,825,628
552: 1006,1186,921
553: 776,1092
554: 988,1005,891,619,914,722,690
555: 1024,927,1112,539,737,766
556: 679,581,1072
557: 1061,570,831,860,1185
558: 1137,1114,870,1140,698
559: 790
560: 1096,651
561: 576,767,536,761
562: 747,579,650
563: 725,542,594,896,1126
564: 1056,1169
565: 763,583,697,758
566: 923,541,590,1032,572,514,1011,963
567: 1145,1100,649
568: 966,1063
569: 785,865,805
570: 1061,557,831
571: 523,815,867,954,695
572: 929,877,1164,590,1032,514,566
573: 578,597,774,970,1125,588,535,734
574: 655,825,628,675,998
575: 808,971,922,1001,1023,640,652,1188
576: 767,932,561,1077,761
577: 525,1132,1123,676,507
578: 573,597,1125,588,535
579: 747,562
580: 682,898,952,818
581: 663,696,679,1072,556
582: 613,647,1013
583: 763,540,697,758,565
584: 545,1101,528,678,1177
585: 1192,1042,1165,546,606,991,1161
586: 907,1076,821,605,1019,1034
587: 984,1136,966,935
588: 597,774,970,573,578,535,734
589: 850,729,862,1116,746,1035
590: 1032,550,929,877,1164,572,1011,566
591: 1054,510,738,1099,1025
592: 949
593: 523
594: 542,595,563,725
595: 890,594
596: 852,759,965,1115
597: 819,813,774,970,1125,573,578,588
598: 1146,1033
599: 1098,779,518,1053,702,906
600: 792,532,743
601: 794,714,866,823
602: 527,905,1113,1031,928,976,724
603: 538,726,930,1021,1073
604: 1196,1104,873
605: 586,821,1019,1034,757
606: 546,1192,802,585,530,1161,800
607: 1160,969
608: 864
609: 866,925,773
610: 673,897,1179,1168
611: 625,1017
612: 526,1172
613: 582,647,1067
614: 547,529,768,548,528,678,1117
615: 527,905,1113
616: 755,1163,1133,731
617: 1122,1195,814
618: 1002,829,1120
619: 891,914,554,988,722,690
620: 788,925
621: 848,903,940,1162
622: 500,511
623: 1020
624: 1093,672,1193,941,909
625: 1144,611
626: 1094,1038,665,927,1112,669,515
627: 694,948,1000,913,1014,1066
628: 825,1159,551,574
629: 1183,1103
630: 939,1049,777,540,516
631: 848,1128,1198
632: 1173,710,801,542
633: 849,869,666,987,1001
634: 952,818
635: 646,1018
636: 731,828,537,1176,1016,1078
637: 1168,806,964
638: 764
639: 1068
640: 1001,808,971,575,708,742,750,652,1089
641: 876,711,673,897
642: 1041,1015,985
643: 706,978,737,766
644: 949,760
645: 
646: 635,1018
647: 872,672,1193,582,613,1013
648: 795,1028,811
649: 1100,1055,650,1174,567,1145
650: 881,562,1100,1055,649,1174,957
651: 796,560,1096,983
652: 1089,1001,808,971,575,1023,640,1188
653: 829,977,1120,854,1127,547
654: 826
655: 574,675,998
656: 518,1009
657: 953,917,664,1004,721
658: 1179,1168
659: 830
660: 1180,934
661: 980,837
662: 837,824
663: 696,903,679,581,1072
664: 917,657,953
665: 1124,1046,626,1094
666: 816,633,849,922,1001
667: 899,704,834,1088
668: 831,860,916,514
669: 626,1112,810,515,842,502,840,506,853
670: 
671: 1194,1106,798
672: 934,624,1193,872,647,550
673: 897,641,610,1179
674: 1020,533,951
675: 655,574,998,791,789
676: 577,988,891,914
677: 689
678: 528,1117,614,529,548,545,1101,584
679: 663,581,556
680: 728,692,1097
681: 730,911,1196
682: 721,995,985,580
683: 1071,739,699,1109,946,1152
684: 771
685: 735
686: 520,688
687: 521,942,979
688: 520,686,1065
689: 677,1143
690: 554,891,619,914,722,918,719
691: 820,793,709,889
692: 728,1090,902,680
693: 
694: 627,948,913,1014,1066
695: 523,571,954,760
696: 663,1162,967,581,1072
697: 758,1091,763,583,565
698: 870,558,1137,1029
699: 739,741,1110,839,772,1109,683
700: 972,794
701: 843,544
702: 1053,956,599,906,523,815
703: 827,504,1000,1163
704: 834,899,667
705: 1152,754
706: 643,539,978,737,766,832,1054
707: 1049,1026,777
708: 742,1147,750,987,1001,640
709: 820,691,822,889,910
710: 1021,756,1067,801,632,1173
711: 769,987,641,748
712: 507
713: 969
714: 967,1072,601,866,823
715: 800,933
716: 1149
717: 981,945
718: 933
719: 722,690
720: 1066,1148,1129
721: 1004,657,953,682
722: 1005,554,988,619,690,719
723: 1063,781
724: 602,1060
725: 563,542,594,896,1142,1126
726: 538,603
727: 939,540
728: 692,1090,680
729: 589,847,1116,1178,746
730: 911,904,1196,681
731: 636,616,828,537,1176
732: 544,843,838,919,799
733: 781,511,1063
734: 984,573,588,535,1136
735: 1003,685
736: 1079,912
737: 539,978,766,643,555,1024,706,832,1054
738: 510,591,1030,534,1099,1025
739: 699,741,1110,772,1109,683,1071,946
740: 1059
741: 992,1197,1110,839,772,739,699
742: 708,1147,750,987,748,640
743: 600,1157,947
744: 762
745: 887,850,862,819
746: 729,589,862,1116,1178,955,1035,1158
747: 579,1181,562
748: 711,987,742,1147,897
749: 519,963,1095,1027,1080
750: 708,742,1147,640
751: 553,1092
752: 1175
753: 1194,757,783
754: 705,1048
755: 1163,1089,1188,504,1133,616
756: 930,1021,710
757: 821,605,753
758: 697,1091,763,583,565
759: 596,1002
760: 954,695,644
761: 536,576,767,561,1077
762: 744,529
763: 583,540,697,758,565
764: 638,779
765: 996,895,1105,812,774,970,1005
766: 539,978,737,643,555,706
767: 576,825,932,561,761
768: 854,894,1127,547,614,958,548,517
769: 1118,915,817,711
770: 893,1157
771: 902,684
772: 1110,839,1197,1166,741,992,739,699
773: 609
774: 970,813,765,597,573,588
775: 434,1062,807,1108,888
776: 553,887,1047
777: 707,1049,1026,630,939,516
778: 838,434,807
779: 764,518,1098,599
780: 981,975
781: 733,511,723,1063
782: 947
783: 753,1194
784: 944,856,1017
785: 865,1048,569,805
786: 
787: 977,1012
788: 994,620,1146
789: 1135,675,998,791,900,1189
790: 559
791: 675,1135,789
792: 522,888,989,892,600
793: 505,973,820,1070,691
794: 700,601
795: 810,842,846,833,648,845
796: 651,1096,983
797: 798
798: 1106,671,1185,797
799: 919,544,732,838
800: 546,606,530,715,933
801: 710,632,1173,890
802: 546,606,530
803: 943,982
804: 993,1102,1199
805: 785,569
806: 509,1133,637,828,964,962,537
807: 1062,778,434,1138,775,1108,858
808: 971,575,922,1001,1023,640,652,1089,1188
809: 
810: 515,842,502,669,846,506,853,833,795
811: 1028,648
812: 1105,1092,996,895,765
813: 1083,1047,996,819,597,774
814: 1195,549,617
815: 523,571,1053,702,867
816: 666
817: 1150,769,1118,885,876
818: 580,898,952,634
819: 745,1083,813,597
820: 505,793,709,691
821: 986,1076,586,907,605,757
822: 889,910,709,1131
823: 866,714,601,925
824: 662
825: 628,1159,551,574,767
826: 1068,654
827: 1023,504,703
828: 1133,509,806,636,731,962,537,1176,1016,1078
829: 618,977,1012,1120,653
830: 659,1156,986,878
831: 860,570,557,877,1164,916,514,668
832: 1054,706,539,978,737,937,1099
833: 853,810,842,502,506,795,1030,534,845
834: 704,899,667,1190,1088
835: 1033,990,1038,927
836: 1016
837: 661,980,662
838: 544,732,778,919,799,1062
839: 1110,772,1166,741,699
840: 1112,669,506,510,1030
841: 1170
842: 810,515,502,669,846,853,833,795
843: 701,544,732
844: 
845: 506,853,833,795,534,915
846: 810,515,842,795
847: 1116,1178,729
848: 631,621,1128,1198,940,1162
849: 633,869,666,1001
850: 745,589,862
851: 503,1069
852: 1003,596,965
853: 833,669,810,842,502,506,1030,534,845
854: 894,1120,653,1127,547,958,768
855: 1039,991,1114,1151
856: 1134,944,784
857: 1107,1190
858: 1062,807,1138,1108,888,522
859: 1051,1084,867,884,954
860: 831,557,916,514,668
861: 1057,1107
862: 850,745,589,746,955,1035
863: 512,999
864: 608
865: 785,1048,569
866: 823,1072,714,601,925,609
867: 1084,1051,859,523,571,815,954
868: 924
869: 633,849,987
870: 991,1114,558,1137,698
871: 1087,1119,1123
872: 647,672,1193,550,1013
873: 1111,1104,1196,604,1192,1042
874: 513,904,1010,1052,879
875: 
876: 817,885,641
877: 1164,941,909,929,831,590,572
878: 830,1065
879: 1010,1052,874,904,524
880: 1045,989,892,997,532,1082
881: 650,1055,1174,957
882: 1139
883: 1091
884: 949,1051,859
885: 1150,817,876
886: 958,517,980,1006,1036,1085
887: 745,776,1047,1083
888: 775,1108,858,522,792
889: 822,910,709,691,1131
890: 801,1170,595
891: 619,914,676,554,988,690
892: 989,522,792,880,1045
893: 770,1157
894: 854,1120,1127,768
895: 996,1092,1047,1105,812,765
896: 542,1027,563,725,1126
897: 673,641,748,610
898: 580,818
899: 667,704,834,1190,1088
900: 1189,998,932,1135,789
901: 
902: 1090,771,692
903: 621,940,1162,663
904: 911,874,730,1010,1052,879,524
905: 527,1113,1075,615,1031,928,976,602
906: 1098,599,1053,702
907: 586,1076,821
908: 947,973,505
909: 941,624,877
910: 822,889,709,1131
911: 904,730,1010,681
912: 736,924
913: 1000,627,694,948,1014,1066
914: 891,619,676,554,988,690,918
915: 534,845,769,1118
916: 514,1164,831,860,668
917: 664,1004,657,953
918: 914,1064,690
919: 799,732,838,1062,1138
920: 1153
921: 552,1197,1186,992
922: 666,1001,808,971,575,1023
923: 541,566,1011,963
924: 912,1058,868
925: 866,823,620,609
926: 1090
927: 835,1038,626,555,1024,1112
928: 1031,976,1075,527,905,1113,602
929: 941,550,877,1164,590,1032,572
930: 603,1021,756
931: 1167
932: 998,576,767,1135,900,1189
933: 800,715,718
934: 672,1180,660,1193
935: 966,587
936: 
937: 832,1054,1099,1025
938: 956,531
939: 630,1049,727,777,540,516
940: 1162,621,848,1128,1198,903
941: 909,624,1193,550,929,877,1164
942: 521,1029,687
943: 1031,803,982,1182
944: 1144,856,784
945: 717,1167
946: 739,1122,683,1071,1152
947: 743,782,908
948: 627,694,1000,913,1066
949: 884,592,644
950: 1065,1061
951: 533,674
952: 1015,580,818,634
953: 657,917,664,1004,721
954: 859,867,523,571,695,760
955: 1035,862,746,1044,500,1125
956: 938,702
957: 1174,650,881,1055,1172
958: 854,1127,768,517,980,886
959: 1074,1134
960: 1124
961: 1191,1069,1088
962: 509,806,828,964,537,1176,1016
963: 1011,1032,519,923,566,749
964: 637,509,806,962
965: 852,596,1115
966: 935,587,568
967: 1162,696,1072,714
968: 1022,974
969: 1160,607,999,713
970: 774,765,597,1005,573,588
971: 808,575,922,1001,1023,640,652,1089,1188,504
972: 700
973: 908,505,793,1070
974: 968
975: 780,1132
976: 1031,928,1075,527,905,1113,602
977: 1012,829,787,653
978: 539,737,766,643,706,832,1054
979: 687,1187
980: 517,958,661,886,837,1006
981: 780,717
982: 803,943,1182
983: 651,796,1181
984: 734,1136,587
985: 1015,1041,682,642
986: 1156,830,1076,821
987: 869,633,711,748,708,742,1147
988: 554,676,1005,891,619,914,722
989: 892,522,792,880,1045,532
990: 1033,835
991: 1165,585,1161,855,1114,870
992: 741,1197,921,1110,772
993: 804,1102
994: 788,1146
995: 543,682
996: 895,1092,1047,1105,812,1083,813,765
997: 880,1045,1082,1171
998: 655,574,675,932,1135,789,900,1189
999: 863,1160,969
1000: 703,913,627,948
1001: 633,849,666,922,808,971,575,708,640,652
1002: 759,618
1003: 735,852
1004: 549,917,657,953,721
1005: 765,970,554,988,722
1006: 1036,1085,517,980,886,552
1007: 
1008: 
1009: 518,656
1010: 1052,879,874,513,911,904,524
1011: 963,590,1032,519,923,541,566
1012: 977,829,787
1013: 872,647,550,582
1014: 913,627,694,1066
1015: 985,642,952
1016: 537,1176,509,828,636,962,836
1017: 784,611
1018: 635,646
1019: 1034,586,605
1020: 674,623
1021: 538,603,930,1073,756,710,1067
1022: 1048,968
1023: 922,808,971,575,827,652,1089,1188,504
1024: 555,927,1112,539,737
1025: 1099,1054,591,738,937
1026: 707,1049,777
1027: 1095,749,896,1080
1028: 811,648
1029: 698,521,942
1030: 534,840,506,853,833,510,738
1031: 928,976,1075,905,1113,602,943
1032: 590,929,572,519,1011,963,566
1033: 990,598,835
1034: 1019,586,605
1035: 955,589,862,746
1036: 1006,1085,886,1197
1037: 1129,1155
1038: 835,927,626,1094
1039: 855,1199,1151
1040: 1060,1086
1041: 642,985
1042: 1165,873,1111,1192,1102,585
1043: 
1044: 1158,1178,955,500,513
1045: 880,989,892,997,532,1082
1046: 1124,665,1094
1047: 776,887,996,895,1083,813
1048: 754,785,865,1022
1049: 707,1026,777,630,939
1050: 524
1051: 859,1084,867,884
1052: 1010,879,874,513,904,524
1053: 702,1098,599,906,815
1054: 832,539,978,737,591,937,1099,1025
1055: 1100,649,650,881,1174,957,1145
1056: 564,1169
1057: 861,1107
1058: 924
1059: 740
1060: 1040,724
1061: 950,570,557
1062: 807,838,919,434,1138,775,1108,858
1063: 723,733,781,568
1064: 507,918
1065: 950,688,878
1066: 913,627,694,948,1014,720
1067: 1021,1073,710,613
1068: 826,639
1069: 1191,503,851,961
1070: 973,505,793
1071: 683,739,1109,946,1152
1072: 663,696,967,581,714,556,866
1073: 538,603,1021,1067
1074: 1082,959
1075: 1167,527,905,1113,1031,928,976
1076: 986,586,907,821
1077: 576,536,761
1078: 828,636,731,1176
1079: 736
1080: 1095,1027,749
1081: 
1082: 880,1045,997,532,1171,1074
1083: 813,887,1047,996,819
1084: 1051,859,867
1085: 1006,1036,517,886
1086: 1040
1087: 1119,871,1184,1123
1088: 1190,834,961,1191,899,667
1089: 652,808,971,1023,640,1188,504,755,1163
1090: 926,902,728,692
1091: 883,697,758
1092: 553,751,996,895,812
1093: 624
1094: 626,1038,665,1046,515
1095: 1027,519,749,1080
1096: 560,651,796
1097: 680,1195
1098: 599,779,518,1053,906
1099: 1025,832,1054,591,738,937
1100: 1055,649,650,567,1145
1101: 545,584,528,678,1177
1102: 804,1042,1165,1199
1103: 1170,1183,629
1104: 1196,604,873,1111,1192
1105: 812,996,895,765
1106: 671,1185,798
1107: 857,1190,861,1057
1108: 434,1062,807,775,858,888,522
1109: 739,699,683,1071
1110: 839,772,1166,741,992,739,699
1111: 873,1104,1192,1042
1112: 927,626,555,1024,669,840
1113: 527,905,1075,615,1031,928,976,602
1114: 991,855,870,1151,558,1137
1115: 596,965
1116: 847,1178,729,589,746,1158
1117: 528,678,614,529,548,545
1118: 769,915,817
1119: 1087,871,1184,1123
1120: 618,829,653,854,894,1127
1121: 533
1122: 617,1195,946
1123: 1087,1119,871,577
1124: 960,665,1046
1125: 955,597,500,573,578,535
1126: 1142,563,725,896,1130
1127: 547,1120,653,854,894,958,768
1128: 1198,631,848,940
1129: 720,1148,1037
1130: 1142,1126
1131: 822,889,910,1156
1132: 975,525,577
1133: 755,616,509,806,828
1134: 856,959
1135: 789,998,932,791,900,1189
1136: 734,984,587
1137: 558,1114,870,1140,698
1138: 919,1062,807,858
1139: 882
1140: 1151,558,1137
1141: 1153
1142: 1126,725,1130
1143: 689,1156
1144: 944,625
1145: 567,1100,1055,649
1146: 994,788,598
1147: 708,742,750,987,748
1148: 720,531,1129
1149: 716
1150: 817,885
1151: 1039,855,1114,1140
1152: 683,1071,946,705
1153: 1141,920
1154: 
1155: 1037
1156: 1131,1143,830,986
1157: 770,893,743
1158: 1044,1116,1178,746,500,513
1159: 508,551,825,628
1160: 607,999,969
1161: 1165,585,546,606,991
1162: 940,621,848,903,696,967
1163: 755,1089,1188,504,703,616
1164: 877,941,929,831,590,572,916,514
1165: 1042,1102,585,991,1161
1166: 1177,1110,839,772
1167: 945,931,1075
1168: 610,1179,658,637
1169: 564,1056
1170: 841,890,1103
1171: 997,1082
1172: 1174,957,612
1173: 632,710,801,542
1174: 957,650,881,1055,649,1172
1175: 752
1176: 537,1016,509,828,636,731,962,1078
1177: 545,1101,584,1166
1178: 847,1116,729,746,1158,1044
1179: 673,610,1168,658
1180: 660,934
1181: 983,747
1182: 943,982
1183: 1103,629
1184: 1087,1119,871
1185: 557,1106,798
1186: 552,921
1187: 979
1188: 504,808,971,575,1023,652,1089,755,1163
1189: 900,998,932,1135,789
1190: 1088,834,899,857,1107
1191: 1069,503,961,1088
1192: 1104,1196,873,1111,1042,585,546,606
1193: 624,934,672,941,872,647,550
1194: 753,783,671
1195: 1097,617,1122,814
1196: 604,730,1104,681,873,1192
1197: 1036,921,741,992,772
1198: 1128,631,848,940
1199: 804,1102,1039
1202: 480,62,1207,381,352,1227,30,5,35,1229,1208,199,204
1203: 48,106,140,1,1210,1211,1228,1209,1227,30,5,35,1229,1208,476,416,70,29,199,220,15,449,447,232
1204: 26,64,82,234,185,179,44,465,56,168,3,61,6,83,74,8,1244,1225,1248,1223
1205: 10,51,68,2,1243,37,1256,1260,1206,1242,1230,1241,1262,1232,1258,31,99,1234,1236,1231,55,7,41,1239,63,49,1237,1212,1216,1226,85,47,1218,45,16,88,89
1206: 1256,1260,1242,1230,1241,1262,1224,86,1261,1219,1250,1254,1246,1249,1253,1221,1255,1252,1251,1247,92,1240,1222,1220,1259,1263,1257,68,2,1243,37,1232,1258,31,99,1234,1236,1231,55,7,41,1205,10,51,63,49,1237
1207: 381,134,251,69,126,255,71,250,62,352,1227,30,5,35,1229,480,1202
1208: 1227,30,5,35,1229,14,17,21,62,381,1,1210,1211,1228,1209,480,1202,48,1203,29,199,204
1209: 1,1210,1211,1228,25,1233,1238,14,17,21,62,106,140,1227,5,1229,1208,476,416,70,1203,199
1210: 1,1211,1228,1209,25,1233,1238,14,17,21,62,106,140,1227,30,5,35,1229,1208,476,416,70,1203,199
1211: 1,1210,1228,1209,25,1233,1238,14,17,21,62,106,140,1227,30,5,35,1229,1208,476,416,70,48,1203,199
1212: 1217,1216,1226,85,47,1218,487,55,7,1205,10,51,75,11,40,28,96,365,45,16,124,97,32,1213,73,54,58,18,1215,1214,27,59,164
1213: 124,97,32,264,75,11,40,28,96,365,1217,1212,1216,1226,85,47,1218,419,73,54,58,18,1215,1214,104,361,129
1214: 73,54,58,18,1215,40,28,365,1217,1212,1216,1226,85,47,1218,45,16,124,97,32,1213,27,59,164,361,129,311,355
1215: 73,54,58,18,1214,75,11,40,28,96,365,1217,1212,1216,1226,85,47,1218,45,16,124,97,32,1213,27,59,164,361,129,311,355
1216: 1217,1212,1226,85,47,1218,487,55,7,1205,10,51,75,11,40,28,96,365,45,16,124,97,32,1213,73,54,58,18,1215,1214,59,164
1217: 1212,1216,1226,85,47,1218,487,55,7,10,51,75,11,40,28,96,365,45,16,124,97,32,1213,73,54,58,18,1215,1214,59,164
1218: 1217,1212,1216,1226,85,47,487,55,7,41,1205,10,51,75,11,40,28,96,365,45,16,124,97,32,1213,73,54,58,18,1215,1214,59,164
1219: 1261,1250,1254,1246,1249,1253,1221,1255,1252,1251,61,83,74,8,1244,1225,1248,1223,66,78,1224,86,1245,1247,92,1240,1222,1220,1259,1263,1257,68,2,1243,37,1256,1260,1206,1242,1230,1241,1262,1232,1258,31,1231
1220: 1245,1247,92,1240,1222,1259,1263,1257,8,1244,1225,1248,1223,66,78,23,42,95,1261,1219,1250,1254,1246,1249,1253,1221,1255,1252,1251,57,22,1256,1260,1206,1242,1230,1241,1262,1232,1258,31,99,1234,1236,1231,38,72,1235,76
1221: 1261,1219,1250,1254,1246,1249,1253,1255,1252,1251,83,74,8,1244,1225,1248,1223,66,78,1224,86,1245,1247,92,1240,1222,1220,1259,1263,1257,68,2,1243,37,1256,1260,1206,1242,1230,1241,1262,1232,1258,31,99,1234,1236,1231
1222: 1245,1247,92,1240,1220,1259,1263,1257,8,1244,1225,1248,1223,66,78,23,42,95,1261,1219,1250,1254,1246,1249,1253,1221,1255,1252,57,22,90,1256,1260,1206,1230,1262,1232,1258,31,99,1234,1236,1231,38,72,1235,76
1223: 8,1244,1225,1248,26,1204,82,56,33,61,6,83,74,66,78,1224,86,1261,1219,1250,1254,1246,1249,1253,1221,1255,1252,1251,1245,1247,92,1240,1222,1220,1259,1263,1257
1224: 86,168,3,83,74,8,1225,1248,1223,103,1261,1219,1250,1254,1246,1249,1253,1221,1255,1252,1251,91,413,68,2,1243,37,1256,1260,1206,1242,1230,1241,1262
1225: 8,1244,1248,1223,26,1204,82,56,33,61,6,83,74,66,78,1224,86,1261,1219,1250,1254,1246,1249,1253,1221,1255,1252,1251,1245,1247,92,1240,1222,1220,1259,1263,1257
1226: 1217,1212,1216,85,47,1218,487,55,7,1205,10,51,75,11,40,28,96,365,45,16,124,97,32,1213,73,54,58,18,1215,1214,27,59,164
1227: 30,5,35,1229,1208,14,17,21,62,1207,381,1,1210,1211,1228,1209,480,1202,1203,199,204
1228: 1,1210,1211,1209,14,17,21,62,106,140,1227,30,5,35,1229,1208,476,416,70,48,1203,199
1229: 1227,30,5,35,1208,14,17,21,62,1207,381,1,1210,1211,1228,1209,480,1202,48,1203,199,204
1230: 1256,1260,1206,1242,1241,1262,1224,86,1261,1219,1250,1254,1246,1249,1253,1221,1255,1252,1251,1245,1247,92,1240,1222,1220,1259,1263,1257,68,2,1243,37,1232,1258,31,99,1234,1236,1231,55,7,41,1205,10,51,1239,63,49,1237
1231: 1232,1258,31,99,1234,1236,1261,1219,1250,1254,1246,1249,1253,1221,1255,1252,1245,1247,92,1240,1222,1220,1259,1263,1257,57,22,1256,1260,1206,1242,1230,1241,1262,38,72,1235,76,1205,10,51,1239,63,49,1237,25,1233,1238
1232: 1258,31,99,1234,1236,1231,1261,1219,1250,1254,1246,1249,1253,1221,1255,1252,1245,1247,92,1240,1222,1220,1259,1263,1257,57,22,1256,1260,1206,1242,1230,1241,1262,38,72,1235,76,1205,10,51,1239,63,49,1237,1233,1238
1233: 25,1238,1232,1258,31,99,1234,1236,1231,38,72,1235,76,19,0,1239,63,49,1237,14,17,21,88,89,106,140,1,1210,1211,1209
1234: 1232,1258,31,99,1236,1231,1261,1253,1221,1255,1245,1247,92,1240,1222,1220,1259,1263,1257,57,22,1256,1260,1206,1242,1230,1241,1262,38,72,1235,76,1205,10,51,1239,63,49,1237,25,1233,1238
1235: 38,72,76,1245,1247,92,1240,1222,1220,1259,1263,1257,57,22,90,379,20,1232,1258,31,99,1234,1236,1231,19,0,1239,63,49,1237,25,1233,1238,14,17,21
1236: 1232,1258,31,99,1234,1231,1261,1221,1255,1245,1247,92,1240,1222,1220,1259,1263,1257,57,22,1256,1260,1206,1242,1230,1241,1262,38,72,1235,76,1205,10,51,1239,63,49,1237,25,1233,1238
1237: 1239,63,49,1256,1260,1206,1242,1230,1262,1232,1258,31,99,1234,1236,1231,38,72,1235,76,1205,10,51,25,1233,1238,45,16,88,89,106,140
1238: 25,1233,1232,1258,99,1234,1236,1231,38,72,1235,76,19,0,1239,63,49,1237,14,17,21,88,89,106,140,1,1210,1211,1209
1239: 63,49,1237,1230,1232,1258,31,99,1234,1236,1231,38,72,1235,76,1205,10,51,25,1233,1238,45,16,88,89,106,140
1240: 1245,1247,92,1222,1220,1259,1263,1257,8,1244,1225,1248,1223,66,78,23,42,95,1261,1219,1250,1254,1246,1249,1253,1221,1255,1252,1251,57,22,90,1256,1260,1206,1242,1230,1241,1262,1232,1258,31,99,1234,1236,1231,38,72,1235,76
1241: 1256,1260,1206,1242,1230,1262,1224,86,1261,1219,1250,1254,1246,1249,1253,1221,1255,1252,1251,92,1240,1220,1259,1263,1257,68,2,1243,37,1232,1258,31,1234,1236,1231,55,7,41,1205,10,51,63,49
1242: 1256,1260,1206,1230,1241,1262,1224,86,1261,1219,1250,1254,1249,1253,1221,1255,1252,1251,92,1240,1220,1259,1263,1257,68,2,1243,37,1232,1258,31,99,1234,1236,1231,55,7,41,1205,10,51,63,49,1237
1243: 68,2,37,103,1224,86,1261,1219,1250,1254,1246,1249,1253,1221,1255,1252,1251,91,413,1256,1260,1206,1242,1230,1241,1262,487,55,7,41,1205,10,51
1244: 8,1225,1248,1223,26,1204,56,33,9,61,83,74,66,78,86,1261,1219,1250,1254,1246,1249,1253,1221,1255,1252,1251,1245,1247,92,1240,1222,1220,1259,1263,1257
1245: 1247,92,1240,1222,1220,1259,1263,1257,8,1244,1225,1248,1223,66,78,23,42,95,1261,1219,1254,1246,1249,1253,1221,1255,57,22,90,1256,1260,1230,1262,1232,1258,31,99,1234,1236,1231,38,72,1235,76
1246: 1261,1219,1250,1254,1249,1253,1221,1255,1252,1251,83,74,8,1244,1225,1248,1223,66,78,1224,86,1245,1247,92,1240,1222,1220,1259,1263,1257,68,2,1243,37,1256,1260,1206,1230,1241,1262,1232,1258,31,99,1231
1247: 1245,92,1240,1222,1220,1259,1263,1257,8,1244,1225,1248,1223,66,78,23,42,95,1261,1219,1250,1254,1246,1249,1253,1221,1255,1252,1251,57,22,90,1256,1260,1206,1230,1262,1232,1258,31,99,1234,1236,1231,38,72,1235,76
1248: 8,1244,1225,1223,26,1204,82,56,33,9,61,83,74,66,78,1224,86,1261,1219,1250,1254,1246,1249,1253,1221,1255,1252,1251,1245,1247,92,1240,1222,1220,1259,1263,1257
1249: 1261,1219,1250,1254,1246,1253,1221,1255,1252,1251,61,83,74,8,1244,1225,1248,1223,66,78,1224,86,1245,1247,92,1240,1222,1220,1259,1263,1257,68,2,1243,37,1256,1260,1206,1242,1230,1241,1262,1232,1258,31,1231
1250: 1261,1219,1254,1246,1249,1253,1221,1255,1252,1251,61,83,74,8,1244,1225,1248,1223,66,78,1224,86,1247,92,1240,1222,1220,1259,1263,1257,68,2,1243,37,1256,1260,1206,1242,1230,1241,1262,1232,1258,31,1231
1251: 1261,1219,1250,1254,1246,1249,1253,1221,1255,1252,61,6,83,74,8,1244,1225,1248,1223,66,78,1224,86,1247,92,1240,1220,1259,1263,1257,68,2,1243,37,1256,1260,1206,1242,1230,1241,1262,1258,31
1252: 1261,1219,1250,1254,1246,1249,1253,1221,1255,1251,83,74,8,1244,1225,1248,1223,66,78,1224,86,1247,92,1240,1222,1220,1259,1263,1257,68,2,1243,37,1256,1260,1206,1242,1230,1241,1262,1232,1258,31,1231
1253: 1261,1219,1250,1254,1246,1249,1221,1255,1252,1251,83,74,8,1244,1225,1248,1223,66,78,1224,86,1245,1247,92,1240,1222,1220,1259,1263,1257,68,2,1243,37,1256,1260,1206,1242,1230,1241,1262,1232,1258,31,99,1234,1231
1254: 1261,1219,1250,1246,1249,1253,1221,1255,1252,1251,61,83,74,8,1244,1225,1248,1223,66,78,1224,86,1245,1247,92,1240,1222,1220,1259,1263,1257,68,2,1243,37,1256,1260,1206,1242,1230,1241,1262,1232,1258,31,1231
1255: 1261,1219,1250,1254,1246,1249,1253,1221,1252,1251,83,74,8,1244,1225,1248,1223,66,78,1224,86,1245,1247,92,1240,1222,1220,1259,1263,1257,68,2,1243,37,1256,1260,1206,1242,1230,1241,1262,1232,1258,31,99,1234,1236,1231
1256: 1260,1206,1242,1230,1241,1262,1224,86,1261,1219,1250,1254,1246,1249,1253,1221,1255,1252,1251,1245,1247,92,1240,1222,1220,1259,1263,1257,68,2,1243,37,1232,1258,31,99,1234,1236,1231,55,7,1205,10,51,63,49,1237
1257: 1245,1247,92,1240,1222,1220,1259,1263,8,1244,1225,1248,1223,66,78,23,42,95,1261,1219,1250,1254,1246,1249,1253,1221,1255,1252,1251,57,22,1256,1260,1206,1242,1230,1241,1262,1232,1258,31,99,1234,1236,1231,38,72,1235,76
1258: 1232,31,99,1234,1236,1231,1261,1219,1250,1254,1246,1249,1253,1221,1255,1252,1251,1245,1247,92,1240,1222,1220,1259,1263,1257,57,22,1256,1260,1206,1242,1230,1241,1262,38,72,1235,76,1205,10,51,1239,63,49,1237,1233,1238
1259: 1245,1247,92,1240,1222,1220,1263,1257,8,1244,1225,1248,1223,66,78,23,42,95,1261,1219,1250,1254,1246,1249,1253,1221,1255,1252,1251,57,22,1256,1260,1206,1242,1230,1241,1262,1232,1258,31,99,1234,1236,1231,38,72,1235,76
1260: 1256,1206,1242,1230,1241,1262,1224,86,1261,1219,1250,1254,1246,1249,1253,1221,1255,1252,1251,1245,1247,92,1240,1222,1220,1259,1263,1257,68,2,1243,37,1232,1258,31,99,1234,1236,1231,55,7,1205,10,51,63,49,1237
1261: 1219,1250,1254,1246,1249,1253,1221,1255,1252,1251,83,74,8,1244,1225,1248,1223,66,78,1224,86,1245,1247,92,1240,1222,1220,1259,1263,1257,68,2,1243,37,1256,1260,1206,1242,1230,1241,1262,1232,1258,31,99,1234,1236,1231
1262: 1256,1260,1206,1242,1230,1241,1224,86,1261,1219,1250,1254,1246,1249,1253,1221,1255,1252,1251,1245,1247,92,1240,1222,1220,1259,1263,1257,68,2,1243,37,1232,1258,31,99,1234,1236,1231,55,7,1205,10,51,63,49,1237
1263: 1245,1247,92,1240,1222,1220,1259,1257,8,1244,1225,1248,1223,66,78,23,42,95,1261,1219,1250,1254,1246,1249,1253,1221,1255,1252,1251,57,22,1256,1260,1206,1242,1230,1241,1262,1232,1258,31,99,1234,1236,1231,38,72,1235,76