1574: 1599,1597,1587,1598,1443
639: 
1068: 1069,1067,1266,1151,237,1063,1065,1083
1141: 911,1100,410
1543: 1536,1502,1527,1566,1482,1349,1514,1474
566: 405
949: 1053,278,965
1581: 1562,456
1347: 1516,1495,1520,1533,1424,1496,1473,1435,1459,1525,1401,1480,1456,1387
1126: 1011,1020,1162,153,1128,1136,1037
977: 
1519: 1531,1564,1419,1499,1571,487,1450,1388,1476,1430,1557,1554
1373: 1394,1365,1379,1476,1430,1506,1478,1467,1345,1317,1415,1346,1431,1464,1393,1426,1316,323
1572: 1527,1450,1388,1578,1566,1479,1554,1482
1394: 1373,1365,1379,1506,1467,1323,1454,1345,1317,1415,1346,1431,1393,1426,1316,323
15: 746
754: 69
17: 
1509: 1357,1323,1454,1345,1317,1415,1346,1431,1393,1426,1448,1428
583: 
1566: 1572,1527,1482,1536,1502,1543
1376: 1501,1430,1479,1554,1514,1506,1478,1467,1474,1464,1393,1426,1316,323,1425,1461
900: 
1520: 1495,1533,1483,1521,1337,1440,1516,1424,1496,1473,1347,1459,1525,1401
1337: 1521,959,1495,1520,1533,1424,1496,952
1383: 1435,1504,1359,1488
643: 
1393: 1464,1426,1316,323,1394,1373,1506,1478,1467,1501,1376,1345,1317,1415,1346,1431,1425,1461,1509,1357,1448,1395
1593: 1532,1602
29: 
562: 
740: 
1174: 1062
822: 1503,1487,1404,1456,1387,1560,985
947: 
563: 
985: 822,1503,1487,1404,1323,1454,1445,1530
1505: 1492,1530,1544,1417,1485,1339
646: 
1556: 1576,935,986
995: 
1491: 1390,1504
1532: 1593,1602
957: 
1540: 1499,1571,959,487
1367: 1504,1359,1480,1488,1396,1451
961: 
766: 
1485: 1544,1492,1505,1447,1417,1465,1339,1378,1391
968: 
1587: 1597,1599,1574,1601,1590,1598,1443
929: 
939: 963
905: 
1492: 1505,1530,1484,1544,1447,1417,1485,1465,1339
727: 662
572: 
1506: 1478,1467,1365,1476,1430,1557,1479,1554,1394,1373,1501,1376,1346,1431,1464,1393,1426,1316,323,1425
832: 
1533: 1495,1520,1483,1521,1337,1440,1516,1424,1496,1347,1401
792: 1363
61: 1409,1398,1472,1410,1400,1460,1429,1452,1399,1515,1489,1539,1433
839: 320
1550: 1298
1527: 1572,1450,1388,1578,1566,1479,1554,1482,1349,1514,1543
65: 
1582: 1569
922: 
589: 
69: 754
1600: 1589,994,1370,997,935
598: 1290
1202: 492
1128: 153,1136,1037,1114,1126,1011,1020,1162
587: 
607: 
1571: 1540,1499,1268,1326,1583,959,487,1531,1564,1519
569: 590
996: 933
854: 
605: 227
916: 580
1172: 278
1484: 1428,1472,1410,1400,1492,1447,1417,1515,1489
591: 
926: 980,931
1487: 822,1503,1404,1456,1387,1560,1526,985
1513: 1548,456
1429: 1460,1452,1399,1436,1410,1406,1489,1539,1409,61,1398,1433
944: 
582: 
1295: 
948: 
1349: 1482,1514,1527,1536,1502,1543,1474
1064: 1088
588: 
1253: 1278,478
994: 1370,1402,1589,1600,935
1518: 959
1496: 1424,1521,1337,959,1495,1520,1533,952,1537,1347,1459,1525,1401,1558
1266: 1151,311,1005,1068
593: 532
102: 
872: 
908: 
105: 1542,1445,1530,1570,1544,482
955: 
1346: 1345,1317,1415,1431,1394,1373,1506,1478,1467,1323,1454,1464,1393,1426,1316,323,1509,1357,1448
906: 
659: 338
581: 
1539: 1515,1489,1410,1400,1460,1429,1447,1409,61,1398,1465,1444,1470
932: 
575: 
993: 431
1544: 1445,1530,105,1492,1505,482,1485
851: 137
1395: 1436,1464,1393,1426,1316,323,1425,1461,1448,1472,1452,1399
1599: 1574,1597,1587,1598,1443
119: 
1278: 1253,478
1387: 1456,1473,1347,1459,1525,1401,1480,1396,822,1503,1487,1404
1316: 1464,1393,1426,323,1394,1373,1506,1478,1467,1501,1376,1345,1415,1346,1431,1425,1461,1448,1395,1436
123: 
1209: 
1483: 1440,1516,1520,1533
975: 
911: 1141,1100,410
898: 953
597: 1416,574
979: 
988: 515
963: 939
1507: 1458,1397,1477,1341,1348,1402
1465: 1339,1492,1447,1417,1515,1539,1485,1444,1378,1391,1517
951: 
1348: 1402,1507
137: 851
592: 
1063: 237,1065,1083,1069,1067,1068,1066,278
1562: 1581,456
1569: 1582
986: 935,1576,1556
143: 
586: 
903: 
1589: 1600,994,1370,997,935
596: 
1359: 1383,1435,1504,1480,1488,1396,1367
1451: 233,1367,1560,1526,1336,1434,1512,1561,1542
580: 916
894: 
978: 594
153: 1128,1136,1037,1114,1126,1011,1020,1162
980: 931,926
1151: 1266,311,1005,1068
568: 512
157: 1588
965: 949
1413: 1453
902: 1601,1590,1547,1580,1579
1517: 1465,1339,1444,1470,1391
1503: 822,1487,1404,1480,1488,1396,1456,1387,1560,985
1430: 1476,1557,1531,1564,1419,1519,1450,1365,1379,1479,1554,1373,1506,1478,1467,1376
1114: 275,153,1128,1136,1037
594: 978
166: 1015
820: 
168: 238,682
700: 1009,1468
1528: 1592,1475,1575
171: 
746: 15
1547: 1580,902,1579,1548
574: 597,1416,453
940: 455
1065: 237,1063,1083,1069,1067,1068,1066,278
1382: 1343,1298
923: 
1062: 1174
1053: 949,278
901: 526
1343: 1382
183: 
992: 
1290: 598
1336: 233,1451,1434,1512,347
967: 
573: 919,604
1406: 1436,1429,1452,1399,1433
976: 844
919: 573
1415: 1345,1317,1346,1431,1394,1373,1467,1323,1454,1393,1426,1316,323,1509,1357
1208: 1306,1129
590: 569
1464: 1393,1426,1316,323,1373,1506,1478,1467,1501,1376,1346,1431,1425,1461,1448,1395,1436
1514: 1482,1349,1578,1527,1479,1554,1543,1501,1376,1474
962: 
927: 
1578: 1450,1388,487,1531,1564,1419,1572,1527,1557,1479,1554,1482,1514
584: 
934: 
1531: 1564,1419,1519,1571,487,1450,1388,1578,1476,1430,1557,1479,1554
953: 898
1197: 492
973: 
206: 
982: 
1357: 1509,1323,1454,1345,1317,1415,1346,1431,1393,1426,1448,1428
924: 
1453: 1413
1424: 1496,1521,1337,959,1495,1520,1533,952,1537,1347,1459,1525,1401,1558
990: 
578: 
1341: 1458,1397,1477,1507
1149: 1184
1388: 1450,1578,487,1531,1564,1419,1519,1572,1527,1557,1479,1554,1482
1502: 1536,1543,1566,1482,1349
914: 
1298: 1382,1550
1011: 1126,1020,1162,153,1128,1136,1037
866: 294,312
925: 
1521: 1337,959,1495,1520,1533,1424,1496,952
1100: 410,1141,911
1489: 1515,1539,1484,1428,1472,1410,1400,1460,1429,1452,1399,1447,1409,61,1398,1444
941: 
227: 605
912: 
950: 
943: 
1591: 
232: 
233: 1451,1560,1526,1336,1434,1512,1561,1542
1551: 1414,1470,307,1573
1480: 1488,1396,1473,1435,1347,1359,1456,1387,1367,1503,1404
579: 
237: 1063,1065,1083,1069,1067,1068,1066,278
238: 168,682
920: 
1379: 1365,952,1537,1558,1476,1430,1394,1373,1467
599: 439
604: 554,573
243: 
1370: 994,1589,1600,935
971: 470
972: 
1557: 1476,1430,1531,1564,1419,1519,1450,1388,1578,1365,1479,1554,1506,1478,1467
1583: 1443,1268,1326,1546,1499,1571,487
877: 
1129: 1306,1208
1576: 1556,935,986
1345: 1317,1415,1346,1431,1394,1373,1467,1323,1454,1393,1426,1316,323,1509,1357
1526: 1560,1487,233,1451,1434,1512,1561,1542,1445
1512: 1434,233,1451,1560,1526,1336,1561,1542,1570
255: 326
942: 
571: 
844: 976
1501: 1376,1479,1554,1514,1506,1478,1467,1474,1464,1393,1426,1316,323,1425,1461
1563: 
928: 
1499: 1540,1571,1268,1326,1583,959,487,1564,1519
567: 
264: 461
909: 446
1546: 1598,1443,1583,487
267: 
998: 
853: 
585: 958
887: 
1525: 1459,1401,1495,1520,1424,1496,952,1537,1347,1558,1456,1387
915: 
1009: 700,1468,454
275: 1342,1066,278,1114
959: 1518,1268,1326,1521,1337,1540,1499,1571,1424,1496,952,1537
913: 
278: 237,1063,1065,1083,1066,275,1053,949,1172
892: 
1088: 1064
281: 
958: 585
1597: 1587,1599,1574,1601,1590,1598,1443
623: 
1365: 1379,952,1537,1558,1476,1430,1557,1394,1373,1506,1467
1530: 985,1445,105,1544,1492,1505
682: 238,168
720: 
960: 
984: 
952: 1537,1521,1337,959,1424,1496,1459,1525,1401,1558,1365,1379
595: 
1561: 1542,233,1451,1560,1526,1434,1512,1445
294: 866
672: 
999: 516
1162: 1126,1011,1020,153,1128,1136,1037
298: 
1363: 792
300: 
956: 
1414: 1551,1470,307,1573
933: 545,996
904: 411
1015: 166
1066: 1069,1067,237,1063,1065,1083,275,278
307: 1433,1551,1414,1573,840
991: 409
1268: 1326,552,1583,959,1499,1571,487
1454: 1323,1394,1345,1317,1415,1346,1431,985,1509,1357
311: 1005,1266,1151
312: 382,866
313: 
1536: 1502,1543,1566,1482,1349,1474
1280: 1405,1306,1390
712: 358
989: 
1069: 1067,1068,237,1063,1065,1083,1066
1601: 1590,1597,1587,902,1598,1443,1579
320: 839
576: 
945: 
323: 1464,1393,1426,1316,1394,1373,1506,1478,1467,1501,1376,1345,1317,1415,1346,1431,1425,1461,1448,1395
981: 
946: 
326: 255
327: 
1161: 492
570: 
1037: 153,1128,1136,1114,1126,1011,1020,1162
1592: 1528,1475,1575
918: 
1184: 1149
1425: 1461,1506,1478,1467,1501,1376,1474,1464,1393,1426,1316,323,1448,1395,1436
1323: 1454,1394,1345,1317,1415,1346,1431,985,1509,1357
1020: 1126,1011,1162,153,1128,1136,1037
1243: 492
338: 659
1378: 1485,1465,1339,1391
840: 307,1573
938: 
966: 
1306: 1208,1129,1405,1280
937: 
634: 627
921: 
347: 1336
1326: 1268,552,1583,959,1499,1571,487
349: 
997: 1589,1600,935
1482: 1349,1514,1388,1578,1572,1527,1566,1479,1536,1502,1543,1474
917: 
836: 
1339: 1465,1492,1505,1447,1417,1515,1485,1444,1378,1391,1517
1342: 275
1067: 1069,1068,237,1063,1065,1083,1066
970: 
358: 712
1488: 1480,1396,1383,1473,1435,1359,1456,1367,1503,1404
1452: 1460,1429,1399,1448,1395,1436,1428,1472,1410,1400,1406,1489,1409,61,1398
627: 634
1431: 1345,1317,1415,1346,1394,1373,1506,1478,1467,1323,1454,1464,1393,1426,1316,323,1509,1357
931: 980,926
565: 
1504: 1405,1383,1390,1359,1491,1367
1005: 311,1266,1151
1405: 1280,1306,1390,1504
1573: 307,1551,1414,840
964: 
815: 
1317: 1345,1415,1346,1431,1394,1373,1467,1323,1454,1393,1426,323,1509,1357
954: 
662: 727
1590: 1601,1597,1587,902,1598,1443,1579
710: 
1558: 1424,1496,952,1537,1459,1525,1401,1365,1379
1548: 1547,1580,1513,456
564: 
817: 
1586: 1585,1565,482
969: 
382: 312
1136: 153,1128,1037,1114,1126,1011,1020,1162
1554: 1479,1531,1564,1419,1519,1450,1388,1578,1572,1527,1476,1430,1557,1514,1506,1478,1467,1501,1376,1474
987: 
935: 994,1370,1589,1600,997,986,1576,1556
1542: 1561,233,1451,1560,1526,1434,1512,1570,105
1083: 237,1063,1065,1069,1067,1068,1066,278
974: 
907: 
391: 
930: 
577: 
983: 
865: 
396: 
1564: 1531,1419,1519,1499,1571,487,1450,1388,1578,1476,1430,1557,1479,1554
910: 
936: 
400: 
401: 
402: 
403: 
404: 
405: 566
406: 
407: 
408: 
409: 991
410: 1100,1141,911
411: 904
412: 
413: 
414: 498
415: 
416: 
417: 
418: 
419: 
420: 522
421: 
422: 
423: 
424: 
425: 
426: 
427: 
428: 
429: 
430: 
431: 993
432: 
433: 
434: 
435: 
436: 
437: 
438: 
439: 599
440: 
441: 
442: 
443: 
444: 
445: 
446: 909
447: 
448: 480
449: 
450: 
451: 
452: 
453: 574
454: 1009,1468
455: 490,940
456: 1548,1513,1562,1581
457: 
458: 
459: 535
460: 
461: 264
462: 
463: 
464: 
465: 
466: 
467: 
468: 
469: 
470: 971
471: 
472: 
473: 
474: 
475: 
476: 
477: 
478: 1253,1278
479: 
480: 448,552
481: 
482: 1570,105,1544,1586
483: 
484: 
485: 
486: 
487: 1268,1326,1583,1546,1540,1499,1571,1531,1564,1419,1519,1450,1388,1578
488: 
489: 
490: 455
491: 
492: 1197,1202,1243,1161
493: 
494: 553
495: 
496: 
497: 
498: 414
499: 
500: 
501: 
502: 
503: 
504: 
505: 
506: 
507: 
508: 
509: 
510: 
511: 
512: 568
513: 
514: 
515: 988
516: 999
517: 
518: 
519: 
520: 
521: 
522: 420
523: 
524: 
525: 534
526: 901
527: 
528: 
529: 
530: 
531: 
532: 593
533: 
534: 525
535: 459
536: 
537: 
538: 
539: 
540: 
541: 
542: 
543: 
544: 
545: 933
546: 
547: 
548: 
549: 
550: 
551: 
552: 480,1268,1326
553: 494
554: 604
555: 
556: 
557: 
558: 
559: 
560: 
561: 
1575: 1475,1592,1528
1390: 1405,1280,1504,1491
1391: 1485,1465,1339,1444,1378,1517
1396: 1480,1488,1473,1435,1359,1456,1387,1367,1503,1404
1397: 1458,1477,1341,1474,1507
1398: 1409,61,1428,1472,1410,1400,1460,1429,1452,1399,1515,1489,1539,1444,1470
1399: 1460,1429,1452,1448,1395,1436,1428,1472,1410,1400,1406,1489,1409,61,1398
1400: 1428,1472,1410,1448,1484,1460,1452,1399,1447,1417,1515,1489,1539,61,1398
1401: 1459,1525,1495,1520,1533,1424,1496,952,1537,1347,1558,1456,1387
1402: 1348,1507,994
1560: 1526,822,1503,1487,1404,233,1451,1512,1561,1542,1445
1404: 822,1503,1487,1480,1488,1396,1456,1387,1560,985
1585: 1565,1586
1588: 157
1409: 61,1398,1410,1460,1429,1452,1399,1489,1539,1433,1470
1410: 1428,1472,1400,1448,1436,1484,1460,1429,1452,1399,1515,1489,1539,1409,61,1398
1516: 1440,1483,1495,1520,1533,1473,1435,1347
1416: 597,574
1417: 1447,1484,1400,1492,1505,1515,1485,1465,1339,1444
1602: 1532,1593
1419: 1531,1564,1519,487,1450,1388,1578,1476,1430,1557,1479,1554
1515: 1489,1539,1484,1410,1400,1447,1417,61,1398,1465,1339,1444
1426: 1464,1393,1316,323,1394,1373,1506,1478,1467,1501,1376,1345,1317,1415,1346,1431,1425,1461,1509,1357,1448,1395
1537: 952,959,1424,1496,1459,1525,1401,1558,1365,1379
1428: 1472,1410,1400,1509,1357,1448,1484,1460,1452,1399,1489,1398
1565: 1585,1586
1433: 1429,1406,1409,61,307
1434: 1512,233,1451,1526,1336,1561,1542,1570
1435: 1473,1516,1383,1347,1359,1480,1488,1396,1456
1436: 1395,1464,1316,1425,1461,1448,1472,1410,1460,1429,1452,1399,1406
1579: 1601,1590,902,1547,1580
1535: 
1440: 1516,1483,1520,1533,1473
1443: 1598,1599,1574,1597,1587,1601,1590,1583,1546
1444: 1447,1417,1515,1489,1539,1398,1465,1339,1470,1391,1517
1445: 1560,1526,985,1561,1530,1570,105,1544
1447: 1417,1484,1400,1492,1515,1489,1539,1485,1465,1339,1444
1448: 1346,1464,1393,1426,1316,323,1425,1461,1509,1357,1395,1436,1428,1472,1410,1400,1460,1452,1399
1450: 1388,1578,487,1531,1564,1419,1519,1572,1527,1476,1430,1557,1479,1554
1570: 1434,1512,1542,1445,105,482
1456: 1387,1473,1435,1347,1459,1525,1401,1480,1488,1396,822,1503,1487,1404
1598: 1443,1599,1574,1597,1587,1601,1590,1546
1458: 1397,1477,1341,1507
1459: 1525,1401,1495,1520,1424,1496,952,1537,1347,1558,1456,1387
1460: 1429,1452,1399,1448,1436,1428,1472,1410,1400,1489,1539,1409,61,1398
1461: 1425,1501,1376,1464,1393,1426,1316,323,1448,1395,1436
1495: 1520,1533,1521,1337,1516,1424,1496,1473,1347,1459,1525,1401
1479: 1554,1531,1564,1419,1450,1388,1578,1572,1527,1476,1430,1557,1482,1514,1506,1478,1467,1501,1376,1474
1467: 1506,1478,1365,1379,1476,1430,1557,1479,1554,1394,1373,1501,1376,1345,1317,1415,1346,1431,1464,1393,1426,1316,323,1425
1468: 700,1009,454
1470: 1539,1409,1398,1444,1517,1551,1414
1580: 1547,902,1579,1548
1472: 1428,1410,1400,1448,1395,1436,1484,1460,1452,1399,1489,61,1398
1473: 1435,1440,1516,1495,1520,1347,1480,1488,1396,1456,1387
1474: 1479,1554,1482,1349,1514,1536,1543,1501,1376,1425,1397
1475: 1575,1592,1528
1476: 1430,1557,1531,1564,1419,1519,1450,1365,1379,1479,1554,1373,1506,1478,1467
1477: 1458,1397,1341,1507
1478: 1506,1467,1476,1430,1557,1479,1554,1373,1501,1376,1346,1431,1464,1393,1426,1316,323,1425