1574: 1605,2084
543: 
1068: 1632,1656,1630,1655,1659,1653,1654,1657,1658,1640,1638,1627,1619,1624
1141: 1100
1543: 1349,1513,1548,480
566: 
949: 1702
1581: 1514,1474,1458,559,430,1562
1445: 1530,410,445
1701: 2040,2392,2410,2266,1700,1671
977: 995,2602,2579,1991,1886,502,1979,1883
1519: 1564,1430,1531,1499,1479,1554,1450,1476
1373: 1467
1572: 1527,1397,1458,554
1394: 1379,1415,1365,1588,157,1345,1317,1346,1431
535: 1015,166
1939: 2580,940,2290,2096,2223,2072
1459: 1525,1503,1501,1376
1509: 1357,1345,1346,1393,482
583: 2164,2087,2050
1619: 1640,1638,1627,1644,1624,1646,1632,1068,1655,1659,1653,1657,1636,1645,1521,1639,1648,1680,1664
1376: 1501,1525,1459,985
900: 2360,2503
1520: 1495,1478,1506
1337: 1690,596,822,1487
500: 
520: 
1393: 1346,1426,1431,1345,1317,1461,1509,1395
1602: 1532
1623: 1066,1618,1065,1083,1615,1053,1521,1731,492
562: 
509: 2536,2457,490,2561,2450
1174: 1062
822: 1487,1337,1690
947: 
563: 424
985: 1501,1376
1450: 1519,1564,1430,1531,1476
2261: 2272,2091,2276,2201,2234,2159,2283,2110,2323,2342,2094,2338,2282,2339,2337,2089,2345,2181,2149,2258,2204,2170,2281,2280,2139,2279,2237,2132,2045,2140,2236
1556: 1576
995: 977,1991,502,1979,1883
551: 
1532: 1602
957: 
1540: 1499,1571,1554
1687: 454,1668
961: 
495: 
1456: 1387
968: 
1718: 1765,1714,1721,1695
929: 
939: 
905: 522
1461: 1346,1393,1426,1431,1395
552: 577
572: 
1506: 1520,1495,1478
560: 493
504: 
1479: 1554,1499,1571,1519,1564,1430,1531,1588,157,1476
61: 1460
539: 
558: 
1527: 1572,1397,1458,559,554
1495: 1520,1478,1506
2145: 2199,2198,2260,2281,2237,2132,2329,2197,2271,2043,2236,2254,2098,2042,2097,2161
922: 
589: 2442,918,2407,2551,2565
1874: 2540,1872,2509,2571,1770,2486,2504,2489,1830,1882,1884,2554,2510
1600: 1789,1732,549
598: 507,1870,1841,1863,1807
1202: 1682
1781: 1752,534,1876,1803,1855,1984,1978,1818,1778
587: 
515: 
1571: 1540,1499,1479,1554,1564,1430
569: 1963,444,1942,1941,1921,1974
996: 1847,1778,525
1823: 1940,1920,1848
1690: 1337,596,822,1487
916: 434,2117
1172: 1136,1326,1268,1635,1617
1605: 1574,2084
591: 
926: 2148,2224,2498,2499
1487: 822,1337,1690
1513: 1548,1349,1543
532: 
944: 
582: 2521,2370
1295: 
948: 
1349: 1543,1513,1548,480
1064: 1088,415,557
588: 2447,2444,2555,2483,2446,2448,2209,2556,2481,2482,455,2443,2168
1253: 700,1009,1278
994: 448
1518: 1557,1419
1496: 1660,1685,1424,1672
1869: 
593: 
1426: 1346,1393,1431,1415,1345,1317,1461,1395
544: 
908: 
1606: 1853,2510,1769,2494,1871,1810,1771,2583,1736,1751
955: 
1346: 1393,1426,1431,1379,1394,1415,1365,1345,1317,1461,1509,1395
906: 
1635: 153,1617,1172,1136,1326,1268
581: 
498: 436
932: 
575: 1917,1844,1877,1769,1779,1767
993: 
1646: 1640,1638,1627,1619,1644,1624,1655,1636,1645,1521,1639,1648,1680,1664
531: 
1395: 1346,1393,1426,1431,1461
2602: 2579,2021,2594,2255,2563,977
513: 
1278: 700,1009,1253
1387: 1456
2541: 1951,2559,2516,1933,2560,2539,2486,2504
1671: 2465,1700,2476,853,1677,2364,2488,2464,2512,2427,1701,2040,2392,2410,2266,2409,2263,915,2394,2262
1458: 559,1397,1527,1572,1474,554,1581,1514
506: 
975: 
911: 1585,1565,2336,2070
555: 
597: 
979: 971
988: 
963: 
1684: 1663,1685
538: 
951: 
1348: 1402
536: 
592: 
1063: 1618,1065,1609,1083,1615,1612,1067,1069,1620
1562: 430,1581,1514
2578: 2528,1926,2608,502,1899,2582,2535,1913,1867
986: 
559: 1458,1397,1527,1474,1581,1514
586: 965
903: 
1589: 1732,549
596: 1337,1690
1670: 1743,1694,1714
557: 1088,1064,415
580: 568
537: 414,982
978: 
153: 1635,1617,1136,1326,1268
980: 
1974: 1921,2003,1987,569
568: 2030,2074,2098,2042,2141,580
157: 1588,1479,1554,1430,1476,1379,1394,1415,1365
965: 586
2581: 1773,2350,2596,2545,2584,2449,2595
902: 
556: 
1503: 1404,1525,1459
1430: 1519,1564,1531,1571,1479,1554,1450,1588,157,1476
541: 435
594: 
166: 1015,535,508,943
1708: 1746
507: 598,1760,1807
700: 1009,1253,1278
1528: 1592
519: 
550: 
1547: 1580
574: 
940: 571,2290,2096,2580,1939
1065: 1618,1063,1609,1083,1615,1612,1067,1069,1620,1066,1623
1837: 1783,1719,1763
923: 
1062: 1174
1053: 1066,1623,1326,1268
901: 
501: 
1588: 157,1479,1554,1564,1430,1476,1379,1394,1415,1365
992: 
1290: 
534: 1876,1803,2004,2057,1752,1781
967: 
573: 
547: 
976: 
919: 
1415: 1379,1394,1365,1588,157,1345,1317,1346,1426,1431
1565: 1585,962,911
590: 2018,2036,1995,946,2061,1987
1625: 237,2614,2612,945,2611,2609,2564,2613,2610
1514: 1581,1474,1458,559,430,1562
962: 1585,1565
927: 2501,2508,1938,1914,1907,1838,1915,2496,2537,2593,2572
1578: 1388
584: 503
934: 
1531: 1519,1564,1430,1479,1450,1476
953: 
1197: 
973: 1590,1601
517: 
982: 414,537
1357: 1509,1345,482
924: 599
1891: 1793,514,1804
1424: 1672,1685,1496,1660,1679,1696
990: 
578: 
1341: 1477,918,2407,2551,2565
1149: 1184,1811
1388: 1578
1502: 1536
914: 
1419: 1557,1518
1693: 1707,1725,1754,1723,1698
1607: 232
925: 
1521: 1636,1645,1066,1623,1627,1619,1644,1646,1731,1664,1686
1100: 1141
2107: 2150,2185,2238,2251,2131,2225,2289,2250,2219,2288,2252,2312,2216,2300,2253,2244,2351,2247,2138,2249,2256,2162,2129,2248,2259,2234,2159,2283,2110,2323,2163,2062,2175,2064,2182,1994,2188,2186,2183,2187,2184,2181,2149,2258,2170
941: 
1659: 1630,1655,1653,1654,1657,1658,1632,1068,1656,1640,1638,1627,1619,1624,1639
912: 
950: 
943: 508,1015,166
1443: 1598
232: 1607
2540: 1874,1872,2509,2571,1770,2486,2504,2489,1830,1882,1884,2554,2510
1551: 1414,445
1404: 1503
579: 
237: 1625,2614,2612,945,2611,2609,2564,2613,2610
508: 943,1015,166
920: 
1379: 1394,1415,1365,1588,157,1476,1345,1317,1346,1431
599: 924
1580: 1547
514: 2593,2572,1804,2607,1891,1793
1476: 1479,1554,1519,1564,1430,1531,1450,1588,157,1379,1365
971: 979
972: 
1557: 1419,1518
1583: 1603,909
1585: 1565,962,911
1402: 1348
1576: 1556
1345: 1317,1379,1394,1415,1365,1346,1393,1426,1431,1509,1357
1526: 1561
2281: 2280,2139,2279,2237,2132,2094,2338,2339,2089,2345,2404,2002,2193,2191,2066,2272,2091,2276,2261,2201,2329,2197,2196,2140,2236,2145,2199,2260
512: 
942: 
571: 940,2290,2096
1478: 1520,1495,1506
1501: 1376,1525,1459,985
1563: 
928: 
1499: 1540,1571,1479,1554,1519,1564
567: 
528: 
909: 1583,1603
1467: 1373
524: 2020,1999,2027,1998
998: 
853: 1677,2364,2377,2476,2475,2523,2488,2464,2433,2512,2427,2465,1700,1671,2040,2392
585: 576
523: 
1525: 1459,1503,1501,1376
915: 2333,2409,2263,2267,2433,2512,2152,2427,2465,1700,1671,2040,2392,2410,2266,2419,2416,2310,2378,2265,2365,2394,2262,2309,2308,2016,2322,2331,2330,2214,2218,2374,2311,2024
1009: 700,1253,1278
533: 
959: 
913: 
530: 
496: 
1088: 1064,415,557
522: 905
958: 
553: 
1474: 1397,1458,559,430,1581,1514
1365: 1379,1394,1415,1588,157,1476,1345,1317,1346,1431
1530: 1445,410,445
510: 
542: 
960: 
984: 1745,1722,1719,1763
952: 
595: 
1561: 1526
505: 
521: 1592
999: 
2589: 2587,2469,2557,2591,2588,2514,2601,2490,2574,2617
518: 
1680: 1639,1648,1640,1638,1619,1644,1624,1646,1636,1645,1720,1703,1664,1754
502: 977,995,1979,1883,1926,2578,2535,1913,1867
956: 
1414: 1551,445
933: 1988,1791,1728,1792
904: 516
1015: 166,535,508,943
1066: 1623,1618,1065,1083,1615,1053,1521,1731,492
549: 1732,1589,1789,1600
991: 1855,409,1847,525
1268: 1172,1136,1326,1053,492,153,1635,1617,1676,1650
1454: 2575,1323,2590
311: 1005,1875,1750
554: 1397,1527,1572,1458
497: 
1536: 1502
548: 
526: 
989: 
1069: 1620,1612,1067,1063,1065,1609,1083,1615
1601: 1590,973
545: 1772,1802,1729,1846,478
576: 585
945: 2614,2612,2611,2609,2564,2606,1946,2613,2610,1625,237
2527: 2428,2529,2192,540,2151,2542,2125
981: 
946: 2036,1995,2061,2003,1987,2018,590
516: 904,917
1637: 
1161: 1682
570: 
1985: 2116,1950,2053,1973
1592: 1528,521
918: 589,2407,2551,2350,1477,1341
1184: 1149,1811
1714: 1743,1670,1694,1718,1765,1721
1323: 2575,2590,2585,2398,2573,2604,1454
1686: 1636,1645,1521,1731,492,1664,1676,1650
1243: 1682
499: 
1460: 61
1732: 549,1589,1789,1600
938: 
966: 2223,2072,2021,2594,2255,2189
1700: 2465,1671,2476,853,1677,2364,2488,2464,2512,2427,1701,2040,2392,2410,2266,2409,2263,915,2394,2262
937: 
1477: 1341,918,2407,2551,2565
921: 
1698: 1723,1754,1707,1693,1725,1692
1326: 1172,1136,1268,1053,492,153,1635,1617,1676,1650
540: 2151,2192,2428,2527,2529,2542,2125
997: 
503: 584
917: 516
1766: 1740,1836,1798
1537: 1558
546: 
1067: 1612,1069,1620,1618,1063,1065,1609,1083,1615
970: 
1603: 1583,909
2233: 2348,2443,2445,2168,2399,2479,2383,2166,2385,2302,2418,2208,2359,1997,2384
1668: 1687,454
1719: 1763,984,1783,1837
1431: 1346,1393,1426,1379,1394,1415,1365,1345,1317,1461,1395
931: 
565: 
529: 
1005: 311,1875,1750
561: 
1624: 1640,1638,1627,1619,1644,1646,1632,1068,1630,1655,1659,1653,1654,1657,1658,1636,1645,1720,1703,1639,1648,1680
964: 
2033: 1890,2059,1948,1864,1986,1922,1919,1910,2004,2057
1317: 1345,1379,1394,1415,1365,1346,1393,1426,1431
954: 
1575: 1642,1641,1643
1590: 1601,973
2104: 2164,1976,2031,2103,2228,2038,2227,2087,2050,2229
1558: 1537
1548: 1513,1349,1543
564: 
511: 
1788: 1970,1760,1797,1772,1802,1729,1846
969: 
527: 459
1136: 1172,1326,1268,153,1635,1617
1554: 1479,1540,1499,1571,1519,1564,1430,1588,157,1476
987: 
935: 405
1397: 1527,1572,1474,1458,559,554
1083: 1618,1063,1065,1609,1615,1612,1067,1069,1620,1066,1623
974: 1888,1737,1953,1825
907: 
1598: 1443
930: 
577: 552
983: 
525: 1855,1984,991,1847,1778,996
1984: 1855,1752,1781,1978,1818,1847,1778,525
1564: 1519,1430,1531,1499,1571,1479,1554,1450,1588,1476
910: 
936: 
400: 
401: 
402: 
403: 
404: 
405: 935
406: 
407: 
408: 
409: 991
410: 1530,1445
411: 
412: 
413: 
414: 429,982,537
415: 1088,1064,557
416: 
417: 
418: 
419: 
420: 
421: 
422: 
423: 
424: 563
425: 
426: 
427: 
428: 
429: 414
430: 1474,1581,1514,1562
431: 
432: 
433: 
434: 916
435: 541
436: 498
437: 
438: 
439: 
440: 
441: 
442: 1729,1846,478,1928,1785
443: 
444: 1963,1942,1965,1941,569
445: 1530,1445,1551,1414
446: 
447: 
448: 994
449: 
450: 
451: 
452: 
453: 
454: 1687,1668
455: 2446,2448,2209,588,2447
456: 
457: 
458: 
459: 527
460: 
461: 
462: 
463: 
464: 
465: 
466: 
467: 
468: 
469: 
470: 
471: 
472: 
473: 
474: 
475: 
476: 
477: 
478: 545,1729,1846,442
479: 
480: 1349,1543
481: 
482: 1509,1357
483: 
484: 
485: 
486: 
487: 
488: 
489: 
490: 2561,2536,2457,509,2450,2544,2451,2534,2568
491: 
492: 1066,1623,1326,1268,1686,1676,1650
493: 560
494: 
1609: 1618,1063,1065,1083,1615,1612,1067,1069,1620
1699: 
1676: 1650,492,1326,1268,1686
1612: 1067,1069,1620,1618,1063,1065,1609,1083,1615
1721: 1695,1714,1718,1765
1672: 1424,1685,1496,1660,1679,1696
1615: 1618,1063,1065,1609,1083,1612,1067,1069,1620,1066,1623
1729: 1846,1772,1802,545,1788,1970,478,442
1617: 153,1635,1172,1136,1326,1268
1618: 1063,1065,1609,1083,1615,1612,1067,1620,1066,1623
1620: 1069,1612,1067,1618,1063,1065,1609,1083,1615
1627: 1640,1638,1619,1644,1624,1646,1632,1068,1655,1659,1653,1657,1636,1645,1521,1639,1648,1664
1636: 1645,1521,1640,1638,1627,1619,1644,1624,1646,1731,1639,1648,1680,1664,1686
1629: 1633,1820,1858
1630: 1655,1659,1653,1654,1657,1658,1632,1068,1656,1640,1638,1624,1720,1703,1639
1631: 1634
1632: 1068,1656,1630,1655,1659,1653,1654,1657,1658,1640,1638,1627,1619,1624
1633: 1629,1820,1858
1634: 1631
1638: 1640,1627,1619,1644,1624,1646,1632,1068,1630,1655,1659,1653,1654,1657,1658,1636,1645,1720,1703,1639,1648,1680
1639: 1648,1680,1630,1655,1659,1653,1654,1657,1658,1640,1638,1627,1619,1644,1624,1646,1636,1645,1720,1703
1640: 1638,1627,1619,1644,1624,1646,1632,1068,1630,1655,1659,1653,1654,1657,1658,1636,1645,1639,1648,1680
1641: 1643,1575,1642
1642: 1575,1641,1643
1643: 1641,1575,1642
1644: 1640,1638,1627,1619,1624,1646,1655,1636,1645,1521,1639,1648,1680,1664
1645: 1636,1521,1640,1638,1627,1619,1644,1624,1646,1731,1639,1648,1680,1664,1686
1685: 1663,1684,1496,1660,1424,1672
1648: 1639,1680,1640,1638,1627,1619,1644,1624,1646,1636,1645,1720,1703,1664
1696: 1679,1424,1672
1650: 1676,492,1326,1268,1686
1651: 1662
1677: 853,2364,2377,2476,2475,2523,2488,2464,2512,2427,2465,1700,1671,2040,2392
1653: 1630,1655,1659,1654,1657,1658,1632,1068,1656,1640,1638,1627,1619,1624,1703,1639
1654: 1630,1655,1659,1653,1657,1658,1632,1068,1656,1640,1638,1624,1720,1703,1639
1655: 1630,1659,1653,1654,1657,1658,1632,1068,1656,1640,1638,1627,1619,1644,1624,1646,1720,1703,1639
1656: 1632,1068,1630,1655,1659,1653,1654,1657,1658,1720,1703
1657: 1630,1655,1659,1653,1654,1658,1632,1068,1656,1640,1638,1627,1619,1624,1639
1658: 1630,1655,1659,1653,1654,1657,1632,1068,1656,1640,1638,1624,1639
1660: 1496,1685,1424,1672
1720: 1703,1656,1630,1655,1654,1638,1624,1639,1648,1680,1754
1662: 1651
1663: 1684,1685
1664: 1627,1619,1644,1646,1636,1645,1521,1731,1648,1680,1686
1665: 1702
1679: 1696,1424,1672
1682: 1202,1243,1161
1689: 1817,2566,2468,2586,2123
1688: 
1797: 1760,1728,1792,1788,1970
1692: 1723,1698,1713
1694: 1743,1670,1714
1695: 1721,1718,1765
1697: 1787,2257
1702: 949,1665
1703: 1720,1656,1630,1655,1653,1654,1638,1624,1639,1648,1680,1754
1982: 2135,2077,2147,2167,2202,2142,2278,2143,2122,2169,2177,2205,2120,2093,2144,2160,2130,2137,2114,2113,2134
1767: 1779,575,1844,1877,1769,1810,1771
2612: 2614,945,2611,2609,2564,2606,1946,2567,2576,2616,2603,2599,2613,2610,1625,237
1707: 1693,1725,1754,1723,1698
1731: 1066,1623,1636,1645,1521,1664,1686
1730: 1834,1870,1841
1926: 2528,2578,2608,502,1899,2582,2535,1913,1867,2600,2598
1713: 1692
1717: 1796,1756,1819
1722: 1745,984
1723: 1698,1754,1707,1693,1725,1692
1725: 1707,1693,1754,1723,1698
1841: 1870,598,1730,1834,1863,1807
1728: 1792,933,1760,1797,1772
1807: 1863,507,598,1870,1841
1772: 1802,1728,1792,545,1788,1970,1729,1846
1736: 1751,1606,1853,1810,1771,1776,1960
1737: 1888,1953,1825,974
1830: 2489,1882,1884,2554,2540,1874,1770,2486,2504,2510,1907,1838,2494,1871
1765: 1718,1714,1721,1695
1740: 1978,1766,1836,1798
1743: 1670,1694,1714
1778: 1847,1752,1781,1855,1984,1978,1818,525,996
1745: 1722,984
1746: 1708
1796: 2593,2572,1804,2607,1717
1858: 1820,1633,1629
2312: 2219,2288,2252,2309,2016,2154,2331,2330,2214,2218,2215,2311,2024,2238,2251,2131,2225,2289,2250,2216,2300,2253,2244,2351,2247,2138,2249,2256,2129,2248,2259,2107,2150,2185,2234,2159,2283,2110,2323
1750: 1875,311,1005
1751: 1736,1606,1853,1810,1771,1776
1752: 1781,534,1876,1803,1855,1984,1978,1818,1847,1778
2132: 2281,2280,2139,2279,2237,2094,2338,2339,2337,2089,2345,2404,2002,2193,2191,2066,2272,2091,2276,2261,2201,2329,2197,2196,2140,2043,2236,2145,2199,2198,2260
1754: 1720,1703,1680,1707,1693,1725,1723,1698
2321: 2341,2420,2156,2319,2314,2406,2320,2415,2356,2432,2357,2158,2352,2414,2355,2379,2419,2310,2265,2178,2055,2315,2313,2400,2308,2016,2154,2322,2318,2316,2180,2317,1961,2226,2155,2353,2235,2238,2225
1756: 1819,1776,1960,1717
2603: 2599,2562,2605,2618,1899,2582,2606,1946,2567,2576,2616,2600,2598,2614,2612,2609,2564,2613,2610
1760: 1797,1728,1792,507,1788,1970
1917: 1843,1919,575,1844
1763: 1719,984,1783,1837
1825: 1953,1888,1737,974
1768: 1832
1769: 575,1844,1877,1779,1767,1606,1853,1810,1771
1770: 2571,2540,1874,1830,1882,2554,2510
1771: 1810,1769,1779,1767,1606,1853,1736,1751
1773: 2350,2596,2581,2545,2286,2584,2449,2595
1775: 1898
1776: 1960,1736,1751,1756,1819
1779: 1767,575,1844,1877,1769,1771
2163: 2062,2175,2064,2122,2169,2177,2205,2247,2138,2249,2256,2162,2129,2248,2259,2107,2185,2093,2144,2160,2130,2182,1994,2188,2186,2183,2187,2113,2054,2134,2092,2176,2037,2133,2012
1783: 1837,1719,1763
1785: 1928,442
2046: 2424,2386,2217,2362,2292,2439,2438,2291,2388,2243,2293,2324,2241,2325,2242,2425,2423,2044,2245,2381,2382,2344,2408,2275,2277,2340,2405,2437
1787: 1697,2257
1789: 1600,1732,549
1790: 2525,2396
1791: 1988,933
1792: 1728,933,1760,1797,1772,1802
1793: 1891,514,1804,2607
1798: 1766,1740,1836
2076: 2115,2127,2045,2182,2187,2181,2149,2258,2204,2170,2272,2091,2201,2049,2012,2108,2140,2102,2047,1966,2075,2090,2030
1802: 1772,1792,545,1788,1970,1729,1846
1803: 534,1876,2004,2057,1752,1781
1804: 2607,2593,2572,514,1796,1891,1793
1890: 2033,2059,1948,1922,1919,1910,2004,2057
2080: 2065,2011,2137,2114,2113,2054,2134,2092,2176,2037,2133,2099,2063,2032
1867: 2535,1913,502,1979,1883,2528,1926,2578,2558,1872,2509
1810: 1771,1769,1767,1606,1853,1736,1751
1811: 1149,1184
1844: 1877,1917,575,1769,1779,1767
1973: 2053,2116,1985,2117,2206,1947,2101,2034
1817: 1689
1818: 1978,1752,1781,1855,1984,1847,1778
1819: 1756,1776,1960,1717
1820: 1858,1633,1629
1938: 2508,1914,1907,1933,2486,2504,2489,1884,2501,1838,927,1915,2537
1919: 1922,1910,1920,1848,1948,1864,1986,1843,1890,2033,2059,1917
2143: 2202,2142,2278,2270,2190,2180,2317,2112,1961,2235,2167,2122,2169,2177,2205,2120,2103,2135,2077,2147,1982,2093,2144,2160,2130
2255: 2189,966,2021,2594,2602,2579,1991,1886
1988: 1791,933
2042: 2098,2140,2043,2236,2145,2198,2090,2030,2074,2141,568
1832: 1768
2544: 2451,2452,2497,490,2438,2388,2534,2568
1834: 1730,1870,1841
1836: 1766,1740,1798
1838: 2486,2504,2489,1830,1882,1884,2554,2510,1938,1914,1907,2494,1871,927,1915,2537
2580: 1939,940,2290,2096,2223,2072
2604: 2585,2573,2601,2490,2574,2617,2575,1323,2590
1843: 1920,1848,1922,1919,1917
1936: 1967,2203
1846: 1729,1772,1802,545,1788,1970,478,442
1847: 1778,1752,1855,1984,991,1978,1818,525,996
1848: 1920,1940,1955,1823,1948,1864,1986,1843,1922,1919
2234: 2159,2283,2110,2323,2288,2312,2216,2300,2253,2244,2351,2044,2240,2245,2381,2347,2246,2107,2150,2185,2342,2094,2338,2282,2339,2337,2182,1994,2186,2183,2187,2184,2181,2149,2258,2204,2170,2272,2091,2276,2261
1853: 1606,1769,1871,1810,1771,2583,1736,1751
1855: 1984,1752,1781,991,1978,1818,1847,1778,525
2133: 2092,2176,2037,2093,2144,2160,2130,2163,2062,2175,2064,2182,2188,2186,2183,2113,2054,2134,2049,2012,2108,2080,2063
1920: 1848,1940,1955,1823,1948,1864,1986,1843,1922,1919,1910
1863: 1807,598,1870,1841
1864: 1948,1986,1955,1920,1848,1922,1919,1910,2033,2059
1899: 2582,2608,2605,2618,2528,1926,2578,2603,2599,2562,2600,2598
1987: 2036,1995,946,2003,2018,590,1921,1974
2127: 2115,2076,2045,2182,1994,2188,2186,2183,2187,2184,2181,2149,2258,2204,2170,2272,2091,2049,2012,2108
1870: 1841,598,1730,1834,1863,1807
1871: 2494,1830,1882,2554,2510,1838,1606,1853,2583
1872: 2509,2535,1913,1867,2558,1905,2571,2540,1874
2002: 2193,2191,2066,2382,2275,2277,2340,2405,2435,2195,2089,2345,2404,2332,2395,2391,2281,2280,2139,2279,2237,2132,2329,2197,2196,2335,2271
1875: 1750,311,1005
1876: 534,1803,2004,2057,1752,1781
1877: 1844,575,1769,1779,1767
2615: 2515,2563
1882: 2489,1830,1884,2554,2540,1874,1770,2486,2504,2510,1914,1907,1838,2494,1871
1883: 1979,977,995,502,2535,1913,1867,2558,1905
1884: 2489,1830,1882,2554,2540,1874,2486,2504,2510,2508,1938,1914,1907,1838
1886: 1991,2255,2189,2073,1992,977
1887: 1912,1905,2571
1888: 1737,1953,1825,974
1951: 2541,2559,2516,1933,2560,2539,2486,2504
2533: 2566,2468,2569
2585: 2398,2573,2592,2285,2495,2514,2543,2601,2490,2574,2604,2575,1323,2590
2617: 2601,2490,2574,2588,2543,2573,2589,2587,2469,2604
1948: 1864,1986,1955,1920,1848,1922,1919,1910,1890,2033,2059
1970: 1788,1760,1797,1772,1802,1729,1846
1898: 1775
2605: 2618,2608,1899,2582,1946,2567,2616,2603,2599,2562,2600,2598
2222: 2524,2434,2484,2548,2530,2487,2429,2480,2477,2456,2485,2179,2466,2431,2402,2461,2376,2417
2311: 2374,2215,2299,2024,2333,2409,2263,2267,915,2394,2262,2331,2330,2214,2218,2243,2293,2324,2241,2325,2219,2288,2252,2312,2216,2300,2253,2244,2351,2044,2246
2582: 1899,2608,2605,2618,2528,1926,2578,2603,2599,2562,2600,2598
1905: 1979,1883,2558,1887,1912,1872,2509,2571
2522: 2471,2484,2430,2547,2548,2530,2556,2481,2482,2460,2458,2303,1989,2179
1907: 2508,1938,1914,1933,2486,2504,2489,1830,1882,1884,2554,2501,1838,927,1915,2537
2032: 2063,2054,2092,2176,2037,2049,2012,2108,2065,2011,2080,2102
1910: 1922,1919,1920,1948,1864,1890,2033,2059
2064: 2163,2062,2175,2138,2249,2256,2162,2259,2107,2150,2185,2093,2144,2160,2130,2182,1994,2188,2186,2183,2187,2184,2113,2134,2092,2176,2037,2133,2049,2012,2108
1912: 1887,1905,2571
1913: 2535,1867,502,1979,1883,2528,1926,2578,2558,1872
1914: 2508,1938,1907,1933,2560,2539,2486,2504,2489,1882,1884,2501,1838,927,2537
1915: 2496,2537,1938,1907,1838,2494,927,2583,2593
2400: 2178,2055,2315,2313,2306,2301,2403,2305,2406,2320,2415,2356,2432,2357,2158,2352,2414,2355,2389,2304,2307,2105,2321,2341,2156,2319,2314,2367,2190,2318,2316,2180,2317,1961,2353
1921: 1974,2003,1987,569,1955,2027,1998
1922: 1919,1910,1920,1848,1948,1864,1986,1843,1890,2033,2059
2034: 2101,2053,1973,1947
1989: 2460,2458,2303,2471,2522,2430,2481,2482,2179,2443,2445,2168,2459,2399,2479,2306,2301,2403,2305
1950: 2067,2116,1985
2061: 2036,1995,946,2018,590
1928: 1785,442
1972: 2015,2052,2029,1963,1942,2003
2559: 1951,2541,2493,2516,1933,2560,2539
2583: 2494,1871,1606,1853,1915,2496,2537
2031: 1976,2426,2213,2207,2211,2366,2210,2232,2164,2104
1933: 2560,2539,2559,1951,2541,2516,2486,2504,2501,2508,1938,1914,1907
2588: 2467,2557,2591,2514,2543,2589,2587,2469,2601,2490,2574,2617
2090: 2030,2074,2115,2076,2045,2043,2236,2047,1966,2075,2098,2042,2141
1940: 1965,1941,1823,1920,1848
1941: 1963,444,1942,1965,569,1940
1942: 1963,444,2052,2029,2015,1972,1941,569
1995: 2036,946,2061,2003,1987,2018,590
2125: 2542,2527,540,2151
1946: 2606,2567,2576,2616,2605,2618,2603,2599,2562,2614,2612,945,2611,2609,2564,2613,2610
1947: 2117,2206,2053,1973,2101,2034
1953: 1825,1888,1737,974
2113: 2054,2134,2135,2077,2147,1982,2093,2144,2160,2130,2163,2062,2064,2137,2114,2092,2176,2037,2133,2080
1955: 1921,2027,1998,1920,1848,1948,1864,1986
2012: 2049,2108,2163,2062,2175,2064,2182,1994,2188,2186,2183,2187,2184,2181,2149,2258,2204,2170,2092,2176,2037,2133,2115,2127,2076,2045,2032,2102,2047
2147: 2135,2077,1982,2167,2202,2142,2278,2143,2122,2169,2120,2103,2093,2144,2160,2130,2228,2038,2227,2137,2114,2113,2134
1960: 1776,1736,1756,1819
1961: 2318,2316,2180,2317,2112,2389,2178,2055,2315,2313,2400,2321,2341,2156,2319,2314,2270,2190,2226,2155,2353,2235,2202,2142,2278,2143,2122,2169,2177,2205
1997: 2208,2359,2384,2233,2348,2383,2166,2385,2302,2105,2270,2346,2367,2190,2231,2213,2207,2211,2366,2210,2232,2167
1963: 444,1942,2052,2029,2015,1972,1941,569
1986: 1948,1864,1955,2027,1998,1920,1848,1922,1919,2033,2059
1965: 444,1941,1940
1966: 2047,2075,2115,2076,2102,2090,2030,2074,2141
1967: 1936,2203
1976: 2031,2426,2213,2207,2211,2366,2210,2232,2164,2104
1977: 2039,2068,2006,2004,2057
1978: 1818,1752,1781,1855,1984,1847,1778,1740
1979: 1883,977,995,502,2535,1913,1867,2558,1905
1991: 1886,2255,2189,2073,1992,977,995
1992: 2073,1991,1886
2020: 1999,524,2027,1998
1994: 2182,2188,2186,2183,2187,2184,2247,2138,2249,2162,2259,2107,2150,2185,2234,2159,2283,2110,2323,2163,2062,2175,2064,2181,2149,2258,2204,2170,2176,2049,2012,2108,2127,2045
1998: 2027,1921,1955,2020,1999,524,1986
1999: 2020,524,2027,1998
2055: 2178,2315,2313,2400,2306,2301,2403,2305,2406,2320,2415,2356,2432,2357,2158,2352,2414,2355,2389,2304,2307,2105,2321,2341,2420,2156,2319,2314,2367,2190,2318,2316,2180,2317,1961,2353
2030: 2090,2074,2115,2076,2047,1966,2075,2098,2042,2141,568
2003: 2015,1972,2036,1995,946,1987,1921,1974
2004: 2057,1890,2033,1977,2039,534,1876,1803
2108: 2049,2012,2062,2175,2064,2182,1994,2188,2186,2187,2170,2092,2176,2037,2133,2115,2127,2076,2063,2032,2102,2047
2006: 2068,1977,2039
2007: 2119,2026
2162: 2247,2138,2249,2256,2129,2248,2259,2226,2155,2235,2238,2251,2131,2225,2250,2252,2122,2169,2177,2205,2107,2150,2185,2093,2144,2160,2130,2163,2062,2175,2064,2182,1994,2188,2186,2183
2105: 2389,2304,2307,2479,2306,2301,2305,2383,2166,2385,2302,2178,2055,2315,2313,2400,2208,2359,1997,2384,2270,2346,2367,2190,2231,2318,2316,2180,2317
2026: 2119,2007
2011: 2065,2080,2054,2092,2037,2063,2032
2347: 2044,2240,2245,2381,2246,2215,2243,2324,2241,2325,2216,2300,2253,2244,2351,2382,2344,2408,2275,2234,2159,2283,2110,2323,2342,2094,2338,2282,2339,2337,2089,2345,2404
2591: 2557,2597,2511,2588,2589,2587,2469
2015: 1972,2052,2029,1963,1942,2003
2016: 2309,2308,2154,2322,2357,2355,2379,2419,2416,2310,2378,2265,2365,2333,2263,2267,915,2321,2341,2420,2156,2319,2331,2330,2214,2218,2226,2155,2238,2251,2131,2225,2289,2250,2219,2288,2252,2312
2018: 590,2036,1995,946,2061,1987
2611: 2614,2612,945,2609,2564,2606,1946,2613,2610,1625,237
2021: 2594,2072,966,2255,2189,2602,2579
2057: 2004,1890,2033,2059,1977,2039,534,1876,1803
2084: 1605,1574
2024: 2374,2215,2311,2299,2333,2409,2263,2267,915,2394,2262,2331,2330,2214,2218,2243,2293,2325,2219,2288,2252,2312,2216,2300,2253,2244,2351,2044,2246
2027: 1998,1921,1955,2020,1999,524,1986
2146: 2274
2029: 2052,2015,1972,1963,1942
2442: 589,2407,2551,2565
2036: 1995,946,2061,2003,1987,2018,590
2037: 2092,2176,2133,2093,2144,2160,2130,2163,2062,2175,2064,2188,2186,2113,2054,2134,2049,2012,2108,2065,2011,2080,2063,2032
2038: 2228,2227,2077,2147,2164,2104,2087,2050,2229,2121,2099
2039: 1977,2006,2004,2057
2040: 1701,2392,2410,2266,853,1677,2364,2488,2464,2268,2462,2465,1700,1671,2334,2454,2363,2333,2409,2263,2267,915,2394,2262,2217,2361,2362
2289: 2238,2251,2131,2225,2250,2341,2420,2156,2309,2308,2016,2154,2322,2331,2330,2214,2218,2226,2155,2235,2219,2288,2252,2312,2247,2249,2129,2248,2107,2150
2043: 2236,2272,2091,2276,2201,2280,2139,2237,2132,2140,2145,2199,2198,2260,2090,2074,2098,2042
2044: 2240,2245,2381,2347,2246,2374,2215,2311,2299,2024,2243,2293,2324,2241,2325,2424,2386,2046,2216,2300,2253,2244,2351,2382,2344,2408,2275,2234,2283,2110,2094,2338,2282,2339
2045: 2115,2127,2076,2182,1994,2186,2183,2187,2184,2181,2149,2258,2204,2170,2272,2091,2276,2261,2201,2049,2012,2140,2075,2090
2047: 1966,2075,2049,2012,2108,2115,2076,2102,2090,2030,2141
2346: 2270,2367,2190,2231,2383,2166,2385,2302,2389,2304,2307,2105,2208,2359,1997,2384,2318,2316,2180,2317,2210,2232,2167,2202,2278
2049: 2012,2108,2175,2064,2182,1994,2188,2186,2183,2187,2149,2170,2092,2176,2037,2133,2115,2127,2076,2045,2063,2032,2102,2047
2050: 2087,2164,2104,2228,2038,2227,583,2229,2121,2095,2570
2232: 2210,1997,2270,2346,2190,2231,2213,2207,2211,2167,1976,2031,2120,2103
2052: 2029,2015,1972,1963,1942
2053: 1973,1985,2117,2206,1947,2101,2034
2054: 2113,2134,2093,2144,2160,2163,2062,2137,2114,2092,2176,2037,2133,2065,2011,2080,2063,2032
2059: 1890,2033,1948,1864,1986,1922,1919,1910,2057
2190: 2270,2346,2367,2231,2166,2302,2389,2304,2307,2105,2178,2055,2315,2313,2400,2208,2359,1997,2384,2318,2316,2180,2317,2112,1961,2210,2232,2167,2202,2142,2278,2143
2062: 2163,2175,2064,2122,2169,2177,2247,2138,2249,2256,2162,2129,2248,2259,2107,2185,2093,2144,2160,2130,2182,1994,2188,2186,2183,2187,2184,2113,2054,2134,2092,2176,2037,2133,2012,2108
2063: 2032,2054,2092,2176,2037,2133,2049,2108,2065,2011,2080,2102
2065: 2011,2080,2054,2092,2037,2063,2032
2066: 2002,2193,2191,2277,2405,2435,2195,2404,2332,2395,2391,2281,2139,2279,2237,2132,2329,2197,2196,2335,2271
2067: 1950
2068: 2006,1977
2069: 2070,2473,2369
2070: 2336,911,2069
2575: 1323,2590,2585,2573,2604,1454
2072: 2580,1939,2223,966,2021,2594
2073: 1992,1991,1886
2074: 2090,2030,2043,2236,1966,2075,2098,2042,2141,568
2075: 2047,1966,2115,2076,2045,2102,2090,2030,2074,2141
2077: 2135,2147,1982,2167,2142,2143,2122,2169,2120,2103,2144,2228,2038,2227,2137,2114,2113,2134
2144: 2093,2160,2130,2202,2142,2278,2143,2122,2169,2177,2205,2256,2162,2135,2077,2147,1982,2163,2062,2175,2064,2137,2114,2113,2054,2134,2092,2176,2037,2133
2103: 2120,2210,2232,2167,2202,2142,2143,2077,2147,2164,2104
2087: 2050,2164,2104,2228,2038,2227,583,2229,2121,2095,2570
2521: 2370,582
2089: 2345,2404,2240,2245,2381,2347,2382,2275,2277,2405,2094,2338,2282,2339,2337,2002,2193,2191,2272,2091,2276,2261,2201,2281,2280,2139,2279,2237,2132,2196
2091: 2272,2276,2261,2201,2234,2323,2094,2338,2282,2339,2337,2089,2345,2181,2149,2258,2204,2170,2281,2280,2139,2279,2237,2132,2127,2076,2045,2140,2043,2236
2092: 2176,2037,2133,2093,2144,2160,2130,2163,2062,2175,2064,2188,2113,2054,2134,2049,2012,2108,2065,2011,2080,2063,2032,2102
2093: 2144,2160,2130,2142,2143,2122,2169,2177,2138,2256,2162,2259,2135,2147,1982,2163,2062,2175,2064,2137,2114,2113,2054,2134,2092,2176,2037,2133
2094: 2342,2338,2282,2339,2337,2253,2244,2044,2240,2245,2381,2347,2246,2382,2344,2408,2275,2234,2159,2283,2110,2323,2089,2345,2404,2181,2258,2272,2091,2276,2261,2201,2281,2280,2139,2279,2237,2132
2095: 2570,2087,2050,2229,2121,2099
2096: 2290,571,940,2580,1939,2223
2097: 2145,2199,2198,2260,2254,2161
2098: 2042,2140,2043,2236,2145,2198,2090,2030,2074,2141,568
2099: 2228,2038,2227,2137,2114,2229,2121,2080,2095,2570
2101: 2034,2053,1973,1947
2102: 2092,2049,2012,2108,2115,2076,2063,2032,2047,1966,2075
2202: 2142,2278,2143,2270,2346,2367,2190,2231,2318,2316,2180,2317,2112,1961,2155,2353,2235,2167,2122,2169,2177,2205,2120,2103,2135,2147,1982,2144,2130
2110: 2234,2159,2283,2323,2219,2288,2312,2216,2300,2253,2244,2351,2044,2240,2245,2381,2347,2246,2107,2150,2185,2094,2338,2282,2339,2337,1994,2183,2184,2181,2149,2258,2276,2261
2201: 2272,2091,2276,2261,2094,2339,2337,2089,2181,2258,2204,2170,2281,2280,2139,2279,2237,2132,2115,2076,2045,2140,2043,2236
2112: 2318,2316,2180,2317,1961,2178,2315,2313,2341,2156,2319,2314,2270,2190,2226,2155,2353,2235,2167,2202,2142,2278,2143,2122,2169,2177,2205
2114: 2137,2120,2135,2077,2147,1982,2093,2144,2160,2130,2228,2113,2054,2134,2121,2099,2080
2115: 2127,2076,2045,2187,2181,2258,2204,2170,2272,2201,2049,2012,2108,2102,2047,1966,2075,2090,2030
2116: 1985,1950,1973
2117: 2206,916,2053,1973,1947
2119: 2026,2007
2120: 2103,2210,2232,2167,2202,2142,2278,2143,2135,2077,2147,1982,2228,2137,2114
2121: 2229,2228,2038,2227,2137,2114,2087,2050,2099,2095,2570
2122: 2169,2177,2205,2316,2180,2317,2112,1961,2155,2353,2235,2225,2202,2142,2278,2143,2247,2256,2162,2129,2248,2135,2077,2147,1982,2093,2144,2160,2130,2163,2062
2123: 2586,1689,2566,2468
2238: 2251,2131,2225,2289,2250,2321,2341,2420,2156,2319,2314,2309,2308,2016,2154,2322,2331,2330,2214,2218,2226,2155,2353,2235,2219,2288,2252,2312,2177,2205,2247,2249,2256,2162,2129,2248,2107
2129: 2247,2138,2249,2256,2162,2248,2259,2226,2155,2353,2235,2238,2251,2131,2225,2289,2250,2219,2288,2252,2312,2122,2169,2177,2205,2107,2150,2185,2130,2163,2062,2175,2183
2130: 2093,2144,2160,2202,2142,2278,2143,2122,2169,2177,2205,2247,2138,2249,2256,2162,2129,2248,2259,2135,2147,1982,2163,2062,2175,2064,2137,2114,2113,2134,2092,2176,2037,2133
2131: 2238,2251,2225,2289,2250,2341,2156,2309,2308,2016,2154,2322,2331,2330,2214,2218,2226,2155,2235,2219,2288,2252,2312,2177,2247,2138,2249,2256,2162,2129,2248,2259,2107,2150,2185
2134: 2113,2054,2135,2077,2147,1982,2093,2144,2160,2130,2163,2062,2064,2137,2114,2092,2176,2037,2133,2080
2135: 2077,2147,1982,2167,2202,2142,2278,2143,2122,2169,2177,2205,2120,2093,2144,2160,2130,2137,2114,2113,2134
2258: 2181,2149,2204,2170,2107,2150,2185,2234,2159,2283,2110,2323,2094,2338,2282,2339,2337,2182,1994,2188,2186,2183,2187,2184,2272,2091,2276,2261,2201,2012,2115,2127,2076,2045,2140
2137: 2114,2120,2135,2077,2147,1982,2093,2144,2160,2130,2228,2113,2054,2134,2121,2099,2080
2138: 2247,2249,2256,2162,2129,2248,2259,2235,2251,2131,2225,2250,2252,2312,2177,2107,2150,2185,2093,2160,2130,2163,2062,2175,2064,2182,1994,2188,2186,2183,2187,2184
2139: 2281,2280,2279,2237,2132,2094,2338,2282,2339,2337,2089,2345,2404,2002,2193,2191,2066,2272,2091,2276,2261,2201,2329,2197,2196,2140,2043,2236,2199,2260
2140: 2181,2258,2204,2272,2091,2276,2261,2201,2281,2280,2139,2279,2237,2132,2076,2045,2043,2236,2098,2042
2141: 2047,1966,2075,2090,2030,2074,2098,2042,568
2142: 2202,2278,2143,2270,2190,2318,2316,2180,2317,2112,1961,2155,2353,2235,2167,2122,2169,2177,2205,2120,2103,2135,2077,2147,1982,2093,2144,2160,2130
2148: 2224,2498,2499,926
2149: 2181,2258,2204,2170,2107,2150,2185,2234,2159,2283,2110,2323,2282,2337,2182,1994,2188,2186,2183,2187,2184,2272,2091,2261,2049,2012,2127,2076,2045
2150: 2107,2185,2251,2131,2225,2289,2250,2219,2288,2252,2312,2216,2300,2253,2244,2351,2247,2138,2249,2256,2162,2129,2248,2259,2234,2159,2283,2110,2323,2175,2064,2182,1994,2188,2186,2183,2187,2184,2181,2149,2258,2170
2151: 540,2192,2428,2527,2529,2542,2125
2152: 2433,2512,2427,2487,2429,2480,2477,2456,2485,2377,2476,2475,2523,2364,2461,2376,2417,2157,2465,2357,2352,2414,2355,2379,2419,2416,2310,2378,2265,2365,915
2377: 2476,2475,2523,2487,2429,2480,2477,2456,2485,853,1677,2364,2461,2376,2417,2157,2433,2512,2152,2427,2465
2154: 2309,2308,2016,2322,2357,2158,2355,2419,2310,2265,2365,2321,2341,2420,2156,2319,2314,2331,2330,2214,2218,2226,2155,2353,2235,2238,2251,2131,2225,2289,2250,2219,2288,2252,2312
2155: 2226,2353,2235,2178,2315,2313,2321,2341,2420,2156,2319,2314,2309,2308,2016,2154,2322,2318,2316,2180,2317,2112,1961,2238,2251,2131,2225,2289,2250,2202,2142,2278,2122,2177,2205,2247,2249,2256,2162,2129,2248
2156: 2321,2341,2420,2319,2314,2406,2320,2356,2357,2158,2414,2355,2419,2310,2265,2365,2178,2055,2315,2313,2400,2309,2308,2016,2154,2322,2318,2316,2180,2317,2112,1961,2226,2155,2353,2235,2238,2251,2131,2225,2289
2157: 2461,2376,2417,2487,2429,2480,2456,2485,2377,2475,2466,2431,2402,2433,2512,2152,2427,2406,2320,2415,2356,2357,2158,2352,2414,2355,2379,2419,2416,2310,2378,2265,2365
2158: 2357,2352,2414,2355,2379,2431,2461,2376,2417,2157,2406,2320,2415,2356,2432,2419,2416,2310,2378,2265,2178,2055,2315,2313,2400,2321,2341,2420,2156,2319,2314,2308,2154,2322
2159: 2234,2283,2110,2323,2219,2288,2252,2312,2216,2300,2253,2244,2240,2347,2246,2107,2150,2185,2094,2338,2282,2337,2182,1994,2188,2186,2183,2187,2184,2181,2149,2258,2204,2170,2261
2160: 2093,2144,2130,2142,2143,2122,2169,2177,2205,2138,2256,2162,2248,2259,2135,2147,1982,2163,2062,2175,2064,2137,2114,2113,2054,2134,2092,2176,2037,2133
2161: 2145,2199,2198,2260,2254,2097,2173,2358
2164: 2104,1976,2031,2103,2228,2038,2227,583,2087,2050,2229
2165: 2349,2212
2166: 2383,2385,2302,2443,2445,2168,2399,2479,2306,2301,2305,2233,2348,2304,2307,2105,2208,2359,1997,2384,2270,2346,2367,2190,2231
2167: 2208,2359,1997,2384,2270,2346,2367,2190,2231,2318,2316,2180,2317,2112,2210,2232,2202,2142,2278,2143,2120,2103,2135,2077,2147,1982
2168: 2443,2445,588,1989,2459,2399,2479,2233,2348,2383,2166,2385,2302
2169: 2122,2177,2205,2112,1961,2353,2235,2225,2202,2142,2278,2143,2247,2256,2162,2129,2248,2135,2077,2147,1982,2093,2144,2160,2130,2163,2062
2170: 2181,2149,2258,2204,2107,2150,2185,2234,2159,2323,2337,2182,1994,2188,2186,2183,2187,2184,2272,2091,2261,2201,2049,2012,2108,2115,2127,2076,2045
2406: 2320,2415,2356,2432,2466,2431,2402,2461,2376,2417,2157,2306,2301,2403,2305,2357,2158,2352,2414,2355,2379,2389,2304,2307,2178,2055,2315,2313,2400,2321,2341,2420,2156,2319,2314
2558: 1979,1883,2535,1913,1867,1905,1872,2509,2571
2173: 2358,2161,2549
2174: 2396,2455
2175: 2163,2062,2064,2177,2247,2138,2249,2256,2162,2129,2248,2259,2107,2150,2185,2093,2144,2160,2130,2182,1994,2188,2186,2183,2187,2184,2092,2176,2037,2133,2049,2012,2108
2176: 2092,2037,2133,2093,2144,2160,2130,2163,2062,2175,2064,2182,1994,2188,2186,2183,2187,2113,2054,2134,2049,2012,2108,2080,2063,2032
2177: 2122,2169,2205,2318,2316,2180,2317,2112,1961,2226,2155,2353,2235,2238,2251,2131,2225,2250,2202,2142,2278,2143,2247,2138,2249,2256,2162,2129,2248,2259,2135,1982,2093,2144,2160,2130,2163,2062,2175
2178: 2055,2315,2313,2400,2305,2406,2320,2356,2357,2158,2414,2355,2389,2304,2307,2105,2321,2341,2420,2156,2319,2314,2270,2190,2318,2316,2180,2317,2112,1961,2226,2155,2353,2235
2179: 2471,2522,2484,2430,2547,2548,2530,2524,2222,2434,2460,2458,2303,1989,2466,2431,2402,2459,2399,2306,2301,2403,2305,2432
2180: 2318,2316,2317,2112,1961,2389,2304,2307,2105,2178,2055,2315,2313,2400,2321,2341,2156,2319,2314,2270,2346,2367,2190,2231,2155,2353,2235,2167,2202,2142,2278,2143,2122,2177,2205
2181: 2149,2258,2204,2170,2107,2150,2185,2234,2159,2283,2110,2323,2094,2338,2282,2339,2337,2182,1994,2188,2186,2183,2187,2184,2272,2091,2276,2261,2201,2012,2115,2127,2076,2045,2140
2182: 1994,2188,2186,2183,2187,2184,2138,2249,2162,2259,2107,2150,2185,2234,2159,2283,2323,2163,2062,2175,2064,2181,2149,2258,2204,2170,2176,2133,2049,2012,2108,2127,2076,2045
2183: 2182,1994,2188,2186,2187,2184,2247,2138,2249,2256,2162,2129,2248,2259,2107,2150,2185,2234,2159,2283,2110,2323,2163,2062,2175,2064,2181,2149,2258,2204,2170,2176,2133,2049,2012,2127,2045
2184: 2182,1994,2188,2186,2183,2187,2138,2249,2259,2107,2150,2185,2234,2159,2283,2110,2323,2062,2175,2064,2181,2149,2258,2204,2170,2012,2127,2045
2185: 2107,2150,2131,2250,2219,2288,2252,2312,2253,2247,2138,2249,2256,2162,2129,2248,2259,2234,2159,2283,2110,2323,2163,2062,2175,2064,2182,1994,2188,2186,2183,2187,2184,2181,2149,2258,2170
2186: 2182,1994,2188,2183,2187,2184,2138,2249,2256,2162,2259,2107,2150,2185,2234,2159,2323,2163,2062,2175,2064,2181,2149,2258,2204,2170,2176,2037,2133,2049,2012,2108,2127,2045
2187: 2182,1994,2188,2186,2183,2184,2138,2259,2107,2150,2185,2234,2159,2283,2323,2163,2062,2175,2064,2181,2149,2258,2204,2170,2176,2049,2012,2108,2115,2127,2076,2045
2188: 2182,1994,2186,2183,2187,2184,2138,2249,2256,2162,2259,2107,2150,2185,2159,2323,2163,2062,2175,2064,2181,2149,2258,2170,2092,2176,2037,2133,2049,2012,2108,2127
2189: 2255,966,2021,2594,2579,1991,1886
2191: 2002,2193,2066,2382,2275,2277,2405,2435,2195,2089,2345,2404,2332,2395,2391,2281,2280,2139,2279,2237,2132,2329,2197,2196,2335,2271
2192: 2534,2568,2428,2527,2529,540,2151
2193: 2002,2191,2066,2382,2275,2277,2340,2405,2437,2435,2195,2089,2345,2404,2332,2395,2391,2281,2280,2139,2279,2237,2132,2329,2197,2196,2335,2271
2344: 2382,2408,2275,2243,2293,2324,2241,2325,2424,2386,2046,2242,2425,2423,2044,2240,2245,2381,2347,2246,2277,2340,2405,2437,2094,2338,2345,2404
2195: 2435,2425,2423,2277,2340,2405,2437,2002,2193,2191,2066,2332,2395,2391
2196: 2329,2197,2089,2345,2404,2002,2193,2191,2066,2332,2395,2391,2281,2280,2139,2279,2237,2132,2335,2271,2199,2260,2254
2197: 2329,2196,2404,2002,2193,2191,2066,2332,2395,2391,2281,2280,2139,2279,2237,2132,2335,2271,2145,2199,2198,2260,2254
2198: 2145,2199,2260,2237,2132,2329,2197,2335,2271,2043,2236,2254,2098,2042,2097,2161
2199: 2145,2198,2260,2281,2280,2139,2279,2237,2132,2329,2197,2196,2335,2271,2043,2236,2254,2097,2161
2343: 2436,2519,2287
2203: 1936,1967,2393
2204: 2181,2149,2258,2170,2234,2159,2323,2282,2337,2182,1994,2186,2183,2187,2184,2272,2091,2276,2261,2201,2012,2115,2127,2076,2045,2140
2205: 2122,2169,2177,2318,2316,2180,2317,2112,1961,2226,2155,2353,2235,2238,2251,2225,2202,2142,2278,2143,2247,2256,2162,2129,2248,2135,1982,2144,2160,2130,2163
2206: 2117,2053,1973,1947
2207: 2213,2211,2366,2418,1997,2426,2210,2232,1976,2031
2208: 2359,1997,2384,2233,2348,2383,2166,2385,2302,2389,2304,2307,2105,2270,2346,2367,2190,2231,2167
2209: 2446,2448,2491,2444,2555,2483,2360,2503,588,2447,455
2210: 2232,2359,1997,2270,2346,2190,2231,2213,2207,2211,2366,2167,1976,2031,2120,2103
2211: 2213,2207,2366,1997,2426,2210,2232,1976,2031
2212: 2165,2349
2213: 2207,2211,2366,1997,2426,2210,2232,1976,2031
2214: 2331,2330,2218,2265,2365,2333,2409,2263,2267,915,2262,2309,2308,2016,2154,2322,2374,2215,2311,2299,2024,2238,2251,2131,2225,2289,2250,2219,2288,2252,2312,2216,2300,2253,2244,2351
2215: 2374,2311,2299,2024,2333,2267,2394,2262,2331,2330,2214,2218,2243,2293,2324,2241,2325,2219,2288,2312,2216,2300,2253,2244,2351,2044,2240,2245,2381,2347,2246
2216: 2300,2253,2244,2351,2331,2330,2214,2218,2374,2215,2311,2299,2024,2243,2324,2325,2219,2288,2252,2312,2044,2240,2347,2246,2107,2150,2234,2159,2283,2110
2217: 2361,2362,2292,2040,2392,2410,2266,2334,2454,2363,2411,2505,2373,2394,2262,2439,2374,2243,2293,2324,2241,2325,2046
2218: 2331,2330,2214,2419,2416,2310,2378,2265,2365,2333,2409,2263,2267,915,2394,2262,2309,2308,2016,2154,2322,2374,2215,2311,2299,2024,2238,2251,2131,2225,2289,2250,2219,2288,2252,2312,2216,2300,2351
2219: 2288,2252,2312,2309,2308,2016,2154,2331,2330,2214,2218,2215,2311,2299,2024,2238,2251,2131,2225,2289,2250,2216,2300,2253,2244,2351,2247,2249,2129,2248,2107,2150,2185,2159,2283,2110
2353: 2226,2155,2235,2178,2055,2315,2313,2400,2321,2341,2420,2156,2319,2314,2154,2322,2318,2316,2180,2317,2112,1961,2238,2251,2225,2202,2142,2278,2122,2169,2177,2205,2256,2129,2248
2223: 2096,2580,1939,2072,966
2224: 2148,2498,2499,926
2225: 2238,2251,2131,2289,2250,2321,2341,2420,2156,2319,2314,2309,2308,2016,2154,2322,2331,2214,2218,2226,2155,2353,2235,2219,2288,2252,2312,2122,2169,2177,2205,2247,2138,2249,2256,2162,2129,2248,2259,2107,2150
2226: 2155,2353,2235,2178,2315,2313,2321,2341,2420,2156,2319,2314,2309,2308,2016,2154,2322,2318,2316,2112,1961,2238,2251,2131,2225,2289,2250,2177,2205,2247,2249,2256,2162,2129,2248
2227: 2228,2038,2077,2147,2164,2104,2087,2050,2229,2121,2099
2228: 2038,2227,2120,2077,2147,2164,2104,2137,2114,2087,2050,2229,2121,2099
2229: 2121,2164,2104,2228,2038,2227,2087,2050,2099,2095,2570
2437: 2277,2340,2405,2424,2386,2046,2242,2425,2423,2382,2344,2408,2275,2435,2195,2404,2193
2231: 2270,2346,2367,2190,2383,2166,2385,2302,2389,2304,2307,2105,2208,2359,1997,2384,2318,2180,2317,2210,2232,2167,2202,2278
2235: 2226,2155,2353,2178,2315,2313,2321,2341,2156,2319,2314,2308,2154,2318,2316,2180,2317,2112,1961,2238,2251,2131,2225,2289,2250,2202,2142,2278,2143,2122,2169,2177,2205,2247,2138,2249,2256,2162,2129,2248
2236: 2043,2272,2091,2276,2261,2201,2281,2280,2139,2279,2237,2132,2140,2145,2199,2198,2260,2090,2074,2098,2042
2237: 2281,2280,2139,2279,2132,2094,2339,2089,2345,2404,2002,2193,2191,2066,2272,2091,2276,2261,2201,2329,2197,2196,2140,2043,2236,2145,2199,2198,2260
2599: 2603,2562,2605,2618,1899,2582,2606,1946,2567,2576,2616,2600,2598,2614,2612,2609,2564,2613,2610
2240: 2044,2245,2381,2347,2246,2215,2243,2324,2241,2325,2216,2300,2253,2244,2351,2382,2344,2408,2275,2234,2159,2283,2110,2323,2342,2094,2338,2282,2339,2337,2089,2345,2404
2241: 2243,2293,2324,2325,2394,2217,2361,2362,2292,2439,2374,2215,2311,2299,2424,2386,2046,2244,2351,2044,2240,2245,2381,2347,2246,2382,2344,2408,2275
2242: 2425,2423,2439,2438,2291,2388,2424,2386,2046,2382,2344,2408,2275,2277,2340,2405,2437,2435
2243: 2293,2324,2241,2325,2394,2262,2217,2361,2362,2292,2439,2374,2215,2311,2299,2024,2386,2046,2216,2300,2253,2244,2351,2044,2240,2245,2381,2347,2246,2344,2408
2244: 2216,2300,2253,2351,2331,2214,2374,2215,2311,2299,2024,2243,2293,2324,2241,2325,2219,2288,2312,2044,2240,2245,2381,2347,2246,2107,2150,2234,2159,2283,2110,2323,2094,2338,2282,2339,2337
2245: 2044,2240,2381,2347,2246,2215,2243,2293,2324,2241,2325,2424,2386,2046,2253,2244,2351,2382,2344,2408,2275,2234,2283,2110,2094,2338,2282,2339,2337,2089,2345,2404
2246: 2044,2240,2245,2381,2347,2374,2215,2311,2299,2024,2243,2293,2324,2241,2325,2216,2300,2253,2244,2351,2382,2344,2408,2275,2234,2159,2283,2110,2323,2094,2338,2282,2339,2337
2247: 2138,2249,2256,2162,2129,2248,2259,2226,2155,2235,2238,2251,2131,2225,2289,2250,2219,2288,2252,2312,2122,2169,2177,2205,2107,2150,2185,2130,2163,2062,2175,1994,2183
2248: 2247,2138,2249,2256,2162,2129,2259,2226,2155,2353,2235,2238,2251,2131,2225,2289,2250,2219,2252,2312,2122,2169,2177,2205,2107,2150,2185,2160,2130,2163,2062,2175,2183
2249: 2247,2138,2256,2162,2129,2248,2259,2226,2155,2235,2238,2251,2131,2225,2289,2250,2219,2288,2252,2312,2177,2107,2150,2185,2130,2163,2062,2175,2064,2182,1994,2188,2186,2183,2184
2250: 2238,2251,2131,2225,2289,2309,2308,2016,2154,2331,2330,2214,2218,2226,2155,2235,2219,2288,2252,2312,2177,2247,2138,2249,2256,2162,2129,2248,2259,2107,2150,2185
2251: 2238,2131,2225,2289,2250,2341,2420,2156,2309,2308,2016,2154,2322,2331,2330,2214,2218,2226,2155,2353,2235,2219,2288,2252,2312,2177,2205,2247,2138,2249,2256,2162,2129,2248,2259,2107,2150
2252: 2219,2288,2312,2309,2308,2016,2154,2331,2330,2214,2218,2311,2024,2238,2251,2131,2225,2289,2250,2216,2300,2253,2247,2138,2249,2256,2162,2129,2248,2259,2107,2150,2185,2159,2283
2253: 2216,2300,2244,2351,2331,2214,2374,2215,2311,2299,2024,2243,2325,2219,2288,2252,2312,2044,2240,2245,2381,2347,2246,2107,2150,2185,2234,2159,2283,2110,2323,2094,2338,2282
2254: 2329,2197,2196,2335,2271,2145,2199,2198,2260,2097,2161
2256: 2247,2138,2249,2162,2129,2248,2259,2226,2155,2353,2235,2238,2251,2131,2225,2250,2252,2312,2122,2169,2177,2205,2107,2150,2185,2093,2144,2160,2130,2163,2062,2175,2064,2188,2186,2183
2257: 1787,1697,2473,2369
2259: 2247,2138,2249,2256,2162,2129,2248,2251,2131,2225,2250,2252,2312,2177,2107,2150,2185,2093,2160,2130,2163,2062,2175,2064,2182,1994,2188,2186,2183,2187,2184
2260: 2145,2199,2198,2281,2280,2139,2279,2237,2132,2329,2197,2196,2335,2271,2043,2236,2254,2097,2161
2262: 2394,2465,1700,1671,2040,2392,2410,2266,2334,2454,2363,2333,2409,2263,2267,915,2217,2361,2362,2330,2214,2218,2374,2215,2311,2299,2024,2243,2293,2325
2263: 2333,2409,2267,915,2465,1700,1671,2040,2392,2410,2266,2416,2378,2265,2365,2394,2262,2309,2308,2016,2331,2330,2214,2218,2374,2311,2299,2024
2600: 2598,2605,2618,1899,2582,2528,1926,2603,2599,2562
2265: 2419,2416,2310,2378,2365,2157,2433,2152,2357,2158,2352,2414,2355,2379,2333,2409,2263,2267,915,2321,2341,2420,2156,2319,2309,2308,2016,2154,2322,2331,2330,2214,2218
2266: 1701,2040,2392,2410,2488,2268,2463,2462,1700,1671,2334,2454,2363,2333,2409,2263,2267,915,2394,2262,2217,2361,2362,2292
2267: 2333,2409,2263,915,2040,2392,2410,2266,2265,2365,2394,2262,2309,2308,2016,2331,2330,2214,2218,2374,2215,2311,2299,2024
2268: 2463,2462,2488,2464,2441,2507,2040,2392,2410,2266,2334,2454,2363,2411,2505,2373
2307: 2389,2304,2105,2459,2399,2479,2306,2301,2403,2305,2406,2320,2415,2356,2432,2383,2166,2385,2302,2178,2055,2315,2313,2400,2208,2359,2384,2270,2346,2367,2190,2231,2318,2316,2180,2317
2270: 2346,2367,2190,2231,2166,2302,2389,2304,2307,2105,2178,2315,2208,2359,1997,2384,2318,2316,2180,2317,2112,1961,2210,2232,2167,2202,2142,2278,2143
2271: 2335,2002,2193,2191,2066,2332,2395,2391,2422,2474,2329,2197,2196,2145,2199,2198,2260,2254
2272: 2091,2276,2261,2201,2234,2323,2094,2338,2282,2339,2337,2089,2345,2181,2149,2258,2204,2170,2281,2280,2139,2279,2237,2132,2115,2127,2076,2045,2140,2043,2236
2469: 2589,2587,2557,2591,2588,2514,2543,2601,2490,2574,2617
2274: 2146
2275: 2382,2344,2408,2324,2241,2424,2386,2046,2242,2423,2044,2240,2245,2381,2347,2246,2277,2340,2405,2437,2094,2338,2282,2339,2337,2089,2345,2404,2002,2193,2191
2276: 2272,2091,2261,2201,2234,2110,2323,2342,2094,2338,2282,2339,2337,2089,2345,2404,2181,2258,2204,2281,2280,2139,2279,2237,2132,2045,2140,2043,2236
2277: 2340,2405,2437,2424,2386,2046,2242,2425,2423,2382,2344,2408,2275,2435,2195,2089,2345,2404,2002,2193,2191,2066,2332,2395,2391
2278: 2202,2142,2143,2270,2346,2367,2190,2231,2318,2316,2180,2317,2112,1961,2155,2353,2235,2167,2122,2169,2177,2205,2120,2135,2147,1982,2144,2130
2279: 2281,2280,2139,2237,2132,2094,2338,2339,2337,2089,2345,2404,2002,2193,2191,2066,2272,2091,2276,2261,2201,2329,2197,2196,2140,2236,2199,2260
2280: 2281,2139,2279,2237,2132,2094,2338,2282,2339,2337,2089,2345,2404,2002,2193,2191,2272,2091,2276,2261,2201,2329,2197,2196,2140,2043,2236,2199,2260
2282: 2342,2094,2338,2339,2337,2300,2253,2244,2351,2044,2240,2245,2381,2347,2246,2275,2234,2159,2283,2110,2323,2089,2345,2181,2149,2258,2204,2272,2091,2276,2261,2280,2139
2283: 2234,2159,2110,2323,2219,2288,2252,2312,2216,2300,2253,2244,2351,2044,2240,2245,2381,2347,2246,2107,2150,2185,2094,2338,2282,2339,2337,2182,1994,2183,2187,2184,2181,2149,2258,2261
2345: 2089,2404,2240,2245,2381,2347,2382,2344,2275,2277,2405,2094,2338,2282,2339,2337,2002,2193,2191,2272,2091,2276,2261,2281,2280,2139,2279,2237,2132,2196
2285: 2592,2495,2550,2467,2514,2543,2585,2398,2573
2286: 2545,2584,2449,2595,1773,2350
2287: 2519,2343,2436
2288: 2219,2252,2312,2309,2308,2016,2154,2331,2330,2214,2218,2374,2215,2311,2299,2024,2238,2251,2131,2225,2289,2250,2216,2300,2253,2244,2351,2247,2249,2129,2107,2150,2185,2234,2159,2283,2110
2290: 2096,571,940,2580,1939
2291: 2438,2388,2411,2452,2497,2294,2439,2424,2386,2046,2242,2425,2423
2292: 2217,2361,2362,2410,2266,2334,2454,2363,2411,2505,2373,2394,2439,2374,2243,2293,2324,2241,2325,2424,2386,2046
2293: 2243,2324,2241,2325,2394,2262,2217,2361,2362,2292,2439,2374,2215,2311,2299,2024,2424,2386,2046,2244,2351,2044,2245,2381,2246,2344,2408
2294: 2452,2497,2441,2507,2411,2505,2373,2439,2438,2291
2601: 2490,2574,2617,2588,2514,2543,2585,2398,2573,2589,2587,2469,2604
2543: 2514,2550,2467,2592,2285,2495,2588,2585,2398,2573,2587,2469,2601,2490,2574,2617
2439: 2334,2454,2363,2411,2505,2373,2294,2217,2361,2362,2292,2438,2291,2243,2293,2324,2241,2325,2424,2386,2046,2242,2425,2423
2525: 2371,1790,2396
2299: 2374,2215,2311,2024,2333,2409,2263,2267,2394,2262,2362,2331,2330,2214,2218,2243,2293,2324,2241,2325,2219,2288,2216,2300,2253,2244,2351,2044,2246
2300: 2216,2253,2244,2351,2331,2330,2214,2218,2374,2215,2311,2299,2024,2243,2325,2219,2288,2252,2312,2044,2240,2347,2246,2107,2150,2234,2159,2283,2110,2282
2301: 2306,2403,2305,2460,2458,2303,1989,2179,2431,2459,2399,2479,2406,2320,2415,2356,2432,2383,2166,2385,2302,2389,2304,2307,2105,2055,2315,2313,2400
2302: 2383,2166,2385,2443,2445,2168,2459,2399,2479,2306,2301,2403,2305,2233,2348,2389,2304,2307,2105,2208,2359,1997,2384,2270,2346,2367,2190,2231
2303: 2460,2458,1989,2471,2522,2484,2430,2547,2556,2481,2482,2179,2459,2399,2479,2306,2301
2304: 2389,2307,2105,2306,2301,2403,2305,2406,2320,2432,2383,2166,2385,2302,2178,2055,2315,2313,2400,2208,2359,2384,2270,2346,2367,2190,2231,2318,2316,2180,2317
2305: 2306,2301,2403,2460,2458,1989,2179,2431,2459,2399,2479,2406,2320,2415,2356,2432,2383,2166,2385,2302,2389,2304,2307,2105,2178,2055,2315,2313,2400
2306: 2301,2403,2305,2460,2458,2303,1989,2179,2466,2431,2402,2459,2399,2479,2406,2320,2415,2356,2432,2383,2166,2385,2302,2389,2304,2307,2105,2055,2315,2313,2400
2308: 2309,2016,2154,2322,2357,2158,2352,2414,2355,2379,2419,2416,2310,2378,2265,2365,2333,2263,2267,915,2321,2341,2420,2156,2319,2314,2331,2330,2214,2218,2226,2155,2235,2238,2251,2131,2225,2289,2250,2219,2288,2252
2309: 2308,2016,2154,2322,2357,2419,2310,2378,2265,2365,2333,2263,2267,915,2341,2420,2156,2319,2331,2330,2214,2218,2226,2155,2238,2251,2131,2225,2289,2250,2219,2288,2252,2312
2310: 2419,2416,2378,2265,2365,2461,2376,2417,2157,2433,2152,2357,2158,2352,2414,2355,2379,915,2321,2341,2420,2156,2319,2309,2308,2016,2154,2322,2330,2218
2313: 2178,2055,2315,2400,2306,2301,2305,2406,2320,2415,2356,2432,2357,2158,2414,2355,2389,2304,2307,2105,2321,2341,2420,2156,2319,2314,2190,2318,2316,2180,2317,2112,1961,2226,2155,2353,2235
2314: 2321,2341,2420,2156,2319,2406,2320,2356,2357,2158,2355,2178,2055,2315,2313,2400,2308,2154,2322,2318,2316,2180,2317,2112,1961,2226,2155,2353,2235,2238,2225
2315: 2178,2055,2313,2400,2306,2301,2305,2406,2320,2415,2356,2432,2357,2158,2414,2355,2389,2304,2307,2105,2321,2341,2420,2156,2319,2314,2270,2367,2190,2318,2316,2180,2317,2112,1961,2226,2155,2353,2235
2316: 2318,2180,2317,2112,1961,2389,2304,2307,2105,2178,2055,2315,2313,2400,2321,2341,2156,2319,2314,2270,2346,2367,2190,2226,2155,2353,2235,2167,2202,2142,2278,2122,2177,2205
2317: 2318,2316,2180,2112,1961,2389,2304,2307,2105,2178,2055,2315,2313,2400,2321,2156,2319,2314,2270,2346,2367,2190,2231,2155,2353,2235,2167,2202,2142,2278,2143,2122,2177,2205
2318: 2316,2180,2317,2112,1961,2389,2304,2307,2105,2178,2055,2315,2313,2400,2321,2341,2420,2156,2319,2314,2270,2346,2367,2190,2231,2226,2155,2353,2235,2167,2202,2142,2278,2177,2205
2319: 2321,2341,2420,2156,2314,2406,2320,2415,2356,2432,2357,2158,2352,2414,2355,2379,2419,2310,2378,2265,2365,2178,2055,2315,2313,2400,2309,2308,2016,2154,2322,2318,2316,2180,2317,2112,1961,2226,2155,2353,2235,2238,2225
2320: 2406,2415,2356,2432,2431,2461,2376,2417,2157,2306,2301,2403,2305,2357,2158,2352,2414,2355,2379,2389,2304,2307,2178,2055,2315,2313,2400,2321,2341,2420,2156,2319,2314
2322: 2309,2308,2016,2154,2357,2158,2352,2414,2355,2379,2419,2416,2310,2378,2265,2365,915,2321,2341,2420,2156,2319,2314,2331,2330,2214,2218,2226,2155,2353,2238,2251,2131,2225,2289
2323: 2234,2159,2283,2110,2312,2253,2244,2240,2347,2246,2107,2150,2185,2094,2338,2282,2339,2337,2182,1994,2188,2186,2183,2187,2184,2181,2149,2258,2204,2170,2272,2091,2276,2261
2324: 2243,2293,2241,2325,2217,2361,2362,2292,2439,2374,2215,2311,2299,2424,2386,2046,2216,2244,2351,2044,2240,2245,2381,2347,2246,2382,2344,2408,2275
2325: 2243,2293,2324,2241,2394,2262,2217,2362,2292,2439,2374,2215,2311,2299,2024,2386,2046,2216,2300,2253,2244,2351,2044,2240,2245,2381,2347,2246,2344,2408
2523: 2377,2476,2475,2487,2429,2480,2477,2456,2485,853,1677,2364,2376,2433,2512,2152,2427,2465
2407: 2551,2565,2442,589,918,1477,1341
2567: 2606,1946,2576,2616,2605,2618,2603,2599,2562,2614,2612,2564,2610
2329: 2197,2196,2404,2002,2193,2191,2066,2332,2395,2391,2281,2280,2139,2279,2237,2132,2335,2271,2145,2199,2198,2260,2254
2330: 2331,2214,2218,2419,2416,2310,2378,2265,2365,2333,2409,2263,2267,915,2394,2262,2309,2308,2016,2154,2322,2374,2215,2311,2299,2024,2238,2251,2131,2289,2250,2219,2288,2252,2312,2216,2300,2351
2331: 2330,2214,2218,2419,2265,2365,2333,2263,2267,915,2309,2308,2016,2154,2322,2374,2215,2311,2299,2024,2238,2251,2131,2225,2289,2250,2219,2288,2252,2312,2216,2300,2253,2244,2351
2332: 2395,2391,2277,2405,2435,2195,2002,2193,2191,2066,2422,2474,2329,2197,2196,2335,2271
2333: 2409,2263,2267,915,2040,2392,2410,2266,2419,2416,2378,2265,2365,2394,2262,2309,2308,2016,2331,2330,2214,2218,2374,2215,2311,2299,2024
2334: 2454,2363,2488,2464,2268,2463,2462,2040,2392,2410,2266,2411,2505,2373,2394,2262,2217,2361,2362,2292,2439
2335: 2271,2002,2193,2191,2066,2332,2395,2391,2422,2474,2329,2197,2196,2199,2198,2260,2254
2336: 2070,911
2337: 2342,2094,2338,2282,2339,2244,2240,2245,2381,2347,2246,2275,2234,2159,2283,2110,2323,2089,2345,2181,2149,2258,2204,2170,2272,2091,2276,2261,2201,2280,2139,2279,2132
2338: 2342,2094,2282,2339,2337,2253,2244,2351,2044,2240,2245,2381,2347,2246,2382,2344,2408,2275,2234,2159,2283,2110,2323,2089,2345,2404,2181,2258,2272,2091,2276,2261,2281,2280,2139,2279,2132
2339: 2342,2094,2338,2282,2337,2244,2044,2240,2245,2381,2347,2246,2382,2408,2275,2234,2283,2110,2323,2089,2345,2404,2181,2258,2272,2091,2276,2261,2201,2281,2280,2139,2279,2237,2132
2340: 2277,2405,2437,2424,2386,2046,2242,2425,2423,2382,2344,2408,2275,2435,2195,2404,2002,2193
2341: 2321,2420,2156,2319,2314,2406,2320,2356,2357,2158,2352,2414,2355,2379,2419,2310,2265,2365,2178,2055,2315,2313,2400,2309,2308,2016,2154,2322,2318,2316,2180,2112,1961,2226,2155,2353,2235,2238,2251,2131,2225,2289
2342: 2094,2338,2282,2339,2337,2240,2347,2234,2276,2261
2348: 2233,2443,2445,2168,2399,2479,2383,2166,2385,2302,2418,2208,2359,1997,2384
2349: 2165,2212
2350: 1773,2596,2581,2545,2286,2584,918,2449,2595
2351: 2216,2300,2253,2244,2331,2330,2214,2218,2374,2215,2311,2299,2024,2243,2293,2324,2241,2325,2219,2288,2312,2044,2240,2245,2381,2347,2246,2107,2150,2234,2283,2110,2338,2282
2352: 2357,2158,2414,2355,2379,2466,2431,2402,2461,2376,2417,2157,2433,2512,2152,2406,2320,2415,2356,2432,2419,2416,2310,2378,2265,2365,2055,2400,2321,2341,2420,2319,2308,2322
2590: 2575,1323,2585,2398,2573,2604,1454
2355: 2357,2158,2352,2414,2379,2431,2461,2376,2417,2157,2152,2406,2320,2415,2356,2432,2419,2416,2310,2378,2265,2365,2178,2055,2315,2313,2400,2321,2341,2420,2156,2319,2314,2308,2016,2154,2322
2356: 2406,2320,2415,2432,2466,2431,2402,2461,2376,2417,2157,2306,2301,2403,2305,2357,2158,2352,2414,2355,2379,2307,2178,2055,2315,2313,2400,2321,2341,2420,2156,2319,2314
2357: 2158,2352,2414,2355,2379,2461,2376,2417,2157,2152,2406,2320,2415,2356,2419,2416,2310,2378,2265,2365,2178,2055,2315,2313,2400,2321,2341,2420,2156,2319,2314,2309,2308,2016,2154,2322
2358: 2173,2161,2549
2359: 2208,1997,2384,2233,2348,2383,2166,2385,2302,2389,2304,2307,2105,2270,2346,2367,2190,2231,2210,2167
2360: 2503,2491,2444,900,2446,2448,2209
2361: 2217,2362,2292,2040,2392,2410,2266,2334,2454,2363,2411,2505,2373,2394,2262,2439,2243,2293,2324,2241
2362: 2217,2361,2292,2040,2392,2410,2266,2334,2454,2363,2411,2505,2373,2394,2262,2439,2374,2299,2243,2293,2324,2241,2325,2386,2046
2363: 2334,2454,2268,2462,2441,2507,2040,2392,2410,2266,2411,2505,2373,2394,2262,2217,2361,2362,2292,2439
2364: 853,1677,2377,2476,2475,2523,2488,2464,2433,2512,2152,2427,2465,1700,1671,2040,2392,2410
2365: 2419,2416,2310,2378,2265,2157,2152,2357,2352,2414,2355,2379,2333,2409,2263,2267,915,2341,2420,2156,2319,2309,2308,2016,2154,2322,2331,2330,2214,2218
2366: 2213,2207,2211,2418,1997,2426,2210,1976,2031
2367: 2270,2346,2190,2231,2383,2166,2385,2302,2389,2304,2307,2105,2055,2315,2400,2208,2359,1997,2384,2318,2316,2180,2317,2167,2202,2278
2369: 2473,2257,2069
2370: 2521,582
2371: 2525
2485: 2487,2429,2480,2477,2456,2524,2222,2434,2377,2475,2523,2466,2431,2402,2461,2376,2417,2157,2433,2512,2152,2427
2373: 2411,2505,2268,2463,2462,2441,2507,2334,2454,2363,2294,2217,2361,2362,2292,2439
2374: 2215,2311,2299,2024,2333,2409,2263,2267,915,2394,2262,2217,2362,2292,2331,2330,2214,2218,2243,2293,2324,2241,2325,2288,2216,2300,2253,2244,2351,2044,2246
2555: 2483,2444,2446,2448,2209,588,2447,2556,2481,2482
2376: 2461,2417,2157,2524,2222,2487,2429,2480,2477,2456,2485,2377,2476,2475,2523,2466,2431,2402,2433,2512,2152,2427,2406,2320,2415,2356,2357,2158,2352,2414,2355,2379,2419,2416,2310,2378
2378: 2419,2416,2310,2265,2365,2376,2417,2157,2433,2512,2152,2427,2465,2357,2158,2352,2414,2355,2379,2333,2409,2263,915,2420,2319,2309,2308,2016,2322,2330,2218
2379: 2357,2158,2352,2414,2355,2461,2376,2417,2157,2433,2512,2152,2427,2406,2320,2415,2356,2419,2416,2310,2378,2265,2365,2321,2341,2420,2319,2308,2016,2322
2477: 2487,2429,2480,2456,2485,2524,2222,2377,2476,2475,2523,2466,2461,2376,2433,2512,2152,2427
2381: 2044,2240,2245,2347,2246,2215,2243,2293,2324,2241,2325,2424,2386,2046,2253,2244,2351,2382,2344,2408,2275,2234,2283,2110,2094,2338,2282,2339,2337,2089,2345,2404
2382: 2344,2408,2275,2324,2241,2424,2386,2046,2242,2425,2423,2044,2240,2245,2381,2347,2246,2277,2340,2405,2437,2094,2338,2339,2089,2345,2404,2002,2193,2191
2383: 2166,2385,2302,2443,2445,2168,2399,2479,2306,2301,2305,2233,2348,2304,2307,2105,2208,2359,1997,2384,2346,2367,2231
2384: 2208,2359,1997,2233,2348,2383,2166,2385,2302,2304,2307,2105,2270,2346,2367,2190,2231,2167
2385: 2383,2166,2302,2443,2445,2168,2459,2399,2479,2306,2301,2305,2233,2348,2389,2304,2307,2105,2208,2359,1997,2384,2346,2367,2231
2386: 2424,2046,2362,2292,2439,2438,2291,2388,2243,2293,2324,2241,2325,2242,2425,2423,2044,2245,2381,2382,2344,2408,2275,2277,2340,2405,2437
2466: 2431,2402,2484,2548,2530,2524,2222,2434,2487,2429,2480,2477,2456,2485,2179,2461,2376,2417,2157,2306,2403,2406,2415,2356,2352,2414
2388: 2438,2291,2452,2497,2544,2451,2424,2386,2046,2242,2425,2423
2389: 2304,2307,2105,2306,2301,2403,2305,2406,2320,2432,2385,2302,2178,2055,2315,2313,2400,2208,2359,2270,2346,2367,2190,2231,2318,2316,2180,2317,1961
2524: 2222,2434,2484,2548,2530,2487,2429,2480,2477,2456,2485,2179,2466,2431,2402,2461,2376,2417
2391: 2332,2395,2277,2405,2435,2195,2002,2193,2191,2066,2422,2474,2329,2197,2196,2335,2271
2392: 1701,2040,2410,2266,853,1677,2364,2488,2464,2268,2463,2462,2465,1700,1671,2334,2454,2363,2333,2409,2263,2267,915,2394,2262,2217,2361,2362
2393: 2203
2394: 2262,1700,1671,2040,2392,2410,2266,2334,2454,2363,2333,2409,2263,2267,915,2217,2361,2362,2292,2330,2218,2374,2215,2311,2299,2024,2243,2293,2241,2325
2395: 2332,2391,2277,2405,2435,2195,2002,2193,2191,2066,2422,2474,2329,2197,2196,2335,2271
2396: 2525,2174,1790,2455
2488: 2464,853,1677,2364,2268,2463,2462,2465,1700,1671,2040,2392,2410,2266,2334,2454
2398: 2585,2573,2550,2467,2592,2285,2495,2514,2543,2601,2574,1323,2590
2399: 2459,2479,2481,2482,2460,2458,2303,1989,2179,2443,2445,2168,2306,2301,2403,2305,2233,2348,2383,2166,2385,2302,2307
2570: 2095,2087,2050,2229,2121,2099
2402: 2466,2431,2484,2430,2548,2530,2524,2222,2434,2487,2429,2480,2456,2485,2179,2461,2376,2417,2157,2306,2403,2406,2415,2356,2432,2352,2414
2403: 2306,2301,2305,2460,2458,1989,2179,2466,2431,2402,2459,2399,2406,2320,2415,2356,2432,2302,2389,2304,2307,2055,2400
2404: 2089,2345,2240,2245,2381,2347,2382,2344,2408,2275,2277,2340,2405,2437,2094,2338,2339,2002,2193,2191,2066,2276,2281,2280,2139,2279,2237,2132,2329,2197,2196
2405: 2277,2340,2437,2424,2386,2046,2242,2425,2423,2382,2344,2408,2275,2435,2195,2089,2345,2404,2002,2193,2191,2066,2332,2395,2391
2408: 2382,2344,2275,2243,2293,2324,2241,2325,2424,2386,2046,2242,2425,2423,2044,2240,2245,2381,2347,2246,2277,2340,2405,2437,2094,2338,2339,2404
2409: 2333,2263,2267,915,2465,1700,1671,2040,2392,2410,2266,2416,2378,2265,2365,2394,2262,2330,2214,2218,2374,2311,2299,2024
2410: 1701,2040,2392,2266,2364,2488,2464,2268,2463,2462,2465,1700,1671,2334,2454,2363,2333,2409,2263,2267,915,2394,2262,2217,2361,2362,2292
2411: 2505,2373,2268,2462,2441,2507,2334,2454,2363,2452,2497,2294,2217,2361,2362,2292,2439,2438,2291
2593: 2572,927,1915,2496,514,1804,2607,1796
2560: 1933,2539,2559,1951,2541,2516,2504,2501,2508,1914
2414: 2357,2158,2352,2355,2379,2466,2431,2402,2461,2376,2417,2157,2433,2152,2406,2320,2415,2356,2432,2419,2416,2310,2378,2265,2365,2178,2055,2315,2313,2400,2321,2341,2420,2156,2319,2308,2322
2415: 2406,2320,2356,2432,2466,2431,2402,2461,2376,2417,2157,2306,2301,2403,2305,2357,2158,2352,2414,2355,2379,2307,2055,2315,2313,2400,2321,2420,2319
2416: 2419,2310,2378,2265,2365,2461,2376,2417,2157,2433,2512,2152,2427,2465,2357,2158,2352,2414,2355,2379,2333,2409,2263,915,2420,2308,2016,2322,2330,2218
2417: 2461,2376,2157,2524,2222,2434,2487,2429,2480,2456,2485,2377,2466,2431,2402,2433,2152,2406,2320,2415,2356,2432,2357,2158,2352,2414,2355,2379,2419,2416,2310,2378
2418: 2233,2348,2426,2207,2366
2419: 2416,2310,2378,2265,2365,2376,2417,2157,2433,2152,2357,2158,2352,2414,2355,2379,2333,915,2321,2341,2420,2156,2319,2309,2308,2016,2154,2322,2331,2330,2218
2420: 2321,2341,2156,2319,2314,2406,2320,2415,2356,2357,2158,2352,2414,2355,2379,2419,2416,2310,2378,2265,2365,2178,2055,2315,2313,2309,2308,2016,2154,2322,2318,2226,2155,2353,2238,2251,2225,2289
2422: 2474,2428,2529,2332,2395,2391,2335,2271
2423: 2242,2425,2439,2438,2291,2388,2424,2386,2046,2382,2344,2408,2275,2277,2340,2405,2437,2435,2195
2424: 2386,2046,2292,2439,2438,2291,2388,2293,2324,2241,2242,2425,2423,2044,2245,2381,2382,2344,2408,2275,2277,2340,2405,2437
2425: 2242,2423,2439,2438,2291,2388,2424,2386,2046,2382,2344,2408,2277,2340,2405,2437,2435,2195
2426: 2418,2213,2207,2211,2366,1976,2031
2427: 2433,2512,2152,2487,2429,2480,2477,2485,2377,2476,2475,2523,853,1677,2364,2376,2157,2465,1700,1671,2379,2416,2378,915
2428: 2527,2529,2192,540,2151,2422,2474,2542
2429: 2487,2480,2477,2456,2485,2524,2222,2377,2476,2475,2523,2466,2431,2402,2461,2376,2417,2157,2433,2512,2152,2427
2430: 2484,2547,2548,2530,2471,2522,2434,2460,2458,2303,1989,2179,2431,2402
2431: 2466,2402,2484,2430,2547,2548,2530,2524,2222,2434,2487,2429,2456,2485,2179,2461,2376,2417,2157,2306,2301,2403,2305,2406,2320,2415,2356,2432,2158,2352,2414,2355
2432: 2406,2320,2415,2356,2179,2431,2402,2461,2417,2306,2301,2403,2305,2158,2352,2414,2355,2389,2304,2307,2055,2315,2313,2400,2321,2319
2433: 2512,2152,2427,2487,2429,2480,2477,2456,2485,2377,2476,2475,2523,853,2364,2461,2376,2417,2157,2465,2352,2414,2379,2419,2416,2310,2378,2265,915
2434: 2524,2222,2484,2430,2547,2548,2530,2487,2456,2485,2179,2466,2431,2402,2461,2417
2435: 2195,2242,2425,2423,2277,2340,2405,2437,2002,2193,2191,2066,2332,2395,2391
2436: 2343,2519,2287
2438: 2291,2388,2411,2505,2452,2497,2294,2439,2544,2451,2424,2386,2046,2242,2425,2423
2471: 2522,2484,2430,2547,2548,2556,2481,2482,2460,2458,2303,1989,2179
2441: 2507,2268,2463,2462,2363,2411,2505,2373,2452,2497,2294
2443: 2445,2168,588,2458,1989,2459,2399,2479,2233,2348,2383,2166,2385,2302
2444: 2491,2555,2483,2360,2503,2446,2448,2209,588,2447
2445: 2443,2168,2458,1989,2459,2399,2479,2233,2348,2383,2166,2385,2302
2446: 2448,2209,2491,2444,2555,2483,2360,2503,588,2447,455
2447: 588,2491,2444,2555,2483,2446,2448,2209,2556,2481,455
2448: 2446,2209,2491,2444,2555,2483,2360,2503,588,2447,455
2449: 2595,2545,2286,2584,1773,2350,2596,2581
2450: 2536,2457,509,490,2561,2534,2568
2451: 2544,2452,2497,490,2438,2388,2534,2568
2452: 2497,2294,2441,2507,2411,2438,2291,2388,2544,2451
2454: 2334,2363,2488,2464,2268,2463,2462,2040,2392,2410,2266,2411,2505,2373,2394,2262,2217,2361,2362,2292,2439
2455: 2174,2396
2456: 2487,2429,2480,2477,2485,2524,2222,2434,2377,2475,2523,2466,2431,2402,2461,2376,2417,2157,2433,2512,2152
2457: 2536,509,490,2561,2450
2458: 2460,2303,1989,2471,2522,2430,2547,2556,2481,2482,2179,2443,2445,2459,2399,2479,2306,2301,2403,2305
2459: 2399,2479,2482,2460,2458,2303,1989,2179,2443,2445,2168,2306,2301,2403,2305,2385,2302,2307
2460: 2458,2303,1989,2471,2522,2484,2430,2547,2530,2556,2481,2482,2179,2459,2399,2479,2306,2301,2403,2305
2461: 2376,2417,2157,2524,2222,2434,2487,2429,2480,2477,2456,2485,2377,2475,2466,2431,2402,2433,2512,2152,2406,2320,2415,2356,2432,2357,2158,2352,2414,2355,2379,2416,2310
2462: 2268,2463,2488,2464,2441,2507,2040,2392,2410,2266,2334,2454,2363,2411,2505,2373
2463: 2268,2462,2488,2464,2441,2507,2392,2410,2266,2334,2454,2505,2373
2464: 2488,853,1677,2364,2268,2463,2462,2465,1700,1671,2040,2392,2410,2334,2454
2465: 1700,1671,2377,2476,2475,2523,853,1677,2364,2488,2464,2433,2512,2152,2427,2040,2392,2410,2416,2378,2409,2263,915,2262
2467: 2550,2285,2588,2514,2543,2398,2573
2468: 2566,1689,2586,2123,2533
2542: 2125,2428,2527,2529,540,2151
2473: 2369,2257,2069
2474: 2422,2428,2332,2395,2391,2335,2271
2475: 2377,2476,2523,2487,2429,2480,2477,2456,2485,853,1677,2364,2461,2376,2157,2433,2512,2152,2427,2465
2476: 2377,2475,2523,2487,2429,2480,2477,853,1677,2364,2376,2433,2512,2152,2427,2465,1700,1671
2479: 2459,2399,2482,2460,2458,2303,1989,2443,2445,2168,2306,2301,2305,2233,2348,2383,2166,2385,2302,2307,2105
2480: 2487,2429,2477,2456,2485,2524,2222,2377,2476,2475,2523,2466,2402,2461,2376,2417,2157,2433,2512,2152,2427
2481: 2556,2482,2555,2483,2471,2522,588,2447,2460,2458,2303,1989,2399
2482: 2556,2481,2555,2483,2471,2522,588,2460,2458,2303,1989,2459,2399,2479
2483: 2555,2444,2446,2448,2209,588,2447,2556,2481,2482
2484: 2430,2547,2548,2530,2471,2522,2524,2222,2434,2460,2303,2179,2466,2431,2402
2486: 2504,1951,2541,2540,1874,1933,2489,1830,1882,1884,2554,2501,2508,1938,1914,1907,1838
2487: 2429,2480,2477,2456,2485,2524,2222,2434,2377,2476,2475,2523,2466,2431,2402,2461,2376,2417,2157,2433,2512,2152,2427
2489: 1830,1882,1884,2554,2540,1874,2486,2504,2510,2508,1938,1914,1907,1838,2494
2490: 2601,2574,2617,2588,2543,2585,2573,2589,2587,2469,2604
2491: 2444,2360,2503,2446,2448,2209,2447
2566: 2468,1689,2586,2123,2533
2493: 2613,2610,2559,2516
2494: 1871,2489,1830,1882,2554,2510,1838,1606,1915,2537,2583
2495: 2592,2285,2550,2543,2585,2398,2573
2496: 1915,2537,927,2583,2593,2572
2497: 2452,2294,2441,2411,2438,2291,2388,2544,2451
2498: 2148,2224,2499,926
2499: 2148,2224,2498,926
2579: 2602,2021,2594,2255,2189,2563,977
2501: 2516,1933,2560,2539,2486,2504,2508,1938,1914,1907,927
2595: 2449,2545,2286,2584,1773,2350,2596,2581
2503: 2360,2491,2444,900,2446,2448,2209
2504: 2486,1951,2541,2540,1874,1933,2560,2539,2489,1830,1882,1884,2501,2508,1938,1914,1907,1838
2505: 2411,2373,2268,2463,2462,2441,2507,2334,2454,2363,2294,2217,2361,2362,2292,2439,2438
2563: 2515,2615,2602,2579
2507: 2441,2268,2463,2462,2363,2411,2505,2373,2452,2294
2508: 1938,1914,1907,1933,2560,2539,2486,2504,2489,1884,2501,927,2537
2509: 1872,1867,2558,1905,2571,2540,1874
2510: 2540,1874,1770,2489,1830,1882,1884,2554,1838,2494,1871,1606
2511: 2557,2597,2591,2569
2512: 2433,2152,2427,2487,2429,2480,2477,2456,2485,2377,2476,2475,2523,853,1677,2364,2461,2376,2157,2465,1700,1671,2352,2379,2416,2378,915
2564: 2614,2612,945,2611,2609,2606,1946,2567,2576,2616,2603,2599,2562,2613,2610,1625,237
2514: 2543,2550,2467,2285,2588,2585,2398,2573,2589,2587,2469,2601,2574
2515: 2615,2563
2516: 2559,1951,2541,2493,1933,2560,2539,2501
2613: 2610,2606,1946,2616,2603,2599,2562,2598,2614,2612,945,2611,2609,2564,1625,237,2493
2614: 2612,945,2611,2609,2564,2606,1946,2567,2576,2616,2603,2599,2613,2610,1625,237
2519: 2287,2343,2436
2528: 1926,2578,2608,1899,2582,2535,1913,1867,2600,2598
2529: 2428,2527,2192,540,2151,2422,2542
2530: 2484,2430,2547,2548,2522,2524,2222,2434,2460,2179,2466,2431,2402
2539: 1933,2560,2559,1951,2541,2516,2504,2501,2508,1914
2534: 2568,490,2561,2450,2544,2451,2192
2535: 1913,1867,502,1979,1883,2528,1926,2578,2558,1872
2536: 2457,509,490,2561,2450
2537: 1915,2496,2508,1938,1914,1907,1838,2494,927,2583
2586: 2123,1689,2566,2468
2545: 2286,2584,2449,2595,1773,2350,2596,2581
2571: 2558,1905,1887,1912,1872,2509,2540,1874,1770
2547: 2484,2430,2548,2530,2471,2522,2434,2460,2458,2303,2179,2431
2548: 2484,2430,2547,2530,2471,2522,2524,2222,2434,2179,2466,2431,2402
2549: 2173,2358
2550: 2467,2592,2285,2495,2514,2543,2398,2573
2551: 2407,2565,2442,589,918,1477,1341
2554: 2489,1830,1882,1884,2540,1874,1770,2486,2510,1907,1838,2494,1871
2556: 2481,2482,2555,2483,2471,2522,588,2447,2460,2458,2303
2557: 2597,2511,2591,2588,2589,2587,2469
2561: 490,2536,2457,509,2450,2534,2568
2562: 2603,2599,2605,2618,1899,2582,1946,2567,2616,2600,2598,2564,2613,2610
2565: 2407,2551,2442,589,1477,1341
2568: 2534,490,2561,2450,2544,2451,2192
2569: 2533,2597,2511
2572: 2593,927,2496,514,1804,2607,1796
2573: 2585,2398,2550,2467,2592,2285,2495,2514,2543,2601,2490,2574,2617,2604,2575,1323,2590
2574: 2601,2490,2617,2588,2514,2543,2585,2398,2573,2589,2587,2469,2604
2576: 2606,1946,2567,2616,2603,2599,2614,2612,2609,2564,2610
2584: 2545,2286,2449,2595,1773,2350,2596,2581
2587: 2589,2469,2557,2591,2588,2514,2543,2601,2490,2574,2617
2592: 2285,2495,2550,2543,2585,2398,2573
2594: 2021,2072,966,2255,2189,2602,2579
2596: 1773,2350,2581,2545,2584,2449,2595
2597: 2557,2511,2591,2569
2598: 2600,2605,2618,1899,2582,2528,1926,2603,2599,2562,2613,2610
2606: 1946,2567,2576,2616,2603,2599,2614,2612,945,2611,2609,2564,2613,2610
2607: 1804,2593,2572,514,1796,1793
2608: 2605,2618,1899,2582,2528,1926,2578
2609: 2614,2612,945,2611,2564,2606,1946,2576,2616,2603,2599,2613,2610,1625,237
2610: 2613,2606,1946,2567,2576,2616,2603,2599,2562,2598,2614,2612,945,2611,2609,2564,1625,237,2493
2616: 2606,1946,2567,2576,2605,2618,2603,2599,2562,2614,2612,2609,2564,2613,2610
2618: 2605,2608,1899,2582,1946,2567,2616,2603,2599,2562,2600,2598