1574: 1290,1605
543: 
1068: 1612,1067,1069,1620,1618,1063,1065,1609,1083,1619,1062,237,1066
1141: 1100,1197
1543: 1349,475,902
566: 
949: 
1581: 1562
1445: 1530
1126: 1128,1136,1617,1614,153,1037,1613,1162,1611,1020,1011,1621,1610
977: 
1519: 1564,1450,1531,1479,1467,1476,1430,1554
1373: 1379,1394,1415,1365,1467,1476,1430,1506,1478,487,1345,1317,1346,1426,1316,323,1431
1572: 1527,902
1394: 1379,1415,1373,1365,1467,1345,1317,1346,1426,323,1431
535: 
754: 69
1459: 1525,1419,1557,952,1365,1467,1526,1561,1379
1509: 1357,1345,1472,1428
583: 
1619: 1068,1618,1063,1065,1609,1083,1062,237,1066,1174
1376: 1501,1425
900: 
1520: 1495,1456,1518,1424,1496,1571,1404,1387
1337: 1295,1521,1613,1605,1610
500: 
520: 
1393: 1346,1426,1316,323,1431,1415,1478,487,1345,1317,1425,1461,1464,1472,1395
1602: 1512,1532,453,1592,1528
29: 
562: 
509: 
1174: 1619,1062,237,1066,1616
822: 1487,1526,1561,1585,1565,985
947: 
563: 
985: 1526,1561,1487,822,482
1450: 1531,1479,1519,1564,1554
1434: 1512
1556: 1576
995: 
551: 
1532: 1512,1602,453
957: 
1540: 1499,1571
1367: 
961: 917
495: 
1456: 1520,1495,1424,1496,1499,1571,1404,1387,1419,1557,952
968: 
1587: 449,1606
929: 
939: 
905: 522
1461: 1425,1464,1346,1393,1426,1316,323,1431,1472,1395,1399,1452
552: 
572: 
1506: 1478,487,1365,1467,1476,1430,1554,1379,1415,1373,1426,1316,323,1431
560: 
504: 
1479: 1450,1531,1519,1564,1430,1554
61: 1460,1398,1414,1551,1409
539: 979
558: 
1527: 1572,902
1495: 1520,1456,1424,1496,1404,1387
1582: 1569,591
922: 579
589: 
69: 754
1600: 1589
598: 
1202: 
1128: 1126,1136,1617,1614,153,1037,1613,1162,1611,1020,1011,1621,1610
587: 
515: 
1571: 1499,1537,1520,1456,1540,1387,1419,1557,952
569: 946
996: 
854: 
605: 227
916: 489,413
1172: 
1605: 1290,1574,1037,1521,1337
591: 1582,1569
926: 
1487: 822,1526,1561,1585,1565,985
1513: 1548,907,1590,1601,488
532: 
944: 
582: 
1295: 1521,1337,1610
948: 
1349: 1543,475,902
1064: 1088
588: 
1253: 1278
994: 986,1563,1474,1514
1518: 1424,1496,1520
1496: 1518,1424,1520,1495,1456
1266: 1151,525
593: 
1426: 1346,1393,1316,323,1431,1394,1415,1373,1506,1478,487,1345,1317,1425,1461,1464,1472,1395
544: 
908: 945
1606: 449,1587
955: 
1346: 1393,1426,1316,323,1431,1379,1394,1415,1373,1478,487,1345,1317,1425,1461,1464,1472,1395
906: 
659: 
581: 
498: 
932: 
575: 927
993: 
1475: 1575,967
531: 
1395: 1399,1346,1393,1426,1316,323,1431,1425,1461,1464,1472,1452
1428: 1489,1509,1357,1472,1398
513: 
1278: 1253
1387: 1520,1495,1456,1499,1571,1404,1557,1503,1525
1316: 1346,1393,1426,323,1431,1415,1373,1506,1478,487,1345,1317,1425,1461,1464,1395
1604: 853,915
1458: 1397
506: 
975: 
911: 
555: 
597: 
979: 539
988: 
963: 
1535: 
538: 526
951: 
1348: 1402
536: 
592: 
1063: 1618,1065,1609,1083,1612,1067,1069,1620,1068,1615,1619,237,1066,1616
1562: 1581
1569: 1582,591
986: 994,1588,157
559: 901
586: 
903: 
1589: 1600
596: 
1359: 
557: 965
580: 
537: 
978: 
153: 1614,1126,1128,1136,1617,1162,1611,1020,1011,1621
980: 962
1151: 1266,525
568: 
157: 1588,986,997
965: 557
1413: 1453
902: 1543,1349,475,1527,1572
556: 
1503: 1404,1387
1430: 1476,1519,1564,1479,1365,1467,1554,1379,1415,1373,1506,1478,487
541: 
594: 
166: 1015,311,1005
820: 
507: 
700: 1009,454
1528: 1592,1602
519: 
550: 
1547: 1580,456
574: 
940: 966,571
1065: 1618,1063,1609,1083,1612,1067,1069,1620,1068,1615,1619,1062,237,1066,1616
1399: 1395,1425,1461,1464,1452,1460
923: 
1062: 237,1066,1068,1618,1065,1083,1615,1619,1616,1174
1053: 
901: 559
501: 
1588: 157,986,997
992: 
1290: 1605,1574
534: 
967: 1575,1475
573: 
547: 
976: 
919: 
1415: 1379,1394,1373,1365,1467,1476,1430,1506,1478,1345,1317,1346,1393,1426,1316,323,1431
1565: 1585,1487,822,233
590: 
1464: 1425,1461,1478,487,1346,1393,1426,1316,323,1431,1472,1395,1399,1452
1514: 1474,994
962: 980
927: 575
1578: 1388,1558,959
584: 
934: 
1531: 1450,1479,1519,1564,1554
953: 
1197: 1141
973: 
517: 
982: 
1357: 1509,1345,1472,1428
924: 
1453: 1413
1424: 1518,1496,1520,1495,1456
990: 942
578: 
1341: 1477,840
1149: 1184
1388: 1578,1558,959
1502: 1536
914: 
1419: 1557,952,1456,1499,1571,1459,1525,1365
1011: 1162,1611,1020,1621,1614,153,1126,1128,1136,1617,1037,1613,1610
1607: 232
925: 
1521: 1295,1337,1613,1605,1610
1100: 1141
1489: 1428,1472,1460,1398
941: 
227: 605
912: 
950: 
943: 
1443: 1598
232: 1607
233: 1585,1565
1551: 1414,61,1409
1404: 1520,1495,1456,1387,1503
579: 922
237: 1062,1066,1068,1618,1063,1065,1609,1083,1615,1619,1616,1174
508: 
920: 
1379: 1394,1415,1373,1459,1525,1365,1467,1476,1430,1506,1478,1345,1317,1346,1431
599: 
1580: 1547,456
514: 
1476: 1430,1519,1564,1365,1467,1554,1379,1415,1373,1506,1478,487
971: 
972: 
1557: 1419,952,1456,1499,1571,1387,1459,1525,1365
1583: 1603
1585: 1565,1487,822,233
1402: 1348
1576: 1556
1345: 1317,1379,1394,1415,1373,1346,1393,1426,1316,323,1431,1509,1357
1526: 1561,1459,1487,822,985
1512: 1434,1532,1602
512: 
942: 990
571: 940
1478: 1506,487,1365,1467,1476,1430,1554,1379,1415,1373,1317,1346,1393,1426,1316,323,1431,1425,1464
1501: 1376,1554,1425
1563: 994
928: 
1499: 1571,1537,1456,1540,1387,1419,1557,952
567: 
528: 
909: 419
1467: 1365,1519,1459,1476,1430,1379,1394,1415,1373,1506,1478,487
524: 
998: 494
853: 1604,915
585: 
523: 
1525: 1459,1387,1419,1557,952,1365,1561,1379
915: 853,1604
1009: 700,454
533: 
959: 1558,1537,1578,1388
913: 
530: 
496: 
1088: 1064
522: 905
958: 
553: 
1474: 1514,994
1365: 1467,1419,1557,1459,1525,1476,1430,1379,1394,1415,1373,1506,1478
1530: 1445
510: 
542: 
960: 
984: 
952: 1419,1557,1456,1499,1571,1459,1525
595: 412,438
1561: 1526,1459,1525,1487,822,985
505: 
521: 
999: 
1162: 1611,1020,1011,1621,1614,153,1126,1128,1136,1617,1613,1610,492
518: 
1470: 1409
502: 
956: 
1414: 1551,1460,61,1409
933: 545
904: 
1015: 166,311,1005
1066: 1062,237,1068,1618,1063,1065,1609,1083,1615,1619,1616,1174
549: 
991: 
1268: 1326,480
1454: 1323,482
311: 1005,1015,166
554: 
497: 
1536: 1502
548: 
526: 538
989: 
1069: 1620,1612,1067,1068,1618,1063,1065,1609,1083,1615
1601: 1590,1513,1548
545: 933,452
576: 
945: 908
323: 1346,1393,1426,1316,1431,1394,1415,1373,1506,1478,487,1345,1317,1425,1461,1464,1395
981: 
946: 569
516: 
327: 
1161: 
570: 
1037: 1613,1126,1128,1136,1617,1605,1611,1020,1011,1621,1610
1592: 1528,1602,453
918: 
1184: 1149
1425: 1461,1464,1478,487,1501,1376,1346,1393,1426,1316,323,1431,1395,1399,1452
1323: 1454,482
1020: 1162,1611,1011,1621,1614,153,1126,1128,1136,1617,1037,1613,1610,492
1243: 
499: 
1460: 1399,1452,1489,1398,61,1414
840: 1477,1341
938: 
966: 940
1391: 1515,1444
937: 
1477: 1341,840
921: 
347: 
1326: 1268
540: 
997: 1588,157
503: 
917: 961
1515: 1391
1537: 1558,959,1499,1571
546: 
1067: 1612,1069,1620,1068,1618,1063,1065,1609,1083
970: 
1603: 1583
1488: 
1452: 1425,1461,1464,1395,1399,1460
627: 
1431: 1346,1393,1426,1316,323,1379,1394,1415,1373,1506,1478,487,1345,1317,1425,1461,1464,1472,1395
931: 
565: 
529: 
1005: 311,1015,166
561: 
1472: 1346,1393,1426,1431,1461,1464,1509,1357,1395,1428,1489
964: 
1398: 1428,1489,1460,61,1444,1409
1317: 1345,1379,1394,1415,1373,1478,1346,1393,1426,1316,323,1431
954: 
1575: 967,1475
1590: 1601,1513,1548
1444: 1398,1391,1409
1558: 959,1537,1578,1388
1548: 1513,907,1590,1601,488
564: 
511: 
1586: 
969: 
527: 
1136: 1126,1128,1617,1614,153,1037,1613,1162,1611,1020,1011,1621,1610
1554: 1519,1564,1450,1531,1479,1476,1430,1506,1478,1501
987: 
935: 420
1397: 1458
1083: 1618,1063,1065,1609,1612,1067,1069,1620,1068,1615,1619,1062,237,1066,1616
974: 
907: 1513,1548
1598: 1443
930: 
577: 
983: 
525: 1266,1151
1409: 1398,61,1414,1551,1444,1470
1564: 1519,1450,1531,1479,1476,1430,1554
910: 
936: 426
400: 
401: 
402: 
403: 
404: 
405: 
406: 
407: 
408: 
409: 
410: 
411: 
412: 595
413: 916
414: 
415: 
416: 
417: 
418: 
419: 909
420: 935
421: 
422: 
423: 450
424: 
425: 
426: 936
427: 
428: 
429: 
430: 
431: 
432: 
433: 
434: 
435: 
436: 
437: 
438: 595
439: 
440: 
441: 
442: 
443: 
444: 
445: 460
446: 
447: 450
448: 
449: 1606,1587
450: 423,447
451: 
452: 545
453: 1532,1602,1592
454: 700,1009
455: 
456: 1580,1547
457: 
458: 
459: 
460: 445
461: 
462: 
463: 
464: 
465: 
466: 
467: 
468: 
469: 
470: 
471: 
472: 
473: 
474: 
475: 1543,1349,902
476: 
477: 
478: 
479: 
480: 1268
481: 
482: 985,1454,1323
483: 
484: 
485: 
486: 
487: 1506,1478,1467,1476,1430,1373,1346,1393,1426,1316,323,1431,1425,1464
488: 1513,1548
489: 916
490: 
491: 
492: 1162,1020
493: 
494: 998
1609: 1618,1063,1065,1083,1612,1067,1069,1620,1068,1615,1619,237,1066,1616
1610: 1126,1128,1136,1617,1037,1613,1162,1611,1020,1011,1621,1295,1521,1337
1611: 1162,1020,1011,1621,1614,153,1126,1128,1136,1617,1037,1613,1610
1612: 1067,1069,1620,1068,1618,1063,1065,1609,1083
1613: 1037,1126,1128,1136,1617,1162,1611,1020,1011,1621,1610,1521,1337
1614: 153,1126,1128,1136,1617,1162,1611,1020,1011,1621
1615: 1069,1620,1618,1063,1065,1609,1083,1062,237,1066,1616
1616: 1618,1063,1065,1609,1083,1615,1062,237,1066,1174
1617: 1126,1128,1136,1614,153,1037,1613,1162,1611,1020,1011,1621,1610
1618: 1063,1065,1609,1083,1612,1067,1069,1620,1068,1615,1619,1062,237,1066,1616
1620: 1069,1612,1067,1068,1618,1063,1065,1609,1083,1615
1621: 1162,1611,1020,1011,1614,153,1126,1128,1136,1617,1037,1613,1610