1574: 1605,2706,2641,2906,514
543: 
1068: 1632,1656,1630,1655,1659,1653,1654,1657,1658,1640,1638,1627,1619,1624
1141: 1100
1543: 1349,547
566: 438
949: 
1581: 1562,430,556
1445: 1530
1701: 1671,2454,2364,1700,2465,2410,2266
977: 2660,2690,2630,2658,2633,2683,2657
1519: 1564,1450,1531,1476,1430
1373: 1467
1572: 1527,907,1580,1547,497,559
1394: 1415,903,597,1431,1346
535: 
1939: 2580,444,2602
1459: 1503,1404,1525
2808: 2778,2801,2809,2824,2797,2915,2785,2855
583: 1976,1936,2164,2031
1619: 1640,1638,1627,1644,1624,1646,1632,1068,1630,1655,1659,1653,1657,1636,1645,1639
1376: 1501
900: 
1520: 1495,904
1337: 1690,1702,1665
500: 
520: 523
1393: 1431,1426,1346,1461,1395
1602: 2669,1323,1454,1532,584
1623: 1066,1618,1063,1065,1615,1083,1053,1664
562: 
509: 2438,2291,2452,2497
1174: 2026,2119,1062
822: 1487,926,2148,2224,2498,2499,2174,2455
947: 
563: 
985: 
1450: 1531,1519,1564,1476,1430
2261: 2337,2258,2181,2312,2282,2253,2283,2342,2110,2347,2240,2338,2275,2094,2002,2339,2193,1994,2184,2159,2204,2076,2045,2115,2187,2236,2201,2140,2091,2272,2280,2139,2279,2281
1556: 1576
995: 1867,1913,2578,2619,2528
551: 2692,932,2716
1532: 1602
957: 
1540: 1499,1571
1687: 1668,1685,969
961: 
495: 
1456: 1387
968: 431
1718: 1765
929: 
939: 
905: 
1461: 1431,1393,1426,1346,1395
552: 
572: 2371,2525,1768,1832
1506: 1478
560: 2664,2723,493
504: 
1479: 1554,448
61: 1460
539: 510
558: 1768,1832
1527: 1572,907,1580,1547,497,559
1495: 1520,999
2145: 2549,3025,3055,3090,2097,2161,2963,3075,2329,2977,2173,2358
922: 437
589: 2590,2627,2495,2592,2449,2595,2655,2596
1874: 1882,1830,2540,1907
1600: 1789
598: 
1202: 
1781: 1752
587: 
515: 907,1580,1547
1571: 1540,1499
569: 1921,1974,1955,1986,1843,1917
996: 1740
1823: 1940,2073,1992,946,1972,2015,502,1941,1965
1690: 1337,1702,1665
916: 2173,2358,580
1172: 1136,1635
1605: 1574,2706,2641,2906,514
591: 
926: 1487,822
1487: 822,926,2148,2224,2498,2499,2174,2455
1513: 1548
532: 
944: 3050,2943,3067,2938,3079,2891,3038,3069,2929,3042,2737,494
582: 
1295: 1424,1672
948: 439
1349: 1543,547
1064: 2646,1088,908
588: 2481,2556,2399,2479,2443,2445,2233,2348,2168,2105,2367,2385
1253: 1278,700,1662,1651
994: 
1518: 
1496: 1660
2729: 2727,2711,2701
593: 
1426: 1431,1393,1346,1461,1395
544: 
908: 1088,1064,1629,1633
1606: 1853
955: 
1346: 1431,1393,1426,1415,1394,1461,1395
906: 
1635: 1136,1172,1650,1676
581: 
498: 
932: 551,2716
575: 2509,2571
993: 1779,1767
1646: 1640,1638,1627,1619,1644,1624,1655,1636,1645,1639,1680,1648
531: 1788,1970
1395: 1431,1393,1426,1346,1461
2602: 2579,1939,2021,2594,2189,2255,1886,1991
513: 
1278: 1253,700,1662,1651
1387: 1456
2541: 1951,2648,2516,2559,2647,1933,2560,2539,2709,2486,2504,1884,2708
1671: 1701,2454,853,1677,2364,1700,2464,2465,2488,2040,2392,915,2334,2333,2410,2266,2394
1458: 1397,901
506: 409
975: 
911: 980,1719,1763
555: 2982,3080
597: 1415,1394
979: 
988: 538
963: 
1684: 1663,1588,157
538: 988
951: 
1348: 1402
536: 2935,3086,2761,2834,3045,2936,2991,2741
592: 
1063: 1618,1065,1615,1083,1612,1067,1069,1620,1066,1623
1562: 1581,430,556
2578: 1867,1913,995,2599,2600,2619,2528
986: 
559: 1580,1547,1527,1572
586: 1750,2706
903: 1415,1394,1430,1431
1589: 1732,912
596: 1521,1731
1670: 1743
557: 
580: 916
537: 
978: 
3073: 2942,2924,3017,2941,3065,3074,2899,2939,2752,2940,964,3071,2943,3067,2938,3069,3050
980: 911,1719,1763
1974: 569,1921,1948,1864,1922,1843,1917
568: 2098,3021,3070,2043,2204,2076,2045,2115,2187,2236,2201,2140,2091,2272,2280,2139,2279,2090,2075,3015,2999,3051,3088,2030,1966,2003,1987,2956
157: 1588,1663,1684
965: 1612,1067,1069,1620
2637: 2613,2630
902: 
556: 1562,1581
1503: 1404,1459
1430: 1476,1519,1564,1450,1531,903
541: 
594: 
166: 1015
1708: 1746,415
507: 
700: 1637,1278,1253
1528: 521,1592
519: 
550: 1634,1631,1184
1547: 1580,515,907,1527,1572,559
574: 
940: 1967,571,2165,2349,1936
1065: 1618,1063,1615,1083,1612,1067,1069,1620,1066,1623
1837: 1783,1714
923: 
1062: 1174
1053: 1066,1623
901: 1458,1397
501: 
1588: 157,1663,1684
992: 
1290: 1685
534: 2057,2004,1876,1803
967: 
573: 
547: 1543,1349
976: 
919: 
1415: 1394,903,597,1431,1346
1565: 1585
590: 524,1955,1986,2033,2059
2687: 2642,2721,2674,2713
1514: 1474
962: 1703,1720
927: 1793,1891,1915,2496
1578: 1388
584: 1602,1323,1454
934: 
1531: 1450,1519,1564,1476,1430
953: 
1197: 
973: 
517: 
982: 
2811: 2989,2990,3061,3102,2930,3047,2766,2844,2914,2795,2931,3033,2900,3014,2843,2898,3046,2879,2928,3048,3093,3043,2926,2951,3041,3105,2922,3104,3023,3077,3049,2813,3100,3022,3081,3024,2934,3084
924: 
1891: 1793,2501,927
1424: 1672,1685,1295
990: 
578: 2561,2450
1341: 1477,2858,3000
1149: 1184,461
1388: 1578
1502: 1536
914: 
1419: 1557
1693: 1707,1725,1754,1698,1723
2873: 2776,2895,2847,2882,2854,2779,3010,2833,2925,2876,2780,2832,2877,2831,2805,2846,2756,2829
925: 
1521: 1731,596
1100: 1141
2107: 2188,2186,2259,2185,2183,2182,2247,2235,2248,2129,2249,2250,2131,2252,2323,2150,2312,2282,2253,2283,2163,2062,2162,2256,2130,2138,1994,2184,2159,2133,2160,2093,2204,2076,2045,2115,2187
941: 
1659: 1630,1655,1653,1654,1657,1658,1632,1068,1656,1640,1638,1627,1619,1624,1639
912: 1589,1732
950: 
943: 
1443: 1598
2753: 2810,2794,2792,2884,2843,2898,2918,2738,2920
2540: 1882,1830,1874
1551: 1414
1404: 1503,1459,1525
579: 
2768: 2909,2841,2827,2878,2837,2838,2533,2836,2842,2825,2923,2901,2840,2819,3026
508: 
920: 
3003: 2386,2324,2241,2046,2408,2293,2439,2292,2424,2411,2243,2325,2423,2425,2242,2044,2215,2381,2244,2993,2245,2089,2404,2345,2344
599: 
1580: 1547,515,907,1527,1572,559
514: 2641,2906,1574,1605
1476: 1430,1519,1564,1450,1531
971: 
972: 477
1557: 1419
1583: 1603,3030,2870,3092,3097,2986,2871,424
1585: 1565
1402: 1348
1576: 1556
2657: 2683,977,2630,2658,2633,2661,2663
1526: 1561,2442,2565
2281: 2280,2139,2279,2337,2258,2261,2181,2236,2201,2140,2091,2272,2260,3001,2237,2132,2043,3015,2199,2999,3051,3088,2097,512
512: 3090,2097,2280,2139,2279,2281,2260,3001,2237,2132,2197,3015,2199,2999,3051,3088,2963,3075,2329,3087,2977
942: 
571: 940,1967
1478: 1506
1501: 1376
1563: 
928: 
1499: 1540,1571
567: 
528: 
909: 
1467: 1373
524: 1955,1986,590,2033,2059
998: 426
853: 1677,2364,2377,2476,2475,2523,2512,2427,1700,2465,2152,2040,2392,915,1671
585: 
523: 520
1525: 1404,1459
915: 2040,2392,2377,2476,2475,2523,2512,2427,853,1677,2364,1700,2465,2433,2152,2416,1671,2265,2378,2365,2267,2333,2410,2266
2822: 2926,2951,2976,2913,2975,2911,3022,3081,3024,2934,3084,3059,2912,3058,2755,2823,3060
533: 
959: 
913: 
530: 429
496: 441
1088: 2704,2611,2646,1858,1064,1820,908
522: 
958: 
553: 463
1474: 1514
3013: 2335,2271,2395,2191,2196,2277,2405,2332,2391,2992,2985,2066,2422,2988,2474,3005,2237,2132,2529,2428
1530: 1445
510: 539
542: 
960: 
984: 
952: 482
595: 
1561: 1526,2442,2565
505: 
521: 1528,1592
999: 449,1495
2589: 3062,2907,2625,3056,2995,2996
518: 
1680: 1639,1648,1655,1640,1638,1644,1624,1646,1636,1645,1754
502: 1941,2073,1992,946,1940,1823,1912,1887,1965
956: 
1414: 1551
933: 1844,1877,1766
904: 1520
1015: 166
1066: 1623,1618,1063,1065,1615,1083,1053,1686,1664
549: 477
991: 2116,1973,2053
1268: 1326
1454: 1323,503,1602,584
2801: 2778,2809,2808,2824,2797,2915,2785,2855
554: 430
497: 1527,1572
1536: 1502
548: 421
526: 
989: 
1069: 1620,965,1612,1067,1063,1065,1615,1083
1601: 1590
545: 
576: 
945: 2663,2722,2692,2700,2614,2673,2675
2730: 2678,1634,1631
981: 1797,1772,1802,1760,452,1729
946: 1942,1963,2073,1992,1972,502,1941,1940,1823
516: 1988
1637: 700
1161: 
570: 
1985: 2116,1973,2053
1592: 1528,521
918: 2449,2595,2655,2596,2407
1184: 550,461,1149
1714: 1694,1837,1783
1323: 1454,503,1602,584
1686: 1664,1066
1243: 
499: 
1460: 61
1732: 1589,912
938: 1689,2468,2566
966: 3009,2029,3063,2052,2121,2997,3054,2114,2054,2080,2113,2134,2095,2570,1942
1700: 2464,2465,853,1677,2364,2488,2040,2392,915,1701,1671,2454,2334
937: 
1477: 1341,2858,3000
921: 
1698: 1723,1707,1693,1725
1326: 1268
540: 2151,2653
997: 
503: 1323,1454
917: 
1766: 933,1844,1877,1818,1978,1836
1537: 1558
546: 
1067: 1612,965,1069,1620,1618,1063,1065,1615,1083
970: 
1603: 1583,3030,2870,3092,3097,2986,2871,424
2233: 2443,2445,2348,2168,2481,2556,588
1668: 1687,1685,969
1719: 1763,911,980
1431: 1393,1426,1346,1415,1394,903,1461,1395
931: 
565: 
529: 
2852: 2804,2887,2802,2863,2908,2815,2777,2853,2848,2746
561: 
1624: 1640,1638,1627,1619,1644,1646,1632,1068,1630,1655,1659,1653,1654,1657,1658,1636,1645,1639,1680,1648
964: 2924,3017,2941,3065,3074,2899,2939,2942,3073,3069
2033: 2059,590,2006,2068,524,1955,1986
2877: 2780,2832,2831,2895,2873,2776,2847,2854,2779,3010,2833,2925,2876,2846,2756,2829,2948,2892,2888,2828,2758,2837,2533,2836
954: 
1575: 1642,1641,1643
1590: 1601
2104: 2164,2031,2103,2232,1976,2210,2072,2223,2087,2050
1558: 1537
1548: 1513
564: 2721,2674
511: 
1788: 1863,1807,1870,1970,531
969: 1668,1687
527: 2728,2699
1136: 1635,1172,1650,1676
1554: 1479
987: 
935: 
1397: 1458,901
1083: 1618,1063,1065,1615,1612,1067,1069,1620,1066,1623
974: 
907: 515,1580,1547,1527,1572
1598: 1443
930: 
577: 
983: 
525: 409
1984: 1855
1564: 1519,1450,1531,1476,1430
910: 413
936: 2968,3012,3094,2910,3011,2894,2885,2905,2984,3053,2896,3099,3029,3103,3052,2987,3096,3027,3002,2903
400: 
401: 
402: 
403: 
404: 
405: 
406: 
407: 2287
408: 
409: 525,506
410: 465
411: 1785,1928
412: 
413: 910
414: 
415: 1708,1746
416: 
417: 
418: 
419: 
420: 
421: 548
422: 
423: 
424: 1603,1583
425: 
426: 998
427: 
428: 
429: 530
430: 1562,1581,554
431: 968
432: 2772,2742,2586,2123,2864,2862
433: 
434: 
435: 
436: 
437: 922
438: 566
439: 948
440: 
441: 496
442: 1846,1729
443: 
444: 2072,2223,1939,2580
445: 
446: 
447: 
448: 1479
449: 999
450: 2468,2566
451: 1768,1832
452: 1797,1772,1802,1760,1846,1729,981
453: 
454: 
455: 
456: 487
457: 
458: 
459: 2707,2762
460: 
461: 1184,1149
462: 
463: 553
464: 
465: 410
466: 
467: 
468: 
469: 
470: 
471: 
472: 2568,2534
473: 
474: 
475: 
476: 
477: 549,972
478: 2026,2119
479: 
480: 
481: 
482: 952
483: 
484: 
485: 
486: 2557,2744,2835,2807,2890,2960,3062,2907
487: 456
488: 
489: 
490: 
491: 
492: 
493: 560,2664,2723
494: 944,3050,2929,3042,2737,3041,3105,2922,3104
2976: 2843,2898,2918,2738,2920,2926,2951,2913,2975,2911,2934,3084,2822
2725: 2695
1676: 1650,1136,1635
1612: 1067,965,1069,1620,1618,1063,1065,1615,1083
1721: 1695
1672: 1424,1685,1295
1615: 1618,1063,1065,1083,1612,1067,1069,1620,1066,1623
1729: 1846,1797,1772,1802,1760,452,442,981
3074: 2941,3065,2899,2939,2826,3028,3018,3016,2933,3020,2952,3066,2924,3017,2752,2940,964,2942,3073,3071,3067,2938
1618: 1063,1065,1615,1083,1612,1067,1066,1623
1620: 1069,965,1612,1067,1063,1065,1615,1083
1627: 1640,1638,1619,1644,1624,1646,1632,1068,1655,1659,1653,1657,1636,1645,1639
1636: 1645,1640,1638,1627,1619,1644,1624,1646,1639,1680,1648
1629: 1633,908
1630: 1655,1659,1653,1654,1657,1658,1632,1068,1656,1640,1638,1619,1624,1639
1631: 1634,2730,550
1632: 1068,1656,1630,1655,1659,1653,1654,1657,1658,1640,1638,1627,1619,1624
1633: 1629,908
1634: 1631,2730,550
1638: 1640,1627,1619,1644,1624,1646,1632,1068,1630,1655,1659,1653,1654,1657,1658,1636,1645,1639,1680,1648
1639: 1680,1648,1630,1655,1659,1653,1654,1657,1658,1640,1638,1627,1619,1644,1624,1646,1636,1645
1640: 1638,1627,1619,1644,1624,1646,1632,1068,1630,1655,1659,1653,1654,1657,1658,1636,1645,1639,1680,1648
1641: 1643,1575,1642
1642: 1575,1641,1643
1643: 1641,1575,1642
1644: 1640,1638,1627,1619,1624,1646,1655,1636,1645,1639,1680,1648
1645: 1636,1640,1638,1627,1619,1644,1624,1646,1639,1680,1648
1685: 1290,1424,1672,1668,1687
1648: 1639,1680,1655,1640,1638,1644,1624,1646,1636,1645,1754
1696: 1679
1650: 1676,1136,1635
1651: 1662,1278,1253
1677: 853,2364,2377,2476,2475,2523,2512,2427,1700,2464,2465,2040,2392,915,1671
1653: 1630,1655,1659,1654,1657,1658,1632,1068,1656,1640,1638,1627,1619,1624,1639
1654: 1630,1655,1659,1653,1657,1658,1632,1068,1656,1640,1638,1624,1639
1655: 1630,1659,1653,1654,1657,1658,1632,1068,1656,1640,1638,1627,1619,1644,1624,1646,1639,1680,1648
1656: 1632,1068,1630,1655,1659,1653,1654,1657,1658
1657: 1630,1655,1659,1653,1654,1658,1632,1068,1656,1640,1638,1627,1619,1624,1639
1658: 1630,1655,1659,1653,1654,1657,1632,1068,1656,1640,1638,1624,1639
1660: 1496
1720: 1703,962
1662: 1651,1278,1253
1663: 1684,1588,157
1664: 1686,1066,1623
1665: 1702,1337,1690
1679: 1696
2823: 2755,3060,3022,3081,3024,2934,3084,2822,3059,2912,3058
1689: 1817,938,2468,2566,2772,2742
2760: 2775,2847,2882,2854,2779,2805,2846,2756,2791,2817,2771
1797: 1772,1802,1760,452,1846,1729,981
2851: 2872,2803,2777,2853,2848,2746,2597,2588,2469,2587,2818,2783,2860,2859,2861,2767
1694: 1714
1695: 2070,2336,1721
1697: 1787,2473,2369
1702: 1665,1337,1690
1703: 1720,962
1982: 2998,2966,2137,2147,2958,2135,2953,3006,2122,2144,2955,2169,2163,2062,2162,2130,2138,2077,2133,2160,2093,2121,2114,2054,2080,2113,2134,3031,2092
1767: 1779,993
2612: 2682,2694,2704,2611
1707: 1693,1725,1754,1698,1723
1731: 1521,596
1730: 1834,1870,1841
2728: 527,2699
2701: 2711,2729,2727,2732
1717: 1796,1915,2496,1751,1736,1756,1819
1722: 1745
1723: 1698,1707,1693,1725
1725: 1707,1693,1754,1698,1723
1841: 1870,1730,1834,1863,1807
1728: 1792,1756,1819
1807: 1863,1788,1870,1841,1970
1772: 1797,1802,1760,452,1846,1729,981
1736: 1751,1796,1717,1776,1960
1737: 1888
1830: 1882,2540,2486,2504,1884,2708,2489,1907,1874
1765: 1718
1740: 996,1798
1743: 1670
1778: 1847
1745: 1722
1746: 1708,415
1796: 1717,1915,2496,1751,1736,1756,1819
1858: 2694,2704,2611,2646,1088,1820
2312: 2282,2253,2283,2219,2288,2251,2216,2246,2311,2300,2351,2024,2044,2215,2381,2244,2250,2131,2252,2323,2150,2110,2347,2240,2338,2107,2185,2183,2182,1994,2184,2159,2337,2258,2261,2181
1750: 586,2706
1751: 1736,1796,1717,1776,1960
1752: 1781
2132: 2260,3001,2237,2335,2271,3013,2395,2280,2139,2279,2281,2197,2199,2999,3051,3088,3090,2097,512,2161,2963,3075,2329
1754: 1680,1648,1707,1693,1725
2321: 2319,2341,2420,2156,2415,2356,2400,2357,2158,2352,2414,2355,2310,2322,2419,2320,2959,2055,2315,2965,2313,2308,2154,2974,2979,2318,2316,2180,2317,2178,2314,2980,2155,2353,1961,2225,2226,2967,2970
1756: 1819,1796,1717,1776,1960,1792,1728
2764: 2839,2818,2747,2793,2597,2872,2783,2860,2859,2861,2767,2744,2835
1760: 1797,1772,1802,452,1846,1729,981
1917: 1974,569,1921,1955,1986,1948,1864,1922,1843,1919
1763: 1719,911,980
3054: 2121,2997,2137,2229,2227,2038,2228,2114,2095,3009,966
1768: 1832,451,558,2371,2525,572
1769: 1771,1776
2742: 2772,1689,2468,2566,432
1771: 1769,1776
1773: 2350
1775: 1898
1776: 1960,1751,1736,1769,1771,1756,1819
1779: 1767,993
2163: 2062,2162,2256,2130,2138,2964,2177,2247,2235,2248,2129,2249,2250,2252,2323,2144,2955,2169,2188,2186,2259,2107,2185,2183,2182,2998,2966,1982,2137,2133,2160,2093
1783: 1837,1714
1785: 1928,411
2046: 2386,2324,2241,2408,3003,2293,2439,2292,2424,2411,2243,2325,2423,2425,2242,2044,2381,2993,2245,2089,2404,2345,2344
1787: 1697,2473,2369
1789: 1600
2706: 1750,586,1574,1605
1791: 1988
1792: 1728,1756,1819
1793: 1891,2501,927
1798: 1740
2076: 2204,2045,2115,2187,2188,2186,2259,2107,2185,2183,2182,1994,2184,2159,2337,2258,2261,2181,2236,2201,2140,2091,2272,2049,2108,2170,2127,2037,2090,2075,568,2098,3021,3070,2043
1802: 1797,1772,1760,452,1846,1729,981
1803: 1876,1910,1890,534
2732: 2727,2711,2701,2735
1890: 1910,1876,1803
2080: 2054,2113,2134,3031,2092,2998,2966,1982,2137,2133,2160,2093,2114,2049,2108,2170,2127,2037,3009,2029,3063,2052,966,2065,3078
1867: 1913,2189,2255,2578,995
2722: 2692,945,2614,2673
2818: 2839,2764,2597,2872,2803,2851,2783,2860,2859,2861,2767,2744,2835
1844: 1877,933,1766,1836
1973: 2116,2053,1985,1947,991
1817: 1689
1818: 1978,1766,1836
1819: 1756,1796,1717,1776,1960,1792,1728
1820: 1858,1088
2678: 2731,2730
1919: 1948,1864,1922,1843,1917
2143: 2950,2978,2120,2167,2190,2202,2270,2961,2142,2957,2103,2232,2147,2958,2135,2953,3006,2210,2077
2255: 2189,2021,2594,2602,2579,1867,1913
1988: 1791,516
2042: 2994,3087,2098,3021,3070,3015,2999,3088,3090,2097,2003,1987,2956,2977,2141,2074
1832: 1768,451,558,2371,2525,572
2544: 2195,2435,2451,2507,2441,2422,2988
1834: 1730,1870,1841
1836: 1844,1877,1766,1818,1978
2619: 2578,995,2599,2600,2528,2562,2598
2580: 1939,444
2604: 2652
1843: 1948,1864,1922,1974,569,1921,1917,1919
1936: 2165,2349,940,1967,1976,583,2072,2223
1846: 1729,1797,1772,1802,1760,452,442
1847: 1778
2700: 2633,2661,2663,945,2682,2614,2673,2675
2707: 459,2736,2684,2762
1853: 1606
1855: 1984
2133: 2160,2093,2144,2955,2163,2062,2162,2256,2130,2138,2188,2186,2259,2107,2185,2183,2182,2998,2966,1982,2137,2114,2054,2080,2113,2134,3031,2092,2049,2108,2170,2127,2037
2791: 2805,2846,2756,2829,2854,2779,2775,2760,2780,2832,2817,2892,2758,2838,2533,2836,2842
1863: 1807,1788,1870,1841,1970
1864: 1948,1922,1843,1974,1921,1917,1919
2715: 2734
1987: 2003,2956,2090,2075,568,2098,3021,3070,2043,3015,2199,2999,3051,3088,2030,1966,2042,2994,3087,3004,2036,2141,2074
2127: 2049,2108,2170,2037,2133,2093,2204,2076,2045,2115,2187,2054,2080,2113,2134,3031,2092,2090,2075,2065,3078,2030,1966
1870: 1841,1730,1834,1863,1807,1788,1970
2723: 2664,560,493
3082: 3095,3044,2065,3078,2030,1966,1995,2011,3004,2036,1972,2015,3007,3098
2002: 2275,2094,2339,2193,2044,2381,2993,2245,2089,2404,2345,2344,2110,2347,2240,2338,2191,2196,2277,2405,2337,2258,2261
2878: 2892,2888,2828,2758,2837,2780,2832,2846,2756,2829,2838,2533,2836,2875,2825,2923,2901,2921,2909,2841,2827,2768
1876: 1803,1910,1890,534
1877: 1844,933,1766,1836
2615: 2659
1882: 1830,2540,2486,2504,1884,2708,2489,1907,1874
1883: 1979,1886,1991
1884: 2486,2504,2708,1951,2541,1882,1830,1933,2560,2489,1907,2501
1886: 1991,2602,2579,1979,1883
1887: 1912,502,1941,1965,2571
1888: 1737
1951: 2541,2648,2516,2559,2647,1933,2560,2539,2709,2486,2504,1884,2708
2533: 2838,2836,2780,2832,2877,2831,2805,2846,2756,2829,2791,2817,2892,2888,2878,2828,2758,2837,2842,2875,2825,2923,2909,2841,2768,2840
2694: 2682,2612,2704,2611,1858
2684: 2736,2762,2707
1948: 1864,1922,1843,1974,1921,1917,1919
1970: 1870,1863,1807,1788,531
1898: 1775
2653: 2151,540
2222: 2524,2530,2434,2484,2548,2487,2429,2480,2477,2456,2954,2485,2431,2179,2466,2402,2461,2417
2311: 2246,2300,2351,2024,2331,2214,2330,2218,2374,2299,2243,2325,2219,2288,2251,2216,2044,2215,2381,2244,2250,2131,2252,2323,2150,2312,2282,2253,2283,2110,2347,2240
2711: 2701,2729,2727,2732
2695: 2725
2522: 2430,2471,2547,2303,2482,2460,2458,1989,2459,2431,2306
1907: 2489,1882,1830,2486,2504,1884,2708,1874
2689: 2610,2564,2609,2646
1910: 1890,1876,1803
2660: 2690,977,2658
1912: 1887,502,1941,1965
1913: 1867,2189,2255,2578,995
2709: 1933,2560,2539,1951,2541,2504,2708,2501
1915: 2496,927,1796,1717
2400: 2432,2403,2415,2356,2306,2179,2461,2157,2417,2962,2307,2301,2305,2357,2158,2352,2414,2355,2310,2322,2389,2304,2231,2406,2320,2959,2055,2315,2965,2313,2319,2341,2420,2156,2321
1921: 569,1974,1955,1986,1948,1864,1922,1843,1917
1922: 1948,1864,1843,1974,1921,1917,1919
2034: 2101
1989: 2460,2458,2459,2430,2522,2471,2547,2303,2482,2431,2306,2399,2479,2307,2301,2305
1950: 2067,2971,2198,3101,2006,2068
2061: 2018,3089,1998,3004,2036,2141,2074,2027,2006
1928: 1785,411
1972: 2015,3007,1942,1963,1995,2011,3095,3044,3082,946,3098,1940,1823
2559: 2516,2647,2648,1951,2541,1933,2560,2539,2501
2864: 2862,2806,2863,432,2804,2887
2031: 2164,2104,2103,2232,1976,583,2210,2072,2223,2087,2050
1933: 2560,2539,2709,2648,1951,2541,2516,2559,2647,2486,2504,1884,2708,2501
2588: 2469,2587,2746,2872,2803,2851,2574,2783,2860,2859,2861
2090: 2075,2204,2076,2045,2115,2187,2236,2201,2140,2091,2272,2049,2108,2170,2127,2037,568,2098,3021,3070,2043,2065,3078,2030,1966,2003,1987,2956
1940: 1823,2073,1992,946,1972,2015,502,1941,1965
1941: 502,2073,1992,946,1940,1823,1912,1887,1965
1942: 1963,2095,3009,2029,3063,2052,966,2570,1995,2011,2073,1992,946,1972,2015,3007
1995: 2011,2052,2065,3078,1942,1963,3095,3044,3082,1972,2015,3007,3098
2125: 2542
3043: 3046,2879,2928,3048,3093,3040,2919,3047,2766,2931,3033,2900,2893,3079,2891,3038,2811,2989,2990,3061,3102,2930,2929,3042,2737,3041,3105,2922,3104,3023,3077,3049,2813,3100
1947: 2971,2198,3101,1973,2053,2020,3035
1953: 2867,2869,2866,3057,2981,2983,2865,2945,3064,3032,3068
2113: 2054,2080,2134,3031,2092,2998,2966,1982,2137,2133,2160,2093,2114,2049,2108,2170,2127,2037,3009,2029,3063,2052,966
1955: 524,1986,590,569,1921,2033,2059,1917
2674: 2721,564,2687,2642
2147: 2958,2135,2953,3006,2122,2190,2202,2270,2205,2112,2961,2142,2957,2950,2978,2143,2120,2144,2955,2169,2077,2998,1982,2137
1960: 1776,1751,1736,1756,1819
1961: 2980,2155,2353,2959,2315,2313,2319,2341,2156,2321,2154,2238,2979,2318,2316,2180,2317,2178,2314,2972,2225,2226,2967,2970,2205,2112,2278,2961,2142,2964,2177,2247,2235,2248,2129,2249
2901: 2875,2825,2923,2921,2878,2837,2838,2969,2909,2841,2827,2768,2897,2857,2932,2819,3026
1963: 1942,2095,3009,2029,3063,2052,2570,1995,2011,2073,1992,946,1972,2015,3007
1986: 524,1955,590,569,1921,2033,2059,1917
1965: 502,1941,1940,1823,1912,1887
1966: 2030,2049,2108,2170,2127,2037,2090,2075,568,2098,3021,3070,2043,2065,3078,2003,1987,2956,3095,3044,3082,3004,2036,2141,2074
1967: 940,571,2165,2349,1936
1976: 583,2165,2349,1936,2164,2104,2031,2072,2223
1977: 2039
1978: 1818,1766,1836
1979: 1883,1886,1991
1991: 1886,2602,2579,1979,1883
1992: 2073,2570,1942,1963,946,502,1941,1940,1823
2020: 3035,1947,1999
1994: 2184,2159,2250,2131,2252,2323,2150,2312,2282,2253,2283,2110,2188,2186,2259,2107,2185,2183,2182,2337,2258,2261,2181,2204,2076,2045,2115,2187,2236,2201,2140,2091,2272
1998: 2018,2061,3089,3004,2036,2141,2074,2027
1999: 2006,2068,2020,3035
2055: 2320,2959,2315,2965,2313,2307,2301,2305,2432,2403,2415,2356,2400,2357,2158,2352,2414,2355,2310,2322,2389,2304,2231,2406,2319,2341,2420,2156,2321,2318,2316,2180,2317,2178,2314,2980,2155
2030: 1966,2049,2108,2170,2127,2037,2090,2075,568,2098,3021,3070,2043,2065,3078,2003,1987,2956,3044,3082,3004,2036,2141,2074
2003: 1987,2956,2090,2075,568,2098,3021,3070,2043,3015,2999,3088,2030,1966,2042,2994,3087,3004,2036,2141,2074
2004: 2057,534
2108: 2049,2170,2127,2037,2133,2093,2204,2076,2045,2115,2187,2054,2080,2113,2134,3031,2092,2090,2075,2065,3078,2030,1966
2006: 2068,2018,2061,3089,2067,1950,2033,2059,1999
2708: 2486,2504,1884,1951,2541,1882,1830,1933,2560,2539,2709,2489,1907,2501
2162: 2163,2062,2256,2130,2138,2964,2177,2247,2235,2248,2129,2249,2250,2131,2252,2323,2150,2144,2955,2169,2188,2186,2259,2107,2185,2183,2182,2966,1982,2133,2160,2093
2105: 2367,2399,2479,2307,2301,2305,588,2389,2304,2231,2406,2346,2385,2383,2166,2359,2208
2026: 2119,478,1174
2011: 1995,3009,2029,3063,2052,2065,3078,1942,1963,3095,3044,3082,1972,2015,3007,3098
2347: 2342,2110,2240,2338,2246,2311,2300,2351,2024,2044,2215,2381,2244,2245,2089,2312,2282,2253,2283,2275,2094,2002,2339,2193,2159,2337,2258,2261,2181
2591: 2672,2575,2890,2960
2015: 1972,3007,1942,1963,1995,2011,3095,3044,3082,3098,1940,1823
2016: 2309,2308,2154,2238,2974,2979,2357,2310,2322,2265,2378,2365,2419,2267,2333,2319,2341,2420,2156,2331,2214,2330,2218,2980,2155,2225,2226,2967,2970,2219,2288,2251,2216
2018: 2061,3089,1998,2141,2074,2027,2006,2068
2611: 2704,2612,2694,2646,1858,1088
2021: 2594,2602,2579,2189,2255
2057: 534,2004
2795: 2844,2914,2931,3033,2900,3014,2819,3026,2792,3047,2766,3046,2879,3048,2811,2989,3061
2024: 2246,2311,2300,2351,2331,2214,2330,2218,2374,2299,2243,2325,2219,2288,2251,2216,2044,2215,2381,2244,2250,2131,2252,2323,2150,2312,2282,2253,2283,2110,2347,2240
2027: 3095,3004,2036,2141,2074,3098,2018,2061,3089,1998
2146: 2274
2029: 3009,3063,2052,966,2121,2114,2054,2080,2113,2134,3031,2092,2095,2570,1942,1963,2011
2442: 2565,1561,1526
2036: 3004,2065,3078,2030,1966,2003,1987,3095,3044,3082,2141,2074,3098,2027,2061,1998
2037: 2049,2108,2170,2127,2133,2160,2093,2204,2076,2045,2115,2187,2054,2080,2113,2134,3031,2092,2090,2075,2065,2030,1966
2038: 2229,2227,2228,2210,2077,2087,2050,2121,2997,3054,2095
2039: 1977
2040: 2392,915,2377,2476,2475,2523,2512,2427,853,1677,2364,1700,2465,2433,2152,2416,1671,2265,2378,2365,2419,2267,2333,2410,2409,2266,2263
2699: 2728,527
2043: 568,2098,3021,3070,2204,2076,2045,2115,2187,2236,2201,2140,2091,2272,2280,2139,2279,2281,2090,2075,3015,2199,2999,3051,3088,2030,1966,2003,1987,2956,3087
2044: 2215,2381,2244,2374,2299,2243,2325,2386,2324,2241,2046,2408,3003,2246,2311,2300,2351,2024,2993,2245,2089,2312,2283,2110,2347,2240,2338,2275,2094,2002,2193
2045: 2204,2076,2115,2187,2188,2186,2259,2107,2185,2183,2182,1994,2184,2159,2337,2258,2261,2181,2236,2201,2140,2091,2272,2049,2108,2170,2127,2037,2090,2075,568,3070,2043
2716: 932,551
2346: 2389,2304,2231,2406,2307,2301,2305,2105,2367,2320,2315,2965,2313,2385,2383,2166,2359,2208,2316,2180,2317,2178,2314,2972
2049: 2108,2170,2127,2037,2133,2204,2076,2045,2115,2187,2054,2080,2113,2134,3031,2092,2090,2075,2065,3078,2030,1966
2050: 2087,2164,2104,2031,2210,2229,2227,2038,2228
2232: 2103,2213,2167,2384,2190,2270,2950,2978,2143,2120,2164,2104,2031,2210
2052: 3009,2029,3063,966,2121,2114,2054,2080,2113,2134,2092,2095,2570,1942,1963,1995,2011
2053: 2116,1973,1985,1947,991
2054: 2080,2113,2134,3031,2092,2998,2966,1982,2137,2133,2160,2093,2114,2049,2108,2170,2127,2037,3009,2029,3063,2052,966,2065,3078
2059: 2033,590,2006,2068,524,1955,1986
2190: 2202,2270,2385,2383,2166,2359,2208,2318,2316,2180,2317,2972,2167,2384,2205,2112,2278,2961,2142,2957,2103,2232,2950,2978,2143,2120,2147,2958,2135,2953,3006,2122
2062: 2163,2162,2256,2130,2138,2964,2177,2247,2235,2248,2129,2249,2250,2252,2323,2144,2955,2169,2188,2186,2259,2107,2185,2183,2182,2998,2966,1982,2137,2133,2160,2093
2809: 2778,2801,2808,2824,2797,2915,2850,2904
2065: 3078,2054,2080,2092,2049,2108,2170,2127,2037,2090,2075,2030,1966,1995,2011,3095,3044,3082,3004,2036
2066: 2332,2391,2992,2985,2404,2345,2437,2340,2191,2196,2277,2405,2335,2271,3013,2395,2474,3005
2067: 1950,2971,2198,3101,2006,2068
2068: 2006,2018,3089,2067,1950,2033,2059,1999
2820: 2750,2787,2817,2757,2771,2749,2511,2842,2765,2840,2794
2070: 2336,2473,2369,1695
2575: 2672,2591
2072: 2223,1936,1976,2164,2104,2031,444
2073: 1992,2570,1942,1963,946,502,1941,1940,1823
2074: 2141,2030,1966,2003,1987,2956,2042,2994,3087,3004,2036,2027,2018,2061,3089,1998
2075: 2090,2204,2076,2045,2115,2187,2236,2201,2140,2091,2272,2049,2108,2170,2127,2037,568,2098,3021,3070,2043,2065,3078,2030,1966,2003,1987,2956
2077: 2950,2978,2143,2120,2147,2958,2135,2953,3006,2122,2144,2955,2998,2966,1982,2137,2229,2227,2038,2228,2997,2114
2144: 2955,2169,2205,2112,2961,2142,2964,2177,2247,2235,2248,2129,2147,2958,2135,2953,3006,2122,2163,2062,2162,2256,2130,2138,2077,2998,2966,1982,2137,2133,2160,2093
2103: 2232,2213,2167,2384,2190,2270,2950,2978,2143,2120,2164,2104,2031,2210
2087: 2050,2164,2104,2031,2210,2229,2227,2038,2228
2521: 2370
2089: 2993,2245,2386,2324,2241,2046,2408,3003,2423,2425,2242,2044,2381,2244,2404,2345,2344,2110,2347,2240,2338,2275,2094,2002,2339,2193,2191,2196,2277,2405
2091: 2236,2201,2140,2272,1994,2184,2159,2337,2258,2261,2181,2204,2076,2045,2115,2187,2280,2139,2279,2281,2090,2075,568,2098,3021,3070,2043,3015,2199,2999,3051,3088
2092: 2054,2080,2113,2134,3031,2966,1982,2137,2133,2160,2093,2114,2049,2108,2170,2127,2037,3009,2029,3063,2052,2065,3078
2093: 2133,2160,2144,2955,2169,2163,2062,2162,2256,2130,2138,2188,2186,2259,2107,2182,2998,2966,1982,2137,2114,2054,2080,2113,2134,3031,2092,2108,2170,2127,2037
2094: 2275,2002,2339,2193,2044,2381,2244,2245,2089,2404,2345,2344,2342,2110,2347,2240,2338,2191,2196,2277,2405,2337,2258,2261,2181
2095: 2229,2227,2038,2121,2997,3054,2114,3009,2029,2052,966,2570,1942,1963
2096: 2290,2659,2623,2563
2097: 3090,512,2280,2139,2279,2281,2260,3001,2237,2132,2197,3015,2199,2999,3051,3088,2161,2963,3075,2329,2042,2994,3087,2977,2145,3055
2098: 568,3021,3070,2043,2076,2115,2236,2201,2140,2091,2272,2280,2139,2279,2090,2075,3015,2199,2999,3051,3088,2030,1966,2003,1987,2956,2042,2994,3087
3032: 2947,3068,1953,2867,3030,3097,2865,2945,3064
2101: 2034
2641: 2906,514,1574,1605
2202: 2190,2270,2359,2208,2318,2316,2180,2317,2178,2314,2972,2167,2205,2112,2278,2961,2142,2957,2978,2143,2120,2147,2958,2135,2953,2122
2110: 2342,2347,2240,2338,2246,2311,2300,2351,2024,2044,2215,2381,2244,2245,2089,2312,2282,2253,2283,2275,2094,2002,2339,2193,1994,2184,2159,2337,2258,2261,2181
2201: 2236,2140,2091,2272,1994,2184,2159,2337,2258,2261,2181,2204,2076,2045,2115,2187,2280,2139,2279,2281,2090,2075,568,2098,3021,3070,2043,3015,2199,2999,3051,3088
2112: 2205,2278,2961,2142,2957,2359,2208,2318,2316,2180,2317,2178,2314,2972,2980,2155,2353,1961,2190,2202,2270,2964,2177,2978,2120,2147,2958,2135,2953,3006,2122,2144,2955,2169
2114: 2077,2998,2966,1982,2137,2133,2160,2093,2121,2997,3054,2054,2080,2113,2134,3031,2092,2095,3009,2029,3063,2052,966
2115: 2204,2076,2045,2187,2188,2186,2259,2107,2185,2183,2182,1994,2184,2159,2258,2261,2181,2236,2201,2140,2091,2272,2049,2108,2170,2127,2037,2090,2075,568,2098,3021,3070,2043
2116: 1973,2053,1985,991
2117: 2206
2119: 2026,478,1174
2120: 2950,2978,2143,2167,2190,2202,2270,2205,2112,2278,2961,2142,2957,2103,2232,2147,2958,2135,2953,3006,2122,2210,2077
2121: 2997,3054,2998,2966,1982,2137,2229,2227,2038,2228,2114,2095,3009,2029,3063,2052,966
2122: 2147,2958,2135,2953,3006,2190,2202,2270,2205,2112,2278,2961,2142,2957,2964,2177,2978,2120,2144,2955,2169,2077,2998,1982
2123: 2586,432
2238: 2309,2308,2016,2154,2974,2979,2322,2365,2319,2341,2420,2156,2331,2214,2330,2218,2980,2155,2353,1961,2225,2226,2967,2970,2219,2288,2251,2216
2129: 2247,2235,2248,2249,2155,2353,1961,2225,2226,2967,2970,2219,2288,2251,2216,2964,2177,2250,2131,2252,2323,2150,2144,2955,2169,2163,2062,2162,2256,2130,2138,2188,2186,2259,2107,2185,2183,2182
2130: 2163,2062,2162,2256,2138,2964,2177,2247,2235,2248,2129,2249,2250,2131,2252,2323,2150,2144,2955,2169,2188,2186,2259,2107,2185,2183,2182,2998,2966,1982,2133,2160,2093
2131: 2250,2252,2323,2150,2225,2226,2967,2970,2219,2288,2251,2216,2246,2311,2300,2024,2247,2235,2248,2129,2249,2312,2282,2253,2283,2162,2256,2130,2259,2107,2185,2183,1994,2159
2134: 2054,2080,2113,3031,2092,2998,2966,1982,2137,2133,2160,2093,2114,2049,2108,2170,2127,2037,3009,2029,3063,2052,966
2135: 2147,2958,2953,3006,2122,2190,2202,2205,2112,2961,2142,2957,2964,2177,2978,2143,2120,2144,2955,2169,2077,2998,2966,1982,2137
2258: 2337,2261,2181,2312,2282,2253,2283,2342,2110,2347,2240,2338,2275,2094,2002,2339,2193,1994,2184,2159,2204,2076,2045,2115,2187,2236,2201,2140,2091,2272,2280,2139,2279,2281
2137: 2998,2966,1982,2147,2958,2135,2953,3006,2144,2955,2163,2062,2077,2133,2160,2093,2121,2997,3054,2114,2054,2080,2113,2134,3031,2092
2138: 2163,2062,2162,2256,2130,2247,2235,2248,2129,2249,2250,2252,2323,2150,2144,2955,2188,2186,2259,2107,2185,2183,2182,2966,1982,2133,2160,2093
2139: 2280,2279,2281,2337,2258,2261,2181,2236,2201,2140,2091,2272,2260,3001,2237,2132,568,2098,3021,3070,2043,3015,2199,2999,3051,3088,3090,2097,512
2140: 2236,2201,2091,2272,1994,2184,2159,2337,2258,2261,2181,2204,2076,2045,2115,2187,2280,2139,2279,2281,2090,2075,568,2098,3070,2043,3015,2199,2999,3051,3088
2141: 2074,2030,1966,2003,1987,2956,2042,2994,3087,3004,2036,2027,2018,2061,3089,1998
2142: 2205,2112,2278,2961,2957,2208,2318,2316,2180,2317,2972,1961,2190,2202,2270,2964,2177,2950,2978,2143,2120,2147,2958,2135,2953,3006,2122,2144,2955,2169
2148: 2224,2498,2499,1487,822,2286
2659: 2615,2290,2096
2150: 2250,2131,2252,2323,2225,2967,2970,2219,2288,2251,2216,2246,2311,2300,2351,2024,2247,2235,2248,2129,2249,2312,2282,2253,2283,2162,2256,2130,2138,2188,2186,2259,2107,2185,2183,2182,1994,2184,2159
2151: 2653,540
2152: 2433,2416,2487,2429,2480,2477,2456,2954,2485,2377,2476,2475,2523,2512,2427,853,2461,2157,2417,2962,2040,2392,915,2357,2158,2352,2414,2355,2310,2322,2265,2378,2365,2419,2333
2377: 2476,2475,2523,2512,2427,2487,2429,2480,2477,2456,2954,2485,853,1677,2364,2461,2157,2962,2433,2152,2416,2040,2392,915
2154: 2309,2308,2016,2238,2974,2979,2357,2158,2355,2310,2322,2265,2365,2419,2319,2341,2420,2156,2321,2331,2330,2218,2980,2155,2353,1961,2225,2226,2967,2970,2219,2288
2155: 2980,2353,1961,2320,2959,2055,2315,2313,2319,2341,2420,2156,2321,2309,2016,2154,2238,2974,2979,2318,2316,2180,2317,2178,2314,2225,2226,2967,2970,2205,2112,2278,2177,2235,2248,2129
2156: 2319,2341,2420,2321,2400,2357,2158,2352,2414,2355,2310,2322,2419,2320,2959,2055,2315,2313,2309,2308,2016,2154,2238,2974,2979,2318,2316,2180,2317,2178,2314,2980,2155,2353,1961,2225,2226,2967,2970
2157: 2461,2417,2962,2487,2429,2480,2477,2456,2485,2377,2475,2512,2427,2179,2466,2402,2433,2152,2416,2415,2356,2400,2357,2158,2352,2414,2355,2310,2322,2265,2378,2365,2419
2158: 2357,2352,2414,2355,2310,2322,2179,2466,2402,2461,2157,2417,2962,2433,2152,2416,2432,2403,2415,2356,2400,2378,2419,2320,2959,2055,2315,2965,2313,2319,2341,2420,2156,2321,2308,2154,2974
2159: 1994,2184,2250,2131,2252,2323,2150,2312,2282,2253,2283,2110,2347,2240,2338,2188,2186,2259,2107,2185,2183,2182,2337,2258,2261,2181,2204,2076,2045,2115,2187,2201,2140,2091,2272
2160: 2133,2093,2144,2955,2169,2163,2062,2162,2256,2130,2138,2188,2186,2259,2107,2182,2998,2966,1982,2137,2114,2054,2080,2113,2134,3031,2092,2170,2037
2161: 2963,3075,2329,2237,2132,2197,2529,3090,2097,2977,2549,2145,3025,3055,2173,2358
2164: 2104,2031,2103,2232,1976,583,2210,2072,2223,2087,2050
2165: 2349,2366,2426,2207,940,1967,1936,1976
2166: 2385,2383,2105,2367,2231,2346,2359,2208,2213,2167,2384,2190,2270
2167: 2384,2385,2383,2166,2359,2208,2213,2190,2202,2270,2103,2232,2950,2978,2143,2120
2168: 2443,2445,2233,2348,2447,2209,2481,2556,588
2169: 2144,2955,2205,2112,2961,2142,2957,2964,2177,2247,2235,2248,2129,2249,2147,2958,2135,2953,3006,2122,2163,2062,2162,2256,2130,2998,2966,1982,2160,2093
2170: 2049,2108,2127,2037,2133,2160,2093,2204,2076,2045,2115,2187,2054,2080,2113,2134,3031,2092,2090,2075,2065,2030,1966
2406: 2389,2304,2231,2346,2307,2301,2305,2432,2403,2415,2356,2400,2105,2367,2320,2959,2055,2315,2965,2313,2359,2317,2178,2314
2658: 2630,2660,2690,977,2683,2657
2173: 2358,2161,2963,3075,2329,2549,2145,3025,3055,916
2174: 2455,1487,822,2224,2499
2761: 2935,3086,2797,2915,2850,2904,536
2734: 2715,2735
2177: 2964,2318,2316,2180,2317,2178,2314,2972,2980,2155,2353,1961,2225,2226,2967,2970,2205,2112,2278,2961,2142,2957,2247,2235,2248,2129,2249,2958,2135,2953,3006,2122,2144,2955,2169,2163,2062,2162,2256,2130
2178: 2318,2316,2180,2317,2314,2972,2389,2304,2231,2406,2346,2320,2959,2055,2315,2965,2313,2319,2341,2420,2156,2321,2359,2208,2980,2155,2353,1961,2202,2205,2112,2278,2177
2179: 2466,2402,2484,2548,2524,2222,2530,2434,2429,2456,2485,2431,2306,2461,2157,2417,2962,2307,2301,2305,2432,2403,2415,2356,2400,2357,2158,2352,2414,2355,2310
2180: 2318,2316,2317,2178,2314,2972,2389,2304,2231,2346,2320,2959,2055,2315,2313,2319,2341,2156,2321,2359,2208,2980,2155,2353,1961,2190,2202,2270,2205,2112,2278,2961,2142,2957,2177
2181: 2337,2258,2261,2312,2282,2253,2283,2342,2110,2347,2240,2338,2275,2094,2339,1994,2184,2159,2204,2076,2045,2115,2187,2236,2201,2140,2091,2272,2280,2139,2279,2281
2182: 2188,2186,2259,2107,2185,2183,2247,2129,2249,2250,2252,2323,2150,2312,2282,2253,2163,2062,2162,2256,2130,2138,1994,2184,2159,2133,2160,2093,2204,2076,2045,2115,2187
2183: 2188,2186,2259,2107,2185,2182,2247,2248,2129,2249,2250,2131,2252,2323,2150,2312,2282,2253,2283,2163,2062,2162,2256,2130,2138,1994,2184,2159,2133,2204,2076,2045,2115,2187
2184: 1994,2159,2250,2252,2323,2150,2312,2282,2253,2283,2110,2338,2188,2186,2259,2107,2185,2183,2182,2337,2258,2261,2181,2204,2076,2045,2115,2187,2236,2201,2140,2091,2272
2185: 2188,2186,2259,2107,2183,2182,2247,2248,2129,2249,2250,2131,2252,2323,2150,2312,2282,2253,2283,2163,2062,2162,2256,2130,2138,1994,2184,2159,2133,2204,2076,2045,2115,2187
2186: 2188,2259,2107,2185,2183,2182,2247,2248,2129,2249,2250,2252,2323,2150,2282,2253,2163,2062,2162,2256,2130,2138,1994,2184,2159,2133,2160,2093,2204,2076,2045,2115,2187
2187: 2204,2076,2045,2115,2188,2186,2259,2107,2185,2183,2182,1994,2184,2159,2258,2261,2181,2236,2201,2140,2091,2272,2049,2108,2170,2127,2037,2090,2075,568,2043
2188: 2186,2259,2107,2185,2183,2182,2247,2248,2129,2249,2250,2252,2323,2150,2282,2253,2163,2062,2162,2256,2130,2138,1994,2184,2159,2133,2160,2093,2204,2076,2045,2115,2187
2189: 2255,2021,2594,2602,2579,1867,1913
2191: 2196,2277,2405,2993,2245,2089,2404,2345,2344,2275,2094,2002,2339,2193,2332,2391,2066,2335,2271,3013,2395
2683: 2657,977,2630,2658,2633,2661,2663
2193: 2275,2094,2002,2339,2044,2381,2244,2993,2245,2089,2404,2345,2344,2110,2347,2240,2338,2191,2196,2277,2405,2337,2258,2261
2344: 2404,2345,2386,2324,2241,2046,2408,3003,2423,2425,2242,2382,2993,2245,2089,2275,2094,2002,2193,2191,2196,2277,2405
2195: 2435,2451,2544,2507,2441,2422,2988
2196: 2191,2277,2405,2993,2245,2089,2404,2345,2344,2275,2094,2002,2339,2193,2332,2066,2335,2271,3013,2395
2197: 2335,2271,2474,3005,2260,3001,2237,2132,2529,2428,3090,2097,512,2161,2963,3075,2329
2198: 2971,3101,2067,1950,1947
2199: 3015,2999,3051,3088,2236,2201,2140,2091,2280,2139,2279,2281,2260,3001,2237,2132,2098,3021,3070,2043,3090,2097,512,1987,2956,3087,2977
2343: 2436
2203: 2393
2204: 2076,2045,2115,2187,2188,2186,2259,2107,2185,2183,2182,1994,2184,2159,2337,2258,2261,2181,2236,2201,2140,2091,2272,2049,2108,2170,2127,2037,2090,2075,568,3070,2043
2205: 2112,2278,2961,2142,2957,2359,2208,2318,2316,2180,2317,2178,2314,2972,2980,2155,2353,1961,2190,2202,2270,2964,2177,2978,2120,2147,2958,2135,2953,3006,2122,2144,2955,2169
2206: 2117
2207: 2211,2426,2366,2213,2165,2349
2208: 2359,2105,2367,2389,2304,2231,2346,2320,2315,2313,2385,2383,2166,2318,2316,2180,2317,2178,2314,2972,2167,2384,2190,2202,2270,2205,2112,2278,2961,2142,2957
2209: 2447,2446,2448,2481,2556,2443,2445,2168
2210: 2103,2232,2950,2978,2143,2120,2164,2104,2031,2087,2050,2229,2227,2038,2228
2211: 2426,2207,2366,2213
2773: 2747,2793,2786,2856,2880,2784,2777,2853,2848,2597,2745
2213: 2166,2211,2426,2207,2167,2384,2103,2232
2214: 2331,2330,2218,2265,2365,2267,2333,2410,2409,2266,2263,2309,2308,2016,2238,2974,2979,2374,2299,2970,2219,2288,2251,2216,2246,2311,2300,2351,2024
2215: 2044,2381,2244,2374,2299,2243,2325,2324,2241,2408,3003,2246,2311,2300,2351,2024,2245,2312,2282,2253,2283,2110,2347,2240,2338,2275
2216: 2219,2288,2251,2309,2016,2238,2331,2214,2330,2218,2374,2299,2225,2970,2246,2311,2300,2351,2024,2247,2235,2129,2249,2250,2131,2252,2323,2150,2312,2282,2253,2283
2217: 2361,2363,2362,2488,2463,2268,2462,2505,2373,2334,2438,2291,2293,2394,2262,2439,2292,2411
2218: 2331,2214,2330,2265,2378,2365,2419,2267,2333,2410,2409,2266,2263,2309,2308,2016,2154,2238,2974,2979,2374,2299,2226,2970,2219,2288,2216,2311,2024
2219: 2288,2251,2216,2309,2308,2016,2154,2238,2974,2979,2331,2214,2330,2218,2374,2299,2225,2226,2967,2970,2246,2311,2300,2351,2024,2247,2235,2129,2249,2250,2131,2252,2323,2150,2312,2253
2353: 2980,2155,1961,2959,2315,2313,2319,2341,2420,2156,2321,2154,2238,2979,2318,2316,2180,2317,2178,2314,2225,2226,2967,2970,2205,2112,2278,2961,2964,2177,2247,2235,2248,2129,2249
2223: 2072,1936,1976,2164,2104,2031,444
2224: 2148,2498,2499,1487,822,2286,2174
2225: 2226,2967,2970,2319,2341,2420,2156,2321,2309,2308,2016,2154,2238,2974,2979,2331,2980,2155,2353,1961,2219,2288,2251,2216,2964,2177,2247,2235,2248,2129,2249,2250,2131,2252,2150
2226: 2225,2967,2970,2319,2341,2420,2156,2321,2309,2308,2016,2154,2238,2974,2979,2330,2218,2980,2155,2353,1961,2219,2288,2251,2177,2247,2235,2248,2129,2249,2131
2227: 2229,2038,2228,2210,2077,2087,2050,2121,2997,3054,2095
2228: 2229,2227,2038,2210,2077,2087,2050,2121,2997,3054
2229: 2227,2038,2228,2210,2077,2087,2050,2121,2997,3054,2095
2437: 2340,2423,2425,2382,2404,2277,2405,2332,2391,2992,2985,2066,2422,2988
2231: 2389,2304,2406,2346,2307,2301,2305,2400,2105,2367,2320,2959,2055,2315,2965,2313,2385,2383,2166,2359,2208,2318,2316,2180,2317,2178,2314,2972
2235: 2247,2248,2129,2249,2980,2155,2353,1961,2225,2226,2967,2970,2219,2288,2251,2216,2964,2177,2250,2131,2252,2323,2150,2144,2955,2169,2163,2062,2162,2256,2130,2138,2259,2107
2236: 2201,2140,2091,2272,1994,2184,2337,2258,2261,2181,2204,2076,2045,2115,2187,2280,2139,2279,2281,2090,2075,568,2098,3021,3070,2043,3015,2199,2999,3051,3088
2237: 2260,3001,2132,2335,2271,3013,2395,2280,2139,2279,2281,2197,2199,2999,3051,3088,3090,2097,512,2161,2963,3075,2329
2599: 2600,2578,2613,2619,2562,2598
2240: 2342,2110,2347,2338,2246,2311,2300,2351,2024,2044,2215,2381,2244,2245,2089,2312,2282,2253,2283,2275,2094,2002,2339,2193,2159,2337,2258,2261,2181
2241: 2386,2324,2046,2408,3003,2293,2394,2262,2439,2292,2424,2411,2243,2325,2423,2425,2242,2044,2215,2381,2244,2993,2245,2089,2404,2345,2344
2242: 2423,2425,2439,2292,2424,2411,2386,2324,2241,2046,2408,3003,2382,2993,2089,2404,2345,2344
2243: 2325,2410,2409,2266,2263,2293,2394,2262,2439,2292,2374,2299,2386,2324,2241,2046,2408,3003,2246,2311,2351,2024,2044,2215,2381,2244,2993,2245
2244: 2044,2215,2381,2374,2299,2243,2325,2324,2241,2408,3003,2246,2311,2300,2351,2024,2245,2089,2312,2282,2253,2283,2110,2347,2240,2338,2275,2094,2339,2193
2245: 2993,2089,2243,2325,2386,2324,2241,2046,2408,3003,2425,2044,2215,2381,2244,2404,2345,2344,2110,2347,2240,2338,2275,2094,2002,2339,2193,2191,2196,2277,2405
2246: 2311,2300,2351,2024,2331,2214,2374,2299,2243,2325,2219,2288,2251,2216,2044,2215,2381,2244,2250,2131,2252,2323,2150,2312,2282,2253,2283,2110,2347,2240,2338
2247: 2235,2248,2129,2249,2353,1961,2225,2226,2967,2970,2219,2288,2251,2216,2964,2177,2250,2131,2252,2323,2150,2144,2955,2169,2163,2062,2162,2256,2130,2138,2188,2186,2259,2107,2185,2183,2182
2248: 2247,2235,2129,2249,2155,2353,1961,2225,2226,2967,2970,2251,2964,2177,2250,2131,2252,2323,2150,2144,2955,2169,2163,2062,2162,2256,2130,2138,2188,2186,2259,2107,2185,2183
2249: 2247,2235,2248,2129,2353,1961,2225,2226,2967,2970,2219,2288,2251,2216,2964,2177,2250,2131,2252,2323,2150,2955,2169,2163,2062,2162,2256,2130,2138,2188,2186,2259,2107,2185,2183,2182
2250: 2131,2252,2323,2150,2225,2967,2970,2219,2288,2251,2216,2246,2311,2300,2024,2247,2235,2248,2129,2249,2312,2282,2253,2283,2163,2062,2162,2256,2130,2138,2188,2186,2259,2107,2185,2183,2182,1994,2184,2159
2251: 2219,2288,2216,2309,2016,2238,2979,2331,2214,2225,2226,2967,2970,2246,2311,2300,2024,2247,2235,2248,2129,2249,2250,2131,2252,2323,2150,2312,2253,2283
2252: 2250,2131,2323,2150,2225,2967,2970,2219,2288,2251,2216,2246,2311,2300,2024,2247,2235,2248,2129,2249,2312,2282,2253,2283,2163,2062,2162,2256,2130,2138,2188,2186,2259,2107,2185,2183,2182,1994,2184,2159
2253: 2312,2282,2283,2219,2288,2251,2216,2246,2311,2300,2351,2024,2215,2381,2244,2250,2131,2252,2323,2150,2110,2347,2240,2338,2188,2186,2259,2107,2185,2183,2182,1994,2184,2159,2337,2258,2261,2181
2731: 2710,2678
2256: 2163,2062,2162,2130,2138,2964,2177,2247,2235,2248,2129,2249,2250,2131,2252,2323,2150,2144,2955,2169,2188,2186,2259,2107,2185,2183,2182,2966,2133,2160,2093
2663: 2633,2661,2683,2657,945,2700
2259: 2188,2186,2107,2185,2183,2182,2247,2235,2248,2129,2249,2250,2131,2252,2323,2150,2253,2163,2062,2162,2256,2130,2138,1994,2184,2159,2133,2160,2093,2204,2076,2045,2115,2187
2260: 3001,2237,2132,2335,2271,2280,2139,2279,2281,2197,3015,2199,2999,3051,3088,3090,2097,512,2963,2329
2262: 2293,2394,2454,2334,2361,2363,2217,2362,2410,2409,2266,2263,2439,2292,2374,2299,2243,2325,2386,2324,2241,2408
2263: 2410,2409,2266,2040,2392,2454,2334,2267,2333,2293,2394,2262,2331,2214,2330,2218,2374,2299,2243,2325
2600: 2599,2578,2613,2619,2562,2598
2265: 2378,2365,2419,2157,2962,2433,2152,2416,2040,2392,915,2357,2352,2414,2355,2310,2322,2267,2333,2319,2341,2420,2309,2308,2016,2154,2974,2979,2331,2214,2330,2218
2266: 2410,2409,2263,2040,2392,915,1701,1671,2454,2334,2267,2333,2293,2394,2262,2331,2214,2330,2218,2374,2299,2243,2325
2267: 2333,2416,2040,2392,915,2265,2378,2365,2419,2410,2409,2266,2263,2309,2308,2016,2974,2331,2214,2330,2218,2374,2299
2268: 2463,2462,2488,2505,2373,2361,2363,2217,2362,2438,2291
2307: 2301,2305,2460,2458,1989,2459,2431,2306,2179,2399,2479,2432,2403,2415,2356,2400,2105,2367,2389,2304,2231,2406,2346,2320,2959,2055,2315,2965,2313
2270: 2190,2202,2385,2383,2166,2359,2208,2318,2316,2180,2317,2972,2167,2384,2205,2112,2278,2961,2142,2957,2103,2232,2950,2978,2143,2120,2147,2958,2953,2122
2271: 2335,3013,2395,2191,2196,2277,2405,2332,2391,2992,2985,2066,2474,3005,2260,3001,2237,2132,2197,2529
2272: 2236,2201,2140,2091,1994,2184,2159,2337,2258,2261,2181,2204,2076,2045,2115,2187,2280,2139,2279,2281,2090,2075,568,2098,3021,3070,2043,3015,3051
2469: 2588,2587,2746,2872,2803,2851,2574,2783,2860,2859,2861
2274: 2146
2275: 2094,2002,2339,2193,2044,2215,2381,2244,2993,2245,2089,2404,2345,2344,2342,2110,2347,2240,2338,2191,2196,2277,2405,2337,2258,2261,2181
2669: 1602
2277: 2191,2196,2405,2993,2245,2089,2404,2345,2344,2437,2340,2275,2094,2002,2339,2193,2332,2391,2992,2985,2066,2335,2271,3013,2395
2278: 2205,2112,2961,2142,2957,2359,2208,2318,2316,2180,2317,2178,2314,2972,2980,2155,2353,1961,2190,2202,2270,2177,2978,2120,2958,2953,2122
2279: 2280,2139,2281,2337,2258,2261,2181,2236,2201,2140,2091,2272,2260,3001,2237,2132,568,2098,3070,2043,3015,2199,2999,3051,3088,3090,2097,512
2280: 2139,2279,2281,2337,2258,2261,2181,2236,2201,2140,2091,2272,2260,3001,2237,2132,568,2098,3021,3070,2043,3015,2199,2999,3051,3088,3090,2097,512
2282: 2312,2253,2283,2216,2246,2311,2300,2351,2024,2215,2381,2244,2250,2131,2252,2323,2150,2342,2110,2347,2240,2338,2188,2186,2107,2185,2183,2182,1994,2184,2159,2337,2258,2261,2181
2283: 2312,2282,2253,2288,2251,2216,2246,2311,2300,2351,2024,2044,2215,2381,2244,2250,2131,2252,2323,2150,2342,2110,2347,2240,2338,2107,2185,2183,1994,2184,2159,2337,2258,2261,2181
2345: 2404,2344,2386,2324,2241,2046,2408,3003,2423,2425,2242,2382,2993,2245,2089,2340,2275,2094,2002,2339,2193,2191,2196,2277,2405,2332,2066
2285: 2396,2545
2286: 2148,2224,2498,2499
2287: 407,2519
2288: 2219,2251,2216,2309,2308,2016,2154,2238,2974,2979,2331,2214,2330,2218,2374,2299,2225,2226,2967,2970,2246,2311,2300,2351,2024,2247,2235,2129,2249,2250,2131,2252,2323,2150,2312,2253,2283
2290: 2096,2659,2623,2563
2291: 2438,2463,2268,2462,2505,2373,2361,2363,2217,2362,509,2439,2292,2424,2411
2292: 2439,2334,2361,2363,2217,2362,2438,2291,2293,2394,2262,2424,2411,2243,2325,2386,2324,2241,2046,2408,3003,2423,2425,2242
2293: 2394,2262,2454,2334,2361,2363,2217,2362,2410,2409,2266,2263,2439,2292,2374,2299,2243,2325,2386,2324,2241,2046,2408,3003
2767: 2783,2860,2859,2861,2597,2872,2803,2851,2587,2839,2818,2764,2744,2835
2601: 2769,2514,2467
2543: 2550
2439: 2292,2334,2361,2363,2217,2362,2438,2291,2293,2394,2262,2424,2411,2243,2325,2386,2324,2241,2046,2408,3003,2423,2425,2242
2525: 2371,572,1768,1832
2299: 2374,2267,2333,2410,2409,2266,2263,2293,2394,2262,2331,2214,2330,2218,2243,2325,2219,2288,2216,2246,2311,2300,2351,2024,2044,2215,2381,2244
2300: 2246,2311,2351,2024,2331,2214,2330,2374,2299,2219,2288,2251,2216,2044,2215,2381,2244,2250,2131,2252,2323,2150,2312,2282,2253,2283,2110,2347,2240
2301: 2307,2305,2460,2458,1989,2459,2431,2306,2179,2466,2402,2399,2479,2432,2403,2415,2356,2400,2105,2367,2389,2304,2231,2406,2346,2320,2055,2965
2741: 2834,3045,2936,2991,536,2845,3076,3008,3085,2895
2303: 2482,2483,2555,2430,2522,2471,2460,2458,1989,2459,2481,2556,2399,2479
2304: 2389,2231,2406,2346,2399,2479,2307,2301,2305,2432,2403,2400,2105,2367,2320,2959,2055,2315,2965,2313,2385,2383,2359,2208,2316,2180,2317,2178,2314,2972
2305: 2307,2301,2460,2458,1989,2459,2431,2306,2179,2466,2402,2399,2479,2432,2403,2415,2356,2400,2105,2367,2389,2304,2231,2406,2346,2320,2055,2315,2965
2306: 2431,2430,2522,2471,2484,2548,2547,2524,2530,2434,2460,2458,1989,2459,2179,2466,2402,2399,2479,2307,2301,2305,2432,2403,2415,2356,2400
2308: 2309,2016,2154,2238,2974,2979,2357,2158,2352,2414,2355,2310,2322,2265,2378,2365,2419,2267,2333,2319,2341,2420,2156,2321,2331,2214,2330,2218,2225,2226,2970,2219,2288
2309: 2308,2016,2154,2238,2974,2979,2310,2322,2265,2378,2365,2419,2267,2333,2319,2341,2420,2156,2331,2214,2330,2218,2155,2225,2226,2967,2970,2219,2288,2251,2216
2310: 2357,2158,2352,2414,2355,2322,2179,2402,2461,2157,2417,2962,2433,2152,2416,2415,2356,2400,2265,2378,2365,2419,2959,2055,2319,2341,2420,2156,2321,2309,2308,2016,2154,2974,2979
2313: 2320,2959,2055,2315,2965,2307,2400,2158,2355,2389,2304,2231,2406,2346,2319,2341,2420,2156,2321,2359,2208,2318,2316,2180,2317,2178,2314,2972,2980,2155,2353,1961
2314: 2318,2316,2180,2317,2178,2972,2389,2304,2231,2406,2346,2320,2959,2055,2315,2965,2313,2319,2341,2420,2156,2321,2359,2208,2980,2155,2353,1961,2202,2205,2112,2278,2177
2315: 2320,2959,2055,2965,2313,2307,2305,2400,2158,2355,2389,2304,2231,2406,2346,2319,2341,2156,2321,2359,2208,2318,2316,2180,2317,2178,2314,2972,2980,2155,2353,1961
2316: 2318,2180,2317,2178,2314,2972,2304,2231,2346,2320,2959,2055,2315,2313,2319,2341,2156,2321,2359,2208,2980,2155,2353,1961,2190,2202,2270,2205,2112,2278,2961,2142,2957,2964,2177
2317: 2318,2316,2180,2178,2314,2972,2389,2304,2231,2406,2346,2320,2959,2055,2315,2965,2313,2319,2341,2156,2321,2359,2208,2980,2155,2353,1961,2190,2202,2270,2205,2112,2278,2961,2142,2957,2177
2318: 2316,2180,2317,2178,2314,2972,2231,2320,2959,2055,2315,2313,2319,2341,2156,2321,2359,2208,2980,2155,2353,1961,2190,2202,2270,2205,2112,2278,2961,2142,2957,2964,2177
2319: 2341,2420,2156,2321,2432,2403,2415,2356,2400,2357,2158,2352,2414,2355,2310,2322,2265,2378,2365,2419,2320,2959,2055,2315,2965,2313,2309,2308,2016,2154,2238,2974,2979,2318,2316,2180,2317,2178,2314,2980,2155,2353,1961,2225,2226,2967,2970
2320: 2959,2055,2315,2965,2313,2307,2301,2305,2432,2403,2415,2356,2400,2357,2158,2352,2414,2355,2322,2389,2304,2231,2406,2346,2319,2341,2420,2156,2321,2359,2208,2318,2316,2180,2317,2178,2314,2972,2980,2155
2322: 2357,2158,2352,2414,2355,2310,2461,2157,2417,2962,2433,2152,2416,2415,2356,2400,2265,2378,2365,2419,2320,2959,2055,2319,2341,2420,2156,2321,2309,2308,2016,2154,2238,2974,2979
2323: 2250,2131,2252,2150,2219,2288,2251,2216,2246,2311,2300,2024,2247,2235,2248,2129,2249,2312,2282,2253,2283,2163,2062,2162,2256,2130,2138,2188,2186,2259,2107,2185,2183,2182,1994,2184,2159
2324: 2386,2241,2046,2408,3003,2293,2394,2262,2439,2292,2424,2411,2243,2325,2423,2425,2242,2044,2215,2381,2244,2993,2245,2089,2345,2344
2325: 2243,2410,2409,2266,2263,2293,2394,2262,2439,2292,2374,2299,2386,2324,2241,2046,2408,3003,2246,2311,2351,2024,2044,2215,2381,2244,2993,2245
2523: 2377,2476,2475,2512,2427,2487,2429,2480,2477,2456,2954,2485,853,1677,2364,2433,2152,2416,2040,2392,915
2407: 2449,2595,918,2551
2735: 2727,2732,2734
2329: 2161,2963,3075,2260,3001,2237,2132,2197,2529,2428,3090,2097,512,2145,3025,3055,2173,2358
2330: 2331,2214,2218,2265,2378,2365,2419,2267,2333,2410,2409,2266,2263,2309,2308,2016,2154,2238,2974,2979,2374,2299,2226,2970,2219,2288,2216,2311,2300,2024
2331: 2214,2330,2218,2265,2365,2267,2333,2410,2409,2266,2263,2309,2308,2016,2154,2238,2974,2979,2374,2299,2225,2970,2219,2288,2251,2216,2246,2311,2300,2351,2024
2332: 2391,2992,2985,2066,2404,2345,2437,2340,2191,2196,2277,2405,2422,2988,2335,2271,3013,2395,2474,3005
2333: 2267,2152,2416,2040,2392,915,1671,2454,2265,2378,2365,2419,2410,2409,2266,2263,2309,2308,2016,2974,2331,2214,2330,2218,2374,2299
2334: 1700,2464,2465,2488,2462,1671,2454,2361,2363,2217,2362,2410,2409,2266,2263,2293,2394,2262,2439,2292
2335: 2271,3013,2395,2191,2196,2277,2405,2332,2391,2992,2985,2066,2474,3005,2260,3001,2237,2132,2197,2529,2428
2336: 2070,2473,2369,1695
2337: 2258,2261,2181,2312,2282,2253,2283,2342,2110,2347,2240,2338,2275,2094,2002,2339,2193,1994,2184,2159,2204,2076,2045,2236,2201,2140,2091,2272,2280,2139,2279,2281
2338: 2342,2110,2347,2240,2246,2044,2215,2381,2244,2245,2089,2312,2282,2253,2283,2275,2094,2002,2339,2193,2184,2159,2337,2258,2261,2181
2339: 2275,2094,2002,2193,2381,2244,2245,2089,2404,2345,2342,2110,2347,2240,2338,2191,2196,2277,2405,2337,2258,2261,2181
2340: 2437,2425,2382,2404,2345,2277,2405,2332,2391,2992,2985,2066,2422,2988
2341: 2319,2420,2156,2321,2356,2400,2357,2158,2352,2414,2355,2310,2322,2265,2365,2419,2320,2959,2055,2315,2313,2309,2308,2016,2154,2238,2974,2979,2318,2316,2180,2317,2178,2314,2980,2155,2353,1961,2225,2226,2967,2970
2342: 2110,2347,2240,2338,2282,2283,2275,2094,2339,2337,2258,2261,2181
2348: 2443,2445,2233,2168,2481,2556,588
2349: 2165,2366,2426,2207,940,1967,1936,1976
2350: 1773
2351: 2246,2311,2300,2024,2331,2214,2374,2299,2243,2325,2219,2288,2216,2044,2215,2381,2244,2150,2312,2282,2253,2283,2110,2347,2240
2352: 2357,2158,2414,2355,2310,2322,2179,2466,2402,2461,2157,2417,2962,2433,2152,2416,2432,2403,2415,2356,2400,2265,2378,2365,2419,2320,2959,2055,2965,2319,2341,2420,2156,2321,2308,2974
2590: 2627,589,2495,2592,2449,2595,2655,2596
2355: 2357,2158,2352,2414,2310,2322,2179,2402,2461,2157,2417,2962,2433,2152,2416,2432,2403,2415,2356,2400,2265,2378,2365,2419,2320,2959,2055,2315,2965,2313,2319,2341,2420,2156,2321,2308,2154,2974,2979
2356: 2432,2403,2415,2400,2431,2306,2179,2466,2402,2461,2157,2417,2962,2307,2301,2305,2357,2158,2352,2414,2355,2310,2322,2389,2406,2320,2959,2055,2965,2319,2341,2420,2321
2357: 2158,2352,2414,2355,2310,2322,2179,2461,2157,2417,2962,2433,2152,2416,2432,2403,2415,2356,2400,2265,2378,2365,2419,2320,2959,2055,2319,2341,2420,2156,2321,2308,2016,2154,2974,2979
2358: 2173,2161,2963,3075,2329,2549,2145,3025,3055,916
2359: 2208,2105,2367,2389,2304,2231,2406,2346,2320,2315,2965,2313,2385,2383,2166,2318,2316,2180,2317,2178,2314,2972,2167,2384,2190,2202,2270,2205,2112,2278,2957
2360: 2503
2361: 2363,2217,2362,2463,2268,2462,2505,2373,2334,2438,2291,2293,2394,2262,2439,2292,2424,2411
2362: 2361,2363,2217,2488,2463,2268,2462,2505,2373,2334,2438,2291,2293,2394,2262,2439,2292,2411
2363: 2361,2217,2362,2463,2268,2462,2505,2373,2334,2438,2291,2293,2394,2262,2439,2292,2424,2411
2364: 853,1677,2377,2476,2523,2512,2427,1700,2464,2465,2040,2392,915,1701,1671,2454
2365: 2265,2378,2419,2157,2962,2433,2152,2416,2040,2392,915,2357,2352,2414,2355,2310,2322,2267,2333,2319,2341,2420,2309,2308,2016,2154,2238,2974,2979,2331,2214,2330,2218
2366: 2211,2426,2207,2165,2349
2367: 2105,2399,2479,2307,2301,2305,588,2389,2304,2231,2406,2346,2385,2383,2166,2359,2208
2369: 2473,1697,1787,2070,2336
2370: 2521
2371: 2525,572,1768,1832
2485: 2487,2429,2480,2477,2456,2954,2524,2222,2530,2434,2377,2476,2475,2523,2512,2427,2179,2466,2402,2461,2157,2417,2962,2433,2152,2416
2373: 2505,2463,2268,2462,2361,2363,2217,2362,2438,2291
2374: 2299,2267,2333,2410,2409,2266,2263,2293,2394,2262,2331,2214,2330,2218,2243,2325,2219,2288,2216,2246,2311,2300,2351,2024,2044,2215,2244
2555: 2483,2446,2448,2303,2482
2917: 2946,3019,2868,3034,3036,2937,3083,2902
2378: 2265,2365,2419,2461,2157,2417,2962,2433,2152,2416,2040,2392,915,2357,2158,2352,2414,2355,2310,2322,2267,2333,2319,2420,2309,2308,2016,2974,2330,2218
3007: 1972,2015,1942,1963,1995,2011,3095,3044,3082,3098
2477: 2487,2429,2480,2456,2954,2485,2524,2222,2377,2476,2475,2523,2512,2427,2466,2402,2461,2157,2417,2962,2433,2152
2381: 2044,2215,2244,2299,2243,2325,2386,2324,2241,2046,2408,3003,2246,2311,2300,2351,2024,2993,2245,2089,2312,2282,2253,2283,2110,2347,2240,2338,2275,2094,2002,2339,2193
2382: 2424,2411,2423,2425,2242,2404,2345,2344,2437,2340
2383: 2385,2166,2105,2367,2304,2231,2346,2359,2208,2167,2384,2190,2270
2384: 2167,2385,2383,2166,2359,2208,2213,2190,2270,2103,2232
2385: 2383,2166,588,2105,2367,2389,2304,2231,2346,2359,2208,2167,2384,2190,2270
2386: 2324,2241,2046,2408,3003,2293,2262,2439,2292,2424,2411,2243,2325,2423,2425,2242,2044,2381,2993,2245,2089,2404,2345,2344
2466: 2179,2402,2484,2548,2524,2222,2530,2434,2487,2429,2480,2477,2456,2954,2485,2431,2306,2461,2157,2417,2962,2301,2305,2432,2403,2415,2356,2158,2352,2414
3089: 2018,2061,1998,2141,2074,2027,2006,2068
2389: 2304,2231,2406,2346,2399,2479,2307,2301,2305,2432,2403,2356,2400,2105,2367,2320,2959,2055,2315,2965,2313,2385,2359,2208,2180,2317,2178,2314
2524: 2222,2530,2434,2484,2548,2487,2429,2480,2477,2456,2954,2485,2431,2306,2179,2466,2402,2461,2417
2391: 2332,2992,2985,2066,2404,2437,2340,2191,2277,2405,2422,2988,2335,2271,3013,2395
2392: 2040,915,2377,2476,2523,2512,2427,853,1677,2364,1700,2465,2433,2152,2416,1671,2454,2265,2378,2365,2419,2267,2333,2410,2409,2266,2263
2393: 2203
2394: 2293,2262,1671,2454,2334,2361,2363,2217,2362,2410,2409,2266,2263,2439,2292,2374,2299,2243,2325,2324,2241
2395: 2335,2271,3013,2191,2196,2277,2405,2332,2391,2992,2985,2066,2422,2988,2474,3005,2237,2132,2529,2428
2396: 2285,2545
2488: 1700,2464,2465,2463,2268,2462,1671,2454,2334,2217,2362
2398: 2573
2399: 2479,2303,2482,2460,2458,1989,2459,2431,2306,2307,2301,2305,588,2105,2367,2389,2304
2570: 2095,3009,2029,2052,966,1942,1963,2073,1992
2402: 2179,2466,2484,2548,2524,2222,2530,2434,2487,2429,2480,2477,2456,2954,2485,2431,2306,2461,2157,2417,2962,2301,2305,2432,2403,2415,2356,2158,2352,2414,2355,2310
2403: 2432,2415,2356,2400,2431,2306,2179,2466,2402,2461,2417,2307,2301,2305,2357,2158,2352,2414,2355,2389,2304,2406,2320,2959,2055,2965,2319
2404: 2345,2344,2386,2241,2046,2408,3003,2423,2425,2242,2382,2993,2245,2089,2437,2340,2275,2094,2002,2339,2193,2191,2196,2277,2405,2332,2391,2992,2985,2066
2405: 2191,2196,2277,2993,2245,2089,2404,2345,2344,2437,2340,2275,2094,2002,2339,2193,2332,2391,2992,2985,2066,2335,2271,3013,2395
2408: 2386,2324,2241,2046,3003,2293,2262,2439,2292,2424,2411,2243,2325,2423,2425,2242,2044,2215,2381,2244,2993,2245,2089,2404,2345,2344
2409: 2410,2266,2263,2040,2392,2454,2334,2267,2333,2293,2394,2262,2331,2214,2330,2218,2374,2299,2243,2325
2410: 2409,2266,2263,2040,2392,915,1701,1671,2454,2334,2267,2333,2293,2394,2262,2331,2214,2330,2218,2374,2299,2243,2325
2411: 2424,2361,2363,2217,2362,2438,2291,2439,2292,2386,2324,2241,2046,2408,3003,2423,2425,2242,2382
3072: 2889,2858,3000
2560: 1933,2539,2709,2648,1951,2541,2516,2559,2647,2486,2504,1884,2708,2501
2414: 2357,2158,2352,2355,2310,2322,2179,2466,2402,2461,2157,2417,2962,2433,2152,2416,2432,2403,2415,2356,2400,2265,2378,2365,2419,2320,2959,2055,2319,2341,2420,2156,2321,2308,2974
2415: 2432,2403,2356,2400,2431,2306,2179,2466,2402,2461,2157,2417,2962,2307,2301,2305,2357,2158,2352,2414,2355,2310,2322,2406,2320,2959,2055,2965,2319,2420,2321
2416: 2433,2152,2429,2480,2485,2377,2476,2475,2523,2512,2427,2461,2157,2417,2962,2040,2392,915,2357,2158,2352,2414,2355,2310,2322,2265,2378,2365,2419,2267,2333
2417: 2461,2157,2962,2524,2222,2530,2434,2487,2429,2480,2477,2456,2954,2485,2475,2512,2179,2466,2402,2433,2152,2416,2432,2403,2415,2356,2400,2357,2158,2352,2414,2355,2310,2322,2378,2419
2969: 3002,2903,2875,2825,2923,2901,2921,2933,2897,3020,2952,3066,2857,2932
2419: 2265,2378,2365,2461,2157,2417,2962,2433,2152,2416,2040,2392,2357,2158,2352,2414,2355,2310,2322,2267,2333,2319,2341,2420,2156,2321,2309,2308,2016,2154,2974,2979,2330,2218
2420: 2319,2341,2156,2321,2415,2356,2400,2357,2158,2352,2414,2355,2310,2322,2265,2378,2365,2419,2320,2959,2055,2313,2309,2308,2016,2154,2238,2974,2979,2178,2314,2980,2155,2353,2225,2226,2967,2970
2422: 2988,2437,2340,2195,2435,2451,2544,2332,2391,2992,2985,3013,2395,2474,3005
2423: 2425,2242,2439,2292,2424,2411,2386,2324,2241,2046,2408,3003,2382,2993,2089,2404,2345,2344,2437
2424: 2411,2361,2363,2438,2291,2439,2292,2386,2324,2241,2046,2408,3003,2423,2425,2242,2382
2425: 2423,2242,2439,2292,2424,2411,2386,2324,2241,2046,2408,3003,2382,2993,2245,2089,2404,2345,2344,2437,2340
2426: 2211,2207,2366,2213,2165,2349
2427: 2377,2476,2475,2523,2512,2487,2429,2480,2477,2456,2954,2485,853,1677,2364,2461,2157,2962,2433,2152,2416,2040,2392,915
2428: 2529,2335,3013,2395,2474,3005,2197,2329
2429: 2487,2480,2477,2456,2954,2485,2524,2222,2530,2434,2377,2476,2475,2523,2512,2427,2179,2466,2402,2461,2157,2417,2962,2433,2152,2416
2430: 2522,2471,2484,2548,2547,2303,2482,2460,2458,1989,2459,2431,2306
2431: 2306,2430,2522,2471,2484,2548,2547,2524,2222,2530,2434,2460,2458,1989,2459,2179,2466,2402,2399,2479,2307,2301,2305,2432,2403,2415,2356
2432: 2403,2415,2356,2400,2431,2306,2179,2466,2402,2461,2417,2307,2301,2305,2357,2158,2352,2414,2355,2389,2304,2406,2320,2055,2965,2319
2433: 2152,2416,2487,2429,2480,2477,2456,2954,2485,2377,2476,2475,2523,2512,2427,2461,2157,2417,2962,2040,2392,915,2357,2158,2352,2414,2355,2310,2322,2265,2378,2365,2419
2434: 2524,2222,2530,2484,2548,2547,2487,2429,2456,2954,2485,2431,2306,2179,2466,2402,2461,2417
2435: 2195,2451,2544,2507,2441,2422,2988
2436: 2343
2438: 2291,2463,2268,2462,2505,2373,2361,2363,2217,2362,509,2439,2292,2424,2411
2471: 2430,2522,2484,2548,2547,2303,2482,2460,2458,1989,2459,2431,2306
2441: 2507,2452,2497,2195,2435,2451,2544
2443: 2445,2233,2348,2168,2447,2209,2481,2556,588
2444: 2491
2445: 2443,2233,2348,2168,2447,2209,2481,2556,588
2446: 2448,2483,2555,2447,2209,2481,2556
2447: 2209,2446,2448,2481,2556,2443,2445,2168
2448: 2446,2483,2555,2447,2209,2481,2556
2449: 2595,918,2590,2627,589,2655,2596,2407
2450: 2561,578
2451: 2195,2435,2544,2507,2441,2422,2988
2452: 2497,509,2507,2441
2454: 1701,1671,2364,1700,2464,2465,2488,2392,2334,2333,2410,2409,2266,2263,2293,2394,2262
2455: 2174,1487,822
2456: 2487,2429,2480,2477,2954,2485,2524,2222,2530,2434,2377,2476,2475,2523,2512,2427,2179,2466,2402,2461,2157,2417,2962,2433,2152
2652: 2604
2458: 2460,1989,2459,2430,2522,2471,2547,2303,2482,2431,2306,2399,2479,2307,2301,2305
2459: 2460,2458,1989,2430,2522,2471,2547,2303,2482,2431,2306,2399,2479,2307,2301,2305
2460: 2458,1989,2459,2430,2522,2471,2484,2547,2303,2482,2431,2306,2399,2479,2307,2301,2305
2461: 2157,2417,2962,2524,2222,2530,2434,2487,2429,2480,2477,2456,2954,2485,2377,2475,2512,2427,2179,2466,2402,2433,2152,2416,2432,2403,2415,2356,2400,2357,2158,2352,2414,2355,2310,2322,2378,2419
2462: 2463,2268,2488,2505,2373,2334,2361,2363,2217,2362,2438,2291
2463: 2268,2462,2488,2505,2373,2361,2363,2217,2362,2438,2291
2464: 1700,2465,1677,2364,2488,1671,2454,2334
2465: 1700,2464,853,1677,2364,2488,2040,2392,915,1701,1671,2454,2334
2467: 2514,2908,2769,2815,2601
2468: 2566,1689,938,2772,2742,450
2542: 2125
2473: 2369,1697,1787,2070,2336
2474: 3005,2332,2985,2066,2422,2988,2335,2271,3013,2395,2197,2529,2428
2475: 2377,2476,2523,2512,2427,2487,2429,2480,2477,2456,2954,2485,853,1677,2461,2157,2417,2962,2433,2152,2416,2040,915
2476: 2377,2475,2523,2512,2427,2487,2429,2480,2477,2456,2954,2485,853,1677,2364,2433,2152,2416,2040,2392,915
2479: 2399,2303,2482,2460,2458,1989,2459,2431,2306,2307,2301,2305,588,2105,2367,2389,2304
2480: 2487,2429,2477,2456,2954,2485,2524,2222,2377,2476,2475,2523,2512,2427,2466,2402,2461,2157,2417,2962,2433,2152,2416
2481: 2556,2446,2448,2303,2482,2447,2209,2443,2445,2233,2348,2168,588
2482: 2303,2483,2555,2430,2522,2471,2460,2458,1989,2459,2481,2556,2399,2479
2483: 2555,2446,2448,2303,2482
2484: 2548,2547,2430,2471,2524,2222,2530,2434,2460,2431,2306,2179,2466,2402
2486: 2504,1884,2708,1951,2541,1882,1830,1933,2560,2489,1907,2501
2487: 2429,2480,2477,2456,2954,2485,2524,2222,2530,2434,2377,2476,2475,2523,2512,2427,2466,2402,2461,2157,2417,2433,2152
2489: 1907,1882,1830,2486,2504,1884,2708
2710: 2731
2491: 2444
2566: 2468,1689,938,2772,2742,450
2813: 3023,3077,3049,3100,3043,2811,2989,2990,3102,2930,2926,2951,3041,3105,3104,3022,3081,3024,2934,3084,3059,2912,3058
2685: 
2495: 2592,2590,2627,589,2655,2596
2496: 1915,927,1796,1717
2497: 2452,509,2507,2441
2498: 2148,2224,2499,1487,822,2286
2499: 2148,2224,2498,1487,822,2286,2174
2579: 2602,2021,2594,2189,2255,1886,1991
2501: 2516,2559,2647,1933,2560,2539,2709,2486,2504,1884,2708,1793,1891
2595: 2449,918,2590,2627,589,2655,2596,2407
2503: 2360
2504: 2486,1884,2708,1951,2541,1882,1830,1933,2560,2539,2709,2489,1907,2501
2505: 2373,2463,2268,2462,2361,2363,2217,2362,2438,2291
2563: 2623,2290,2096
2507: 2441,2452,2497,2195,2435,2451,2544
2738: 2918,2810,2753,2884,2843,2898,2920,2926,2976,2913,2975,2911
2509: 2571,575
2704: 2611,2612,2694,2646,1858,1088
2511: 2749,2745,2748,2793,2757,2771,2820,2750,2787,2765
2512: 2377,2476,2475,2523,2427,2487,2429,2480,2477,2456,2954,2485,853,1677,2364,2461,2157,2417,2962,2433,2152,2416,2040,2392,915
2564: 2610,2609,2689
2514: 2467,2908,2769,2815,2601
2727: 2729,2711,2701,2735,2732
2516: 2559,2647,2648,1951,2541,1933,2560,2539,2501
2613: 2637,2599,2600,2562,2598
2614: 2673,2722,2692,945,2700,2675
2519: 2287
2528: 2578,995,2619
2529: 2428,2335,2271,3013,2395,2474,3005,2197,2161,2963,3075,2329
2530: 2524,2222,2434,2484,2548,2547,2487,2429,2456,2954,2485,2431,2306,2179,2466,2402,2461,2417
2539: 1933,2560,2709,2648,1951,2541,2516,2559,2647,2504,2708,2501
2534: 2568,472
2661: 2633,2663,2683,2657,2700
2664: 2723,560,493
2677: 2607
2586: 2123,432
2545: 2285,2396,2584
2571: 2509,1887,575
2547: 2484,2548,2430,2522,2471,2530,2434,2460,2458,1989,2459,2431,2306
2548: 2484,2547,2430,2471,2524,2222,2530,2434,2431,2306,2179,2466,2402
2549: 2145,3025,2161,3075,2173,2358
2550: 2543,2769
2551: 2407
2692: 2722,945,551,2614,2673
2556: 2481,2446,2448,2303,2482,2447,2209,2443,2445,2233,2348,2168,588
2557: 486,2890,2960,3062,2907
2561: 2450,578
2562: 2598,2613,2599,2600,2619
2565: 2442,1561,1526
2568: 2534,472
2569: 2786,2856,2821,2785,2855,2880,2784,2748,2747,2793
2572: 2624
2573: 2398
2574: 2588,2469,2587
2576: 
2584: 2545
2587: 2588,2469,2746,2872,2803,2851,2574,2783,2860,2859,2861,2767
2592: 2495,2590,2627,589,2596
2594: 2021,2602,2579,2189,2255
2596: 2655,2495,2592,2590,2627,589,2449,2595,918
2597: 2777,2853,2848,2746,2747,2773,2872,2803,2851,2839,2818,2764,2783,2860,2859,2861,2767
2598: 2562,2613,2599,2600,2619
2824: 2778,2801,2809,2808,2797,2915,2785,2855
2607: 2677
2721: 2674,564,2687,2642
2609: 2610,2564,2689
2610: 2564,2609,2689
2747: 2773,2793,2786,2856,2569,2880,2784,2777,2853,2848,2597,2745,2764
2713: 2687,2642
2623: 2563,2290,2096
2624: 2572
2625: 3056,2995,2996,3062,2907,2743,2788,2849,2789,2589,3091
2673: 2614,2722,2692,945,2700,2675
2627: 2590,589,2495,2592,2449,2595,2655,2596
2682: 2700,2612,2675,2694
2775: 2760,2785,2847,2882,2854,2779,2805,2846,2756,2791,2817,2757,2771
2630: 2658,2690,2637,977,2683,2657
2655: 2596,2495,2590,2627,589,2449,2595,918
2672: 2575,2591
2633: 2661,2663,977,2683,2657,2700
2771: 2757,2775,2760,2748,2817,2749,2511,2820,2750,2787,2765
2642: 2687,2721,2674,2713
2902: 3036,2937,3083,2917,3034,2982,2869,2981,2983,3080
2690: 2660,977,2630,2658
2646: 2689,2704,2611,1858,1088,1064
2647: 2516,2559,2648,1951,2541,1933,2560,2539,2501
2648: 1951,2541,2516,2559,2647,1933,2560,2539
2675: 945,2700,2682,2614,2673
2736: 2684,2762,2707
2737: 2929,3042,3071,2943,3067,2938,2893,3079,2891,3038,3037,3046,2879,2928,3048,3093,3043,944,3050,3041,3105,2922,3104,494
2743: 2788,2849,2789,3062,2907,2920,2625,3056,2995,2996,2913,2975,2911,3091
2744: 2839,2818,2764,2767,2835,2807,486
2745: 2749,2511,2748,2747,2773,2793,2757,2787
2746: 2804,2887,2852,2802,2777,2853,2848,2597,2872,2803,2851,2588,2469,2587
2748: 2785,2855,2786,2856,2821,2569,2793,2757,2771,2749,2511,2745
2749: 2511,2745,2748,2793,2757,2771,2820,2750,2787,2765
2750: 2820,2787,2817,2757,2771,2749,2511,2842,2765,2840,2794
2937: 3036,3083,2902,2917,2868,3034,2982,2869,2866,3057,2981,2983,3080
2752: 2940,3018,3016,2933,3066,2941,3065,3074,2899,2939,2919,3039,2942,3073,3071,2943,3067,2938,2893,2891,3038,3037
2793: 2747,2773,2786,2856,2821,2569,2880,2784,2748,2749,2511,2745,2839,2764
2755: 2823,3060,3022,3081,3024,2934,3084,2822,3059,2912,3058
2756: 2805,2846,2829,2791,2873,2776,2847,2882,2854,2779,2775,2760,2780,2832,2877,2831,2817,2892,2878,2758,2837,2838,2533,2836,2842
2757: 2771,2775,2748,2817,2749,2511,2745,2820,2750,2787,2765
2758: 2892,2888,2878,2828,2837,3010,2833,2876,2780,2832,2877,2831,2846,2756,2829,2791,2948,2838,2533,2836,2825,2923
2850: 2797,2915,2904,2761,2809
2762: 2736,2684,2707,459
2819: 3026,2875,2901,2921,2909,2841,2827,2768,2857,2932,3040,2919,3047,2766,2844,2914,2795,2931,3033,2900,3014
2765: 2757,2771,2749,2511,2820,2750,2787,2794
2766: 3047,2819,3026,3040,2919,2844,2914,2795,2931,3033,2900,3014,3079,2891,3046,2879,2928,3048,3093,3043,2811,2989,2990,3061,3102,2930
2769: 2550,2514,2467,2601
2772: 2742,1689,2468,2566,432
2776: 2873,2895,2847,2882,2854,2779,3010,2833,2925,2876,2780,2832,2877,2831,2805,2846,2756,2829
2777: 2853,2848,2804,2887,2852,2802,2746,2747,2773,2597,2872,2803,2851
2778: 2801,2809,2808,2824,2797,2915,2785,2855
2779: 2847,2882,2854,2873,2776,2775,2760,2780,2832,2877,2831,2805,2846,2756,2829,2791,2817
2780: 2832,2877,2831,2873,2776,2847,2882,2854,2779,3010,2833,2925,2876,2805,2846,2756,2829,2791,2948,2892,2888,2878,2828,2758,2837,2838,2533,2836
2900: 2844,2914,2795,2931,3033,3014,2819,2792,3047,2766,2843,2898,3046,2879,2928,3048,3093,3043,2811,2989,2990,3061,3102,2930,2926,2951
2783: 2860,2859,2861,2767,2597,2872,2803,2851,2588,2469,2587,2839,2818,2764,2835
2784: 2880,2786,2856,2821,2569,2848,2747,2773,2793
2785: 2855,2778,2801,2808,2824,2786,2856,2821,2569,2775,2748
2786: 2856,2821,2569,2785,2855,2880,2784,2748,2747,2773,2793
2787: 2820,2750,2757,2771,2749,2511,2745,2765
2788: 2743,2849,2789,2884,3062,2920,2625,3056,2995,2913,2975,2911,3091
2789: 2743,2788,2849,2884,3062,2907,2920,2625,3056,2995,2996,2913,2975,2911,3091
2792: 2840,2794,2810,2753,2844,2914,2795,2931,2900,3014,2843
2794: 2842,2820,2750,2765,2840,2792,2810,2753
2797: 2915,2850,2904,2761,2778,2801,2809,2808,2824
2802: 2804,2887,2852,2863,2908,2815,2777,2853,2848,2746
2803: 2872,2851,2777,2853,2848,2746,2597,2588,2469,2587,2818,2783,2860,2859,2861,2767
2804: 2887,2852,2802,2864,2862,2806,2863,2908,2815,2777,2853,2848,2746
2805: 2846,2756,2829,2791,2873,2776,2847,2882,2854,2779,2775,2760,2780,2832,2817,2838,2533,2836
2806: 2864,2862,2863,2804,2887
2807: 2744,2835,486
2810: 2753,2794,2792,2884,2843,2898,2918,2738,2920
2882: 2847,2854,2779,2873,2776,2775,2760,2780,2832,2831,2805,2846,2756,2829,2817
2842: 2846,2756,2791,2817,2838,2533,2836,2820,2750,2909,2841,2827,2768,2840,2794
2815: 2908,2804,2887,2852,2802,2514,2467
2905: 2885,2984,3053,2896,3099,2968,3012,3094,2910,3011,2949,2894,3010,2833,2925,936,2948,3052,2987,3096,3002,2903
2817: 2882,2854,2779,2775,2760,2805,2846,2756,2829,2791,2757,2771,2838,2533,2836,2842,2820,2750
2821: 2786,2856,2569,2785,2855,2880,2784,2748,2793
2825: 2875,2923,2901,2921,2892,2888,2878,2828,2758,2837,2838,2533,2836,2969,2909,2841,2827,2768,2897,2857,2932
2826: 3028,3029,3103,3052,2987,3096,3027,3002,2903,3018,3016,2933,2924,3017,2941,3065,3074,2899
2827: 2909,2841,2768,2878,2837,2838,2842,2875,2825,2923,2901,2921,2840,2857,2932,2819,3026
2828: 2892,2888,2878,2758,2837,3010,2833,2925,2876,2780,2832,2877,2831,2846,2829,2948,2838,2533,2836,2875,2825,2923,2921
2829: 2805,2846,2756,2791,2873,2776,2847,2882,2854,2779,2780,2832,2877,2831,2817,2892,2888,2878,2828,2758,2837,2838,2533,2836
2992: 2332,2391,2985,2066,2404,2437,2340,2277,2405,2422,2988,2335,2271,3013,2395
2831: 2780,2832,2877,2895,2873,2776,2847,2882,2854,2779,3010,2833,2925,2876,2846,2756,2829,2948,2892,2888,2828,2758,2533,2836
2832: 2780,2877,2831,2873,2776,2847,2882,2854,2779,3010,2833,2925,2876,2805,2846,2756,2829,2791,2892,2888,2878,2828,2758,2837,2838,2533,2836
2833: 3010,2925,2876,2895,2873,2776,2910,3011,2949,2894,2780,2832,2877,2831,2885,2905,2984,3099,2948,2892,2888,2828,2758
2834: 3045,2936,2991,2935,3086,536,2741
2835: 2839,2818,2764,2783,2860,2859,2861,2767,2744,2807,486
2836: 2838,2533,2780,2832,2877,2831,2805,2846,2756,2829,2791,2817,2892,2888,2878,2828,2758,2837,2842,2825,2923,2909,2841,2768,2840
2837: 2892,2888,2878,2828,2758,2780,2832,2877,2846,2756,2829,2838,2533,2836,2875,2825,2923,2901,2921,2909,2841,2827,2768
2838: 2533,2836,2780,2832,2805,2846,2756,2829,2791,2817,2892,2888,2878,2828,2758,2837,2842,2875,2825,2923,2901,2909,2841,2827,2768,2840
2839: 2818,2764,2793,2597,2872,2783,2860,2859,2861,2767,2744,2835
2840: 2838,2533,2836,2842,2820,2750,2909,2841,2827,2768,2794,2792
2841: 2909,2827,2768,2878,2837,2838,2533,2836,2842,2875,2825,2923,2901,2921,2840,2932,2819,3026
2843: 2898,2792,2810,2753,2844,2914,2931,2900,2918,2738,2811,2926,2951,2976
2844: 2914,2795,2931,3033,2900,3014,2819,3026,2792,2766,2843,2898,2811,2989,3061
2845: 3076,2936,2991,2741,3008,3085
2846: 2805,2756,2829,2791,2873,2776,2847,2882,2854,2779,2775,2760,2780,2832,2877,2831,2817,2892,2888,2878,2828,2758,2837,2838,2533,2836,2842
2847: 2882,2854,2779,2873,2776,2775,2760,2780,2832,2877,2831,2805,2846,2756,2829
2848: 2777,2853,2804,2887,2852,2802,2880,2784,2746,2747,2773,2597,2872,2803,2851
2849: 2743,2788,2789,3062,2907,2625,3056,2995,2996,3091
2853: 2777,2848,2804,2887,2852,2802,2746,2747,2773,2597,2872,2803,2851
2854: 2847,2882,2779,2873,2776,2775,2760,2780,2832,2877,2831,2805,2846,2756,2829,2791,2817
2855: 2785,2778,2801,2808,2824,2786,2856,2821,2569,2748
2856: 2786,2821,2569,2785,2855,2880,2784,2748,2747,2773,2793
2857: 2932,2969,2875,2825,2901,2921,2827,2897,3020,2952,3066,2819,3026,2940,3040,2919,3039,3047
2858: 1477,1341,3000,3072,2889
2859: 2783,2860,2861,2767,2597,2872,2803,2851,2588,2469,2587,2839,2818,2764,2835
2860: 2783,2859,2861,2767,2597,2872,2803,2851,2588,2469,2587,2839,2818,2764,2835
2861: 2783,2860,2859,2767,2597,2872,2803,2851,2588,2469,2587,2839,2818,2764,2835
2862: 2864,2806,2863,432,2804,2887
2863: 2864,2862,2806,2804,2887,2852,2802
2865: 2945,3064,1953,2867,2947,3032,3068
2866: 2869,3057,2868,3034,3036,2937,2981,2983,1953,2867
2867: 1953,2869,2866,3057,2981,2983,2865,2945,3064,2947,3032,3068
2868: 3034,2946,3019,2917,3036,2937,2869,2866,3057
2869: 2866,3057,2868,3034,3036,2937,3083,2902,2981,2983,1953,2867
2870: 3030,3092,3097,2981,2983,3080,2986,2871,1603,1583
2871: 2986,3080,3030,2870,3092,3097,1603,1583
2872: 2803,2851,2777,2853,2848,2746,2597,2588,2469,2587,2839,2818,2764,2783,2860,2859,2861,2767
2987: 3029,3103,3052,3096,3027,936,2885,2905,2984,3053,2896,3099,3002,2903,2826,3028
2875: 2825,2923,2901,2921,2888,2878,2828,2837,2838,2533,2969,2909,2841,2827,2897,3020,2952,2857,2932,2819,3026
2876: 3010,2833,2925,2895,2873,2776,2910,3011,2949,2894,2780,2832,2877,2831,2885,2948,2892,2888,2828,2758
2879: 3046,2928,3048,3093,3043,3040,2919,3039,3047,2766,2914,2795,2931,3033,2900,3014,2893,3079,2891,3038,3037,2811,2989,2990,3061,3102,2930,2929,3042,2737,3041,3105,2922,3104,3023,3049,3100
2880: 2784,2786,2856,2821,2569,2848,2747,2773,2793
2996: 2625,3056,2995,3062,2907,2743,2849,2789,2589
3008: 3085,2845,3076,2741,2968,3012,3094,3011,2894
2884: 2810,2753,2918,2738,2920,2788,2789
2885: 2905,2984,3053,2896,3099,2968,3012,3094,2910,3011,2949,2894,3010,2833,2925,2876,936,2948,3052,2987
2887: 2804,2852,2802,2864,2862,2806,2863,2908,2815,2777,2853,2848,2746
2888: 2892,2878,2828,2758,2837,3010,2833,2876,2780,2832,2877,2831,2846,2829,2948,2838,2533,2836,2875,2825,2923,2921
2889: 3072,2858,3000
2890: 2960,2591,2557,486
2891: 2893,3079,3038,3037,2752,2940,3040,2919,3039,3047,2766,3071,2943,3067,2938,3046,2879,2928,3048,3093,3043,944,3050,2929,3042,2737,3041,3105,2922,3104
2892: 2888,2878,2828,2758,2837,3010,2833,2876,2780,2832,2877,2831,2846,2756,2829,2791,2948,2838,2533,2836,2825,2923
2893: 3079,2891,3038,3037,2752,2940,3040,2919,3039,3047,3071,2943,3067,2938,3046,2879,2928,3048,3093,3043,3050,2929,3042,2737,3041,2922
2894: 2910,3011,2949,3008,3085,2895,2968,3012,3094,3010,2833,2925,2876,936,2885,2905,2984,3053,2896,3099,2948
2895: 2741,2873,2776,2910,3011,2949,2894,3010,2833,2925,2876,2877,2831
2896: 2885,2905,2984,3053,3099,3012,2910,3011,2949,2894,936,2948,3029,3103,3052,2987,3096,3027,3002,2903
2897: 3020,2952,3066,2969,2875,2825,2923,2901,2921,2933,2857,2932,3065,2899,2940
2898: 2843,2810,2753,2844,2914,2931,2900,2918,2738,2811,2926,2951,2976
2899: 2941,3065,3074,2939,2826,3028,3018,3016,2933,2897,3020,2952,3066,2924,3017,2752,2940,964,2942,3073,3071,3067,2938
2903: 3002,936,2905,2984,3053,2896,3099,3029,3103,3052,2987,3096,3027,2969,2826,3028,3018,3016,2933,3020,2952,3066
2904: 2797,2915,2850,2761,2809
2906: 2641,514,1574,1605
2907: 3062,2557,486,2960,2743,2849,2789,2625,3056,2995,2996,2589
2908: 2804,2887,2852,2802,2815,2514,2467
2909: 2841,2827,2768,2878,2837,2838,2533,2836,2842,2875,2825,2923,2901,2921,2840,2819,3026
2910: 3011,2949,2894,2895,2968,3012,3094,3010,2833,2925,2876,936,2885,2905,2984,3053,2896,3099,2948
2911: 2913,2975,2918,2738,2920,2743,2788,2789,2976,3091,2822
2912: 3059,3058,3023,3077,2813,3022,3081,3024,2934,3084,2822,2755,2823,3060
2913: 2975,2911,2918,2738,2920,2743,2788,2789,2976,3091,2822
2914: 2844,2795,2931,3033,2900,3014,2819,3026,2792,3047,2766,2843,2898,3046,2879,3048,2811,2989,3061
2915: 2797,2850,2904,2761,2778,2801,2809,2808,2824
3088: 3015,2199,2999,3051,2236,2201,2140,2091,2280,2139,2279,2281,2260,3001,2237,2132,568,2098,3021,3070,2043,3090,2097,512,2003,1987,2956,2042,2994,3087,2977
2918: 2738,2810,2753,2884,2843,2898,2920,2926,2951,2976,2913,2975,2911
2919: 3040,3039,2857,2932,2819,3026,2752,2940,3047,2766,2943,2938,2893,3079,2891,3038,3037,3046,2879,2928,3048,3093,3043
2920: 2810,2753,2884,2918,2738,2743,2788,2789,2976,2913,2975,2911,3091
2921: 2875,2825,2923,2901,2888,2878,2828,2837,2969,2909,2841,2827,2897,3020,2952,3066,2857,2932,2819,3026
2922: 3041,3105,3104,2893,3079,2891,3038,3037,3046,2879,2928,3048,3093,3043,2811,2989,2990,3061,3102,2930,2929,3042,2737,3023,3077,3049,3100,494
2923: 2875,2825,2901,2921,2892,2888,2878,2828,2758,2837,2838,2533,2836,2969,2909,2841,2827,2768,2897
2924: 3017,2826,3028,3018,3016,2933,2941,3065,3074,2899,2939,964,2942,3073
2925: 3010,2833,2876,2895,2873,2776,2910,3011,2949,2894,2780,2832,2877,2831,2885,2905,2984,2948,2828
2926: 2951,2931,2900,2843,2898,2918,2738,2811,2989,2990,3061,3102,2930,2976,3023,3077,3049,2813,3100,3022,3081,3024,2934,3084,2822
3062: 2907,2557,486,2960,2743,2788,2849,2789,2625,3056,2995,2996,2589
2928: 3046,2879,3048,3093,3043,3040,2919,3039,3047,2766,3033,2900,3014,2893,3079,2891,3038,3037,2811,2989,2990,3061,3102,2930,2929,3042,2737,3041,3105,2922,3104,3023,3049,3100
2929: 3042,2737,3071,2943,3067,2938,2893,3079,2891,3038,3037,3046,2879,2928,3048,3093,3043,944,3050,3041,3105,2922,3104,494
2930: 2811,2989,2990,3061,3102,3047,2766,2931,3033,2900,3046,2879,2928,3048,3093,3043,2926,2951,3041,3105,2922,3104,3023,3077,3049,2813,3100,3022,3081,3024
2931: 2844,2914,2795,3033,2900,3014,2819,2792,3047,2766,2843,2898,3046,2879,3048,3043,2811,2989,2990,3061,3102,2930,2926,2951
2932: 2857,2969,2875,2825,2901,2921,2841,2827,2897,3020,2952,3066,2819,3026,2940,3040,2919,3039,3047
2933: 3018,3016,3002,2903,2969,2826,3028,2897,3020,2952,3066,2924,3017,2941,3065,3074,2899,2939,2752,2940
2934: 3022,3081,3024,3084,2811,2926,2951,2976,3023,3077,2813,2822,3059,2912,3058,2755,2823,3060
2935: 3086,2761,2834,3045,536
2936: 2834,3045,2991,536,2845,3076,2741
2938: 3071,2943,3067,2941,3065,3074,2899,2939,2752,2940,3040,2919,3039,2942,3073,2893,3079,2891,3038,3037,3069,944,3050,2929,3042,2737
2939: 2941,3065,3074,2899,3018,3016,2933,3066,2924,3017,2752,2940,964,2942,3073,3071,2943,3067,2938
2940: 2752,3018,3016,2933,2897,3020,2952,3066,2857,2932,2941,3065,3074,2899,2939,3040,2919,3039,2942,3073,3071,2943,3067,2938,2893,3079,2891,3038,3037
2941: 3065,3074,2899,2939,2826,3028,3018,3016,2933,3020,2952,3066,2924,3017,2752,2940,964,2942,3073,3071,3067,2938
2942: 3073,2924,3017,2941,3065,3074,2899,2939,2752,2940,964,3071,2943,3067,2938,3069,3050
2943: 3071,3067,2938,2939,2752,2940,3040,2919,3039,2942,3073,2893,3079,2891,3038,3037,3069,944,3050,2929,3042,2737
2945: 2865,3064,1953,2867,2947,3032,3068
2946: 3019,2917,2868,3034
2947: 3032,3068,2867,3030,3097,2865,2945,3064
2948: 2910,3011,2949,2894,3010,2833,2925,2876,2780,2877,2831,2885,2905,2984,3053,2896,3099,2892,2888,2828,2758
2949: 2910,3011,2894,2895,2968,3012,3094,3010,2833,2925,2876,2885,2905,2984,3053,2896,3099,2948
2950: 2978,2143,2120,2167,2190,2270,2142,2103,2232,2147,2953,3006,2210,2077
2951: 2926,2931,3033,2900,2843,2898,2918,2811,2989,2990,3061,3102,2930,2976,3023,3077,3049,2813,3100,3022,3081,3024,2934,3084,2822
2952: 2897,3020,3066,3002,2903,2969,2875,2921,3018,3016,2933,2857,2932,2941,3065,3074,2899,2940
2953: 2147,2958,2135,3006,2122,2190,2202,2270,2205,2112,2278,2961,2142,2957,2964,2177,2950,2978,2143,2120,2144,2955,2169,2077,2998,1982,2137
2954: 2487,2429,2480,2477,2456,2485,2524,2222,2530,2434,2377,2476,2475,2523,2512,2427,2466,2402,2461,2417,2433,2152
2955: 2144,2169,2205,2112,2961,2142,2964,2177,2247,2235,2248,2129,2249,2147,2958,2135,2953,3006,2122,2163,2062,2162,2256,2130,2138,2077,2998,2966,1982,2137,2133,2160,2093
2956: 2003,1987,2090,2075,568,2098,3021,3070,2043,3015,2199,2999,3051,3088,2030,1966,2042,2994,3087,2141,2074
2957: 2205,2112,2278,2961,2142,2359,2208,2318,2316,2180,2317,2972,2190,2202,2270,2177,2978,2143,2120,2147,2958,2135,2953,3006,2122,2169
2958: 2147,2135,2953,3006,2122,2190,2202,2270,2205,2112,2278,2961,2142,2957,2964,2177,2978,2143,2120,2144,2955,2169,2077,2998,2966,1982,2137
2959: 2320,2055,2315,2965,2313,2307,2403,2415,2356,2400,2357,2158,2352,2414,2355,2310,2322,2389,2304,2231,2406,2319,2341,2420,2156,2321,2318,2316,2180,2317,2178,2314,2980,2155,2353,1961
2960: 2890,2591,2557,486,3062,2907
2961: 2205,2112,2278,2142,2957,2208,2318,2316,2180,2317,2972,2353,1961,2190,2202,2270,2964,2177,2978,2143,2120,2147,2958,2135,2953,3006,2122,2144,2955,2169
2962: 2461,2157,2417,2429,2480,2477,2456,2485,2377,2475,2512,2427,2179,2466,2402,2433,2152,2416,2415,2356,2400,2357,2158,2352,2414,2355,2310,2322,2265,2378,2365,2419
2963: 2161,3075,2329,2260,3001,2237,2132,2197,2529,3090,2097,512,2977,2145,3025,3055,2173,2358
2964: 2177,2318,2316,2353,1961,2225,2967,2205,2112,2961,2142,2247,2235,2248,2129,2249,2958,2135,2953,3006,2122,2144,2955,2169,2163,2062,2162,2256,2130
2965: 2320,2959,2055,2315,2313,2307,2301,2305,2432,2403,2415,2356,2400,2158,2352,2355,2389,2304,2231,2406,2346,2319,2321,2359,2317,2178,2314
2966: 2998,1982,2137,2958,2135,3006,2144,2955,2169,2163,2062,2162,2256,2130,2138,2077,2133,2160,2093,2121,2114,2054,2080,2113,2134,3031,2092
2967: 2225,2226,2970,2319,2341,2420,2156,2321,2309,2016,2154,2238,2974,2979,2980,2155,2353,1961,2219,2288,2251,2964,2177,2247,2235,2248,2129,2249,2250,2131,2252,2150
2968: 3012,3094,3008,3085,2910,3011,2949,2894,936,2885,2905,2984
2970: 2225,2226,2967,2319,2341,2420,2156,2321,2309,2308,2016,2154,2238,2974,2979,2331,2214,2330,2218,2980,2155,2353,1961,2219,2288,2251,2216,2177,2247,2235,2248,2129,2249,2250,2131,2252,2150
2971: 2198,3101,2067,1950,1947
2972: 2318,2316,2180,2317,2178,2314,2304,2231,2346,2320,2315,2313,2359,2208,1961,2190,2202,2270,2205,2112,2278,2961,2142,2957,2177
3050: 944,2942,3073,3071,2943,3067,2938,2893,3079,2891,3038,3037,3069,2929,3042,2737,494
2974: 2309,2308,2016,2154,2238,2979,2357,2158,2352,2414,2355,2310,2322,2265,2378,2365,2419,2267,2333,2319,2341,2420,2156,2321,2331,2214,2330,2218,2980,2155,2225,2226,2967,2970,2219,2288
2975: 2913,2911,2918,2738,2920,2743,2788,2789,2976,3091,2822
2977: 3015,2199,2999,3051,3088,3090,2097,512,2161,2963,3075,2042,2994,3087,2145,3025,3055
2978: 2950,2143,2120,2167,2190,2202,2270,2205,2112,2278,2961,2142,2957,2103,2232,2147,2958,2135,2953,3006,2122,2210,2077
2979: 2309,2308,2016,2154,2238,2974,2357,2355,2310,2322,2265,2365,2419,2319,2341,2420,2156,2321,2331,2214,2330,2218,2980,2155,2353,1961,2225,2226,2967,2970,2219,2288,2251
2980: 2155,2353,1961,2320,2959,2055,2315,2313,2319,2341,2420,2156,2321,2016,2154,2238,2974,2979,2318,2316,2180,2317,2178,2314,2225,2226,2967,2970,2205,2112,2278,2177,2235
2981: 2983,3034,3036,2937,3083,2902,2982,2869,2866,3057,3080,1953,2867,3030,2870,3092,3097
2982: 3036,2937,3083,2902,555,2981,2983,3080
2983: 2981,3034,3036,2937,3083,2902,2982,2869,2866,3057,3080,1953,2867,3030,2870,3092,3097
2984: 2885,2905,3053,2896,3099,2968,3012,3094,2910,3011,2949,2894,2833,2925,936,2948,3029,3103,3052,2987,3096,3002,2903
2985: 2332,2391,2992,2066,2404,2437,2340,2277,2405,2422,2988,2335,2271,3013,2395,2474,3005
2986: 2871,3080,3030,2870,3092,3097,1603,1583
2988: 2422,2437,2340,2195,2435,2451,2544,2332,2391,2992,2985,3013,2395,2474,3005
2989: 2811,2990,3061,3102,2930,3047,2766,2844,2914,2795,2931,3033,2900,3014,3046,2879,2928,3048,3093,3043,2926,2951,3041,3105,2922,3104,3023,3077,3049,2813,3100,3022,3081
2990: 2811,2989,3061,3102,2930,2766,2931,3033,2900,3046,2879,2928,3048,3093,3043,2926,2951,3041,3105,2922,3104,3023,3077,3049,2813,3100,3022,3081,3024,3084
2991: 2834,3045,2936,536,2845,3076,2741
2993: 2245,2089,2243,2325,2386,2324,2241,2046,2408,3003,2423,2425,2242,2044,2381,2404,2345,2344,2275,2002,2193,2191,2196,2277,2405
2994: 2042,3087,2098,3021,3070,3015,2999,3088,3090,2097,2003,1987,2956,2977,2141,2074
2995: 2625,3056,2996,3062,2907,2743,2788,2849,2789,2589,3091
2997: 2121,3054,2077,2998,2137,2229,2227,2038,2228,2114,2095,3009,966
2998: 2966,1982,2137,2147,2958,2135,2953,3006,2122,2144,2955,2169,2163,2062,2130,2077,2133,2160,2093,2121,2997,2114,2054,2080,2113,2134,3031
2999: 3015,2199,3051,3088,2236,2201,2140,2091,2280,2139,2279,2281,2260,3001,2237,2132,568,2098,3021,3070,2043,3090,2097,512,2003,1987,2956,2042,2994,3087,2977
3000: 1477,1341,2858,3072,2889
3001: 2260,2237,2132,2335,2271,2280,2139,2279,2281,2197,3015,2199,2999,3051,3088,3090,2097,512,2963,2329
3002: 2903,936,2905,2984,3053,2896,3099,3029,3103,3052,2987,3096,3027,2969,2826,3028,3018,3016,2933,3020,2952,3066
3004: 2036,2065,3078,2030,1966,2003,1987,3095,3044,3082,2141,2074,3098,2027,2061,1998
3005: 2474,2332,2985,2066,2422,2988,2335,2271,3013,2395,2197,2529,2428
3006: 2147,2958,2135,2953,2122,2190,2205,2112,2961,2142,2957,2964,2177,2950,2978,2143,2120,2144,2955,2169,2077,2998,2966,1982,2137
3009: 2029,3063,2052,966,2121,2997,3054,2114,2054,2080,2113,2134,2092,2095,2570,1942,1963,2011
3010: 2833,2925,2876,2895,2873,2776,2910,3011,2949,2894,2780,2832,2877,2831,2885,2905,2948,2892,2888,2828,2758
3011: 2910,2949,2894,3008,3085,2895,2968,3012,3094,3010,2833,2925,2876,936,2885,2905,2984,3053,2896,3099,2948
3012: 2968,3094,3008,3085,2910,3011,2949,2894,936,2885,2905,2984,3053,2896,3099
3014: 2844,2914,2795,2931,3033,2900,2819,3026,2792,3047,2766,3046,2879,2928,3048,2811,2989,3061
3015: 2199,2999,3051,3088,2236,2201,2140,2091,2272,2280,2139,2279,2281,2260,3001,568,2098,3021,3070,2043,3090,2097,512,2003,1987,2956,2042,2994,3087,2977
3016: 3018,2933,3029,3103,3096,3027,3002,2903,2826,3028,3020,2952,3066,2924,3017,2941,3065,3074,2899,2939,2752,2940
3017: 2924,2826,3028,3018,3016,2933,2941,3065,3074,2899,2939,964,2942,3073
3018: 3016,2933,3029,3103,3052,3096,3027,3002,2903,2826,3028,3020,2952,3066,2924,3017,2941,3065,3074,2899,2939,2752,2940
3019: 2946,2917,2868,3034
3020: 2897,2952,3066,3002,2903,2969,2875,2921,3018,3016,2933,2857,2932,2941,3065,3074,2899,2940
3021: 568,2098,3070,2043,2076,2115,2236,2201,2091,2272,2280,2139,2090,2075,3015,2199,2999,3051,3088,2030,1966,2003,1987,2956,2042,2994,3087
3022: 3081,3024,2934,3084,2811,2989,2990,3102,2930,2926,2951,3023,3077,3049,2813,3100,2822,3059,2912,3058,2755,2823,3060
3023: 3077,3049,2813,3100,3046,2879,2928,3048,3093,3043,2811,2989,2990,3061,3102,2930,2926,2951,3041,3105,2922,3104,3022,3081,3024,2934,3084,3059,2912,3058
3024: 3022,3081,2934,3084,2811,2990,3102,2930,2926,2951,3023,3077,3049,2813,3100,2822,3059,2912,3058,2755,2823,3060
3025: 2549,2145,3055,2161,2963,3075,2329,2977,2173,2358
3026: 2819,2875,2901,2921,2909,2841,2827,2768,2857,2932,3040,2919,3047,2766,2844,2914,2795,3033,3014
3027: 3029,3103,3052,2987,3096,936,3053,2896,3002,2903,2826,3028,3018,3016
3028: 2826,3029,3103,3052,2987,3096,3027,3002,2903,3018,3016,2933,2924,3017,2941,3065,3074,2899
3029: 3103,3052,2987,3096,3027,936,2984,3053,2896,3002,2903,2826,3028,3018,3016
3030: 2870,3092,3097,2981,2983,3080,2986,2871,2947,3032,3068,1603,1583
3031: 2054,2080,2113,2134,2092,2998,2966,1982,2137,2133,2160,2093,2114,2049,2108,2170,2127,2037,2029,3063
3033: 2844,2914,2795,2931,2900,3014,2819,3026,3047,2766,3046,2879,2928,3048,3093,3043,2811,2989,2990,3061,3102,2930,2951
3034: 2868,2946,3019,2917,3036,2937,3083,2902,2869,2866,3057,2981,2983
3035: 2020,1947,1999
3036: 2937,3083,2902,2917,2868,3034,2982,2869,2866,2981,2983,3080
3037: 2893,3079,2891,3038,2752,2940,3040,2919,3039,3047,3071,2943,3067,2938,3046,2879,2928,3093,3050,2929,3042,2737,2922
3038: 2893,3079,2891,3037,2752,2940,3040,2919,3039,3047,3071,2943,3067,2938,3046,2879,2928,3048,3093,3043,944,3050,2929,3042,2737,3041,3105,2922
3039: 3040,2919,3066,2857,2932,2752,2940,3047,3071,2943,3067,2938,2893,3079,2891,3038,3037,2879,2928,3093
3040: 2919,3039,2857,2932,2819,3026,2940,3047,2766,2943,2938,2893,3079,2891,3038,3037,3046,2879,2928,3048,3093,3043
3041: 3105,2922,3104,2893,3079,2891,3038,3046,2879,2928,3048,3093,3043,2811,2989,2990,3061,3102,2930,2929,3042,2737,3023,3077,3049,2813,3100,494
3042: 2929,2737,2943,3067,2938,2893,3079,2891,3038,3037,3046,2879,2928,3048,3093,3043,944,3050,3041,3105,2922,3104,494
3044: 3095,3082,2065,3078,2030,1966,1995,2011,3004,2036,1972,2015,3007,3098
3045: 2834,2936,2991,2935,3086,536,2741
3046: 2879,2928,3048,3093,3043,3040,2919,3047,2766,2914,2795,2931,3033,2900,3014,2893,3079,2891,3038,3037,2811,2989,2990,3061,3102,2930,2929,3042,2737,3041,3105,2922,3104,3023,3049,3100
3047: 2766,2857,2932,2819,3026,3040,2919,3039,2914,2795,2931,3033,2900,3014,2893,3079,2891,3038,3037,3046,2879,2928,3048,3093,3043,2811,2989,3061,3102,2930
3048: 3046,2879,2928,3093,3043,3040,2919,3047,2766,2914,2795,2931,3033,2900,3014,2893,3079,2891,3038,2811,2989,2990,3061,3102,2930,2929,3042,2737,3041,3105,2922,3104,3023,3049,3100
3049: 3023,3077,2813,3100,3046,2879,2928,3048,3093,3043,2811,2989,2990,3061,3102,2930,2926,2951,3041,3105,2922,3104,3022,3081,3024
3051: 3015,2199,2999,3088,2236,2201,2140,2091,2272,2280,2139,2279,2281,2260,3001,2237,2132,568,2098,3021,3070,2043,3090,2097,512,1987,2956,3087,2977
3052: 3029,3103,2987,3096,3027,936,2885,2905,2984,3053,2896,3099,3002,2903,2826,3028,3018
3053: 2885,2905,2984,2896,3099,3012,3094,2910,3011,2949,2894,936,2948,3029,3103,3052,2987,3096,3027,3002,2903
3055: 2145,3025,3090,2097,2161,2963,3075,2329,2977,2173,2358
3056: 2625,2995,2996,3062,2907,2743,2788,2849,2789,2589,3091
3057: 2869,2866,2868,3034,2937,2981,2983,1953,2867
3058: 3059,2912,3023,3077,2813,3022,3081,3024,2934,3084,2822,2755,2823,3060
3059: 2912,3058,3023,3077,2813,3022,3081,3024,2934,3084,2822,2755,2823,3060
3060: 2755,2823,3022,3081,3024,2934,3084,2822,3059,2912,3058
3061: 2811,2989,2990,3102,2930,3047,2766,2844,2914,2795,2931,3033,2900,3014,3046,2879,2928,3048,3093,3043,2926,2951,3041,3105,2922,3104,3023,3049,3100
3063: 3009,2029,2052,966,2121,2114,2054,2080,2113,2134,3031,2092,1942,1963,2011
3064: 2865,2945,1953,2867,2947,3032,3068
3065: 2941,3074,2899,2939,2826,3028,3018,3016,2933,2897,3020,2952,3066,2924,3017,2752,2940,964,2942,3073,3071,2938
3066: 2897,3020,2952,3002,2903,2969,2921,3018,3016,2933,2857,2932,2941,3065,3074,2899,2939,2752,2940,3039
3067: 3071,2943,2938,2941,3074,2899,2939,2752,2940,3039,2942,3073,2893,3079,2891,3038,3037,3069,944,3050,2929,3042,2737
3068: 2947,3032,1953,2867,3030,3097,2865,2945,3064
3069: 964,2942,3073,3071,2943,3067,2938,944,3050
3070: 568,2098,3021,2043,2204,2076,2045,2115,2236,2201,2140,2091,2272,2280,2139,2279,2090,2075,3015,2199,2999,3051,3088,2030,1966,2003,1987,2956,2042,2994
3071: 2943,3067,2938,2941,3065,3074,2899,2939,2752,2940,3039,2942,3073,2893,2891,3038,3037,3069,3050,2929,2737
3075: 2161,2963,2329,2237,2132,2197,2529,3090,2097,512,2977,2549,2145,3025,3055,2173,2358
3076: 2845,2936,2991,2741,3008,3085
3077: 3023,3049,2813,3100,3043,2811,2989,2990,3102,2930,2926,2951,3041,3105,2922,3104,3022,3081,3024,2934,3084,3059,2912,3058
3078: 2065,2054,2080,2092,2049,2108,2127,2090,2075,2030,1966,1995,2011,3095,3044,3082,3004,2036
3079: 2893,2891,3038,3037,2940,3040,2919,3039,3047,2766,2943,3067,2938,3046,2879,2928,3048,3093,3043,944,3050,2929,3042,2737,3041,3105,2922,3104
3080: 3036,2937,3083,2902,2982,555,2981,2983,3030,2870,3092,3097,2986,2871
3081: 3022,3024,2934,3084,2811,2989,2990,3102,2930,2926,2951,3023,3077,3049,2813,3100,2822,3059,2912,3058,2755,2823,3060
3083: 3036,2937,2902,2917,3034,2982,2869,2981,2983,3080
3084: 3022,3081,3024,2934,2811,2990,2926,2951,2976,3023,3077,2813,2822,3059,2912,3058,2755,2823,3060
3085: 3008,2845,3076,2741,2968,3012,3094,3011,2894
3086: 2935,2761,2834,3045,536
3087: 2042,2994,2098,3021,2043,3015,2199,2999,3051,3088,3090,2097,512,2003,1987,2956,2977,2141,2074
3090: 2097,512,2280,2139,2279,2260,3001,2237,2132,2197,3015,2199,2999,3051,3088,2161,2963,3075,2329,2042,2994,3087,2977,2145,3055
3091: 2920,2743,2788,2849,2789,2625,3056,2995,2913,2975,2911
3092: 3030,2870,3097,2981,2983,3080,2986,2871,1603,1583
3093: 3046,2879,2928,3048,3043,3040,2919,3039,3047,2766,3033,2900,2893,3079,2891,3038,3037,2811,2989,2990,3061,3102,2930,2929,3042,2737,3041,3105,2922,3104,3023,3049,3100
3094: 2968,3012,3008,3085,2910,3011,2949,2894,936,2885,2905,2984,3053,3099
3095: 3044,3082,2065,3078,1966,1995,2011,3004,2036,1972,2015,3007,3098,2027
3096: 3029,3103,3052,2987,3027,936,2905,2984,3053,2896,3099,3002,2903,2826,3028,3018,3016
3097: 3030,2870,3092,2981,2983,3080,2986,2871,2947,3032,3068,1603,1583
3098: 1995,2011,3095,3044,3082,3004,2036,1972,2015,3007,2027
3099: 2885,2905,2984,3053,2896,3012,3094,2910,3011,2949,2894,2833,936,2948,3052,2987,3096,3002,2903
3100: 3023,3077,3049,2813,3046,2879,2928,3048,3093,3043,2811,2989,2990,3061,3102,2930,2926,2951,3041,3105,2922,3104,3022,3081,3024
3101: 2971,2198,2067,1950,1947
3102: 2811,2989,2990,3061,2930,3047,2766,2931,3033,2900,3046,2879,2928,3048,3093,3043,2926,2951,3041,3105,2922,3104,3023,3077,3049,2813,3100,3022,3081,3024
3103: 3029,3052,2987,3096,3027,936,2984,3053,2896,3002,2903,2826,3028,3018,3016
3104: 3041,3105,2922,3079,2891,3046,2879,2928,3048,3093,3043,2811,2989,2990,3061,3102,2930,2929,3042,2737,3023,3077,3049,2813,3100,494
3105: 3041,2922,3104,3079,2891,3038,3046,2879,2928,3048,3093,3043,2811,2989,2990,3061,3102,2930,2929,3042,2737,3023,3077,3049,2813,3100,494