1574: 1605
543: 
1068: 1632,1656,1630,1655,1659,1653,1654,1657,1658,1640,1638,1627,1619,1624
1141: 1100
1543: 1349
566: 
949: 1558,1537
1581: 430,1562
1445: 1530
1701: 1700,1671,2410,2465,2364,2488,2464,915,2266,2040
977: 2637,2630,2564,2613,2610
1519: 1564,1450,1531,1476,1430
1373: 1467,1687,1668
1572: 1527,970,554
1394: 1379,1415,1365,1431,1346
535: 
1939: 2580,2223,2072,444,2021,2594
1459: 1525,1501,1376
2808: 2778,2801,2809,2824,2797,2761,2781,2759
583: 2165,2349,2031,1976
1619: 1640,1638,1627,1644,1624,1646,1632,1068,1630,1655,1659,1653,1657,1636,1645,1639
1376: 1501,1459,1525,952,985
900: 2446,2209
1520: 1495,475
1337: 1690,822,1487
500: 553
520: 1847,1778
1393: 1431,1426,1346,1461,1395
1602: 1532,503,584
1623: 1066,1618,1063,1065,1609,1083,1615,1053
562: 
509: 
1174: 1062
822: 1487,1690,1337,926,2148,2224,2498,2499
947: 
563: 
985: 1501,1376
1450: 1531,1519,1564,1476,1430
2261: 2337,2140,2091,2201,2159,2282,2283,2342,2110,2181,2258,2338,2339,2089,2094,2345,2275,2045,2204,2281,2279,2139,2272,2280
1556: 1576,491
995: 2578,1867,1913,2619,2509,2571
551: 
1532: 1602,503,584
957: 538
1540: 1499,1571
1687: 1668,1373
961: 
495: 
1456: 1387
968: 
1718: 1765,1723,1698
929: 
939: 
905: 
1461: 1431,1393,1426,1346,1395
552: 1202,1243,1161,1731,1521
572: 2525,2371
1506: 1478
560: 2664,2723
504: 
1479: 1554
61: 1460
539: 
558: 
1527: 559,1572,554
1495: 1520,475
2145: 580,2198,2173,2358
922: 
589: 
1874: 2540,1882,1830,2489,1907,927,1606,1853
1600: 1789
598: 
1202: 552
1781: 1752
587: 
515: 
1571: 1540,1499,577,903
569: 1948,1864,1922,1940,1823,1921,1843,1917,1919,1955,1986
996: 1978,1818
1823: 1940,2015,1972,1974,1921,1941,1965,1948,1864,1922,569
1690: 1337,822,1487
916: 580,2173,2358
1172: 1268,1326,153,1635,1617,1136
1605: 1574
591: 
926: 822,1487,2148,2498
1487: 822,1690,1337,926,2148,2224,2498,2499
1513: 1548
532: 
944: 
582: 2151,2653
1295: 
948: 459,2762,2707
1349: 1543
1064: 1088,1858,908,1633,1629
588: 2383,2105,2385,2367,2166,2445,2479,2399,2306,2301,2305,2307,2348,2443,2168,2389,2304,1997,2233,2208,2359,2384,2231,2346
1253: 1278,1290
994: 
1518: 
1496: 1660
2729: 2713,2727
593: 
1426: 1431,1393,1346,1461,1395
544: 
908: 1891,1064,1088,1633
1606: 1853,1874,2540,927,2583,1736,1751
955: 
1346: 1431,1393,1426,1379,1394,1415,1365,1461,1395
906: 
1635: 153,1617,1136,1268,1326,1637,1172
581: 
498: 
932: 2692,2722
575: 1882,1830
993: 
1646: 1640,1638,1627,1619,1644,1624,1655,1636,1645,1639
531: 981
1395: 1431,1393,1426,1346,1461
2602: 2579,2021,2594,2563,2623,2255
513: 1697,1787
1278: 1637,1253,1676,1650,1290
1387: 1456
2541: 1951,2516,2559,1933,2560,2539,2709,2486,2504,1884,2708
1671: 1701,1700,2410,2334,853,1677,2465,2364,2488,2464,2268,2462,915,2454,2267,2333,2392,2262,2263,2409,2266,2040
1458: 1397,554
506: 525,409
975: 
911: 2336,2070,980
555: 1603,1583
597: 
979: 
988: 
963: 
1684: 1663
538: 957
951: 
1348: 1402,441
536: 2781,2759,2776,2741
592: 954
1063: 1618,1065,1609,1083,1615,1612,1067,1069,1620,1066,1623
1562: 430,1581
2578: 1867,1913,2619,995
986: 487
559: 1474,1514,1527,554
586: 1629,2706,1750
903: 1499,1571,1476,1430
1589: 1732,912
596: 1537
1670: 1743,1720,1703,1723,1698
557: 
580: 916,2198,2145,2173,2358
537: 
978: 
153: 1635,1617,1136,1268,1326,1172
980: 911
1974: 2015,1972,946,1998,1940,1823,1921
568: 2037,2092,2076,2115,2108,2049,2090,2075,2030,1966
157: 1588
965: 
2637: 977,2630,2564,2613,2610
902: 
556: 972
1503: 1404
1430: 1476,903,1519,1564,1450,1531,1379,1365
541: 
594: 422
166: 1015,943
1708: 1746,2735,2732,415
507: 
700: 1662,1651
1528: 521,1592
519: 
550: 
1547: 1580,548
574: 
940: 1967,1936
1065: 1618,1063,1609,1083,1615,1612,1067,1069,1620,1066,1623
1837: 1783
923: 
1062: 1174
1053: 1066,1623,1268,1326
901: 
501: 2652,2604
1588: 157
992: 
1290: 1278,1253
534: 2004,2057
967: 
573: 
547: 
976: 
919: 
1415: 1379,1394,1365,1431,1346
1565: 1585
590: 524,2067,1999,2020,1950,2033,2059,2006,2068
2687: 2642,2614,2673,2675,2700,2657,2721,2674,2694
1514: 1474,559
962: 1719
927: 2489,1907,1874,2540,1606,1853,1915,2496,2583
1578: 1388
584: 1532,1602
934: 
1531: 1450,1519,1564,1476,1430
953: 
1197: 1664,1686
973: 
517: 
982: 
2811: 2792,2737,2795,2798,2819,2766,2816,2810,2794,2753,2800,2790,2743,2788,2812,494,2738,2782,2813,2814
924: 1745,1722
1891: 908,1793,1633
1424: 1676,1650,1672
990: 
578: 2561,2450
1341: 1477
1149: 1184,1745,1722
1388: 1578
1502: 1536
914: 
1419: 1557
1693: 1707,1725,1754
2774: 2822,2782,2813,2814,2755,486,2823
925: 1737,1888
1521: 1731,552
1100: 1141
2107: 2150,2185,2225,2251,2249,2131,2219,2288,2312,2252,2250,2216,2246,2244,2300,2162,2256,2248,2129,2247,2159,2282,2323,2283,2253,2163,2062,2182,2183,2188,2186,2259,2138,2127,2170,2184,2204,1994,2187
941: 
1659: 1630,1655,1653,1654,1657,1658,1632,1068,1656,1640,1638,1627,1619,1624,1639
912: 1589,1732
950: 
943: 166
1443: 1598
2753: 2810,2794,2800,2765,2795,2798,2766,2816,2790,2743,2788,2812,494,2792,2811,2738,2782,2813,2814
2540: 1874,1882,1830,2489,1907,927,1606
1551: 1414
1404: 1503
579: 
2768: 2791,2750,2820,2817,2805,2756,2779,2757,2771,2770,2533,2752,2737,2795,2798,2819,2766,2816,2810,2794,2800
508: 
920: 
1379: 1394,1415,1365,1476,1430,1431,1346
599: 
1580: 1547,548
514: 2593,2641
1476: 1430,903,1519,1564,1450,1531,1379,1365
971: 
972: 556
1557: 1419
1583: 1603,1953,1825,555
1585: 1565
1402: 1348,441
1576: 1556,491
2657: 2682,2683,2612,2675,2700,2687,2642,2694
1526: 1561
2281: 2279,2139,2110,2181,2258,2338,2339,2089,2094,2345,2275,2193,2337,2261,2140,2091,2201,2196,2132,2191,2002,2272,2236,2280,2260,2199,2237
512: 2260,2199,2097,2329,2197,2161
942: 
571: 2165,2349,1967,1936
1478: 1506
1501: 1376,1459,1525,952,985
1563: 
928: 429
1499: 1540,1571,577,903
567: 469
528: 
909: 516
1467: 1373
524: 590,2033,2059
998: 
853: 1677,2465,2364,2377,2476,2475,2523,2512,2427,2488,2464,915,1700,1671
585: 
523: 
1525: 1459,1501,1376
915: 2476,2512,2427,853,1677,2465,2364,2488,2464,2152,1701,1700,1671,2410,2334,2416,2267,2333,2218,2392,2394,2262,2263,2409,2266,2040
2822: 2774,2738,2782,2813,2814,2755,486,2823
533: 403
959: 487
913: 
530: 
496: 
1088: 1064,1858,908,1633,1629
522: 
958: 
553: 500
1474: 1514,559
1365: 1379,1394,1415,1476,1430,1431,1346
1530: 1702,1665,1445
510: 
542: 
960: 
984: 1694,1714
952: 1501,1376
595: 
1561: 1526
505: 
521: 1528,1592
999: 
2589: 2625
518: 
1680: 1664,1648,1686,1754
502: 1979,1883,2073,1992,1941,1965
956: 
1414: 1551
933: 1803,1876,1844,1877
904: 449
1015: 166
1066: 1623,1618,1063,1065,1609,1083,1615,1053
549: 
991: 2053,1973
1268: 1326,1053,1172,153,1635,1617,1136
1454: 1323,2590,2596,2627,2655
2801: 2778,2809,2808,2824,2797,2761
554: 559,1527,1572,1397,1458
497: 1601,1590
1536: 1502
548: 1547,1580
526: 
989: 437
1069: 1620,1612,1067,1063,1065,1609,1083,1615
1601: 1590,497
545: 442
576: 
945: 2576
2730: 2678,527,2731,2710,1634,1631
981: 1797,1772,1802,1729,1846,531
946: 1963,1942,2015,1972,1974,1998,2027
516: 909
1637: 1635,1136,1278
1161: 552
570: 
1985: 2116,489
1592: 1528,521
918: 2350,1773,2449,2595
1184: 1149,1745,1722
1714: 984,1694
1323: 1454,2590,2596,2627,2655
1686: 1680,1664,1648,1197
1243: 552
499: 
1460: 61
1732: 1589,912
938: 450
966: 2050,2087
1700: 1701,1671,2410,2334,853,1677,2465,2364,2488,2464,2268,2462,915,2454,2392,2409,2266,2040
937: 
1477: 1341
921: 
1698: 1723,1743,1670,1718,1765
1326: 1268,1053,1172,153,1635,1617,1136
540: 2151,2653
997: 
503: 931,1532,1602
917: 
1766: 1877,1836
1537: 596,1558,949
546: 
1067: 1612,1069,1620,492,1618,1063,1065,1609,1083,1615
970: 1572
1603: 1583,1953,1825,555
2233: 1997,2348,2443,2168,2383,2105,2385,2367,2166,588,2418,2208,2359,2384,2366,2211,2207,2426,2167,2213
1668: 1687,1373
1719: 1763,962
1431: 1393,1426,1346,1379,1394,1415,1365,1461,1395
931: 2669,503
565: 
529: 
2782: 2738,2813,2814,2810,2753,2800,2790,2743,2788,2812,2792,2811,2755,486,2823,2774,2822
561: 
1624: 1640,1638,1627,1619,1644,1646,1632,1068,1630,1655,1659,1653,1654,1657,1658,1636,1645,1639
964: 
2033: 524,590,2059
2790: 2743,2788,2812,2765,2810,2794,2753,2800,2789,2792,2811,2738,2782,2813,2814,486
954: 592
1575: 1642,1641,1643
1590: 1601,497
2104: 2164,2210,2143,2120,2228,2038,2227,2229,2050,2087
1558: 949,1537,1692
1548: 1513
564: 
511: 2336,2070
1788: 1870,1841,1863,1807,1970,2026
969: 480
527: 2728,2699,2731,2710,2678,2730
1136: 153,1635,1617,1268,1326,1637,1172
1554: 1479
987: 
935: 
1397: 1458,554
1083: 1618,1063,1065,1609,1615,1612,1067,1069,1620,1066,1623
974: 
907: 
1598: 1443
930: 1729,1846,442,1797,1772,1802,1760
577: 1499,1571
983: 
525: 1752,506
1984: 1855,1847
1564: 1519,1450,1531,1476,1430
910: 
936: 
400: 
401: 
402: 
403: 533
404: 
405: 
406: 
407: 
408: 
409: 506
410: 
411: 1779,1767,1740
412: 
413: 
414: 
415: 2711,2701,2706,1750,1708
416: 
417: 
418: 
419: 
420: 
421: 
422: 2695,594
423: 
424: 
425: 
426: 
427: 460
428: 
429: 928
430: 1562,1581
431: 
432: 2586,2123,2467,2514
433: 
434: 
435: 469
436: 471
437: 989
438: 
439: 2728,2699
440: 
441: 1402,1348
442: 545,1772,1802,1729,1846,930
443: 
444: 2223,2072,1939,2580
445: 
446: 
447: 
448: 
449: 904
450: 938
451: 1768,1832
452: 
453: 
454: 1696,1679
455: 
456: 
457: 
458: 
459: 2762,2707,948
460: 427
461: 1634,1631
462: 
463: 
464: 
465: 
466: 
467: 
468: 
469: 567,435
470: 
471: 436
472: 2568,2534
473: 
474: 
475: 1520,1495
476: 
477: 
478: 
479: 
480: 969
481: 
482: 
483: 
484: 
485: 
486: 2755,2823,2790,2743,2788,2812,2789,2738,2782,2813,2814,2774,2822
487: 986,959
488: 
489: 1985,2116
490: 
491: 1556,1576
492: 1612,1067
493: 
494: 2752,2737,2795,2798,2819,2766,2816,2810,2794,2753,2800,2799,2792,2811
1609: 1618,1063,1065,1083,1615,1612,1067,1069,1620,1066,1623
2725: 2203,2695
1676: 1650,1424,1278,1672
1612: 1067,1069,1620,492,1618,1063,1065,1609,1083,1615
1721: 1695
1672: 1676,1650,1424
1615: 1618,1063,1065,1609,1083,1612,1067,1069,1620,1066,1623
1729: 1846,930,442,1797,1772,1802,1760,981
1617: 153,1635,1136,1268,1326,1172
1618: 1063,1065,1609,1083,1615,1612,1067,1066,1623
1620: 1069,1612,1067,1063,1065,1609,1083,1615
1627: 1640,1638,1619,1644,1624,1646,1632,1068,1655,1659,1653,1657,1636,1645,1639
1636: 1645,1640,1638,1627,1619,1644,1624,1646,1639
1629: 1064,1088,1633,2711,2701,2706,586
1630: 1655,1659,1653,1654,1657,1658,1632,1068,1656,1640,1638,1619,1624,1639
1631: 1634,2678,2730,461
1632: 1068,1656,1630,1655,1659,1653,1654,1657,1658,1640,1638,1627,1619,1624
1633: 908,1891,1064,1088,1629
1634: 1631,2678,2730,461
1638: 1640,1627,1619,1644,1624,1646,1632,1068,1630,1655,1659,1653,1654,1657,1658,1636,1645,1639
1639: 1630,1655,1659,1653,1654,1657,1658,1640,1638,1627,1619,1644,1624,1646,1636,1645,1648
1640: 1638,1627,1619,1644,1624,1646,1632,1068,1630,1655,1659,1653,1654,1657,1658,1636,1645,1639
1641: 1643,1575,1642
1642: 1575,1641,1643
1643: 1641,1575,1642
1644: 1640,1638,1627,1619,1624,1646,1655,1636,1645,1639
1645: 1636,1640,1638,1627,1619,1644,1624,1646,1639
1685: 
1648: 1680,1664,1686,1639,1754
1696: 1679,454
1650: 1676,1424,1278,1672
1651: 1662,700
1677: 853,2465,2364,2377,2476,2475,2523,2512,2427,2488,2464,915,1700,1671
1653: 1630,1655,1659,1654,1657,1658,1632,1068,1656,1640,1638,1627,1619,1624,1639
1654: 1630,1655,1659,1653,1657,1658,1632,1068,1656,1640,1638,1624,1639
1655: 1630,1659,1653,1654,1657,1658,1632,1068,1656,1640,1638,1627,1619,1644,1624,1646,1639
1656: 1632,1068,1630,1655,1659,1653,1654,1657,1658
1657: 1630,1655,1659,1653,1654,1658,1632,1068,1656,1640,1638,1627,1619,1624,1639
1658: 1630,1655,1659,1653,1654,1657,1632,1068,1656,1640,1638,1624,1639
1660: 1496
1720: 1703,1743,1670
1662: 1651,700
1663: 1684
1664: 1680,1648,1686,1197
1665: 1702,1530
1679: 1696,454
2823: 2755,486,2782,2814,2774,2822
1689: 1817
2760: 2775,2781,2759,2776,2741,2805,2756,2779
1797: 1772,1802,1760,1729,1846,930,981
1692: 1558
1694: 984,1714
1695: 1721
1697: 1787,513,1768
1702: 1665,1530
1703: 1720,1743,1670
1982: 2147,2077,2142,2122,2169,2177,2130,2143,2120,2093,2144,2135,2160,2228,2038,2227,2137,2114,2113,2134,2054
1767: 1779,411,1740
2612: 2658,2611,2630,2682,2683,2657,2704
1707: 1693,1725,1754
1731: 552,1521
1730: 1834,1870,1841,1970
2728: 2699,439,527,2731,2710
2701: 2711,1629,2706,415,1750
1717: 1796,1915,2496,2583,2572,2624
1722: 1745,1149,1184,924
1723: 1698,1743,1670,1718,1765
1725: 1707,1693,1754
1841: 1870,1730,1834,1863,1807,1970,1788
1728: 2607,2677,1792,1756,1819
1807: 1863,1870,1841,1970,1788
1772: 1797,1802,1760,442,1729,1846,930,981
1736: 1606,1853,2583,1751,1776,1960
1737: 1888,925
1830: 1882,575,2486,2504,1884,2708,2489,1907,1874,2540
1765: 1718,1723,1698
1740: 1798,1779,1767,411,1791,1988
1743: 1670,1720,1703,1723,1698
1778: 1847,520
1745: 1722,1149,1184,924
1746: 1708,2732
1796: 1717,1915,2496,2583,2572,2624
1858: 1820,1064,1088
2312: 2219,2288,2252,2250,2216,2309,2238,2331,2214,2311,2024,2374,2215,2351,2225,2251,2249,2131,2246,2244,2300,2162,2107,2150,2185,2159,2282,2323,2283,2253
1750: 2711,2701,2706,586,415
1751: 1606,1853,1736,1776,1960
1752: 1781,525
2132: 2196,2191,2002,2338,2339,2094,2345,2193,2277,2405,2281,2279,2139,2335,2271,2066,2395,2280,2260,2199,2237,2097,2329,2197
1754: 1680,1648,1707,1693,1725
2321: 2319,2341,2420,2156,2322,2314,2432,2403,2415,2356,2406,2357,2158,2352,2414,2355,2310,2419,2365,2378,2265,2055,2400,2313,2178,2315,2309,2308,2016,2154,2238,2318,2316,2226,2155,2353,1961,2235,2225
1756: 1819,1776,1960,1792,1728
2764: 2783,2818,2747,2773,2597,2777,2793,2745,2744,2767,2807,2557,2796
1760: 1797,1772,1802,1729,1846,930
1917: 1843,1919,1948,1864,1922,569,1955,1986,1910,1890
1763: 1719
1825: 1953,1603,1583
1768: 1697,1787,451,1832
1769: 1771
2742: 2772,2468,2566,2806
1771: 1769
1773: 2350,918
1775: 1898,2101
1776: 1960,1736,1751,1756,1819
1779: 1767,411,1798,1740
2163: 2062,2122,2169,2177,2130,2162,2256,2248,2129,2247,2107,2150,2185,2093,2144,2135,2160,2182,2183,2188,2186,2259,2138,2127,2170,2037,2092,2133
1783: 1837
1785: 1928
2046: 2386,2324,2241,2408,2293,2411,2439,2292,2424,2044,2243,2423,2425,2242,2245,2344,2381
1787: 1697,513,1768
1789: 1600
2706: 1629,2711,2701,586,415,1750
1791: 1988,1798,1740
1792: 2607,2677,1728,1756,1819
1793: 1891,2572,2624
1798: 1740,1779,1791,1988
2076: 2115,2182,2186,2127,2170,2045,2184,2204,1994,2187,2091,2272,2043,2236,568,2090,2075
1802: 1797,1772,1760,442,1729,1846,930,981
1803: 1876,933,1844,1877
2732: 2735,2727,1746,1708
1890: 1910,1843,1917,1955,1986
2080: 2137,2114,2113,2134,2054,2037,2092,2133,2121,2099,2108,2049,2029,2052
1867: 2578,1913,2255,2189,2619,995
2722: 2692,2614,2673,932,2721,2674
2818: 2783,2764,2747,2773,2597,2777,2746,2803,2793,2745,2744,2767,2807,2557,2796
1844: 1803,1876,933,1877,1836
1973: 1947,2053,991
1817: 1689
1818: 1978,996
1819: 1756,1776,1960,1792,1728
1820: 2694,1858,2713
2678: 2730,527,2731,2710,1634,1631
1919: 1843,1917,1948,1864,1922,569
2143: 2120,2103,2232,2167,2202,2142,2278,2210,2147,2077,1982,2104,2164,2228,2038,2227,2229,2137,2114
2255: 2189,2579,2602,1991,1886,1867,1913
1988: 1791,1798,1740
2042: 2098,2043,2236,2199,2161
1832: 1768,451
2544: 2441,2507,2451,2382,2195,2435
1834: 1730,1870,1841,1970
1836: 1844,1877,1766
2619: 2578,1867,1913,995
2580: 1939,2223,2072,444,2021,2594
2604: 2652,501
1843: 1917,1919,1948,1864,1922,569,1955,1986,1910,1890
1936: 1967,571,940
1846: 1729,930,442,1797,1772,1802,1760,981
1847: 1984,1778,520
2700: 2675,2663,2683,2614,2673,2657,2721,2674,2687,2642,2694
2707: 2762,459,948
1853: 1606,1874,927,2583,1736,1751
1855: 1984
2133: 2037,2092,2093,2144,2135,2160,2163,2062,2188,2186,2259,2138,2127,2170,2113,2134,2054,2080,2108,2049
2791: 2768,2750,2820,2817,2805,2756,2779,2757,2771,2770,2533,2752,2795,2819,2766
1863: 1807,1870,1841,1970,1788
1864: 1948,1922,569,1940,1823,1921,1843,1917,1919
2715: 2734,2735
1987: 2003,2030,1966,1995,2036
2127: 2182,2183,2188,2186,2259,2138,2170,2107,2185,2159,2323,2163,2062,2045,2184,2204,1994,2187,2037,2092,2133,2076,2115
1870: 1841,1730,1834,1863,1807,1970,1788
2723: 2664,560
2796: 2557,2783,2818,2764,2744,2767,2807,2591
2002: 2196,2132,2191,2338,2339,2089,2094,2345,2275,2193,2277,2332,2340,2391,2437,2405,2281,2279,2139,2335,2271,2066,2395,2280,2260,2199,2237,2329,2197
2800: 2810,2794,2753,2768,2820,2765,2737,2795,2798,2819,2766,2816,2790,2812,494,2792,2811,2738,2782,2813,2814
1876: 1803,933,1844,1877
1877: 1803,1876,933,1844,1766,1836
2615: 2659,2096,2290
1882: 1830,575,2486,2504,1884,2708,2489,1907,1874,2540
1883: 1979,2073,1991,1886,502
1884: 2486,2504,2708,1951,2541,1882,1830,1933,2489,1907,2501
1886: 1991,1883,2255,2189
1887: 1941,1965,1912
1888: 1737,925
1951: 2541,2516,2559,1933,2560,2539,2709,2486,2504,1884,2708
2533: 2770,2780,2758,2805,2756,2779,2768,2791,2750,2820,2817,2752,2737,2795,2798,2819,2766,2816
2694: 2675,2700,2657,2704,2687,2642,1820
2684: 2736,2716
1948: 1864,1922,569,1940,1823,1921,1843,1917,1919
1970: 1730,1834,1870,1841,1863,1807,1788,2026
1898: 1775
2653: 2151,540,582
2222: 2524,2466,2402,2530,2434,2484,2548,2487,2429,2480,2477,2456,2485,2179,2431,2461,2417
2311: 2299,2024,2374,2215,2351,2267,2333,2218,2392,2394,2262,2263,2409,2266,2293,2325,2331,2214,2330,2044,2243,2219,2288,2312,2216,2246,2244,2300,2240,2347,2245
2711: 2701,1629,2706,415,1750
2695: 2725,422
2522: 2547,2471,2430,2555,2483,2484,2548,2556,2303,2482,2460,2458,1989,2459,2179
1907: 2489,1882,1830,2486,2504,1884,2708,1874,2540,927
2689: 2609,2630,2564,2610,2658,2611,2647,2704,2646
1910: 1890,1843,1917,1955,1986
2660: 2690,2576
1912: 1887,1941,1965
1913: 2578,1867,2255,2189,2619,995
2709: 1933,2560,2539,1951,2541,2504,2708,2501
1915: 2496,927,2583,1717,1796
2400: 2055,2313,2178,2315,2306,2301,2305,2307,2432,2403,2415,2356,2406,2357,2158,2352,2414,2355,2389,2304,2320,2319,2341,2420,2156,2322,2321,2314,2270,2190,2231,2346,2318,2316,2180,2317,2155,2353,1961
1921: 2015,1972,1974,1998,2027,1940,1823,1948,1864,569
1922: 1948,1864,569,1940,1823,1843,1917,1919,1955
2034: 2117,2101
1989: 2460,2458,2459,2547,2471,2522,2430,2556,2303,2482,2179,2479,2399,2306,2301,2305,2307
1950: 2067,1999,2020,590,2006,2068
2061: 2036,2018,1995,1998,2027
1928: 1785
1972: 2015,1974,1963,1942,946,1998,2027,1940,1823,1921
2559: 2516,2528,1951,2541,2648,1933,2560,2539,2501
2583: 927,1606,1853,1915,2496,1736,1717,1796
2031: 1976,2366,2211,2207,2426,2165,2349,583
1933: 2560,2539,2709,1951,2541,2516,2559,2486,2504,1884,2708,2501
2588: 2467,2514,2804,2802,2815,2746,2803,2587,2469
2090: 2075,2076,2115,2043,2236,568,2030,1966
1940: 1823,2015,1972,1974,1921,1948,1864,1922,569
1941: 1965,502,1823,1887,1912
1942: 1963,946,2015,1972
1995: 1987,2003,2036,2061,2018,1998,2027
2125: 2542
2770: 2533,2780,2758,2805,2756,2779,2768,2791,2750,2820,2817,2752,2737,2795,2798,2819,2766,2816
1947: 2053,1973
1953: 1825,1603,1583
2113: 2134,2054,2147,2077,1982,2093,2144,2135,2160,2137,2114,2037,2092,2133,2121,2099,2080
1955: 1986,1922,569,1843,1917,1910,1890
2674: 2721,2692,2722,2614,2673,2675,2700,2687,2642
2147: 2077,1982,2202,2142,2278,2122,2169,2143,2120,2093,2144,2135,2160,2228,2038,2227,2229,2137,2114,2113,2134
1960: 1776,1736,1751,1756,1819
1961: 2226,2155,2353,2235,2400,2313,2178,2315,2319,2341,2156,2321,2314,2154,2238,2318,2316,2180,2317,2225,2249,2205,2142,2278,2112,2122,2169,2177,2130,2256,2248,2129,2247
1997: 2233,2348,2443,2168,2383,2385,2166,588,2418,2208,2359,2384,2366,2211,2207,2426,2103,2167,2213
1963: 1942,946,2015,1972
1986: 1955,569,1843,1917,1910,1890
1965: 1941,502,1823,1887,1912
1966: 2030,2108,2049,568,2090,2065,2011,1987,2003
1967: 1936,571,940
1976: 2031,2366,2211,2207,2426,2165,2349,583
1977: 2039
1978: 996,1818
1979: 1883,2073,1991,502
1991: 1886,1979,1883,2255,2189
1992: 2073,502
2020: 2067,1999,1950,590,2059,2006,2068
1994: 2045,2184,2204,2187,2107,2150,2185,2159,2282,2323,2283,2253,2181,2258,2182,2183,2188,2186,2259,2138,2127,2170,2076,2272
1998: 2027,946,1995,2036,2061,2018,2015,1972,1974,1921
1999: 2067,2020,1950,590,2059,2006,2068
2055: 2400,2313,2178,2315,2306,2301,2305,2307,2432,2403,2415,2356,2406,2357,2158,2352,2414,2355,2389,2304,2320,2319,2341,2420,2156,2322,2321,2314,2231,2346,2318,2316,2180,2317,2155
2030: 1966,2108,2049,568,2090,2075,2065,2011,1987,2003
2003: 1987,2030,1966,1995,2036
2004: 2057,534
2108: 2049,2054,2037,2092,2133,2080,568,2065,2011,2030,1966
2006: 2068,590,2067,1999,2020,1950,2059
2708: 2486,2504,1884,1951,2541,1882,1830,1933,2560,2539,2709,2489,1907,2501
2162: 2256,2248,2129,2247,2226,2155,2353,2235,2225,2251,2249,2131,2219,2288,2312,2252,2250,2122,2169,2177,2130,2107,2150,2185,2093,2144,2163,2062,2182,2183,2188,2186,2259,2138
2105: 2383,2385,2367,2166,588,2445,2479,2399,2306,2301,2305,2307,2348,2443,2168,2389,2304,2320,2233,2208,2359,2384,2270,2190,2231,2346
2026: 2119,1970,1788
2011: 2065,2108,2049,2030,1966
2347: 2240,2245,2311,2299,2024,2374,2215,2351,2044,2243,2324,2241,2408,2246,2244,2300,2344,2381,2282,2283,2253,2110,2338,2094,2275
2591: 2557,2796
2015: 1972,1974,1963,1942,946,1998,1940,1823,1921
2016: 2309,2308,2154,2238,2357,2355,2310,2419,2416,2365,2378,2265,2267,2333,2218,2319,2341,2420,2156,2322,2321,2314,2331,2214,2330,2226,2155,2235,2225,2251,2249,2131,2219,2288,2252,2250,2216
2018: 2036,2061,1995,1998,2027
2611: 2612,2658,2630,2564,2682,2609,2689,2704,2646
2021: 2594,1939,2580,2563,2623,2579,2602
2057: 2004,534
2795: 2737,2798,2819,2766,2816,2770,2533,2768,2791,2750,2820,2817,2752,2810,2794,2753,2800,2799,494,2792,2811
2024: 2311,2299,2374,2215,2351,2394,2262,2263,2409,2293,2325,2331,2214,2330,2044,2243,2219,2288,2312,2216,2246,2244,2300,2240,2347,2245
2027: 1998,946,1995,2036,2061,2018,1972,1921
2146: 2274,2174,2455
2029: 2052,2121,2099,2080,2065
2442: 2565,2286
2036: 2061,2018,1987,2003,1995,1998,2027
2037: 2092,2133,2093,2144,2135,2160,2163,2127,2170,2113,2134,2054,2080,2108,2049,568
2038: 2228,2227,2229,2143,2120,2147,2077,1982,2104,2164,2137,2114,2087,2121,2099
2039: 1977
2040: 2394,2262,2263,2409,2266,915,1701,1700,1671,2410,2334,2454,2267,2333,2218,2392,2293,2325,2330,2299,2374,2243
2699: 2728,2762,439,527,2731,2710
2043: 2272,2236,2045,2204,2140,2091,2201,2279,2139,2076,2115,2280,2090,2075,2042,2098
2044: 2243,2394,2262,2293,2325,2411,2439,2292,2311,2299,2024,2374,2215,2351,2386,2324,2241,2046,2408,2246,2244,2300,2240,2347,2245,2344,2381
2045: 2184,2204,1994,2187,2185,2159,2282,2323,2110,2181,2258,2182,2183,2188,2186,2127,2170,2337,2261,2140,2091,2201,2076,2115,2272,2043,2236
2716: 2736,2684
2346: 2270,2190,2231,2383,2105,2385,2367,2166,588,2389,2304,2320,2055,2400,2315,2208,2359,2384,2318,2316,2180,2317,2167,2202,2278
2049: 2108,2054,2037,2092,2133,2080,568,2065,2011,2030,1966
2050: 2104,2164,2087,966
2232: 2103,2167,2213,2208,2359,2270,2190,2211,2207,2202,2210,2143,2120
2052: 2029,2121,2099,2080
2053: 1947,1973,991
2054: 2113,2134,1982,2093,2144,2135,2160,2137,2114,2037,2092,2133,2121,2099,2080,2108,2049
2059: 524,590,1999,2020,2033,2006,2068
2190: 2270,2231,2346,2383,2105,2385,2166,2389,2304,2320,2400,2313,2178,2315,2208,2359,2384,2318,2316,2180,2317,2103,2232,2167,2213,2202,2205,2142,2278,2112
2062: 2163,2122,2169,2177,2130,2162,2256,2248,2129,2247,2107,2185,2093,2144,2135,2160,2183,2188,2186,2259,2138,2127,2133
2809: 2778,2801,2808,2824,2797,2761
2065: 2011,2108,2049,2029,2030,1966
2066: 2335,2271,2395,2193,2277,2332,2340,2391,2437,2405,2422,2474,2196,2132,2191,2002,2529,2428,2237,2329,2197
2067: 1999,2020,1950,590,2006,2068
2068: 2006,590,2067,1999,2020,1950,2059
2820: 2768,2791,2750,2817,2805,2756,2779,2757,2787,2771,2770,2533,2752,2795,2819,2766,2794,2800
2070: 2336,511,911
2575: 2672
2072: 2223,444,1939,2580
2073: 1979,1883,1992,502
2074: 2141
2075: 2090,2076,2115,2043,2236,568,2030
2077: 2147,1982,2142,2122,2169,2143,2120,2093,2144,2135,2160,2228,2038,2227,2229,2137,2114,2113,2134
2144: 2093,2135,2160,2205,2142,2278,2112,2122,2169,2177,2130,2162,2256,2248,2129,2247,2147,2077,1982,2163,2062,2113,2134,2054,2037,2133
2103: 2232,2167,2213,1997,2208,2359,2270,2190,2211,2207,2426,2210,2143,2120
2087: 2104,2164,2038,2227,2229,2050,966,2570
2521: 2370
2089: 2338,2339,2094,2345,2275,2245,2344,2381,2404,2110,2193,2277,2337,2261,2140,2281,2279,2196,2191,2002
2091: 2337,2261,2140,2201,2181,2258,2338,2339,2094,2045,2184,2204,2187,2281,2279,2139,2076,2115,2272,2043,2236,2280
2092: 2037,2133,2093,2135,2160,2163,2127,2170,2113,2134,2054,2080,2108,2049,568
2093: 2144,2135,2160,2142,2122,2169,2177,2130,2162,2256,2248,2147,2077,1982,2163,2062,2137,2113,2134,2054,2037,2092,2133
2094: 2338,2339,2089,2345,2275,2240,2347,2245,2344,2381,2342,2110,2181,2258,2193,2277,2337,2261,2140,2091,2201,2281,2279,2139,2196,2132,2191,2002
2095: 2570,2121,2099
2096: 2290,2615,2659
2097: 2260,2199,2237,2196,2132,2335,2271,2329,2197,2161,512
2098: 2042,2043,2236,2199,2161
2099: 2121,2228,2038,2227,2229,2137,2114,2113,2134,2054,2080,2095,2570,2029,2052
2101: 2034,1775
2641: 2593,514
2202: 2208,2359,2270,2190,2231,2346,2318,2316,2180,2317,2232,2167,2205,2142,2278,2112,2143,2120,2147
2110: 2342,2181,2258,2246,2244,2240,2347,2245,2381,2159,2282,2323,2283,2253,2338,2339,2089,2094,2345,2275,2045,2204,2337,2261,2140,2201,2281
2201: 2337,2261,2140,2091,2110,2181,2258,2338,2339,2094,2345,2045,2204,2281,2279,2139,2272,2043,2236,2280
2112: 2205,2142,2278,2270,2190,2231,2318,2316,2180,2317,2226,2155,2353,1961,2235,2202,2122,2169,2177,2130,2120,2144
2114: 2137,2143,2147,2077,1982,2135,2160,2228,2038,2227,2229,2113,2134,2054,2121,2099,2080
2115: 2076,2182,2186,2127,2170,2045,2204,2187,2091,2272,2043,2236,568,2090,2075
2116: 1985,489
2117: 2206,2034
2119: 2026
2120: 2143,2103,2232,2167,2213,2202,2205,2142,2278,2112,2147,2077,1982,2104,2228,2038,2227,2229
2121: 2099,2228,2038,2227,2229,2137,2114,2113,2134,2054,2080,2095,2570,2029,2052
2122: 2169,2177,2130,2318,2316,2180,2317,2353,1961,2235,2205,2142,2278,2112,2162,2256,2248,2129,2247,2147,2077,1982,2093,2144,2135,2160,2163,2062
2123: 2586,432
2238: 2309,2308,2016,2154,2357,2310,2419,2365,2265,2218,2319,2341,2420,2156,2322,2321,2314,2331,2214,2330,2226,2155,2353,1961,2235,2225,2251,2249,2131,2219,2288,2312,2252,2250,2216
2129: 2162,2256,2248,2247,2226,2155,2353,1961,2235,2225,2251,2249,2131,2219,2252,2250,2122,2169,2177,2130,2107,2150,2144,2163,2062,2259,2138
2130: 2122,2169,2177,2226,2155,2353,1961,2235,2225,2249,2131,2205,2142,2278,2112,2162,2256,2248,2129,2247,1982,2093,2144,2135,2160,2163,2062
2131: 2225,2251,2249,2341,2309,2308,2016,2154,2238,2331,2214,2330,2226,2155,2353,2235,2219,2288,2312,2252,2250,2216,2177,2130,2162,2256,2248,2129,2247,2107,2150,2185
2134: 2113,2054,2147,2077,1982,2093,2144,2135,2160,2137,2114,2037,2092,2133,2121,2099,2080
2135: 2093,2144,2160,2142,2122,2169,2177,2130,2147,2077,1982,2163,2062,2137,2114,2113,2134,2054,2037,2092,2133
2258: 2342,2110,2181,2246,2244,2240,2159,2282,2323,2283,2253,2338,2339,2094,2275,2045,2184,2204,1994,2187,2337,2261,2140,2091,2201,2281,2279,2139
2137: 2114,2143,2147,2077,1982,2093,2135,2160,2228,2038,2227,2229,2113,2134,2054,2121,2099,2080
2138: 2182,2183,2188,2186,2259,2127,2170,2162,2256,2248,2129,2247,2107,2150,2185,2159,2323,2163,2062,2184,1994,2187,2133
2139: 2281,2279,2181,2258,2338,2339,2094,2345,2193,2337,2261,2140,2091,2201,2196,2132,2191,2002,2272,2043,2236,2280,2260,2199,2237
2140: 2337,2261,2091,2201,2110,2181,2258,2338,2339,2089,2094,2345,2275,2045,2204,2281,2279,2139,2272,2043,2236,2280
2141: 2074
2142: 2205,2278,2112,2270,2190,2318,2316,2180,2317,1961,2202,2122,2169,2177,2130,2143,2120,2147,2077,1982,2093,2144,2135,2160
2148: 2224,2498,2499,822,1487,926,2286
2659: 2615,2096,2290
2150: 2107,2185,2225,2251,2249,2131,2219,2288,2312,2252,2250,2216,2246,2244,2300,2162,2256,2248,2129,2247,2159,2282,2323,2283,2253,2163,2182,2183,2188,2186,2259,2138,2184,1994,2187
2151: 2653,540,582
2152: 2433,2487,2429,2480,2477,2456,2485,2377,2476,2475,2523,2512,2427,2465,2364,2461,2157,2417,2379,915,2357,2352,2414,2355,2310,2419,2416,2365,2378,2265,2267
2377: 2476,2475,2523,2512,2427,2487,2429,2480,2477,2456,2485,853,1677,2465,2364,2461,2157,2379,2433,2152
2154: 2309,2308,2016,2238,2357,2355,2310,2419,2365,2265,2218,2319,2341,2420,2156,2322,2321,2314,2331,2214,2330,2226,2155,2353,1961,2235,2225,2251,2249,2131,2219,2288,2252,2250
2155: 2226,2353,1961,2235,2055,2400,2313,2178,2315,2319,2341,2420,2156,2322,2321,2314,2309,2308,2016,2154,2238,2318,2316,2180,2317,2225,2251,2249,2131,2205,2112,2169,2177,2130,2162,2256,2248,2129,2247
2156: 2319,2341,2420,2322,2321,2314,2357,2158,2414,2355,2310,2419,2365,2265,2055,2400,2313,2178,2315,2309,2308,2016,2154,2238,2318,2316,2180,2226,2155,2353,1961,2235,2225,2251,2249
2157: 2461,2417,2379,2466,2402,2487,2429,2480,2477,2456,2485,2377,2475,2512,2427,2431,2433,2152,2432,2403,2415,2356,2357,2158,2352,2414,2355,2310,2419,2416,2365,2378,2265
2158: 2357,2352,2414,2355,2310,2431,2461,2157,2417,2379,2432,2403,2415,2356,2406,2419,2416,2365,2378,2265,2055,2400,2313,2178,2315,2319,2341,2420,2156,2322,2321,2314,2308
2159: 2282,2323,2283,2253,2312,2246,2244,2107,2150,2185,2110,2181,2258,2182,2183,2188,2186,2259,2138,2127,2170,2045,2184,2204,1994,2187,2337,2261
2160: 2093,2144,2135,2142,2122,2169,2177,2130,2256,2147,2077,1982,2163,2062,2137,2114,2113,2134,2054,2037,2092,2133
2161: 2260,2199,2237,2097,2329,2197,2042,2098,512
2164: 2104,2210,2143,2228,2038,2227,2229,2050,2087
2165: 2349,571,2031,1976,583
2166: 2383,2105,2385,2367,588,2445,2479,2399,2307,2348,2443,2168,2389,2304,1997,2233,2208,2359,2384,2270,2190,2231,2346
2167: 2103,2232,2213,1997,2233,2208,2359,2384,2270,2190,2231,2346,2211,2207,2426,2202,2210,2143,2120
2168: 2348,2443,2445,2479,2399,2383,2105,2385,2367,2166,588,2418,1997,2233,2384
2169: 2122,2177,2130,2318,2316,2180,2317,2155,2353,1961,2235,2249,2205,2142,2278,2112,2162,2256,2248,2129,2247,2147,2077,1982,2093,2144,2135,2160,2163,2062
2170: 2182,2183,2188,2186,2259,2138,2127,2107,2185,2159,2323,2163,2045,2184,2204,1994,2187,2037,2092,2133,2076,2115
2406: 2432,2403,2415,2356,2179,2431,2306,2301,2305,2307,2357,2158,2352,2414,2355,2389,2304,2320,2055,2400,2313,2178,2315,2319,2321,2314
2658: 2612,2611,2630,2564,2613,2682,2683,2609,2689,2704
2173: 2358,580,916,2145
2174: 2455,2274,2146
2761: 2797,2778,2801,2809,2808,2824,2781,2759
2734: 2715,2735
2177: 2122,2169,2130,2318,2316,2180,2317,2226,2155,2353,1961,2235,2225,2249,2131,2205,2142,2278,2112,2162,2256,2248,2129,2247,1982,2093,2144,2135,2160,2163,2062
2178: 2055,2400,2313,2315,2356,2406,2357,2158,2355,2389,2320,2319,2341,2420,2156,2322,2321,2314,2190,2318,2316,2180,2317,2226,2155,2353,1961,2235
2179: 2547,2522,2430,2484,2548,2524,2222,2466,2402,2530,2434,2460,2458,1989,2459,2431,2479,2399,2306,2301,2305,2307,2432,2403,2415,2356,2406
2180: 2318,2316,2317,2389,2055,2400,2313,2178,2315,2319,2156,2314,2270,2190,2231,2346,2155,2353,1961,2235,2202,2205,2142,2278,2112,2122,2169,2177
2181: 2342,2110,2258,2246,2244,2240,2159,2282,2323,2283,2253,2338,2339,2094,2275,2045,2184,2204,1994,2187,2337,2261,2140,2091,2201,2281,2279,2139
2182: 2183,2188,2186,2259,2138,2127,2170,2162,2107,2150,2185,2159,2282,2323,2253,2163,2045,2184,2204,1994,2187,2076,2115
2183: 2182,2188,2186,2259,2138,2127,2170,2162,2256,2107,2150,2185,2159,2282,2323,2283,2253,2163,2062,2045,2184,2204,1994,2187
2184: 2045,2204,1994,2187,2107,2150,2185,2159,2282,2323,2283,2253,2181,2258,2182,2183,2188,2186,2259,2138,2127,2170,2337,2091,2076,2272
2185: 2107,2150,2131,2312,2252,2250,2162,2256,2159,2282,2323,2283,2253,2163,2062,2182,2183,2188,2186,2259,2138,2127,2170,2045,2184,2204,1994,2187
2186: 2182,2183,2188,2259,2138,2127,2170,2162,2256,2107,2150,2185,2159,2282,2323,2163,2062,2045,2184,2204,1994,2187,2133,2076,2115
2187: 2045,2184,2204,1994,2107,2150,2185,2159,2282,2323,2181,2258,2182,2183,2188,2186,2259,2138,2127,2170,2091,2076,2115,2272
2188: 2182,2183,2186,2259,2138,2127,2170,2162,2256,2107,2150,2185,2159,2282,2323,2163,2062,2045,2184,2204,1994,2187,2133
2189: 2255,2579,1991,1886,1867,1913
2191: 2196,2132,2002,2338,2339,2089,2094,2345,2193,2277,2332,2340,2391,2405,2281,2279,2139,2335,2271,2066,2395,2280,2260,2199,2237,2329,2197
2683: 2682,2612,2658,2675,2700,2657
2193: 2277,2404,2338,2339,2089,2094,2345,2275,2332,2340,2391,2437,2405,2281,2279,2139,2196,2132,2191,2002,2335,2271,2066,2395
2344: 2381,2044,2386,2324,2241,2046,2408,2423,2425,2242,2240,2347,2245,2404,2338,2089,2094,2345,2275
2195: 2435,2544,2451,2382,2332,2340,2437,2422
2196: 2132,2191,2002,2338,2339,2089,2094,2345,2193,2277,2332,2391,2405,2281,2279,2139,2335,2271,2066,2395,2280,2260,2199,2237,2097,2329,2197
2197: 2329,2196,2132,2191,2002,2335,2271,2066,2395,2529,2260,2199,2237,2097,2161,512
2198: 580,2145
2199: 2260,2237,2097,2281,2279,2139,2196,2132,2191,2002,2335,2271,2280,2329,2197,2042,2098,2161,512
2343: 2436
2203: 2393,2725
2204: 2045,2184,1994,2187,2107,2185,2159,2282,2323,2110,2181,2258,2182,2183,2188,2186,2127,2170,2337,2261,2140,2091,2201,2076,2115,2272,2043,2236
2205: 2142,2278,2112,2270,2190,2318,2316,2180,2317,2226,2155,2353,1961,2235,2202,2122,2169,2177,2130,2120,2144
2206: 2117
2207: 2211,2426,2418,1997,2233,2359,2366,2103,2232,2167,2213,2031,1976,2210
2208: 2359,2384,2348,2383,2105,2385,2367,2166,588,2389,2304,1997,2233,2270,2190,2231,2346,2211,2103,2232,2167,2213,2202
2209: 2446,2447,2448,900,2481
2210: 2211,2207,2103,2232,2167,2213,2143,2104,2164,2227,2229
2211: 2207,2426,2418,1997,2233,2208,2359,2366,2103,2232,2167,2213,2031,1976,2210
2773: 2747,2806,2786,2784,2597,2777,2749,2511,2793,2745,2783,2818,2764
2213: 2103,2232,2167,1997,2233,2208,2359,2384,2270,2190,2211,2207,2426,2210,2120
2214: 2331,2330,2365,2265,2267,2333,2218,2263,2309,2308,2016,2154,2238,2311,2024,2374,2225,2251,2249,2131,2219,2288,2312,2252,2250,2216,2300
2215: 2311,2299,2024,2374,2351,2394,2262,2263,2293,2325,2044,2243,2288,2312,2216,2246,2244,2300,2240,2347,2245
2216: 2219,2288,2312,2252,2250,2309,2016,2238,2331,2214,2330,2311,2299,2024,2374,2215,2351,2225,2251,2131,2246,2244,2300,2107,2150,2323,2283,2253
2217: 2362,2361,2454,2488,2464,2268,2463,2462,2410,2334,2373,2505,2363,2394,2262,2266,2293,2325,2411,2439,2292
2218: 2267,2333,2392,915,2410,2419,2416,2365,2378,2265,2394,2263,2409,2266,2040,2309,2308,2016,2154,2238,2331,2214,2330,2311,2374
2219: 2288,2312,2252,2250,2216,2309,2308,2016,2154,2238,2331,2214,2330,2311,2024,2225,2251,2249,2131,2246,2244,2300,2162,2256,2129,2247,2107,2150,2323,2253
2353: 2226,2155,1961,2235,2400,2313,2178,2315,2319,2341,2420,2156,2321,2314,2308,2154,2238,2318,2316,2180,2317,2225,2249,2131,2205,2278,2112,2122,2169,2177,2130,2162,2256,2248,2129,2247
2223: 2072,444,1939,2580
2224: 2148,2498,2499,822,1487,2286
2225: 2251,2249,2131,2319,2341,2420,2156,2322,2321,2314,2309,2308,2016,2154,2238,2331,2214,2330,2226,2155,2353,1961,2235,2219,2288,2312,2252,2250,2216,2177,2130,2162,2256,2248,2129,2247,2107,2150
2226: 2155,2353,1961,2235,2313,2178,2315,2319,2341,2420,2156,2322,2321,2314,2309,2308,2016,2154,2238,2318,2316,2225,2251,2249,2131,2205,2112,2177,2130,2162,2256,2248,2129,2247
2227: 2228,2038,2229,2210,2143,2120,2147,2077,1982,2104,2164,2137,2114,2087,2121,2099
2228: 2038,2227,2229,2143,2120,2147,2077,1982,2104,2164,2137,2114,2121,2099
2229: 2228,2038,2227,2210,2143,2120,2147,2077,2104,2164,2137,2114,2087,2121,2099
2437: 2332,2340,2391,2405,2404,2382,2195,2435,2193,2277,2422,2474,2002,2335,2271,2066,2395,2529,2428
2231: 2270,2190,2346,2383,2105,2385,2367,2166,588,2389,2304,2320,2055,2400,2313,2315,2208,2359,2384,2318,2316,2180,2317,2167,2202,2278,2112
2235: 2226,2155,2353,1961,2313,2178,2315,2319,2341,2420,2156,2321,2314,2309,2308,2016,2154,2238,2318,2316,2180,2225,2251,2249,2131,2205,2112,2122,2169,2177,2130,2162,2256,2248,2129,2247
2236: 2272,2043,2045,2204,2140,2091,2201,2281,2279,2139,2076,2115,2280,2090,2075,2042,2098
2237: 2260,2199,2097,2281,2279,2139,2196,2132,2191,2002,2335,2271,2066,2280,2329,2197,2161
2599: 2600,2598,2562,2528
2240: 2347,2245,2311,2299,2024,2374,2215,2351,2044,2243,2324,2241,2408,2246,2244,2300,2344,2381,2282,2283,2253,2110,2181,2258,2338,2094,2275
2241: 2386,2324,2046,2408,2293,2325,2411,2439,2292,2424,2044,2243,2423,2425,2242,2240,2347,2245,2344,2381
2242: 2423,2425,2411,2439,2292,2424,2452,2497,2388,2386,2324,2241,2046,2408,2344,2381,2404,2382
2243: 2044,2394,2262,2263,2409,2266,2040,2293,2325,2411,2439,2292,2311,2299,2024,2374,2215,2351,2386,2324,2241,2046,2408,2246,2244,2300,2240,2347,2245,2381
2244: 2246,2300,2331,2311,2299,2024,2374,2215,2351,2044,2243,2219,2288,2312,2216,2240,2347,2245,2107,2150,2159,2282,2323,2283,2253,2110,2181,2258
2245: 2240,2347,2311,2299,2024,2374,2215,2351,2044,2243,2386,2324,2241,2046,2408,2246,2244,2344,2381,2283,2110,2338,2089,2094,2275
2246: 2244,2300,2311,2299,2024,2374,2215,2351,2044,2243,2219,2288,2312,2216,2240,2347,2245,2107,2150,2159,2282,2323,2283,2253,2110,2181,2258
2247: 2162,2256,2248,2129,2226,2155,2353,1961,2235,2225,2251,2249,2131,2219,2288,2252,2250,2122,2169,2177,2130,2107,2150,2144,2163,2062,2259,2138
2248: 2162,2256,2129,2247,2226,2155,2353,1961,2235,2225,2251,2249,2131,2252,2250,2122,2169,2177,2130,2107,2150,2093,2144,2163,2062,2259,2138
2249: 2225,2251,2131,2341,2156,2309,2308,2016,2154,2238,2331,2214,2226,2155,2353,1961,2235,2219,2288,2312,2252,2250,2169,2177,2130,2162,2256,2248,2129,2247,2107,2150
2250: 2219,2288,2312,2252,2216,2309,2308,2016,2154,2238,2331,2214,2225,2251,2249,2131,2300,2162,2256,2248,2129,2247,2107,2150,2185,2323,2253
2251: 2225,2249,2131,2341,2420,2156,2309,2308,2016,2154,2238,2331,2214,2330,2226,2155,2235,2219,2288,2312,2252,2250,2216,2162,2256,2248,2129,2247,2107,2150
2252: 2219,2288,2312,2250,2216,2309,2016,2154,2238,2331,2214,2225,2251,2249,2131,2300,2162,2256,2248,2129,2247,2107,2150,2185,2323,2253
2253: 2159,2282,2323,2283,2219,2288,2312,2252,2250,2216,2246,2244,2300,2240,2347,2107,2150,2185,2110,2181,2258,2182,2183,2184,1994
2731: 2710,2728,2699,527,2678,2730
2256: 2162,2248,2129,2247,2226,2155,2353,1961,2235,2225,2251,2249,2131,2219,2252,2250,2122,2169,2177,2130,2107,2150,2185,2093,2144,2160,2163,2062,2183,2188,2186,2259,2138
2663: 2661,2633,2692,2614,2673,2675,2700
2259: 2182,2183,2188,2186,2138,2127,2170,2162,2256,2248,2129,2247,2107,2150,2185,2159,2323,2163,2062,2184,1994,2187,2133
2260: 2199,2237,2097,2281,2279,2139,2196,2132,2191,2002,2335,2271,2280,2329,2197,2161,512
2262: 2394,2263,2409,2266,2040,915,1671,2410,2334,2217,2362,2361,2454,2267,2333,2392,2293,2325,2311,2299,2024,2374,2215,2351,2044,2243
2263: 2394,2262,2409,2266,2040,915,1671,2410,2334,2454,2267,2333,2218,2392,2293,2325,2331,2214,2330,2311,2299,2024,2374,2215,2351,2243
2600: 2598,2562,2599,2528
2265: 2419,2416,2365,2378,2157,2379,2433,2152,2357,2158,2352,2414,2355,2310,2267,2333,2218,2392,2319,2341,2420,2156,2322,2321,2309,2308,2016,2154,2238,2331,2214,2330
2266: 2394,2262,2263,2409,2040,915,1701,1700,1671,2410,2334,2217,2362,2361,2454,2267,2333,2218,2392,2293,2325,2330,2311,2299,2374,2243
2267: 2333,2218,2392,2152,915,1671,2410,2419,2416,2365,2378,2265,2394,2262,2263,2409,2266,2040,2309,2308,2016,2331,2214,2330,2311,2374
2268: 2463,2462,2488,2464,1700,1671,2334,2217,2362,2361,2454,2373,2505,2363
2307: 2306,2301,2305,2460,2458,1989,2459,2179,2431,2479,2399,2432,2403,2415,2356,2406,2383,2105,2385,2367,2166,588,2389,2304,2320,2055,2400,2313,2315
2270: 2190,2231,2346,2383,2105,2385,2367,2166,2389,2304,2320,2400,2313,2315,2208,2359,2384,2318,2316,2180,2317,2103,2232,2167,2213,2202,2205,2142,2278,2112
2271: 2335,2066,2395,2193,2277,2332,2340,2391,2437,2405,2422,2474,2196,2132,2191,2002,2529,2260,2199,2237,2097,2329,2197
2272: 2043,2236,2045,2184,2204,1994,2187,2337,2261,2140,2091,2201,2281,2279,2139,2076,2115,2280
2469: 2587,2804,2802,2815,2588,2746,2803
2274: 2146,2174,2455
2275: 2338,2339,2089,2094,2345,2240,2347,2245,2344,2381,2110,2181,2258,2193,2337,2261,2140,2281,2279,2002
2669: 931
2277: 2193,2404,2382,2339,2089,2094,2345,2332,2340,2391,2437,2405,2196,2132,2191,2002,2335,2271,2066,2395
2278: 2205,2142,2112,2270,2190,2231,2346,2318,2316,2180,2317,2353,1961,2202,2122,2169,2177,2130,2143,2120,2147,2144
2279: 2281,2139,2181,2258,2338,2339,2089,2094,2345,2275,2193,2337,2261,2140,2091,2201,2196,2132,2191,2002,2272,2043,2236,2280,2260,2199,2237
2280: 2337,2261,2140,2091,2201,2281,2279,2139,2196,2132,2191,2002,2272,2043,2236,2260,2199,2237
2282: 2159,2323,2283,2253,2312,2246,2244,2300,2240,2347,2107,2150,2185,2110,2181,2258,2182,2183,2188,2186,2045,2184,2204,1994,2187,2337,2261
2283: 2159,2282,2323,2253,2312,2216,2246,2244,2300,2240,2347,2245,2107,2150,2185,2110,2181,2258,2183,2184,1994,2337,2261
2345: 2338,2339,2089,2094,2275,2344,2381,2404,2110,2193,2277,2337,2261,2140,2201,2281,2279,2139,2196,2132,2191,2002
2285: 2396,2545,2584
2286: 2148,2224,2498,2499,2565,2442
2287: 2519
2288: 2219,2312,2252,2250,2216,2309,2308,2016,2154,2238,2331,2214,2330,2311,2024,2374,2215,2225,2251,2249,2131,2246,2244,2300,2162,2247,2107,2150,2323,2253
2290: 2096,2615,2659
2291: 2438,2373,2505,2363,2411,2424,2452,2497,2388
2292: 2411,2439,2217,2362,2361,2454,2373,2505,2363,2438,2293,2325,2424,2044,2243,2386,2324,2241,2046,2408,2423,2425,2242
2293: 2325,2410,2334,2217,2362,2361,2454,2373,2505,2363,2394,2262,2263,2409,2266,2040,2411,2439,2292,2311,2299,2024,2374,2215,2351,2044,2243,2386,2324,2241,2046
2767: 2744,2807,2783,2818,2764,2557,2796
2601: 2769
2543: 
2439: 2411,2292,2217,2362,2361,2454,2373,2505,2363,2438,2293,2325,2424,2044,2243,2386,2324,2241,2046,2408,2423,2425,2242
2525: 2371,572
2299: 2311,2024,2374,2215,2351,2333,2392,2394,2262,2263,2409,2266,2040,2293,2325,2331,2044,2243,2216,2246,2244,2300,2240,2347,2245
2300: 2246,2244,2331,2214,2330,2311,2299,2024,2374,2215,2351,2044,2243,2219,2288,2312,2252,2250,2216,2240,2347,2107,2150,2282,2323,2283,2253
2301: 2306,2305,2307,2460,2458,1989,2459,2179,2431,2479,2399,2432,2403,2415,2356,2406,2383,2105,2385,2367,588,2389,2304,2320,2055,2400
2741: 2776,536,2781,2759,2775,2760,2780,2758,2779
2303: 2556,2482,2555,2483,2547,2471,2522,2430,2481,2460,2458,1989,2459,2445,2479,2399
2304: 2389,2320,2479,2399,2306,2301,2305,2307,2406,2383,2105,2385,2367,2166,588,2055,2400,2313,2315,2208,2359,2384,2270,2190,2231,2346,2318,2317
2305: 2306,2301,2307,2460,2458,1989,2459,2179,2431,2479,2399,2432,2403,2415,2356,2406,2383,2105,2385,2367,588,2389,2304,2320,2055,2400,2315
2306: 2301,2305,2307,2460,2458,1989,2459,2179,2431,2479,2399,2432,2403,2415,2356,2406,2383,2105,2385,2367,588,2389,2304,2320,2055,2400
2308: 2309,2016,2154,2238,2357,2158,2352,2414,2355,2310,2419,2416,2365,2378,2265,2267,2333,2218,2319,2341,2420,2156,2322,2321,2314,2331,2214,2330,2226,2155,2353,2235,2225,2251,2249,2131,2219,2288,2250
2309: 2308,2016,2154,2238,2357,2310,2419,2365,2378,2265,2267,2333,2218,2319,2341,2420,2156,2322,2321,2331,2214,2330,2226,2155,2235,2225,2251,2249,2131,2219,2288,2312,2252,2250,2216
2310: 2357,2158,2352,2414,2355,2461,2157,2417,2379,2433,2152,2403,2415,2356,2419,2416,2365,2378,2265,2319,2341,2420,2156,2322,2321,2314,2309,2308,2016,2154,2238
2313: 2055,2400,2178,2315,2307,2406,2357,2158,2355,2389,2304,2320,2319,2341,2420,2156,2322,2321,2314,2270,2190,2231,2318,2316,2180,2317,2226,2155,2353,1961,2235
2314: 2319,2341,2420,2156,2322,2321,2406,2357,2158,2355,2310,2055,2400,2313,2178,2315,2308,2016,2154,2238,2318,2316,2180,2317,2226,2155,2353,1961,2235,2225
2315: 2055,2400,2313,2178,2305,2307,2406,2158,2355,2389,2304,2320,2319,2341,2420,2156,2321,2314,2270,2190,2231,2346,2318,2316,2180,2317,2226,2155,2353,1961,2235
2316: 2318,2180,2317,2389,2320,2055,2400,2313,2178,2315,2319,2341,2156,2321,2314,2270,2190,2231,2346,2226,2155,2353,1961,2235,2202,2205,2142,2278,2112,2122,2169,2177
2317: 2318,2316,2180,2389,2304,2055,2400,2313,2178,2315,2314,2270,2190,2231,2346,2155,2353,1961,2202,2205,2142,2278,2112,2122,2169,2177
2318: 2316,2180,2317,2389,2304,2320,2055,2400,2313,2178,2315,2319,2341,2156,2321,2314,2270,2190,2231,2346,2226,2155,2353,1961,2235,2202,2205,2142,2278,2112,2122,2169,2177
2319: 2341,2420,2156,2322,2321,2314,2432,2403,2415,2356,2406,2357,2158,2352,2414,2355,2310,2419,2365,2265,2055,2400,2313,2178,2315,2309,2308,2016,2154,2238,2318,2316,2180,2226,2155,2353,1961,2235,2225
2320: 2389,2304,2479,2399,2306,2301,2305,2307,2432,2403,2415,2356,2406,2105,2385,2367,2055,2400,2313,2178,2315,2270,2190,2231,2346,2318,2316
2322: 2319,2341,2420,2156,2321,2314,2415,2356,2357,2158,2352,2414,2355,2310,2419,2416,2365,2378,2265,2055,2400,2313,2178,2309,2308,2016,2154,2238,2226,2155,2225
2323: 2159,2282,2283,2253,2219,2288,2312,2252,2250,2216,2246,2244,2300,2107,2150,2185,2110,2181,2258,2182,2183,2188,2186,2259,2138,2127,2170,2045,2184,2204,1994,2187
2324: 2386,2241,2046,2408,2293,2325,2411,2439,2292,2424,2044,2243,2423,2425,2242,2240,2347,2245,2344,2381
2325: 2293,2410,2334,2217,2362,2361,2454,2363,2394,2262,2263,2409,2266,2040,2439,2292,2311,2299,2024,2374,2215,2351,2044,2243,2324,2241
2523: 2377,2476,2475,2512,2427,2487,2429,2480,2477,2456,2485,853,1677,2465,2364,2433,2152
2407: 2551
2735: 2732,2727,2734,2715,1708
2329: 2197,2196,2132,2191,2002,2335,2271,2066,2395,2529,2260,2199,2237,2097,2161,512
2330: 2331,2214,2419,2416,2365,2378,2265,2267,2333,2218,2392,2394,2263,2409,2266,2040,2309,2308,2016,2154,2238,2311,2024,2374,2225,2251,2131,2219,2288,2216,2300
2331: 2214,2330,2365,2265,2267,2333,2218,2392,2263,2409,2309,2308,2016,2154,2238,2311,2299,2024,2374,2225,2251,2249,2131,2219,2288,2312,2252,2250,2216,2244,2300
2332: 2340,2391,2437,2405,2404,2382,2195,2435,2193,2277,2422,2474,2196,2191,2002,2335,2271,2066,2395,2529,2428
2333: 2267,2218,2392,915,1671,2410,2334,2416,2365,2378,2265,2394,2262,2263,2409,2266,2040,2309,2308,2016,2331,2214,2330,2311,2299,2374
2334: 1700,1671,2410,2465,2364,2488,2464,2268,2462,915,2217,2362,2361,2454,2333,2392,2394,2262,2263,2409,2266,2040,2293,2325
2335: 2271,2066,2395,2193,2277,2332,2340,2391,2437,2405,2422,2474,2196,2132,2191,2002,2529,2428,2260,2199,2237,2097,2329,2197
2336: 2070,511,911
2337: 2261,2140,2091,2201,2159,2282,2283,2342,2110,2181,2258,2338,2339,2089,2094,2345,2275,2045,2184,2204,2281,2279,2139,2272,2280
2338: 2339,2089,2094,2345,2275,2240,2347,2245,2344,2381,2342,2110,2181,2258,2193,2337,2261,2140,2091,2201,2281,2279,2139,2196,2132,2191,2002
2339: 2338,2089,2094,2345,2275,2381,2110,2181,2258,2193,2277,2337,2261,2140,2091,2201,2281,2279,2139,2196,2132,2191,2002
2340: 2332,2391,2437,2405,2404,2382,2195,2435,2193,2277,2422,2474,2191,2002,2335,2271,2066,2395,2529,2428
2341: 2319,2420,2156,2322,2321,2314,2357,2158,2414,2355,2310,2419,2365,2265,2055,2400,2313,2178,2315,2309,2308,2016,2154,2238,2318,2316,2226,2155,2353,1961,2235,2225,2251,2249,2131
2342: 2110,2181,2258,2338,2094,2337,2261
2348: 2443,2168,2445,2399,2383,2105,2385,2367,2166,588,2418,1997,2233,2208,2359,2384
2349: 2165,571,2031,1976,583
2350: 918,1773
2351: 2311,2299,2024,2374,2215,2394,2262,2263,2409,2293,2325,2044,2243,2312,2216,2246,2244,2300,2240,2347,2245
2352: 2357,2158,2414,2355,2310,2431,2461,2157,2417,2379,2433,2152,2432,2403,2415,2356,2406,2419,2416,2365,2378,2265,2055,2400,2319,2420,2322,2321,2308
2590: 2495,2592,2449,2595,2596,2627,1454,1323
2355: 2357,2158,2352,2414,2310,2461,2157,2417,2379,2152,2432,2403,2415,2356,2406,2419,2416,2365,2378,2265,2055,2400,2313,2178,2315,2319,2341,2420,2156,2322,2321,2314,2308,2016,2154
2356: 2432,2403,2415,2406,2179,2431,2461,2157,2417,2379,2306,2301,2305,2307,2357,2158,2352,2414,2355,2310,2320,2055,2400,2178,2319,2420,2322,2321
2357: 2158,2352,2414,2355,2310,2461,2157,2417,2379,2433,2152,2432,2403,2415,2356,2406,2419,2416,2365,2378,2265,2055,2400,2313,2178,2319,2341,2420,2156,2322,2321,2314,2309,2308,2016,2154,2238
2358: 2173,580,916,2145
2359: 2208,2384,2348,2383,2105,2385,2367,2166,588,2389,2304,1997,2233,2270,2190,2231,2346,2211,2207,2103,2232,2167,2213,2202
2360: 2503
2361: 2217,2362,2454,2268,2463,2462,2410,2334,2373,2505,2363,2394,2262,2266,2293,2325,2411,2439,2292
2362: 2217,2361,2454,2488,2464,2268,2463,2462,2410,2334,2373,2505,2363,2394,2262,2266,2293,2325,2411,2439,2292
2363: 2373,2505,2268,2463,2462,2217,2362,2361,2454,2438,2291,2293,2325,2411,2439,2292
2364: 853,1677,2465,2377,2476,2475,2523,2512,2427,2488,2464,2433,2152,915,1701,1700,1671,2410,2334
2365: 2419,2416,2378,2265,2157,2379,2433,2152,2357,2158,2352,2414,2355,2310,2267,2333,2218,2392,2319,2341,2420,2156,2322,2321,2309,2308,2016,2154,2238,2331,2214,2330
2366: 2418,1997,2233,2211,2207,2426,2031,1976
2367: 2383,2105,2385,2166,588,2445,2479,2399,2306,2301,2305,2307,2348,2443,2168,2389,2304,2320,2233,2208,2359,2384,2270,2231,2346
2369: 2473
2370: 2521
2371: 2525,572
2485: 2487,2429,2480,2477,2456,2524,2222,2466,2402,2530,2434,2377,2476,2475,2523,2512,2427,2431,2461,2157,2417,2379,2433,2152
2373: 2505,2363,2268,2463,2462,2217,2362,2361,2454,2438,2291,2293,2411,2439,2292
2374: 2311,2299,2024,2215,2351,2267,2333,2218,2392,2394,2262,2263,2409,2266,2040,2293,2325,2331,2214,2330,2044,2243,2288,2312,2216,2246,2244,2300,2240,2347,2245
2555: 2483,2547,2471,2522,2430,2481,2556,2303,2482,2460,2458
2799: 2752,2737,2795,2798,2819,2766,2816,494
2378: 2419,2416,2365,2265,2157,2417,2379,2433,2152,2357,2158,2352,2414,2355,2310,2267,2333,2218,2392,2420,2322,2321,2309,2308,2016,2330
2379: 2461,2157,2417,2402,2487,2429,2480,2456,2485,2377,2475,2512,2427,2431,2433,2152,2432,2403,2415,2356,2357,2158,2352,2414,2355,2310,2419,2416,2365,2378,2265
2477: 2487,2429,2480,2456,2485,2524,2222,2466,2402,2377,2476,2475,2523,2512,2427,2461,2157,2433,2152
2381: 2344,2044,2243,2386,2324,2241,2046,2408,2423,2425,2242,2240,2347,2245,2110,2338,2339,2089,2094,2345,2275
2382: 2423,2425,2242,2544,2404,2195,2435,2277,2332,2340,2391,2437,2405
2383: 2105,2385,2367,2166,588,2445,2479,2399,2306,2301,2305,2307,2348,2443,2168,2389,2304,1997,2233,2208,2359,2384,2270,2190,2231,2346
2384: 2208,2359,2348,2443,2168,2383,2105,2385,2367,2166,588,2389,2304,1997,2233,2270,2190,2231,2346,2167,2213
2385: 2383,2105,2367,2166,588,2445,2479,2399,2306,2301,2305,2307,2348,2443,2168,2389,2304,2320,1997,2233,2208,2359,2384,2270,2190,2231,2346
2386: 2324,2241,2046,2408,2293,2411,2439,2292,2424,2044,2243,2423,2425,2242,2245,2344,2381,2404
2466: 2524,2222,2402,2530,2434,2484,2548,2487,2429,2480,2477,2456,2485,2179,2431,2461,2157,2417
2388: 2452,2497,2438,2291,2424,2423,2425,2242
2389: 2304,2320,2479,2399,2306,2301,2305,2307,2406,2383,2105,2385,2367,2166,588,2055,2400,2313,2178,2315,2208,2359,2384,2270,2190,2231,2346,2318,2316,2180,2317
2524: 2222,2466,2402,2530,2434,2484,2548,2487,2429,2480,2477,2456,2485,2179,2431,2461,2417
2391: 2332,2340,2437,2405,2404,2382,2193,2277,2422,2474,2196,2191,2002,2335,2271,2066,2395,2529,2428
2392: 2267,2333,2218,915,1700,1671,2410,2334,2416,2365,2378,2265,2394,2262,2263,2409,2266,2040,2331,2330,2311,2299,2374
2393: 2203
2394: 2262,2263,2409,2266,2040,915,2410,2334,2217,2362,2361,2454,2267,2333,2218,2392,2293,2325,2330,2311,2299,2024,2374,2215,2351,2044,2243
2395: 2335,2271,2066,2193,2277,2332,2340,2391,2437,2405,2422,2474,2196,2132,2191,2002,2529,2428,2329,2197
2396: 2285,2545,2584
2488: 2464,853,1677,2465,2364,2268,2463,2462,915,1701,1700,1671,2410,2334,2217,2362,2454
2398: 2573
2399: 2479,2303,2482,2460,2458,1989,2459,2179,2445,2306,2301,2305,2307,2348,2443,2168,2383,2105,2385,2367,2166,588,2389,2304,2320
2570: 2095,2087,2121,2099
2402: 2524,2222,2466,2530,2434,2484,2548,2487,2429,2480,2477,2456,2485,2179,2431,2461,2157,2417,2379
2403: 2432,2415,2356,2406,2179,2431,2461,2157,2417,2379,2306,2301,2305,2307,2357,2158,2352,2414,2355,2310,2320,2055,2400,2319,2321
2404: 2386,2408,2423,2425,2242,2344,2382,2089,2345,2193,2277,2332,2340,2391,2437,2405
2405: 2332,2340,2391,2437,2404,2382,2193,2277,2422,2474,2196,2132,2191,2002,2335,2271,2066,2395,2529,2428
2408: 2386,2324,2241,2046,2411,2439,2292,2424,2044,2243,2423,2425,2242,2240,2347,2245,2344,2381,2404
2409: 2394,2262,2263,2266,2040,915,1700,1671,2410,2334,2454,2267,2333,2218,2392,2293,2325,2331,2330,2311,2299,2024,2374,2351,2243
2410: 1701,1700,1671,2334,2465,2364,2488,2464,2462,915,2217,2362,2361,2454,2267,2333,2218,2392,2394,2262,2263,2409,2266,2040,2293,2325
2411: 2439,2292,2217,2362,2361,2373,2505,2363,2438,2291,2293,2424,2044,2243,2386,2324,2241,2046,2408,2423,2425,2242
2593: 2641,514
2560: 1933,2539,2709,1951,2541,2516,2559,2486,2504,2708,2501
2414: 2357,2158,2352,2355,2310,2431,2461,2157,2417,2379,2433,2152,2432,2403,2415,2356,2406,2419,2416,2365,2378,2265,2055,2400,2319,2341,2420,2156,2322,2321,2308
2415: 2432,2403,2356,2406,2179,2431,2461,2157,2417,2379,2306,2301,2305,2307,2357,2158,2352,2414,2355,2310,2320,2055,2400,2319,2420,2322,2321
2416: 2419,2365,2378,2265,2461,2157,2417,2379,2433,2152,915,2357,2158,2352,2414,2355,2310,2267,2333,2218,2392,2420,2322,2308,2016,2330
2417: 2461,2157,2379,2524,2222,2466,2402,2434,2487,2429,2480,2456,2485,2431,2433,2152,2432,2403,2415,2356,2357,2158,2352,2414,2355,2310,2419,2416,2378
2418: 2348,2443,2168,1997,2233,2366,2211,2207,2426
2419: 2416,2365,2378,2265,2461,2157,2417,2379,2433,2152,2357,2158,2352,2414,2355,2310,2267,2218,2319,2341,2420,2156,2322,2321,2309,2308,2016,2154,2238,2330
2420: 2319,2341,2156,2322,2321,2314,2415,2356,2357,2158,2352,2414,2355,2310,2419,2416,2365,2378,2265,2055,2400,2313,2178,2315,2309,2308,2016,2154,2238,2226,2155,2353,2235,2225,2251
2422: 2474,2195,2435,2332,2340,2391,2437,2405,2335,2271,2066,2395,2529,2428
2423: 2425,2242,2411,2439,2292,2424,2452,2497,2388,2386,2324,2241,2046,2408,2344,2381,2404,2382
2424: 2438,2291,2411,2439,2292,2452,2497,2388,2386,2324,2241,2046,2408,2423,2425,2242
2425: 2423,2242,2411,2439,2292,2424,2452,2497,2388,2386,2324,2241,2046,2408,2344,2381,2404,2382
2426: 2211,2207,2418,1997,2233,2366,2103,2167,2213,2031,1976
2427: 2377,2476,2475,2523,2512,2487,2429,2480,2477,2456,2485,853,1677,2465,2364,2157,2379,2433,2152,915
2428: 2529,2332,2340,2391,2437,2405,2422,2474,2335,2066,2395
2429: 2487,2480,2477,2456,2485,2524,2222,2466,2402,2377,2476,2475,2523,2512,2427,2431,2461,2157,2417,2379,2433,2152
2430: 2547,2471,2522,2555,2483,2484,2548,2303,2482,2460,2458,1989,2459,2179
2431: 2484,2548,2524,2222,2466,2402,2530,2434,2487,2429,2480,2456,2485,2179,2461,2157,2417,2379,2306,2301,2305,2307,2432,2403,2415,2356,2406,2158,2352,2414
2432: 2403,2415,2356,2406,2179,2431,2461,2157,2417,2379,2306,2301,2305,2307,2357,2158,2352,2414,2355,2320,2055,2400,2319,2321
2433: 2152,2487,2429,2480,2477,2456,2485,2377,2476,2475,2523,2512,2427,2364,2461,2157,2417,2379,2357,2352,2414,2310,2419,2416,2365,2378,2265
2434: 2524,2222,2466,2402,2530,2484,2548,2487,2456,2485,2179,2431,2461,2417
2435: 2195,2544,2451,2382,2332,2340,2437,2422
2436: 2343
2438: 2291,2373,2505,2363,2411,2439,2292,2424,2452,2497,2388
2471: 2547,2522,2430,2555,2483,2484,2556,2303,2482,2460,2458,1989,2459
2441: 2507,2544,2451
2443: 2348,2168,2445,2479,2399,2383,2105,2385,2367,2166,588,2418,1997,2233,2384
2444: 2491
2445: 2481,2556,2303,2459,2479,2399,2348,2443,2168,2383,2105,2385,2367,2166,588
2446: 2447,2209,2448,900,2481
2447: 2446,2209,2448,2481
2448: 2446,2447,2209,2481
2449: 2595,918,2495,2592,2590,2596,2627,2655
2450: 2561,578
2451: 2441,2507,2544,2195,2435
2452: 2497,2388,2438,2291,2424,2423,2425,2242
2454: 2217,2362,2361,2488,2464,2268,2462,1700,1671,2410,2334,2373,2505,2363,2394,2262,2263,2409,2266,2040,2293,2325,2439,2292
2455: 2174,2274,2146
2456: 2487,2429,2480,2477,2485,2524,2222,2466,2402,2530,2434,2377,2476,2475,2523,2512,2427,2431,2461,2157,2417,2379,2433,2152
2652: 2604,501
2458: 2460,1989,2459,2555,2547,2471,2522,2430,2303,2482,2179,2479,2399,2306,2301,2305,2307
2459: 2460,2458,1989,2547,2471,2522,2430,2556,2303,2482,2179,2445,2479,2399,2306,2301,2305,2307
2460: 2458,1989,2459,2555,2547,2471,2522,2430,2484,2303,2482,2179,2479,2399,2306,2301,2305,2307
2461: 2157,2417,2379,2524,2222,2466,2402,2530,2434,2487,2429,2480,2477,2456,2485,2377,2475,2512,2431,2433,2152,2432,2403,2415,2356,2357,2158,2352,2414,2355,2310,2419,2416
2462: 2268,2463,2488,2464,1700,1671,2410,2334,2217,2362,2361,2454,2373,2505,2363
2463: 2268,2462,2488,2464,2217,2362,2361,2373,2505,2363
2464: 2488,853,1677,2465,2364,2268,2463,2462,915,1701,1700,1671,2410,2334,2217,2362,2454
2465: 853,1677,2364,2377,2476,2523,2512,2427,2488,2464,2152,915,1701,1700,1671,2410,2334
2467: 2514,432,2804,2588
2468: 2566,2772,2742,2785,2821,2569
2542: 2568,2125
2473: 2369
2474: 2422,2332,2340,2391,2437,2405,2335,2271,2066,2395,2529,2428
2475: 2377,2476,2523,2512,2427,2487,2429,2480,2477,2456,2485,853,1677,2364,2461,2157,2379,2433,2152
2476: 2377,2475,2523,2512,2427,2487,2429,2480,2477,2456,2485,853,1677,2465,2364,2433,2152,915
2479: 2399,2303,2482,2460,2458,1989,2459,2179,2445,2306,2301,2305,2307,2443,2168,2383,2105,2385,2367,2166,588,2389,2304,2320
2480: 2487,2429,2477,2456,2485,2524,2222,2466,2402,2377,2476,2475,2523,2512,2427,2431,2461,2157,2417,2379,2433,2152
2481: 2448,2555,2483,2446,2447,2209,2556,2303,2482,2445
2482: 2556,2303,2555,2483,2547,2471,2522,2430,2481,2460,2458,1989,2459,2479,2399
2483: 2555,2547,2471,2522,2430,2481,2556,2303,2482
2484: 2548,2547,2471,2522,2430,2524,2222,2466,2402,2530,2434,2460,2179,2431
2486: 2504,1884,2708,1951,2541,1882,1830,1933,2560,2489,1907,2501
2487: 2429,2480,2477,2456,2485,2524,2222,2466,2402,2530,2434,2377,2476,2475,2523,2512,2427,2431,2461,2157,2417,2379,2433,2152
2489: 1907,1882,1830,2486,2504,1884,2708,1874,2540,927
2710: 2731,2728,2699,527,2678,2730
2491: 2444
2566: 2468,2772,2742,2785,2821,2569
2813: 2738,2782,2814,2810,2794,2753,2800,2790,2743,2788,2812,2789,2792,2811,486,2774,2822
2685: 
2495: 2592,2449,2595,2590,2627
2496: 1915,927,2583,1717,1796
2497: 2452,2388,2438,2291,2424,2423,2425,2242
2498: 2148,2224,2499,822,1487,926,2286
2499: 2148,2224,2498,822,1487,2286
2579: 2602,2021,2594,2563,2623,2255,2189
2501: 2516,2559,1933,2560,2539,2709,2486,2504,1884,2708
2595: 2449,918,2495,2592,2590,2596,2627,2655
2503: 2360
2504: 2486,1884,2708,1951,2541,1882,1830,1933,2560,2539,2709,2489,1907,2501
2505: 2373,2363,2268,2463,2462,2217,2362,2361,2454,2438,2291,2293,2411,2439,2292
2563: 2623,2021,2594,2579,2602
2507: 2441,2544,2451
2738: 2782,2813,2814,2810,2794,2753,2800,2790,2743,2788,2812,2789,2792,2811,486,2822
2509: 995,2571
2704: 2682,2612,2658,2611,2609,2689,2646,2694
2511: 2749,2748,2786,2784,2773,2757,2787,2771,2793,2745,2765
2512: 2377,2476,2475,2523,2427,2487,2429,2480,2477,2456,2485,853,1677,2465,2364,2461,2157,2379,2433,2152,915
2564: 2613,2637,977,2630,2610,2658,2611,2609,2689,2647
2514: 2467,432,2804,2588
2727: 2729,2735,2732
2516: 2559,2528,1951,2541,2648,1933,2560,2539,2501
2613: 2564,2637,977,2630,2610,2658,2609
2614: 2673,2661,2633,2663,2692,2722,2675,2700,2721,2674,2687,2642
2519: 2287
2528: 2600,2598,2562,2599,2610,2647,2648,2516,2559
2529: 2428,2332,2340,2391,2437,2405,2422,2474,2335,2271,2066,2395,2329,2197
2530: 2524,2222,2466,2402,2434,2484,2548,2487,2456,2485,2179,2431,2461
2539: 1933,2560,2709,1951,2541,2516,2559,2504,2708,2501
2534: 2568,472
2661: 2633,2663,2614,2673,2675
2664: 2723,560
2677: 2607,1792,1728
2586: 2123,432
2545: 2285,2396,2584
2571: 995,2509
2547: 2471,2522,2430,2555,2483,2484,2548,2303,2482,2460,2458,1989,2459,2179
2548: 2484,2547,2522,2430,2524,2222,2466,2402,2530,2434,2179,2431
2549: 
2550: 
2551: 2407
2692: 2722,2663,2614,2673,932,2721,2674
2556: 2303,2482,2555,2483,2471,2522,2481,1989,2459,2445
2557: 2796,2783,2818,2764,2744,2767,2807,2591
2561: 578,2450
2562: 2600,2598,2599,2528
2565: 2442,2286
2568: 2534,2542,472
2569: 2821,2468,2566,2785,2786,2784
2572: 2624,1793,1717,1796
2573: 2398
2574: 
2576: 2690,2660,945
2584: 2285,2396,2545
2587: 2469,2804,2802,2815,2588,2746,2803
2592: 2495,2449,2595,2590,2627
2594: 2021,1939,2580,2563,2623,2579,2602
2596: 2627,2449,2595,2590,2655,1454,1323
2597: 2777,2806,2804,2802,2815,2747,2773,2746,2803,2783,2818,2764
2598: 2600,2562,2599,2528
2824: 2778,2801,2809,2808,2797,2761
2607: 2677,1792,1728
2721: 2674,2692,2722,2614,2673,2675,2700,2687,2642
2609: 2689,2630,2564,2613,2610,2658,2611,2647,2704,2646
2610: 2637,977,2564,2613,2528,2609,2689,2647
2747: 2773,2806,2786,2784,2597,2777,2749,2793,2745,2783,2818,2764
2713: 1820,2729
2623: 2563,2021,2594,2579,2602
2624: 2572,1793,1717,1796
2625: 2589
2673: 2614,2661,2633,2663,2692,2722,2675,2700,2721,2674,2687,2642
2627: 2596,2495,2592,2449,2595,2590,2655,1454,1323
2682: 2683,2630,2612,2658,2611,2657,2704
2775: 2760,2781,2759,2785,2776,2741,2805,2756,2779,2757,2771
2630: 2637,977,2564,2613,2682,2612,2658,2611,2609,2689
2655: 2449,2595,2596,2627,1454,1323
2672: 2575
2633: 2661,2663,2614,2673,2675
2771: 2757,2787,2775,2749,2511,2748,2768,2791,2750,2820,2817,2765
2642: 2687,2614,2673,2675,2700,2657,2721,2674,2694
2644: 2647,2648
2690: 2660,2576
2646: 2611,2609,2689,2647,2704
2647: 2564,2610,2528,2609,2689,2648,2646,2644
2648: 2528,2647,2516,2559,2644
2675: 2700,2661,2633,2663,2683,2614,2673,2657,2721,2674,2687,2642,2694
2736: 2684,2716
2737: 2795,2798,2819,2766,2816,2770,2533,2768,2752,2794,2800,2799,494,2792,2811
2743: 2790,2788,2812,2765,2810,2794,2753,2789,2792,2811,2738,2782,2813,2814,486
2744: 2767,2807,2783,2818,2764,2557,2796,2789
2745: 2793,2786,2784,2747,2773,2777,2749,2511,2748,2783,2818,2764
2746: 2803,2806,2804,2802,2815,2588,2597,2777,2587,2469,2783,2818
2748: 2749,2511,2786,2784,2757,2787,2771,2793,2745
2749: 2511,2748,2786,2784,2747,2773,2757,2787,2771,2793,2745
2750: 2768,2791,2820,2817,2805,2756,2779,2757,2787,2771,2770,2533,2752,2795,2766,2794
2798: 2737,2795,2819,2766,2816,2770,2533,2768,2752,2810,2794,2753,2800,2799,494,2792,2811
2752: 2770,2533,2768,2791,2750,2820,2817,2737,2795,2798,2819,2766,2816,2799,494
2793: 2745,2786,2784,2747,2773,2777,2749,2511,2748,2783,2818,2764
2755: 486,2823,2782,2814,2774,2822
2756: 2805,2779,2776,2775,2760,2780,2758,2770,2533,2768,2791,2750,2820,2817
2757: 2787,2771,2775,2784,2749,2511,2748,2768,2791,2750,2820,2817,2765
2758: 2780,2776,2741,2805,2756,2779,2770,2533
2759: 2781,2797,2761,2778,2808,536,2776,2741,2775,2760
2762: 2707,459,948,2699
2819: 2737,2795,2798,2766,2816,2770,2533,2768,2791,2820,2752,2810,2794,2800,2799,494,2792,2811
2765: 2757,2787,2771,2511,2810,2794,2753,2800,2790,2743,2788,2812,2789
2766: 2737,2795,2798,2819,2816,2770,2533,2768,2791,2750,2820,2817,2752,2810,2794,2753,2800,2799,494,2792,2811
2769: 2601
2772: 2742,2468,2566,2806
2776: 2741,536,2781,2759,2775,2760,2780,2758,2805,2756,2779
2777: 2597,2806,2804,2802,2815,2747,2773,2746,2803,2793,2745,2783,2818,2764
2778: 2801,2809,2808,2824,2797,2761,2759
2779: 2805,2756,2776,2741,2775,2760,2780,2758,2770,2533,2768,2791,2750,2820,2817
2780: 2758,2776,2741,2805,2756,2779,2770,2533
2781: 2759,2797,2761,2808,536,2776,2741,2775,2760
2783: 2818,2764,2747,2773,2597,2777,2746,2803,2793,2745,2744,2767,2807,2557,2796
2784: 2786,2785,2821,2569,2747,2773,2757,2787,2749,2511,2748,2793,2745
2785: 2468,2566,2821,2569,2775,2786,2784
2786: 2784,2785,2821,2569,2747,2773,2749,2511,2748,2793,2745
2787: 2757,2771,2784,2749,2511,2748,2750,2820,2765
2788: 2790,2743,2812,2765,2810,2794,2753,2789,2792,2811,2738,2782,2813,2814,486
2789: 2765,2744,2807,2790,2743,2788,2812,2738,2813,2814,486
2792: 2811,2737,2795,2798,2819,2766,2816,2810,2794,2753,2800,2790,2743,2788,2812,494,2738,2782,2813,2814
2794: 2810,2753,2800,2768,2750,2820,2765,2737,2795,2798,2819,2766,2816,2790,2743,2788,2812,494,2792,2811,2738,2813,2814
2797: 2761,2778,2801,2809,2808,2824,2781,2759
2802: 2804,2815,2806,2588,2597,2777,2746,2803,2587,2469
2803: 2746,2806,2804,2802,2815,2588,2597,2777,2587,2469,2783,2818
2804: 2802,2815,2467,2514,2806,2588,2597,2777,2746,2803,2587,2469
2805: 2756,2779,2776,2775,2760,2780,2758,2770,2533,2768,2791,2750,2820,2817
2806: 2772,2742,2804,2802,2815,2747,2773,2597,2777,2746,2803
2807: 2744,2767,2783,2818,2764,2557,2796,2789
2810: 2794,2753,2800,2768,2765,2795,2798,2819,2766,2816,2790,2743,2788,2812,494,2792,2811,2738,2782,2813,2814
2812: 2790,2743,2788,2765,2810,2794,2753,2800,2789,2792,2811,2738,2782,2813,2814,486
2814: 2738,2782,2813,2810,2794,2753,2800,2790,2743,2788,2812,2789,2792,2811,2755,486,2823,2774,2822
2815: 2804,2802,2806,2588,2597,2777,2746,2803,2587,2469
2816: 2737,2795,2798,2819,2766,2770,2533,2768,2752,2810,2794,2753,2800,2799,494,2792,2811
2817: 2768,2791,2750,2820,2805,2756,2779,2757,2771,2770,2533,2752,2795,2766
2821: 2569,2468,2566,2785,2786,2784